7.032338000000000022e+01,5.590256299999999783e+02
7.032338000000000022e+01,5.590256299999999783e+02
7.128190187360594621e+01,5.495615000000000236e+02
1.339342699999999979e+02,5.018807400000000030e+02
7.224042374721189219e+01,5.783115000000000236e+02
7.224185011904762632e+01,5.783115000000000236e+02
7.319894562081783818e+01,5.420627399999999625e+02
1.339342699999999979e+02,5.018807400000000030e+02
7.415746749442379837e+01,5.880032999999999674e+02
7.416032023809523821e+01,5.880032999999999674e+02
7.511598936802974436e+01,5.880032999999999674e+02
1.339342699999999979e+02,5.018807400000000030e+02
7.607451124163569034e+01,5.330351600000000190e+02
7.607879035714285010e+01,5.330351600000000190e+02
7.703303311524163632e+01,5.957978500000000395e+02
1.339342699999999979e+02,5.018807400000000030e+02
7.799155498884758231e+01,5.957978500000000395e+02
7.799726047619047620e+01,5.957978500000000395e+02
7.895007686245352829e+01,6.022214400000000296e+02
1.339342699999999979e+02,5.018807400000000030e+02
7.990859873605947428e+01,6.022214400000000296e+02
7.991573059523810230e+01,6.022214400000000296e+02
8.086712060966542026e+01,6.053355999999999995e+02
1.339342699999999979e+02,5.018807400000000030e+02
8.182564248327138046e+01,5.227608599999999797e+02
8.183420071428571418e+01,5.227608599999999797e+02
8.278416435687732644e+01,6.090407999999999902e+02
1.339342699999999979e+02,5.018807400000000030e+02
8.374268623048327242e+01,6.090407999999999902e+02
8.375267083333332607e+01,6.090407999999999902e+02
8.470120810408921841e+01,6.090407999999999902e+02
1.156815200000000061e+02,5.027691699999999742e+02
8.565972997769516439e+01,5.149280999999999722e+02
8.567114095238095217e+01,5.149280999999999722e+02
8.661825185130112459e+01,5.149280999999999722e+02
1.070742800000000017e+02,5.032435300000000211e+02
8.757677372490707057e+01,6.127412000000000489e+02
8.758961107142857827e+01,6.127412000000000489e+02
8.853529559851301656e+01,6.127412000000000489e+02
1.006159799999999933e+02,5.050878999999999905e+02
8.949381747211896254e+01,6.164631299999999783e+02
8.950808119047619016e+01,6.164631299999999783e+02
9.045233934572490853e+01,5.112313199999999824e+02
9.524487000000000592e+01,5.075329600000000028e+02
9.141086121933085451e+01,5.112313199999999824e+02
9.142655130952380205e+01,5.112313199999999824e+02
9.236938309293680049e+01,5.112313199999999824e+02
9.042439000000000249e+01,5.112313199999999824e+02
9.332790496654274648e+01,6.192141000000000304e+02
9.334502142857142815e+01,6.192141000000000304e+02
9.428642684014869246e+01,6.192141000000000304e+02
8.668617000000000417e+01,5.149280999999999722e+02
9.524494871375465266e+01,5.075329600000000028e+02
9.526349154761905424e+01,5.075329600000000028e+02
9.620347058736059864e+01,5.075329600000000028e+02
8.170100399999999752e+01,5.227608599999999797e+02
9.716199246096654463e+01,6.210760500000000093e+02
9.718196166666666613e+01,6.210760500000000093e+02
9.812051433457249061e+01,6.210760500000000093e+02
7.642736999999999625e+01,5.330351600000000190e+02
9.907903620817843660e+01,6.210760500000000093e+02
9.910043178571427802e+01,6.210760500000000093e+02
1.000375580817843826e+02,5.050878999999999905e+02
7.336979999999999791e+01,5.420627399999999625e+02
1.009960799553903428e+02,5.050878999999999905e+02
1.010189019047619041e+02,5.050878999999999905e+02
1.019546018289962888e+02,6.218286000000000513e+02
7.128860500000000400e+01,5.495615000000000236e+02
1.029131237026022347e+02,6.218286000000000513e+02
1.029373720238095302e+02,6.218286000000000513e+02
1.038716455762081807e+02,6.218286000000000513e+02
7.032338000000000022e+01,5.590256299999999783e+02
1.048301674498141267e+02,6.218286000000000513e+02
1.048558421428571421e+02,6.218286000000000513e+02
1.057886893234200727e+02,6.218286000000000513e+02
7.045492600000000039e+01,5.683129999999999882e+02
1.067472111970260187e+02,6.218286000000000513e+02
1.067743122619047540e+02,6.218286000000000513e+02
1.077057330706319647e+02,5.032435300000000211e+02
7.235868999999999573e+01,5.783115000000000236e+02
1.086642549442379106e+02,5.032435300000000211e+02
1.086927823809523801e+02,5.032435300000000211e+02
1.096227768178438708e+02,5.032435300000000211e+02
7.494178999999999746e+01,5.880032999999999674e+02
1.105812986914498168e+02,6.218286000000000513e+02
1.106112525000000062e+02,6.218286000000000513e+02
1.115398205650557628e+02,6.218286000000000513e+02
7.702034000000000447e+01,5.957978500000000395e+02
1.124983424386617088e+02,6.218286000000000513e+02
1.125297226190476181e+02,6.218286000000000513e+02
1.134568643122676690e+02,6.218286000000000513e+02
7.959606999999999744e+01,6.022214400000000296e+02
1.144153861858736150e+02,5.027691699999999742e+02
1.144481927380952300e+02,5.027691699999999742e+02
1.153739080594795610e+02,5.027691699999999742e+02
8.117006000000000654e+01,6.053355999999999995e+02
1.163324299330855069e+02,5.027691699999999742e+02
1.163666628571428561e+02,5.027691699999999742e+02
1.172909518066914529e+02,5.027691699999999742e+02
8.365625000000000000e+01,6.090407999999999902e+02
1.182494736802973989e+02,6.196495400000000018e+02
1.182851329761904822e+02,6.196495400000000018e+02
1.192079955539033449e+02,6.196495400000000018e+02
8.677880999999999290e+01,6.127412000000000489e+02
1.201665174275092909e+02,6.196495400000000018e+02
1.202036030952380941e+02,6.196495400000000018e+02
1.211250393011152369e+02,6.196495400000000018e+02
8.991947999999999297e+01,6.164631299999999783e+02
1.220835611747211829e+02,6.164349399999999832e+02
1.221220732142857059e+02,6.164349399999999832e+02
1.230420830483271288e+02,6.164349399999999832e+02
9.406222499999999798e+01,6.192141000000000304e+02
1.240006049219330890e+02,6.164349399999999832e+02
1.240405433333333320e+02,6.164349399999999832e+02
1.249591267955390350e+02,6.164349399999999832e+02
9.825171000000000276e+01,6.210760500000000093e+02
1.259176486691449810e+02,6.164349399999999832e+02
1.259590134523809581e+02,6.164349399999999832e+02
1.268761705427509412e+02,6.164349399999999832e+02
1.024185800000000057e+02,6.218286000000000513e+02
1.278346924163568872e+02,6.164349399999999832e+02
1.278774835714285700e+02,6.164349399999999832e+02
1.287932142899628332e+02,6.164349399999999832e+02
1.069015660000000025e+02,6.218286000000000513e+02
1.297517361635687791e+02,6.127052999999999656e+02
1.297959536904761819e+02,6.127052999999999656e+02
1.307102580371747251e+02,6.127052999999999656e+02
1.121913299999999936e+02,6.218286000000000513e+02
1.316687799107806711e+02,6.127052999999999656e+02
1.317144238095237938e+02,6.127052999999999656e+02
1.326273017843866171e+02,6.127052999999999656e+02
1.182969499999999954e+02,6.196495400000000018e+02
1.335858236579925631e+02,5.018807400000000030e+02
1.336328939285714341e+02,5.018807400000000030e+02
1.345443455315985091e+02,5.018807400000000030e+02
1.253104100000000045e+02,6.164349399999999832e+02
1.355028674052044835e+02,5.018807400000000030e+02
1.355513640476190460e+02,5.018807400000000030e+02
1.364613892788104295e+02,5.018807400000000030e+02
1.323369899999999859e+02,6.127052999999999656e+02
1.374199111524163754e+02,6.090122000000000071e+02
1.374698341666666579e+02,6.090122000000000071e+02
1.383784330260223214e+02,6.090122000000000071e+02
1.390697299999999927e+02,6.090122000000000071e+02
1.393369548996282674e+02,6.090122000000000071e+02
1.393883042857142982e+02,6.090122000000000071e+02
1.402954767732342134e+02,6.090122000000000071e+02
1.449060800000000029e+02,6.046178999999999633e+02
1.412539986468401594e+02,6.090122000000000071e+02
1.413067744047618817e+02,6.090122000000000071e+02
1.422125205204461054e+02,6.090122000000000071e+02
1.510478699999999890e+02,5.990659000000000560e+02
1.431710423940520513e+02,6.046178999999999633e+02
1.432252445238095220e+02,6.046178999999999633e+02
1.441295642676579973e+02,6.046178999999999633e+02
1.563057100000000048e+02,5.944143000000000256e+02
1.450880861412639433e+02,6.046178999999999633e+02
1.451437146428571623e+02,6.046178999999999633e+02
1.460466080148698893e+02,6.046178999999999633e+02
1.613613100000000031e+02,5.894551000000000158e+02
1.470051298884758353e+02,6.046178999999999633e+02
1.470621847619047458e+02,6.046178999999999633e+02
1.479636517620817813e+02,6.046178999999999633e+02
1.689786499999999876e+02,5.831997999999999820e+02
1.489221736356877273e+02,5.990659000000000560e+02
1.489806548809523861e+02,5.990659000000000560e+02
1.498806955092936732e+02,5.990659000000000560e+02
1.744319800000000100e+02,5.777472999999999956e+02
1.508392173828996192e+02,5.990659000000000560e+02
1.508991249999999980e+02,5.990659000000000560e+02
1.517977392565055652e+02,5.990659000000000560e+02
1.800710899999999981e+02,5.722658699999999499e+02
1.527562611301115112e+02,5.990659000000000560e+02
1.528175951190476098e+02,5.990659000000000560e+02
1.537147830037174572e+02,5.990659000000000560e+02
1.851581400000000031e+02,5.668403299999999945e+02
1.546733048773234032e+02,5.944143000000000256e+02
1.547360652380952502e+02,5.944143000000000256e+02
1.556318267509293776e+02,5.944143000000000256e+02
1.902611400000000117e+02,5.611725000000000136e+02
1.565903486245353236e+02,5.944143000000000256e+02
1.566545353571428336e+02,5.944143000000000256e+02
1.575488704981412695e+02,5.944143000000000256e+02
1.944026800000000037e+02,5.556509999999999536e+02
1.585073923717472155e+02,5.944143000000000256e+02
1.585730054761904739e+02,5.944143000000000256e+02
1.594659142453531615e+02,5.944143000000000256e+02
1.980650599999999883e+02,5.495903299999999945e+02
1.604244361189591075e+02,5.894551000000000158e+02
1.604914755952381142e+02,5.894551000000000158e+02
1.613829579925650535e+02,5.894551000000000158e+02
2.017350999999999885e+02,5.421779999999999973e+02
1.623414798661710279e+02,5.894551000000000158e+02
1.624099457142856977e+02,5.894551000000000158e+02
1.633000017397769739e+02,5.894551000000000158e+02
2.059022500000000093e+02,5.347704999999999700e+02
1.642585236133829198e+02,5.894551000000000158e+02
1.643284158333333380e+02,5.894551000000000158e+02
1.652170454869888658e+02,5.894551000000000158e+02
2.100450400000000002e+02,5.274063999999999623e+02
1.661755673605948118e+02,5.831997999999999820e+02
1.662468859523809499e+02,5.831997999999999820e+02
1.671340892342007578e+02,5.831997999999999820e+02
2.141767900000000111e+02,5.200619000000000369e+02
1.680926111078067038e+02,5.831997999999999820e+02
1.681653560714285618e+02,5.831997999999999820e+02
1.690511329814126498e+02,5.831997999999999820e+02
2.183752399999999909e+02,5.125987499999999955e+02
1.700096548550185958e+02,5.831997999999999820e+02
1.700838261904762021e+02,5.831997999999999820e+02
1.709681767286245417e+02,5.831997999999999820e+02
2.230354000000000099e+02,5.052035000000000196e+02
1.719266986022304877e+02,5.777472999999999956e+02
1.720022963095237856e+02,5.777472999999999956e+02
1.728852204758364337e+02,5.777472999999999956e+02
2.288358499999999935e+02,4.959091799999999921e+02
1.738437423494423797e+02,5.777472999999999956e+02
1.739207664285714259e+02,5.777472999999999956e+02
1.748022642230483257e+02,5.777472999999999956e+02
2.328435699999999997e+02,4.866839600000000132e+02
1.757607860966542717e+02,5.777472999999999956e+02
1.758392365476190662e+02,5.777472999999999956e+02
1.767193079702602176e+02,5.777472999999999956e+02
2.370036000000000058e+02,4.785967999999999734e+02
1.776778298438661636e+02,5.722658699999999499e+02
1.777577066666666497e+02,5.722658699999999499e+02
1.786363517174721096e+02,5.722658699999999499e+02
2.411787400000000048e+02,4.711750499999999988e+02
1.795948735910780556e+02,5.722658699999999499e+02
1.796761767857142900e+02,5.722658699999999499e+02
1.805533954646840016e+02,5.722658699999999499e+02
2.447706000000000017e+02,4.639017299999999864e+02
1.815119173382899476e+02,5.722658699999999499e+02
1.815946469047619019e+02,5.722658699999999499e+02
1.824704392118958935e+02,5.722658699999999499e+02
2.484631699999999910e+02,4.559757000000000176e+02
1.834289610855018680e+02,5.668403299999999945e+02
1.835131170238095137e+02,5.668403299999999945e+02
1.843874829591078139e+02,5.668403299999999945e+02
2.536350400000000036e+02,4.443774399999999787e+02
1.853460048327137599e+02,5.668403299999999945e+02
1.854315871428571540e+02,5.668403299999999945e+02
1.863045267063197059e+02,5.668403299999999945e+02
2.577939000000000078e+02,4.347986999999999966e+02
1.872630485799256519e+02,5.668403299999999945e+02
1.873500572619047375e+02,5.668403299999999945e+02
1.882215704535315979e+02,5.668403299999999945e+02
2.611777599999999779e+02,4.269311500000000024e+02
1.891800923271375439e+02,5.611725000000000136e+02
1.892685273809523778e+02,5.611725000000000136e+02
1.901386142007435183e+02,5.611725000000000136e+02
2.632504999999999882e+02,4.214045399999999972e+02
1.910971360743494643e+02,5.611725000000000136e+02
1.911869975000000181e+02,5.611725000000000136e+02
1.920556579479554102e+02,5.611725000000000136e+02
2.658134499999999889e+02,4.158343499999999722e+02
1.930141798215613562e+02,5.556509999999999536e+02
1.931054676190476016e+02,5.556509999999999536e+02
1.939727016951673022e+02,5.556509999999999536e+02
2.694074699999999893e+02,4.085571299999999724e+02
1.949312235687732482e+02,5.556509999999999536e+02
1.950239377380952419e+02,5.556509999999999536e+02
1.958897454423791942e+02,5.556509999999999536e+02
2.720452999999999975e+02,4.029796000000000049e+02
1.968482673159851402e+02,5.495903299999999945e+02
1.969424078571428538e+02,5.495903299999999945e+02
1.978067891895910861e+02,5.495903299999999945e+02
2.746637999999999806e+02,3.974365199999999732e+02
1.987653110631970321e+02,5.495903299999999945e+02
1.988608779761904657e+02,5.495903299999999945e+02
1.997238329368029781e+02,5.495903299999999945e+02
2.771886600000000271e+02,3.917924800000000118e+02
2.006823548104089241e+02,5.421779999999999973e+02
2.007793480952381060e+02,5.421779999999999973e+02
2.016408766840148701e+02,5.421779999999999973e+02
2.822909999999999968e+02,3.799225000000000136e+02
2.025993985576208161e+02,5.421779999999999973e+02
2.026978182142856895e+02,5.421779999999999973e+02
2.035579204312267620e+02,5.421779999999999973e+02
2.843068000000000097e+02,3.733267799999999852e+02
2.045164423048327080e+02,5.347704999999999700e+02
2.046162883333333298e+02,5.347704999999999700e+02
2.054749641784386540e+02,5.347704999999999700e+02
2.863926399999999717e+02,3.672511000000000081e+02
2.064334860520446000e+02,5.347704999999999700e+02
2.065347584523809701e+02,5.347704999999999700e+02
2.073920079256505460e+02,5.347704999999999700e+02
2.884734500000000139e+02,3.617028799999999933e+02
2.083505297992564920e+02,5.274063999999999623e+02
2.084532285714285536e+02,5.274063999999999623e+02
2.093090516728624380e+02,5.274063999999999623e+02
2.902083700000000022e+02,3.556330600000000004e+02
2.102675735464683839e+02,5.274063999999999623e+02
2.103716986904761939e+02,5.274063999999999623e+02
2.112260954200743299e+02,5.274063999999999623e+02
2.912606200000000172e+02,3.497106999999999744e+02
2.121846172936802759e+02,5.200619000000000369e+02
2.122901688095237773e+02,5.200619000000000369e+02
2.131431391672862219e+02,5.200619000000000369e+02
2.922946200000000090e+02,3.449286999999999921e+02
2.141016610408922247e+02,5.200619000000000369e+02
2.142086389285714176e+02,5.200619000000000369e+02
2.150601829144981707e+02,5.200619000000000369e+02
2.933368500000000267e+02,3.404157700000000091e+02
2.160187047881041167e+02,5.200619000000000369e+02
2.161271090476190579e+02,5.200619000000000369e+02
2.169772266617100627e+02,5.200619000000000369e+02
2.943669399999999996e+02,3.349225000000000136e+02
2.179357485353160087e+02,5.125987499999999955e+02
2.180455791666666414e+02,5.125987499999999955e+02
2.188942704089219546e+02,5.125987499999999955e+02
2.954227999999999952e+02,3.292921000000000049e+02
2.198527922825279006e+02,5.125987499999999955e+02
2.199640492857142817e+02,5.125987499999999955e+02
2.208113141561338466e+02,5.125987499999999955e+02
2.958815299999999979e+02,3.237579299999999876e+02
2.217698360297397926e+02,5.052035000000000196e+02
2.218825194047619220e+02,5.052035000000000196e+02
2.227283579033457386e+02,5.052035000000000196e+02
2.963813799999999787e+02,3.201918999999999755e+02
2.236868797769516846e+02,5.052035000000000196e+02
2.238009895238095055e+02,5.052035000000000196e+02
2.246454016505576305e+02,5.052035000000000196e+02
2.968812300000000164e+02,3.164052699999999732e+02
2.256039235241635765e+02,5.052035000000000196e+02
2.257194596428571458e+02,5.052035000000000196e+02
2.265624453977695225e+02,5.052035000000000196e+02
2.968812300000000164e+02,3.128296000000000276e+02
2.275209672713754685e+02,4.959091799999999921e+02
2.276379297619047293e+02,4.959091799999999921e+02
2.284794891449814145e+02,4.959091799999999921e+02
2.968812300000000164e+02,3.104289600000000178e+02
2.294380110185873605e+02,4.959091799999999921e+02
2.295563998809523696e+02,4.959091799999999921e+02
2.303965328921933065e+02,4.959091799999999921e+02
2.968812300000000164e+02,3.086036399999999844e+02
2.313550547657992524e+02,4.866839600000000132e+02
2.314748700000000099e+02,4.866839600000000132e+02
2.323135766394051984e+02,4.866839600000000132e+02
2.973810399999999845e+02,3.067389999999999759e+02
2.332720985130111444e+02,4.866839600000000132e+02
2.333933401190475934e+02,4.866839600000000132e+02
2.342306203866170904e+02,4.866839600000000132e+02
2.973810399999999845e+02,3.049133299999999736e+02
2.351891422602230364e+02,4.785967999999999734e+02
2.353118102380952337e+02,4.785967999999999734e+02
2.361476641338289824e+02,4.785967999999999734e+02
2.978808999999999969e+02,3.021821299999999724e+02
2.371061860074349283e+02,4.785967999999999734e+02
2.372302803571428740e+02,4.785967999999999734e+02
2.380647078810408743e+02,4.785967999999999734e+02
2.988107999999999720e+02,2.986614999999999895e+02
2.390232297546468203e+02,4.711750499999999988e+02
2.391487504761904574e+02,4.711750499999999988e+02
2.399817516282527663e+02,4.711750499999999988e+02
2.993569299999999771e+02,2.966780999999999722e+02
2.409402735018587691e+02,4.711750499999999988e+02
2.410672205952380978e+02,4.711750499999999988e+02
2.418987953754647151e+02,4.711750499999999988e+02
3.003972499999999854e+02,2.948288600000000201e+02
2.428573172490706611e+02,4.639017299999999864e+02
2.429856907142856812e+02,4.639017299999999864e+02
2.438158391226766071e+02,4.639017299999999864e+02
3.009458599999999819e+02,2.929651999999999816e+02
2.447743609962825531e+02,4.639017299999999864e+02
2.449041608333333215e+02,4.639017299999999864e+02
2.457328828698884990e+02,4.639017299999999864e+02
3.013797599999999761e+02,2.911203600000000051e+02
2.466914047434944450e+02,4.559757000000000176e+02
2.468226309523809618e+02,4.559757000000000176e+02
2.476499266171003910e+02,4.559757000000000176e+02
3.013797599999999761e+02,2.892416999999999803e+02
2.486084484907063370e+02,4.559757000000000176e+02
2.487411010714285453e+02,4.559757000000000176e+02
2.495669703643122830e+02,4.559757000000000176e+02
3.021238000000000170e+02,2.873173800000000142e+02
2.505254922379182290e+02,4.559757000000000176e+02
2.506595711904761856e+02,4.559757000000000176e+02
2.514840141115241750e+02,4.559757000000000176e+02
3.021023000000000138e+02,2.868629000000000246e+02
2.524425359851301209e+02,4.443774399999999787e+02
2.525780413095238259e+02,4.443774399999999787e+02
2.534010578587360669e+02,4.443774399999999787e+02
3.023794300000000135e+02,2.868629000000000246e+02
2.543595797323420129e+02,4.443774399999999787e+02
2.544965114285714094e+02,4.443774399999999787e+02
2.553181016059479589e+02,4.443774399999999787e+02
3.023794300000000135e+02,2.868629000000000246e+02
2.562766234795539049e+02,4.347986999999999966e+02
2.564149815476190497e+02,4.347986999999999966e+02
2.572351453531598509e+02,4.347986999999999966e+02
3.028792700000000195e+02,2.868629000000000246e+02
2.581936672267657968e+02,4.347986999999999966e+02
2.583334516666666332e+02,4.347986999999999966e+02
2.591521891003717428e+02,4.347986999999999966e+02
3.037568699999999922e+02,2.899828999999999724e+02
2.601107109739776888e+02,4.269311500000000024e+02
2.602519217857142735e+02,4.269311500000000024e+02
2.610692328475836348e+02,4.269311500000000024e+02
3.047561299999999846e+02,2.935355200000000195e+02
2.620277547211895808e+02,4.269311500000000024e+02
2.621703919047619138e+02,4.269311500000000024e+02
2.629862765947955268e+02,4.214045399999999972e+02
3.058338299999999776e+02,2.990649399999999787e+02
2.639447984684014727e+02,4.214045399999999972e+02
2.640888620238094973e+02,4.214045399999999972e+02
2.649033203420074187e+02,4.214045399999999972e+02
3.073804299999999898e+02,3.055400399999999763e+02
2.658618422156133647e+02,4.158343499999999722e+02
2.660073321428571376e+02,4.158343499999999722e+02
2.668203640892193107e+02,4.158343499999999722e+02
3.084214999999999804e+02,3.139092999999999734e+02
2.677788859628252567e+02,4.085571299999999724e+02
2.679258022619047779e+02,4.085571299999999724e+02
2.687374078364312595e+02,4.085571299999999724e+02
3.094649999999999750e+02,3.240724000000000160e+02
2.696959297100372055e+02,4.085571299999999724e+02
2.698442723809523613e+02,4.085571299999999724e+02
2.706544515836431515e+02,4.085571299999999724e+02
3.093771399999999971e+02,3.325223399999999856e+02
2.716129734572490975e+02,4.029796000000000049e+02
2.717627425000000017e+02,4.029796000000000049e+02
2.725714953308550434e+02,4.029796000000000049e+02
3.093771399999999971e+02,3.397577999999999747e+02
2.735300172044609894e+02,3.974365199999999732e+02
2.736812126190475851e+02,3.974365199999999732e+02
2.744885390780669354e+02,3.974365199999999732e+02
3.093771399999999971e+02,3.478507000000000176e+02
2.754470609516728814e+02,3.974365199999999732e+02
2.755996827380952254e+02,3.974365199999999732e+02
2.764055828252788274e+02,3.917924800000000118e+02
3.093771399999999971e+02,3.552312000000000012e+02
2.773641046988847734e+02,3.917924800000000118e+02
2.775181528571428657e+02,3.917924800000000118e+02
2.783226265724907194e+02,3.917924800000000118e+02
3.093771399999999971e+02,3.626195000000000164e+02
2.792811484460966653e+02,3.917924800000000118e+02
2.794366229761904492e+02,3.917924800000000118e+02
2.802396703197026113e+02,3.917924800000000118e+02
3.093771399999999971e+02,3.712263199999999870e+02
2.811981921933085573e+02,3.799225000000000136e+02
2.813550930952380895e+02,3.799225000000000136e+02
2.821567140669145033e+02,3.799225000000000136e+02
3.093771399999999971e+02,3.800666499999999814e+02
2.831152359405204493e+02,3.799225000000000136e+02
2.832735632142857298e+02,3.799225000000000136e+02
2.840737578141263953e+02,3.733267799999999852e+02
3.097803299999999922e+02,3.867484000000000037e+02
2.850322796877323412e+02,3.733267799999999852e+02
2.851920333333333133e+02,3.733267799999999852e+02
2.859908015613382872e+02,3.672511000000000081e+02
3.098769800000000032e+02,3.922541499999999814e+02
2.869493234349442332e+02,3.672511000000000081e+02
2.871105034523809536e+02,3.672511000000000081e+02
2.879078453085501792e+02,3.617028799999999933e+02
3.108604000000000269e+02,3.978392299999999864e+02
2.888663671821561252e+02,3.617028799999999933e+02
2.890289735714285371e+02,3.617028799999999933e+02
2.898248890557620712e+02,3.556330600000000004e+02
3.119053000000000111e+02,4.034113800000000083e+02
2.907834109293680172e+02,3.497106999999999744e+02
2.909474436904761774e+02,3.497106999999999744e+02
2.917419328029739631e+02,3.497106999999999744e+02
3.135158400000000256e+02,4.079481200000000172e+02
2.927004546765799091e+02,3.404157700000000091e+02
2.928659138095238177e+02,3.404157700000000091e+02
2.936589765501858551e+02,3.404157700000000091e+02
3.144855699999999956e+02,4.096718799999999874e+02
2.946174984237918011e+02,3.349225000000000136e+02
2.947843839285714012e+02,3.349225000000000136e+02
2.955760202973978039e+02,3.292921000000000049e+02
3.167144200000000183e+02,4.136338999999999828e+02
2.965345421710037499e+02,3.201918999999999755e+02
2.967028540476190415e+02,3.164052699999999732e+02
2.974930640446096959e+02,3.049133299999999736e+02
3.212707199999999830e+02,4.173817000000000235e+02
2.984515859182156419e+02,2.986614999999999895e+02
2.986213241666666818e+02,2.986614999999999895e+02
2.994101077918215879e+02,2.966780999999999722e+02
3.260001800000000003e+02,4.196510000000000105e+02
3.003686296654275338e+02,2.948288600000000201e+02
3.005397942857142652e+02,2.948288600000000201e+02
3.013271515390334798e+02,2.892416999999999803e+02
3.314692699999999945e+02,4.215004999999999882e+02
3.022856734126394258e+02,2.868629000000000246e+02
3.024582644047619056e+02,2.868629000000000246e+02
3.032441952862453718e+02,2.868629000000000246e+02
3.376880199999999945e+02,4.233430200000000241e+02
3.042027171598513178e+02,2.935355200000000195e+02
3.043767345238094890e+02,2.935355200000000195e+02
3.051612390334572638e+02,2.935355200000000195e+02
3.435778000000000247e+02,4.236923800000000142e+02
3.061197609070632097e+02,2.990649399999999787e+02
3.062952046428571293e+02,2.990649399999999787e+02
3.070782827806691557e+02,3.055400399999999763e+02
3.496816000000000031e+02,4.236923800000000142e+02
3.080368046542751017e+02,3.139092999999999734e+02
3.082136747619047696e+02,3.139092999999999734e+02
3.089953265278810477e+02,3.712263199999999870e+02
3.554652699999999754e+02,4.220563999999999965e+02
3.099538484014869937e+02,3.922541499999999814e+02
3.101321448809523531e+02,3.922541499999999814e+02
3.109123702750929397e+02,3.978392299999999864e+02
3.609246499999999855e+02,4.195079299999999876e+02
3.118708921486988856e+02,4.034113800000000083e+02
3.120506149999999934e+02,4.034113800000000083e+02
3.128294140223048316e+02,4.079481200000000172e+02
3.668248300000000199e+02,4.157158200000000079e+02
3.137879358959107776e+02,4.079481200000000172e+02
3.139690851190476337e+02,4.079481200000000172e+02
3.147464577695167236e+02,4.096718799999999874e+02
3.736222999999999956e+02,4.110169700000000148e+02
3.157049796431226696e+02,4.136338999999999828e+02
3.158875552380952172e+02,4.136338999999999828e+02
3.166635015167286156e+02,4.136338999999999828e+02
3.809663400000000024e+02,4.054559300000000235e+02
3.176220233903345616e+02,4.136338999999999828e+02
3.178060253571428575e+02,4.136338999999999828e+02
3.185805452639405075e+02,4.136338999999999828e+02
3.883568000000000211e+02,3.998256799999999771e+02
3.195390671375464535e+02,4.173817000000000235e+02
3.197244954761904410e+02,4.173817000000000235e+02
3.204975890111523995e+02,4.173817000000000235e+02
3.957366599999999721e+02,3.929627699999999777e+02
3.214561108847583455e+02,4.173817000000000235e+02
3.216429655952380813e+02,4.173817000000000235e+02
3.224146327583642915e+02,4.173817000000000235e+02
4.028000799999999799e+02,3.854190699999999765e+02
3.233731546319702943e+02,4.173817000000000235e+02
3.235614357142857216e+02,4.173817000000000235e+02
3.243316765055762403e+02,4.173817000000000235e+02
4.093356999999999744e+02,3.761707799999999793e+02
3.252901983791821863e+02,4.196510000000000105e+02
3.254799058333333051e+02,4.196510000000000105e+02
3.262487202527881323e+02,4.196510000000000105e+02
4.147881499999999733e+02,3.674389600000000087e+02
3.272072421263940214e+02,4.196510000000000105e+02
3.273983759523809454e+02,4.196510000000000105e+02
3.281657639999999674e+02,4.196510000000000105e+02
4.207986799999999903e+02,3.585980200000000195e+02
3.291242858736059134e+02,4.215004999999999882e+02
3.293168460714285288e+02,4.215004999999999882e+02
3.300828077472119162e+02,4.215004999999999882e+02
4.261498399999999833e+02,3.500379599999999982e+02
3.310413296208178622e+02,4.215004999999999882e+02
3.312353161904761691e+02,4.215004999999999882e+02
3.319998514944238082e+02,4.215004999999999882e+02
4.309470000000000027e+02,3.426441699999999742e+02
3.329583733680297541e+02,4.215004999999999882e+02
3.331537863095238095e+02,4.215004999999999882e+02
3.339168952416357001e+02,4.215004999999999882e+02
4.354497400000000198e+02,3.330003699999999753e+02
3.348754171152416461e+02,4.233430200000000241e+02
3.350722564285713929e+02,4.233430200000000241e+02
3.358339389888475921e+02,4.233430200000000241e+02
4.407669000000000210e+02,3.225229499999999803e+02
3.367924608624535381e+02,4.233430200000000241e+02
3.369907265476190332e+02,4.233430200000000241e+02
3.377509827360594841e+02,4.233430200000000241e+02
4.449286000000000172e+02,3.142366999999999848e+02
3.387095046096654301e+02,4.233430200000000241e+02
3.389091966666666735e+02,4.233430200000000241e+02
3.396680264832713760e+02,4.233430200000000241e+02
4.496589999999999918e+02,3.048231200000000172e+02
3.406265483568773220e+02,4.236923800000000142e+02
3.408276667857142570e+02,4.236923800000000142e+02
3.415850702304832680e+02,4.236923800000000142e+02
4.527743500000000267e+02,2.983160399999999868e+02
3.425435921040892140e+02,4.236923800000000142e+02
3.427461369047618973e+02,4.236923800000000142e+02
3.435021139776951600e+02,4.236923800000000142e+02
4.540033599999999865e+02,2.942436500000000024e+02
3.444606358513011060e+02,4.236923800000000142e+02
3.446646070238094808e+02,4.236923800000000142e+02
3.454191577249070519e+02,4.236923800000000142e+02
4.548297699999999963e+02,2.909691199999999753e+02
3.463776795985129979e+02,4.236923800000000142e+02
3.465830771428571211e+02,4.236923800000000142e+02
3.473362014721189439e+02,4.236923800000000142e+02
4.555572000000000230e+02,2.878309300000000235e+02
3.482947233457248899e+02,4.236923800000000142e+02
3.485015472619047614e+02,4.236923800000000142e+02
3.492532452193308359e+02,4.236923800000000142e+02
4.558294700000000148e+02,2.855056000000000154e+02
3.502117670929367819e+02,4.236923800000000142e+02
3.504200173809523449e+02,4.236923800000000142e+02
3.511702889665427278e+02,4.236923800000000142e+02
4.563292799999999829e+02,2.836587999999999852e+02
3.521288108401486738e+02,4.236923800000000142e+02
3.523384874999999852e+02,4.236923800000000142e+02
3.530873327137546198e+02,4.236923800000000142e+02
4.566727300000000014e+02,2.818099399999999832e+02
3.540458545873605658e+02,4.220563999999999965e+02
3.542569576190475686e+02,4.220563999999999965e+02
3.550043764609665118e+02,4.220563999999999965e+02
4.568291600000000017e+02,2.799728999999999814e+02
3.559628983345724578e+02,4.220563999999999965e+02
3.561754277380952090e+02,4.220563999999999965e+02
3.569214202081784606e+02,4.220563999999999965e+02
4.568291600000000017e+02,2.797548800000000142e+02
3.578799420817844066e+02,4.220563999999999965e+02
3.580938978571428493e+02,4.220563999999999965e+02
3.588384639553903526e+02,4.220563999999999965e+02
4.568291600000000017e+02,2.797548800000000142e+02
3.597969858289962986e+02,4.195079299999999876e+02
3.600123679761904327e+02,4.195079299999999876e+02
3.607555077026022445e+02,4.195079299999999876e+02
4.568291600000000017e+02,2.797548800000000142e+02
3.617140295762081905e+02,4.195079299999999876e+02
3.619308380952380730e+02,4.195079299999999876e+02
3.626725514498141365e+02,4.195079299999999876e+02
4.568291600000000017e+02,2.797548800000000142e+02
3.636310733234200825e+02,4.195079299999999876e+02
3.638493082142857133e+02,4.195079299999999876e+02
3.645895951970260285e+02,4.195079299999999876e+02
4.568291600000000017e+02,2.816828600000000051e+02
3.655481170706319745e+02,4.157158200000000079e+02
3.657677783333332968e+02,4.157158200000000079e+02
3.665066389442379204e+02,4.157158200000000079e+02
4.568291600000000017e+02,2.835565199999999777e+02
3.674651608178438664e+02,4.157158200000000079e+02
3.676862484523809371e+02,4.157158200000000079e+02
3.684236826914498124e+02,4.157158200000000079e+02
4.568291600000000017e+02,2.875649399999999787e+02
3.693822045650557584e+02,4.157158200000000079e+02
3.696047185714285774e+02,4.157158200000000079e+02
3.703407264386617044e+02,4.157158200000000079e+02
4.566204799999999864e+02,2.911587000000000103e+02
3.712992483122676504e+02,4.110169700000000148e+02
3.715231886904761609e+02,4.110169700000000148e+02
3.722577701858735963e+02,4.110169700000000148e+02
4.555780599999999936e+02,2.957531700000000114e+02
3.732162920594795423e+02,4.110169700000000148e+02
3.734416588095238012e+02,4.110169700000000148e+02
3.741748139330854883e+02,4.110169700000000148e+02
4.542555500000000279e+02,3.008331299999999828e+02
3.751333358066914343e+02,4.110169700000000148e+02
3.753601289285713847e+02,4.110169700000000148e+02
3.760918576802973803e+02,4.110169700000000148e+02
4.523484000000000265e+02,3.069600800000000049e+02
3.770503795539033263e+02,4.110169700000000148e+02
3.772785990476190250e+02,4.110169700000000148e+02
3.780089014275092723e+02,4.110169700000000148e+02
4.495980799999999817e+02,3.143476600000000190e+02
3.789674233011152182e+02,4.054559300000000235e+02
3.791970691666666653e+02,4.054559300000000235e+02
3.799259451747211642e+02,4.054559300000000235e+02
4.475353400000000192e+02,3.225694599999999923e+02
3.808844670483271102e+02,4.054559300000000235e+02
3.811155392857142488e+02,4.054559300000000235e+02
3.818429889219330562e+02,4.054559300000000235e+02
4.445006700000000137e+02,3.300025600000000168e+02
3.828015107955390022e+02,4.054559300000000235e+02
3.830340094047618891e+02,4.054559300000000235e+02
3.837600326691449482e+02,4.054559300000000235e+02
4.413602999999999952e+02,3.374458000000000197e+02
3.847185545427509510e+02,3.998256799999999771e+02
3.849524795238094725e+02,3.998256799999999771e+02
3.856770764163568970e+02,3.998256799999999771e+02
4.377090499999999906e+02,3.448401000000000067e+02
3.866355982899628430e+02,3.998256799999999771e+02
3.868709496428571128e+02,3.998256799999999771e+02
3.875941201635687889e+02,3.998256799999999771e+02
4.340720000000000027e+02,3.540882599999999911e+02
3.885526420371747349e+02,3.998256799999999771e+02
3.887894197619047532e+02,3.998256799999999771e+02
3.895111639107806809e+02,3.998256799999999771e+02
4.309897000000000276e+02,3.625274699999999939e+02
3.904696857843866269e+02,3.998256799999999771e+02
3.907078898809523366e+02,3.998256799999999771e+02
3.914282076579925729e+02,3.998256799999999771e+02
4.277844499999999925e+02,3.741285399999999868e+02
3.923867295315985189e+02,5.725737000000000307e+02
3.926263599999999769e+02,5.725737000000000307e+02
3.933452514052044648e+02,5.725737000000000307e+02
4.254514199999999846e+02,3.836561300000000188e+02
3.943037732788104108e+02,5.957330299999999852e+02
3.945448301190476172e+02,5.957330299999999852e+02
3.952622951524163568e+02,6.004851999999999634e+02
4.231490000000000009e+02,3.932740499999999884e+02
3.962208170260223028e+02,6.041242700000000241e+02
3.964633002380952007e+02,6.041242700000000241e+02
3.971793388996282488e+02,6.068378999999999905e+02
4.202931500000000256e+02,4.044006299999999783e+02
3.981378607732341948e+02,5.213478000000000065e+02
3.983817703571428410e+02,5.213478000000000065e+02
3.990963826468401408e+02,6.096882299999999759e+02
4.174225999999999885e+02,4.173869599999999878e+02
4.000549045204460867e+02,6.115009999999999764e+02
4.003002404761904813e+02,6.115009999999999764e+02
4.010134263940520327e+02,6.115009999999999764e+02
4.144696700000000078e+02,4.313846399999999903e+02
4.019719482676579787e+02,4.959966999999999757e+02
4.022187105952380648e+02,6.142449000000000296e+02
4.029304701412639247e+02,3.854190699999999765e+02
4.115884399999999914e+02,4.437126499999999965e+02
4.038889920148698707e+02,6.160849600000000237e+02
4.041371807142857051e+02,4.842641600000000039e+02
4.048475138884758167e+02,4.842641600000000039e+02
4.090463599999999929e+02,4.554919399999999996e+02
4.058060357620817626e+02,6.179391000000000531e+02
4.060556508333332886e+02,6.179391000000000531e+02
4.067645576356877086e+02,4.685810500000000047e+02
4.064053599999999733e+02,4.685810500000000047e+02
4.077230795092936546e+02,6.197791999999999462e+02
4.079741209523809289e+02,6.197791999999999462e+02
4.086816013828996006e+02,4.554919399999999996e+02
4.043270299999999793e+02,4.842641600000000039e+02
4.096401232565055466e+02,6.216090000000000373e+02
4.098925910714285692e+02,6.216090000000000373e+02
4.105986451301114926e+02,6.216090000000000373e+02
4.017526199999999790e+02,4.959966999999999757e+02
4.115571670037174954e+02,4.437126499999999965e+02
4.118110611904761527e+02,4.437126499999999965e+02
4.125156888773234414e+02,6.234429000000000087e+02
3.997175599999999918e+02,5.090253999999999905e+02
4.134742107509293874e+02,6.234429000000000087e+02
4.137295313095237930e+02,6.234429000000000087e+02
4.144327326245353333e+02,4.313846399999999903e+02
3.980754000000000019e+02,5.213478000000000065e+02
4.153912544981412793e+02,3.674389600000000087e+02
4.156480014285713764e+02,3.674389600000000087e+02
4.163497763717472253e+02,6.236055999999999813e+02
3.966493500000000267e+02,5.367009000000000469e+02
4.173082982453531713e+02,4.173869599999999878e+02
4.175664715476190167e+02,4.173869599999999878e+02
4.182668201189591173e+02,4.173869599999999878e+02
3.956342200000000275e+02,5.464377399999999625e+02
4.192253419925650633e+02,4.044006299999999783e+02
4.194849416666666571e+02,4.044006299999999783e+02
4.201838638661710092e+02,4.044006299999999783e+02
3.948493300000000090e+02,5.561114499999999907e+02
4.211423857397769552e+02,3.585980200000000195e+02
4.214034117857142405e+02,3.585980200000000195e+02
4.221009076133829012e+02,3.585980200000000195e+02
3.940556300000000078e+02,5.643882999999999583e+02
4.230594294869888472e+02,3.932740499999999884e+02
4.233218819047618808e+02,3.932740499999999884e+02
4.240179513605947932e+02,3.932740499999999884e+02
3.933498200000000224e+02,5.725737000000000307e+02
4.249764732342007392e+02,6.236055999999999813e+02
4.252403520238095211e+02,3.836561300000000188e+02
4.259349951078066852e+02,3.500379599999999982e+02
3.933498200000000224e+02,5.808678999999999633e+02
4.268935169814126311e+02,3.741285399999999868e+02
4.271588221428571046e+02,3.741285399999999868e+02
4.278520388550185771e+02,3.741285399999999868e+02
3.938496400000000222e+02,5.891263400000000274e+02
4.288105607286245231e+02,3.741285399999999868e+02
4.290772922619047449e+02,3.741285399999999868e+02
4.297690826022304691e+02,3.741285399999999868e+02
3.947876600000000167e+02,5.957330299999999852e+02
4.307276044758364151e+02,6.216468499999999722e+02
4.309957623809523852e+02,3.625274699999999939e+02
4.316861263494423611e+02,3.625274699999999939e+02
3.953437500000000000e+02,6.004851999999999634e+02
4.326446482230483070e+02,3.540882599999999911e+02
4.329142324999999687e+02,3.540882599999999911e+02
4.336031700966542530e+02,3.540882599999999911e+02
3.963673400000000129e+02,6.041242700000000241e+02
4.345616919702601990e+02,3.330003699999999753e+02
4.348327026190476090e+02,3.330003699999999753e+02
4.355202138438661450e+02,3.330003699999999753e+02
3.974125399999999786e+02,6.068378999999999905e+02
4.364787357174720910e+02,6.186046000000000049e+02
4.367511727380951925e+02,6.186046000000000049e+02
4.374372575910780370e+02,6.186046000000000049e+02
3.978990499999999884e+02,6.077026399999999740e+02
4.383957794646840398e+02,3.448401000000000067e+02
4.386696428571428328e+02,3.448401000000000067e+02
4.393543013382899858e+02,3.448401000000000067e+02
3.990160999999999945e+02,6.096882299999999759e+02
4.403128232118959318e+02,3.225229499999999803e+02
4.405881129761904731e+02,3.225229499999999803e+02
4.412713450855018777e+02,3.374458000000000197e+02
4.002239400000000273e+02,6.115009999999999764e+02
4.422298669591078237e+02,3.374458000000000197e+02
4.425065830952380566e+02,3.374458000000000197e+02
4.431883888327137697e+02,3.374458000000000197e+02
4.023114299999999730e+02,6.142449000000000296e+02
4.441469107063197157e+02,3.300025600000000168e+02
4.444250532142856969e+02,3.300025600000000168e+02
4.451054325799256617e+02,3.142366999999999848e+02
4.038820200000000114e+02,6.160849600000000237e+02
4.460639544535316077e+02,3.225694599999999923e+02
4.463435233333332803e+02,3.225694599999999923e+02
4.470224763271375537e+02,3.225694599999999923e+02
4.059680000000000177e+02,6.179391000000000531e+02
4.479809982007434996e+02,3.225694599999999923e+02
4.482619934523809206e+02,3.225694599999999923e+02
4.489395200743494456e+02,3.143476600000000190e+02
4.080383600000000115e+02,6.197791999999999462e+02
4.498980419479553916e+02,3.048231200000000172e+02
4.501804635714285610e+02,3.048231200000000172e+02
4.508565638215613376e+02,3.048231200000000172e+02
4.100971000000000117e+02,6.216090000000000373e+02
4.518150856951672836e+02,6.113017599999999447e+02
4.520989336904761444e+02,3.069600800000000049e+02
4.527736075687732296e+02,2.983160399999999868e+02
4.130687300000000164e+02,6.234429000000000087e+02
4.537321294423791755e+02,2.942436500000000024e+02
4.540174038095237847e+02,2.942436500000000024e+02
4.546906513159851215e+02,2.909691199999999753e+02
4.167328999999999724e+02,6.236055999999999813e+02
4.556491731895910675e+02,2.957531700000000114e+02
4.559358739285714250e+02,2.855056000000000154e+02
4.566076950631970135e+02,2.911587000000000103e+02
4.203917500000000018e+02,6.236055999999999813e+02
4.575662169368029595e+02,6.067123000000000275e+02
4.578543440476190085e+02,6.067123000000000275e+02
4.585247388104089055e+02,6.067123000000000275e+02
4.250152299999999741e+02,6.236055999999999813e+02
4.594832606840148514e+02,6.067123000000000275e+02
4.597728141666666488e+02,6.067123000000000275e+02
4.604417825576207974e+02,6.067123000000000275e+02
4.308491200000000276e+02,6.216468499999999722e+02
4.614003044312267434e+02,6.016250999999999749e+02
4.616912842857142891e+02,6.016250999999999749e+02
4.623588263048326894e+02,6.016250999999999749e+02
4.372782000000000266e+02,6.186046000000000049e+02
4.633173481784386354e+02,6.016250999999999749e+02
4.636097544047618726e+02,6.016250999999999749e+02
4.642758700520445814e+02,6.016250999999999749e+02
4.448599199999999882e+02,6.148338599999999587e+02
4.652343919256505274e+02,6.016250999999999749e+02
4.655282245238095129e+02,6.016250999999999749e+02
4.661929137992565302e+02,6.016250999999999749e+02
4.516025399999999763e+02,6.113017599999999447e+02
4.671514356728624762e+02,5.954499499999999443e+02
4.674466946428570964e+02,5.954499499999999443e+02
4.681099575464684222e+02,5.954499499999999443e+02
4.583485699999999952e+02,6.067123000000000275e+02
4.690684794200743681e+02,5.954499499999999443e+02
4.693651647619047367e+02,5.954499499999999443e+02
4.700270012936803141e+02,5.954499499999999443e+02
4.642756299999999783e+02,6.016250999999999749e+02
4.709855231672862601e+02,5.954499499999999443e+02
4.712836348809523770e+02,5.954499499999999443e+02
4.719440450408922061e+02,5.954499499999999443e+02
4.695056000000000154e+02,5.954499499999999443e+02
4.729025669144981521e+02,5.885625000000000000e+02
4.732021049999999605e+02,5.885625000000000000e+02
4.738610887881040981e+02,5.885625000000000000e+02
4.746538699999999835e+02,5.885625000000000000e+02
4.748196106617100440e+02,5.885625000000000000e+02
4.751205751190476008e+02,5.885625000000000000e+02
4.757781325353159900e+02,5.885625000000000000e+02
4.800925300000000107e+02,5.811054699999999684e+02
4.767366544089219360e+02,5.885625000000000000e+02
4.770390452380951842e+02,5.885625000000000000e+02
4.776951762825278820e+02,5.885625000000000000e+02
4.869729600000000005e+02,5.733125999999999749e+02
4.786536981561338280e+02,5.811054699999999684e+02
4.789575153571428245e+02,5.811054699999999684e+02
4.796122200297397740e+02,5.811054699999999684e+02
4.943145799999999781e+02,5.649671600000000353e+02
4.805707419033457199e+02,5.811054699999999684e+02
4.808759854761904649e+02,5.811054699999999684e+02
4.815292637769516659e+02,5.811054699999999684e+02
5.020955799999999840e+02,5.566556399999999485e+02
4.824877856505576119e+02,5.811054699999999684e+02
4.827944555952380483e+02,5.811054699999999684e+02
4.834463075241635579e+02,5.811054699999999684e+02
5.099011800000000108e+02,5.454083000000000538e+02
4.844048293977695039e+02,5.733125999999999749e+02
4.847129257142856886e+02,5.733125999999999749e+02
4.853633512713754499e+02,5.733125999999999749e+02
5.172033999999999878e+02,5.342821000000000140e+02
4.863218731449813959e+02,5.733125999999999749e+02
4.866313958333333289e+02,5.733125999999999749e+02
4.872803950185873418e+02,5.733125999999999749e+02
5.239980000000000473e+02,5.252474399999999832e+02
4.882389168921932878e+02,5.733125999999999749e+02
4.885498659523809124e+02,5.733125999999999749e+02
4.891974387657992338e+02,5.733125999999999749e+02
5.307113000000000511e+02,5.160888700000000426e+02
4.901559606394051798e+02,5.733125999999999749e+02
4.904683360714285527e+02,5.733125999999999749e+02
4.911144825130111258e+02,5.733125999999999749e+02
5.381023000000000138e+02,5.075453999999999724e+02
4.920730043866170718e+02,5.649671600000000353e+02
4.923868061904761930e+02,5.649671600000000353e+02
4.930315262602230746e+02,5.649671600000000353e+02
5.458096000000000458e+02,4.963150600000000168e+02
4.939900481338290206e+02,5.649671600000000353e+02
4.943052763095237765e+02,5.649671600000000353e+02
4.949485700074349666e+02,5.649671600000000353e+02
5.545307000000000244e+02,4.851841999999999757e+02
4.959070918810409125e+02,5.649671600000000353e+02
4.962237464285714168e+02,5.649671600000000353e+02
4.968656137546468585e+02,5.649671600000000353e+02
5.627912000000000035e+02,4.765613999999999919e+02
4.978241356282528045e+02,5.649671600000000353e+02
4.981422165476190003e+02,5.649671600000000353e+02
4.987826575018587505e+02,5.649671600000000353e+02
5.707138999999999669e+02,4.692124000000000024e+02
4.997411793754646965e+02,5.566556399999999485e+02
5.000606866666666406e+02,5.566556399999999485e+02
5.006997012490706425e+02,5.566556399999999485e+02
5.777159000000000333e+02,4.624079600000000028e+02
5.016582231226765884e+02,5.566556399999999485e+02
5.019791567857142809e+02,5.566556399999999485e+02
5.026167449962825344e+02,5.566556399999999485e+02
5.836944600000000491e+02,4.575219700000000103e+02
5.035752668698884804e+02,5.566556399999999485e+02
5.038976269047618644e+02,5.566556399999999485e+02
5.045337887434944264e+02,5.566556399999999485e+02
5.894076000000000022e+02,4.538150600000000168e+02
5.054923106171003724e+02,5.566556399999999485e+02
5.058160970238095047e+02,5.566556399999999485e+02
5.064508324907063184e+02,5.566556399999999485e+02
5.939678999999999860e+02,4.520430999999999813e+02
5.074093543643122644e+02,5.454083000000000538e+02
5.077345671428570881e+02,5.454083000000000538e+02
5.083678762379182103e+02,5.454083000000000538e+02
5.981924999999999955e+02,4.501656500000000278e+02
5.093263981115241563e+02,5.454083000000000538e+02
5.096530372619047284e+02,5.454083000000000538e+02
5.102849199851301023e+02,5.454083000000000538e+02
6.015310699999999997e+02,4.503475300000000061e+02
5.112434418587360483e+02,5.454083000000000538e+02
5.115715073809523687e+02,5.454083000000000538e+02
5.122019637323420511e+02,5.454083000000000538e+02
6.034931000000000267e+02,4.503475300000000061e+02
5.131604856059479971e+02,5.454083000000000538e+02
5.134899775000000091e+02,5.454083000000000538e+02
5.141190074795539431e+02,5.454083000000000538e+02
6.056986699999999928e+02,4.499760699999999929e+02
5.150775293531598891e+02,5.342821000000000140e+02
5.154084476190475925e+02,5.342821000000000140e+02
5.160360512267658351e+02,5.342821000000000140e+02
6.075366999999999962e+02,4.494589799999999968e+02
5.169945731003717810e+02,5.342821000000000140e+02
5.173269177380952897e+02,5.342821000000000140e+02
5.179530949739777270e+02,5.342821000000000140e+02
6.082798500000000104e+02,4.494589799999999968e+02
5.189116168475836730e+02,5.342821000000000140e+02
5.192453878571428731e+02,5.342821000000000140e+02
5.198701387211896190e+02,5.342821000000000140e+02
6.087796600000000353e+02,4.494589799999999968e+02
5.208286605947955650e+02,5.252474399999999832e+02
5.211638579761904566e+02,5.252474399999999832e+02
5.217871824684015110e+02,5.252474399999999832e+02
6.087796600000000353e+02,4.494589799999999968e+02
5.227457043420074569e+02,5.252474399999999832e+02
5.230823280952381538e+02,5.252474399999999832e+02
5.237042262156134029e+02,5.252474399999999832e+02
6.087796600000000353e+02,4.494589799999999968e+02
5.246627480892193489e+02,5.737076399999999694e+02
5.250007982142857372e+02,5.737076399999999694e+02
5.256212699628252949e+02,5.810194000000000187e+02
6.087796600000000353e+02,4.494589799999999968e+02
5.265797918364312409e+02,5.884516599999999471e+02
5.269192683333333207e+02,5.884516599999999471e+02
5.275383137100371869e+02,5.950824000000000069e+02
6.087796600000000353e+02,4.494589799999999968e+02
5.284968355836431328e+02,5.524157999999999902e+02
5.288377384523809042e+02,5.524157999999999902e+02
5.294553574572490788e+02,5.524157999999999902e+02
6.087796600000000353e+02,4.494589799999999968e+02
5.304138793308550248e+02,5.160888700000000426e+02
5.307562085714286013e+02,5.160888700000000426e+02
5.313724012044609708e+02,5.450833999999999833e+02
6.087796600000000353e+02,4.494589799999999968e+02
5.323309230780669168e+02,6.051398000000000366e+02
5.326746786904761848e+02,6.051398000000000366e+02
5.332894449516728628e+02,6.051398000000000366e+02
6.087796600000000353e+02,4.494589799999999968e+02
5.342479668252788088e+02,6.070132999999999583e+02
5.345931488095237683e+02,6.070132999999999583e+02
5.352064886988847547e+02,5.364882999999999811e+02
6.087796600000000353e+02,4.494589799999999968e+02
5.361650105724907007e+02,6.088319000000000187e+02
5.365116189285714654e+02,6.088319000000000187e+02
5.371235324460966467e+02,6.088319000000000187e+02
6.092795399999999972e+02,4.494589799999999968e+02
5.380820543197025927e+02,5.075453999999999724e+02
5.384300890476190489e+02,5.075453999999999724e+02
5.390405761933085387e+02,5.254210000000000491e+02
6.100129399999999578e+02,4.494589799999999968e+02
5.399990980669144847e+02,6.106812999999999647e+02
5.403485591666666323e+02,6.106812999999999647e+02
5.409576199405204306e+02,6.106812999999999647e+02
6.110589599999999564e+02,4.494589799999999968e+02
5.419161418141263766e+02,6.106812999999999647e+02
5.422670292857143295e+02,6.106812999999999647e+02
5.428746636877323226e+02,6.106812999999999647e+02
6.116927500000000464e+02,4.494589799999999968e+02
5.438331855613382686e+02,6.125291999999999462e+02
5.441854994047619130e+02,6.125291999999999462e+02
5.447917074349442146e+02,6.125291999999999462e+02
6.126248000000000502e+02,4.494589799999999968e+02
5.457502293085501606e+02,4.963150600000000168e+02
5.461039695238094964e+02,4.963150600000000168e+02
5.467087511821561066e+02,5.122732999999999493e+02
6.127784000000000333e+02,4.494589799999999968e+02
5.476672730557621662e+02,5.122732999999999493e+02
5.480224396428571936e+02,5.122732999999999493e+02
5.486257949293681122e+02,5.122732999999999493e+02
6.127784000000000333e+02,4.494589799999999968e+02
5.495843168029740582e+02,6.129435999999999467e+02
5.499409097619047770e+02,6.129435999999999467e+02
5.505428386765800042e+02,6.129435999999999467e+02
6.122879599999999982e+02,4.494589799999999968e+02
5.515013605501859502e+02,5.049033200000000079e+02
5.518593798809523605e+02,5.049033200000000079e+02
5.524598824237918961e+02,5.049033200000000079e+02
6.112541499999999814e+02,4.494589799999999968e+02
5.534184042973978421e+02,6.129435999999999467e+02
5.537778500000000577e+02,6.129435999999999467e+02
5.543769261710037881e+02,6.129435999999999467e+02
6.102155999999999949e+02,4.494589799999999968e+02
5.553354480446097341e+02,4.851841999999999757e+02
5.556963201190476411e+02,4.851841999999999757e+02
5.562939699182156801e+02,4.851841999999999757e+02
6.080488000000000284e+02,4.494589799999999968e+02
5.572524917918216261e+02,4.974739999999999895e+02
5.576147902380952246e+02,4.974739999999999895e+02
5.582110136654275721e+02,4.974739999999999895e+02
6.048595000000000255e+02,4.514855999999999767e+02
5.591695355390335180e+02,6.129435999999999467e+02
5.595332603571428081e+02,6.129435999999999467e+02
5.601280574126394640e+02,6.129435999999999467e+02
6.003622000000000298e+02,4.533401000000000067e+02
5.610865792862454100e+02,4.765613999999999919e+02
5.614517304761905052e+02,4.765613999999999919e+02
5.620451011598513560e+02,4.765613999999999919e+02
5.968782300000000305e+02,4.555943599999999947e+02
5.630036230334573020e+02,4.765613999999999919e+02
5.633702005952380887e+02,4.765613999999999919e+02
5.639621449070632480e+02,4.899813199999999824e+02
5.927776000000000067e+02,4.592389999999999759e+02
5.649206667806691939e+02,6.129435999999999467e+02
5.652886707142856721e+02,6.129435999999999467e+02
5.658791886542751399e+02,6.129435999999999467e+02
5.882652600000000120e+02,4.629792499999999791e+02
5.668377105278810859e+02,6.129435999999999467e+02
5.672071408333333693e+02,6.129435999999999467e+02
5.677962324014870319e+02,6.129435999999999467e+02
5.838164000000000442e+02,4.672035999999999945e+02
5.687547542750929779e+02,6.129435999999999467e+02
5.691256109523809528e+02,6.129435999999999467e+02
5.697132761486989239e+02,6.129435999999999467e+02
5.782781999999999698e+02,4.731659000000000219e+02
5.706717980223048698e+02,4.692124000000000024e+02
5.710440810714285362e+02,4.692124000000000024e+02
5.716303198959108158e+02,4.816020500000000197e+02
5.714093599999999924e+02,4.816020500000000197e+02
5.725888417695167618e+02,4.816020500000000197e+02
5.729625511904762334e+02,4.816020500000000197e+02
5.735473636431227078e+02,4.816020500000000197e+02
5.641377599999999575e+02,4.899813199999999824e+02
5.745058855167286538e+02,6.111495400000000018e+02
5.748810213095238169e+02,6.111495400000000018e+02
5.754644073903345998e+02,6.111495400000000018e+02
5.577660499999999502e+02,4.974739999999999895e+02
5.764229292639405458e+02,4.624079600000000028e+02
5.767994914285714003e+02,4.624079600000000028e+02
5.773814511375464917e+02,4.624079600000000028e+02
5.520469000000000506e+02,5.049033200000000079e+02
5.783399730111524377e+02,4.731659000000000219e+02
5.787179615476190975e+02,4.731659000000000219e+02
5.792984948847583837e+02,4.731659000000000219e+02
5.468642599999999447e+02,5.122732999999999493e+02
5.802570167583643297e+02,6.093056599999999889e+02
5.806364316666666809e+02,6.093056599999999889e+02
5.812155386319702757e+02,6.093056599999999889e+02
5.395549999999999500e+02,5.254210000000000491e+02
5.821740605055762217e+02,4.575219700000000103e+02
5.825549017857142644e+02,4.575219700000000103e+02
5.831325823791821676e+02,4.575219700000000103e+02
5.351534400000000460e+02,5.364882999999999811e+02
5.840911042527881136e+02,4.672035999999999945e+02
5.844733719047619616e+02,4.672035999999999945e+02
5.850496261263940596e+02,4.672035999999999945e+02
5.316957400000000007e+02,5.450833999999999833e+02
5.860081480000000056e+02,6.064148000000000138e+02
5.863918420238095450e+02,6.064148000000000138e+02
5.869666698736059516e+02,6.064148000000000138e+02
5.293363600000000133e+02,5.524157999999999902e+02
5.879251917472118976e+02,4.629792499999999791e+02
5.883103121428571285e+02,4.629792499999999791e+02
5.888837136208179572e+02,4.538150600000000168e+02
5.272413299999999481e+02,5.598638999999999442e+02
5.898422354944239032e+02,4.538150600000000168e+02
5.902287822619048256e+02,4.538150600000000168e+02
5.908007573680298492e+02,4.538150600000000168e+02
5.259895999999999958e+02,5.666544000000000096e+02
5.917592792416357952e+02,4.592389999999999759e+02
5.921472523809524091e+02,4.592389999999999759e+02
5.927178011152417412e+02,4.592389999999999759e+02
5.253067999999999529e+02,5.737076399999999694e+02
5.936763229888476872e+02,4.520430999999999813e+02
5.940657224999999926e+02,4.520430999999999813e+02
5.946348448624536331e+02,4.520430999999999813e+02
5.256903999999999542e+02,5.810194000000000187e+02
5.955933667360595791e+02,4.555943599999999947e+02
5.959841926190476897e+02,4.555943599999999947e+02
5.965518886096655251e+02,4.555943599999999947e+02
5.267356999999999516e+02,5.884516599999999471e+02
5.975104104832714711e+02,4.501656500000000278e+02
5.979026627380952732e+02,4.501656500000000278e+02
5.984689323568774171e+02,5.990471000000000004e+02
5.277889400000000251e+02,5.950824000000000069e+02
5.994274542304833631e+02,4.533401000000000067e+02
5.998211328571428567e+02,4.533401000000000067e+02
6.003859761040893090e+02,4.533401000000000067e+02
5.298605000000000018e+02,5.997141000000000304e+02
6.013444979776952550e+02,4.503475300000000061e+02
6.017396029761905538e+02,4.503475300000000061e+02
6.023030198513012010e+02,4.503475300000000061e+02
5.319465300000000525e+02,6.034220000000000255e+02
6.032615417249071470e+02,4.503475300000000061e+02
6.036580730952381373e+02,4.503475300000000061e+02
6.042200635985130930e+02,4.503475300000000061e+02
5.329128399999999601e+02,6.051398000000000366e+02
6.051785854721190390e+02,4.514855999999999767e+02
6.055765432142857208e+02,4.499760699999999929e+02
6.061371073457249850e+02,4.499760699999999929e+02
5.351291499999999814e+02,6.070132999999999583e+02
6.070956292193309309e+02,4.494589799999999968e+02
6.074950133333334179e+02,4.494589799999999968e+02
6.080541510929368769e+02,4.494589799999999968e+02
5.371753499999999804e+02,6.088319000000000187e+02
6.090126729665428229e+02,4.494589799999999968e+02
6.094134834523810014e+02,4.494589799999999968e+02
6.099711948401487689e+02,4.494589799999999968e+02
5.409823999999999842e+02,6.106812999999999647e+02
6.109297167137547149e+02,4.494589799999999968e+02
6.113319535714285848e+02,4.494589799999999968e+02
6.118882385873606609e+02,4.494589799999999968e+02
5.448677000000000135e+02,6.125291999999999462e+02
6.128467604609666068e+02,4.494589799999999968e+02
6.132504236904761683e+02,4.494589799999999968e+02
6.138052823345725528e+02,4.494589799999999968e+02
5.492835700000000543e+02,6.129435999999999467e+02
6.147638042081784988e+02,5.844713000000000420e+02
6.151688938095238655e+02,5.844713000000000420e+02
6.157223260817844448e+02,5.844713000000000420e+02
5.544551000000000158e+02,6.129435999999999467e+02
6.166808479553903908e+02,5.844713000000000420e+02
6.170873639285714489e+02,5.844713000000000420e+02
6.176393698289963368e+02,5.844713000000000420e+02
5.590791000000000395e+02,6.129435999999999467e+02
6.185978917026022827e+02,5.844713000000000420e+02
6.190058340476190324e+02,5.844713000000000420e+02
6.195564135762082287e+02,5.844713000000000420e+02
5.649278000000000475e+02,6.129435999999999467e+02
6.205149354498141747e+02,5.792464599999999564e+02
6.209243041666667295e+02,5.792464599999999564e+02
6.214734573234201207e+02,5.792464599999999564e+02
5.705804000000000542e+02,6.129435999999999467e+02
6.224319791970260667e+02,5.792464599999999564e+02
6.228427742857143130e+02,5.792464599999999564e+02
6.233905010706320127e+02,5.792464599999999564e+02
5.758386000000000422e+02,6.111495400000000018e+02
6.243490229442379587e+02,5.792464599999999564e+02
6.247612444047618965e+02,5.792464599999999564e+02
6.253075448178439046e+02,5.792464599999999564e+02
5.810245999999999640e+02,6.093056599999999889e+02
6.262660666914498506e+02,5.745664000000000442e+02
6.266797145238095936e+02,5.745664000000000442e+02
6.272245885650557966e+02,5.745664000000000442e+02
5.868089999999999691e+02,6.064148000000000138e+02
6.281831104386617426e+02,5.745664000000000442e+02
6.285981846428571771e+02,5.745664000000000442e+02
6.291416323122676886e+02,5.745664000000000442e+02
5.930270000000000437e+02,6.027304699999999684e+02
6.301001541858736346e+02,5.691277000000000044e+02
6.305166547619047606e+02,5.691277000000000044e+02
6.310586760594795805e+02,5.691277000000000044e+02
5.985834999999999582e+02,5.990471000000000004e+02
6.320171979330855265e+02,5.691277000000000044e+02
6.324351248809524577e+02,5.691277000000000044e+02
6.329757198066914725e+02,5.691277000000000044e+02
6.048311999999999671e+02,5.949422600000000330e+02
6.339342416802974185e+02,5.691277000000000044e+02
6.343535950000000412e+02,5.691277000000000044e+02
6.348927635539033645e+02,5.691277000000000044e+02
6.107644000000000233e+02,5.894113999999999578e+02
6.358512854275093105e+02,5.635390599999999495e+02
6.362720651190476246e+02,5.635390599999999495e+02
6.368098073011152565e+02,5.635390599999999495e+02
6.165837000000000216e+02,5.844713000000000420e+02
6.377683291747212024e+02,5.635390599999999495e+02
6.381905352380952081e+02,5.635390599999999495e+02
6.387268510483271484e+02,5.635390599999999495e+02
6.227009000000000469e+02,5.792464599999999564e+02
6.396853729219330944e+02,5.579054999999999609e+02
6.401090053571429053e+02,5.579054999999999609e+02
6.406438947955390404e+02,5.579054999999999609e+02
6.279665499999999838e+02,5.745664000000000442e+02
6.416024166691449864e+02,5.579054999999999609e+02
6.420274754761904887e+02,5.579054999999999609e+02
6.425609385427509324e+02,5.579054999999999609e+02
6.328147000000000162e+02,5.691277000000000044e+02
6.435194604163569920e+02,5.523968499999999722e+02
6.439459455952380722e+02,5.523968499999999722e+02
6.444779822899629380e+02,5.523968499999999722e+02
6.370066000000000486e+02,5.635390599999999495e+02
6.454365041635688840e+02,5.523968499999999722e+02
6.458644157142857694e+02,5.523968499999999722e+02
6.463950260371748300e+02,5.523968499999999722e+02
6.412322400000000471e+02,5.579054999999999609e+02
6.473535479107807760e+02,5.532317000000000462e+02
6.477828858333333528e+02,5.532317000000000462e+02
6.483120697843867219e+02,5.449350600000000213e+02
6.443163500000000568e+02,5.523968499999999722e+02
6.492705916579926679e+02,5.249524999999999864e+02
6.497013559523809363e+02,5.747554999999999836e+02
6.502291135315986139e+02,5.100958299999999781e+02
6.485381499999999733e+02,5.449350600000000213e+02
6.511876354052045599e+02,5.375308999999999742e+02
6.516198260714286334e+02,5.375308999999999742e+02
6.521461572788105059e+02,5.835016000000000531e+02
6.515942999999999756e+02,5.375308999999999742e+02
6.531046791524164519e+02,5.909370000000000118e+02
6.535382961904762169e+02,5.909370000000000118e+02
6.540632010260223979e+02,5.909370000000000118e+02
6.546888999999999896e+02,5.301962999999999511e+02
6.550217228996283438e+02,4.851845700000000079e+02
6.554567663095238004e+02,4.851845700000000079e+02
6.559802447732342898e+02,4.851845700000000079e+02
6.580290499999999838e+02,5.220530999999999722e+02
6.569387666468402358e+02,5.959135999999999740e+02
6.573752364285714975e+02,5.959135999999999740e+02
6.578972885204461818e+02,5.220530999999999722e+02
6.607236299999999574e+02,5.148682999999999765e+02
6.588558103940521278e+02,5.978645000000000209e+02
6.592937065476190810e+02,5.978645000000000209e+02
6.598143322676580738e+02,5.978645000000000209e+02
6.632983400000000529e+02,5.070822800000000257e+02
6.607728541412640197e+02,5.148682999999999765e+02
6.612121766666666645e+02,5.148682999999999765e+02
6.617313760148699657e+02,5.148682999999999765e+02
6.658686999999999898e+02,4.997212000000000103e+02
6.626898978884759117e+02,6.006824000000000296e+02
6.631306467857143616e+02,5.070822800000000257e+02
6.636484197620818577e+02,5.070822800000000257e+02
6.678555000000000064e+02,4.926576999999999771e+02
6.646069416356878037e+02,4.473726800000000026e+02
6.650491169047619451e+02,4.473726800000000026e+02
6.655654635092937497e+02,4.473726800000000026e+02
6.696203600000000051e+02,4.851024199999999951e+02
6.665239853828996957e+02,4.467934599999999818e+02
6.669675870238095285e+02,6.024527600000000120e+02
6.674825072565056416e+02,4.467934599999999818e+02
6.706688000000000329e+02,4.783748800000000188e+02
6.684410291301115876e+02,4.483116499999999860e+02
6.688860571428572257e+02,4.483116499999999860e+02
6.693995510037175336e+02,4.499780299999999897e+02
6.717304000000000315e+02,4.727133799999999724e+02
6.703580728773234796e+02,4.518560800000000199e+02
6.708045272619048092e+02,4.783748800000000188e+02
6.713165947509294256e+02,6.031700399999999718e+02
6.722590300000000525e+02,4.671920200000000136e+02
6.722751166245353716e+02,4.671920200000000136e+02
6.727229973809523926e+02,4.616030299999999897e+02
6.732336384981413175e+02,4.616030299999999897e+02
6.722590300000000525e+02,4.616030299999999897e+02
6.741921603717472635e+02,6.031700399999999718e+02
6.746414674999999761e+02,6.031700399999999718e+02
6.751506822453532095e+02,6.031700399999999718e+02
6.722590300000000525e+02,4.571313499999999976e+02
6.761092041189591555e+02,6.031700399999999718e+02
6.765599376190476733e+02,6.031700399999999718e+02
6.770677259925651015e+02,6.031700399999999718e+02
6.716314999999999600e+02,4.536745599999999854e+02
6.780262478661710475e+02,6.019211400000000367e+02
6.784784077380952567e+02,6.019211400000000367e+02
6.789847697397769934e+02,6.019211400000000367e+02
6.706085000000000491e+02,4.518560800000000199e+02
6.799432916133829394e+02,6.019211400000000367e+02
6.803968778571428402e+02,6.019211400000000367e+02
6.809018134869888854e+02,6.019211400000000367e+02
6.695519399999999450e+02,4.499780299999999897e+02
6.818603353605948314e+02,5.987423000000000002e+02
6.823153479761905373e+02,5.987423000000000002e+02
6.828188572342007774e+02,5.987423000000000002e+02
6.686145000000000209e+02,4.483116499999999860e+02
6.837773791078067234e+02,5.987423000000000002e+02
6.842338180952381208e+02,5.987423000000000002e+02
6.847359009814126694e+02,5.987423000000000002e+02
6.674867600000000039e+02,4.467934599999999818e+02
6.856944228550186153e+02,5.987423000000000002e+02
6.861522882142857043e+02,5.987423000000000002e+02
6.866529447286245613e+02,5.987423000000000002e+02
6.664557499999999663e+02,4.467934599999999818e+02
6.876114666022305073e+02,5.937264400000000251e+02
6.880707583333334014e+02,5.937264400000000251e+02
6.885699884758364533e+02,5.937264400000000251e+02
6.654352999999999838e+02,4.473726800000000026e+02
6.895285103494423993e+02,5.937264400000000251e+02
6.899892284523809849e+02,5.937264400000000251e+02
6.904870322230483453e+02,5.937264400000000251e+02
6.640213999999999714e+02,4.498860000000000241e+02
6.914455540966542912e+02,5.876887000000000398e+02
6.919076985714285684e+02,5.876887000000000398e+02
6.924040759702602372e+02,5.876887000000000398e+02
6.624048000000000229e+02,4.545367400000000089e+02
6.933625978438661832e+02,5.876887000000000398e+02
6.938261686904762655e+02,5.876887000000000398e+02
6.943211197174721292e+02,5.876887000000000398e+02
6.602784000000000333e+02,4.618431400000000053e+02
6.952796415910780752e+02,5.787574499999999489e+02
6.957446388095238490e+02,5.787574499999999489e+02
6.962381634646840212e+02,5.787574499999999489e+02
6.581965999999999894e+02,4.720287000000000148e+02
6.971966853382899671e+02,5.787574499999999489e+02
6.976631089285714324e+02,5.787574499999999489e+02
6.981552072118960268e+02,5.787574499999999489e+02
6.550379599999999982e+02,4.851845700000000079e+02
6.991137290855019728e+02,5.787574499999999489e+02
6.995815790476190159e+02,5.787574499999999489e+02
7.000722509591079188e+02,5.787574499999999489e+02
6.525447000000000344e+02,4.963420399999999972e+02
7.010307728327138648e+02,5.636669000000000551e+02
7.015000491666667131e+02,5.636669000000000551e+02
7.019892947063198108e+02,5.709029500000000326e+02
6.504853500000000395e+02,5.100958299999999781e+02
7.029478165799257567e+02,5.772151000000000067e+02
7.034185192857142965e+02,5.478209000000000515e+02
7.039063384535317027e+02,5.704051500000000487e+02
6.490810999999999922e+02,5.249524999999999864e+02
7.048648603271376487e+02,5.401063000000000329e+02
7.053369894047618800e+02,5.838379999999999654e+02
7.058233822007435947e+02,5.838379999999999654e+02
6.480399999999999636e+02,5.406467000000000098e+02
7.067819040743495407e+02,5.878040999999999485e+02
7.072554595238095771e+02,5.297971000000000004e+02
7.077404259479554867e+02,5.297971000000000004e+02
6.477669700000000148e+02,5.532317000000000462e+02
7.086989478215614326e+02,5.902848000000000184e+02
7.091739296428571606e+02,5.902848000000000184e+02
7.096574696951673786e+02,5.902848000000000184e+02
6.485389999999999873e+02,5.652016599999999471e+02
7.106159915687733246e+02,5.925091599999999517e+02
7.110923997619047441e+02,5.588804000000000087e+02
7.115745134423792706e+02,5.588804000000000087e+02
6.497695999999999685e+02,5.747554999999999836e+02
7.125330353159852166e+02,5.956571999999999889e+02
7.130108698809524412e+02,5.956571999999999889e+02
7.134915571895911626e+02,5.956571999999999889e+02
6.519814499999999953e+02,5.835016000000000531e+02
7.144500790631971086e+02,5.956571999999999889e+02
7.149293400000000247e+02,5.956571999999999889e+02
7.154086009368030545e+02,5.128519000000000005e+02
6.544767500000000382e+02,5.909370000000000118e+02
7.163671228104090005e+02,5.128519000000000005e+02
7.168478101190476082e+02,5.128519000000000005e+02
7.173256446840149465e+02,5.128519000000000005e+02
6.571803999999999633e+02,5.959135999999999740e+02
7.182841665576208925e+02,5.974029500000000326e+02
7.187662802380953053e+02,5.974029500000000326e+02
7.192426884312268385e+02,5.974029500000000326e+02
6.598061500000000024e+02,5.978645000000000209e+02
7.202012103048327845e+02,5.974029500000000326e+02
7.206847503571428888e+02,5.420824000000000069e+02
7.211597321784387304e+02,5.420824000000000069e+02
6.629121999999999844e+02,6.006824000000000296e+02
7.221182540520446764e+02,5.012625699999999824e+02
7.226032204761904723e+02,5.012625699999999824e+02
7.230767759256506224e+02,5.012625699999999824e+02
6.666462000000000216e+02,6.024527600000000120e+02
7.240352977992565684e+02,4.951202400000000239e+02
7.245216905952381694e+02,4.951202400000000239e+02
7.249938196728625144e+02,4.951202400000000239e+02
6.712736999999999625e+02,6.031700399999999718e+02
7.259523415464684604e+02,4.951202400000000239e+02
7.264401607142857529e+02,4.951202400000000239e+02
7.269108634200744063e+02,4.951202400000000239e+02
6.758992299999999886e+02,6.031700399999999718e+02
7.278693852936803523e+02,5.971966599999999517e+02
7.283586308333333363e+02,5.971966599999999517e+02
7.288279071672862983e+02,5.971966599999999517e+02
6.800677500000000464e+02,6.019211400000000367e+02
7.297864290408922443e+02,5.262611000000000558e+02
7.302771009523810335e+02,5.262611000000000558e+02
7.307449509144981903e+02,5.262611000000000558e+02
6.842383999999999560e+02,5.987423000000000002e+02
7.317034727881041363e+02,4.890136699999999905e+02
7.321955710714286170e+02,4.890136699999999905e+02
7.326619946617100823e+02,4.890136699999999905e+02
6.883396000000000186e+02,5.937264400000000251e+02
7.336205165353160282e+02,5.952420700000000124e+02
7.341140411904762004e+02,5.952420700000000124e+02
7.345790384089219742e+02,5.952420700000000124e+02
6.924645000000000437e+02,5.876887000000000398e+02
7.355375602825279202e+02,7.110190400000000182e+02
7.360325113095237839e+02,7.110190400000000182e+02
7.364960821561338662e+02,6.959776600000000144e+02
6.983361999999999625e+02,5.787574499999999489e+02
7.374546040297398122e+02,7.160774000000000115e+02
7.379509814285714810e+02,4.815862999999999943e+02
7.384131259033457582e+02,4.815862999999999943e+02
7.035747699999999440e+02,5.704051500000000487e+02
7.393716477769517041e+02,5.925816700000000310e+02
7.398694515476190645e+02,6.885916999999999462e+02
7.403301696505576501e+02,5.114529999999999745e+02
7.110878999999999905e+02,5.588804000000000087e+02
7.412886915241635961e+02,6.812480500000000347e+02
7.417879216666666480e+02,6.812480500000000347e+02
7.422472133977695421e+02,6.812480500000000347e+02
7.211060999999999694e+02,5.420824000000000069e+02
7.432057352713754881e+02,6.812480500000000347e+02
7.437063917857143451e+02,6.812480500000000347e+02
7.441642571449814341e+02,6.812480500000000347e+02
7.310510000000000446e+02,5.262611000000000558e+02
7.451227790185873801e+02,4.725160999999999945e+02
7.456248619047619286e+02,4.725160999999999945e+02
7.460813008921933260e+02,5.878707000000000562e+02
7.404266999999999825e+02,5.114529999999999745e+02
7.470398227657992720e+02,6.728033400000000483e+02
7.475433320238095121e+02,6.728033400000000483e+02
7.479983446394052180e+02,6.728033400000000483e+02
7.486906000000000176e+02,4.955261199999999917e+02
7.489568665130111640e+02,4.955261199999999917e+02
7.494618021428572092e+02,4.955261199999999917e+02
7.499153883866171100e+02,4.955261199999999917e+02
7.574372600000000375e+02,4.801906700000000114e+02
7.508739102602230560e+02,4.649682599999999866e+02
7.513802722619047927e+02,4.649682599999999866e+02
7.518324321338290019e+02,4.649682599999999866e+02
7.667242400000000089e+02,4.661237800000000107e+02
7.527909540074350616e+02,5.823377699999999777e+02
7.532987423809523762e+02,5.823377699999999777e+02
7.537494758810410076e+02,5.823377699999999777e+02
7.737992600000000039e+02,4.563470500000000243e+02
7.547079977546469536e+02,4.594325000000000045e+02
7.552172125000000733e+02,4.594325000000000045e+02
7.556665196282528996e+02,4.594325000000000045e+02
7.808200000000000500e+02,4.475678700000000276e+02
7.566250415018588455e+02,4.594325000000000045e+02
7.571356826190476568e+02,6.596464999999999463e+02
7.575835633754647915e+02,4.801906700000000114e+02
7.858716399999999567e+02,4.417072800000000257e+02
7.585420852490707375e+02,5.749302999999999884e+02
7.590541527380952402e+02,5.749302999999999884e+02
7.595006071226766835e+02,5.749302999999999884e+02
7.897143999999999551e+02,4.367313199999999824e+02
7.604591289962826295e+02,5.749302999999999884e+02
7.609726228571428237e+02,5.749302999999999884e+02
7.614176508698885755e+02,5.749302999999999884e+02
7.924266000000000076e+02,4.330986300000000142e+02
7.623761727434945215e+02,4.538967299999999909e+02
7.628910929761905209e+02,4.538967299999999909e+02
7.633346946171004674e+02,4.538967299999999909e+02
7.945816700000000310e+02,4.309225999999999885e+02
7.642932164907064134e+02,4.661237800000000107e+02
7.648095630952381043e+02,4.661237800000000107e+02
7.652517383643123594e+02,4.661237800000000107e+02
7.956924000000000206e+02,4.290704299999999876e+02
7.662102602379183054e+02,4.661237800000000107e+02
7.667280332142856878e+02,4.661237800000000107e+02
7.671687821115242514e+02,4.661237800000000107e+02
7.962186000000000377e+02,4.272273000000000138e+02
7.681273039851301974e+02,5.641297600000000330e+02
7.686465033333333849e+02,7.145665000000000191e+02
7.690858258587361433e+02,7.145665000000000191e+02
7.967184999999999491e+02,4.272464600000000132e+02
7.700443477323420893e+02,4.482883299999999736e+02
7.705649734523809684e+02,6.429835000000000491e+02
7.710028696059480353e+02,6.429835000000000491e+02
7.967184999999999491e+02,4.272464600000000132e+02
7.719613914795539813e+02,7.093115000000000236e+02
7.724834435714285519e+02,7.093115000000000236e+02
7.729199133531599273e+02,7.093115000000000236e+02
7.967184999999999491e+02,4.272464600000000132e+02
7.738784352267658733e+02,4.563470500000000243e+02
7.744019136904762490e+02,5.568298300000000154e+02
7.748369571003718193e+02,5.568298300000000154e+02
7.967184999999999491e+02,4.272464600000000132e+02
7.757954789739777652e+02,7.016644000000000005e+02
7.763203838095238325e+02,4.427737999999999943e+02
7.767540008475837112e+02,4.427737999999999943e+02
7.965126299999999446e+02,4.272464600000000132e+02
7.777125227211896572e+02,6.894965999999999440e+02
7.782388539285714160e+02,6.894965999999999440e+02
7.786710445947956032e+02,6.894965999999999440e+02
7.954770499999999629e+02,4.272464600000000132e+02
7.796295664684015492e+02,6.894965999999999440e+02
7.801573240476191131e+02,6.894965999999999440e+02
7.805880883420074952e+02,4.475678700000000276e+02
7.934139000000000124e+02,4.290893599999999992e+02
7.815466102156134411e+02,4.372382799999999747e+02
7.820757941666666966e+02,4.372382799999999747e+02
7.825051320892193871e+02,4.372382799999999747e+02
7.889394499999999653e+02,4.325998500000000035e+02
7.834636539628253331e+02,4.372382799999999747e+02
7.839942642857142800e+02,4.372382799999999747e+02
7.844221758364312791e+02,4.372382799999999747e+02
7.826658300000000281e+02,4.372382799999999747e+02
7.853806977100372251e+02,6.740871600000000399e+02
7.859127344047619772e+02,4.417072800000000257e+02
7.863392195836431711e+02,4.417072800000000257e+02
7.762492700000000241e+02,4.427737999999999943e+02
7.872977414572491170e+02,4.325998500000000035e+02
7.878312045238095607e+02,4.325998500000000035e+02
7.882562633308550630e+02,4.325998500000000035e+02
7.700448599999999715e+02,4.482883299999999736e+02
7.892147852044610090e+02,4.325998500000000035e+02
7.897496746428571441e+02,4.367313199999999824e+02
7.901733070780669550e+02,6.601855500000000347e+02
7.627358400000000529e+02,4.538967299999999909e+02
7.911318289516729010e+02,4.330986300000000142e+02
7.916681447619048413e+02,4.330986300000000142e+02
7.920903508252788470e+02,4.330986300000000142e+02
7.565066000000000486e+02,4.594325000000000045e+02
7.930488726988847930e+02,5.265899699999999939e+02
7.935866148809524248e+02,4.290893599999999992e+02
7.940073945724907389e+02,4.290893599999999992e+02
7.507780000000000200e+02,4.649682599999999866e+02
7.949659164460966849e+02,6.443498499999999467e+02
7.955050850000000082e+02,4.272464600000000132e+02
7.959244383197026309e+02,4.290704299999999876e+02
7.450224600000000237e+02,4.725160999999999945e+02
7.968829601933085769e+02,4.272464600000000132e+02
7.974235551190475917e+02,6.130381999999999607e+02
7.978414820669145229e+02,6.130381999999999607e+02
7.378685000000000400e+02,4.815862999999999943e+02
7.988000039405204689e+02,6.237724600000000237e+02
7.993420252380952888e+02,6.237724600000000237e+02
7.997585258141264148e+02,6.237724600000000237e+02
7.316009500000000116e+02,4.890136699999999905e+02
8.007170476877323608e+02,5.121625999999999976e+02
8.012604953571428723e+02,5.121625999999999976e+02
8.016755695613383068e+02,5.121625999999999976e+02
7.263138999999999896e+02,4.951202400000000239e+02
8.026340914349442528e+02,5.121625999999999976e+02
8.031789654761904558e+02,6.054773000000000138e+02
8.035926133085501988e+02,6.054773000000000138e+02
7.220905999999999949e+02,5.012625699999999824e+02
8.045511351821561448e+02,6.054773000000000138e+02
8.050974355952381529e+02,6.054773000000000138e+02
8.055096570557620907e+02,6.054773000000000138e+02
7.152775000000000318e+02,5.128519000000000005e+02
8.064681789293681504e+02,5.876697000000000344e+02
8.070159057142857364e+02,5.876697000000000344e+02
8.074267008029740964e+02,5.876697000000000344e+02
7.109632599999999911e+02,5.207238999999999578e+02
8.083852226765800424e+02,5.876697000000000344e+02
8.089343758333333199e+02,4.992275399999999763e+02
8.093437445501859884e+02,4.992275399999999763e+02
7.077215599999999540e+02,5.297971000000000004e+02
8.103022664237919344e+02,5.948600000000000136e+02
8.108528459523810170e+02,5.948600000000000136e+02
8.112607882973978803e+02,5.948600000000000136e+02
7.049438499999999976e+02,5.401063000000000329e+02
8.122193101710038263e+02,5.662527999999999793e+02
8.127713160714286005e+02,5.662527999999999793e+02
8.131778320446097723e+02,5.662527999999999793e+02
7.032857699999999568e+02,5.478209000000000515e+02
8.141363539182157183e+02,5.478191000000000486e+02
8.146897861904761839e+02,5.478191000000000486e+02
8.150948757918216643e+02,5.478191000000000486e+02
7.027490999999999985e+02,5.553197999999999865e+02
8.160533976654276103e+02,4.853747599999999807e+02
8.166082563095238811e+02,4.853747599999999807e+02
8.170119195390335562e+02,4.853747599999999807e+02
7.022492700000000241e+02,5.636669000000000551e+02
8.179704414126395022e+02,5.291150999999999840e+02
8.185267264285714646e+02,5.291150999999999840e+02
8.189289632862454482e+02,5.291150999999999840e+02
7.022492700000000241e+02,5.709029500000000326e+02
8.198874851598513942e+02,5.109712999999999852e+02
8.204451965476190480e+02,5.109712999999999852e+02
8.208460070334573402e+02,5.109712999999999852e+02
7.028804000000000087e+02,5.772151000000000067e+02
8.218045289070632862e+02,4.743494999999999777e+02
8.223636666666666315e+02,4.743494999999999777e+02
8.227630507806692322e+02,4.743494999999999777e+02
7.050588400000000320e+02,5.838379999999999654e+02
8.237215726542751781e+02,4.957310800000000199e+02
8.242821367857143287e+02,4.957310800000000199e+02
8.246800945278811241e+02,4.957310800000000199e+02
7.066006999999999607e+02,5.878040999999999485e+02
8.256386164014870701e+02,5.760137999999999465e+02
8.262006069047619121e+02,4.648123800000000188e+02
8.265971382750930161e+02,4.815771500000000174e+02
7.082450000000000045e+02,5.902848000000000184e+02
8.275556601486989621e+02,4.815771500000000174e+02
8.281190770238094956e+02,4.815771500000000174e+02
8.285141820223049081e+02,4.815771500000000174e+02
7.107477999999999838e+02,5.925091599999999517e+02
8.294727038959108540e+02,4.668677999999999884e+02
8.300375471428571927e+02,4.668677999999999884e+02
8.304312257695168000e+02,4.546108399999999961e+02
7.148338599999999587e+02,5.956571999999999889e+02
8.313897476431227460e+02,4.568868400000000065e+02
8.319560172619047762e+02,4.568868400000000065e+02
8.323482695167286920e+02,4.568868400000000065e+02
7.200258000000000038e+02,5.974029500000000326e+02
8.333067913903346380e+02,4.493528999999999769e+02
8.338744873809523597e+02,4.463725600000000213e+02
8.342653132639405840e+02,4.463725600000000213e+02
7.274101600000000190e+02,5.971966599999999517e+02
8.352238351375465299e+02,4.423753699999999753e+02
8.357929575000000568e+02,4.376873800000000188e+02
8.361823570111524759e+02,4.376873800000000188e+02
7.339692400000000134e+02,5.952420700000000124e+02
8.371408788847584219e+02,4.273865999999999872e+02
8.377114276190476403e+02,4.309479999999999791e+02
8.380994007583643679e+02,4.309479999999999791e+02
7.396128999999999678e+02,5.925816700000000310e+02
8.390579226319703139e+02,5.578538999999999533e+02
8.396298977380952238e+02,5.578538999999999533e+02
8.400164445055762599e+02,5.578538999999999533e+02
7.464905999999999722e+02,5.878707000000000562e+02
8.409749663791822059e+02,5.578538999999999533e+02
8.415483678571429209e+02,5.578538999999999533e+02
8.419334882527881518e+02,5.578538999999999533e+02
7.532536000000000058e+02,5.823377699999999777e+02
8.428920101263940978e+02,5.578538999999999533e+02
8.434668379761905044e+02,5.578538999999999533e+02
8.438505320000000438e+02,5.578538999999999533e+02
7.604158999999999651e+02,5.749302999999999884e+02
8.448090538736059898e+02,5.578538999999999533e+02
8.453853080952380878e+02,5.578538999999999533e+02
8.457675757472119358e+02,5.578538999999999533e+02
7.685205999999999449e+02,5.641297600000000330e+02
8.467260976208178818e+02,5.402142300000000432e+02
8.473037782142857850e+02,5.402142300000000432e+02
8.476846194944238277e+02,5.402142300000000432e+02
7.747328999999999724e+02,5.568298300000000154e+02
8.486431413680297737e+02,5.402142300000000432e+02
8.492222483333333685e+02,5.402142300000000432e+02
8.496016632416357197e+02,5.402142300000000432e+02
7.856476999999999862e+02,5.397577999999999747e+02
8.505601851152416657e+02,5.402142300000000432e+02
8.511407184523809519e+02,5.402142300000000432e+02
8.515187069888476117e+02,5.402142300000000432e+02
7.933146400000000540e+02,5.265899699999999939e+02
8.524772288624535577e+02,5.402142300000000432e+02
8.530591885714286491e+02,5.402142300000000432e+02
8.534357507360595037e+02,5.402142300000000432e+02
8.022468999999999824e+02,5.121625999999999976e+02
8.543942726096654496e+02,5.402142300000000432e+02
8.549776586904762326e+02,5.402142300000000432e+02
8.553527944832713956e+02,5.402142300000000432e+02
8.093513000000000375e+02,4.992275399999999763e+02
8.563113163568773416e+02,5.402142300000000432e+02
8.568961288095238160e+02,5.402142300000000432e+02
8.572698382304832876e+02,5.402142300000000432e+02
8.161023999999999887e+02,4.853747599999999807e+02
8.582283601040892336e+02,5.238164000000000442e+02
8.588145989285713995e+02,5.238164000000000442e+02
8.591868819776951796e+02,5.238164000000000442e+02
8.217033999999999878e+02,4.743494999999999777e+02
8.601454038513011255e+02,5.238164000000000442e+02
8.607330690476190966e+02,5.238164000000000442e+02
8.611039257249071852e+02,5.238164000000000442e+02
8.260969000000000051e+02,4.648123800000000188e+02
8.620624475985131312e+02,5.238164000000000442e+02
8.626515391666666801e+02,5.238164000000000442e+02
8.630209694721190772e+02,5.238164000000000442e+02
8.307939000000000078e+02,4.546108399999999961e+02
8.639794913457250232e+02,5.238164000000000442e+02
8.645700092857142636e+02,5.238164000000000442e+02
8.649380132193309692e+02,5.238164000000000442e+02
8.338840999999999894e+02,4.463725600000000213e+02
8.658965350929369151e+02,5.238164000000000442e+02
8.664884794047619607e+02,5.238164000000000442e+02
8.668550569665428611e+02,5.238164000000000442e+02
8.363981300000000374e+02,4.390011000000000081e+02
8.678135788401488071e+02,6.903519000000000005e+02
8.684069495238095442e+02,6.903519000000000005e+02
8.687721007137547531e+02,6.903519000000000005e+02
8.367055000000000291e+02,4.347773399999999810e+02
8.697306225873606991e+02,6.903519000000000005e+02
8.703254196428571277e+02,6.941860400000000482e+02
8.706891444609666451e+02,6.941860400000000482e+02
8.372052999999999656e+02,4.309479999999999791e+02
8.716476663345725910e+02,6.764529999999999745e+02
8.722438897619048248e+02,6.764529999999999745e+02
8.726061882081785370e+02,6.729252999999999929e+02
8.372052999999999656e+02,4.286315999999999917e+02
8.735647100817844830e+02,7.035108599999999797e+02
8.741623598809524083e+02,7.069280999999999722e+02
8.745232319553904290e+02,7.069280999999999722e+02
8.372052999999999656e+02,4.267837999999999852e+02
8.754817538289963750e+02,6.691893300000000409e+02
8.760808299999999917e+02,7.093274000000000115e+02
8.764402757026023210e+02,7.093274000000000115e+02
8.372052999999999656e+02,4.249307999999999765e+02
8.773987975762082669e+02,5.045528600000000097e+02
8.779993001190476889e+02,6.633665999999999485e+02
8.783573194498142129e+02,6.633665999999999485e+02
8.372052999999999656e+02,4.232201999999999771e+02
8.793158413234201589e+02,7.111626999999999725e+02
8.799177702380952724e+02,7.111626999999999725e+02
8.802743631970261049e+02,7.111626999999999725e+02
8.372052999999999656e+02,4.228039600000000178e+02
8.812328850706320509e+02,6.565157500000000255e+02
8.818362403571428558e+02,6.565157500000000255e+02
8.821914069442379969e+02,6.565157500000000255e+02
8.372052999999999656e+02,4.228039600000000178e+02
8.831499288178439429e+02,7.124559299999999666e+02
8.837547104761904393e+02,7.124559299999999666e+02
8.841084506914498888e+02,7.124559299999999666e+02
8.372052999999999656e+02,4.228039600000000178e+02
8.850669725650558348e+02,4.953860000000000241e+02
8.856731805952381364e+02,4.953860000000000241e+02
8.860254944386617808e+02,4.953860000000000241e+02
8.372052999999999656e+02,4.245706799999999816e+02
8.869840163122677268e+02,6.490921600000000353e+02
8.875916507142857199e+02,7.124559299999999666e+02
8.879425381858736728e+02,7.124559299999999666e+02
8.372052999999999656e+02,4.273865999999999872e+02
8.889010600594796188e+02,5.146925999999999704e+02
8.895101208333333034e+02,4.679614300000000071e+02
8.898595819330855647e+02,4.679614300000000071e+02
8.372052999999999656e+02,4.321284200000000055e+02
8.908181038066915107e+02,5.202449000000000296e+02
8.914285909523810005e+02,5.202449000000000296e+02
8.917766256802974567e+02,5.202449000000000296e+02
8.360804399999999532e+02,4.376873800000000188e+02
8.927351475539034027e+02,6.417980000000000018e+02
8.933470610714285840e+02,4.576345200000000091e+02
8.936936694275093487e+02,5.252605999999999540e+02
8.350348000000000184e+02,4.423753699999999753e+02
8.946521913011152947e+02,4.747275399999999763e+02
8.952655311904761675e+02,4.747275399999999763e+02
8.956107131747212406e+02,4.747275399999999763e+02
8.334714999999999918e+02,4.493528999999999769e+02
8.965692350483271866e+02,4.462610999999999990e+02
8.971840013095238646e+02,4.462610999999999990e+02
8.975277569219331326e+02,4.462610999999999990e+02
8.312353000000000520e+02,4.568868400000000065e+02
8.984862787955390786e+02,5.307900399999999763e+02
8.991024714285714481e+02,5.307900399999999763e+02
8.994448006691450246e+02,6.343426500000000487e+02
8.295594499999999698e+02,4.668677999999999884e+02
9.004033225427509706e+02,7.090931399999999485e+02
9.010209415476190316e+02,4.398523000000000138e+02
9.013618444163569166e+02,4.398523000000000138e+02
8.267433499999999640e+02,4.815771500000000174e+02
9.023203662899628625e+02,4.398523000000000138e+02
9.029394116666667287e+02,4.398523000000000138e+02
9.032788881635688085e+02,4.398523000000000138e+02
8.241213400000000320e+02,4.957310800000000199e+02
9.042374100371747545e+02,5.355148000000000366e+02
9.048578817857143122e+02,5.355148000000000366e+02
9.051959319107807005e+02,5.355148000000000366e+02
8.214070000000000391e+02,5.109712999999999852e+02
9.061544537843866465e+02,4.320505400000000122e+02
9.067763519047618956e+02,6.269365000000000236e+02
9.071129756579925925e+02,6.269365000000000236e+02
8.183952000000000453e+02,5.291150999999999840e+02
9.080714975315985384e+02,7.054991499999999860e+02
9.086948220238095928e+02,7.054991499999999860e+02
9.090300194052044844e+02,7.054991499999999860e+02
8.152618999999999687e+02,5.478191000000000486e+02
9.099885412788104304e+02,4.260853299999999990e+02
9.106132921428571763e+02,5.383133500000000140e+02
9.109470631524163764e+02,5.383133500000000140e+02
8.116236599999999726e+02,5.662527999999999793e+02
9.119055850260223224e+02,4.353356999999999744e+02
9.125317622619047597e+02,4.285185500000000047e+02
9.128641068996282684e+02,4.266723600000000260e+02
8.080204499999999825e+02,5.876697000000000344e+02
9.138226287732342143e+02,6.195555399999999509e+02
9.144502323809524569e+02,6.980697000000000116e+02
9.147811506468401603e+02,6.980697000000000116e+02
8.038170000000000073e+02,6.054773000000000138e+02
9.157396725204462200e+02,6.980697000000000116e+02
9.163687025000000403e+02,6.980697000000000116e+02
9.166981943940521660e+02,6.980697000000000116e+02
7.995534699999999475e+02,6.237724600000000237e+02
9.176567162676581120e+02,5.391979000000000042e+02
9.182871726190476238e+02,5.391979000000000042e+02
9.186152381412640580e+02,5.391979000000000042e+02
7.948822599999999738e+02,6.443498499999999467e+02
9.195737600148700039e+02,5.391979000000000042e+02
9.202056427380952073e+02,5.391979000000000042e+02
9.205322818884759499e+02,5.391979000000000042e+02
7.902298600000000306e+02,6.601855500000000347e+02
9.214908037620818959e+02,6.121362000000000307e+02
9.221241128571429044e+02,6.898396000000000186e+02
9.224493256356878419e+02,6.898396000000000186e+02
7.855180699999999661e+02,6.740871600000000399e+02
9.234078475092937879e+02,6.898396000000000186e+02
9.240425829761904879e+02,6.898396000000000186e+02
9.243663693828997339e+02,6.898396000000000186e+02
7.799241299999999910e+02,6.894965999999999440e+02
9.253248912565056798e+02,5.391979000000000042e+02
9.259610530952380714e+02,5.391979000000000042e+02
9.262834131301116258e+02,5.391979000000000042e+02
7.755836000000000467e+02,7.016644000000000005e+02
9.272419350037175718e+02,5.391979000000000042e+02
9.278795232142857685e+02,6.823278999999999996e+02
9.282004568773235178e+02,6.823278999999999996e+02
7.718038000000000238e+02,7.093115000000000236e+02
9.291589787509294638e+02,6.039056399999999485e+02
9.297979933333333520e+02,6.039056399999999485e+02
9.301175006245354098e+02,6.039056399999999485e+02
7.686960400000000391e+02,7.145665000000000191e+02
9.310760224981413558e+02,6.767387999999999693e+02
9.317164634523809355e+02,6.767387999999999693e+02
9.320345443717473017e+02,6.767387999999999693e+02
7.370965599999999540e+02,7.160774000000000115e+02
9.329930662453532477e+02,6.767387999999999693e+02
9.336349335714286326e+02,6.767387999999999693e+02
9.339515881189591937e+02,6.767387999999999693e+02
7.354689300000000003e+02,7.110190400000000182e+02
9.349101099925651397e+02,6.672811000000000377e+02
9.355534036904762161e+02,6.672811000000000377e+02
9.358686318661710857e+02,6.672811000000000377e+02
7.352385000000000446e+02,7.038620600000000422e+02
9.368271537397770317e+02,6.672811000000000377e+02
9.374718738095237995e+02,6.672811000000000377e+02
9.377856756133829776e+02,6.672811000000000377e+02
7.366246300000000247e+02,6.959776600000000144e+02
9.387441974869889236e+02,5.946458999999999833e+02
9.393903439285714967e+02,5.946458999999999833e+02
9.397027193605948696e+02,5.349671600000000353e+02
7.396842000000000326e+02,6.885916999999999462e+02
9.406612412342008156e+02,6.578017599999999447e+02
9.413088140476190802e+02,6.578017599999999447e+02
9.416197631078067616e+02,6.578017599999999447e+02
7.427774699999999939e+02,6.812480500000000347e+02
9.425782849814127076e+02,6.578017599999999447e+02
9.432272841666666636e+02,6.578017599999999447e+02
9.435368068550186536e+02,6.578017599999999447e+02
7.481114499999999907e+02,6.728033400000000483e+02
9.444953287286245995e+02,6.462001999999999953e+02
9.451457542857142471e+02,6.462001999999999953e+02
9.454538506022305455e+02,6.462001999999999953e+02
7.570522499999999582e+02,6.596464999999999463e+02
9.464123724758364915e+02,6.462001999999999953e+02
9.470642244047619442e+02,6.462001999999999953e+02
9.473708943494424375e+02,6.462001999999999953e+02
7.710064999999999600e+02,6.429835000000000491e+02
9.483294162230483835e+02,5.852835700000000543e+02
9.489826945238095277e+02,5.852835700000000543e+02
9.492879380966543295e+02,5.852835700000000543e+02
7.855589599999999564e+02,6.272698000000000320e+02
9.502464599702602754e+02,5.275932599999999866e+02
9.509011646428571112e+02,5.275932599999999866e+02
9.512049818438662214e+02,5.275932599999999866e+02
7.980299999999999727e+02,6.130381999999999607e+02
9.521635037174721674e+02,5.275932599999999866e+02
9.528196347619048083e+02,6.313414299999999457e+02
9.531220255910781134e+02,6.313414299999999457e+02
8.110431499999999687e+02,5.948600000000000136e+02
9.540805474646840594e+02,6.313414299999999457e+02
9.547381048809523918e+02,6.313414299999999457e+02
9.550390693382900054e+02,6.313414299999999457e+02
8.258821000000000367e+02,5.760137999999999465e+02
9.559975912118959513e+02,5.771421000000000276e+02
9.566565749999999753e+02,5.771421000000000276e+02
9.569561130855018973e+02,5.771421000000000276e+02
8.406059999999999945e+02,5.578538999999999533e+02
9.579146349591078433e+02,5.771421000000000276e+02
9.585750451190476724e+02,5.771421000000000276e+02
9.588731568327137893e+02,5.771421000000000276e+02
8.522141000000000304e+02,5.402142300000000432e+02
9.598316787063197353e+02,6.169887999999999693e+02
9.604935152380952559e+02,6.169887999999999693e+02
9.607902005799256813e+02,6.169887999999999693e+02
8.633316700000000310e+02,5.238164000000000442e+02
9.617487224535316273e+02,5.184335999999999558e+02
9.624119853571428393e+02,5.184335999999999558e+02
9.627072443271375732e+02,5.184335999999999558e+02
8.770766599999999471e+02,5.045528600000000097e+02
9.636657662007435192e+02,5.184335999999999558e+02
9.643304554761905365e+02,5.184335999999999558e+02
9.646242880743494652e+02,5.184335999999999558e+02
8.872291999999999916e+02,4.884896200000000022e+02
9.655828099479554112e+02,5.978399699999999939e+02
9.662489255952381200e+02,5.978399699999999939e+02
9.665413318215613572e+02,5.978399699999999939e+02
8.949667399999999589e+02,4.747275399999999763e+02
9.674998536951673032e+02,5.678000500000000557e+02
9.681673957142857034e+02,5.678000500000000557e+02
9.684583755687732491e+02,5.678000500000000557e+02
9.001965000000000146e+02,4.654312699999999836e+02
9.694168974423791951e+02,5.678000500000000557e+02
9.700858658333334006e+02,5.678000500000000557e+02
9.703754193159852548e+02,5.678000500000000557e+02
9.058913599999999633e+02,4.524328600000000051e+02
9.713339411895912008e+02,5.777829600000000028e+02
9.720043359523809841e+02,5.777829600000000028e+02
9.722924630631971468e+02,5.777829600000000028e+02
9.099062999999999874e+02,4.424409200000000055e+02
9.732509849368030928e+02,5.069785200000000032e+02
9.739228060714285675e+02,5.069785200000000032e+02
9.742095068104090387e+02,5.069785200000000032e+02
9.118302999999999656e+02,4.353356999999999744e+02
9.751680286840149847e+02,5.069785200000000032e+02
9.758412761904762647e+02,5.069785200000000032e+02
9.761265505576209307e+02,5.069785200000000032e+02
9.126807000000000016e+02,4.308239699999999743e+02
9.770850724312268767e+02,5.552404999999999973e+02
9.777597463095238481e+02,5.552404999999999973e+02
9.780435943048328227e+02,5.552404999999999973e+02
9.126807000000000016e+02,4.285185500000000047e+02
9.790021161784387687e+02,5.552404999999999973e+02
9.796782164285714316e+02,5.585008500000000140e+02
9.799606380520447146e+02,5.585008500000000140e+02
9.126807000000000016e+02,4.266723600000000260e+02
9.809191599256506606e+02,5.585008500000000140e+02
9.815966865476190151e+02,5.585008500000000140e+02
9.818776817992566066e+02,5.585008500000000140e+02
9.123808999999999969e+02,4.254693599999999947e+02
9.828362036728625526e+02,5.351376000000000204e+02
9.835151566666667122e+02,5.351376000000000204e+02
9.837947255464684986e+02,5.351376000000000204e+02
9.113390000000000555e+02,4.254693599999999947e+02
9.847532474200744446e+02,4.917761199999999917e+02
9.854336267857142957e+02,4.917761199999999917e+02
9.857117692936803905e+02,4.917761199999999917e+02
9.099883999999999560e+02,4.260853299999999990e+02
9.866702911672863365e+02,4.917761199999999917e+02
9.873520969047618792e+02,4.917761199999999917e+02
9.876288130408922825e+02,4.917761199999999917e+02
9.060534999999999854e+02,4.320505400000000122e+02
9.885873349144982285e+02,5.092321800000000280e+02
9.892705670238095763e+02,5.092321800000000280e+02
9.895458567881041745e+02,5.092321800000000280e+02
9.010671399999999949e+02,4.398523000000000138e+02
9.905043786617101205e+02,5.092321800000000280e+02
9.911890371428571598e+02,5.092321800000000280e+02
9.914629005353160665e+02,5.092321800000000280e+02
8.979850999999999885e+02,4.462610999999999990e+02
9.924214224089220124e+02,5.483029999999999973e+02
9.931075072619047432e+02,4.753973399999999856e+02
9.933799442825279584e+02,4.753973399999999856e+02
8.932866000000000213e+02,4.576345200000000091e+02
9.943384661561339044e+02,4.753973399999999856e+02
9.950259773809524404e+02,4.753973399999999856e+02
9.952969880297398504e+02,4.753973399999999856e+02
8.897322000000000344e+02,4.679614300000000071e+02
9.962555099033457964e+02,4.861712600000000180e+02
9.969444475000000239e+02,4.861712600000000180e+02
9.972140317769517424e+02,4.861712600000000180e+02
8.868256999999999834e+02,4.831399999999999864e+02
9.981725536505576883e+02,4.861712600000000180e+02
9.988629176190476073e+02,4.861712600000000180e+02
9.991310755241636343e+02,4.861712600000000180e+02
8.861893999999999778e+02,4.953860000000000241e+02
1.000089597397769580e+03,4.628029799999999909e+02
1.000781387738095304e+03,4.628029799999999909e+02
1.001048119271375526e+03,4.628029799999999909e+02
8.864533699999999499e+02,5.060038999999999874e+02
1.002006641144981472e+03,4.628029799999999909e+02
1.002699857857142888e+03,5.353320300000000316e+02
1.002965163018587418e+03,5.353320300000000316e+02
8.882935999999999694e+02,5.146925999999999704e+02
1.003923684892193364e+03,5.353320300000000316e+02
1.004618327976190471e+03,4.599166299999999978e+02
1.004882206765799310e+03,4.599166299999999978e+02
8.903567000000000462e+02,5.202449000000000296e+02
1.005840728639405256e+03,4.530001199999999812e+02
1.006536798095238055e+03,4.530001199999999812e+02
1.006799250513011202e+03,4.530001199999999812e+02
8.937295000000000300e+02,5.252605999999999540e+02
1.007757772386617148e+03,4.523338600000000156e+02
1.008455268214285752e+03,4.523338600000000156e+02
1.008716294260223094e+03,4.523338600000000156e+02
8.987995600000000422e+02,5.307900399999999763e+02
1.009674816133829040e+03,4.452486599999999726e+02
1.010373738333333336e+03,4.413292200000000207e+02
1.010633338007434986e+03,4.413292200000000207e+02
9.049654500000000326e+02,5.355148000000000366e+02
1.011591859881040932e+03,4.440803199999999720e+02
1.012292208452380919e+03,4.440803199999999720e+02
1.012550381754646878e+03,4.440803199999999720e+02
9.111970999999999776e+02,5.383133500000000140e+02
1.013508903628252824e+03,4.378221399999999903e+02
1.014210678571428616e+03,5.253460700000000543e+02
1.014467425501858770e+03,5.253460700000000543e+02
9.200622600000000375e+02,5.391979000000000042e+02
1.015425947375464716e+03,4.323968499999999722e+02
1.016129148690476200e+03,4.323968499999999722e+02
1.016384469249070662e+03,4.323968499999999722e+02
9.276064999999999827e+02,5.391979000000000042e+02
1.017342991122676608e+03,4.323968499999999722e+02
1.018047618809523783e+03,4.323968499999999722e+02
1.018301512996282554e+03,4.323968499999999722e+02
9.396556000000000495e+02,5.349671600000000353e+02
1.019260034869888500e+03,5.151498000000000275e+02
1.019966088928571480e+03,5.151498000000000275e+02
1.020218556743494446e+03,5.151498000000000275e+02
9.521264999999999645e+02,5.275932599999999866e+02
1.021177078617100392e+03,5.151498000000000275e+02
1.021884559047619064e+03,5.151498000000000275e+02
1.022135600490706338e+03,5.151498000000000275e+02
9.643364000000000260e+02,5.184335999999999558e+02
1.023094122364312284e+03,5.151498000000000275e+02
1.023803029166666647e+03,5.151498000000000275e+02
1.024052644237918230e+03,5.151498000000000275e+02
9.747579299999999876e+02,5.069785200000000032e+02
1.025011166111524290e+03,5.509649699999999939e+02
1.025721499285714344e+03,5.509649699999999939e+02
1.025969687985130122e+03,5.509649699999999939e+02
9.846123000000000047e+02,4.917761199999999917e+02
1.026928209858736182e+03,5.472226600000000190e+02
1.027639969404761814e+03,5.535907999999999447e+02
1.027886731732342014e+03,5.535907999999999447e+02
9.940575999999999794e+02,4.753973399999999856e+02
1.028845253605948074e+03,5.406556399999999485e+02
1.029558439523809511e+03,5.555346700000000055e+02
1.029803775479553906e+03,5.555346700000000055e+02
1.001474370000000022e+03,4.628029799999999909e+02
1.030762297353159965e+03,5.555346700000000055e+02
1.031476909642857208e+03,5.555346700000000055e+02
1.031720819226765798e+03,5.555346700000000055e+02
1.007908300000000054e+03,4.523338600000000156e+02
1.032679341100371857e+03,5.292204600000000028e+02
1.033395379761904678e+03,5.292204600000000028e+02
1.033637862973977690e+03,5.292204600000000028e+02
1.011793599999999969e+03,4.440803199999999720e+02
1.034596384847583749e+03,5.572589000000000397e+02
1.035313849880952375e+03,5.035374800000000164e+02
1.035554906721189582e+03,5.035374800000000164e+02
1.014115499999999997e+03,4.388542499999999791e+02
1.036513428594795641e+03,5.035374800000000164e+02
1.037232320000000072e+03,5.035374800000000164e+02
1.037471950468401474e+03,5.035374800000000164e+02
1.015168099999999981e+03,4.360944799999999759e+02
1.038430472342007533e+03,5.591208500000000186e+02
1.039150790119047542e+03,5.591208500000000186e+02
1.039388994215613366e+03,5.591208500000000186e+02
1.015647199999999998e+03,4.342413300000000049e+02
1.040347516089219425e+03,5.591208500000000186e+02
1.041069260238095239e+03,5.591208500000000186e+02
1.041306037962825258e+03,5.591208500000000186e+02
1.015647199999999998e+03,4.323968499999999722e+02
1.042264559836431317e+03,5.122251999999999725e+02
1.042987730357142709e+03,5.122251999999999725e+02
1.043223081710037150e+03,5.122251999999999725e+02
1.015647199999999998e+03,4.325774000000000115e+02
1.044181603583643209e+03,5.122251999999999725e+02
1.044906200476190406e+03,5.122251999999999725e+02
1.045140125457249042e+03,5.122251999999999725e+02
1.014962400000000002e+03,4.341236599999999726e+02
1.046098647330855101e+03,4.907277799999999957e+02
1.046824670595238103e+03,4.907277799999999957e+02
1.047057169204460934e+03,4.907277799999999957e+02
1.013196530000000052e+03,4.378221399999999903e+02
1.048015691078066993e+03,4.907277799999999957e+02
1.048743140714285573e+03,4.907277799999999957e+02
1.048974212951672826e+03,4.907277799999999957e+02
1.011223629999999957e+03,4.413292200000000207e+02
1.049932734825278885e+03,5.596334000000000515e+02
1.050661610833333270e+03,5.596334000000000515e+02
1.050891256698884717e+03,5.596334000000000515e+02
1.009228899999999953e+03,4.452486599999999726e+02
1.051849778572490777e+03,5.008249500000000012e+02
1.052580080952380968e+03,5.008249500000000012e+02
1.052808300446096609e+03,5.008249500000000012e+02
1.006754400000000032e+03,4.530001199999999812e+02
1.053766822319702669e+03,5.008249500000000012e+02
1.054498551071428437e+03,5.008249500000000012e+02
1.054725344193308501e+03,5.008249500000000012e+02
1.004227660000000014e+03,4.599166299999999978e+02
1.055683866066914561e+03,4.796272000000000162e+02
1.056417021190476135e+03,4.796272000000000162e+02
1.056642387940520393e+03,4.796272000000000162e+02
9.969898699999999963e+02,4.861712600000000180e+02
1.057600909814126453e+03,4.796272000000000162e+02
1.058335491309523832e+03,4.796272000000000162e+02
1.058559431687732285e+03,4.796272000000000162e+02
9.912947000000000344e+02,5.092321800000000280e+02
1.059517953561338345e+03,4.796272000000000162e+02
1.060253961428571301e+03,4.796272000000000162e+02
1.060476475434944177e+03,4.796272000000000162e+02
9.845714000000000397e+02,5.351376000000000204e+02
1.061434997308550237e+03,5.582626000000000204e+02
1.062172431547618999e+03,4.891360000000000241e+02
1.062393519182156069e+03,4.891360000000000241e+02
9.789192000000000462e+02,5.552404999999999973e+02
1.063352041055762129e+03,4.891360000000000241e+02
1.064090901666666696e+03,4.891360000000000241e+02
1.064310562929367961e+03,4.891360000000000241e+02
9.720547000000000253e+02,5.777829600000000028e+02
1.065269084802974021e+03,4.703374000000000024e+02
1.066009371785714166e+03,4.703374000000000024e+02
1.066227606676579853e+03,4.703374000000000024e+02
9.666629599999999982e+02,5.978399699999999939e+02
1.067186128550185913e+03,4.703374000000000024e+02
1.067927841904761863e+03,4.703374000000000024e+02
1.068144650423791745e+03,4.703374000000000024e+02
9.595997300000000223e+02,6.169887999999999693e+02
1.069103172297397805e+03,4.703374000000000024e+02
1.069846312023809560e+03,4.703374000000000024e+02
1.070061694171003637e+03,4.703374000000000024e+02
9.532261399999999867e+02,6.313414299999999457e+02
1.071020216044609697e+03,4.767922399999999925e+02
1.071764782142857030e+03,4.767922399999999925e+02
1.071978737918215529e+03,4.767922399999999925e+02
9.473831999999999880e+02,6.462001999999999953e+02
1.072937259791821589e+03,4.767922399999999925e+02
1.073683252261904727e+03,5.552651399999999740e+02
1.073895781665427421e+03,5.552651399999999740e+02
9.428418000000000347e+02,6.578017599999999447e+02
1.074854303539033481e+03,4.640790999999999826e+02
1.075601722380952424e+03,4.640790999999999826e+02
1.075812825412639313e+03,4.640790999999999826e+02
9.378573999999999842e+02,6.672811000000000377e+02
1.076771347286245373e+03,4.640790999999999826e+02
1.077520192499999894e+03,4.640790999999999826e+02
1.077729869159851205e+03,4.640790999999999826e+02
9.324939000000000533e+02,6.767387999999999693e+02
1.078688391033457265e+03,4.640790999999999826e+02
1.079438662619047591e+03,4.640790999999999826e+02
1.079646912907063324e+03,4.640790999999999826e+02
9.277817000000000007e+02,6.823278999999999996e+02
1.080605434780669157e+03,4.670716600000000085e+02
1.081357132738095288e+03,4.670716600000000085e+02
1.081563956654275216e+03,4.670716600000000085e+02
9.220185500000000047e+02,6.898396000000000186e+02
1.082522478527881049e+03,4.670716600000000085e+02
1.083275602857142758e+03,4.670716600000000085e+02
1.083481000401487108e+03,4.670716600000000085e+02
9.153139599999999518e+02,6.980697000000000116e+02
1.084439522275092941e+03,4.585263699999999858e+02
1.085194072976190455e+03,4.585263699999999858e+02
1.085398044148699000e+03,4.585263699999999858e+02
9.075122000000000071e+02,7.054991499999999860e+02
1.086356566022304833e+03,5.466041000000000167e+02
1.087112543095238152e+03,5.466041000000000167e+02
1.087315087895910892e+03,5.466041000000000167e+02
9.003081700000000183e+02,7.090931399999999485e+02
1.088273609769516725e+03,5.466041000000000167e+02
1.089031013214285622e+03,5.466041000000000167e+02
1.089232131643122784e+03,5.466041000000000167e+02
8.934579999999999700e+02,7.117525600000000168e+02
1.090190653516728617e+03,4.602265600000000063e+02
1.090949483333333319e+03,4.602265600000000063e+02
1.091149175390334676e+03,4.602265600000000063e+02
8.879240999999999531e+02,7.124559299999999666e+02
1.092107697263940508e+03,4.551471000000000231e+02
1.092867953452381016e+03,4.551471000000000231e+02
1.093066219137546568e+03,4.551471000000000231e+02
8.827013500000000477e+02,7.124559299999999666e+02
1.094024741011152400e+03,4.527707500000000209e+02
1.094786423571428486e+03,4.527707500000000209e+02
1.094983262884758460e+03,4.527707500000000209e+02
8.795081999999999880e+02,7.111626999999999725e+02
1.095941784758364292e+03,4.527707500000000209e+02
1.096704893690476183e+03,4.527707500000000209e+02
1.096900306631970352e+03,4.527707500000000209e+02
8.769106399999999439e+02,7.093274000000000115e+02
1.097858828505576184e+03,4.527707500000000209e+02
1.098623363809523880e+03,4.545223399999999856e+02
1.098817350379182244e+03,4.545223399999999856e+02
8.745824000000000069e+02,7.069280999999999722e+02
1.099775872252788076e+03,4.545223399999999856e+02
1.100541833928571350e+03,4.545223399999999856e+02
1.100734394126394136e+03,4.545223399999999856e+02
8.730045000000000073e+02,7.035108599999999797e+02
1.101692915999999968e+03,5.340936000000000377e+02
1.102460304047619047e+03,5.340936000000000377e+02
1.102651437873606028e+03,5.340936000000000377e+02
8.713112999999999602e+02,6.986558999999999742e+02
1.103609959747211860e+03,4.508016400000000203e+02
1.104378774166666744e+03,4.508016400000000203e+02
1.104568481620817920e+03,4.508016400000000203e+02
8.702674600000000282e+02,6.941860400000000482e+02
1.105527003494423752e+03,4.505466299999999933e+02
1.106297244285714214e+03,4.505466299999999933e+02
1.106485525368029812e+03,4.505466299999999933e+02
8.696947599999999738e+02,6.903519000000000005e+02
1.107444047241635872e+03,4.489461699999999951e+02
1.108215714404761911e+03,4.489461699999999951e+02
1.108402569115241704e+03,4.489461699999999951e+02
8.696947599999999738e+02,6.866795700000000124e+02
1.109361090988847764e+03,4.485705600000000004e+02
1.110134184523809608e+03,4.485705600000000004e+02
1.110319612862453596e+03,4.485705600000000004e+02
8.702436000000000149e+02,6.820726300000000037e+02
1.111278134736059656e+03,4.485705600000000004e+02
1.112052654642857078e+03,4.485705600000000004e+02
1.112236656609665488e+03,4.485705600000000004e+02
8.718677400000000262e+02,6.764529999999999745e+02
1.113195178483271548e+03,5.229469000000000278e+02
1.113971124761904775e+03,5.229469000000000278e+02
1.114153700356877380e+03,5.229469000000000278e+02
8.729393999999999778e+02,6.729252999999999929e+02
1.115112222230483439e+03,5.229469000000000278e+02
1.115889594880952473e+03,5.229469000000000278e+02
1.116070744104089272e+03,5.229469000000000278e+02
8.750411400000000413e+02,6.691893300000000409e+02
1.117029265977695331e+03,4.985733599999999797e+02
1.117808064999999942e+03,4.985733599999999797e+02
1.117987787851301164e+03,4.985733599999999797e+02
8.778169000000000324e+02,6.633665999999999485e+02
1.118946309724907223e+03,4.985733599999999797e+02
1.119726535119047639e+03,4.909631299999999783e+02
1.119904831598513056e+03,4.909631299999999783e+02
8.819158300000000281e+02,6.565157500000000255e+02
1.120863353472119115e+03,5.075947300000000268e+02
1.121645005238095337e+03,5.160381999999999607e+02
1.121821875345724948e+03,5.160381999999999607e+02
8.871361000000000558e+02,6.490921600000000353e+02
1.122780397219331007e+03,4.719664300000000026e+02
1.123563475357142806e+03,4.650332000000000221e+02
1.123738919092936840e+03,4.650332000000000221e+02
8.928963599999999587e+02,6.417980000000000018e+02
1.124697440966542899e+03,5.261738000000000284e+02
1.125481945476190504e+03,4.594820599999999899e+02
1.125655962840148732e+03,4.594820599999999899e+02
8.997359999999999900e+02,6.343426500000000487e+02
1.126614484713754791e+03,5.109275999999999840e+02
1.127400415595238201e+03,5.354433599999999842e+02
1.127573006587360624e+03,5.354433599999999842e+02
9.065273999999999432e+02,6.269365000000000236e+02
1.128531528460966683e+03,5.354433599999999842e+02
1.129318885714285670e+03,4.534198000000000093e+02
1.129490050334572516e+03,4.534198000000000093e+02
9.133492999999999711e+02,6.195555399999999509e+02
1.130448572208178575e+03,4.534198000000000093e+02
1.131237355833333368e+03,5.427938000000000329e+02
1.131407094081784408e+03,5.427938000000000329e+02
9.210981000000000449e+02,6.121362000000000307e+02
1.132365615955390467e+03,4.514636199999999917e+02
1.133155825952381065e+03,4.514636199999999917e+02
1.133324137828996300e+03,4.514636199999999917e+02
9.293473999999999933e+02,6.039056399999999485e+02
1.134282659702602359e+03,5.460909400000000460e+02
1.135074296071428535e+03,4.503475300000000061e+02
1.135241181576208191e+03,4.503475300000000061e+02
9.392660499999999502e+02,5.946458999999999833e+02
1.136199703449814251e+03,4.503475300000000061e+02
1.136992766190476232e+03,4.503475300000000061e+02
1.137158225323420083e+03,4.503475300000000061e+02
9.492997400000000425e+02,5.852835700000000543e+02
1.138116747197026143e+03,4.503475300000000061e+02
1.138911236309523929e+03,5.499936500000000024e+02
1.139075269070631975e+03,5.499936500000000024e+02
9.584601000000000113e+02,5.771421000000000276e+02
1.140033790944238035e+03,4.890329600000000028e+02
1.140829706428571399e+03,4.503475300000000061e+02
1.140992312817843867e+03,4.503475300000000061e+02
9.686520000000000437e+02,5.678000500000000557e+02
1.141950834691449927e+03,4.503475300000000061e+02
1.142748176547619096e+03,4.514316400000000158e+02
1.142909356565055759e+03,4.514316400000000158e+02
9.798884000000000469e+02,5.585008500000000140e+02
1.143867878438661819e+03,4.514316400000000158e+02
1.144666646666666793e+03,4.532822300000000268e+02
1.144826400312267651e+03,4.532822300000000268e+02
9.918712000000000444e+02,5.483029999999999973e+02
1.145784922185873711e+03,4.551297599999999761e+02
1.146585116785714263e+03,4.573716999999999757e+02
1.146743444059479543e+03,4.573716999999999757e+02
1.003880400000000009e+03,5.353320300000000316e+02
1.147701965933085603e+03,4.703598600000000260e+02
1.148503586904761960e+03,4.653272699999999986e+02
1.148660487806691435e+03,4.653272699999999986e+02
1.014139400000000023e+03,5.253460700000000543e+02
1.149619009680297495e+03,4.653272699999999986e+02
1.150422057023809430e+03,4.653272699999999986e+02
1.150577531553903327e+03,4.653272699999999986e+02
1.024210299999999961e+03,5.151498000000000275e+02
1.151536053427509387e+03,5.565633500000000140e+02
1.152340527142857127e+03,5.565633500000000140e+02
1.152494575301115219e+03,5.565633500000000140e+02
1.036347899999999981e+03,5.035374800000000164e+02
1.153453097174721279e+03,5.565633500000000140e+02
1.154258997261904824e+03,5.565633500000000140e+02
1.154411619048327111e+03,5.565633500000000140e+02
1.048252999999999929e+03,4.907277799999999957e+02
1.155370140921933171e+03,5.565633500000000140e+02
1.156177467380952294e+03,5.565633500000000140e+02
1.156328662795539003e+03,5.565633500000000140e+02
1.060178699999999935e+03,4.796272000000000162e+02
1.157287184669145063e+03,5.565633500000000140e+02
1.158095937499999991e+03,5.565633500000000140e+02
1.158245706542750895e+03,5.565633500000000140e+02
1.069580999999999904e+03,4.703374000000000024e+02
1.159204228416356955e+03,5.565633500000000140e+02
1.160014407619047688e+03,5.565633500000000140e+02
1.160162750289962787e+03,5.565633500000000140e+02
1.077263200000000097e+03,4.640790999999999826e+02
1.161121272163568847e+03,5.559169000000000551e+02
1.161932877738095158e+03,5.559169000000000551e+02
1.162079794037174906e+03,5.559169000000000551e+02
1.085051799999999957e+03,4.585263699999999858e+02
1.163038315910780739e+03,5.559169000000000551e+02
1.163851347857142855e+03,5.559169000000000551e+02
1.163996837784386798e+03,5.559169000000000551e+02
1.091519500000000107e+03,4.551471000000000231e+02
1.164955359657992631e+03,5.559169000000000551e+02
1.165769817976190552e+03,5.559169000000000551e+02
1.165913881531598690e+03,5.559169000000000551e+02
1.097438699999999926e+03,4.527707500000000209e+02
1.166872403405204523e+03,5.559169000000000551e+02
1.167688288095238022e+03,5.559169000000000551e+02
1.167830925278810582e+03,5.559169000000000551e+02
1.103840699999999970e+03,4.508016400000000203e+02
1.168789447152416415e+03,5.559169000000000551e+02
1.169606758214285719e+03,5.559169000000000551e+02
1.169747969026022474e+03,5.559169000000000551e+02
1.107483199999999897e+03,4.489461699999999951e+02
1.170706490899628307e+03,5.559169000000000551e+02
1.171525228333333416e+03,5.559169000000000551e+02
1.171665012773234366e+03,5.559169000000000551e+02
1.109780600000000049e+03,4.485705600000000004e+02
1.172623534646840199e+03,5.559169000000000551e+02
1.173443698452380886e+03,5.559169000000000551e+02
1.173582056520446258e+03,5.559169000000000551e+02
1.111486900000000105e+03,4.485705600000000004e+02
1.174540578394052091e+03,5.559169000000000551e+02
1.175362168571428583e+03,5.559169000000000551e+02
1.175499100267658150e+03,5.559169000000000551e+02
1.111615999999999985e+03,4.485705600000000004e+02
1.176457622141263982e+03,5.494156500000000278e+02
1.177280638690476280e+03,5.494156500000000278e+02
1.177416144014870042e+03,5.494156500000000278e+02
1.111615999999999985e+03,4.485705600000000004e+02
1.178374665888475874e+03,5.494156500000000278e+02
1.179199108809523750e+03,5.494156500000000278e+02
1.179333187762081934e+03,5.494156500000000278e+02
1.110586199999999963e+03,4.485705600000000004e+02
1.180291709635687766e+03,5.494156500000000278e+02
1.181117578928571447e+03,5.494156500000000278e+02
1.181250231509293826e+03,5.494156500000000278e+02
1.109149400000000014e+03,4.485705600000000004e+02
1.182208753382899658e+03,5.494156500000000278e+02
1.183036049047619144e+03,5.494156500000000278e+02
1.183167275256505718e+03,5.494156500000000278e+02
1.105170000000000073e+03,4.505466299999999933e+02
1.184125797130111550e+03,5.494156500000000278e+02
1.184954519166666614e+03,5.494156500000000278e+02
1.185084319003717610e+03,5.494156500000000278e+02
1.098571999999999889e+03,4.545223399999999856e+02
1.186042840877323442e+03,4.038641400000000203e+02
1.186872989285714311e+03,4.038641400000000203e+02
1.187001362750929502e+03,3.992714799999999968e+02
1.090817500000000109e+03,4.602265600000000063e+02
1.187959884624535334e+03,4.066679700000000253e+02
1.188791459404762008e+03,4.066679700000000253e+02
1.188918406498141394e+03,4.066679700000000253e+02
1.082802500000000009e+03,4.670716600000000085e+02
1.189876928371747226e+03,4.066679700000000253e+02
1.190709929523809478e+03,4.066679700000000253e+02
1.190835450245353286e+03,4.066679700000000253e+02
1.073171599999999899e+03,4.767922399999999925e+02
1.191793972118959118e+03,3.925139199999999846e+02
1.192628399642857175e+03,3.925139199999999846e+02
1.192752493992565178e+03,3.925139199999999846e+02
1.062085399999999936e+03,4.891360000000000241e+02
1.193711015866171010e+03,4.109159000000000219e+02
1.194546869761904873e+03,4.109159000000000219e+02
1.194669537739777070e+03,4.109159000000000219e+02
1.051698499999999967e+03,5.008249500000000012e+02
1.195628059613382902e+03,4.109159000000000219e+02
1.196465339880952342e+03,4.109159000000000219e+02
1.196586581486988962e+03,4.109159000000000219e+02
1.043043200000000070e+03,5.122251999999999725e+02
1.197545103360594794e+03,5.373715999999999440e+02
1.198383810000000040e+03,5.373715999999999440e+02
1.198503625234200854e+03,5.373715999999999440e+02
1.033679200000000037e+03,5.292204600000000028e+02
1.199462147107806686e+03,5.373715999999999440e+02
1.200302280119047737e+03,5.373715999999999440e+02
1.200420668981412746e+03,5.373715999999999440e+02
1.028762699999999995e+03,5.406556399999999485e+02
1.201379190855018578e+03,5.373715999999999440e+02
1.202220750238095206e+03,5.373715999999999440e+02
1.202337712728624638e+03,5.373715999999999440e+02
1.027138099999999895e+03,5.472226600000000190e+02
1.203296234602230470e+03,4.168358200000000124e+02
1.204139220357142904e+03,4.168358200000000124e+02
1.204254756475836530e+03,4.168358200000000124e+02
1.026643700000000081e+03,5.509649699999999939e+02
1.205213278349442362e+03,4.168358200000000124e+02
1.206057690476190373e+03,4.168358200000000124e+02
1.206171800223048422e+03,4.168358200000000124e+02
1.027742799999999988e+03,5.535907999999999447e+02
1.207130322096654254e+03,3.823507000000000176e+02
1.207976160595238071e+03,3.823507000000000176e+02
1.208088843970260314e+03,3.823507000000000176e+02
1.029529700000000048e+03,5.555346700000000055e+02
1.209047365843866146e+03,3.823507000000000176e+02
1.209894630714285768e+03,3.823507000000000176e+02
1.210005887717472206e+03,3.823507000000000176e+02
1.034123700000000099e+03,5.572589000000000397e+02
1.210964409591078038e+03,3.823507000000000176e+02
1.211813100833333237e+03,3.823507000000000176e+02
1.211922931464684098e+03,3.823507000000000176e+02
1.041331200000000081e+03,5.591208500000000186e+02
1.212881453338289930e+03,5.224469000000000278e+02
1.213731570952380935e+03,5.224469000000000278e+02
1.213839975211895990e+03,5.224469000000000278e+02
1.050637500000000045e+03,5.596334000000000515e+02
1.214798497085501822e+03,5.224469000000000278e+02
1.215650041071428632e+03,5.224469000000000278e+02
1.215757018959107882e+03,5.224469000000000278e+02
1.060890100000000075e+03,5.582626000000000204e+02
1.216715540832713941e+03,5.224469000000000278e+02
1.217568511190476102e+03,5.224469000000000278e+02
1.217674062706319773e+03,5.224469000000000278e+02
1.073280799999999999e+03,5.552651399999999740e+02
1.218632584579925833e+03,4.275682400000000030e+02
1.219486981309523799e+03,4.275682400000000030e+02
1.219591106453531665e+03,4.275682400000000030e+02
1.087753799999999956e+03,5.466041000000000167e+02
1.220549628327137725e+03,4.275682400000000030e+02
1.221405451428571496e+03,4.275682400000000030e+02
1.221508150200743557e+03,4.275682400000000030e+02
1.103273699999999963e+03,5.340936000000000377e+02
1.222466672074349617e+03,4.275682400000000030e+02
1.223323921547618966e+03,4.275682400000000030e+02
1.223425193947955449e+03,4.275682400000000030e+02
1.115963999999999942e+03,5.229469000000000278e+02
1.224383715821561509e+03,5.068299600000000282e+02
1.225242391666666663e+03,5.068299600000000282e+02
1.225342237695167341e+03,5.068299600000000282e+02
1.126474500000000035e+03,5.109275999999999840e+02
1.226300759568773401e+03,5.068299600000000282e+02
1.227160861785714360e+03,5.068299600000000282e+02
1.227259281442379233e+03,5.068299600000000282e+02
1.134820899999999938e+03,4.988915999999999826e+02
1.228217803315985293e+03,3.784078400000000215e+02
1.229079331904761830e+03,3.784078400000000215e+02
1.229176325189591125e+03,3.784078400000000215e+02
1.139790799999999990e+03,4.890329600000000028e+02
1.230134847063197185e+03,3.784078400000000215e+02
1.230997802023809527e+03,3.784078400000000215e+02
1.231093368936803017e+03,3.784078400000000215e+02
1.145465500000000020e+03,4.759351800000000026e+02
1.232051890810409077e+03,4.416247599999999807e+02
1.232916272142857224e+03,4.416247599999999807e+02
1.233010412684014909e+03,4.416247599999999807e+02
1.147657799999999952e+03,4.703598600000000260e+02
1.233968934557620969e+03,4.416247599999999807e+02
1.234834742261904694e+03,4.416247599999999807e+02
1.234927456431226801e+03,4.416247599999999807e+02
1.148104100000000017e+03,4.653272699999999986e+02
1.235885978304832861e+03,4.829098000000000184e+02
1.236753212380952391e+03,4.829098000000000184e+02
1.236844500178438693e+03,4.829098000000000184e+02
1.147870599999999968e+03,4.610677499999999895e+02
1.237803022052044753e+03,4.544692400000000134e+02
1.238671682500000088e+03,4.544692400000000134e+02
1.238761543925650585e+03,4.544692400000000134e+02
1.146830899999999929e+03,4.573716999999999757e+02
1.239720065799256645e+03,4.544692400000000134e+02
1.240590152619047558e+03,4.673325199999999882e+02
1.240678587672862477e+03,4.673325199999999882e+02
1.145796000000000049e+03,4.551297599999999761e+02
1.241637109546468537e+03,4.673325199999999882e+02
1.242508622738095255e+03,4.673325199999999882e+02
1.242595631420074369e+03,4.673325199999999882e+02
1.144756699999999910e+03,4.532822300000000268e+02
1.243554153293680429e+03,4.673325199999999882e+02
1.244427092857142952e+03,4.673325199999999882e+02
1.244512675167286261e+03,4.673325199999999882e+02
1.143215799999999945e+03,4.514316400000000158e+02
1.245471197040892321e+03,3.802733200000000124e+02
1.246345562976190422e+03,3.802733200000000124e+02
1.246429718914498153e+03,3.802733200000000124e+02
1.141246499999999969e+03,4.503475300000000061e+02
1.247388240788104213e+03,3.802733200000000124e+02
1.248264033095238119e+03,3.802733200000000124e+02
1.248346762661710045e+03,3.802733200000000124e+02
1.139632700000000114e+03,4.503475300000000061e+02
1.249305284535316105e+03,3.802733200000000124e+02
1.250182503214285816e+03,3.802733200000000124e+02
1.250263806408921937e+03,3.802733200000000124e+02
1.138088299999999890e+03,4.503475300000000061e+02
1.251222328282527997e+03,5.409577600000000075e+02
1.252100973333333286e+03,5.409577600000000075e+02
1.252180850156133829e+03,5.409577600000000075e+02
1.137054799999999886e+03,4.503475300000000061e+02
1.253139372029739889e+03,5.363061500000000024e+02
1.254019443452380983e+03,5.363061500000000024e+02
1.254097893903345721e+03,5.363061500000000024e+02
1.134929100000000062e+03,4.503475300000000061e+02
1.255056415776951781e+03,5.363061500000000024e+02
1.255937913571428680e+03,5.363061500000000024e+02
1.256014937650557613e+03,5.363061500000000024e+02
1.132852799999999888e+03,4.514636199999999917e+02
1.256973459524163673e+03,5.254344499999999698e+02
1.257856383690476150e+03,5.254344499999999698e+02
1.257931981397769505e+03,5.254344499999999698e+02
1.130652000000000044e+03,4.534198000000000093e+02
1.258890503271375565e+03,5.254344499999999698e+02
1.259774853809523847e+03,5.254344499999999698e+02
1.259849025144981397e+03,5.254344499999999698e+02
1.126470700000000079e+03,4.594820599999999899e+02
1.260807547018587456e+03,5.468028600000000097e+02
1.261693323928571544e+03,5.468028600000000097e+02
1.261766068892193289e+03,5.468028600000000097e+02
1.124102300000000014e+03,4.650332000000000221e+02
1.262724590765799348e+03,3.869069799999999759e+02
1.263611794047619014e+03,3.869069799999999759e+02
1.263683112639405181e+03,3.869069799999999759e+02
1.122029500000000098e+03,4.719664300000000026e+02
1.264641634513011240e+03,3.869069799999999759e+02
1.265530264166666711e+03,5.145318600000000515e+02
1.265600156386617073e+03,5.145318600000000515e+02
1.120457499999999982e+03,4.822742999999999824e+02
1.266558678260223132e+03,5.145318600000000515e+02
1.267448734285714409e+03,5.145318600000000515e+02
1.267517200133828965e+03,5.145318600000000515e+02
1.119613399999999956e+03,4.909631299999999783e+02
1.268475722007435024e+03,5.145318600000000515e+02
1.269367204404761878e+03,5.145318600000000515e+02
1.269434243881040857e+03,5.145318600000000515e+02
1.119523100000000113e+03,4.985733599999999797e+02
1.270392765754646916e+03,4.985842299999999909e+02
1.271285674523809575e+03,4.985842299999999909e+02
1.271351287628252976e+03,4.985842299999999909e+02
1.120565700000000106e+03,5.075947300000000268e+02
1.272309809501858808e+03,4.985842299999999909e+02
1.273204144642857045e+03,4.985842299999999909e+02
1.273268331375464868e+03,4.985842299999999909e+02
1.121604399999999941e+03,5.160381999999999607e+02
1.274226853249070700e+03,4.985842299999999909e+02
1.275122614761904742e+03,3.936771200000000022e+02
1.275185375122676760e+03,3.936771200000000022e+02
1.124197400000000016e+03,5.261738000000000284e+02
1.276143896996282592e+03,3.936771200000000022e+02
1.277041084880952440e+03,3.936771200000000022e+02
1.277102418869888652e+03,3.936771200000000022e+02
1.127920299999999997e+03,5.354433599999999842e+02
1.278060940743494484e+03,4.021188999999999965e+02
1.278959554999999909e+03,4.021188999999999965e+02
1.279019462617100544e+03,4.021188999999999965e+02
1.131633199999999988e+03,5.427938000000000329e+02
1.279977984490706376e+03,4.021188999999999965e+02
1.280878025119047606e+03,4.021188999999999965e+02
1.280936506364312436e+03,4.021188999999999965e+02
1.134177100000000110e+03,5.460909400000000460e+02
1.281895028237918268e+03,4.021188999999999965e+02
1.282796495238095304e+03,4.809941400000000158e+02
1.282853550111524328e+03,4.809941400000000158e+02
1.139257399999999961e+03,5.499936500000000024e+02
1.283812071985130160e+03,4.809941400000000158e+02
1.284714965357142773e+03,4.809941400000000158e+02
1.284770593858736220e+03,4.809941400000000158e+02
1.145962600000000066e+03,5.542392599999999447e+02
1.285729115732342052e+03,4.592387699999999882e+02
1.286633435476190471e+03,4.592387699999999882e+02
1.286687637605948112e+03,4.592387699999999882e+02
1.155053300000000036e+03,5.565633500000000140e+02
1.287646159479553944e+03,4.592387699999999882e+02
1.288551905595238168e+03,4.592387699999999882e+02
1.288604681353160004e+03,4.592387699999999882e+02
1.167534000000000106e+03,5.559169000000000551e+02
1.289563203226765836e+03,5.480828999999999951e+02
1.290470375714285638e+03,4.395594500000000266e+02
1.290521725100371896e+03,4.395594500000000266e+02
1.184892000000000053e+03,5.494156500000000278e+02
1.291480246973977728e+03,4.395594500000000266e+02
1.292388845833333335e+03,4.395594500000000266e+02
1.292438768847583788e+03,4.395594500000000266e+02
1.201642100000000028e+03,5.373715999999999440e+02
1.293397290721189620e+03,4.395594500000000266e+02
1.294307315952381032e+03,4.395594500000000266e+02
1.294355812594795680e+03,4.395594500000000266e+02
1.215793499999999995e+03,5.224469000000000278e+02
1.295314334468401512e+03,4.395594500000000266e+02
1.296225786071428502e+03,4.395594500000000266e+02
1.296272856342007572e+03,4.395594500000000266e+02
1.226293599999999969e+03,5.068299600000000282e+02
1.297231378215613404e+03,4.395594500000000266e+02
1.298144256190476199e+03,4.395594500000000266e+02
1.298189900089219464e+03,4.395594500000000266e+02
1.236699299999999994e+03,4.829098000000000184e+02
1.299148421962825296e+03,4.395594500000000266e+02
1.300062726309523896e+03,4.395594500000000266e+02
1.300106943836431356e+03,4.395594500000000266e+02
1.240739600000000110e+03,4.673325199999999882e+02
1.301065465710037188e+03,4.395594500000000266e+02
1.301981196428571366e+03,4.395594500000000266e+02
1.302023987583643247e+03,4.395594500000000266e+02
1.239879899999999907e+03,4.544692400000000134e+02
1.302982509457249080e+03,4.395594500000000266e+02
1.303899666547619063e+03,4.395594500000000266e+02
1.303941031330855139e+03,4.395594500000000266e+02
1.234343499999999949e+03,4.416247599999999807e+02
1.304899553204460972e+03,5.400861999999999625e+02
1.305818136666666760e+03,5.400861999999999625e+02
1.305858075078067031e+03,5.400861999999999625e+02
1.221048800000000028e+03,4.275682400000000030e+02
1.306816596951672864e+03,5.400861999999999625e+02
1.307736606785714230e+03,5.400861999999999625e+02
1.307775118825278923e+03,5.400861999999999625e+02
1.204510099999999966e+03,4.168358200000000124e+02
1.308733640698884756e+03,5.400861999999999625e+02
1.309655076904761927e+03,5.400861999999999625e+02
1.309692162572490815e+03,5.400861999999999625e+02
1.194749000000000024e+03,4.109159000000000219e+02
1.310650684446096648e+03,5.400861999999999625e+02
1.311573547023809624e+03,5.400861999999999625e+02
1.311609206319702707e+03,5.400861999999999625e+02
1.189220100000000002e+03,4.066679700000000253e+02
1.312567728193308540e+03,5.400861999999999625e+02
1.313492017142857094e+03,5.400861999999999625e+02
1.313526250066914599e+03,5.400861999999999625e+02
1.186933199999999943e+03,4.038641400000000203e+02
1.314484771940520432e+03,5.400861999999999625e+02
1.315410487261904791e+03,5.400861999999999625e+02
1.315443293814126491e+03,5.400861999999999625e+02
1.186962899999999991e+03,3.992714799999999968e+02
1.316401815687732324e+03,5.400861999999999625e+02
1.317328957380952488e+03,5.400861999999999625e+02
1.317360337561338383e+03,5.400861999999999625e+02
1.192771500000000060e+03,3.925139199999999846e+02
1.318318859434944216e+03,5.400861999999999625e+02
1.319247427499999958e+03,5.400861999999999625e+02
1.319277381308550275e+03,5.400861999999999625e+02
1.210643000000000029e+03,3.823507000000000176e+02
1.320235903182156108e+03,5.400861999999999625e+02
1.321165897619047655e+03,5.400861999999999625e+02
1.321194425055762167e+03,5.400861999999999625e+02
1.230815599999999904e+03,3.784078400000000215e+02
1.322152946929367999e+03,5.400861999999999625e+02
1.323084367738095352e+03,5.400861999999999625e+02
1.323111468802974059e+03,5.400861999999999625e+02
1.249133499999999913e+03,3.802733200000000124e+02
1.324069990676579891e+03,5.400861999999999625e+02
1.325002837857142822e+03,5.400861999999999625e+02
1.325028512550185951e+03,5.400861999999999625e+02
1.264613499999999931e+03,3.869069799999999759e+02
1.325987034423792011e+03,5.400861999999999625e+02
1.326921307976190519e+03,5.400861999999999625e+02
1.326945556297397843e+03,5.400861999999999625e+02
1.274933099999999968e+03,3.936771200000000022e+02
1.327904078171003903e+03,5.400861999999999625e+02
1.328839778095237989e+03,5.400861999999999625e+02
1.328862600044609735e+03,5.400861999999999625e+02
1.281850100000000111e+03,4.021188999999999965e+02
1.329821121918215795e+03,5.400861999999999625e+02
1.330758248214285686e+03,5.400861999999999625e+02
1.330779643791821627e+03,5.400861999999999625e+02
1.288792200000000093e+03,4.225102499999999850e+02
1.331738165665427687e+03,5.400861999999999625e+02
1.332676718333333383e+03,5.400861999999999625e+02
1.332696687539033519e+03,5.400861999999999625e+02
1.290557700000000068e+03,4.395594500000000266e+02
1.333655209412639579e+03,5.246389000000000351e+02
1.334595188452380853e+03,5.246389000000000351e+02
1.334613731286245411e+03,5.246389000000000351e+02
1.288466300000000047e+03,4.592387699999999882e+02
1.335572253159851471e+03,5.246389000000000351e+02
1.336513658571428550e+03,5.246389000000000351e+02
1.336530775033457303e+03,5.246389000000000351e+02
1.282375099999999975e+03,4.809941400000000158e+02
1.337489296907063363e+03,5.246389000000000351e+02
1.338432128690476247e+03,5.246389000000000351e+02
1.338447818780669195e+03,5.246389000000000351e+02
1.274418100000000095e+03,4.985842299999999909e+02
1.339406340654275255e+03,5.246389000000000351e+02
1.340350598809523717e+03,5.246389000000000351e+02
1.340364862527881087e+03,5.246389000000000351e+02
1.265446500000000015e+03,5.145318600000000515e+02
1.341323384401487147e+03,5.246389000000000351e+02
1.342269068928571414e+03,5.246389000000000351e+02
1.342281906275092979e+03,5.246389000000000351e+02
1.258894999999999982e+03,5.254344499999999698e+02
1.343240428148699039e+03,5.246389000000000351e+02
1.344187539047619111e+03,5.246389000000000351e+02
1.344198950022304871e+03,5.246389000000000351e+02
1.253197300000000041e+03,5.363061500000000024e+02
1.345157471895910930e+03,5.246389000000000351e+02
1.346106009166666581e+03,5.246389000000000351e+02
1.346115993769516763e+03,5.246389000000000351e+02
1.251575199999999995e+03,5.409577600000000075e+02
1.347074515643122822e+03,5.246389000000000351e+02
1.348024479285714278e+03,5.246389000000000351e+02
1.348033037516728655e+03,5.246389000000000351e+02
1.252626999999999953e+03,5.437415999999999485e+02
1.348991559390334714e+03,5.246389000000000351e+02
1.349942949404761976e+03,5.246389000000000351e+02
1.349950081263940547e+03,5.246389000000000351e+02
1.260965799999999945e+03,5.468028600000000097e+02
1.350908603137546606e+03,5.246389000000000351e+02
1.351861419523809445e+03,5.246389000000000351e+02
1.351867125011152439e+03,5.246389000000000351e+02
1.289207499999999982e+03,5.480828999999999951e+02
1.352825646884758498e+03,5.178737999999999602e+02
1.353779889642857142e+03,5.178737999999999602e+02
1.353784168758364331e+03,5.178737999999999602e+02
1.319798099999999977e+03,5.400861999999999625e+02
1.354742690631970390e+03,5.178737999999999602e+02
1.355698359761904840e+03,5.178737999999999602e+02
1.355701212505576223e+03,5.178737999999999602e+02
1.346654199999999946e+03,5.246389000000000351e+02
1.356659734379182282e+03,5.178737999999999602e+02
1.357616829880952309e+03,5.178737999999999602e+02
1.357618256252788115e+03,5.178737999999999602e+02
1.359535300000000007e+03,5.178737999999999602e+02
1.358576778126394174e+03,5.178737999999999602e+02
1.359535300000000007e+03,5.178737999999999602e+02
1.359535300000000007e+03,5.178737999999999602e+02
1.359535300000000007e+03,5.178737999999999602e+02
