1.794194500000000119e+02,3.624842499999999745e+02
1.794194500000000119e+02,3.624842499999999745e+02
1.800304160000000024e+02,3.403204299999999876e+02
1.794194500000000119e+02,3.624842499999999745e+02
1.806413820000000214e+02,3.403204299999999876e+02
1.806420010131712388e+02,3.403204299999999876e+02
1.812523480000000120e+02,3.403204299999999876e+02
1.794194500000000119e+02,3.624842499999999745e+02
1.818633140000000026e+02,3.804007599999999911e+02
1.818645520263424658e+02,3.804007599999999911e+02
1.824742800000000216e+02,3.804007599999999911e+02
1.818670318458418080e+02,3.804007599999999911e+02
1.830852460000000121e+02,3.804007599999999911e+02
1.830871030395136927e+02,3.804007599999999911e+02
1.836962120000000027e+02,3.804007599999999911e+02
3.563618500000000040e+02,1.438138399999999990e+02
1.843071780000000217e+02,3.220364999999999895e+02
1.843096540526849196e+02,3.220364999999999895e+02
1.849181440000000123e+02,3.220364999999999895e+02
1.843146136916835758e+02,3.220364999999999895e+02
1.855291100000000029e+02,3.220364999999999895e+02
1.855322050658561466e+02,3.220364999999999895e+02
1.861400760000000218e+02,3.220364999999999895e+02
1.843245632113821273e+02,3.220364999999999895e+02
1.867510420000000124e+02,3.220364999999999895e+02
1.867547560790273735e+02,3.220364999999999895e+02
1.873620080000000030e+02,3.220364999999999895e+02
1.867621955375253719e+02,3.220364999999999895e+02
1.879729740000000220e+02,3.980352800000000002e+02
1.879773070921986005e+02,3.980352800000000002e+02
1.885839400000000126e+02,3.980352800000000002e+02
3.563618500000000040e+02,1.438138399999999990e+02
1.891949060000000031e+02,3.980352800000000002e+02
1.891998581053698274e+02,3.980352800000000002e+02
1.898058720000000221e+02,3.980352800000000002e+02
1.892097773833671397e+02,3.980352800000000002e+02
1.904168380000000127e+02,3.980352800000000002e+02
1.904224091185410543e+02,3.980352800000000002e+02
1.910278040000000033e+02,3.980352800000000002e+02
1.892296764227642427e+02,3.980352800000000002e+02
1.916387700000000223e+02,3.980352800000000002e+02
1.916449601317122813e+02,3.980352800000000002e+02
1.922497360000000128e+02,3.980352800000000002e+02
1.916573592292089359e+02,3.980352800000000002e+02
1.928607020000000034e+02,3.980352800000000002e+02
1.928675111448835082e+02,3.980352800000000002e+02
1.934716680000000224e+02,3.980352800000000002e+02
3.251125499999999988e+02,1.587367000000000132e+02
1.940826340000000130e+02,4.125499300000000176e+02
1.940900621580547067e+02,4.125499300000000176e+02
1.946936000000000035e+02,4.125499300000000176e+02
1.941049410750507320e+02,4.125499300000000176e+02
1.953045660000000225e+02,4.125499300000000176e+02
1.953126131712259621e+02,4.125499300000000176e+02
1.959155320000000131e+02,4.125499300000000176e+02
1.941347896341463581e+02,4.125499300000000176e+02
1.965264980000000037e+02,4.125499300000000176e+02
1.965351641843971606e+02,4.125499300000000176e+02
1.971374640000000227e+02,2.972438999999999965e+02
1.965525229208924998e+02,4.125499300000000176e+02
1.977484300000000133e+02,2.972438999999999965e+02
1.977577151975683876e+02,2.972438999999999965e+02
1.983593960000000038e+02,2.972438999999999965e+02
2.977833600000000160e+02,1.769993900000000053e+02
1.989703620000000228e+02,2.972438999999999965e+02
1.989802662107396145e+02,2.972438999999999965e+02
1.995813280000000134e+02,2.972438999999999965e+02
1.990001047667342959e+02,2.972438999999999965e+02
2.001922940000000040e+02,2.972438999999999965e+02
2.002028172239108414e+02,2.972438999999999965e+02
2.008032600000000230e+02,2.972438999999999965e+02
1.990399028455284736e+02,2.972438999999999965e+02
2.014142260000000135e+02,2.972438999999999965e+02
2.014253682370820684e+02,2.972438999999999965e+02
2.020251920000000041e+02,2.972438999999999965e+02
2.014476866125760637e+02,2.972438999999999965e+02
2.026361580000000231e+02,2.972438999999999965e+02
2.026479192502532953e+02,2.972438999999999965e+02
2.032471240000000137e+02,2.972438999999999965e+02
2.750037500000000250e+02,1.995673800000000142e+02
2.038580900000000042e+02,4.305289300000000026e+02
2.038704702634245223e+02,4.305289300000000026e+02
2.044690560000000232e+02,4.305289300000000026e+02
2.038952684584178598e+02,4.305289300000000026e+02
2.050800220000000138e+02,4.305289300000000026e+02
2.050930212765957492e+02,4.305289300000000026e+02
2.056909880000000044e+02,4.305289300000000026e+02
2.039450160569105606e+02,4.305289300000000026e+02
2.063019540000000234e+02,4.305289300000000026e+02
2.063155722897669762e+02,4.305289300000000026e+02
2.069129200000000139e+02,4.305289300000000026e+02
2.063428503042596276e+02,4.305289300000000026e+02
2.075238860000000045e+02,4.305289300000000026e+02
2.075381233029382031e+02,4.305289300000000026e+02
2.081348519999999951e+02,4.305289300000000026e+02
2.520673500000000047e+02,2.244367699999999957e+02
2.087458180000000141e+02,4.305289300000000026e+02
2.087606743161094300e+02,4.305289300000000026e+02
2.093567840000000047e+02,4.305289300000000026e+02
2.087904321501014238e+02,4.305289300000000026e+02
2.099677499999999952e+02,4.305289300000000026e+02
2.099832253292806570e+02,4.305289300000000026e+02
2.105787160000000142e+02,4.305289300000000026e+02
2.088501292682926760e+02,4.305289300000000026e+02
2.111896820000000048e+02,2.720518799999999828e+02
2.112057763424518839e+02,2.720518799999999828e+02
2.118006480000000238e+02,2.720518799999999828e+02
2.112380139959432199e+02,2.720518799999999828e+02
2.124116140000000144e+02,2.720518799999999828e+02
2.124283273556231109e+02,2.720518799999999828e+02
2.130225800000000049e+02,2.720518799999999828e+02
2.298868400000000065e+02,2.498324000000000069e+02
2.136335460000000239e+02,2.720518799999999828e+02
2.136508783687943378e+02,2.720518799999999828e+02
2.142445120000000145e+02,2.720518799999999828e+02
2.136855958417849877e+02,2.720518799999999828e+02
2.148554780000000051e+02,2.720518799999999828e+02
2.148734293819655647e+02,2.720518799999999828e+02
2.154664439999999956e+02,2.720518799999999828e+02
2.137552424796747914e+02,2.720518799999999828e+02
2.160774100000000146e+02,2.720518799999999828e+02
2.160959803951367917e+02,2.720518799999999828e+02
2.166883760000000052e+02,2.720518799999999828e+02
2.161331776876267838e+02,2.720518799999999828e+02
2.172993419999999958e+02,2.720518799999999828e+02
2.173185314083080186e+02,2.720518799999999828e+02
2.179103080000000148e+02,2.720518799999999828e+02
2.124439999999999884e+02,2.720518799999999828e+02
2.185212740000000053e+02,2.720518799999999828e+02
2.185410824214792456e+02,2.720518799999999828e+02
2.191322399999999959e+02,2.720518799999999828e+02
2.185807595334685516e+02,2.720518799999999828e+02
2.197432060000000149e+02,2.720518799999999828e+02
2.197636334346504725e+02,2.720518799999999828e+02
2.203541720000000055e+02,2.720518799999999828e+02
2.186603556910569068e+02,2.720518799999999828e+02
2.209651379999999961e+02,2.720518799999999828e+02
2.209861844478216995e+02,2.720518799999999828e+02
2.215761040000000150e+02,2.720518799999999828e+02
2.210283413793103477e+02,2.720518799999999828e+02
2.221870700000000056e+02,2.720518799999999828e+02
2.222087354609929264e+02,2.720518799999999828e+02
2.227980359999999962e+02,2.720518799999999828e+02
1.968794000000000040e+02,2.972438999999999965e+02
2.234090019999999868e+02,4.471521000000000186e+02
2.234312864741641533e+02,4.471521000000000186e+02
2.240199680000000058e+02,4.471521000000000186e+02
2.234759232251521439e+02,4.471521000000000186e+02
2.246309339999999963e+02,4.471521000000000186e+02
2.246538374873353519e+02,4.471521000000000186e+02
2.252418999999999869e+02,4.471521000000000186e+02
2.235654689024390223e+02,4.471521000000000186e+02
2.258528660000000059e+02,4.471521000000000186e+02
2.258763885005066072e+02,4.471521000000000186e+02
2.264638319999999965e+02,4.471521000000000186e+02
2.259235050709939117e+02,4.471521000000000186e+02
2.270747979999999870e+02,4.471521000000000186e+02
2.270989395136778057e+02,4.471521000000000186e+02
2.276857640000000060e+02,4.471521000000000186e+02
1.860031400000000019e+02,3.220364999999999895e+02
2.282967299999999966e+02,4.471521000000000186e+02
2.283214905268490611e+02,4.471521000000000186e+02
2.289076959999999872e+02,4.471521000000000186e+02
2.283710869168357078e+02,4.471521000000000186e+02
2.295186620000000062e+02,4.471521000000000186e+02
2.295440415400202596e+02,4.471521000000000186e+02
2.301296279999999967e+02,2.498324000000000069e+02
2.284705821138211377e+02,4.471521000000000186e+02
2.307405939999999873e+02,2.498324000000000069e+02
2.307665925531914866e+02,2.498324000000000069e+02
2.313515600000000063e+02,2.498324000000000069e+02
2.308186687626774756e+02,2.498324000000000069e+02
2.319625259999999969e+02,2.498324000000000069e+02
2.319891435663627135e+02,2.498324000000000069e+02
2.325734919999999875e+02,2.498324000000000069e+02
1.805095699999999965e+02,3.403204299999999876e+02
2.331844580000000065e+02,2.498324000000000069e+02
2.332116945795339404e+02,2.498324000000000069e+02
2.337954239999999970e+02,2.498324000000000069e+02
2.332662506085192717e+02,2.498324000000000069e+02
2.344063899999999876e+02,2.498324000000000069e+02
2.344342455927051674e+02,2.498324000000000069e+02
2.350173560000000066e+02,2.498324000000000069e+02
2.333756953252032531e+02,2.498324000000000069e+02
2.356283219999999972e+02,2.498324000000000069e+02
2.356567966058763943e+02,2.498324000000000069e+02
2.362392879999999877e+02,2.498324000000000069e+02
2.357138324543610679e+02,2.498324000000000069e+02
2.368502540000000067e+02,2.498324000000000069e+02
2.368793476190476213e+02,2.498324000000000069e+02
2.374612199999999973e+02,2.498324000000000069e+02
1.794194500000000119e+02,3.624842499999999745e+02
2.380721859999999879e+02,2.498324000000000069e+02
2.381018986322188482e+02,2.498324000000000069e+02
2.386831520000000069e+02,2.498324000000000069e+02
2.381614143002028356e+02,2.498324000000000069e+02
2.392941179999999974e+02,2.498324000000000069e+02
2.393244496453900751e+02,2.498324000000000069e+02
2.399050839999999880e+02,2.498324000000000069e+02
2.382808085365853685e+02,2.498324000000000069e+02
2.405160500000000070e+02,2.498324000000000069e+02
2.405470006585613021e+02,2.498324000000000069e+02
2.411270159999999976e+02,2.498324000000000069e+02
2.406089961460446318e+02,2.498324000000000069e+02
2.417379819999999881e+02,2.498324000000000069e+02
2.417695516717325290e+02,2.498324000000000069e+02
2.423489480000000071e+02,2.498324000000000069e+02
1.822575500000000090e+02,3.804007599999999911e+02
2.429599139999999977e+02,4.573648699999999963e+02
2.429921026849037560e+02,4.573648699999999963e+02
2.435708799999999883e+02,4.573648699999999963e+02
2.430565779918863996e+02,4.573648699999999963e+02
2.441818460000000073e+02,4.573648699999999963e+02
2.442146536980749829e+02,4.573648699999999963e+02
2.447928119999999979e+02,4.573648699999999963e+02
2.431859217479674840e+02,4.573648699999999963e+02
2.454037779999999884e+02,4.573648699999999963e+02
2.454372047112462099e+02,4.573648699999999963e+02
2.460147440000000074e+02,4.573648699999999963e+02
2.455041598377281957e+02,4.573648699999999963e+02
2.466257099999999980e+02,4.573648699999999963e+02
2.466597557244174368e+02,4.573648699999999963e+02
2.472366759999999886e+02,4.573648699999999963e+02
1.889655999999999949e+02,3.980352800000000002e+02
2.478476420000000076e+02,4.573648699999999963e+02
2.478823067375886637e+02,4.573648699999999963e+02
2.484586079999999981e+02,4.573648699999999963e+02
2.479517416835699919e+02,4.573648699999999963e+02
2.490695739999999887e+02,4.573648699999999963e+02
2.491048577507598907e+02,4.573648699999999963e+02
2.496805400000000077e+02,4.573648699999999963e+02
2.480910349593495994e+02,4.573648699999999963e+02
2.502915059999999983e+02,4.573648699999999963e+02
2.503274087639310892e+02,4.573648699999999963e+02
2.509024719999999888e+02,4.573648699999999963e+02
2.503993235294117596e+02,4.573648699999999963e+02
2.515134380000000078e+02,2.244367699999999957e+02
2.515499597771023446e+02,2.244367699999999957e+02
2.521244039999999984e+02,2.244367699999999957e+02
1.966434600000000046e+02,4.125499300000000176e+02
2.527353699999999890e+02,2.244367699999999957e+02
2.527725107902735431e+02,2.244367699999999957e+02
2.533463360000000080e+02,2.244367699999999957e+02
2.528469053752535558e+02,2.244367699999999957e+02
2.539573019999999985e+02,2.244367699999999957e+02
2.539950618034447984e+02,2.244367699999999957e+02
2.545682679999999891e+02,2.244367699999999957e+02
2.529961481707317148e+02,2.244367699999999957e+02
2.551792340000000081e+02,2.244367699999999957e+02
2.552176128166159970e+02,2.244367699999999957e+02
2.557901999999999987e+02,2.244367699999999957e+02
2.552944872210953235e+02,2.244367699999999957e+02
2.564011659999999893e+02,2.244367699999999957e+02
2.564401638297872523e+02,2.244367699999999957e+02
2.570121320000000082e+02,2.244367699999999957e+02
2.090959200000000067e+02,4.305289300000000026e+02
2.576230980000000272e+02,2.244367699999999957e+02
2.576627148429584508e+02,2.244367699999999957e+02
2.582340639999999894e+02,2.244367699999999957e+02
2.577420690669371197e+02,2.244367699999999957e+02
2.588450300000000084e+02,2.244367699999999957e+02
2.588852658561297062e+02,2.244367699999999957e+02
2.594559960000000274e+02,2.244367699999999957e+02
2.579012613821138302e+02,2.244367699999999957e+02
2.600669619999999895e+02,2.244367699999999957e+02
2.601078168693009047e+02,2.244367699999999957e+02
2.606779280000000085e+02,2.244367699999999957e+02
2.601896509127789159e+02,2.244367699999999957e+02
2.612888940000000275e+02,2.244367699999999957e+02
2.613303678824721601e+02,2.244367699999999957e+02
2.618998599999999897e+02,2.244367699999999957e+02
2.298408200000000079e+02,4.471521000000000186e+02
2.625108260000000087e+02,2.244367699999999957e+02
2.625529188956433586e+02,2.244367699999999957e+02
2.631217920000000277e+02,2.244367699999999957e+02
2.626372327586207120e+02,2.244367699999999957e+02
2.637327579999999898e+02,2.244367699999999957e+02
2.637754699088146140e+02,2.244367699999999957e+02
2.643437240000000088e+02,2.244367699999999957e+02
2.628063745934959456e+02,2.244367699999999957e+02
2.649546900000000278e+02,2.244367699999999957e+02
2.649980209219858125e+02,2.244367699999999957e+02
2.655656559999999899e+02,2.244367699999999957e+02
2.650848146044625082e+02,2.244367699999999957e+02
2.661766220000000089e+02,2.244367699999999957e+02
2.662205719351570679e+02,2.244367699999999957e+02
2.667875880000000279e+02,2.244367699999999957e+02
2.510024699999999882e+02,4.573648699999999963e+02
2.673985539999999901e+02,1.995673800000000142e+02
2.674431229483282664e+02,1.995673800000000142e+02
2.680095200000000091e+02,1.995673800000000142e+02
2.675323964503042475e+02,1.995673800000000142e+02
2.686204860000000281e+02,1.995673800000000142e+02
2.686656739614994649e+02,1.995673800000000142e+02
2.692314519999999902e+02,1.995673800000000142e+02
2.677114878048780611e+02,1.995673800000000142e+02
2.698424180000000092e+02,1.995673800000000142e+02
2.698882249746707203e+02,1.995673800000000142e+02
2.704533840000000282e+02,1.995673800000000142e+02
2.699799782961460437e+02,1.995673800000000142e+02
2.710643499999999904e+02,1.995673800000000142e+02
2.711107759878419756e+02,1.995673800000000142e+02
2.716753160000000094e+02,1.995673800000000142e+02
2.803494000000000028e+02,4.618980700000000184e+02
2.722862820000000283e+02,1.995673800000000142e+02
2.723333270010131741e+02,1.995673800000000142e+02
2.728972479999999905e+02,1.995673800000000142e+02
2.724275601419878399e+02,1.995673800000000142e+02
2.735082140000000095e+02,1.995673800000000142e+02
2.735558780141843727e+02,1.995673800000000142e+02
2.741191800000000285e+02,1.995673800000000142e+02
2.726166010162601196e+02,1.995673800000000142e+02
2.747301459999999906e+02,1.995673800000000142e+02
2.747784290273556280e+02,1.995673800000000142e+02
2.753411120000000096e+02,1.995673800000000142e+02
2.748751419878295792e+02,1.995673800000000142e+02
2.759520780000000286e+02,1.995673800000000142e+02
2.760009800405268834e+02,1.995673800000000142e+02
2.765630439999999908e+02,1.995673800000000142e+02
3.094574299999999880e+02,4.583923300000000154e+02
2.771740100000000098e+02,1.995673800000000142e+02
2.772235310536980819e+02,1.995673800000000142e+02
2.777849760000000288e+02,1.995673800000000142e+02
2.773227238336713754e+02,1.995673800000000142e+02
2.783959419999999909e+02,1.995673800000000142e+02
2.784460820668692804e+02,1.995673800000000142e+02
2.790069080000000099e+02,1.995673800000000142e+02
2.775217142276422919e+02,1.995673800000000142e+02
2.796178740000000289e+02,4.618980700000000184e+02
2.796686330800405358e+02,4.618980700000000184e+02
2.802288399999999911e+02,4.618980700000000184e+02
2.797703056795131715e+02,4.618980700000000184e+02
2.808398060000000100e+02,4.618980700000000184e+02
2.808911840932117912e+02,4.618980700000000184e+02
2.814507720000000290e+02,4.618980700000000184e+02
3.401570399999999950e+02,4.482465799999999945e+02
2.820617379999999912e+02,4.618980700000000184e+02
2.821137351063829897e+02,4.618980700000000184e+02
2.826727040000000102e+02,4.618980700000000184e+02
2.822178875253549677e+02,4.618980700000000184e+02
2.832836700000000292e+02,4.618980700000000184e+02
2.833362861195541882e+02,4.618980700000000184e+02
2.838946359999999913e+02,4.618980700000000184e+02
2.824268274390243505e+02,4.618980700000000184e+02
2.845056020000000103e+02,4.618980700000000184e+02
2.845588371327254436e+02,4.618980700000000184e+02
2.851165680000000293e+02,4.618980700000000184e+02
2.846654693711967639e+02,4.618980700000000184e+02
2.857275339999999915e+02,4.618980700000000184e+02
2.857813881458966421e+02,4.618980700000000184e+02
2.863385000000000105e+02,4.618980700000000184e+02
3.612087399999999775e+02,4.337652600000000120e+02
2.869494660000000295e+02,4.618980700000000184e+02
2.870039391590678974e+02,4.618980700000000184e+02
2.875604319999999916e+02,4.618980700000000184e+02
2.871130512170385600e+02,4.618980700000000184e+02
2.881713980000000106e+02,4.618980700000000184e+02
2.882264901722390960e+02,4.618980700000000184e+02
2.887823639999999727e+02,4.618980700000000184e+02
2.873319406504065228e+02,4.618980700000000184e+02
2.893933299999999917e+02,4.618980700000000184e+02
2.894490411854103513e+02,4.618980700000000184e+02
2.900042960000000107e+02,4.618980700000000184e+02
2.895606330628802993e+02,4.618980700000000184e+02
2.906152619999999729e+02,4.618980700000000184e+02
2.906715921985815498e+02,4.618980700000000184e+02
2.912262279999999919e+02,4.618980700000000184e+02
3.791520399999999995e+02,4.178301999999999907e+02
2.918371940000000109e+02,1.769993900000000053e+02
2.918941432117528052e+02,1.769993900000000053e+02
2.924481599999999730e+02,1.769993900000000053e+02
2.920082149087220955e+02,1.769993900000000053e+02
2.930591259999999920e+02,1.769993900000000053e+02
2.931166942249240037e+02,1.769993900000000053e+02
2.936700920000000110e+02,1.769993900000000053e+02
2.922370538617885813e+02,1.769993900000000053e+02
2.942810579999999732e+02,1.769993900000000053e+02
2.943392452380952591e+02,1.769993900000000053e+02
2.948920239999999922e+02,1.769993900000000053e+02
2.944557967545638917e+02,1.769993900000000053e+02
2.955029900000000112e+02,1.769993900000000053e+02
2.955617962512664576e+02,1.769993900000000053e+02
2.961139559999999733e+02,1.769993900000000053e+02
3.951853300000000218e+02,4.038466799999999921e+02
2.967249219999999923e+02,1.769993900000000053e+02
2.967843472644376561e+02,1.769993900000000053e+02
2.973358880000000113e+02,1.769993900000000053e+02
2.969033786004056878e+02,1.769993900000000053e+02
2.979468539999999734e+02,1.769993900000000053e+02
2.980068982776089115e+02,1.769993900000000053e+02
2.985578199999999924e+02,1.769993900000000053e+02
2.971421670731707536e+02,1.769993900000000053e+02
2.991687860000000114e+02,1.769993900000000053e+02
2.992294492907801668e+02,1.769993900000000053e+02
2.997797519999999736e+02,1.769993900000000053e+02
2.993509604462474272e+02,1.769993900000000053e+02
3.003907179999999926e+02,1.769993900000000053e+02
3.004520003039513654e+02,1.769993900000000053e+02
3.010016840000000116e+02,1.769993900000000053e+02
4.062576000000000249e+02,3.907420700000000124e+02
3.016126499999999737e+02,1.769993900000000053e+02
3.016745513171225639e+02,1.769993900000000053e+02
3.022236159999999927e+02,1.769993900000000053e+02
3.017985422920892233e+02,1.769993900000000053e+02
3.028345820000000117e+02,1.769993900000000053e+02
3.028971023302938193e+02,1.769993900000000053e+02
3.034455479999999739e+02,1.769993900000000053e+02
3.020472802845528122e+02,1.769993900000000053e+02
3.040565139999999928e+02,1.769993900000000053e+02
3.041196533434650746e+02,1.769993900000000053e+02
3.046674800000000118e+02,1.769993900000000053e+02
3.042461241379310195e+02,1.769993900000000053e+02
3.052784459999999740e+02,1.769993900000000053e+02
3.053422043566362731e+02,1.769993900000000053e+02
3.058894119999999930e+02,1.769993900000000053e+02
4.141976999999999975e+02,3.717011699999999905e+02
3.065003779999999551e+02,4.583923300000000154e+02
3.065647553698074717e+02,4.583923300000000154e+02
3.071113439999999741e+02,4.583923300000000154e+02
3.066937059837728157e+02,4.583923300000000154e+02
3.077223099999999931e+02,4.583923300000000154e+02
3.077873063829787270e+02,4.583923300000000154e+02
3.083332759999999553e+02,4.583923300000000154e+02
3.069523934959349276e+02,4.583923300000000154e+02
3.089442420000000311e+02,4.583923300000000154e+02
3.090098573961499824e+02,4.583923300000000154e+02
3.095552079999999933e+02,4.583923300000000154e+02
3.091412878296146118e+02,4.583923300000000154e+02
3.101661739999999554e+02,4.583923300000000154e+02
3.102324084093211809e+02,4.583923300000000154e+02
3.107771400000000313e+02,4.583923300000000154e+02
4.163756999999999948e+02,3.566391600000000039e+02
3.113881059999999934e+02,4.583923300000000154e+02
3.114549594224923794e+02,4.583923300000000154e+02
3.119990719999999556e+02,4.583923300000000154e+02
3.115888696754564080e+02,4.583923300000000154e+02
3.126100380000000314e+02,4.583923300000000154e+02
3.126775104356636348e+02,4.583923300000000154e+02
3.132210039999999935e+02,4.583923300000000154e+02
3.118575067073170430e+02,4.583923300000000154e+02
3.138319699999999557e+02,4.583923300000000154e+02
3.139000614488348901e+02,4.583923300000000154e+02
3.144429360000000315e+02,4.583923300000000154e+02
3.140364515212982042e+02,4.583923300000000154e+02
3.150539019999999937e+02,4.583923300000000154e+02
3.151226124620060887e+02,4.583923300000000154e+02
3.156648679999999558e+02,4.583923300000000154e+02
4.146454499999999825e+02,3.464040499999999838e+02
3.162758340000000317e+02,4.583923300000000154e+02
3.163451634751772872e+02,4.583923300000000154e+02
3.168867999999999938e+02,4.583923300000000154e+02
3.164840333671399435e+02,4.583923300000000154e+02
3.174977659999999560e+02,4.583923300000000154e+02
3.175677144883485425e+02,4.583923300000000154e+02
3.181087319999999750e+02,4.583923300000000154e+02
3.167626199186991585e+02,4.583923300000000154e+02
3.187196979999999940e+02,4.583923300000000154e+02
3.187902655015197979e+02,4.583923300000000154e+02
3.193306639999999561e+02,4.583923300000000154e+02
3.189316152129817397e+02,4.583923300000000154e+02
3.199416299999999751e+02,4.583923300000000154e+02
3.200128165146909964e+02,4.583923300000000154e+02
3.205525959999999941e+02,4.583923300000000154e+02
4.115462999999999738e+02,3.385794700000000148e+02
3.211635619999999562e+02,1.587367000000000132e+02
3.212353675278621949e+02,1.587367000000000132e+02
3.217745279999999752e+02,1.587367000000000132e+02
3.213791970588234790e+02,1.587367000000000132e+02
3.223854939999999942e+02,1.587367000000000132e+02
3.224579185410334503e+02,1.587367000000000132e+02
3.229964599999999564e+02,1.587367000000000132e+02
3.216677331300812739e+02,1.587367000000000132e+02
3.236074259999999754e+02,1.587367000000000132e+02
3.236804695542046488e+02,1.587367000000000132e+02
3.242183919999999944e+02,1.587367000000000132e+02
3.238267789046652751e+02,1.587367000000000132e+02
3.248293579999999565e+02,1.587367000000000132e+02
3.249030205673758473e+02,1.587367000000000132e+02
3.254403239999999755e+02,1.587367000000000132e+02
4.046070300000000088e+02,3.312990699999999720e+02
3.260512899999999945e+02,1.587367000000000132e+02
3.261255715805471027e+02,1.587367000000000132e+02
3.266622559999999567e+02,1.587367000000000132e+02
3.262743607505070713e+02,1.587367000000000132e+02
3.272732219999999757e+02,1.587367000000000132e+02
3.273481225937183581e+02,1.587367000000000132e+02
3.278841879999999946e+02,1.587367000000000132e+02
3.265728463414633893e+02,1.587367000000000132e+02
3.284951539999999568e+02,1.587367000000000132e+02
3.285706736068895566e+02,1.587367000000000132e+02
3.291061199999999758e+02,1.587367000000000132e+02
3.287219425963488675e+02,1.587367000000000132e+02
3.297170859999999948e+02,1.587367000000000132e+02
3.297932246200607551e+02,1.587367000000000132e+02
3.303280519999999569e+02,1.587367000000000132e+02
3.953174399999999764e+02,3.266508799999999724e+02
3.309390179999999759e+02,1.587367000000000132e+02
3.310157756332320105e+02,1.587367000000000132e+02
3.315499839999999949e+02,1.587367000000000132e+02
3.311695244421906636e+02,1.587367000000000132e+02
3.321609499999999571e+02,1.587367000000000132e+02
3.322383266464032658e+02,1.587367000000000132e+02
3.327719159999999761e+02,1.587367000000000132e+02
3.314779595528455047e+02,1.587367000000000132e+02
3.333828819999999951e+02,1.587367000000000132e+02
3.334608776595744644e+02,1.587367000000000132e+02
3.339938479999999572e+02,1.587367000000000132e+02
3.336171062880324598e+02,1.587367000000000132e+02
3.346048139999999762e+02,1.587367000000000132e+02
3.346834286727456629e+02,1.587367000000000132e+02
3.352157799999999952e+02,1.587367000000000132e+02
3.865713200000000143e+02,3.246730999999999767e+02
3.358267459999999573e+02,4.482465799999999945e+02
3.359059796859169182e+02,4.482465799999999945e+02
3.364377119999999763e+02,4.482465799999999945e+02
3.360646881338742560e+02,4.482465799999999945e+02
3.370486779999999953e+02,4.482465799999999945e+02
3.371285306990881736e+02,4.482465799999999945e+02
3.376596439999999575e+02,4.482465799999999945e+02
3.363830727642276202e+02,4.482465799999999945e+02
3.382706099999999765e+02,4.482465799999999945e+02
3.383510817122593721e+02,4.482465799999999945e+02
3.388815759999999955e+02,4.482465799999999945e+02
3.385122699797160521e+02,4.482465799999999945e+02
3.394925419999999576e+02,4.482465799999999945e+02
3.395736327254305706e+02,4.482465799999999945e+02
3.401035079999999766e+02,4.482465799999999945e+02
3.792812799999999811e+02,3.246460000000000150e+02
3.407144739999999956e+02,4.482465799999999945e+02
3.407961837386018260e+02,4.482465799999999945e+02
3.413254399999999578e+02,4.482465799999999945e+02
3.409598518255577915e+02,4.482465799999999945e+02
3.419364059999999768e+02,4.482465799999999945e+02
3.420187347517730814e+02,4.482465799999999945e+02
3.425473719999999958e+02,4.482465799999999945e+02
3.412881859756097356e+02,4.482465799999999945e+02
3.431583379999999579e+02,4.482465799999999945e+02
3.432412857649442799e+02,4.482465799999999945e+02
3.437693039999999769e+02,4.482465799999999945e+02
3.434074336713995876e+02,4.482465799999999945e+02
3.443802699999999959e+02,4.482465799999999945e+02
3.444638367781154784e+02,4.482465799999999945e+02
3.449912359999999580e+02,4.482465799999999945e+02
3.749662999999999897e+02,3.264839000000000055e+02
3.456022019999999770e+02,4.482465799999999945e+02
3.456863877912867338e+02,4.482465799999999945e+02
3.462131679999999960e+02,4.482465799999999945e+02
3.458550155172413270e+02,4.482465799999999945e+02
3.468241339999999582e+02,4.482465799999999945e+02
3.469089388044579891e+02,4.482465799999999945e+02
3.474350999999999772e+02,4.482465799999999945e+02
3.461932991869918510e+02,4.482465799999999945e+02
3.480460659999999962e+02,4.482465799999999945e+02
3.481314898176291877e+02,4.482465799999999945e+02
3.486570319999999583e+02,4.482465799999999945e+02
3.483025973630831231e+02,4.482465799999999945e+02
3.492679979999999773e+02,4.482465799999999945e+02
3.493540408308003862e+02,4.482465799999999945e+02
3.498789639999999963e+02,4.482465799999999945e+02
3.735338399999999979e+02,3.268455799999999840e+02
3.504899299999999585e+02,1.438138399999999990e+02
3.505765918439716415e+02,1.438138399999999990e+02
3.511008959999999774e+02,1.438138399999999990e+02
3.507501792089249193e+02,1.438138399999999990e+02
3.517118619999999964e+02,1.438138399999999990e+02
3.517991428571428401e+02,1.438138399999999990e+02
3.523228279999999586e+02,1.438138399999999990e+02
3.510984123983739664e+02,1.438138399999999990e+02
3.529337939999999776e+02,1.438138399999999990e+02
3.530216938703140386e+02,1.438138399999999990e+02
3.535447599999999966e+02,1.438138399999999990e+02
3.531977610547667155e+02,1.438138399999999990e+02
3.541557259999999587e+02,1.438138399999999990e+02
3.542442448834852939e+02,1.438138399999999990e+02
3.547666919999999777e+02,1.438138399999999990e+02
3.720133000000000152e+02,3.292328999999999724e+02
3.553776579999999967e+02,1.438138399999999990e+02
3.554667958966565493e+02,1.438138399999999990e+02
3.559886239999999589e+02,1.438138399999999990e+02
3.556453429006085116e+02,1.438138399999999990e+02
3.565995899999999779e+02,1.438138399999999990e+02
3.566893469098277478e+02,1.438138399999999990e+02
3.572105559999999969e+02,1.438138399999999990e+02
3.560035256097560818e+02,1.438138399999999990e+02
3.578215219999999590e+02,1.438138399999999990e+02
3.579118979229989463e+02,1.438138399999999990e+02
3.584324879999999780e+02,1.438138399999999990e+02
3.580929247464503078e+02,1.438138399999999990e+02
3.590434539999999970e+02,1.438138399999999990e+02
3.591344489361702017e+02,1.438138399999999990e+02
3.596544199999999591e+02,1.438138399999999990e+02
3.722599500000000035e+02,3.312880999999999858e+02
3.602653859999999781e+02,4.337652600000000120e+02
3.603569999493414571e+02,4.337652600000000120e+02
3.608763519999999971e+02,4.337652600000000120e+02
3.605405065922921040e+02,4.337652600000000120e+02
3.614873179999999593e+02,4.337652600000000120e+02
3.615795509625126556e+02,4.337652600000000120e+02
3.620982839999999783e+02,4.337652600000000120e+02
3.609086388211381973e+02,4.337652600000000120e+02
3.627092499999999973e+02,4.337652600000000120e+02
3.628021019756838541e+02,4.337652600000000120e+02
3.633202159999999594e+02,4.337652600000000120e+02
3.629880884381339001e+02,4.337652600000000120e+02
3.639311819999999784e+02,4.337652600000000120e+02
3.640246529888551095e+02,4.337652600000000120e+02
3.645421479999999974e+02,4.337652600000000120e+02
3.764888000000000261e+02,3.345628699999999753e+02
3.651531139999999596e+02,4.337652600000000120e+02
3.652472040020263648e+02,4.337652600000000120e+02
3.657640799999999786e+02,4.337652600000000120e+02
3.654356702839756394e+02,4.337652600000000120e+02
3.663750459999999975e+02,4.337652600000000120e+02
3.664697550151975634e+02,4.337652600000000120e+02
3.669860119999999597e+02,4.337652600000000120e+02
3.658137520325202559e+02,4.337652600000000120e+02
3.675969779999999787e+02,4.337652600000000120e+02
3.676923060283687619e+02,4.337652600000000120e+02
3.682079439999999977e+02,4.337652600000000120e+02
3.678832521298174356e+02,4.337652600000000120e+02
3.688189099999999598e+02,4.337652600000000120e+02
3.689148570415400172e+02,4.337652600000000120e+02
3.694298759999999788e+02,4.337652600000000120e+02
3.978591999999999871e+02,3.428426499999999919e+02
3.700408419999999978e+02,3.292328999999999724e+02
3.701374080547112726e+02,3.292328999999999724e+02
3.706518079999999600e+02,3.292328999999999724e+02
3.703308339756591749e+02,3.292328999999999724e+02
3.712627739999999790e+02,3.292328999999999724e+02
3.713599590678824711e+02,3.292328999999999724e+02
3.718737399999999980e+02,3.292328999999999724e+02
3.707188652439024281e+02,3.292328999999999724e+02
3.724847059999999601e+02,3.312880999999999858e+02
3.725825100810536696e+02,3.312880999999999858e+02
3.730956719999999791e+02,3.312880999999999858e+02
3.727784158215009711e+02,3.312880999999999858e+02
3.737066379999999981e+02,3.268455799999999840e+02
3.738050610942249250e+02,3.268455799999999840e+02
3.743176039999999603e+02,3.268455799999999840e+02
4.198399999999999750e+02,3.474586199999999963e+02
3.749285699999999792e+02,3.264839000000000055e+02
3.750276121073961804e+02,3.264839000000000055e+02
3.755395359999999982e+02,3.264839000000000055e+02
3.752259976673427673e+02,3.264839000000000055e+02
3.761505019999999604e+02,3.345628699999999753e+02
3.762501631205673789e+02,3.345628699999999753e+02
3.767614679999999794e+02,3.345628699999999753e+02
3.756239784552844867e+02,3.264839000000000055e+02
3.773724339999999984e+02,3.345628699999999753e+02
3.774727141337385774e+02,3.345628699999999753e+02
3.779833999999999605e+02,3.345628699999999753e+02
3.776735795131845634e+02,3.345628699999999753e+02
3.785943659999999795e+02,4.178301999999999907e+02
3.786952651469098328e+02,4.178301999999999907e+02
3.792053319999999985e+02,4.178301999999999907e+02
4.491791999999999803e+02,3.501669999999999732e+02
3.798162979999999607e+02,3.246460000000000150e+02
3.799178161600810881e+02,3.246460000000000150e+02
3.804272639999999797e+02,3.246460000000000150e+02
3.801211613590263596e+02,3.246460000000000150e+02
3.810382299999999987e+02,3.246460000000000150e+02
3.811403671732522866e+02,3.246460000000000150e+02
3.816491959999999608e+02,3.246460000000000150e+02
3.805290916666666590e+02,3.246460000000000150e+02
3.822601619999999798e+02,3.246460000000000150e+02
3.823629181864234852e+02,3.246460000000000150e+02
3.828711279999999988e+02,3.246460000000000150e+02
3.825687432048681558e+02,3.246460000000000150e+02
3.834820939999999609e+02,3.246460000000000150e+02
3.835854691995947405e+02,3.246460000000000150e+02
3.840930599999999799e+02,3.246460000000000150e+02
4.732952300000000037e+02,3.487496300000000247e+02
3.847040259999999989e+02,3.246730999999999767e+02
3.848080202127659390e+02,3.246730999999999767e+02
3.853149919999999611e+02,3.246730999999999767e+02
3.850163250507099519e+02,3.246730999999999767e+02
3.859259579999999801e+02,3.246730999999999767e+02
3.860305712259371376e+02,3.246730999999999767e+02
3.865369239999999991e+02,3.246730999999999767e+02
3.854342048780487175e+02,3.246730999999999767e+02
3.871478899999999612e+02,3.246730999999999767e+02
3.872531222391083929e+02,3.246730999999999767e+02
3.877588559999999802e+02,3.246730999999999767e+02
3.874639068965516913e+02,3.246730999999999767e+02
3.883698219999999992e+02,3.246730999999999767e+02
3.884756732522796483e+02,3.246730999999999767e+02
3.889807879999999614e+02,3.246730999999999767e+02
4.993304400000000101e+02,3.460839799999999968e+02
3.895917539999999804e+02,3.246730999999999767e+02
3.896982242654508468e+02,3.246730999999999767e+02
3.902027199999999993e+02,3.246730999999999767e+02
3.899114887423934874e+02,3.246730999999999767e+02
3.908136859999999615e+02,3.246730999999999767e+02
3.909207752786220453e+02,3.246730999999999767e+02
3.914246519999999805e+02,3.246730999999999767e+02
3.903393180894308898e+02,3.246730999999999767e+02
3.920356179999999995e+02,3.246730999999999767e+02
3.921433262917933007e+02,3.246730999999999767e+02
3.926465839999999616e+02,3.246730999999999767e+02
3.923590705882352836e+02,3.246730999999999767e+02
3.932575499999999806e+02,3.246730999999999767e+02
3.933658773049645561e+02,3.246730999999999767e+02
3.938685159999999996e+02,3.246730999999999767e+02
5.164194300000000339e+02,3.421251199999999812e+02
3.944794819999999618e+02,4.038466799999999921e+02
3.945884283181357546e+02,4.038466799999999921e+02
3.950904479999999808e+02,4.038466799999999921e+02
3.948066524340770229e+02,4.038466799999999921e+02
3.957014139999999998e+02,3.266508799999999724e+02
3.958109793313069531e+02,3.266508799999999724e+02
3.963123799999999619e+02,3.266508799999999724e+02
3.952444313008129484e+02,4.038466799999999921e+02
3.969233459999999809e+02,3.428426499999999919e+02
3.970335303444782085e+02,3.428426499999999919e+02
3.975343119999999999e+02,3.428426499999999919e+02
3.972542342799188191e+02,3.428426499999999919e+02
3.981452779999999620e+02,3.428426499999999919e+02
3.982560813576494638e+02,3.428426499999999919e+02
3.987562439999999810e+02,3.428426499999999919e+02
5.276360499999999547e+02,3.397665999999999826e+02
3.993672100000000000e+02,3.428426499999999919e+02
3.994786323708206623e+02,3.428426499999999919e+02
3.999781759999999622e+02,3.428426499999999919e+02
3.997018161257606153e+02,3.428426499999999919e+02
4.005891419999999812e+02,3.428426499999999919e+02
4.007011833839918609e+02,3.428426499999999919e+02
4.012001080000000002e+02,3.428426499999999919e+02
4.001495445121951207e+02,3.428426499999999919e+02
4.018110739999999623e+02,3.428426499999999919e+02
4.019237343971631162e+02,3.428426499999999919e+02
4.024220399999999813e+02,3.428426499999999919e+02
4.021493979716024114e+02,3.428426499999999919e+02
4.030330060000000003e+02,3.428426499999999919e+02
4.031462854103343716e+02,3.428426499999999919e+02
4.036439719999999625e+02,3.428426499999999919e+02
5.328919700000000148e+02,3.379129599999999982e+02
4.042549379999999815e+02,3.312990699999999720e+02
4.043688364235055701e+02,3.312990699999999720e+02
4.048659040000000005e+02,3.312990699999999720e+02
4.045969798174442076e+02,3.312990699999999720e+02
4.054768699999999626e+02,3.312990699999999720e+02
4.055913874366767686e+02,3.312990699999999720e+02
4.060878359999999816e+02,3.907420700000000124e+02
4.050546577235771792e+02,3.312990699999999720e+02
4.066988020000000006e+02,3.907420700000000124e+02
4.068139384498480240e+02,3.907420700000000124e+02
4.073097679999999627e+02,3.907420700000000124e+02
4.070445616632860037e+02,3.907420700000000124e+02
4.079207339999999817e+02,3.907420700000000124e+02
4.080364894630192794e+02,3.907420700000000124e+02
4.085317000000000007e+02,3.907420700000000124e+02
5.354247400000000425e+02,3.375075699999999870e+02
4.091426659999999629e+02,3.385794700000000148e+02
4.092590404761904779e+02,3.385794700000000148e+02
4.097536319999999819e+02,3.385794700000000148e+02
4.094921435091277999e+02,3.385794700000000148e+02
4.103645980000000009e+02,3.385794700000000148e+02
4.104815914893616764e+02,3.385794700000000148e+02
4.109755639999999630e+02,3.385794700000000148e+02
4.099597709349593515e+02,3.385794700000000148e+02
4.115865299999999820e+02,3.385794700000000148e+02
4.117041425025329318e+02,3.385794700000000148e+02
4.121974960000000010e+02,3.385794700000000148e+02
4.119397253549695392e+02,3.385794700000000148e+02
4.128084619999999632e+02,3.385794700000000148e+02
4.129266935157041871e+02,3.385794700000000148e+02
4.134194279999999821e+02,3.385794700000000148e+02
5.358034000000000106e+02,3.375075699999999870e+02
4.140303940000000011e+02,3.717011699999999905e+02
4.141492445288753288e+02,3.717011699999999905e+02
4.146413599999999633e+02,3.464040499999999838e+02
4.143873072008113354e+02,3.717011699999999905e+02
4.152523259999999823e+02,3.464040499999999838e+02
4.153717955420465842e+02,3.464040499999999838e+02
4.158632920000000013e+02,3.464040499999999838e+02
4.148648841463414101e+02,3.464040499999999838e+02
4.164742579999999634e+02,3.566391600000000039e+02
4.165943465552178395e+02,3.566391600000000039e+02
4.170852239999999824e+02,3.566391600000000039e+02
4.168348890466531316e+02,3.566391600000000039e+02
4.176961900000000014e+02,3.566391600000000039e+02
4.178168975683890380e+02,3.566391600000000039e+02
4.183071559999999636e+02,3.566391600000000039e+02
5.349306000000000267e+02,3.375075699999999870e+02
4.189181219999999826e+02,3.474586199999999963e+02
4.190394485815602366e+02,3.474586199999999963e+02
4.195290880000000016e+02,3.474586199999999963e+02
4.192824708924948709e+02,3.474586199999999963e+02
4.201400539999999637e+02,3.474586199999999963e+02
4.202619995947314919e+02,3.474586199999999963e+02
4.207510199999999827e+02,3.474586199999999963e+02
4.197699973577235255e+02,3.474586199999999963e+02
4.213619860000000017e+02,3.474586199999999963e+02
4.214845506079027473e+02,3.474586199999999963e+02
4.219729519999999638e+02,3.474586199999999963e+02
4.217300527383366671e+02,3.474586199999999963e+02
4.225839179999999828e+02,3.474586199999999963e+02
4.227071016210739458e+02,3.474586199999999963e+02
4.231948840000000018e+02,3.474586199999999963e+02
5.303520499999999629e+02,3.382573199999999929e+02
4.238058499999999640e+02,3.474586199999999963e+02
4.239296526342451443e+02,3.474586199999999963e+02
4.244168159999999830e+02,3.474586199999999963e+02
4.241776345841784632e+02,3.474586199999999963e+02
4.250277820000000020e+02,3.474586199999999963e+02
4.251522036474163997e+02,3.474586199999999963e+02
4.256387479999999641e+02,3.474586199999999963e+02
4.246751105691056409e+02,3.474586199999999963e+02
4.262497139999999831e+02,3.474586199999999963e+02
4.263747546605876551e+02,3.474586199999999963e+02
4.268606800000000021e+02,3.474586199999999963e+02
4.266252164300202594e+02,3.474586199999999963e+02
4.274716459999999643e+02,3.474586199999999963e+02
4.275973056737588536e+02,3.474586199999999963e+02
4.280826119999999833e+02,3.474586199999999963e+02
5.157342499999999745e+02,3.461412399999999820e+02
4.286935780000000022e+02,3.474586199999999963e+02
4.288198566869300521e+02,3.474586199999999963e+02
4.293045439999999644e+02,3.474586199999999963e+02
4.290727982758620556e+02,3.474586199999999963e+02
4.299155099999999834e+02,3.474586199999999963e+02
4.300424077001013075e+02,3.474586199999999963e+02
4.305264760000000024e+02,3.474586199999999963e+02
4.295802237804877564e+02,3.474586199999999963e+02
4.311374419999999645e+02,3.474586199999999963e+02
4.312649587132725628e+02,3.474586199999999963e+02
4.317484079999999835e+02,3.474586199999999963e+02
4.315203801217038517e+02,3.474586199999999963e+02
4.323593740000000025e+02,3.474586199999999963e+02
4.324875097264437613e+02,3.474586199999999963e+02
4.329703399999999647e+02,3.474586199999999963e+02
5.010437600000000202e+02,3.563725600000000213e+02
4.335813059999999268e+02,3.474586199999999963e+02
4.337100607396149599e+02,3.474586199999999963e+02
4.341922720000000027e+02,3.474586199999999963e+02
4.339679619675456479e+02,3.474586199999999963e+02
4.348032379999999648e+02,3.474586199999999963e+02
4.349326117527862152e+02,3.474586199999999963e+02
4.354142039999999270e+02,3.474586199999999963e+02
4.344853369918698718e+02,3.474586199999999963e+02
4.360251700000000028e+02,3.474586199999999963e+02
4.361551627659574706e+02,3.474586199999999963e+02
4.366361359999999650e+02,3.474586199999999963e+02
4.364155438133874441e+02,3.474586199999999963e+02
4.372471019999999271e+02,3.474586199999999963e+02
4.373777137791286123e+02,3.474586199999999963e+02
4.378580680000000029e+02,3.474586199999999963e+02
4.906988499999999931e+02,3.674885300000000257e+02
4.384690339999999651e+02,3.501669999999999732e+02
4.386002647922998676e+02,3.501669999999999732e+02
4.390799999999999272e+02,3.501669999999999732e+02
4.388631256592291265e+02,3.501669999999999732e+02
4.396909660000000031e+02,3.501669999999999732e+02
4.398228158054711230e+02,3.501669999999999732e+02
4.403019319999999652e+02,3.501669999999999732e+02
4.393904502032520440e+02,3.501669999999999732e+02
4.409128979999999274e+02,3.501669999999999732e+02
4.410453668186423783e+02,3.501669999999999732e+02
4.415238640000000032e+02,3.501669999999999732e+02
4.413107075050709227e+02,3.501669999999999732e+02
4.421348299999999654e+02,3.501669999999999732e+02
4.422679178318135200e+02,3.501669999999999732e+02
4.427457959999999275e+02,3.501669999999999732e+02
4.808983200000000124e+02,3.837369400000000041e+02
4.433567620000000034e+02,3.501669999999999732e+02
4.434904688449847754e+02,3.501669999999999732e+02
4.439677279999999655e+02,3.501669999999999732e+02
4.437582893509127189e+02,3.501669999999999732e+02
4.445786939999999277e+02,3.501669999999999732e+02
4.447130198581560308e+02,3.501669999999999732e+02
4.451896600000000035e+02,3.501669999999999732e+02
4.442955634146341026e+02,3.501669999999999732e+02
4.458006259999999656e+02,3.501669999999999732e+02
4.459355708713272861e+02,3.501669999999999732e+02
4.464115919999999278e+02,3.501669999999999732e+02
4.462058711967545150e+02,3.501669999999999732e+02
4.470225580000000036e+02,3.501669999999999732e+02
4.471581218844984278e+02,3.501669999999999732e+02
4.476335239999999658e+02,3.501669999999999732e+02
4.751125000000000114e+02,3.949986599999999726e+02
4.482444899999999279e+02,3.501669999999999732e+02
4.483806728976696832e+02,3.501669999999999732e+02
4.488554560000000038e+02,3.501669999999999732e+02
4.486534530425963112e+02,3.501669999999999732e+02
4.494664219999999659e+02,3.501669999999999732e+02
4.496032239108409385e+02,3.501669999999999732e+02
4.500773879999999281e+02,3.501669999999999732e+02
4.492006766260161612e+02,3.501669999999999732e+02
4.506883540000000039e+02,3.501669999999999732e+02
4.508257749240121939e+02,3.501669999999999732e+02
4.512993199999999661e+02,3.501669999999999732e+02
4.511010348884381074e+02,3.501669999999999732e+02
4.519102859999999282e+02,3.501669999999999732e+02
4.520483259371833356e+02,3.501669999999999732e+02
4.525212520000000040e+02,3.501669999999999732e+02
4.731284200000000055e+02,4.104781500000000278e+02
4.531322179999999662e+02,3.501669999999999732e+02
4.532708769503545909e+02,3.501669999999999732e+02
4.537431839999999283e+02,3.501669999999999732e+02
4.535486167342799035e+02,3.501669999999999732e+02
4.543541500000000042e+02,3.501669999999999732e+02
4.544934279635258463e+02,3.501669999999999732e+02
4.549651159999999663e+02,3.501669999999999732e+02
4.541057898373983335e+02,3.501669999999999732e+02
4.555760819999999285e+02,3.501669999999999732e+02
4.557159789766971016e+02,3.501669999999999732e+02
4.561870480000000043e+02,3.501669999999999732e+02
4.559961985801216997e+02,3.501669999999999732e+02
4.567980139999999665e+02,3.501669999999999732e+02
4.569385299898682433e+02,3.501669999999999732e+02
4.574089799999999286e+02,3.501669999999999732e+02
4.742404199999999719e+02,4.232496300000000247e+02
4.580199460000000045e+02,3.501669999999999732e+02
4.581610810030394987e+02,3.501669999999999732e+02
4.586309119999999666e+02,3.501669999999999732e+02
4.584437804259634959e+02,3.501669999999999732e+02
4.592418779999999288e+02,3.501669999999999732e+02
4.593836320162107540e+02,3.501669999999999732e+02
4.598528440000000046e+02,3.501669999999999732e+02
4.590109030487803921e+02,3.501669999999999732e+02
4.604638099999999667e+02,3.501669999999999732e+02
4.606061830293820094e+02,3.501669999999999732e+02
4.610747759999999289e+02,3.501669999999999732e+02
4.608913622718052920e+02,3.501669999999999732e+02
4.616857420000000047e+02,3.501669999999999732e+02
4.618287340425531511e+02,3.501669999999999732e+02
4.622967079999999669e+02,3.501669999999999732e+02
4.778270999999999731e+02,4.339209000000000174e+02
4.629076739999999290e+02,4.104781500000000278e+02
4.630512850557244064e+02,4.104781500000000278e+02
4.635186400000000049e+02,4.104781500000000278e+02
4.633389441176469745e+02,4.104781500000000278e+02
4.641296059999999670e+02,4.104781500000000278e+02
4.642738360688956618e+02,4.104781500000000278e+02
4.647405719999999292e+02,4.104781500000000278e+02
4.639160162601625643e+02,4.104781500000000278e+02
4.653515380000000050e+02,4.104781500000000278e+02
4.654963870820668035e+02,4.104781500000000278e+02
4.659625039999999672e+02,4.104781500000000278e+02
4.657865259634887707e+02,4.104781500000000278e+02
4.665734699999999293e+02,4.104781500000000278e+02
4.667189380952380588e+02,4.104781500000000278e+02
4.671844360000000052e+02,4.104781500000000278e+02
4.828439999999999941e+02,4.408514400000000251e+02
4.677954019999999673e+02,4.104781500000000278e+02
4.679414891084093142e+02,4.104781500000000278e+02
4.684063679999999295e+02,4.104781500000000278e+02
4.682341078093305669e+02,4.104781500000000278e+02
4.690173340000000053e+02,4.104781500000000278e+02
4.691640401215805696e+02,4.104781500000000278e+02
4.696282999999999674e+02,4.104781500000000278e+02
4.688211294715446229e+02,4.104781500000000278e+02
4.702392659999999296e+02,4.104781500000000278e+02
4.703865911347517113e+02,4.104781500000000278e+02
4.708502320000000054e+02,4.104781500000000278e+02
4.706816896551723630e+02,4.104781500000000278e+02
4.714611979999999676e+02,4.104781500000000278e+02
4.716091421479229666e+02,4.104781500000000278e+02
4.720721639999999297e+02,4.104781500000000278e+02
4.960396000000000072e+02,4.496939699999999789e+02
4.726831300000000056e+02,4.104781500000000278e+02
4.728316931610942220e+02,4.104781500000000278e+02
4.732940959999999677e+02,3.487496300000000247e+02
4.731292715010141592e+02,4.104781500000000278e+02
4.739050619999999299e+02,4.232496300000000247e+02
4.740542441742654773e+02,4.232496300000000247e+02
4.745160280000000057e+02,4.232496300000000247e+02
4.737262426829267952e+02,3.487496300000000247e+02
4.751269939999999679e+02,3.949986599999999726e+02
4.752767951874366190e+02,3.949986599999999726e+02
4.757379599999999300e+02,3.949986599999999726e+02
4.755768533468559554e+02,3.949986599999999726e+02
4.763489260000000058e+02,3.949986599999999726e+02
4.764993462006078744e+02,3.949986599999999726e+02
4.769598919999999680e+02,3.949986599999999726e+02
5.137912999999999784e+02,4.554392000000000280e+02
4.775708579999999301e+02,4.339209000000000174e+02
4.777218972137791297e+02,4.339209000000000174e+02
4.781818240000000060e+02,4.339209000000000174e+02
4.780244351926977515e+02,4.339209000000000174e+02
4.787927899999999681e+02,4.339209000000000174e+02
4.789444482269503851e+02,4.339209000000000174e+02
4.794037559999999303e+02,4.339209000000000174e+02
4.786313558943088537e+02,4.339209000000000174e+02
4.800147220000000061e+02,3.837369400000000041e+02
4.801669992401215268e+02,3.837369400000000041e+02
4.806256879999999683e+02,3.837369400000000041e+02
4.804720170385395477e+02,3.837369400000000041e+02
4.812366539999999304e+02,3.837369400000000041e+02
4.813895502532927821e+02,3.837369400000000041e+02
4.818476200000000063e+02,3.837369400000000041e+02
5.263805999999999585e+02,4.565670200000000136e+02
4.824585859999999684e+02,4.408514400000000251e+02
4.826121012664640375e+02,4.408514400000000251e+02
4.830695519999999306e+02,4.408514400000000251e+02
4.829195988843813439e+02,4.408514400000000251e+02
4.836805180000000064e+02,4.408514400000000251e+02
4.838346522796352929e+02,4.408514400000000251e+02
4.842914839999999685e+02,4.408514400000000251e+02
4.835364691056910260e+02,4.408514400000000251e+02
4.849024499999999307e+02,4.408514400000000251e+02
4.850572032928064345e+02,4.408514400000000251e+02
4.855134160000000065e+02,4.408514400000000251e+02
4.853671807302231400e+02,4.408514400000000251e+02
4.861243819999999687e+02,4.408514400000000251e+02
4.862797543059776899e+02,4.408514400000000251e+02
4.867353479999999308e+02,4.408514400000000251e+02
5.391825999999999794e+02,4.540709200000000010e+02
4.873463140000000067e+02,3.674885300000000257e+02
4.875023053191489453e+02,3.674885300000000257e+02
4.879572799999999688e+02,3.674885300000000257e+02
4.878147625760648225e+02,3.674885300000000257e+02
4.885682459999999310e+02,3.674885300000000257e+02
4.887248563323202006e+02,3.674885300000000257e+02
4.891792120000000068e+02,3.674885300000000257e+02
4.884415823170730846e+02,3.674885300000000257e+02
4.897901779999999690e+02,3.674885300000000257e+02
4.899474073454913423e+02,3.674885300000000257e+02
4.904011439999999311e+02,3.674885300000000257e+02
4.902623444219066187e+02,3.674885300000000257e+02
4.910121100000000069e+02,3.674885300000000257e+02
4.911699583586625977e+02,3.674885300000000257e+02
4.916230759999999691e+02,3.674885300000000257e+02
5.532177000000000362e+02,4.486093799999999874e+02
4.922340419999999312e+02,3.674885300000000257e+02
4.923925093718338530e+02,3.674885300000000257e+02
4.928450080000000071e+02,3.674885300000000257e+02
4.927099262677484148e+02,3.674885300000000257e+02
4.934559739999999692e+02,3.674885300000000257e+02
4.936150603850049947e+02,3.674885300000000257e+02
4.940669399999999314e+02,3.674885300000000257e+02
4.933466955284552569e+02,3.674885300000000257e+02
4.946779060000000072e+02,4.496939699999999789e+02
4.948376113981762501e+02,4.496939699999999789e+02
4.952888719999999694e+02,4.496939699999999789e+02
4.951575081135902110e+02,4.496939699999999789e+02
4.958998379999999315e+02,4.496939699999999789e+02
4.960601624113475054e+02,4.496939699999999789e+02
4.965108040000000074e+02,4.496939699999999789e+02
5.626778000000000475e+02,4.411598999999999933e+02
4.971217699999999695e+02,3.460839799999999968e+02
4.972827134245187608e+02,3.460839799999999968e+02
4.977327359999999317e+02,3.460839799999999968e+02
4.976050899594320072e+02,3.460839799999999968e+02
4.983437020000000075e+02,3.460839799999999968e+02
4.985052644376899025e+02,3.460839799999999968e+02
4.989546679999999697e+02,3.460839799999999968e+02
4.982518087398373154e+02,3.460839799999999968e+02
4.995656339999999318e+02,3.460839799999999968e+02
4.997278154508611578e+02,3.460839799999999968e+02
5.001766000000000076e+02,3.460839799999999968e+02
5.000526718052738033e+02,3.460839799999999968e+02
5.007875659999999698e+02,3.563725600000000213e+02
5.009503664640324132e+02,3.563725600000000213e+02
5.013985319999999319e+02,3.563725600000000213e+02
5.719631299999999783e+02,4.310260000000000105e+02
5.020094980000000078e+02,3.563725600000000213e+02
5.021729174772036686e+02,3.563725600000000213e+02
5.026204639999999699e+02,3.563725600000000213e+02
5.025002536511155995e+02,3.563725600000000213e+02
5.032314299999999321e+02,3.563725600000000213e+02
5.033954684903748102e+02,3.563725600000000213e+02
5.038423960000000079e+02,3.563725600000000213e+02
5.031569219512194877e+02,3.563725600000000213e+02
5.044533619999999701e+02,3.563725600000000213e+02
5.046180195035460656e+02,3.563725600000000213e+02
5.050643279999999322e+02,3.563725600000000213e+02
5.049478354969573957e+02,3.563725600000000213e+02
5.056752940000000081e+02,3.563725600000000213e+02
5.058405705167173210e+02,3.563725600000000213e+02
5.062862599999999702e+02,3.563725600000000213e+02
5.767685000000000173e+02,4.228423000000000229e+02
5.068972259999999324e+02,4.554392000000000280e+02
5.070631215298885763e+02,4.554392000000000280e+02
5.075081920000000082e+02,4.554392000000000280e+02
5.073954173427991918e+02,4.554392000000000280e+02
5.081191579999999703e+02,4.554392000000000280e+02
5.082856725430597180e+02,4.554392000000000280e+02
5.087301239999999325e+02,4.554392000000000280e+02
5.080620351626015463e+02,4.554392000000000280e+02
5.093410900000000083e+02,4.554392000000000280e+02
5.095082235562309734e+02,4.554392000000000280e+02
5.099520559999999705e+02,4.554392000000000280e+02
5.098429991886409880e+02,4.554392000000000280e+02
5.105630219999999326e+02,4.554392000000000280e+02
5.107307745694022287e+02,4.554392000000000280e+02
5.111739880000000085e+02,4.554392000000000280e+02
5.798274000000000115e+02,4.153089600000000132e+02
5.117849539999999706e+02,4.554392000000000280e+02
5.119533255825734841e+02,4.554392000000000280e+02
5.123959199999999328e+02,4.554392000000000280e+02
5.122905810344826705e+02,4.554392000000000280e+02
5.130068860000000086e+02,4.554392000000000280e+02
5.131758765957446258e+02,4.554392000000000280e+02
5.136178519999999708e+02,4.554392000000000280e+02
5.129671483739837186e+02,4.554392000000000280e+02
5.142288179999999329e+02,4.554392000000000280e+02
5.143984276089158811e+02,4.554392000000000280e+02
5.148397840000000087e+02,4.554392000000000280e+02
5.147381628803244666e+02,4.554392000000000280e+02
5.154507499999999709e+02,3.461412399999999820e+02
5.156209786220871365e+02,3.461412399999999820e+02
5.160617159999999330e+02,3.461412399999999820e+02
5.846731600000000526e+02,4.045517600000000016e+02
5.166726820000000089e+02,3.421251199999999812e+02
5.168435296352583919e+02,3.421251199999999812e+02
5.172836479999999710e+02,3.421251199999999812e+02
5.171857447261662628e+02,3.421251199999999812e+02
5.178946139999999332e+02,3.421251199999999812e+02
5.180660806484295335e+02,3.421251199999999812e+02
5.185055800000000090e+02,3.421251199999999812e+02
5.178722615853657771e+02,3.421251199999999812e+02
5.191165459999999712e+02,3.421251199999999812e+02
5.192886316616007889e+02,3.421251199999999812e+02
5.197275119999999333e+02,3.421251199999999812e+02
5.196333265720080590e+02,3.421251199999999812e+02
5.203384780000000092e+02,3.421251199999999812e+02
5.205111826747720443e+02,3.421251199999999812e+02
5.209494439999999713e+02,3.421251199999999812e+02
5.865204499999999825e+02,3.988729200000000219e+02
5.215604099999999335e+02,4.565670200000000136e+02
5.217337336879432996e+02,4.565670200000000136e+02
5.221713760000000093e+02,4.565670200000000136e+02
5.220809084178498551e+02,4.565670200000000136e+02
5.227823419999999714e+02,4.565670200000000136e+02
5.229562847011144413e+02,4.565670200000000136e+02
5.233933079999999336e+02,4.565670200000000136e+02
5.227773747967479494e+02,4.565670200000000136e+02
5.240042740000000094e+02,4.565670200000000136e+02
5.241788357142856967e+02,4.565670200000000136e+02
5.246152399999999716e+02,4.565670200000000136e+02
5.245284902636916513e+02,4.565670200000000136e+02
5.252262059999999337e+02,4.565670200000000136e+02
5.254013867274569520e+02,4.565670200000000136e+02
5.258371720000000096e+02,4.565670200000000136e+02
5.872866999999999962e+02,3.956635699999999929e+02
5.264481379999999717e+02,4.565670200000000136e+02
5.266239377406280937e+02,4.565670200000000136e+02
5.270591039999999339e+02,4.565670200000000136e+02
5.269760721095334475e+02,4.565670200000000136e+02
5.276700700000000097e+02,3.397665999999999826e+02
5.278464887537993491e+02,3.397665999999999826e+02
5.282810359999999719e+02,3.397665999999999826e+02
5.276824880081300080e+02,3.397665999999999826e+02
5.288920019999999340e+02,3.382573199999999929e+02
5.290690397669706044e+02,3.382573199999999929e+02
5.295029680000000099e+02,3.382573199999999929e+02
5.294236539553752436e+02,3.382573199999999929e+02
5.301139339999999720e+02,3.382573199999999929e+02
5.302915907801418598e+02,3.382573199999999929e+02
5.307248999999999342e+02,3.382573199999999929e+02
5.872866999999999962e+02,3.938397199999999998e+02
5.313358659999998963e+02,3.379129599999999982e+02
5.315141417933130015e+02,3.379129599999999982e+02
5.319468319999999721e+02,3.379129599999999982e+02
5.318712358012170398e+02,3.379129599999999982e+02
5.325577979999999343e+02,3.379129599999999982e+02
5.327366928064842568e+02,3.379129599999999982e+02
5.331687639999998964e+02,3.379129599999999982e+02
5.325876012195121803e+02,3.379129599999999982e+02
5.337797299999999723e+02,3.375075699999999870e+02
5.339592438196555122e+02,3.375075699999999870e+02
5.343906959999999344e+02,3.375075699999999870e+02
5.343188176470588360e+02,3.375075699999999870e+02
5.350016619999998966e+02,3.375075699999999870e+02
5.351817948328267676e+02,3.375075699999999870e+02
5.356126279999999724e+02,3.375075699999999870e+02
5.872866999999999962e+02,3.934832799999999793e+02
5.362235939999999346e+02,3.375075699999999870e+02
5.364043458459979092e+02,3.375075699999999870e+02
5.368345599999998967e+02,3.375075699999999870e+02
5.367663994929005185e+02,3.375075699999999870e+02
5.374455259999999726e+02,3.375075699999999870e+02
5.376268968591691646e+02,3.375075699999999870e+02
5.380564919999999347e+02,3.375075699999999870e+02
5.374927144308942388e+02,3.375075699999999870e+02
5.386674579999998969e+02,4.540709200000000010e+02
5.388494478723404200e+02,4.540709200000000010e+02
5.392784239999999727e+02,4.540709200000000010e+02
5.392139813387423146e+02,4.540709200000000010e+02
5.398893899999999348e+02,4.540709200000000010e+02
5.400719988855116753e+02,4.540709200000000010e+02
5.405003559999998970e+02,4.540709200000000010e+02
5.877173999999999978e+02,3.967917499999999791e+02
5.411113219999999728e+02,4.540709200000000010e+02
5.412945498986828170e+02,4.540709200000000010e+02
5.417222879999999350e+02,4.540709200000000010e+02
5.416615631845841108e+02,4.540709200000000010e+02
5.423332539999998971e+02,4.540709200000000010e+02
5.425171009118540724e+02,4.540709200000000010e+02
5.429442199999999730e+02,4.540709200000000010e+02
5.423978276422764111e+02,4.540709200000000010e+02
5.435551859999999351e+02,4.540709200000000010e+02
5.437396519250253277e+02,4.540709200000000010e+02
5.441661519999998973e+02,4.540709200000000010e+02
5.441091450304259070e+02,4.540709200000000010e+02
5.447771179999999731e+02,4.540709200000000010e+02
5.449622029381965831e+02,4.540709200000000010e+02
5.453880839999999353e+02,4.540709200000000010e+02
5.891990399999999681e+02,4.012479200000000219e+02
5.459990499999998974e+02,4.486093799999999874e+02
5.461847539513677248e+02,4.486093799999999874e+02
5.466100159999999732e+02,4.486093799999999874e+02
5.465567268762677031e+02,4.486093799999999874e+02
5.472209819999999354e+02,4.486093799999999874e+02
5.474073049645389801e+02,4.486093799999999874e+02
5.478319479999998975e+02,4.486093799999999874e+02
5.473029408536584697e+02,4.486093799999999874e+02
5.484429139999999734e+02,4.486093799999999874e+02
5.486298559777102355e+02,4.486093799999999874e+02
5.490538799999999355e+02,4.486093799999999874e+02
5.490043087221094993e+02,4.486093799999999874e+02
5.496648459999998977e+02,4.486093799999999874e+02
5.498524069908814909e+02,4.486093799999999874e+02
5.502758119999999735e+02,4.486093799999999874e+02
5.933407600000000457e+02,4.131698000000000093e+02
5.508867779999999357e+02,4.486093799999999874e+02
5.510749580040526325e+02,4.486093799999999874e+02
5.514977439999998978e+02,4.486093799999999874e+02
5.514518905679512955e+02,4.486093799999999874e+02
5.521087099999999737e+02,4.486093799999999874e+02
5.522975090172238879e+02,4.486093799999999874e+02
5.527196759999999358e+02,4.486093799999999874e+02
5.522080540650405283e+02,4.486093799999999874e+02
5.533306419999998980e+02,4.486093799999999874e+02
5.535200600303951433e+02,4.486093799999999874e+02
5.539416079999999738e+02,4.486093799999999874e+02
5.538994724137930916e+02,4.486093799999999874e+02
5.545525739999999359e+02,4.486093799999999874e+02
5.547426110435663986e+02,4.486093799999999874e+02
5.551635399999998981e+02,4.486093799999999874e+02
5.987095000000000482e+02,4.216584500000000162e+02
5.557745059999999739e+02,4.486093799999999874e+02
5.559651620567375403e+02,4.486093799999999874e+02
5.563854719999999361e+02,4.486093799999999874e+02
5.563470542596348878e+02,4.486093799999999874e+02
5.569964379999998982e+02,4.486093799999999874e+02
5.571877130699087957e+02,4.486093799999999874e+02
5.576074039999999741e+02,4.486093799999999874e+02
5.571131672764227005e+02,4.486093799999999874e+02
5.582183699999999362e+02,4.486093799999999874e+02
5.584102640830800510e+02,4.486093799999999874e+02
5.588293359999998984e+02,4.486093799999999874e+02
5.587946361054766840e+02,4.486093799999999874e+02
5.594403019999999742e+02,4.486093799999999874e+02
5.596328150962511927e+02,4.486093799999999874e+02
5.600512679999999364e+02,4.486093799999999874e+02
6.072007399999999961e+02,4.328339799999999968e+02
5.606622339999998985e+02,4.411598999999999933e+02
5.608553661094224481e+02,4.411598999999999933e+02
5.612731999999999744e+02,4.411598999999999933e+02
5.612422179513183664e+02,4.411598999999999933e+02
5.618841659999999365e+02,4.411598999999999933e+02
5.620779171225937034e+02,4.411598999999999933e+02
5.624951319999998987e+02,4.411598999999999933e+02
5.620182804878047591e+02,4.411598999999999933e+02
5.631060979999999745e+02,4.411598999999999933e+02
5.633004681357649588e+02,4.411598999999999933e+02
5.637170639999999366e+02,4.411598999999999933e+02
5.636897997971601626e+02,4.411598999999999933e+02
5.643280299999998988e+02,4.411598999999999933e+02
5.645230191489361005e+02,4.411598999999999933e+02
5.649389959999999746e+02,4.411598999999999933e+02
6.213728599999999460e+02,4.449787600000000225e+02
5.655499619999999368e+02,4.411598999999999933e+02
5.657455701621073558e+02,4.411598999999999933e+02
5.661609279999998989e+02,4.411598999999999933e+02
5.661373816430019588e+02,4.411598999999999933e+02
5.667718939999999748e+02,4.411598999999999933e+02
5.669681211752786112e+02,4.411598999999999933e+02
5.673828599999999369e+02,4.411598999999999933e+02
5.669233936991869314e+02,4.411598999999999933e+02
5.679938259999998991e+02,4.411598999999999933e+02
5.681906721884498666e+02,4.411598999999999933e+02
5.686047919999999749e+02,4.411598999999999933e+02
5.685849634888437549e+02,4.411598999999999933e+02
5.692157579999999371e+02,4.411598999999999933e+02
5.694132232016210082e+02,4.411598999999999933e+02
5.698267239999998992e+02,4.411598999999999933e+02
6.342291000000000167e+02,4.505507799999999747e+02
5.704376899999999750e+02,4.310260000000000105e+02
5.706357742147922636e+02,4.310260000000000105e+02
5.710486559999999372e+02,4.310260000000000105e+02
5.710325453346855511e+02,4.310260000000000105e+02
5.716596219999998993e+02,4.310260000000000105e+02
5.718583252279635190e+02,4.310260000000000105e+02
5.722705879999999752e+02,4.310260000000000105e+02
5.718285069105689900e+02,4.310260000000000105e+02
5.728815539999999373e+02,4.310260000000000105e+02
5.730808762411347743e+02,4.310260000000000105e+02
5.734925199999998995e+02,4.310260000000000105e+02
5.734801271805273473e+02,4.310260000000000105e+02
5.741034859999999753e+02,4.310260000000000105e+02
5.743034272543059160e+02,4.310260000000000105e+02
5.747144519999999375e+02,4.310260000000000105e+02
6.537954999999999472e+02,4.521245000000000118e+02
5.753254179999998996e+02,4.228423000000000229e+02
5.755259782674771714e+02,4.228423000000000229e+02
5.759363839999999755e+02,4.228423000000000229e+02
5.759277090263691434e+02,4.228423000000000229e+02
5.765473499999999376e+02,4.228423000000000229e+02
5.767485292806484267e+02,4.228423000000000229e+02
5.771583159999998998e+02,4.228423000000000229e+02
5.767336201219511622e+02,4.228423000000000229e+02
5.777692819999999756e+02,4.153089600000000132e+02
5.779710802938196821e+02,4.153089600000000132e+02
5.783802479999999377e+02,4.153089600000000132e+02
5.783752908722109396e+02,4.153089600000000132e+02
5.789912139999998999e+02,4.153089600000000132e+02
5.791936313069908238e+02,4.153089600000000132e+02
5.796021799999999757e+02,4.153089600000000132e+02
6.777311399999999821e+02,4.499102800000000002e+02
5.802131459999999379e+02,4.153089600000000132e+02
5.804161823201620791e+02,4.153089600000000132e+02
5.808241119999999000e+02,4.153089600000000132e+02
5.808228727180527358e+02,4.153089600000000132e+02
5.814350779999999759e+02,4.153089600000000132e+02
5.816387333333333345e+02,4.153089600000000132e+02
5.820460439999999380e+02,4.153089600000000132e+02
5.816387333333332208e+02,4.153089600000000132e+02
5.826570099999999002e+02,4.045517600000000016e+02
5.828612843465045898e+02,4.045517600000000016e+02
5.832679759999999760e+02,4.045517600000000016e+02
5.832704545638944182e+02,4.045517600000000016e+02
5.838789419999999382e+02,4.045517600000000016e+02
5.840838353596757315e+02,4.045517600000000016e+02
5.844899079999999003e+02,4.045517600000000016e+02
6.975932000000000244e+02,4.405221000000000231e+02
5.851008739999999761e+02,3.988729200000000219e+02
5.853063863728469869e+02,3.988729200000000219e+02
5.857118399999999383e+02,3.988729200000000219e+02
5.857180364097362144e+02,3.988729200000000219e+02
5.863228059999999005e+02,3.988729200000000219e+02
5.865289373860182423e+02,3.988729200000000219e+02
5.869337719999999763e+02,3.938397199999999998e+02
5.865438465447153931e+02,3.988729200000000219e+02
5.875447379999999384e+02,3.967917499999999791e+02
5.877514883991893839e+02,3.967917499999999791e+02
5.881557039999999006e+02,3.967917499999999791e+02
5.881656182555780106e+02,3.967917499999999791e+02
5.887666699999999764e+02,4.012479200000000219e+02
5.889740394123606393e+02,4.012479200000000219e+02
5.893776359999999386e+02,4.012479200000000219e+02
7.235794700000000148e+02,4.228956299999999828e+02
5.899886019999999007e+02,4.131698000000000093e+02
5.901965904255318947e+02,4.131698000000000093e+02
5.905995679999999766e+02,4.131698000000000093e+02
5.906132001014198067e+02,4.131698000000000093e+02
5.912105339999999387e+02,4.131698000000000093e+02
5.914191414387031500e+02,4.131698000000000093e+02
5.918214999999999009e+02,4.131698000000000093e+02
5.914489597560974516e+02,4.131698000000000093e+02
5.924324659999999767e+02,4.131698000000000093e+02
5.926416924518742917e+02,4.131698000000000093e+02
5.930434319999999389e+02,4.131698000000000093e+02
5.930607819472616029e+02,4.131698000000000093e+02
5.936543979999999010e+02,4.131698000000000093e+02
5.938642434650455471e+02,4.131698000000000093e+02
5.942653639999999768e+02,4.131698000000000093e+02
7.456528299999999945e+02,4.014859599999999773e+02
5.948763299999999390e+02,4.216584500000000162e+02
5.950867944782168024e+02,4.216584500000000162e+02
5.954872959999999011e+02,4.216584500000000162e+02
5.955083637931033991e+02,4.216584500000000162e+02
5.960982619999999770e+02,4.216584500000000162e+02
5.963093454913880578e+02,4.216584500000000162e+02
5.967092279999999391e+02,4.216584500000000162e+02
5.963540729674796239e+02,4.216584500000000162e+02
5.973201939999999013e+02,4.216584500000000162e+02
5.975318965045591995e+02,4.216584500000000162e+02
5.979311599999999771e+02,4.216584500000000162e+02
5.979559456389451952e+02,4.216584500000000162e+02
5.985421259999999393e+02,4.216584500000000162e+02
5.987544475177304548e+02,4.216584500000000162e+02
5.991530919999999014e+02,4.216584500000000162e+02
7.668114600000000110e+02,3.739199199999999905e+02
5.997640579999999773e+02,4.216584500000000162e+02
5.999769985309017102e+02,4.216584500000000162e+02
6.003750239999999394e+02,4.216584500000000162e+02
6.004035274847869914e+02,4.216584500000000162e+02
6.009859899999999016e+02,4.216584500000000162e+02
6.011995495440729655e+02,4.216584500000000162e+02
6.015969559999999774e+02,4.216584500000000162e+02
6.012591861788616825e+02,4.216584500000000162e+02
6.022079219999999395e+02,4.216584500000000162e+02
6.024221005572441072e+02,4.216584500000000162e+02
6.028188879999999017e+02,4.216584500000000162e+02
6.028511093306287876e+02,4.216584500000000162e+02
6.034298539999999775e+02,4.216584500000000162e+02
6.036446515704153626e+02,4.216584500000000162e+02
6.040408199999999397e+02,4.216584500000000162e+02
7.876507000000000289e+02,3.452730700000000184e+02
6.046517859999999018e+02,4.328339799999999968e+02
6.048672025835866179e+02,4.328339799999999968e+02
6.052627519999999777e+02,4.328339799999999968e+02
6.052986911764705837e+02,4.328339799999999968e+02
6.058737179999999398e+02,4.328339799999999968e+02
6.060897535967578733e+02,4.328339799999999968e+02
6.064846839999999020e+02,4.328339799999999968e+02
6.061642993902438548e+02,4.328339799999999968e+02
6.070956499999999778e+02,4.328339799999999968e+02
6.073123046099290150e+02,4.328339799999999968e+02
6.077066159999999400e+02,4.328339799999999968e+02
6.077462730223122662e+02,4.328339799999999968e+02
6.083175819999999021e+02,4.328339799999999968e+02
6.085348556231002703e+02,4.328339799999999968e+02
6.089285479999999779e+02,4.328339799999999968e+02
8.059239499999999907e+02,3.132020299999999793e+02
6.095395139999999401e+02,4.328339799999999968e+02
6.097574066362715257e+02,4.328339799999999968e+02
6.101504799999999022e+02,4.328339799999999968e+02
6.101938548681540624e+02,4.328339799999999968e+02
6.107614459999999781e+02,4.328339799999999968e+02
6.109799576494427811e+02,4.328339799999999968e+02
6.113724119999999402e+02,4.328339799999999968e+02
6.110694126016259133e+02,4.328339799999999968e+02
6.119833779999999024e+02,4.328339799999999968e+02
6.122025086626139228e+02,4.328339799999999968e+02
6.125943439999999782e+02,4.328339799999999968e+02
6.126414367139958586e+02,4.328339799999999968e+02
6.132053099999999404e+02,4.328339799999999968e+02
6.134250596757851781e+02,4.328339799999999968e+02
6.138162759999999025e+02,4.328339799999999968e+02
8.202350999999999885e+02,2.829791299999999978e+02
6.144272419999999784e+02,4.449787600000000225e+02
6.146476106889564335e+02,4.449787600000000225e+02
6.150382079999999405e+02,4.449787600000000225e+02
6.150890185598376547e+02,4.449787600000000225e+02
6.156491739999999027e+02,4.449787600000000225e+02
6.158701617021276888e+02,4.449787600000000225e+02
6.162601399999999785e+02,4.449787600000000225e+02
6.159745258130080856e+02,4.449787600000000225e+02
6.168711059999999407e+02,4.449787600000000225e+02
6.170927127152988305e+02,4.449787600000000225e+02
6.174820719999999028e+02,4.449787600000000225e+02
6.175366004056794509e+02,4.449787600000000225e+02
6.180930379999999786e+02,4.449787600000000225e+02
6.183152637284700859e+02,4.449787600000000225e+02
6.187040039999999408e+02,4.449787600000000225e+02
8.315593999999999824e+02,2.574264000000000010e+02
6.193149699999999029e+02,4.449787600000000225e+02
6.195378147416413412e+02,4.449787600000000225e+02
6.199259359999999788e+02,4.449787600000000225e+02
6.199841822515212471e+02,4.449787600000000225e+02
6.205369019999999409e+02,4.449787600000000225e+02
6.207603657548124829e+02,4.449787600000000225e+02
6.211478679999999031e+02,4.449787600000000225e+02
6.208796390243901442e+02,4.449787600000000225e+02
6.217588339999999789e+02,4.449787600000000225e+02
6.219829167679837383e+02,4.449787600000000225e+02
6.223697999999999411e+02,4.449787600000000225e+02
6.224317640973630432e+02,4.449787600000000225e+02
6.229807659999999032e+02,4.449787600000000225e+02
6.232054677811549936e+02,4.449787600000000225e+02
6.235917319999999791e+02,4.449787600000000225e+02
8.393285499999999502e+02,2.281154799999999909e+02
6.242026979999999412e+02,4.449787600000000225e+02
6.244280187943262490e+02,4.449787600000000225e+02
6.248136639999999034e+02,4.449787600000000225e+02
6.248793459432048394e+02,4.449787600000000225e+02
6.254246299999999792e+02,4.449787600000000225e+02
6.256505698074973907e+02,4.449787600000000225e+02
6.260355959999999413e+02,4.449787600000000225e+02
6.257847522357723165e+02,4.449787600000000225e+02
6.266465619999999035e+02,4.449787600000000225e+02
6.268731208206686460e+02,4.449787600000000225e+02
6.272575279999999793e+02,4.449787600000000225e+02
6.273269277890466356e+02,4.449787600000000225e+02
6.278684939999999415e+02,4.449787600000000225e+02
6.280956718338399014e+02,4.449787600000000225e+02
6.284794599999999036e+02,4.449787600000000225e+02
8.416882000000000517e+02,2.067224099999999964e+02
6.290904259999999795e+02,4.505507799999999747e+02
6.293182228470111568e+02,4.505507799999999747e+02
6.297013919999999416e+02,4.505507799999999747e+02
6.297745096348884317e+02,4.505507799999999747e+02
6.303123579999999038e+02,4.505507799999999747e+02
6.305407738601822984e+02,4.505507799999999747e+02
6.309233239999999796e+02,4.505507799999999747e+02
6.306898654471543750e+02,4.505507799999999747e+02
6.315342899999999418e+02,4.505507799999999747e+02
6.317633248733535538e+02,4.505507799999999747e+02
6.321452559999999039e+02,4.505507799999999747e+02
6.322220914807301142e+02,4.505507799999999747e+02
6.327562219999999797e+02,4.505507799999999747e+02
6.329858758865248092e+02,4.505507799999999747e+02
6.333671879999999419e+02,4.505507799999999747e+02
8.385829999999999700e+02,1.859642299999999864e+02
6.339781539999999040e+02,4.505507799999999747e+02
6.342084268996960645e+02,4.505507799999999747e+02
6.345891199999999799e+02,4.505507799999999747e+02
6.346696733265719104e+02,4.505507799999999747e+02
6.352000859999999420e+02,4.505507799999999747e+02
6.354309779128672062e+02,4.505507799999999747e+02
6.358110519999999042e+02,4.505507799999999747e+02
6.355949786585365473e+02,4.505507799999999747e+02
6.364220179999999800e+02,4.505507799999999747e+02
6.366535289260384616e+02,4.505507799999999747e+02
6.370329839999999422e+02,4.505507799999999747e+02
6.371172551724137065e+02,4.505507799999999747e+02
6.376439499999999043e+02,4.505507799999999747e+02
6.378760799392097169e+02,4.505507799999999747e+02
6.382549159999999802e+02,4.505507799999999747e+02
8.311733400000000529e+02,1.716865200000000016e+02
6.388658819999999423e+02,4.505507799999999747e+02
6.390986309523809723e+02,4.505507799999999747e+02
6.394768479999999045e+02,4.505507799999999747e+02
6.395648370182555027e+02,4.505507799999999747e+02
6.400878139999999803e+02,4.505507799999999747e+02
6.403211819655521140e+02,4.505507799999999747e+02
6.406987799999999424e+02,4.505507799999999747e+02
6.405000918699186059e+02,4.505507799999999747e+02
6.413097459999999046e+02,4.505507799999999747e+02
6.415437329787233693e+02,4.505507799999999747e+02
6.419207119999999804e+02,4.505507799999999747e+02
6.420124188640972989e+02,4.505507799999999747e+02
6.425316779999999426e+02,4.505507799999999747e+02
6.427662839918946247e+02,4.505507799999999747e+02
6.431426439999999047e+02,4.505507799999999747e+02
8.226418999999999642e+02,1.597161900000000117e+02
6.437536099999999806e+02,4.521245000000000118e+02
6.439888350050658801e+02,4.521245000000000118e+02
6.443645759999999427e+02,4.521245000000000118e+02
6.444600007099390950e+02,4.521245000000000118e+02
6.449755419999999049e+02,4.521245000000000118e+02
6.452113860182370217e+02,4.521245000000000118e+02
6.455865079999999807e+02,4.521245000000000118e+02
6.454052050813007781e+02,4.521245000000000118e+02
6.461974739999999429e+02,4.521245000000000118e+02
6.464339370314082771e+02,4.521245000000000118e+02
6.468084399999999050e+02,4.521245000000000118e+02
6.469075825557808912e+02,4.521245000000000118e+02
6.474194059999999808e+02,4.521245000000000118e+02
6.476564880445795325e+02,4.521245000000000118e+02
6.480303719999999430e+02,4.521245000000000118e+02
8.159158999999999651e+02,1.528798800000000142e+02
6.486413379999999052e+02,4.521245000000000118e+02
6.488790390577506741e+02,4.521245000000000118e+02
6.492523039999999810e+02,4.521245000000000118e+02
6.493551644016226874e+02,4.521245000000000118e+02
6.498632699999999431e+02,4.521245000000000118e+02
6.501015900709219295e+02,4.521245000000000118e+02
6.504742359999999053e+02,4.521245000000000118e+02
6.503103182926828367e+02,4.521245000000000118e+02
6.510852019999999811e+02,4.521245000000000118e+02
6.513241410840931849e+02,4.521245000000000118e+02
6.516961679999999433e+02,4.521245000000000118e+02
6.518027462474644835e+02,4.521245000000000118e+02
6.523071339999999054e+02,4.521245000000000118e+02
6.525466920972644402e+02,4.521245000000000118e+02
6.529180999999999813e+02,4.521245000000000118e+02
8.030174600000000282e+02,1.468201899999999966e+02
6.535290659999999434e+02,4.521245000000000118e+02
6.537692431104355819e+02,4.521245000000000118e+02
6.541400319999999056e+02,4.521245000000000118e+02
6.542503280933062797e+02,4.521245000000000118e+02
6.547509979999999814e+02,4.521245000000000118e+02
6.549917941236068373e+02,4.521245000000000118e+02
6.553619639999999436e+02,4.521245000000000118e+02
6.552154315040648953e+02,4.521245000000000118e+02
6.559729299999999057e+02,4.521245000000000118e+02
6.562143451367780926e+02,4.521245000000000118e+02
6.565838959999999815e+02,4.521245000000000118e+02
6.566979099391479622e+02,4.521245000000000118e+02
6.571948619999999437e+02,4.521245000000000118e+02
6.574368961499493480e+02,4.521245000000000118e+02
6.578058279999999058e+02,4.521245000000000118e+02
7.899239999999999782e+02,1.478239700000000028e+02
6.584167939999999817e+02,4.521245000000000118e+02
6.586594471631204897e+02,4.521245000000000118e+02
6.590277599999999438e+02,4.521245000000000118e+02
6.591454917849897583e+02,4.521245000000000118e+02
6.596387259999999060e+02,4.521245000000000118e+02
6.598819981762917450e+02,4.521245000000000118e+02
6.602496919999999818e+02,4.521245000000000118e+02
6.601205447154470676e+02,4.521245000000000118e+02
6.608606579999999440e+02,4.521245000000000118e+02
6.611045491894630004e+02,4.521245000000000118e+02
6.614716239999999061e+02,4.521245000000000118e+02
6.615930736308315545e+02,4.521245000000000118e+02
6.620825899999999820e+02,4.521245000000000118e+02
6.623271002026342558e+02,4.521245000000000118e+02
6.626935559999999441e+02,4.521245000000000118e+02
7.740201399999999694e+02,1.561557599999999866e+02
6.633045219999999063e+02,4.521245000000000118e+02
6.635496512158053974e+02,4.521245000000000118e+02
6.639154879999999821e+02,4.521245000000000118e+02
6.640406554766733507e+02,4.521245000000000118e+02
6.645264539999999442e+02,4.521245000000000118e+02
6.647722022289766528e+02,4.521245000000000118e+02
6.651374199999999064e+02,4.521245000000000118e+02
6.650256579268291262e+02,4.521245000000000118e+02
6.657483859999999822e+02,4.521245000000000118e+02
6.659947532421479082e+02,4.521245000000000118e+02
6.663593519999999444e+02,4.521245000000000118e+02
6.664882373225151468e+02,4.521245000000000118e+02
6.669703179999999065e+02,4.521245000000000118e+02
6.672173042553191635e+02,4.521245000000000118e+02
6.675812839999999824e+02,4.521245000000000118e+02
7.614676500000000487e+02,1.671480699999999899e+02
6.681922499999999445e+02,4.499102800000000002e+02
6.684398552684903052e+02,4.499102800000000002e+02
6.688032159999999067e+02,4.499102800000000002e+02
6.689358191683569430e+02,4.499102800000000002e+02
6.694141819999999825e+02,4.499102800000000002e+02
6.696624062816615606e+02,4.499102800000000002e+02
6.700251479999999447e+02,4.499102800000000002e+02
6.699307711382112984e+02,4.499102800000000002e+02
6.706361139999999068e+02,4.499102800000000002e+02
6.708849572948328159e+02,4.499102800000000002e+02
6.712470799999999826e+02,4.499102800000000002e+02
6.713834010141987392e+02,4.499102800000000002e+02
6.718580459999999448e+02,4.499102800000000002e+02
6.721075083080040713e+02,4.499102800000000002e+02
6.724690119999999069e+02,4.499102800000000002e+02
7.502306499999999687e+02,1.811352500000000134e+02
6.730799779999999828e+02,4.499102800000000002e+02
6.733300593211752130e+02,4.499102800000000002e+02
6.736909439999999449e+02,4.499102800000000002e+02
6.738309828600405353e+02,4.499102800000000002e+02
6.743019099999999071e+02,4.499102800000000002e+02
6.745526103343464683e+02,4.499102800000000002e+02
6.749128759999999829e+02,4.499102800000000002e+02
6.748358843495933570e+02,4.499102800000000002e+02
6.755238419999999451e+02,4.499102800000000002e+02
6.757751613475177237e+02,4.499102800000000002e+02
6.761348079999999072e+02,4.499102800000000002e+02
6.762785647058823315e+02,4.499102800000000002e+02
6.767457739999999831e+02,4.499102800000000002e+02
6.769977123606889791e+02,4.499102800000000002e+02
6.773567399999999452e+02,4.499102800000000002e+02
7.340937500000000000e+02,2.110307599999999866e+02
6.779677059999999074e+02,4.499102800000000002e+02
6.782202633738601207e+02,4.499102800000000002e+02
6.785786719999999832e+02,4.499102800000000002e+02
6.787261465517241277e+02,4.499102800000000002e+02
6.791896379999999454e+02,4.499102800000000002e+02
6.794428143870313761e+02,4.499102800000000002e+02
6.798006039999999075e+02,4.499102800000000002e+02
6.797409975609755293e+02,4.499102800000000002e+02
6.804115699999999833e+02,4.499102800000000002e+02
6.806653654002026315e+02,4.499102800000000002e+02
6.810225359999999455e+02,4.499102800000000002e+02
6.811737283975658102e+02,4.499102800000000002e+02
6.816335019999999076e+02,4.499102800000000002e+02
6.818879164133737731e+02,4.499102800000000002e+02
6.822444679999999835e+02,4.499102800000000002e+02
7.244707600000000411e+02,2.337553699999999992e+02
6.828554339999999456e+02,4.499102800000000002e+02
6.831104674265450285e+02,4.499102800000000002e+02
6.834663999999999078e+02,4.499102800000000002e+02
6.836213102434076063e+02,4.499102800000000002e+02
6.840773659999999836e+02,4.499102800000000002e+02
6.843330184397162839e+02,4.499102800000000002e+02
6.846883319999999458e+02,4.499102800000000002e+02
6.846461107723575878e+02,4.499102800000000002e+02
6.852992979999999079e+02,4.499102800000000002e+02
6.855555694528875392e+02,4.499102800000000002e+02
6.859102639999999838e+02,4.499102800000000002e+02
6.860688920892494025e+02,4.499102800000000002e+02
6.865212299999999459e+02,4.499102800000000002e+02
6.867781204660586809e+02,4.499102800000000002e+02
6.871321959999999081e+02,4.499102800000000002e+02
7.162344399999999496e+02,2.643113999999999919e+02
6.877431619999998702e+02,4.405221000000000231e+02
6.880006714792299363e+02,4.405221000000000231e+02
6.883541279999999460e+02,4.405221000000000231e+02
6.885164739350911987e+02,4.405221000000000231e+02
6.889650939999999082e+02,4.405221000000000231e+02
6.892232224924011916e+02,4.405221000000000231e+02
6.895760599999998703e+02,4.405221000000000231e+02
6.895512239837397601e+02,4.405221000000000231e+02
6.901870259999999462e+02,4.405221000000000231e+02
6.904457735055724470e+02,4.405221000000000231e+02
6.907979919999999083e+02,4.405221000000000231e+02
6.909640557809329948e+02,4.405221000000000231e+02
6.914089579999998705e+02,4.405221000000000231e+02
6.916683245187435887e+02,4.405221000000000231e+02
6.920199239999999463e+02,4.405221000000000231e+02
7.089755999999999858e+02,2.929160200000000032e+02
6.926308899999999085e+02,4.405221000000000231e+02
6.928908755319148440e+02,4.405221000000000231e+02
6.932418559999998706e+02,4.405221000000000231e+02
6.934116376267747910e+02,4.405221000000000231e+02
6.938528219999999465e+02,4.405221000000000231e+02
6.941134265450860994e+02,4.405221000000000231e+02
6.944637879999999086e+02,4.405221000000000231e+02
6.944563371951218187e+02,4.405221000000000231e+02
6.950747539999998708e+02,4.405221000000000231e+02
6.953359775582572411e+02,4.405221000000000231e+02
6.956857199999999466e+02,4.405221000000000231e+02
6.958592194726165872e+02,4.405221000000000231e+02
6.962966859999999087e+02,4.405221000000000231e+02
6.965585285714284964e+02,4.405221000000000231e+02
6.969076519999998709e+02,4.405221000000000231e+02
7.059660599999999704e+02,3.234956000000000245e+02
6.975186179999999467e+02,4.405221000000000231e+02
6.977810795845997518e+02,4.405221000000000231e+02
6.981295839999999089e+02,4.405221000000000231e+02
6.983068013184582696e+02,4.405221000000000231e+02
6.987405499999998710e+02,4.405221000000000231e+02
6.990036305977710072e+02,4.405221000000000231e+02
6.993515159999999469e+02,4.405221000000000231e+02
6.993614504065039910e+02,4.405221000000000231e+02
6.999624819999999090e+02,4.405221000000000231e+02
7.002261816109421488e+02,4.405221000000000231e+02
7.005734479999998712e+02,4.405221000000000231e+02
7.007543831643000658e+02,4.405221000000000231e+02
7.011844139999999470e+02,4.405221000000000231e+02
7.014487326241134042e+02,4.405221000000000231e+02
7.017953799999999092e+02,4.405221000000000231e+02
7.032632399999999961e+02,3.546173000000000002e+02
7.024063459999998713e+02,3.546173000000000002e+02
7.026712836372846596e+02,3.546173000000000002e+02
7.030173119999999471e+02,3.546173000000000002e+02
7.032019650101418620e+02,3.546173000000000002e+02
7.036282779999999093e+02,3.784689999999999941e+02
7.038938346504559149e+02,3.784689999999999941e+02
7.042392439999998714e+02,3.784689999999999941e+02
7.042665636178860495e+02,3.784689999999999941e+02
7.048502099999999473e+02,3.234956000000000245e+02
7.051163856636270566e+02,3.234956000000000245e+02
7.054611759999999094e+02,3.234956000000000245e+02
7.056495468559836581e+02,3.234956000000000245e+02
7.060721419999998716e+02,3.234956000000000245e+02
7.063389366767983120e+02,3.234956000000000245e+02
7.066831079999999474e+02,3.234956000000000245e+02
7.043153999999999542e+02,3.784689999999999941e+02
7.072940739999999096e+02,3.982805200000000241e+02
7.075614876899695673e+02,3.982805200000000241e+02
7.079050399999998717e+02,2.929160200000000032e+02
7.080971287018254543e+02,2.929160200000000032e+02
7.085160059999999476e+02,2.929160200000000032e+02
7.087840387031408227e+02,2.929160200000000032e+02
7.091269719999999097e+02,2.929160200000000032e+02
7.091716768292681081e+02,2.929160200000000032e+02
7.097379379999998719e+02,2.929160200000000032e+02
7.100065897163119644e+02,2.929160200000000032e+02
7.103489039999999477e+02,2.929160200000000032e+02
7.105447105476672505e+02,2.929160200000000032e+02
7.109598699999999099e+02,2.929160200000000032e+02
7.112291407294832197e+02,2.929160200000000032e+02
7.115708359999998720e+02,2.929160200000000032e+02
7.071725500000000011e+02,3.982805200000000241e+02
7.121818019999999478e+02,4.186385500000000093e+02
7.124516917426544751e+02,4.186385500000000093e+02
7.127927679999999100e+02,4.186385500000000093e+02
7.129922923935090466e+02,4.186385500000000093e+02
7.134037339999998721e+02,4.186385500000000093e+02
7.136742427558256168e+02,4.186385500000000093e+02
7.140146999999999480e+02,4.186385500000000093e+02
7.140767900406502804e+02,4.186385500000000093e+02
7.146256659999999101e+02,2.643113999999999919e+02
7.148967937689968721e+02,2.643113999999999919e+02
7.152366319999998723e+02,2.643113999999999919e+02
7.154398742393508428e+02,2.643113999999999919e+02
7.158475979999999481e+02,2.643113999999999919e+02
7.161193447821681275e+02,2.643113999999999919e+02
7.164585639999999103e+02,2.643113999999999919e+02
7.127377999999999929e+02,4.186385500000000093e+02
7.170695299999998724e+02,4.286501499999999965e+02
7.173418957953393829e+02,4.286501499999999965e+02
7.176804959999999483e+02,4.286501499999999965e+02
7.178874560851926390e+02,4.286501499999999965e+02
7.182914619999999104e+02,4.286501499999999965e+02
7.185644468085105245e+02,4.286501499999999965e+02
7.189024279999998726e+02,4.286501499999999965e+02
7.189819032520323390e+02,4.286501499999999965e+02
7.195133939999999484e+02,4.286501499999999965e+02
7.197869978216817799e+02,4.286501499999999965e+02
7.201243599999999105e+02,4.286501499999999965e+02
7.203350379310344351e+02,4.286501499999999965e+02
7.207353259999998727e+02,4.286501499999999965e+02
7.210095488348530353e+02,4.286501499999999965e+02
7.213462919999999485e+02,4.286501499999999965e+02
7.192969399999999496e+02,4.286501499999999965e+02
7.219572579999999107e+02,4.228956299999999828e+02
7.222320998480242906e+02,4.228956299999999828e+02
7.225682239999998728e+02,4.228956299999999828e+02
7.227826197768761176e+02,4.228956299999999828e+02
7.231791899999999487e+02,4.228956299999999828e+02
7.234546508611954323e+02,4.228956299999999828e+02
7.237901559999999108e+02,4.228956299999999828e+02
7.238870164634145112e+02,4.228956299999999828e+02
7.244011219999998730e+02,2.337553699999999992e+02
7.246772018743666877e+02,2.337553699999999992e+02
7.250120879999999488e+02,2.337553699999999992e+02
7.252302016227179138e+02,2.337553699999999992e+02
7.256230539999999110e+02,2.337553699999999992e+02
7.258997528875379430e+02,2.337553699999999992e+02
7.262340199999998731e+02,2.337553699999999992e+02
7.329577600000000075e+02,4.429223600000000260e+02
7.268449859999999489e+02,4.429223600000000260e+02
7.271223039007091984e+02,4.429223600000000260e+02
7.274559519999999111e+02,4.429223600000000260e+02
7.276777834685597099e+02,4.429223600000000260e+02
7.280669179999998732e+02,4.429223600000000260e+02
7.283448549138803401e+02,4.429223600000000260e+02
7.286778839999998354e+02,4.429223600000000260e+02
7.287921296747965698e+02,4.429223600000000260e+02
7.292888499999999112e+02,4.429223600000000260e+02
7.295674059270515954e+02,4.429223600000000260e+02
7.298998159999998734e+02,4.429223600000000260e+02
7.301253653144015061e+02,4.429223600000000260e+02
7.305107819999998355e+02,4.429223600000000260e+02
7.307899569402228508e+02,4.429223600000000260e+02
7.311217479999999114e+02,4.429223600000000260e+02
7.487773399999999810e+02,4.545195299999999747e+02
7.317327139999998735e+02,4.429223600000000260e+02
7.320125079533941062e+02,4.429223600000000260e+02
7.323436799999998357e+02,4.429223600000000260e+02
7.325729471602433023e+02,4.429223600000000260e+02
7.329546459999999115e+02,4.429223600000000260e+02
7.332350589665652478e+02,4.429223600000000260e+02
7.335656119999998737e+02,2.110307599999999866e+02
7.336972428861787421e+02,2.110307599999999866e+02
7.341765779999998358e+02,2.110307599999999866e+02
7.344576099797365032e+02,2.110307599999999866e+02
7.347875439999999116e+02,2.110307599999999866e+02
7.350205290060850984e+02,2.110307599999999866e+02
7.353985099999998738e+02,2.110307599999999866e+02
7.356801609929077586e+02,2.110307599999999866e+02
7.360094759999998359e+02,2.110307599999999866e+02
7.734122999999999593e+02,4.649689999999999941e+02
7.366204419999999118e+02,2.110307599999999866e+02
7.369027120060790139e+02,2.110307599999999866e+02
7.372314079999998739e+02,2.110307599999999866e+02
7.374681108519268946e+02,2.110307599999999866e+02
7.378423739999998361e+02,2.110307599999999866e+02
7.381252630192501556e+02,2.110307599999999866e+02
7.384533399999999119e+02,2.110307599999999866e+02
7.386023560975608007e+02,2.110307599999999866e+02
7.390643059999998741e+02,2.110307599999999866e+02
7.393478140324214110e+02,2.110307599999999866e+02
7.396752719999998362e+02,2.110307599999999866e+02
7.399156926977686908e+02,2.110307599999999866e+02
7.402862379999999121e+02,2.110307599999999866e+02
7.405703650455926663e+02,2.110307599999999866e+02
7.408972039999998742e+02,2.110307599999999866e+02
7.955886000000000422e+02,4.654520299999999793e+02
7.415081699999998364e+02,4.014859599999999773e+02
7.417929160587639217e+02,4.014859599999999773e+02
7.421191359999999122e+02,4.014859599999999773e+02
7.423632745436104869e+02,4.014859599999999773e+02
7.427301019999998744e+02,4.014859599999999773e+02
7.430154670719350634e+02,4.014859599999999773e+02
7.433410679999998365e+02,4.014859599999999773e+02
7.435074693089429729e+02,4.014859599999999773e+02
7.439520339999999123e+02,4.014859599999999773e+02
7.442380180851063187e+02,4.014859599999999773e+02
7.445629999999998745e+02,4.014859599999999773e+02
7.448108563894522831e+02,4.014859599999999773e+02
7.451739659999998366e+02,4.014859599999999773e+02
7.454605690982775741e+02,4.014859599999999773e+02
7.457849319999999125e+02,4.014859599999999773e+02
8.140801999999999907e+02,4.613741499999999860e+02
7.463958979999998746e+02,4.545195299999999747e+02
7.466831201114487158e+02,4.545195299999999747e+02
7.470068639999998368e+02,4.545195299999999747e+02
7.472584382352939656e+02,4.545195299999999747e+02
7.476178299999999126e+02,4.545195299999999747e+02
7.479056711246199711e+02,4.545195299999999747e+02
7.482287959999998748e+02,4.545195299999999747e+02
7.484125825203250315e+02,4.545195299999999747e+02
7.488397619999998369e+02,4.545195299999999747e+02
7.491282221377912265e+02,4.545195299999999747e+02
7.494507279999999128e+02,1.811352500000000134e+02
7.497060200811357618e+02,1.811352500000000134e+02
7.500616939999998749e+02,1.811352500000000134e+02
7.503507731509624819e+02,1.811352500000000134e+02
7.506726599999998371e+02,1.811352500000000134e+02
8.412850300000000061e+02,4.526287800000000061e+02
7.512836259999999129e+02,1.811352500000000134e+02
7.515733241641336235e+02,1.811352500000000134e+02
7.518945919999998750e+02,1.811352500000000134e+02
7.521536019269775579e+02,1.811352500000000134e+02
7.525055579999998372e+02,1.811352500000000134e+02
7.527958751773048789e+02,1.811352500000000134e+02
7.531165239999999130e+02,1.811352500000000134e+02
7.533176957317072038e+02,1.811352500000000134e+02
7.537274899999998752e+02,1.811352500000000134e+02
7.540184261904761343e+02,1.811352500000000134e+02
7.543384559999998373e+02,1.811352500000000134e+02
7.546011837728193541e+02,1.811352500000000134e+02
7.549494219999999132e+02,1.811352500000000134e+02
7.552409772036473896e+02,1.811352500000000134e+02
7.555603879999998753e+02,1.811352500000000134e+02
8.608855999999999540e+02,4.393741499999999860e+02
7.561713539999998375e+02,1.671480699999999899e+02
7.564635282168185313e+02,1.671480699999999899e+02
7.567823199999999133e+02,1.671480699999999899e+02
7.570487656186611503e+02,1.671480699999999899e+02
7.573932859999998755e+02,1.671480699999999899e+02
7.576860792299897867e+02,1.671480699999999899e+02
7.580042519999998376e+02,1.671480699999999899e+02
7.582228089430892624e+02,1.671480699999999899e+02
7.586152179999999134e+02,1.671480699999999899e+02
7.589086302431610420e+02,1.671480699999999899e+02
7.592261839999998756e+02,1.671480699999999899e+02
7.594963474645029464e+02,1.671480699999999899e+02
7.598371499999998377e+02,1.671480699999999899e+02
7.601311812563322974e+02,1.671480699999999899e+02
7.604481159999999136e+02,1.671480699999999899e+02
8.805841000000000349e+02,4.222774699999999939e+02
7.610590819999998757e+02,1.671480699999999899e+02
7.613537322695034391e+02,1.671480699999999899e+02
7.616700479999998379e+02,1.671480699999999899e+02
7.619439293103447426e+02,1.671480699999999899e+02
7.622810139999999137e+02,1.671480699999999899e+02
7.625762832826746944e+02,1.671480699999999899e+02
7.628919799999998759e+02,1.671480699999999899e+02
7.631279221544714346e+02,1.671480699999999899e+02
7.635029459999998380e+02,1.671480699999999899e+02
7.637988342958459498e+02,1.671480699999999899e+02
7.641139119999999139e+02,1.671480699999999899e+02
7.643915111561865388e+02,1.671480699999999899e+02
7.647248779999998760e+02,1.671480699999999899e+02
7.650213853090172051e+02,1.671480699999999899e+02
7.653358439999998382e+02,1.671480699999999899e+02
8.982954999999999472e+02,4.031172000000000253e+02
7.659468099999999140e+02,3.739199199999999905e+02
7.662439363221883468e+02,3.739199199999999905e+02
7.665577759999998761e+02,3.739199199999999905e+02
7.668390930020283349e+02,3.739199199999999905e+02
7.671687419999998383e+02,3.739199199999999905e+02
7.674664873353596022e+02,3.739199199999999905e+02
7.677797079999999141e+02,3.739199199999999905e+02
7.680330353658534932e+02,3.739199199999999905e+02
7.683906739999998763e+02,3.739199199999999905e+02
7.686890383485308575e+02,3.739199199999999905e+02
7.690016399999998384e+02,3.739199199999999905e+02
7.692866748478701311e+02,3.739199199999999905e+02
7.696126059999999143e+02,3.739199199999999905e+02
7.699115893617021129e+02,3.739199199999999905e+02
7.702235719999998764e+02,3.739199199999999905e+02
9.084480999999999540e+02,3.872826000000000022e+02
7.708345379999998386e+02,4.649689999999999941e+02
7.711341403748732546e+02,4.649689999999999941e+02
7.714455039999999144e+02,4.649689999999999941e+02
7.717342566937118136e+02,4.649689999999999941e+02
7.720564699999998766e+02,4.649689999999999941e+02
7.723566913880445099e+02,4.649689999999999941e+02
7.726674359999998387e+02,4.649689999999999941e+02
7.729381485772356655e+02,4.649689999999999941e+02
7.732784019999999146e+02,4.649689999999999941e+02
7.735792424012157653e+02,4.649689999999999941e+02
7.738893679999998767e+02,1.561557599999999866e+02
7.741818385395536097e+02,1.561557599999999866e+02
7.745003339999998389e+02,1.561557599999999866e+02
7.748017934143869070e+02,1.561557599999999866e+02
7.751112999999999147e+02,1.561557599999999866e+02
9.149778400000000147e+02,3.751840799999999945e+02
7.757222659999998768e+02,1.561557599999999866e+02
7.760243444275581624e+02,1.561557599999999866e+02
7.763332319999998390e+02,1.561557599999999866e+02
7.766294203853954059e+02,1.561557599999999866e+02
7.769441979999999148e+02,1.561557599999999866e+02
7.772468954407294177e+02,1.561557599999999866e+02
7.775551639999998770e+02,1.561557599999999866e+02
7.778432617886177241e+02,1.561557599999999866e+02
7.781661299999998391e+02,1.561557599999999866e+02
7.784694464539006731e+02,1.561557599999999866e+02
7.787770959999999150e+02,1.561557599999999866e+02
7.790770022312372021e+02,1.561557599999999866e+02
7.793880619999998771e+02,1.561557599999999866e+02
7.796919974670718148e+02,1.561557599999999866e+02
7.799990279999998393e+02,1.561557599999999866e+02
9.190896000000000186e+02,3.657328999999999724e+02
7.806099939999999151e+02,3.452730700000000184e+02
7.809145484802430701e+02,3.452730700000000184e+02
7.812209599999998773e+02,3.452730700000000184e+02
7.815245840770789982e+02,3.452730700000000184e+02
7.818319259999998394e+02,3.452730700000000184e+02
7.821370994934143255e+02,3.452730700000000184e+02
7.824428919999999152e+02,3.452730700000000184e+02
7.827483749999998963e+02,3.452730700000000184e+02
7.830538579999998774e+02,3.452730700000000184e+02
7.833596505065855808e+02,3.452730700000000184e+02
7.836648239999998395e+02,3.452730700000000184e+02
7.839721659229207944e+02,3.452730700000000184e+02
7.842757899999999154e+02,3.452730700000000184e+02
7.845822015197567225e+02,3.452730700000000184e+02
7.848867559999998775e+02,3.452730700000000184e+02
9.210676999999999452e+02,3.601123000000000047e+02
7.854977219999998397e+02,3.452730700000000184e+02
7.858047525329279779e+02,3.452730700000000184e+02
7.861086879999999155e+02,3.452730700000000184e+02
7.864197477687625906e+02,3.452730700000000184e+02
7.867196539999998777e+02,3.452730700000000184e+02
7.870273035460992332e+02,3.452730700000000184e+02
7.873306199999998398e+02,3.452730700000000184e+02
7.876534882113819549e+02,3.452730700000000184e+02
7.879415859999999157e+02,3.452730700000000184e+02
7.882498545592704886e+02,3.452730700000000184e+02
7.885525519999998778e+02,3.452730700000000184e+02
7.888673296146043867e+02,1.478239700000000028e+02
7.891635179999998400e+02,1.478239700000000028e+02
7.894724055724416303e+02,1.478239700000000028e+02
7.897744839999999158e+02,1.478239700000000028e+02
9.211779999999999973e+02,3.571406200000000126e+02
7.903854499999998779e+02,1.478239700000000028e+02
7.906949565856128856e+02,1.478239700000000028e+02
7.909964159999998401e+02,1.478239700000000028e+02
7.913149114604461829e+02,1.478239700000000028e+02
7.916073819999999159e+02,1.478239700000000028e+02
7.919175075987841410e+02,1.478239700000000028e+02
7.922183479999998781e+02,1.478239700000000028e+02
7.925586014227641272e+02,1.478239700000000028e+02
7.928293139999998402e+02,1.478239700000000028e+02
7.931400586119553964e+02,1.478239700000000028e+02
7.934402799999999161e+02,1.478239700000000028e+02
7.937624933062879791e+02,1.478239700000000028e+02
7.940512459999998782e+02,1.478239700000000028e+02
7.943626096251265380e+02,1.478239700000000028e+02
7.946622119999998404e+02,1.478239700000000028e+02
9.201831700000000183e+02,3.561661399999999844e+02
7.952731779999999162e+02,4.654520299999999793e+02
7.955851606382977934e+02,4.654520299999999793e+02
7.958841439999998784e+02,4.654520299999999793e+02
7.962100751521296615e+02,4.654520299999999793e+02
7.964951099999998405e+02,4.654520299999999793e+02
7.968077116514690488e+02,4.654520299999999793e+02
7.971060759999999163e+02,4.654520299999999793e+02
7.974637146341461857e+02,4.654520299999999793e+02
7.977170419999998785e+02,4.654520299999999793e+02
7.980302626646403041e+02,4.654520299999999793e+02
7.983280079999998406e+02,4.654520299999999793e+02
7.986576569979714577e+02,4.654520299999999793e+02
7.989389739999999165e+02,4.654520299999999793e+02
7.992528136778114458e+02,4.654520299999999793e+02
7.995499399999998786e+02,4.654520299999999793e+02
9.196784699999999475e+02,3.561661399999999844e+02
8.001609059999998408e+02,1.468201899999999966e+02
8.004753646909827012e+02,1.468201899999999966e+02
8.007718719999999166e+02,1.468201899999999966e+02
8.011052388438132539e+02,1.468201899999999966e+02
8.013828379999998788e+02,1.468201899999999966e+02
8.016979157041539565e+02,1.468201899999999966e+02
8.019938039999998409e+02,1.468201899999999966e+02
8.023688278455283580e+02,1.468201899999999966e+02
8.026047699999999168e+02,1.468201899999999966e+02
8.029204667173252119e+02,1.468201899999999966e+02
8.032157359999998789e+02,1.468201899999999966e+02
8.035528206896550500e+02,1.468201899999999966e+02
8.038267019999998411e+02,1.468201899999999966e+02
8.041430177304963536e+02,1.468201899999999966e+02
8.044376679999999169e+02,1.468201899999999966e+02
9.185806000000000040e+02,3.582919999999999732e+02
8.050486339999998791e+02,3.132020299999999793e+02
8.053655687436676089e+02,3.132020299999999793e+02
8.056595999999998412e+02,3.132020299999999793e+02
8.060004025354968462e+02,3.132020299999999793e+02
8.062705659999999170e+02,3.132020299999999793e+02
8.065881197568388643e+02,3.132020299999999793e+02
8.068815319999998792e+02,3.132020299999999793e+02
8.072739410569104166e+02,3.132020299999999793e+02
8.074924979999998413e+02,3.132020299999999793e+02
8.078106707700100060e+02,3.132020299999999793e+02
8.081034639999999172e+02,3.132020299999999793e+02
8.084479843813386424e+02,3.132020299999999793e+02
8.087144299999998793e+02,3.132020299999999793e+02
8.090332217831812613e+02,3.132020299999999793e+02
8.093253959999998415e+02,3.132020299999999793e+02
9.169593499999999722e+02,3.662236300000000142e+02
8.099363619999999173e+02,4.613741499999999860e+02
8.102557727963525167e+02,4.613741499999999860e+02
8.105473279999998795e+02,4.613741499999999860e+02
8.108955662271804385e+02,4.613741499999999860e+02
8.111582939999998416e+02,4.613741499999999860e+02
8.114783238095237721e+02,4.613741499999999860e+02
8.117692599999999175e+02,4.613741499999999860e+02
8.121790542682924752e+02,4.613741499999999860e+02
8.123802259999998796e+02,4.613741499999999860e+02
8.127008748226949137e+02,4.613741499999999860e+02
8.129911919999998418e+02,4.613741499999999860e+02
8.133431480730222347e+02,4.613741499999999860e+02
8.136021579999999176e+02,4.613741499999999860e+02
8.139234258358661691e+02,4.613741499999999860e+02
8.142131239999998797e+02,4.613741499999999860e+02
9.178197999999999865e+02,3.772135000000000105e+02
8.148240899999998419e+02,1.528798800000000142e+02
8.151459768490374245e+02,1.528798800000000142e+02
8.154350559999999177e+02,1.528798800000000142e+02
8.157907299188640309e+02,1.528798800000000142e+02
8.160460219999998799e+02,1.528798800000000142e+02
8.163685278622086798e+02,1.528798800000000142e+02
8.166569879999998420e+02,1.528798800000000142e+02
8.170841674796746474e+02,1.528798800000000142e+02
8.172679539999999179e+02,1.528798800000000142e+02
8.175910788753798215e+02,1.528798800000000142e+02
8.178789199999998800e+02,1.528798800000000142e+02
8.182383117647057134e+02,1.528798800000000142e+02
8.184898859999998422e+02,1.528798800000000142e+02
8.188136298885510769e+02,1.528798800000000142e+02
8.191008519999999180e+02,1.528798800000000142e+02
9.204004499999999780e+02,3.889420200000000136e+02
8.197118179999998802e+02,2.829791299999999978e+02
8.200361809017223322e+02,2.829791299999999978e+02
8.203227839999998423e+02,2.829791299999999978e+02
8.206858936105475095e+02,2.829791299999999978e+02
8.209337499999999181e+02,2.829791299999999978e+02
8.212587319148935876e+02,2.829791299999999978e+02
8.215447159999998803e+02,2.829791299999999978e+02
8.219892806910567060e+02,1.597161900000000117e+02
8.221556819999998424e+02,1.597161900000000117e+02
8.224812829280647293e+02,1.597161900000000117e+02
8.227666479999999183e+02,1.597161900000000117e+02
8.231334754563893057e+02,1.597161900000000117e+02
8.233776139999998804e+02,1.597161900000000117e+02
8.237038339412359846e+02,1.597161900000000117e+02
8.239885799999998426e+02,1.597161900000000117e+02
9.265294000000000096e+02,4.042961399999999799e+02
8.245995459999999184e+02,1.597161900000000117e+02
8.249263849544072400e+02,1.597161900000000117e+02
8.252105119999998806e+02,1.597161900000000117e+02
8.255810573022311019e+02,1.597161900000000117e+02
8.258214779999998427e+02,1.597161900000000117e+02
8.261489359675784954e+02,1.597161900000000117e+02
8.264324439999999186e+02,1.597161900000000117e+02
8.268943939024388783e+02,1.597161900000000117e+02
8.270434099999998807e+02,1.597161900000000117e+02
8.273714869807496370e+02,1.597161900000000117e+02
8.276543759999998429e+02,1.597161900000000117e+02
8.280286391480728980e+02,1.597161900000000117e+02
8.282653419999999187e+02,1.597161900000000117e+02
8.285940379939208924e+02,1.597161900000000117e+02
8.288763079999998808e+02,1.597161900000000117e+02
9.327881999999999607e+02,4.158309300000000235e+02
8.294872739999998430e+02,1.716865200000000016e+02
8.298165890070921478e+02,1.716865200000000016e+02
8.300982399999999188e+02,1.716865200000000016e+02
8.304762209939146942e+02,1.716865200000000016e+02
8.307092059999998810e+02,1.716865200000000016e+02
8.310391400202634031e+02,1.716865200000000016e+02
8.313201719999998431e+02,1.716865200000000016e+02
8.317995071138209369e+02,2.574264000000000010e+02
8.319311379999999190e+02,2.574264000000000010e+02
8.322616910334345448e+02,2.574264000000000010e+02
8.325421039999998811e+02,2.574264000000000010e+02
8.329238028397564904e+02,2.574264000000000010e+02
8.331530699999998433e+02,2.574264000000000010e+02
8.334842420466058002e+02,2.574264000000000010e+02
8.337640359999999191e+02,2.574264000000000010e+02
9.406323999999999614e+02,4.241018000000000256e+02
8.343750019999998813e+02,1.859642299999999864e+02
8.347067930597770555e+02,1.859642299999999864e+02
8.349859679999998434e+02,1.859642299999999864e+02
8.353713846855982865e+02,1.859642299999999864e+02
8.355969339999999193e+02,1.859642299999999864e+02
8.359293440729483109e+02,1.859642299999999864e+02
8.362078999999998814e+02,1.859642299999999864e+02
8.367046203252031091e+02,1.859642299999999864e+02
8.368188659999998436e+02,1.859642299999999864e+02
8.371518950861194526e+02,1.859642299999999864e+02
8.374298319999999194e+02,1.859642299999999864e+02
8.378189665314400827e+02,1.859642299999999864e+02
8.380407979999998815e+02,1.859642299999999864e+02
8.383744460992907079e+02,1.859642299999999864e+02
8.386517639999998437e+02,1.859642299999999864e+02
9.521372999999999820e+02,4.322631799999999771e+02
8.392627299999999195e+02,2.281154799999999909e+02
8.395969971124619633e+02,2.281154799999999909e+02
8.398736959999998817e+02,2.281154799999999909e+02
8.402665483772818789e+02,2.281154799999999909e+02
8.404846619999998438e+02,2.281154799999999909e+02
8.408195481256331050e+02,4.526287800000000061e+02
8.410956279999999197e+02,4.526287800000000061e+02
8.416097335365851677e+02,2.067224099999999964e+02
8.417065939999998818e+02,2.067224099999999964e+02
8.420420991388043603e+02,2.067224099999999964e+02
8.423175599999998440e+02,2.067224099999999964e+02
8.427141302231235613e+02,2.067224099999999964e+02
8.429285259999999198e+02,2.067224099999999964e+02
8.432646501519756157e+02,2.067224099999999964e+02
8.435394919999998820e+02,2.067224099999999964e+02
9.637826000000000022e+02,4.374620400000000018e+02
8.441504579999998441e+02,2.067224099999999964e+02
8.444872011651468711e+02,2.067224099999999964e+02
8.447614239999999199e+02,2.067224099999999964e+02
8.451617120689653575e+02,2.067224099999999964e+02
8.453723899999998821e+02,2.067224099999999964e+02
8.457097521783180127e+02,2.067224099999999964e+02
8.459833559999998442e+02,2.067224099999999964e+02
8.465148467479673400e+02,2.067224099999999964e+02
8.465943219999999201e+02,2.067224099999999964e+02
8.469323031914892681e+02,2.067224099999999964e+02
8.472052879999998822e+02,2.067224099999999964e+02
8.476092939148071537e+02,2.067224099999999964e+02
8.478162539999998444e+02,2.067224099999999964e+02
8.481548542046605235e+02,2.067224099999999964e+02
8.484272199999999202e+02,2.067224099999999964e+02
9.767347399999999880e+02,4.387970000000000255e+02
8.490381859999998824e+02,4.393741499999999860e+02
8.493774052178317788e+02,4.393741499999999860e+02
8.496491519999998445e+02,4.393741499999999860e+02
8.500568757606489498e+02,4.393741499999999860e+02
8.502601179999999204e+02,4.393741499999999860e+02
8.505999562310029205e+02,4.393741499999999860e+02
8.508710839999998825e+02,4.393741499999999860e+02
8.514199599593493986e+02,4.393741499999999860e+02
8.514820499999998447e+02,4.393741499999999860e+02
8.518225072441741759e+02,4.393741499999999860e+02
8.520930159999999205e+02,4.393741499999999860e+02
8.525044576064907460e+02,4.393741499999999860e+02
8.527039819999998826e+02,4.393741499999999860e+02
8.530450582573454312e+02,4.393741499999999860e+02
8.533149479999998448e+02,4.393741499999999860e+02
9.916136500000000069e+02,4.354490999999999872e+02
8.539259139999999206e+02,4.393741499999999860e+02
8.542676092705166866e+02,4.393741499999999860e+02
8.545368799999998828e+02,4.393741499999999860e+02
8.549520394523325422e+02,4.393741499999999860e+02
8.551478459999998449e+02,4.393741499999999860e+02
8.554901602836878283e+02,4.393741499999999860e+02
8.557588119999999208e+02,4.393741499999999860e+02
8.563250731707315708e+02,4.393741499999999860e+02
8.563697779999998829e+02,4.393741499999999860e+02
8.567127112968590836e+02,4.393741499999999860e+02
8.569807439999998451e+02,4.393741499999999860e+02
8.573996212981743383e+02,4.393741499999999860e+02
8.575917099999999209e+02,4.393741499999999860e+02
8.579352623100303390e+02,4.393741499999999860e+02
8.582026759999998831e+02,4.393741499999999860e+02
1.006448359999999980e+03,4.270698199999999929e+02
8.588136419999998452e+02,4.393741499999999860e+02
8.591578133232015944e+02,4.393741499999999860e+02
8.594246079999999210e+02,4.393741499999999860e+02
8.598472031440161345e+02,4.393741499999999860e+02
8.600355739999998832e+02,4.393741499999999860e+02
8.603803643363727360e+02,4.393741499999999860e+02
8.606465399999998453e+02,4.393741499999999860e+02
8.612301863821136294e+02,4.393741499999999860e+02
8.612575059999999212e+02,4.393741499999999860e+02
8.616029153495439914e+02,4.393741499999999860e+02
8.618684719999998833e+02,4.393741499999999860e+02
8.622947849898579307e+02,4.393741499999999860e+02
8.624794379999998455e+02,4.393741499999999860e+02
8.628254663627152468e+02,4.393741499999999860e+02
8.630904039999999213e+02,4.393741499999999860e+02
1.016523559999999975e+03,4.170547000000000253e+02
8.637013699999998835e+02,4.393741499999999860e+02
8.640480173758865021e+02,4.393741499999999860e+02
8.643123359999998456e+02,4.393741499999999860e+02
8.647423668356997268e+02,4.393741499999999860e+02
8.649233019999999215e+02,4.393741499999999860e+02
8.652705683890576438e+02,4.393741499999999860e+02
8.655342679999998836e+02,4.393741499999999860e+02
8.661352995934958017e+02,4.393741499999999860e+02
8.661452339999998458e+02,4.393741499999999860e+02
8.664931194022288992e+02,4.393741499999999860e+02
8.667561999999999216e+02,4.393741499999999860e+02
8.671899486815414093e+02,4.393741499999999860e+02
8.673671659999998838e+02,4.393741499999999860e+02
8.677156704154001545e+02,4.393741499999999860e+02
8.679781319999998459e+02,4.393741499999999860e+02
1.029172000000000025e+03,4.008720700000000079e+02
8.685890979999999217e+02,4.222774699999999939e+02
8.689382214285712962e+02,4.222774699999999939e+02
8.692000639999998839e+02,4.222774699999999939e+02
8.696375305273832055e+02,4.222774699999999939e+02
8.698110299999998460e+02,4.222774699999999939e+02
8.701607724417425516e+02,4.222774699999999939e+02
8.704219959999999219e+02,4.222774699999999939e+02
8.710404128048778603e+02,4.222774699999999939e+02
8.710329619999998840e+02,4.222774699999999939e+02
8.713833234549138069e+02,4.222774699999999939e+02
8.716439279999998462e+02,4.222774699999999939e+02
8.720851123732250016e+02,4.222774699999999939e+02
8.722548939999999220e+02,4.222774699999999939e+02
8.726058744680850623e+02,4.222774699999999939e+02
8.728658599999998842e+02,4.222774699999999939e+02
1.041388799999999947e+03,3.837097200000000043e+02
8.734768259999998463e+02,4.222774699999999939e+02
8.738284254812562040e+02,4.222774699999999939e+02
8.740877919999999222e+02,4.222774699999999939e+02
8.745326942190667978e+02,4.222774699999999939e+02
8.746987579999998843e+02,4.222774699999999939e+02
8.750509764944274593e+02,4.222774699999999939e+02
8.753097239999998465e+02,4.222774699999999939e+02
8.759455260162600325e+02,4.222774699999999939e+02
8.759206899999999223e+02,4.222774699999999939e+02
8.762735275075987147e+02,4.222774699999999939e+02
8.765316559999998844e+02,4.222774699999999939e+02
8.769802760649085940e+02,4.222774699999999939e+02
8.771426219999998466e+02,4.222774699999999939e+02
8.774960785207699701e+02,4.222774699999999939e+02
8.777535879999999224e+02,4.222774699999999939e+02
1.049619799999999941e+03,3.724797399999999925e+02
8.783645539999998846e+02,4.222774699999999939e+02
8.787186295339411117e+02,4.222774699999999939e+02
8.789755199999998467e+02,4.222774699999999939e+02
8.794278579107503901e+02,4.222774699999999939e+02
8.795864859999999226e+02,4.222774699999999939e+02
8.799411805471123671e+02,4.222774699999999939e+02
8.801974519999998847e+02,4.222774699999999939e+02
8.808506392276420911e+02,4.222774699999999939e+02
8.808084179999998469e+02,4.222774699999999939e+02
8.811637315602836225e+02,4.222774699999999939e+02
8.814193839999999227e+02,4.222774699999999939e+02
8.818754397565921863e+02,4.222774699999999939e+02
8.820303499999998849e+02,4.222774699999999939e+02
8.823862825734548778e+02,4.222774699999999939e+02
8.826413159999998470e+02,4.222774699999999939e+02
1.054668300000000045e+03,3.644701000000000022e+02
8.832522819999998092e+02,4.222774699999999939e+02
8.836088335866260195e+02,4.222774699999999939e+02
8.838632479999998850e+02,4.222774699999999939e+02
8.843230216024339825e+02,4.222774699999999939e+02
8.844742139999998471e+02,4.222774699999999939e+02
8.848313845997972749e+02,4.222774699999999939e+02
8.850851799999998093e+02,4.222774699999999939e+02
8.857557524390242634e+02,4.222774699999999939e+02
8.856961459999998851e+02,4.222774699999999939e+02
8.860539356129685302e+02,4.222774699999999939e+02
8.863071119999998473e+02,4.222774699999999939e+02
8.867706034482757786e+02,4.222774699999999939e+02
8.869180779999998094e+02,4.222774699999999939e+02
8.872764866261397856e+02,4.222774699999999939e+02
8.875290439999998853e+02,4.222774699999999939e+02
1.057810699999999997e+03,3.590905799999999886e+02
8.881400099999998474e+02,6.072500000000000000e+02
8.884990376393109273e+02,6.072500000000000000e+02
8.887509759999998096e+02,6.072500000000000000e+02
8.892181852941175748e+02,6.072500000000000000e+02
8.893619419999998854e+02,6.072500000000000000e+02
8.897215886524821826e+02,6.072500000000000000e+02
8.899729079999998476e+02,6.072500000000000000e+02
8.906608656504063219e+02,6.072500000000000000e+02
8.905838739999998097e+02,6.072500000000000000e+02
8.909441396656534380e+02,6.072500000000000000e+02
8.911948399999998855e+02,6.072500000000000000e+02
8.916657671399592573e+02,6.072500000000000000e+02
8.918058059999998477e+02,6.072500000000000000e+02
8.921666906788246934e+02,6.072500000000000000e+02
8.924167719999998099e+02,6.072500000000000000e+02
1.058633199999999988e+03,3.565414999999999850e+02
8.930277379999998857e+02,6.072500000000000000e+02
8.933892416919958350e+02,6.072500000000000000e+02
8.936387039999998478e+02,6.072500000000000000e+02
8.941133489858010535e+02,6.072500000000000000e+02
8.942496699999998100e+02,6.072500000000000000e+02
8.946117927051670904e+02,6.072500000000000000e+02
8.948606359999998858e+02,6.072500000000000000e+02
8.955659788617884942e+02,6.072500000000000000e+02
8.954716019999998480e+02,6.072500000000000000e+02
8.958343437183383458e+02,6.072500000000000000e+02
8.960825679999998101e+02,6.072500000000000000e+02
8.965609308316428496e+02,6.072500000000000000e+02
8.966935339999998860e+02,6.072500000000000000e+02
8.970568947315096011e+02,6.072500000000000000e+02
8.973044999999998481e+02,6.072500000000000000e+02
1.058633199999999988e+03,3.552776999999999816e+02
8.979154659999998103e+02,6.177871000000000095e+02
8.982794457446807428e+02,4.031172000000000253e+02
8.985264319999998861e+02,4.031172000000000253e+02
8.990085126774846458e+02,4.031172000000000253e+02
8.991373979999998483e+02,4.031172000000000253e+02
8.995019967578519982e+02,4.031172000000000253e+02
8.997483639999998104e+02,4.031172000000000253e+02
9.004710920731705528e+02,5.919310000000000400e+02
9.003593299999998862e+02,5.919310000000000400e+02
9.007245477710232535e+02,5.919310000000000400e+02
9.009702959999998484e+02,5.919310000000000400e+02
9.014560945233264420e+02,5.919310000000000400e+02
9.015812619999998105e+02,5.919310000000000400e+02
9.019470987841943952e+02,6.215281999999999698e+02
9.021922279999998864e+02,6.215281999999999698e+02
1.058266499999999951e+03,3.552776999999999816e+02
9.028031939999998485e+02,3.872826000000000022e+02
9.031696497973656506e+02,3.872826000000000022e+02
9.034141599999998107e+02,3.872826000000000022e+02
9.039036763691682381e+02,3.872826000000000022e+02
9.040251259999998865e+02,3.872826000000000022e+02
9.043922008105369059e+02,3.872826000000000022e+02
9.046360919999998487e+02,3.872826000000000022e+02
9.053762052845527251e+02,3.872826000000000022e+02
9.052470579999998108e+02,3.872826000000000022e+02
9.056147518237081613e+02,3.872826000000000022e+02
9.058580239999998867e+02,3.872826000000000022e+02
9.063512582150100343e+02,3.872826000000000022e+02
9.064689899999998488e+02,3.872826000000000022e+02
9.068373028368793030e+02,3.872826000000000022e+02
9.070799559999998110e+02,3.872826000000000022e+02
1.057268000000000029e+03,3.559273699999999963e+02
9.076909219999998868e+02,3.872826000000000022e+02
9.080598538500505583e+02,3.872826000000000022e+02
9.083018879999998489e+02,3.872826000000000022e+02
9.087988400608518305e+02,5.770049999999999955e+02
9.089128539999998111e+02,5.770049999999999955e+02
9.092824048632218137e+02,5.770049999999999955e+02
9.095238199999998869e+02,5.770049999999999955e+02
9.102813184959347836e+02,6.244941400000000158e+02
9.101347859999998491e+02,6.244941400000000158e+02
9.105049558763930690e+02,6.244941400000000158e+02
9.107457519999998112e+02,6.244941400000000158e+02
9.112464219066936266e+02,6.244941400000000158e+02
9.113567179999998871e+02,6.244941400000000158e+02
9.117275068895642107e+02,6.244941400000000158e+02
9.119676839999998492e+02,6.244941400000000158e+02
1.057558700000000044e+03,3.609649699999999939e+02
9.125786499999998114e+02,3.751840799999999945e+02
9.129500579027354661e+02,3.751840799999999945e+02
9.131896159999998872e+02,3.751840799999999945e+02
9.136940037525354228e+02,3.751840799999999945e+02
9.138005819999998494e+02,3.751840799999999945e+02
9.141726089159067214e+02,3.751840799999999945e+02
9.144115479999998115e+02,3.751840799999999945e+02
9.151864317073168422e+02,3.751840799999999945e+02
9.150225139999998873e+02,3.751840799999999945e+02
9.153951599290779768e+02,3.751840799999999945e+02
9.156334799999998495e+02,3.751840799999999945e+02
9.161415855983771053e+02,3.662236300000000142e+02
9.162444459999998116e+02,3.662236300000000142e+02
9.166177109422491185e+02,3.662236300000000142e+02
9.168554119999998875e+02,3.662236300000000142e+02
1.057633499999999913e+03,3.702760000000000105e+02
9.174663779999998496e+02,3.772135000000000105e+02
9.178402619554203739e+02,3.772135000000000105e+02
9.180773439999998118e+02,3.772135000000000105e+02
9.185891674442189014e+02,3.582919999999999732e+02
9.186883099999998876e+02,3.582919999999999732e+02
9.190628129685916292e+02,3.657328999999999724e+02
9.192992759999998498e+02,3.657328999999999724e+02
9.200915449186990145e+02,6.236253699999999753e+02
9.199102419999998119e+02,6.236253699999999753e+02
9.202853639817628846e+02,3.561661399999999844e+02
9.205212079999998878e+02,3.889420200000000136e+02
9.210367492900606976e+02,3.601123000000000047e+02
9.211321739999998499e+02,3.571406200000000126e+02
9.215079149949340263e+02,3.571406200000000126e+02
9.217431399999998121e+02,3.571406200000000126e+02
1.058159000000000106e+03,3.831865199999999732e+02
9.223541059999998879e+02,4.042961399999999799e+02
9.227304660081052816e+02,4.042961399999999799e+02
9.229650719999998500e+02,4.042961399999999799e+02
9.234843311359024938e+02,4.042961399999999799e+02
9.235760379999998122e+02,4.042961399999999799e+02
9.239530170212765370e+02,4.042961399999999799e+02
9.241870039999998880e+02,4.042961399999999799e+02
9.249966581300810731e+02,4.042961399999999799e+02
9.247979699999998502e+02,4.042961399999999799e+02
9.251755680344477923e+02,4.042961399999999799e+02
9.254089359999998123e+02,4.042961399999999799e+02
9.259319129817442899e+02,4.042961399999999799e+02
9.260199019999998882e+02,4.042961399999999799e+02
9.263981190476189340e+02,4.042961399999999799e+02
9.266308679999998503e+02,4.042961399999999799e+02
1.058133399999999938e+03,4.078115199999999732e+02
9.272418339999998125e+02,5.511941000000000486e+02
9.276206700607901894e+02,5.511941000000000486e+02
9.278527999999998883e+02,5.511941000000000486e+02
9.283794948275860861e+02,5.511941000000000486e+02
9.284637659999998505e+02,5.511941000000000486e+02
9.288432210739614447e+02,5.511941000000000486e+02
9.290747319999998126e+02,5.511941000000000486e+02
9.299017713414632453e+02,5.511941000000000486e+02
9.296856979999998885e+02,5.511941000000000486e+02
9.300657720871327001e+02,5.511941000000000486e+02
9.302966639999998506e+02,5.511941000000000486e+02
9.308270766734278823e+02,5.511941000000000486e+02
9.309076299999998128e+02,5.511941000000000486e+02
9.312883231003038418e+02,5.511941000000000486e+02
9.315185959999998886e+02,5.511941000000000486e+02
1.053559299999999894e+03,4.284030799999999886e+02
9.321295619999998507e+02,4.158309300000000235e+02
9.325108741134750971e+02,4.158309300000000235e+02
9.327405279999998129e+02,4.158309300000000235e+02
9.332746585192696784e+02,4.158309300000000235e+02
9.333514939999998887e+02,4.158309300000000235e+02
9.337334251266463525e+02,4.158309300000000235e+02
9.339624599999998509e+02,4.158309300000000235e+02
9.348068845528453039e+02,6.189267599999999447e+02
9.345734259999998130e+02,6.189267599999999447e+02
9.349559761398174942e+02,6.189267599999999447e+02
9.351843919999998889e+02,6.189267599999999447e+02
9.357222403651114746e+02,6.189267599999999447e+02
9.357953579999998510e+02,6.189267599999999447e+02
9.361785271529887495e+02,6.189267599999999447e+02
9.364063239999998132e+02,6.189267599999999447e+02
1.047133700000000090e+03,4.586555200000000241e+02
9.370172899999998890e+02,6.189267599999999447e+02
9.374010781661600049e+02,6.189267599999999447e+02
9.376282559999998512e+02,6.189267599999999447e+02
9.381698222109532708e+02,6.189267599999999447e+02
9.382392219999998133e+02,6.189267599999999447e+02
9.386236291793312603e+02,6.189267599999999447e+02
9.388501879999998891e+02,6.189267599999999447e+02
9.397119977642274762e+02,4.241018000000000256e+02
9.394611539999998513e+02,4.241018000000000256e+02
9.398461801925024020e+02,4.241018000000000256e+02
9.400721199999998134e+02,4.241018000000000256e+02
9.406174040567949532e+02,4.241018000000000256e+02
9.406830859999998893e+02,4.241018000000000256e+02
9.410687312056736573e+02,4.241018000000000256e+02
9.412940519999998514e+02,4.241018000000000256e+02
1.043471999999999980e+03,4.835144000000000233e+02
9.419050179999998136e+02,4.241018000000000256e+02
9.422912822188449127e+02,4.241018000000000256e+02
9.425159839999998894e+02,4.241018000000000256e+02
9.430649859026367494e+02,4.241018000000000256e+02
9.431269499999998516e+02,4.241018000000000256e+02
9.435138332320161680e+02,4.241018000000000256e+02
9.437379159999998137e+02,4.241018000000000256e+02
9.446171109756095348e+02,4.241018000000000256e+02
9.443488819999998896e+02,4.241018000000000256e+02
9.447363842451873097e+02,4.241018000000000256e+02
9.449598479999998517e+02,4.241018000000000256e+02
9.455125677484785456e+02,4.241018000000000256e+02
9.455708139999998139e+02,4.241018000000000256e+02
9.459589352583585651e+02,4.241018000000000256e+02
9.461817799999998897e+02,4.241018000000000256e+02
1.035132200000000012e+03,5.053428999999999860e+02
9.467927459999998518e+02,4.322631799999999771e+02
9.471814862715298204e+02,4.322631799999999771e+02
9.474037119999998140e+02,4.322631799999999771e+02
9.479601495943203417e+02,4.322631799999999771e+02
9.480146779999998898e+02,4.322631799999999771e+02
9.484040372847010758e+02,4.322631799999999771e+02
9.486256439999998520e+02,4.322631799999999771e+02
9.495222241869917070e+02,4.322631799999999771e+02
9.492366099999998141e+02,4.322631799999999771e+02
9.496265882978722175e+02,4.322631799999999771e+02
9.498475759999998900e+02,4.322631799999999771e+02
9.504077314401621379e+02,4.322631799999999771e+02
9.504585419999998521e+02,4.322631799999999771e+02
9.508491393110434728e+02,4.322631799999999771e+02
9.510695079999998143e+02,4.322631799999999771e+02
1.026446999999999889e+03,5.307322000000000344e+02
9.516804739999998901e+02,4.322631799999999771e+02
9.520716903242147282e+02,4.322631799999999771e+02
9.522914399999998523e+02,4.322631799999999771e+02
9.528553132860039341e+02,5.252889400000000251e+02
9.529024059999998144e+02,5.252889400000000251e+02
9.532942413373859836e+02,5.252889400000000251e+02
9.535133719999998902e+02,5.252889400000000251e+02
9.544273373983737656e+02,5.252889400000000251e+02
9.541243379999998524e+02,5.252889400000000251e+02
9.545167923505571252e+02,5.252889400000000251e+02
9.547353039999998146e+02,5.252889400000000251e+02
9.553028951318457302e+02,5.252889400000000251e+02
9.553462699999998904e+02,5.252889400000000251e+02
9.557393433637283806e+02,5.252889400000000251e+02
9.559572359999998525e+02,5.252889400000000251e+02
1.016246949999999970e+03,5.505707999999999629e+02
9.565682019999998147e+02,6.082898000000000138e+02
9.569618943768996360e+02,6.082898000000000138e+02
9.571791679999998905e+02,6.082898000000000138e+02
9.577504769776875264e+02,6.082898000000000138e+02
9.577901339999998527e+02,6.082898000000000138e+02
9.581844453900708913e+02,6.082898000000000138e+02
9.584010999999998148e+02,6.082898000000000138e+02
9.593324506097559379e+02,6.082898000000000138e+02
9.590120659999998907e+02,6.082898000000000138e+02
9.594069964032420330e+02,6.082898000000000138e+02
9.596230319999998528e+02,6.082898000000000138e+02
9.601980588235293226e+02,6.082898000000000138e+02
9.602339979999998150e+02,6.082898000000000138e+02
9.606295474164132884e+02,6.082898000000000138e+02
9.608449639999998908e+02,6.082898000000000138e+02
1.000960100000000011e+03,5.705227999999999611e+02
9.614559299999998530e+02,4.374620400000000018e+02
9.618520984295845437e+02,4.374620400000000018e+02
9.620668959999998151e+02,4.374620400000000018e+02
9.626456406693711187e+02,4.374620400000000018e+02
9.626778619999998909e+02,4.374620400000000018e+02
9.630746494427556854e+02,4.374620400000000018e+02
9.632888279999998531e+02,4.374620400000000018e+02
9.642375638211379965e+02,4.374620400000000018e+02
9.638997939999998152e+02,4.374620400000000018e+02
9.642972004559269408e+02,4.374620400000000018e+02
9.645107599999998911e+02,4.374620400000000018e+02
9.650932225152128012e+02,4.374620400000000018e+02
9.651217259999998532e+02,4.374620400000000018e+02
9.655197514690981961e+02,4.374620400000000018e+02
9.657326919999998154e+02,4.374620400000000018e+02
9.806979000000000042e+02,5.922718499999999722e+02
9.663436579999998912e+02,4.374620400000000018e+02
9.667423024822694515e+02,4.374620400000000018e+02
9.669546239999998534e+02,4.374620400000000018e+02
9.675408043610545974e+02,4.374620400000000018e+02
9.675655899999998155e+02,4.374620400000000018e+02
9.679648534954405932e+02,4.374620400000000018e+02
9.681765559999998914e+02,4.374620400000000018e+02
9.691426770325201687e+02,4.374620400000000018e+02
9.687875219999998535e+02,4.374620400000000018e+02
9.691874045086118485e+02,4.374620400000000018e+02
9.693984879999998157e+02,4.374620400000000018e+02
9.699883862068963936e+02,4.374620400000000018e+02
9.700094539999998915e+02,4.374620400000000018e+02
9.704099555217831039e+02,4.374620400000000018e+02
9.706204199999998536e+02,4.374620400000000018e+02
9.577904999999999518e+02,6.082898000000000138e+02
9.712313859999998158e+02,4.387970000000000255e+02
9.716325065349543593e+02,4.387970000000000255e+02
9.718423519999998916e+02,4.387970000000000255e+02
9.724359680527381897e+02,4.387970000000000255e+02
9.724533179999998538e+02,4.387970000000000255e+02
9.728550575481255009e+02,4.387970000000000255e+02
9.730642839999998159e+02,4.387970000000000255e+02
9.740477902439022273e+02,4.387970000000000255e+02
9.736752499999998918e+02,4.387970000000000255e+02
9.740776085612967563e+02,4.387970000000000255e+02
9.742862159999998539e+02,4.387970000000000255e+02
9.748835498985799859e+02,4.387970000000000255e+02
9.748971819999998161e+02,4.387970000000000255e+02
9.753001595744680117e+02,4.387970000000000255e+02
9.755081479999998919e+02,4.387970000000000255e+02
9.367713599999999587e+02,6.189267599999999447e+02
9.761191139999998541e+02,4.387970000000000255e+02
9.765227105876392670e+02,4.387970000000000255e+02
9.767300799999998162e+02,4.387970000000000255e+02
9.773311317444217821e+02,4.387970000000000255e+02
9.773410459999998920e+02,4.387970000000000255e+02
9.777452616008104087e+02,4.387970000000000255e+02
9.779520119999998542e+02,4.387970000000000255e+02
9.789529034552843996e+02,5.922718499999999722e+02
9.785629779999998163e+02,5.922718499999999722e+02
9.789678126139816641e+02,5.922718499999999722e+02
9.791739439999998922e+02,5.922718499999999722e+02
9.797787135902635782e+02,5.922718499999999722e+02
9.797849099999998543e+02,5.922718499999999722e+02
9.801903636271529194e+02,5.922718499999999722e+02
9.803958759999998165e+02,5.922718499999999722e+02
9.200893600000000561e+02,6.236253699999999753e+02
9.810068419999998923e+02,5.922718499999999722e+02
9.814129146403241748e+02,5.922718499999999722e+02
9.816178079999998545e+02,5.922718499999999722e+02
9.822262954361053744e+02,5.922718499999999722e+02
9.822287739999998166e+02,5.922718499999999722e+02
9.826354656534953165e+02,5.922718499999999722e+02
9.828397399999998925e+02,5.922718499999999722e+02
9.838580166666664581e+02,4.956256000000000199e+02
9.834507059999998546e+02,4.956256000000000199e+02
9.838580166666665718e+02,4.956256000000000199e+02
9.840616719999998168e+02,4.956256000000000199e+02
9.846738772819471706e+02,4.956256000000000199e+02
9.846726379999998926e+02,4.956256000000000199e+02
9.850805676798378272e+02,4.956256000000000199e+02
9.852836039999998548e+02,4.956256000000000199e+02
9.102582400000000007e+02,6.244941400000000158e+02
9.858945699999998169e+02,4.354490999999999872e+02
9.863031186930090826e+02,4.354490999999999872e+02
9.865055359999998927e+02,4.354490999999999872e+02
9.871214591277888530e+02,4.354490999999999872e+02
9.871165019999998549e+02,4.354490999999999872e+02
9.875256697061802242e+02,4.354490999999999872e+02
9.877274679999998170e+02,4.354490999999999872e+02
9.887631298780486304e+02,4.354490999999999872e+02
9.883384339999998929e+02,4.354490999999999872e+02
9.887482207193514796e+02,4.354490999999999872e+02
9.889493999999998550e+02,4.354490999999999872e+02
9.895690409736306492e+02,4.354490999999999872e+02
9.895603659999998172e+02,4.354490999999999872e+02
9.899707717325227350e+02,4.354490999999999872e+02
9.901713319999998930e+02,4.354490999999999872e+02
9.021770599999999831e+02,6.215281999999999698e+02
9.907822979999998552e+02,4.354490999999999872e+02
9.911933227456939903e+02,4.354490999999999872e+02
9.913932639999998173e+02,4.354490999999999872e+02
9.920166228194724454e+02,4.354490999999999872e+02
9.920042299999998932e+02,4.354490999999999872e+02
9.924158737588651320e+02,4.354490999999999872e+02
9.926151959999998553e+02,4.354490999999999872e+02
9.936682430894306890e+02,4.354490999999999872e+02
9.932261619999998175e+02,4.354490999999999872e+02
9.936384247720363874e+02,4.354490999999999872e+02
9.938371279999998933e+02,4.354490999999999872e+02
9.944642046653142415e+02,4.354490999999999872e+02
9.944480939999998554e+02,4.354490999999999872e+02
9.948609757852076427e+02,4.354490999999999872e+02
9.950590599999998176e+02,4.354490999999999872e+02
8.977740499999999884e+02,6.177871000000000095e+02
9.956700259999998934e+02,5.705227999999999611e+02
9.960835267983787844e+02,5.705227999999999611e+02
9.962809919999998556e+02,5.705227999999999611e+02
9.969117865111560377e+02,5.705227999999999611e+02
9.968919579999998177e+02,5.705227999999999611e+02
9.973060778115500398e+02,5.705227999999999611e+02
9.975029239999998936e+02,5.705227999999999611e+02
9.985733563008128613e+02,5.705227999999999611e+02
9.981138899999998557e+02,5.705227999999999611e+02
9.985286288247212951e+02,5.705227999999999611e+02
9.987248559999998179e+02,5.705227999999999611e+02
9.993593683569978339e+02,5.705227999999999611e+02
9.993358219999998937e+02,5.705227999999999611e+02
9.997511798378925505e+02,5.705227999999999611e+02
9.999467879999998559e+02,5.705227999999999611e+02
8.959855000000000018e+02,6.072500000000000000e+02
1.000557753999999818e+03,5.705227999999999611e+02
1.000973730851063692e+03,5.705227999999999611e+02
1.001168719999999894e+03,5.705227999999999611e+02
1.001806950202839630e+03,5.705227999999999611e+02
1.001779685999999856e+03,5.705227999999999611e+02
1.002196281864234948e+03,5.705227999999999611e+02
1.002390651999999818e+03,5.705227999999999611e+02
1.003478469512194920e+03,5.705227999999999611e+02
1.003001617999999894e+03,5.705227999999999611e+02
1.003418832877406203e+03,5.705227999999999611e+02
1.003612583999999856e+03,5.705227999999999611e+02
1.004254532048681426e+03,5.705227999999999611e+02
1.004223549999999818e+03,5.705227999999999611e+02
1.004641383890577458e+03,5.705227999999999611e+02
1.004834515999999894e+03,5.705227999999999611e+02
9.011037599999999657e+02,5.919310000000000400e+02
1.005445481999999856e+03,4.270698199999999929e+02
1.005863934903748600e+03,4.270698199999999929e+02
1.006056447999999818e+03,4.270698199999999929e+02
1.006702113894523222e+03,4.270698199999999929e+02
1.006667413999999894e+03,4.270698199999999929e+02
1.007086485916919855e+03,4.270698199999999929e+02
1.007278379999999856e+03,4.270698199999999929e+02
1.008383582723577092e+03,4.270698199999999929e+02
1.007889345999999819e+03,4.270698199999999929e+02
1.008309036930091111e+03,4.270698199999999929e+02
1.008500311999999894e+03,4.270698199999999929e+02
1.009149695740365019e+03,4.270698199999999929e+02
1.009111277999999857e+03,4.270698199999999929e+02
1.009531587943262366e+03,4.270698199999999929e+02
1.009722243999999819e+03,4.270698199999999929e+02
9.089062000000000126e+02,5.770049999999999955e+02
1.010333209999999895e+03,4.674422599999999761e+02
1.010754138956433508e+03,4.674422599999999761e+02
1.010944175999999857e+03,4.674422599999999761e+02
1.011597277586206701e+03,4.674422599999999761e+02
1.011555141999999819e+03,4.674422599999999761e+02
1.011976689969604763e+03,4.674422599999999761e+02
1.012166107999999895e+03,4.674422599999999761e+02
1.013288695934959151e+03,4.674422599999999761e+02
1.012777073999999857e+03,4.674422599999999761e+02
1.013199240982776018e+03,4.674422599999999761e+02
1.013388039999999819e+03,4.674422599999999761e+02
1.014044859432048497e+03,4.674422599999999761e+02
1.013999005999999895e+03,4.674422599999999761e+02
1.014421791995947274e+03,4.674422599999999761e+02
1.014609971999999857e+03,4.674422599999999761e+02
9.281911000000000058e+02,5.511941000000000486e+02
1.015220937999999819e+03,4.674422599999999761e+02
1.015644343009118415e+03,4.674422599999999761e+02
1.015831903999999895e+03,4.674422599999999761e+02
1.016492441277890293e+03,4.170547000000000253e+02
1.016442869999999857e+03,4.170547000000000253e+02
1.016866894022289671e+03,4.170547000000000253e+02
1.017053835999999819e+03,4.170547000000000253e+02
1.018193809146341209e+03,4.170547000000000253e+02
1.017664801999999895e+03,4.170547000000000253e+02
1.018089445035460926e+03,4.170547000000000253e+02
1.018275767999999857e+03,4.170547000000000253e+02
1.018940023123732090e+03,4.170547000000000253e+02
1.018886733999999819e+03,4.170547000000000253e+02
1.019311996048632182e+03,4.170547000000000253e+02
1.019497699999999895e+03,4.170547000000000253e+02
9.533563000000000329e+02,5.252889400000000251e+02
1.020108665999999857e+03,5.307322000000000344e+02
1.020534547061803323e+03,5.307322000000000344e+02
1.020719631999999820e+03,5.307322000000000344e+02
1.021387604969573886e+03,5.307322000000000344e+02
1.021330597999999895e+03,5.307322000000000344e+02
1.021757098074974579e+03,5.307322000000000344e+02
1.021941563999999858e+03,5.307322000000000344e+02
1.023098922357723382e+03,5.307322000000000344e+02
1.022552529999999820e+03,5.307322000000000344e+02
1.022979649088145834e+03,5.307322000000000344e+02
1.023163495999999896e+03,5.307322000000000344e+02
1.023835186815415682e+03,5.307322000000000344e+02
1.023774461999999858e+03,5.307322000000000344e+02
1.024202200101317203e+03,5.307322000000000344e+02
1.024385427999999820e+03,5.307322000000000344e+02
9.839220000000000255e+02,4.956256000000000199e+02
1.024996394000000009e+03,5.307322000000000344e+02
1.025424751114488345e+03,5.307322000000000344e+02
1.025607359999999971e+03,5.307322000000000344e+02
1.026282768661257478e+03,5.307322000000000344e+02
1.026218325999999934e+03,5.307322000000000344e+02
1.026647302127659486e+03,5.307322000000000344e+02
1.026829291999999896e+03,5.307322000000000344e+02
1.028004035569105554e+03,4.008720700000000079e+02
1.027440257999999858e+03,4.008720700000000079e+02
1.027869853140830855e+03,4.008720700000000079e+02
1.028051223999999820e+03,4.008720700000000079e+02
1.028730350507099274e+03,4.008720700000000079e+02
1.028662190000000010e+03,4.008720700000000079e+02
1.029092404154001997e+03,4.008720700000000079e+02
1.029273155999999972e+03,4.008720700000000079e+02
1.015306299999999965e+03,4.674422599999999761e+02
1.029884121999999934e+03,5.053428999999999860e+02
1.030314955167173139e+03,5.053428999999999860e+02
1.030495087999999896e+03,5.053428999999999860e+02
1.031177932352941070e+03,5.053428999999999860e+02
1.031106053999999858e+03,5.053428999999999860e+02
1.031537506180344508e+03,5.053428999999999860e+02
1.031717019999999820e+03,5.053428999999999860e+02
1.032909148780487612e+03,5.053428999999999860e+02
1.032327986000000010e+03,5.053428999999999860e+02
1.032760057193515649e+03,5.053428999999999860e+02
1.032938951999999972e+03,5.053428999999999860e+02
1.033625514198782867e+03,5.053428999999999860e+02
1.033549917999999934e+03,5.053428999999999860e+02
1.033982608206686791e+03,5.053428999999999860e+02
1.034160883999999896e+03,5.053428999999999860e+02
1.053144700000000057e+03,4.378813499999999976e+02
1.034771849999999858e+03,5.053428999999999860e+02
1.035205159219858160e+03,5.053428999999999860e+02
1.035382815999999821e+03,5.053428999999999860e+02
1.036073096044624663e+03,5.053428999999999860e+02
1.035993782000000010e+03,5.053428999999999860e+02
1.036427710233029302e+03,5.053428999999999860e+02
1.036604747999999972e+03,5.053428999999999860e+02
1.037814261991869671e+03,5.053428999999999860e+02
1.037215713999999934e+03,5.053428999999999860e+02
1.037650261246200671e+03,5.053428999999999860e+02
1.037826679999999897e+03,5.053428999999999860e+02
1.038520677890466459e+03,5.053428999999999860e+02
1.038437645999999859e+03,5.053428999999999860e+02
1.038872812259371813e+03,5.053428999999999860e+02
1.039048611999999821e+03,5.053428999999999860e+02
1.088401699999999892e+03,4.138144500000000221e+02
1.039659578000000010e+03,3.837097200000000043e+02
1.040095363272542954e+03,3.837097200000000043e+02
1.040270543999999973e+03,3.837097200000000043e+02
1.040968259736308255e+03,3.837097200000000043e+02
1.040881509999999935e+03,3.837097200000000043e+02
1.041317914285714323e+03,3.837097200000000043e+02
1.041492475999999897e+03,3.837097200000000043e+02
1.042719375203251957e+03,4.835144000000000233e+02
1.042103441999999859e+03,4.835144000000000233e+02
1.042540465298885465e+03,4.835144000000000233e+02
1.042714407999999821e+03,4.835144000000000233e+02
1.043415841582150051e+03,4.835144000000000233e+02
1.043325373999999783e+03,4.835144000000000233e+02
1.043763016312056607e+03,4.835144000000000233e+02
1.043936339999999973e+03,4.835144000000000233e+02
1.122780199999999923e+03,3.942681999999999789e+02
1.044547305999999935e+03,4.586555200000000241e+02
1.044985567325227976e+03,4.586555200000000241e+02
1.045158271999999897e+03,4.586555200000000241e+02
1.045863423427991847e+03,4.586555200000000241e+02
1.045769237999999859e+03,4.586555200000000241e+02
1.046208118338399117e+03,4.586555200000000241e+02
1.046380203999999821e+03,4.586555200000000241e+02
1.047624488414634015e+03,4.586555200000000241e+02
1.046991169999999784e+03,4.586555200000000241e+02
1.047430669351570486e+03,4.586555200000000241e+02
1.047602135999999973e+03,4.586555200000000241e+02
1.048311005273833644e+03,4.586555200000000241e+02
1.048213101999999935e+03,4.586555200000000241e+02
1.048653220364741628e+03,4.586555200000000241e+02
1.048824067999999897e+03,4.586555200000000241e+02
1.155670399999999972e+03,3.776818999999999846e+02
1.049435033999999860e+03,3.724797399999999925e+02
1.049875771377912770e+03,3.724797399999999925e+02
1.050045999999999822e+03,3.724797399999999925e+02
1.050758587119675440e+03,3.724797399999999925e+02
1.050656965999999784e+03,3.724797399999999925e+02
1.051098322391084139e+03,3.724797399999999925e+02
1.051267931999999973e+03,3.724797399999999925e+02
1.052529601626016074e+03,4.378813499999999976e+02
1.051878897999999936e+03,4.378813499999999976e+02
1.052320873404255281e+03,4.378813499999999976e+02
1.052489863999999898e+03,4.378813499999999976e+02
1.053206168965517236e+03,4.378813499999999976e+02
1.053100829999999860e+03,4.378813499999999976e+02
1.053543424417426422e+03,4.284030799999999886e+02
1.053711795999999822e+03,4.284030799999999886e+02
1.181527700000000095e+03,3.665881299999999783e+02
1.054322761999999784e+03,3.644701000000000022e+02
1.054765975430597791e+03,3.644701000000000022e+02
1.054933727999999974e+03,3.644701000000000022e+02
1.055653750811359032e+03,3.644701000000000022e+02
1.055544693999999936e+03,3.644701000000000022e+02
1.055988526443768933e+03,3.644701000000000022e+02
1.056155659999999898e+03,3.644701000000000022e+02
1.057434714837398133e+03,3.609649699999999939e+02
1.056766625999999860e+03,3.559273699999999963e+02
1.057211077456940075e+03,3.559273699999999963e+02
1.057377591999999822e+03,3.609649699999999939e+02
1.058101332657200828e+03,4.078115199999999732e+02
1.057988557999999784e+03,4.078115199999999732e+02
1.058433628470111444e+03,3.552776999999999816e+02
1.058599523999999974e+03,3.565414999999999850e+02
1.199533200000000079e+03,3.607302199999999743e+02
1.059210489999999936e+03,3.552776999999999816e+02
1.059656179483282585e+03,3.552776999999999816e+02
1.059821455999999898e+03,3.552776999999999816e+02
1.060548914503042397e+03,3.552776999999999816e+02
1.060432421999999860e+03,3.552776999999999816e+02
1.060878730496453954e+03,3.552776999999999816e+02
1.061043387999999823e+03,3.552776999999999816e+02
1.062339828048780419e+03,3.552776999999999816e+02
1.061654353999999785e+03,3.552776999999999816e+02
1.062101281509625096e+03,3.552776999999999816e+02
1.062265319999999974e+03,3.552776999999999816e+02
1.062996496348884193e+03,3.552776999999999816e+02
1.062876285999999936e+03,3.552776999999999816e+02
1.063323832522796238e+03,3.552776999999999816e+02
1.063487251999999899e+03,3.552776999999999816e+02
1.210746000000000095e+03,3.584474000000000160e+02
1.064098217999999861e+03,3.552776999999999816e+02
1.064546383535967607e+03,3.552776999999999816e+02
1.064709183999999823e+03,3.552776999999999816e+02
1.065444078194725989e+03,3.552776999999999816e+02
1.065320149999999785e+03,3.552776999999999816e+02
1.065768934549138748e+03,3.552776999999999816e+02
1.065931115999999975e+03,3.552776999999999816e+02
1.067244941260162477e+03,3.552776999999999816e+02
1.066542081999999937e+03,3.552776999999999816e+02
1.066991485562309890e+03,3.552776999999999816e+02
1.067153047999999899e+03,3.552776999999999816e+02
1.067891660040567785e+03,3.552776999999999816e+02
1.067764013999999861e+03,3.552776999999999816e+02
1.068214036575481259e+03,3.552776999999999816e+02
1.068374979999999823e+03,3.552776999999999816e+02
1.213487200000000030e+03,3.579431000000000154e+02
1.068985945999999785e+03,3.552776999999999816e+02
1.069436587588652401e+03,3.552776999999999816e+02
1.069596911999999975e+03,3.552776999999999816e+02
1.070339241886409582e+03,3.552776999999999816e+02
1.070207877999999937e+03,3.552776999999999816e+02
1.070659138601823770e+03,3.552776999999999816e+02
1.070818843999999899e+03,3.552776999999999816e+02
1.072150054471544536e+03,3.552776999999999816e+02
1.071429809999999861e+03,3.552776999999999816e+02
1.071881689614994912e+03,3.552776999999999816e+02
1.072040775999999823e+03,3.552776999999999816e+02
1.072786823732251378e+03,3.552776999999999816e+02
1.072651741999999786e+03,3.552776999999999816e+02
1.073104240628166053e+03,3.552776999999999816e+02
1.073262707999999975e+03,3.552776999999999816e+02
1.214582499999999982e+03,3.579431000000000154e+02
1.073873673999999937e+03,4.475467499999999745e+02
1.074326791641337422e+03,4.475467499999999745e+02
1.074484639999999899e+03,4.475467499999999745e+02
1.075234405578093174e+03,4.475467499999999745e+02
1.075095605999999862e+03,4.475467499999999745e+02
1.075549342654508564e+03,4.475467499999999745e+02
1.075706571999999824e+03,4.475467499999999745e+02
1.077055167682926594e+03,4.475467499999999745e+02
1.076317537999999786e+03,4.475467499999999745e+02
1.076771893667679706e+03,4.475467499999999745e+02
1.076928503999999975e+03,4.475467499999999745e+02
1.077681987423934970e+03,4.475467499999999745e+02
1.077539469999999937e+03,4.475467499999999745e+02
1.077994444680851075e+03,4.475467499999999745e+02
1.078150435999999900e+03,4.475467499999999745e+02
1.214182299999999941e+03,3.579431000000000154e+02
1.078761401999999862e+03,4.475467499999999745e+02
1.079216995694022216e+03,4.475467499999999745e+02
1.079372367999999824e+03,4.475467499999999745e+02
1.080129569269776766e+03,4.475467499999999745e+02
1.079983333999999786e+03,4.475467499999999745e+02
1.080439546707193585e+03,4.475467499999999745e+02
1.080594299999999976e+03,4.475467499999999745e+02
1.081960280894308880e+03,4.475467499999999745e+02
1.081205265999999938e+03,4.475467499999999745e+02
1.081662097720364727e+03,4.475467499999999745e+02
1.081816231999999900e+03,4.475467499999999745e+02
1.082577151115618562e+03,4.475467499999999745e+02
1.082427197999999862e+03,4.475467499999999745e+02
1.082884648733535869e+03,4.475467499999999745e+02
1.083038163999999824e+03,4.475467499999999745e+02
1.211722700000000032e+03,3.579431000000000154e+02
1.083649129999999786e+03,4.475467499999999745e+02
1.084107199746707238e+03,4.475467499999999745e+02
1.084260095999999976e+03,4.475467499999999745e+02
1.085024732961460359e+03,4.475467499999999745e+02
1.084871061999999938e+03,4.475467499999999745e+02
1.085329750759878380e+03,4.475467499999999745e+02
1.085482027999999900e+03,4.475467499999999745e+02
1.086865394105690939e+03,4.475467499999999745e+02
1.086092993999999862e+03,4.475467499999999745e+02
1.086552301773049521e+03,4.475467499999999745e+02
1.086703959999999825e+03,4.475467499999999745e+02
1.087472314807302155e+03,4.475467499999999745e+02
1.087314925999999787e+03,4.475467499999999745e+02
1.087774852786220890e+03,4.475467499999999745e+02
1.087925891999999976e+03,4.475467499999999745e+02
1.202247699999999895e+03,3.592984599999999773e+02
1.088536857999999938e+03,4.138144500000000221e+02
1.088997403799392032e+03,4.350112300000000118e+02
1.089147823999999900e+03,4.350112300000000118e+02
1.089919896653143951e+03,4.605053700000000276e+02
1.089758789999999863e+03,4.605053700000000276e+02
1.090219954812563174e+03,4.605053700000000276e+02
1.090369755999999825e+03,4.605053700000000276e+02
1.091770507317072997e+03,4.196383000000000152e+02
1.090980721999999787e+03,4.196383000000000152e+02
1.091442505825734543e+03,4.196383000000000152e+02
1.091591687999999976e+03,4.196383000000000152e+02
1.092367478498985747e+03,4.196383000000000152e+02
1.092202653999999939e+03,4.196383000000000152e+02
1.092665056838905684e+03,4.196383000000000152e+02
1.092813619999999901e+03,4.196383000000000152e+02
1.177998000000000047e+03,3.637398699999999963e+02
1.093424585999999863e+03,4.196383000000000152e+02
1.093887607852077053e+03,4.196383000000000152e+02
1.094035551999999825e+03,4.196383000000000152e+02
1.094815060344827543e+03,4.691444000000000187e+02
1.094646517999999787e+03,4.691444000000000187e+02
1.095110158865248195e+03,4.691444000000000187e+02
1.095257483999999977e+03,4.691444000000000187e+02
1.096675620528455056e+03,4.691444000000000187e+02
1.095868449999999939e+03,4.691444000000000187e+02
1.096332709878419337e+03,4.691444000000000187e+02
1.096479415999999901e+03,4.691444000000000187e+02
1.097262642190669339e+03,4.691444000000000187e+02
1.097090381999999863e+03,4.691444000000000187e+02
1.097555260891590706e+03,4.691444000000000187e+02
1.097701347999999825e+03,4.691444000000000187e+02
1.156815200000000004e+03,3.684149199999999951e+02
1.098312313999999787e+03,4.016143799999999828e+02
1.098777811904761847e+03,4.016143799999999828e+02
1.098923279999999977e+03,4.016143799999999828e+02
1.099710224036511136e+03,4.016143799999999828e+02
1.099534245999999939e+03,4.016143799999999828e+02
1.100000362917932989e+03,4.016143799999999828e+02
1.100145211999999901e+03,4.016143799999999828e+02
1.101580733739837342e+03,4.016143799999999828e+02
1.100756177999999863e+03,4.016143799999999828e+02
1.101222913931104358e+03,4.016143799999999828e+02
1.101367143999999826e+03,4.016143799999999828e+02
1.102157805882352932e+03,4.016143799999999828e+02
1.101978109999999788e+03,4.016143799999999828e+02
1.102445464944275500e+03,4.016143799999999828e+02
1.102589075999999977e+03,4.016143799999999828e+02
1.142661100000000033e+03,3.747966299999999933e+02
1.103200041999999939e+03,4.805801999999999907e+02
1.103668015957446869e+03,4.805801999999999907e+02
1.103811007999999902e+03,4.805801999999999907e+02
1.104605387728194728e+03,4.805801999999999907e+02
1.104421973999999864e+03,4.805801999999999907e+02
1.104890566970618011e+03,4.805801999999999907e+02
1.105032939999999826e+03,4.805801999999999907e+02
1.106485846951219401e+03,4.805801999999999907e+02
1.105643905999999788e+03,4.805801999999999907e+02
1.106113117983789152e+03,4.805801999999999907e+02
1.106254871999999978e+03,4.805801999999999907e+02
1.107052969574036524e+03,4.805801999999999907e+02
1.106865837999999940e+03,4.805801999999999907e+02
1.107335668996960521e+03,4.805801999999999907e+02
1.107476803999999902e+03,4.805801999999999907e+02
1.125364399999999932e+03,3.850407700000000091e+02
1.108087769999999864e+03,4.805801999999999907e+02
1.108558220010131663e+03,4.805801999999999907e+02
1.108698735999999826e+03,4.805801999999999907e+02
1.109500551419878093e+03,4.805801999999999907e+02
1.109309701999999788e+03,4.805801999999999907e+02
1.109780771023302805e+03,4.805801999999999907e+02
1.109920667999999978e+03,4.805801999999999907e+02
1.111390960162601459e+03,3.930439499999999953e+02
1.110531633999999940e+03,4.805801999999999907e+02
1.111003322036474174e+03,4.805801999999999907e+02
1.111142599999999902e+03,4.805801999999999907e+02
1.111948133265719889e+03,3.930439499999999953e+02
1.111753565999999864e+03,3.930439499999999953e+02
1.112225873049645315e+03,3.930439499999999953e+02
1.112364531999999826e+03,3.930439499999999953e+02
1.111357899999999972e+03,3.930439499999999953e+02
1.112975497999999789e+03,3.930439499999999953e+02
1.113448424062816684e+03,3.930439499999999953e+02
1.113586463999999978e+03,3.930439499999999953e+02
1.114395715111561685e+03,3.930439499999999953e+02
1.114197429999999940e+03,3.930439499999999953e+02
1.114670975075987826e+03,3.930439499999999953e+02
1.114808395999999902e+03,3.930439499999999953e+02
1.116296073373983518e+03,3.930439499999999953e+02
1.115419361999999865e+03,3.930439499999999953e+02
1.115893526089158968e+03,3.930439499999999953e+02
1.116030327999999827e+03,3.930439499999999953e+02
1.116843296957403481e+03,3.930439499999999953e+02
1.116641293999999789e+03,3.930439499999999953e+02
1.117116077102330337e+03,3.930439499999999953e+02
1.117252259999999978e+03,3.930439499999999953e+02
1.102313000000000102e+03,4.016143799999999828e+02
1.117863225999999941e+03,3.942681999999999789e+02
1.118338628115501479e+03,3.942681999999999789e+02
1.118474191999999903e+03,3.942681999999999789e+02
1.119290878803245278e+03,3.942681999999999789e+02
1.119085157999999865e+03,3.942681999999999789e+02
1.119561179128672620e+03,3.942681999999999789e+02
1.119696123999999827e+03,3.942681999999999789e+02
1.121201186585365804e+03,3.942681999999999789e+02
1.120307089999999789e+03,3.942681999999999789e+02
1.120783730141843989e+03,3.942681999999999789e+02
1.120918055999999979e+03,3.942681999999999789e+02
1.121738460649087074e+03,3.942681999999999789e+02
1.121529021999999941e+03,3.942681999999999789e+02
1.122006281155015131e+03,3.942681999999999789e+02
1.122139987999999903e+03,3.942681999999999789e+02
1.093184600000000046e+03,4.196383000000000152e+02
1.122750953999999865e+03,3.942681999999999789e+02
1.123228832168186273e+03,3.942681999999999789e+02
1.123361919999999827e+03,3.942681999999999789e+02
1.124186042494928870e+03,3.850407700000000091e+02
1.123972885999999789e+03,3.850407700000000091e+02
1.124451383181357642e+03,3.850407700000000091e+02
1.124583851999999979e+03,3.850407700000000091e+02
1.126106299796747862e+03,3.850407700000000091e+02
1.125194817999999941e+03,3.850407700000000091e+02
1.125673934194528783e+03,3.850407700000000091e+02
1.125805783999999903e+03,3.850407700000000091e+02
1.126633624340770666e+03,3.850407700000000091e+02
1.126416749999999865e+03,3.850407700000000091e+02
1.126896485207700152e+03,3.850407700000000091e+02
1.127027715999999828e+03,3.850407700000000091e+02
1.088732199999999921e+03,4.350112300000000118e+02
1.127638681999999790e+03,4.865966799999999921e+02
1.128119036220871294e+03,4.865966799999999921e+02
1.128249647999999979e+03,4.865966799999999921e+02
1.129081206186612462e+03,4.865966799999999921e+02
1.128860613999999941e+03,4.865966799999999921e+02
1.129341587234042436e+03,4.865966799999999921e+02
1.129471579999999904e+03,4.865966799999999921e+02
1.131011413008129921e+03,4.865966799999999921e+02
1.130082545999999866e+03,4.865966799999999921e+02
1.130564138247213805e+03,4.865966799999999921e+02
1.130693511999999828e+03,4.865966799999999921e+02
1.131528788032454258e+03,4.865966799999999921e+02
1.131304477999999790e+03,4.865966799999999921e+02
1.131786689260384946e+03,4.865966799999999921e+02
1.131915443999999979e+03,4.865966799999999921e+02
1.087864299999999957e+03,4.475467499999999745e+02
1.132526409999999942e+03,4.865966799999999921e+02
1.133009240273556088e+03,4.865966799999999921e+02
1.133137375999999904e+03,4.865966799999999921e+02
1.133976369878296055e+03,4.865966799999999921e+02
1.133748341999999866e+03,4.865966799999999921e+02
1.134231791286727457e+03,4.865966799999999921e+02
1.134359307999999828e+03,4.865966799999999921e+02
1.135916526219511979e+03,4.865966799999999921e+02
1.134970273999999790e+03,4.865966799999999921e+02
1.135454342299898599e+03,4.865966799999999921e+02
1.135581239999999980e+03,4.865966799999999921e+02
1.136423951724137851e+03,4.865966799999999921e+02
1.136192205999999942e+03,4.865966799999999921e+02
1.136676893313069968e+03,4.865966799999999921e+02
1.136803171999999904e+03,4.865966799999999921e+02
1.090231099999999969e+03,4.605053700000000276e+02
1.137414137999999866e+03,3.747966299999999933e+02
1.137899444326241110e+03,3.747966299999999933e+02
1.138025103999999828e+03,3.747966299999999933e+02
1.138871533569979647e+03,3.747966299999999933e+02
1.138636069999999791e+03,3.747966299999999933e+02
1.139121995339412251e+03,3.747966299999999933e+02
1.139247035999999980e+03,3.747966299999999933e+02
1.140821639430894038e+03,3.747966299999999933e+02
1.139858001999999942e+03,3.747966299999999933e+02
1.140344546352583620e+03,3.747966299999999933e+02
1.140468967999999904e+03,3.747966299999999933e+02
1.141319115415821443e+03,3.747966299999999933e+02
1.141079933999999867e+03,3.747966299999999933e+02
1.141567097365754762e+03,3.747966299999999933e+02
1.141690899999999829e+03,3.747966299999999933e+02
1.095145999999999958e+03,4.691444000000000187e+02
1.142301865999999791e+03,3.747966299999999933e+02
1.142789648378925904e+03,3.747966299999999933e+02
1.142912831999999980e+03,3.747966299999999933e+02
1.143766697261663239e+03,3.747966299999999933e+02
1.143523797999999942e+03,3.747966299999999933e+02
1.144012199392097273e+03,3.747966299999999933e+02
1.144134763999999905e+03,3.747966299999999933e+02
1.145726752642276324e+03,3.747966299999999933e+02
1.144745729999999867e+03,3.747966299999999933e+02
1.145234750405268414e+03,3.747966299999999933e+02
1.145356695999999829e+03,3.747966299999999933e+02
1.146214279107505035e+03,3.747966299999999933e+02
1.145967661999999791e+03,3.747966299999999933e+02
1.146457301418439783e+03,3.747966299999999933e+02
1.146578627999999981e+03,3.747966299999999933e+02
1.110656099999999924e+03,4.805801999999999907e+02
1.147189593999999943e+03,4.819452999999999747e+02
1.147679852431610925e+03,4.819452999999999747e+02
1.147800559999999905e+03,4.819452999999999747e+02
1.148661860953346832e+03,4.819452999999999747e+02
1.148411525999999867e+03,4.819452999999999747e+02
1.148902403444782067e+03,4.819452999999999747e+02
1.149022491999999829e+03,4.819452999999999747e+02
1.150631865853658383e+03,4.819452999999999747e+02
1.149633457999999791e+03,4.819452999999999747e+02
1.150124954457953436e+03,4.819452999999999747e+02
1.150244423999999981e+03,4.819452999999999747e+02
1.151109442799188628e+03,4.819452999999999747e+02
1.150855389999999943e+03,4.819452999999999747e+02
1.151347505471124578e+03,4.819452999999999747e+02
1.151466355999999905e+03,4.819452999999999747e+02
1.130691399999999931e+03,4.865966799999999921e+02
1.152077321999999867e+03,4.819452999999999747e+02
1.152570056484295719e+03,4.819452999999999747e+02
1.152688287999999829e+03,4.819452999999999747e+02
1.153557024645030424e+03,4.819452999999999747e+02
1.153299253999999792e+03,4.819452999999999747e+02
1.153792607497467088e+03,4.819452999999999747e+02
1.153910219999999981e+03,4.819452999999999747e+02
1.155536979065040441e+03,3.776818999999999846e+02
1.154521185999999943e+03,3.776818999999999846e+02
1.155015158510638230e+03,3.776818999999999846e+02
1.155132151999999905e+03,3.776818999999999846e+02
1.156004606490871993e+03,3.776818999999999846e+02
1.155743117999999868e+03,3.776818999999999846e+02
1.156237709523809372e+03,3.776818999999999846e+02
1.156354083999999830e+03,3.776818999999999846e+02
1.153624499999999898e+03,4.819452999999999747e+02
1.156965049999999792e+03,3.684149199999999951e+02
1.157460260536980741e+03,3.684149199999999951e+02
1.157576015999999981e+03,3.684149199999999951e+02
1.158452188336713789e+03,3.684149199999999951e+02
1.158186981999999944e+03,3.684149199999999951e+02
1.158682811550151882e+03,3.684149199999999951e+02
1.158797947999999906e+03,3.684149199999999951e+02
1.160442092276422500e+03,3.684149199999999951e+02
1.159408913999999868e+03,3.684149199999999951e+02
1.159905362563323251e+03,3.684149199999999951e+02
1.160019879999999830e+03,3.684149199999999951e+02
1.160899770182555585e+03,3.684149199999999951e+02
1.160630845999999792e+03,3.684149199999999951e+02
1.161127913576494393e+03,3.684149199999999951e+02
1.161241811999999982e+03,3.684149199999999951e+02
1.177210399999999936e+03,4.718512000000000057e+02
1.161852777999999944e+03,3.684149199999999951e+02
1.162350464589665535e+03,3.684149199999999951e+02
1.162463743999999906e+03,3.684149199999999951e+02
1.163347352028397381e+03,3.684149199999999951e+02
1.163074709999999868e+03,3.684149199999999951e+02
1.163573015602836904e+03,3.684149199999999951e+02
1.163685675999999830e+03,3.684149199999999951e+02
1.165347205487804786e+03,3.684149199999999951e+02
1.164296641999999792e+03,3.684149199999999951e+02
1.164795566616008045e+03,3.684149199999999951e+02
1.164907607999999982e+03,3.684149199999999951e+02
1.165794933874239177e+03,3.684149199999999951e+02
1.165518573999999944e+03,3.684149199999999951e+02
1.166018117629179187e+03,3.684149199999999951e+02
1.166129539999999906e+03,3.684149199999999951e+02
1.190359400000000051e+03,4.616932400000000030e+02
1.166740505999999868e+03,4.718512000000000057e+02
1.167240668642350556e+03,4.718512000000000057e+02
1.167351471999999831e+03,4.718512000000000057e+02
1.168242515720080974e+03,4.718512000000000057e+02
1.167962437999999793e+03,4.718512000000000057e+02
1.168463219655521698e+03,4.718512000000000057e+02
1.168573403999999982e+03,4.718512000000000057e+02
1.170252318699186844e+03,4.718512000000000057e+02
1.169184369999999944e+03,4.718512000000000057e+02
1.169685770668693067e+03,4.718512000000000057e+02
1.169795335999999907e+03,4.718512000000000057e+02
1.170690097565922770e+03,4.718512000000000057e+02
1.170406301999999869e+03,4.718512000000000057e+02
1.170908321681864209e+03,4.718512000000000057e+02
1.171017267999999831e+03,4.718512000000000057e+02
1.205378500000000031e+03,4.478116499999999860e+02
1.171628233999999793e+03,4.718512000000000057e+02
1.172130872695035350e+03,4.718512000000000057e+02
1.172239199999999983e+03,4.718512000000000057e+02
1.173137679411764566e+03,4.718512000000000057e+02
1.172850165999999945e+03,4.718512000000000057e+02
1.173353423708206719e+03,4.718512000000000057e+02
1.173461131999999907e+03,4.718512000000000057e+02
1.175157431910568903e+03,4.718512000000000057e+02
1.174072097999999869e+03,4.718512000000000057e+02
1.174575974721377861e+03,4.718512000000000057e+02
1.174683063999999831e+03,4.718512000000000057e+02
1.175585261257606362e+03,4.718512000000000057e+02
1.175294029999999793e+03,4.718512000000000057e+02
1.175798525734549003e+03,4.718512000000000057e+02
1.175904995999999983e+03,4.718512000000000057e+02
1.215742400000000089e+03,4.357078999999999951e+02
1.176515961999999945e+03,4.718512000000000057e+02
1.177021076747720372e+03,4.718512000000000057e+02
1.177126927999999907e+03,4.718512000000000057e+02
1.178032843103448158e+03,3.637398699999999963e+02
1.177737893999999869e+03,3.637398699999999963e+02
1.178243627760891513e+03,3.637398699999999963e+02
1.178348859999999831e+03,3.637398699999999963e+02
1.180062545121950961e+03,3.665881299999999783e+02
1.178959825999999794e+03,3.665881299999999783e+02
1.179466178774062882e+03,3.665881299999999783e+02
1.179570791999999983e+03,3.665881299999999783e+02
1.180480424949289954e+03,3.665881299999999783e+02
1.180181757999999945e+03,3.665881299999999783e+02
1.180688729787234024e+03,3.665881299999999783e+02
1.180792723999999907e+03,3.665881299999999783e+02
1.221106999999999971e+03,4.280875199999999836e+02
1.181403689999999870e+03,3.665881299999999783e+02
1.181911280800405166e+03,3.665881299999999783e+02
1.182014655999999832e+03,3.665881299999999783e+02
1.182928006795131751e+03,3.665881299999999783e+02
1.182625621999999794e+03,3.665881299999999783e+02
1.183133831813576535e+03,3.665881299999999783e+02
1.183236587999999983e+03,3.665881299999999783e+02
1.184967658333333247e+03,3.665881299999999783e+02
1.183847553999999946e+03,3.665881299999999783e+02
1.184356382826747677e+03,3.665881299999999783e+02
1.184458519999999908e+03,3.665881299999999783e+02
1.185375588640973547e+03,3.665881299999999783e+02
1.185069485999999870e+03,3.665881299999999783e+02
1.185578933839918818e+03,3.665881299999999783e+02
1.185680451999999832e+03,3.665881299999999783e+02
1.224745100000000093e+03,4.222142299999999864e+02
1.186291417999999794e+03,4.616932400000000030e+02
1.186801484853090187e+03,4.616932400000000030e+02
1.186902383999999984e+03,4.616932400000000030e+02
1.187823170486815343e+03,4.616932400000000030e+02
1.187513349999999946e+03,4.616932400000000030e+02
1.188024035866261329e+03,4.616932400000000030e+02
1.188124315999999908e+03,4.616932400000000030e+02
1.189872771544715306e+03,4.616932400000000030e+02
1.188735281999999870e+03,4.616932400000000030e+02
1.189246586879432471e+03,4.616932400000000030e+02
1.189346247999999832e+03,4.616932400000000030e+02
1.190270752332657139e+03,4.616932400000000030e+02
1.189957213999999794e+03,4.616932400000000030e+02
1.190469137892603840e+03,4.616932400000000030e+02
1.190568179999999984e+03,4.616932400000000030e+02
1.225079099999999926e+03,4.188698699999999917e+02
1.191179145999999946e+03,4.616932400000000030e+02
1.191691688905774981e+03,4.616932400000000030e+02
1.191790111999999908e+03,4.616932400000000030e+02
1.192718334178498935e+03,4.616932400000000030e+02
1.192401077999999870e+03,4.616932400000000030e+02
1.192914239918946350e+03,4.616932400000000030e+02
1.193012043999999833e+03,4.616932400000000030e+02
1.194777884756097365e+03,4.616932400000000030e+02
1.193623009999999795e+03,4.616932400000000030e+02
1.194136790932117492e+03,4.616932400000000030e+02
1.194233975999999984e+03,4.616932400000000030e+02
1.195165916024340731e+03,4.616932400000000030e+02
1.194844941999999946e+03,4.616932400000000030e+02
1.195359341945288634e+03,4.616932400000000030e+02
1.195455907999999908e+03,4.616932400000000030e+02
1.225079099999999926e+03,4.170287000000000148e+02
1.196066873999999871e+03,3.607302199999999743e+02
1.196581892958460003e+03,3.607302199999999743e+02
1.196677839999999833e+03,3.607302199999999743e+02
1.197613497870182528e+03,3.607302199999999743e+02
1.197288805999999795e+03,3.607302199999999743e+02
1.197804443971631144e+03,3.607302199999999743e+02
1.197899771999999757e+03,3.607302199999999743e+02
1.199682997967479423e+03,3.607302199999999743e+02
1.198510737999999947e+03,3.607302199999999743e+02
1.199026994984802286e+03,3.607302199999999743e+02
1.199121703999999909e+03,3.607302199999999743e+02
1.200061079716024324e+03,3.607302199999999743e+02
1.199732669999999871e+03,3.607302199999999743e+02
1.200249545997973655e+03,3.607302199999999743e+02
1.200343635999999833e+03,3.607302199999999743e+02
1.224288999999999987e+03,4.174728999999999814e+02
1.200954601999999795e+03,3.592984599999999773e+02
1.201472097011144797e+03,3.592984599999999773e+02
1.201565567999999757e+03,3.592984599999999773e+02
1.202508661561866120e+03,3.592984599999999773e+02
1.202176533999999947e+03,3.592984599999999773e+02
1.202694648024316166e+03,3.592984599999999773e+02
1.202787499999999909e+03,3.592984599999999773e+02
1.204588111178861709e+03,4.478116499999999860e+02
1.203398465999999871e+03,4.478116499999999860e+02
1.203917199037487308e+03,4.478116499999999860e+02
1.204009431999999833e+03,4.478116499999999860e+02
1.204956243407707916e+03,4.478116499999999860e+02
1.204620398000000023e+03,4.478116499999999860e+02
1.205139750050658677e+03,4.478116499999999860e+02
1.205231363999999985e+03,4.478116499999999860e+02
1.223242600000000039e+03,4.204479999999999791e+02
1.205842329999999947e+03,4.478116499999999860e+02
1.206362301063829818e+03,4.478116499999999860e+02
1.206453295999999909e+03,4.478116499999999860e+02
1.207403825253549712e+03,4.478116499999999860e+02
1.207064261999999871e+03,4.478116499999999860e+02
1.207584852077000960e+03,4.478116499999999860e+02
1.207675227999999834e+03,4.478116499999999860e+02
1.209493224390243768e+03,3.584474000000000160e+02
1.208286194000000023e+03,3.584474000000000160e+02
1.208807403090172329e+03,3.584474000000000160e+02
1.208897159999999985e+03,3.584474000000000160e+02
1.209851407099391508e+03,3.584474000000000160e+02
1.209508125999999947e+03,3.584474000000000160e+02
1.210029954103343471e+03,3.584474000000000160e+02
1.210119091999999910e+03,3.584474000000000160e+02
1.223079700000000003e+03,4.257024000000000115e+02
1.210730057999999872e+03,3.584474000000000160e+02
1.211252505116514612e+03,3.579431000000000154e+02
1.211341023999999834e+03,3.579431000000000154e+02
1.212298988945233305e+03,3.579431000000000154e+02
1.211951990000000023e+03,3.579431000000000154e+02
1.212475056129685981e+03,3.579431000000000154e+02
1.212562955999999986e+03,3.579431000000000154e+02
1.214398337601625826e+03,3.579431000000000154e+02
1.213173921999999948e+03,3.579431000000000154e+02
1.213697607142857123e+03,3.579431000000000154e+02
1.213784887999999910e+03,3.579431000000000154e+02
1.214746570791075101e+03,3.579431000000000154e+02
1.214395853999999872e+03,3.579431000000000154e+02
1.214920158156028265e+03,3.579431000000000154e+02
1.215006819999999834e+03,3.579431000000000154e+02
1.223079700000000003e+03,4.328546000000000049e+02
1.215617786000000024e+03,4.357078999999999951e+02
1.216142709169199634e+03,4.357078999999999951e+02
1.216228751999999986e+03,4.357078999999999951e+02
1.217194152636916670e+03,4.357078999999999951e+02
1.216839717999999948e+03,4.357078999999999951e+02
1.217365260182370776e+03,4.357078999999999951e+02
1.217450683999999910e+03,4.357078999999999951e+02
1.219303450813008112e+03,4.280875199999999836e+02
1.218061649999999872e+03,4.280875199999999836e+02
1.218587811195542145e+03,4.280875199999999836e+02
1.218672615999999834e+03,4.280875199999999836e+02
1.219641734482758466e+03,4.280875199999999836e+02
1.219283582000000024e+03,4.280875199999999836e+02
1.219810362208713286e+03,4.280875199999999836e+02
1.219894547999999986e+03,4.280875199999999836e+02
1.223579600000000028e+03,4.384558000000000106e+02
1.220505513999999948e+03,4.280875199999999836e+02
1.221032913221884428e+03,4.280875199999999836e+02
1.221116479999999910e+03,4.280875199999999836e+02
1.222089316328600262e+03,4.280875199999999836e+02
1.221727445999999873e+03,4.280875199999999836e+02
1.222255464235055797e+03,4.280875199999999836e+02
1.222338411999999835e+03,4.280875199999999836e+02
1.224208564024390171e+03,4.174728999999999814e+02
1.222949378000000024e+03,4.328546000000000049e+02
1.223478015248226939e+03,4.384558000000000106e+02
1.223560343999999986e+03,4.384558000000000106e+02
1.224536898174442058e+03,4.222142299999999864e+02
1.224171309999999949e+03,4.174728999999999814e+02
1.224700566261398080e+03,4.222142299999999864e+02
1.224782275999999911e+03,4.222142299999999864e+02
1.225060899999999947e+03,4.432070299999999747e+02
1.225393241999999873e+03,4.170287000000000148e+02
1.225923117274569449e+03,4.170287000000000148e+02
1.226004207999999835e+03,4.170287000000000148e+02
1.226984480020283854e+03,4.460350300000000061e+02
1.226615174000000025e+03,4.460350300000000061e+02
1.227145668287740591e+03,4.460350300000000061e+02
1.227226139999999987e+03,4.460350300000000061e+02
1.229113677235772229e+03,4.460350300000000061e+02
1.227837105999999949e+03,4.460350300000000061e+02
1.228368219300911960e+03,4.460350300000000061e+02
1.228448071999999911e+03,4.460350300000000061e+02
1.229432061866125650e+03,4.460350300000000061e+02
1.229059037999999873e+03,4.460350300000000061e+02
1.229590770314083102e+03,4.460350300000000061e+02
1.229670003999999835e+03,4.460350300000000061e+02
1.228224400000000060e+03,4.460350300000000061e+02
1.230280970000000025e+03,4.478071299999999724e+02
1.230813321327254243e+03,4.478071299999999724e+02
1.230891935999999987e+03,4.478071299999999724e+02
1.231879643711967447e+03,4.478071299999999724e+02
1.231502901999999949e+03,4.478071299999999724e+02
1.232035872340425612e+03,4.478071299999999724e+02
1.232113867999999911e+03,4.478071299999999724e+02
1.234018790447154288e+03,4.478071299999999724e+02
1.232724833999999873e+03,4.478071299999999724e+02
1.233258423353596754e+03,4.478071299999999724e+02
1.233335799999999836e+03,4.478071299999999724e+02
1.234327225557809243e+03,4.478071299999999724e+02
1.233946766000000025e+03,4.478071299999999724e+02
1.234480974366767896e+03,4.478071299999999724e+02
1.234557731999999987e+03,4.478071299999999724e+02
1.234638999999999896e+03,4.478071299999999724e+02
1.235168697999999949e+03,4.478071299999999724e+02
1.235703525379939265e+03,4.478071299999999724e+02
1.235779663999999912e+03,4.478071299999999724e+02
1.236774807403651039e+03,4.478071299999999724e+02
1.236390629999999874e+03,4.478071299999999724e+02
1.236926076393110407e+03,4.478071299999999724e+02
1.237001595999999836e+03,4.478071299999999724e+02
1.238923903658536346e+03,4.478071299999999724e+02
1.237612562000000025e+03,4.478071299999999724e+02
1.238148627406281776e+03,4.478071299999999724e+02
1.238223527999999988e+03,4.478071299999999724e+02
1.239222389249492835e+03,4.478071299999999724e+02
1.238834493999999950e+03,4.478071299999999724e+02
1.239371178419452917e+03,4.478071299999999724e+02
1.239445459999999912e+03,4.478071299999999724e+02
1.254627400000000080e+03,4.436579600000000028e+02
1.240056425999999874e+03,4.478071299999999724e+02
1.240593729432624059e+03,4.478071299999999724e+02
1.240667391999999836e+03,4.478071299999999724e+02
1.241669971095334631e+03,4.478071299999999724e+02
1.241278358000000026e+03,4.478071299999999724e+02
1.241816280445795428e+03,4.478071299999999724e+02
1.241889323999999988e+03,4.478071299999999724e+02
1.243829016869918632e+03,4.478071299999999724e+02
1.242500289999999950e+03,4.478071299999999724e+02
1.243038831458966570e+03,4.478071299999999724e+02
1.243111255999999912e+03,4.478071299999999724e+02
1.244117552941176427e+03,4.478071299999999724e+02
1.243722221999999874e+03,4.478071299999999724e+02
1.244261382472137711e+03,4.478071299999999724e+02
1.244333187999999836e+03,4.478071299999999724e+02
1.279967000000000098e+03,4.282186300000000188e+02
1.244944154000000026e+03,4.436579600000000028e+02
1.245483933485309080e+03,4.436579600000000028e+02
1.245555119999999988e+03,4.436579600000000028e+02
1.246565134787018224e+03,4.436579600000000028e+02
1.246166085999999950e+03,4.436579600000000028e+02
1.246706484498480222e+03,4.436579600000000028e+02
1.246777051999999912e+03,4.436579600000000028e+02
1.248734130081300691e+03,4.436579600000000028e+02
1.247388017999999875e+03,4.436579600000000028e+02
1.247929035511651364e+03,4.436579600000000028e+02
1.247998983999999837e+03,4.436579600000000028e+02
1.249012716632860020e+03,4.436579600000000028e+02
1.248609950000000026e+03,4.436579600000000028e+02
1.249151586524822733e+03,4.436579600000000028e+02
1.249220915999999988e+03,4.436579600000000028e+02
1.299298700000000053e+03,4.097879599999999982e+02
1.249831881999999950e+03,4.436579600000000028e+02
1.250374137537993875e+03,4.436579600000000028e+02
1.250442847999999913e+03,4.436579600000000028e+02
1.251460298478701816e+03,4.436579600000000028e+02
1.251053813999999875e+03,4.436579600000000028e+02
1.251596688551165244e+03,4.436579600000000028e+02
1.251664779999999837e+03,4.436579600000000028e+02
1.253639243292682750e+03,4.436579600000000028e+02
1.252275746000000026e+03,4.436579600000000028e+02
1.252819239564336385e+03,4.436579600000000028e+02
1.252886711999999989e+03,4.436579600000000028e+02
1.253907880324543612e+03,4.436579600000000028e+02
1.253497677999999951e+03,4.436579600000000028e+02
1.254041790577507527e+03,4.436579600000000028e+02
1.254108643999999913e+03,4.436579600000000028e+02
1.319584000000000060e+03,3.870832500000000209e+02
1.254719609999999875e+03,4.436579600000000028e+02
1.255264341590678896e+03,4.436579600000000028e+02
1.255330575999999837e+03,4.436579600000000028e+02
1.256355462170385408e+03,4.436579600000000028e+02
1.255941542000000027e+03,4.436579600000000028e+02
1.256486892603850038e+03,4.436579600000000028e+02
1.256552507999999989e+03,4.436579600000000028e+02
1.258544356504064808e+03,4.436579600000000028e+02
1.257163473999999951e+03,4.436579600000000028e+02
1.257709443617021179e+03,4.436579600000000028e+02
1.257774439999999913e+03,4.436579600000000028e+02
1.258803044016227204e+03,4.436579600000000028e+02
1.258385405999999875e+03,4.436579600000000028e+02
1.258931994630192548e+03,4.436579600000000028e+02
1.258996371999999837e+03,4.436579600000000028e+02
1.332645600000000059e+03,3.710901999999999816e+02
1.259607338000000027e+03,4.436579600000000028e+02
1.260154545643363690e+03,4.436579600000000028e+02
1.260218303999999989e+03,4.436579600000000028e+02
1.261250625862069001e+03,4.436579600000000028e+02
1.260829269999999951e+03,4.436579600000000028e+02
1.261377096656535059e+03,4.436579600000000028e+02
1.261440235999999913e+03,4.436579600000000028e+02
1.263449469715447094e+03,4.436579600000000028e+02
1.262051201999999876e+03,4.436579600000000028e+02
1.262599647669706201e+03,4.436579600000000028e+02
1.262662167999999838e+03,4.436579600000000028e+02
1.263698207707910797e+03,4.436579600000000028e+02
1.263273134000000027e+03,4.436579600000000028e+02
1.263822198682877342e+03,4.436579600000000028e+02
1.263884099999999989e+03,4.436579600000000028e+02
1.338582000000000107e+03,3.591020500000000197e+02
1.264495065999999952e+03,4.282186300000000188e+02
1.265044749696048711e+03,4.282186300000000188e+02
1.265106031999999914e+03,4.282186300000000188e+02
1.266145789553752365e+03,4.282186300000000188e+02
1.265716997999999876e+03,4.282186300000000188e+02
1.266267300709219853e+03,4.282186300000000188e+02
1.266327963999999838e+03,4.282186300000000188e+02
1.268354582926829153e+03,4.282186300000000188e+02
1.266938930000000028e+03,4.282186300000000188e+02
1.267489851722390995e+03,4.282186300000000188e+02
1.267549895999999990e+03,4.282186300000000188e+02
1.268593371399594162e+03,4.282186300000000188e+02
1.268160861999999952e+03,4.282186300000000188e+02
1.268712402735562364e+03,4.282186300000000188e+02
1.268771827999999914e+03,4.282186300000000188e+02
1.342595199999999977e+03,3.510023199999999974e+02
1.269382793999999876e+03,4.282186300000000188e+02
1.269934953748733506e+03,4.282186300000000188e+02
1.269993759999999838e+03,4.282186300000000188e+02
1.271040953245435958e+03,4.282186300000000188e+02
1.270604726000000028e+03,4.282186300000000188e+02
1.271157504761904875e+03,4.282186300000000188e+02
1.271215691999999990e+03,4.282186300000000188e+02
1.273259696138211211e+03,4.282186300000000188e+02
1.271826657999999952e+03,4.282186300000000188e+02
1.272380055775076016e+03,4.282186300000000188e+02
1.272437623999999914e+03,4.282186300000000188e+02
1.273488535091277754e+03,4.282186300000000188e+02
1.273048589999999876e+03,4.282186300000000188e+02
1.273602606788247158e+03,4.282186300000000188e+02
1.273659555999999839e+03,4.282186300000000188e+02
1.343540500000000065e+03,3.466373300000000199e+02
1.274270522000000028e+03,4.282186300000000188e+02
1.274825157801418527e+03,4.282186300000000188e+02
1.274881487999999990e+03,4.282186300000000188e+02
1.275936116937119550e+03,4.282186300000000188e+02
1.275492453999999952e+03,4.282186300000000188e+02
1.276047708814589669e+03,4.282186300000000188e+02
1.276103419999999915e+03,4.282186300000000188e+02
1.278164809349593270e+03,4.282186300000000188e+02
1.276714385999999877e+03,4.282186300000000188e+02
1.277270259827760810e+03,4.282186300000000188e+02
1.277325351999999839e+03,4.282186300000000188e+02
1.278383698782961346e+03,4.282186300000000188e+02
1.277936317999999801e+03,4.282186300000000188e+02
1.278492810840932179e+03,4.282186300000000188e+02
1.278547283999999991e+03,4.282186300000000188e+02
1.342681199999999990e+03,3.455041499999999814e+02
1.279158249999999953e+03,4.282186300000000188e+02
1.279715361854103321e+03,4.282186300000000188e+02
1.279769215999999915e+03,4.282186300000000188e+02
1.280831280628803142e+03,4.282186300000000188e+02
1.280380181999999877e+03,4.282186300000000188e+02
1.280937912867274463e+03,4.282186300000000188e+02
1.280991147999999839e+03,4.282186300000000188e+02
1.283069922560975556e+03,4.282186300000000188e+02
1.281602113999999801e+03,4.282186300000000188e+02
1.282160463880445832e+03,4.282186300000000188e+02
1.282213079999999991e+03,4.282186300000000188e+02
1.283278862474644939e+03,4.282186300000000188e+02
1.282824045999999953e+03,4.282186300000000188e+02
1.283383014893616973e+03,4.282186300000000188e+02
1.283435011999999915e+03,4.282186300000000188e+02
1.341098500000000058e+03,3.455041499999999814e+02
1.284045977999999877e+03,4.282186300000000188e+02
1.284605565906788343e+03,4.282186300000000188e+02
1.284656943999999839e+03,4.282186300000000188e+02
1.285726444320486735e+03,4.282186300000000188e+02
1.285267909999999802e+03,4.282186300000000188e+02
1.285828116919959484e+03,4.282186300000000188e+02
1.285878875999999991e+03,4.282186300000000188e+02
1.287975035772357614e+03,4.282186300000000188e+02
1.286489841999999953e+03,4.282186300000000188e+02
1.287050667933130626e+03,4.282186300000000188e+02
1.287100807999999915e+03,4.282186300000000188e+02
1.288174026166328531e+03,4.282186300000000188e+02
1.287711773999999878e+03,4.282186300000000188e+02
1.288273218946301995e+03,4.282186300000000188e+02
1.288322739999999840e+03,4.282186300000000188e+02
1.338522699999999986e+03,3.481927499999999895e+02
1.288933705999999802e+03,4.097879599999999982e+02
1.289495769959473137e+03,4.097879599999999982e+02
1.289544671999999991e+03,4.097879599999999982e+02
1.290621608012170327e+03,4.097879599999999982e+02
1.290155637999999954e+03,4.097879599999999982e+02
1.290718320972644278e+03,4.097879599999999982e+02
1.290766603999999916e+03,4.097879599999999982e+02
1.292880148983739673e+03,4.097879599999999982e+02
1.291377569999999878e+03,4.097879599999999982e+02
1.291940871985815647e+03,4.097879599999999982e+02
1.291988535999999840e+03,4.097879599999999982e+02
1.293069189858012123e+03,4.097879599999999982e+02
1.292599501999999802e+03,4.097879599999999982e+02
1.293163422998986789e+03,4.097879599999999982e+02
1.293210467999999992e+03,4.097879599999999982e+02
1.336491500000000087e+03,3.582619599999999878e+02
1.293821433999999954e+03,4.097879599999999982e+02
1.294385974012158158e+03,4.097879599999999982e+02
1.294432399999999916e+03,4.097879599999999982e+02
1.295516771703853919e+03,4.097879599999999982e+02
1.295043365999999878e+03,4.097879599999999982e+02
1.295608525025329300e+03,4.097879599999999982e+02
1.295654331999999840e+03,4.097879599999999982e+02
1.297785262195121732e+03,4.097879599999999982e+02
1.296265297999999802e+03,4.097879599999999982e+02
1.296831076038500441e+03,4.097879599999999982e+02
1.296876263999999992e+03,4.097879599999999982e+02
1.297964353549695716e+03,4.097879599999999982e+02
1.297487229999999954e+03,4.097879599999999982e+02
1.298053627051671810e+03,4.097879599999999982e+02
1.298098195999999916e+03,4.097879599999999982e+02
1.334948699999999917e+03,3.726137699999999882e+02
1.298709161999999878e+03,4.097879599999999982e+02
1.299276178064842952e+03,4.097879599999999982e+02
1.299320127999999841e+03,4.097879599999999982e+02
1.300411935395537512e+03,4.097879599999999982e+02
1.299931093999999803e+03,4.097879599999999982e+02
1.300498729078014094e+03,4.097879599999999982e+02
1.300542059999999992e+03,4.097879599999999982e+02
1.302690375406504018e+03,4.097879599999999982e+02
1.301153025999999954e+03,4.097879599999999982e+02
1.301721280091185463e+03,4.097879599999999982e+02
1.301763991999999917e+03,4.097879599999999982e+02
1.302859517241379308e+03,4.097879599999999982e+02
1.302374957999999879e+03,4.097879599999999982e+02
1.302943831104356605e+03,4.097879599999999982e+02
1.302985923999999841e+03,4.097879599999999982e+02
1.336424700000000030e+03,3.897514600000000087e+02
1.303596889999999803e+03,4.097879599999999982e+02
1.304166382117527974e+03,4.097879599999999982e+02
1.304207855999999992e+03,4.097879599999999982e+02
1.305307099087221104e+03,4.097879599999999982e+02
1.304818821999999955e+03,4.097879599999999982e+02
1.305388933130699115e+03,4.097879599999999982e+02
1.305429787999999917e+03,4.097879599999999982e+02
1.307595488617886076e+03,4.097879599999999982e+02
1.306040753999999879e+03,4.097879599999999982e+02
1.306611484143870257e+03,4.097879599999999982e+02
1.306651719999999841e+03,4.097879599999999982e+02
1.307754680933062900e+03,4.097879599999999982e+02
1.307262685999999803e+03,4.097879599999999982e+02
1.307834035157041626e+03,4.097879599999999982e+02
1.307873651999999993e+03,4.097879599999999982e+02
1.339544399999999996e+03,4.100808000000000106e+02
1.308484617999999955e+03,3.870832500000000209e+02
1.309056586170212768e+03,3.870832500000000209e+02
1.309095583999999917e+03,3.870832500000000209e+02
1.310202262778904696e+03,3.870832500000000209e+02
1.309706549999999879e+03,3.870832500000000209e+02
1.310279137183383909e+03,3.870832500000000209e+02
1.310317515999999841e+03,3.870832500000000209e+02
1.312500601829268135e+03,3.870832500000000209e+02
1.310928481999999804e+03,3.870832500000000209e+02
1.311501688196555278e+03,3.870832500000000209e+02
1.311539447999999993e+03,3.870832500000000209e+02
1.312649844624746265e+03,3.870832500000000209e+02
1.312150413999999955e+03,3.870832500000000209e+02
1.312724239209726420e+03,3.870832500000000209e+02
1.312761379999999917e+03,3.870832500000000209e+02
1.344116099999999960e+03,4.224323699999999917e+02
1.313372345999999879e+03,3.870832500000000209e+02
1.313946790222897562e+03,3.870832500000000209e+02
1.313983311999999842e+03,3.870832500000000209e+02
1.315097426470588061e+03,3.870832500000000209e+02
1.314594277999999804e+03,3.870832500000000209e+02
1.315169341236068931e+03,3.870832500000000209e+02
1.315205243999999993e+03,3.870832500000000209e+02
1.317405715040650193e+03,3.870832500000000209e+02
1.315816209999999955e+03,3.870832500000000209e+02
1.316391892249240072e+03,3.870832500000000209e+02
1.316427175999999918e+03,3.870832500000000209e+02
1.317545008316429858e+03,3.870832500000000209e+02
1.317038141999999880e+03,3.870832500000000209e+02
1.317614443262411442e+03,3.870832500000000209e+02
1.317649107999999842e+03,3.870832500000000209e+02
1.349550899999999956e+03,4.308168999999999755e+02
1.318260073999999804e+03,3.870832500000000209e+02
1.318836994275582583e+03,3.870832500000000209e+02
1.318871039999999994e+03,3.870832500000000209e+02
1.319992590162271654e+03,3.870832500000000209e+02
1.319482005999999956e+03,3.870832500000000209e+02
1.320059545288753725e+03,3.870832500000000209e+02
1.320092971999999918e+03,3.870832500000000209e+02
1.322310828252032479e+03,3.870832500000000209e+02
1.320703937999999880e+03,3.870832500000000209e+02
1.321282096301925094e+03,3.870832500000000209e+02
1.321314903999999842e+03,3.870832500000000209e+02
1.322440172008113450e+03,3.870832500000000209e+02
1.321925869999999804e+03,3.870832500000000209e+02
1.322504647315096236e+03,3.870832500000000209e+02
1.322536835999999994e+03,3.870832500000000209e+02
1.361969800000000077e+03,4.450695799999999736e+02
1.323147801999999956e+03,5.009922000000000253e+02
1.323727198328267377e+03,5.009922000000000253e+02
1.323758767999999918e+03,5.009922000000000253e+02
1.324887753853955246e+03,5.009922000000000253e+02
1.324369733999999880e+03,5.009922000000000253e+02
1.324949749341438746e+03,5.009922000000000253e+02
1.324980699999999842e+03,5.009922000000000253e+02
1.327215941463414538e+03,5.009922000000000253e+02
1.325591665999999805e+03,5.009922000000000253e+02
1.326172300354609888e+03,5.009922000000000253e+02
1.326202631999999994e+03,5.009922000000000253e+02
1.327335335699797042e+03,5.009922000000000253e+02
1.326813597999999956e+03,5.009922000000000253e+02
1.327394851367781257e+03,5.009922000000000253e+02
1.327424563999999918e+03,5.009922000000000253e+02
1.373123399999999947e+03,4.576694299999999771e+02
1.328035529999999881e+03,5.009922000000000253e+02
1.328617402380952399e+03,5.009922000000000253e+02
1.328646495999999843e+03,5.009922000000000253e+02
1.329782917545638838e+03,5.014694799999999759e+02
1.329257461999999805e+03,5.014694799999999759e+02
1.329839953394123540e+03,5.014694799999999759e+02
1.329868427999999994e+03,5.014694799999999759e+02
1.332121054674796596e+03,3.710901999999999816e+02
1.330479393999999957e+03,3.710901999999999816e+02
1.331062504407294909e+03,3.710901999999999816e+02
1.331090359999999919e+03,3.710901999999999816e+02
1.332230499391480635e+03,3.710901999999999816e+02
1.331701325999999881e+03,3.710901999999999816e+02
1.332285055420466051e+03,3.710901999999999816e+02
1.332312291999999843e+03,3.710901999999999816e+02
1.380728499999999940e+03,4.662816199999999753e+02
1.332923257999999805e+03,3.710901999999999816e+02
1.333507606433637193e+03,3.710901999999999816e+02
1.333534223999999995e+03,3.710901999999999816e+02
1.334678081237322431e+03,3.726137699999999882e+02
1.334145189999999957e+03,3.726137699999999882e+02
1.334730157446808562e+03,3.726137699999999882e+02
1.334756155999999919e+03,3.726137699999999882e+02
1.337026167886178655e+03,3.582619599999999878e+02
1.335367121999999881e+03,5.027691699999999742e+02
1.335952708459979704e+03,5.027691699999999742e+02
1.335978087999999843e+03,5.027691699999999742e+02
1.337125663083164227e+03,3.582619599999999878e+02
1.336589053999999805e+03,3.582619599999999878e+02
1.337175259473151073e+03,3.582619599999999878e+02
1.337200019999999995e+03,3.582619599999999878e+02
1.385162499999999909e+03,4.728007799999999747e+02
1.337810985999999957e+03,3.481927499999999895e+02
1.338397810486322214e+03,3.481927499999999895e+02
1.338421951999999919e+03,3.481927499999999895e+02
1.339573244929006023e+03,4.100808000000000106e+02
1.339032917999999881e+03,3.591020500000000197e+02
1.339620361499493356e+03,4.100808000000000106e+02
1.339643883999999844e+03,4.100808000000000106e+02
1.341931281097560714e+03,3.510023199999999974e+02
1.340254849999999806e+03,3.455041499999999814e+02
1.340842912512664725e+03,3.455041499999999814e+02
1.340865815999999995e+03,3.455041499999999814e+02
1.342020826774847819e+03,3.510023199999999974e+02
1.341476781999999957e+03,3.455041499999999814e+02
1.342065463525835867e+03,3.510023199999999974e+02
1.342087747999999920e+03,3.510023199999999974e+02
1.386077299999999923e+03,4.785993700000000217e+02
1.342698713999999882e+03,3.455041499999999814e+02
1.343288014539007008e+03,3.466373300000000199e+02
1.343309679999999844e+03,3.466373300000000199e+02
1.344468408620689615e+03,4.224323699999999917e+02
1.343920645999999806e+03,4.224323699999999917e+02
1.344510565552178377e+03,4.224323699999999917e+02
1.344531611999999996e+03,4.224323699999999917e+02
1.346836394308942999e+03,5.030663999999999874e+02
1.345142577999999958e+03,5.030663999999999874e+02
1.345733116565349519e+03,5.030663999999999874e+02
1.345753543999999920e+03,5.030663999999999874e+02
1.346915990466531412e+03,5.030663999999999874e+02
1.346364509999999882e+03,5.030663999999999874e+02
1.346955667578520661e+03,5.030663999999999874e+02
1.346975475999999844e+03,5.030663999999999874e+02
1.383085100000000011e+03,4.831540499999999838e+02
1.347586441999999806e+03,4.308168999999999755e+02
1.348178218591692030e+03,4.308168999999999755e+02
1.348197407999999996e+03,4.308168999999999755e+02
1.349363572312373208e+03,4.308168999999999755e+02
1.348808373999999958e+03,4.308168999999999755e+02
1.349400769604863171e+03,4.308168999999999755e+02
1.349419339999999920e+03,4.308168999999999755e+02
1.351741507520325058e+03,4.308168999999999755e+02
1.350030305999999882e+03,4.308168999999999755e+02
1.350623320618034541e+03,4.308168999999999755e+02
1.350641271999999844e+03,4.308168999999999755e+02
1.351811154158215004e+03,4.308168999999999755e+02
1.351252237999999807e+03,4.308168999999999755e+02
1.351845871631205682e+03,4.308168999999999755e+02
1.351863203999999996e+03,4.308168999999999755e+02
1.376320099999999911e+03,4.887395000000000209e+02
1.352474169999999958e+03,5.006201199999999858e+02
1.353068422644376824e+03,5.006201199999999858e+02
1.353085135999999920e+03,5.006201199999999858e+02
1.354258736004056800e+03,5.006201199999999858e+02
1.353696101999999883e+03,5.006201199999999858e+02
1.354290973657548193e+03,5.006201199999999858e+02
1.354307067999999845e+03,5.006201199999999858e+02
1.356646620731707117e+03,5.006201199999999858e+02
1.354918033999999807e+03,5.006201199999999858e+02
1.355513524670719335e+03,5.006201199999999858e+02
1.355528999999999996e+03,5.006201199999999858e+02
1.356706317849898596e+03,5.006201199999999858e+02
1.356139965999999959e+03,5.006201199999999858e+02
1.356736075683890476e+03,5.006201199999999858e+02
1.356750931999999921e+03,5.006201199999999858e+02
1.367544200000000046e+03,4.951584500000000162e+02
1.357361897999999883e+03,4.450695799999999736e+02
1.357958626697061845e+03,4.450695799999999736e+02
1.357972863999999845e+03,4.450695799999999736e+02
1.359153899695740392e+03,4.450695799999999736e+02
1.358583829999999807e+03,4.450695799999999736e+02
1.359181177710232987e+03,4.450695799999999736e+02
1.359194795999999997e+03,4.450695799999999736e+02
1.361551733943089175e+03,4.450695799999999736e+02
1.359805761999999959e+03,4.450695799999999736e+02
1.360403728723404356e+03,4.450695799999999736e+02
1.360416727999999921e+03,4.450695799999999736e+02
1.361601481541581961e+03,4.450695799999999736e+02
1.361027693999999883e+03,4.450695799999999736e+02
1.361626279736575498e+03,4.450695799999999736e+02
1.361638659999999845e+03,4.450695799999999736e+02
1.355970700000000079e+03,5.006201199999999858e+02
1.362249625999999807e+03,4.450695799999999736e+02
1.362848830749746639e+03,4.450695799999999736e+02
1.362860591999999997e+03,4.450695799999999736e+02
1.364049063387423757e+03,4.450695799999999736e+02
1.363471557999999959e+03,4.450695799999999736e+02
1.364071381762918008e+03,4.450695799999999736e+02
1.364082523999999921e+03,4.450695799999999736e+02
1.366456847154471461e+03,4.951584500000000162e+02
1.364693489999999883e+03,4.951584500000000162e+02
1.365293932776089150e+03,4.951584500000000162e+02
1.365304455999999846e+03,4.951584500000000162e+02
1.366496645233265554e+03,4.951584500000000162e+02
1.365915421999999808e+03,4.951584500000000162e+02
1.366516483789260292e+03,4.951584500000000162e+02
1.366526387999999997e+03,4.951584500000000162e+02
1.345534400000000005e+03,5.030663999999999874e+02
1.367137353999999959e+03,4.951584500000000162e+02
1.367739034802431661e+03,4.951584500000000162e+02
1.367748319999999921e+03,4.951584500000000162e+02
1.368944227079107350e+03,4.951584500000000162e+02
1.368359285999999884e+03,4.951584500000000162e+02
1.368961585815602803e+03,4.951584500000000162e+02
1.368970251999999846e+03,4.951584500000000162e+02
1.371361960365853520e+03,4.576694299999999771e+02
1.369581217999999808e+03,4.576694299999999771e+02
1.370184136828773944e+03,4.576694299999999771e+02
1.370192183999999997e+03,4.576694299999999771e+02
1.371391808924949146e+03,4.576694299999999771e+02
1.370803149999999960e+03,4.576694299999999771e+02
1.371406687841945313e+03,4.576694299999999771e+02
1.371414115999999922e+03,4.576694299999999771e+02
1.335602000000000089e+03,5.027691699999999742e+02
1.372025081999999884e+03,4.576694299999999771e+02
1.372629238855116455e+03,4.576694299999999771e+02
1.372636047999999846e+03,4.576694299999999771e+02
1.373839390770790942e+03,4.576694299999999771e+02
1.373247013999999808e+03,4.576694299999999771e+02
1.373851789868287824e+03,4.576694299999999771e+02
1.373857979999999998e+03,4.576694299999999771e+02
1.376267073577235578e+03,4.887395000000000209e+02
1.374468945999999960e+03,4.887395000000000209e+02
1.375074340881458966e+03,4.887395000000000209e+02
1.375079911999999922e+03,4.887395000000000209e+02
1.376286972616632738e+03,4.887395000000000209e+02
1.375690877999999884e+03,4.887395000000000209e+02
1.376296891894630107e+03,4.887395000000000209e+02
1.376301843999999846e+03,4.887395000000000209e+02
1.329887999999999920e+03,5.014694799999999759e+02
1.376912809999999808e+03,4.887395000000000209e+02
1.377519442907801476e+03,4.887395000000000209e+02
1.377523775999999998e+03,4.887395000000000209e+02
1.378734554462474534e+03,4.662816199999999753e+02
1.378134741999999960e+03,4.662816199999999753e+02
1.378741993920972618e+03,4.662816199999999753e+02
1.378745707999999922e+03,4.662816199999999753e+02
1.381172186788617637e+03,4.662816199999999753e+02
1.379356673999999884e+03,4.662816199999999753e+02
1.379964544934143760e+03,4.662816199999999753e+02
1.379967639999999847e+03,4.662816199999999753e+02
1.381182136308316331e+03,4.662816199999999753e+02
1.380578605999999809e+03,4.662816199999999753e+02
1.381187095947315129e+03,4.662816199999999753e+02
1.381189571999999998e+03,4.662816199999999753e+02
1.328545399999999972e+03,5.009922000000000253e+02
1.381800537999999960e+03,4.831540499999999838e+02
1.382409646960486270e+03,4.831540499999999838e+02
1.382411503999999923e+03,4.831540499999999838e+02
1.383629718154158127e+03,4.831540499999999838e+02
1.383022469999999885e+03,4.831540499999999838e+02
1.383632197973657640e+03,4.831540499999999838e+02
1.383633435999999847e+03,4.831540499999999838e+02
1.386077299999999923e+03,4.785993700000000217e+02
1.384244401999999809e+03,4.728007799999999747e+02
1.384854748986828781e+03,4.728007799999999747e+02
1.384855367999999999e+03,4.728007799999999747e+02
1.386077299999999923e+03,4.785993700000000217e+02
1.385466333999999961e+03,4.728007799999999747e+02
1.386077299999999923e+03,4.785993700000000217e+02
1.386077299999999923e+03,4.785993700000000217e+02
1.328545399999999972e+03,5.009922000000000253e+02
