3.978483600000000138e+02,5.427518300000000409e+02
3.978483600000000138e+02,5.427518300000000409e+02
3.984039460194175035e+02,5.427007999999999583e+02
3.978483600000000138e+02,5.427518300000000409e+02
3.989595320388349933e+02,5.364021000000000186e+02
3.989607320086392974e+02,5.364021000000000186e+02
3.995151180582524262e+02,5.364021000000000186e+02
3.978483600000000138e+02,5.427518300000000409e+02
4.000707040776699159e+02,5.364021000000000186e+02
4.000731040172786379e+02,5.364021000000000186e+02
4.006262900970874057e+02,5.364021000000000186e+02
4.000779194805194834e+02,5.364021000000000186e+02
4.011818761165048954e+02,5.364021000000000186e+02
4.011854760259179216e+02,5.364021000000000186e+02
4.017374621359223283e+02,5.364021000000000186e+02
4.493315999999999804e+02,1.882390100000000075e+02
4.022930481553398181e+02,5.173061500000000024e+02
4.022978480345572621e+02,5.173061500000000024e+02
4.028486341747573078e+02,5.173061500000000024e+02
4.023074789610389530e+02,5.173061500000000024e+02
4.034042201941747976e+02,5.173061500000000024e+02
4.034102200431965457e+02,5.173061500000000024e+02
4.039598062135922305e+02,5.173061500000000024e+02
4.023268664347826302e+02,5.173061500000000024e+02
4.045153922330097203e+02,5.173061500000000024e+02
4.045225920518358862e+02,5.173061500000000024e+02
4.050709782524272100e+02,5.173061500000000024e+02
4.045370384415584795e+02,5.173061500000000024e+02
4.056265642718446998e+02,5.173061500000000024e+02
4.056349640604751698e+02,5.173061500000000024e+02
4.061821502912621327e+02,5.173061500000000024e+02
4.493315999999999804e+02,1.882390100000000075e+02
4.067377363106796224e+02,5.173061500000000024e+02
4.067473360691145103e+02,5.173061500000000024e+02
4.072933223300971122e+02,5.173061500000000024e+02
4.067665979220779491e+02,5.173061500000000024e+02
4.078489083495146019e+02,5.173061500000000024e+02
4.078597080777537940e+02,5.173061500000000024e+02
4.084044943689320348e+02,5.173061500000000024e+02
4.068053728695652467e+02,5.173061500000000024e+02
4.089600803883495246e+02,5.173061500000000024e+02
4.089720800863930776e+02,5.173061500000000024e+02
4.095156664077670143e+02,5.173061500000000024e+02
4.089961574025974187e+02,5.173061500000000024e+02
4.100712524271845041e+02,5.173061500000000024e+02
4.100844520950324181e+02,5.173061500000000024e+02
4.106268384466019370e+02,5.173061500000000024e+02
4.493315999999999804e+02,1.882390100000000075e+02
4.111824244660194267e+02,4.761456299999999828e+02
4.111968241036717018e+02,4.761456299999999828e+02
4.117380104854369165e+02,4.761456299999999828e+02
4.112257168831168883e+02,4.761456299999999828e+02
4.122935965048544062e+02,4.761456299999999828e+02
4.123091961123110423e+02,4.761456299999999828e+02
4.128491825242718392e+02,4.761456299999999828e+02
4.112838793043478631e+02,4.761456299999999828e+02
4.134047685436893289e+02,4.761456299999999828e+02
4.134215681209503259e+02,4.761456299999999828e+02
4.139603545631068187e+02,4.761456299999999828e+02
4.134552763636363579e+02,4.761456299999999828e+02
4.145159405825243084e+02,4.761456299999999828e+02
4.145339401295896664e+02,4.761456299999999828e+02
4.150715266019417413e+02,4.761456299999999828e+02
4.493315999999999804e+02,1.882390100000000075e+02
4.156271126213592311e+02,4.761456299999999828e+02
4.156463121382289501e+02,4.761456299999999828e+02
4.161826986407767208e+02,4.761456299999999828e+02
4.156848358441558844e+02,4.761456299999999828e+02
4.167382846601942106e+02,4.761456299999999828e+02
4.167586841468682906e+02,4.761456299999999828e+02
4.172938706796116435e+02,4.761456299999999828e+02
4.157623857391304227e+02,4.761456299999999828e+02
4.178494566990291332e+02,4.761456299999999828e+02
4.178710561555075742e+02,4.761456299999999828e+02
4.184050427184466230e+02,4.761456299999999828e+02
4.179143953246753540e+02,4.761456299999999828e+02
4.189606287378641127e+02,4.761456299999999828e+02
4.189834281641468579e+02,4.761456299999999828e+02
4.195162147572815456e+02,4.761456299999999828e+02
4.482486000000000104e+02,2.086748000000000047e+02
4.200718007766990354e+02,4.240833700000000022e+02
4.200958001727861983e+02,4.240833700000000022e+02
4.206273867961165251e+02,4.240833700000000022e+02
4.201439548051948236e+02,4.240833700000000022e+02
4.211829728155340149e+02,4.240833700000000022e+02
4.212081721814254820e+02,4.240833700000000022e+02
4.217385588349515047e+02,4.240833700000000022e+02
4.202408921739130392e+02,4.240833700000000022e+02
4.222941448543689376e+02,4.240833700000000022e+02
4.223205441900648225e+02,4.240833700000000022e+02
4.228497308737864273e+02,4.240833700000000022e+02
4.223735142857142932e+02,4.240833700000000022e+02
4.234053168932039171e+02,3.860568999999999846e+02
4.234329161987041061e+02,3.860568999999999846e+02
4.239609029126213500e+02,3.860568999999999846e+02
4.478321000000000254e+02,2.346278000000000077e+02
4.245164889320388397e+02,3.860568999999999846e+02
4.245452882073434466e+02,3.860568999999999846e+02
4.250720749514563295e+02,3.860568999999999846e+02
4.246030737662337629e+02,3.860568999999999846e+02
4.256276609708738192e+02,3.880735999999999990e+02
4.256576602159827303e+02,3.880735999999999990e+02
4.261832469902913090e+02,3.805593299999999886e+02
4.247193986086956556e+02,3.860568999999999846e+02
4.267388330097087419e+02,3.805593299999999886e+02
4.267700322246220708e+02,3.805593299999999886e+02
4.272944190291262316e+02,3.805593299999999886e+02
4.268326332467532893e+02,3.805593299999999886e+02
4.278500050485437214e+02,3.805593299999999886e+02
4.278824042332613544e+02,3.805593299999999886e+02
4.284055910679612111e+02,3.805593299999999886e+02
4.440759300000000280e+02,2.729410399999999868e+02
4.289611770873786440e+02,3.715289300000000026e+02
4.289947762419006949e+02,3.715289300000000026e+02
4.295167631067961338e+02,3.715289300000000026e+02
4.290621927272727589e+02,3.715289300000000026e+02
4.300723491262136235e+02,3.715289300000000026e+02
4.301071482505399786e+02,3.715289300000000026e+02
4.306279351456311133e+02,3.715289300000000026e+02
4.291979050434782721e+02,3.715289300000000026e+02
4.311835211650485462e+02,3.715289300000000026e+02
4.312195202591792622e+02,3.715289300000000026e+02
4.317391071844660360e+02,3.715289300000000026e+02
4.312917522077922285e+02,3.715289300000000026e+02
4.322946932038835257e+02,3.712509800000000268e+02
4.323318922678186027e+02,3.712509800000000268e+02
4.328502792233010155e+02,3.712509800000000268e+02
4.389445999999999799e+02,3.213416700000000219e+02
4.334058652427184484e+02,3.712509800000000268e+02
4.334442642764578864e+02,3.712509800000000268e+02
4.339614512621359381e+02,3.712509800000000268e+02
4.335213116883116982e+02,3.712509800000000268e+02
4.345170372815534279e+02,3.712509800000000268e+02
4.345566362850972268e+02,3.712509800000000268e+02
4.350726233009709176e+02,3.712509800000000268e+02
4.336764114782608885e+02,3.712509800000000268e+02
4.356282093203883505e+02,3.712509800000000268e+02
4.356690082937365105e+02,3.712509800000000268e+02
4.361837953398058403e+02,3.712509800000000268e+02
4.357508711688311678e+02,3.712509800000000268e+02
4.367393813592233300e+02,3.712509800000000268e+02
4.367813803023758510e+02,3.712509800000000268e+02
4.372949673786408198e+02,3.712509800000000268e+02
4.304559600000000046e+02,3.715289300000000026e+02
4.378505533980582527e+02,3.213416700000000219e+02
4.378937523110151346e+02,3.213416700000000219e+02
4.384061394174757424e+02,3.213416700000000219e+02
4.379804306493506374e+02,3.213416700000000219e+02
4.389617254368932322e+02,3.213416700000000219e+02
4.390061243196544183e+02,3.213416700000000219e+02
4.395173114563107220e+02,3.899239499999999907e+02
4.381549179130435050e+02,3.213416700000000219e+02
4.400728974757281549e+02,3.899239499999999907e+02
4.401184963282937588e+02,3.899239499999999907e+02
4.406284834951456446e+02,3.899239499999999907e+02
4.402099901298701639e+02,3.899239499999999907e+02
4.411840695145631344e+02,3.899239499999999907e+02
4.412308683369330424e+02,3.899239499999999907e+02
4.417396555339806241e+02,3.899239499999999907e+02
4.225339999999999918e+02,4.240833700000000022e+02
4.422952415533981139e+02,2.729410399999999868e+02
4.423432403455723829e+02,2.729410399999999868e+02
4.428508275728155468e+02,2.729410399999999868e+02
4.424395496103896335e+02,2.729410399999999868e+02
4.434064135922330365e+02,2.729410399999999868e+02
4.434556123542116666e+02,2.729410399999999868e+02
4.439619996116505263e+02,2.729410399999999868e+02
4.426334243478261214e+02,2.729410399999999868e+02
4.445175856310679592e+02,3.568807400000000030e+02
4.445679843628510071e+02,3.568807400000000030e+02
4.450731716504854489e+02,3.568807400000000030e+02
4.446691090909091031e+02,3.568807400000000030e+02
4.456287576699029387e+02,3.568807400000000030e+02
4.456803563714902907e+02,3.568807400000000030e+02
4.461843436893204284e+02,3.568807400000000030e+02
4.126216400000000135e+02,4.761456299999999828e+02
4.467399297087379182e+02,2.346278000000000077e+02
4.467927283801296312e+02,2.346278000000000077e+02
4.472955157281553511e+02,2.346278000000000077e+02
4.468986685714285727e+02,2.346278000000000077e+02
4.478511017475728408e+02,2.346278000000000077e+02
4.479051003887689149e+02,2.346278000000000077e+02
4.484066877669903306e+02,2.086748000000000047e+02
4.471119307826087379e+02,2.346278000000000077e+02
4.489622737864077635e+02,1.882390100000000075e+02
4.490174723974082553e+02,1.882390100000000075e+02
4.495178598058252533e+02,1.882390100000000075e+02
4.491282280519480992e+02,1.882390100000000075e+02
4.500734458252427430e+02,1.882390100000000075e+02
4.501298444060475390e+02,1.882390100000000075e+02
4.506290318446602328e+02,1.882390100000000075e+02
4.037316000000000145e+02,5.173061500000000024e+02
4.511846178640777225e+02,1.882390100000000075e+02
4.512422164146868226e+02,1.882390100000000075e+02
4.517402038834951554e+02,1.882390100000000075e+02
4.513577875324675688e+02,1.882390100000000075e+02
4.522957899029126452e+02,1.882390100000000075e+02
4.523545884233261631e+02,1.882390100000000075e+02
4.528513759223301349e+02,1.882390100000000075e+02
4.515904372173913544e+02,1.882390100000000075e+02
4.534069619417476247e+02,1.882390100000000075e+02
4.534669604319654468e+02,1.882390100000000075e+02
4.539625479611650576e+02,1.882390100000000075e+02
4.535873470129870384e+02,1.882390100000000075e+02
4.545181339805825473e+02,1.882390100000000075e+02
4.545793324406047873e+02,1.882390100000000075e+02
4.550737200000000371e+02,1.882390100000000075e+02
3.995934799999999996e+02,5.364021000000000186e+02
4.556293060194175268e+02,3.353308000000000106e+02
4.556917044492440709e+02,3.353308000000000106e+02
4.561848920388349597e+02,3.353308000000000106e+02
4.558169064935065080e+02,3.353308000000000106e+02
4.567404780582524495e+02,3.353308000000000106e+02
4.568040764578834114e+02,3.353308000000000106e+02
4.572960640776699393e+02,3.353308000000000106e+02
4.560689436521739140e+02,3.353308000000000106e+02
4.578516500970874290e+02,3.353308000000000106e+02
4.579164484665226951e+02,3.353308000000000106e+02
4.584072361165048619e+02,3.353308000000000106e+02
4.580464659740259776e+02,3.353308000000000106e+02
4.589628221359223517e+02,3.353308000000000106e+02
4.590288204751619787e+02,3.353308000000000106e+02
4.595184081553398414e+02,3.353308000000000106e+02
3.978627000000000180e+02,5.427007999999999583e+02
4.600739941747573312e+02,3.353308000000000106e+02
4.601411924838013192e+02,3.353308000000000106e+02
4.606295801941747641e+02,3.353308000000000106e+02
4.602760254545454472e+02,3.353308000000000106e+02
4.611851662135922538e+02,3.353308000000000106e+02
4.612535644924406029e+02,3.353308000000000106e+02
4.617407522330097436e+02,3.936284200000000055e+02
4.605474500869565304e+02,3.353308000000000106e+02
4.622963382524272333e+02,3.936284200000000055e+02
4.623659365010799434e+02,3.936284200000000055e+02
4.628519242718447231e+02,3.936284200000000055e+02
4.625055849350649737e+02,3.936284200000000055e+02
4.634075102912621560e+02,3.936284200000000055e+02
4.634783085097192270e+02,3.936284200000000055e+02
4.639630963106796457e+02,3.936284200000000055e+02
3.978483600000000138e+02,5.427518300000000409e+02
4.645186823300971355e+02,3.936284200000000055e+02
4.645906805183585675e+02,3.936284200000000055e+02
4.650742683495145684e+02,3.936284200000000055e+02
4.647351444155844433e+02,3.936284200000000055e+02
4.656298543689320582e+02,3.936284200000000055e+02
4.657030525269978511e+02,3.936284200000000055e+02
4.661854403883495479e+02,3.936284200000000055e+02
4.650259565217391469e+02,3.936284200000000055e+02
4.667410264077670377e+02,3.936284200000000055e+02
4.668154245356371348e+02,3.936284200000000055e+02
4.672966124271845274e+02,3.936284200000000055e+02
4.669647038961039129e+02,3.936284200000000055e+02
4.678521984466019603e+02,3.936284200000000055e+02
4.679277965442764753e+02,3.936284200000000055e+02
4.684077844660194501e+02,3.936284200000000055e+02
3.978483600000000138e+02,5.427518300000000409e+02
4.689633704854369398e+02,3.936284200000000055e+02
4.690401685529158158e+02,3.936284200000000055e+02
4.695189565048543727e+02,3.936284200000000055e+02
4.691942633766233826e+02,3.936284200000000055e+02
4.700745425242718625e+02,3.936284200000000055e+02
4.701525405615550994e+02,3.936284200000000055e+02
4.706301285436893522e+02,3.936284200000000055e+02
4.695044629565217633e+02,3.936284200000000055e+02
4.711857145631068420e+02,3.936284200000000055e+02
4.712649125701943831e+02,3.936284200000000055e+02
4.717413005825243317e+02,3.936284200000000055e+02
4.714238228571429090e+02,3.936284200000000055e+02
4.722968866019417646e+02,3.936284200000000055e+02
4.723772845788337236e+02,3.936284200000000055e+02
4.728524726213592544e+02,3.936284200000000055e+02
5.497989000000000033e+02,2.193366699999999980e+02
4.734080586407767441e+02,3.092069000000000187e+02
4.734896565874730072e+02,3.092069000000000187e+02
4.739636446601941770e+02,3.092069000000000187e+02
4.736533823376623786e+02,3.092069000000000187e+02
4.745192306796116668e+02,3.092069000000000187e+02
4.746020285961123477e+02,3.092069000000000187e+02
4.750748166990291566e+02,3.092069000000000187e+02
4.739829693913043798e+02,3.092069000000000187e+02
4.756304027184466463e+02,3.092069000000000187e+02
4.757144006047516314e+02,3.092069000000000187e+02
4.761859887378641361e+02,3.092069000000000187e+02
4.758829418181818482e+02,3.092069000000000187e+02
4.767415747572815690e+02,3.092069000000000187e+02
4.768267726133909719e+02,3.092069000000000187e+02
4.772971607766990587e+02,3.092069000000000187e+02
5.497989000000000033e+02,2.193366699999999980e+02
4.778527467961165485e+02,3.092069000000000187e+02
4.779391446220302555e+02,3.092069000000000187e+02
4.784083328155339814e+02,3.092069000000000187e+02
4.781125012987013179e+02,3.092069000000000187e+02
4.789639188349514711e+02,3.092069000000000187e+02
4.790515166306695392e+02,3.092069000000000187e+02
4.795195048543689609e+02,3.092069000000000187e+02
4.784614758260869962e+02,3.092069000000000187e+02
4.800750908737864506e+02,3.092069000000000187e+02
4.801638886393088796e+02,3.092069000000000187e+02
4.806306768932039404e+02,3.092069000000000187e+02
4.803420607792207875e+02,3.092069000000000187e+02
4.811862629126213733e+02,3.092069000000000187e+02
4.812762606479482201e+02,3.092069000000000187e+02
4.817418489320388630e+02,3.092069000000000187e+02
5.497989000000000033e+02,2.193366699999999980e+02
4.822974349514563528e+02,3.092069000000000187e+02
4.823886326565875038e+02,3.092069000000000187e+02
4.828530209708738425e+02,3.092069000000000187e+02
4.825716202597402571e+02,3.092069000000000187e+02
4.834086069902913323e+02,3.092069000000000187e+02
4.835010046652267874e+02,3.092069000000000187e+02
4.839641930097087652e+02,3.092069000000000187e+02
4.829399822608695558e+02,3.092069000000000187e+02
4.845197790291262550e+02,4.062223999999999933e+02
4.846133766738661279e+02,4.062223999999999933e+02
4.850753650485437447e+02,4.062223999999999933e+02
4.848011797402597267e+02,4.062223999999999933e+02
4.856309510679611776e+02,4.062223999999999933e+02
4.857257486825054116e+02,4.062223999999999933e+02
4.861865370873786674e+02,4.062223999999999933e+02
5.497989000000000033e+02,2.193366699999999980e+02
4.867421231067961571e+02,4.062223999999999933e+02
4.868381206911446952e+02,4.062223999999999933e+02
4.872977091262136469e+02,4.062223999999999933e+02
4.870307392207792532e+02,4.062223999999999933e+02
4.878532951456311366e+02,4.062223999999999933e+02
4.879504926997840357e+02,4.062223999999999933e+02
4.884088811650485695e+02,4.062223999999999933e+02
4.874184886956521723e+02,4.062223999999999933e+02
4.889644671844660593e+02,4.062223999999999933e+02
4.890628647084233762e+02,4.062223999999999933e+02
4.895200532038835490e+02,4.062223999999999933e+02
4.892602987012987228e+02,4.062223999999999933e+02
4.900756392233009819e+02,4.062223999999999933e+02
4.901752367170626599e+02,4.062223999999999933e+02
4.906312252427184717e+02,4.062223999999999933e+02
5.497989000000000033e+02,2.193366699999999980e+02
4.911868112621359614e+02,4.062223999999999933e+02
4.912876087257019435e+02,4.062223999999999933e+02
4.917423972815534512e+02,4.062223999999999933e+02
4.914898581818181924e+02,4.062223999999999933e+02
4.922979833009709409e+02,4.062223999999999933e+02
4.923999807343412840e+02,4.062223999999999933e+02
4.928535693203883739e+02,4.062223999999999933e+02
4.918969951304347887e+02,4.062223999999999933e+02
4.934091553398058636e+02,4.062223999999999933e+02
4.935123527429805677e+02,4.062223999999999933e+02
4.939647413592233534e+02,4.062223999999999933e+02
4.937194176623377189e+02,4.062223999999999933e+02
4.945203273786407863e+02,4.062223999999999933e+02
4.946247247516199081e+02,4.062223999999999933e+02
4.950759133980582760e+02,4.062223999999999933e+02
5.497989000000000033e+02,2.193366699999999980e+02
4.956314994174757658e+02,4.242497599999999807e+02
4.957370967602591918e+02,4.242497599999999807e+02
4.961870854368932555e+02,4.242497599999999807e+02
4.959489771428571885e+02,4.242497599999999807e+02
4.967426714563107453e+02,4.242497599999999807e+02
4.968494687688985323e+02,4.242497599999999807e+02
4.972982574757281782e+02,4.242497599999999807e+02
4.963755015652174052e+02,4.242497599999999807e+02
4.978538434951456679e+02,4.242497599999999807e+02
4.979618407775378159e+02,4.242497599999999807e+02
4.984094295145631577e+02,4.242497599999999807e+02
4.981785366233766581e+02,4.242497599999999807e+02
4.989650155339805906e+02,4.242497599999999807e+02
4.990742127861770996e+02,4.242497599999999807e+02
4.995206015533980803e+02,4.242497599999999807e+02
5.497989000000000033e+02,2.193366699999999980e+02
5.000761875728155701e+02,4.242497599999999807e+02
5.001865847948164401e+02,4.242497599999999807e+02
5.006317735922330598e+02,4.242497599999999807e+02
5.004080961038961277e+02,4.242497599999999807e+02
5.011873596116505496e+02,4.242497599999999807e+02
5.012989568034557806e+02,4.242497599999999807e+02
5.017429456310679825e+02,4.242497599999999807e+02
5.008540080000000216e+02,4.242497599999999807e+02
5.022985316504854723e+02,4.242497599999999807e+02
5.024113288120950642e+02,4.242497599999999807e+02
5.028541176699029620e+02,4.242497599999999807e+02
5.026376555844155973e+02,4.242497599999999807e+02
5.034097036893203949e+02,4.242497599999999807e+02
5.035237008207343479e+02,4.242497599999999807e+02
5.039652897087378847e+02,4.242497599999999807e+02
5.497989000000000033e+02,2.193366699999999980e+02
5.045208757281553744e+02,2.776985999999999990e+02
5.046360728293736884e+02,2.776985999999999990e+02
5.050764617475728642e+02,2.776985999999999990e+02
5.048672150649350669e+02,2.776985999999999990e+02
5.056320477669903539e+02,2.776985999999999990e+02
5.057484448380129720e+02,2.776985999999999990e+02
5.061876337864077868e+02,2.776985999999999990e+02
5.053325144347826381e+02,2.776985999999999990e+02
5.067432198058252766e+02,2.776985999999999990e+02
5.068608168466523125e+02,2.776985999999999990e+02
5.072988058252427663e+02,2.776985999999999990e+02
5.070967745454545366e+02,2.776985999999999990e+02
5.078543918446602561e+02,2.776985999999999990e+02
5.079731888552915962e+02,2.776985999999999990e+02
5.084099778640777458e+02,2.776985999999999990e+02
5.270832500000000209e+02,2.515888699999999858e+02
5.089655638834951787e+02,4.408311800000000176e+02
5.090855608639309366e+02,4.408311800000000176e+02
5.095211499029126685e+02,4.408311800000000176e+02
5.093263340259740630e+02,4.408311800000000176e+02
5.100767359223301582e+02,4.408311800000000176e+02
5.101979328725702203e+02,4.408311800000000176e+02
5.106323219417475912e+02,4.408311800000000176e+02
5.098110208695652545e+02,4.408311800000000176e+02
5.111879079611650809e+02,4.408311800000000176e+02
5.113103048812095039e+02,4.408311800000000176e+02
5.117434939805825707e+02,4.408311800000000176e+02
5.115558935064935326e+02,4.408311800000000176e+02
5.122990800000000036e+02,4.408311800000000176e+02
5.124226768898488444e+02,4.408311800000000176e+02
5.128546660194175502e+02,4.408311800000000176e+02
5.059550199999999904e+02,2.776985999999999990e+02
5.134102520388349831e+02,4.408311800000000176e+02
5.135350488984881849e+02,4.408311800000000176e+02
5.139658380582525297e+02,4.408311800000000176e+02
5.137854529870130591e+02,4.408311800000000176e+02
5.145214240776699626e+02,4.408311800000000176e+02
5.146474209071274117e+02,4.408311800000000176e+02
5.150770100970873955e+02,4.408311800000000176e+02
5.142895273043478710e+02,4.408311800000000176e+02
5.156325961165049421e+02,4.408311800000000176e+02
5.157597929157667522e+02,4.408311800000000176e+02
5.161881821359223750e+02,4.408311800000000176e+02
5.160150124675325287e+02,4.408311800000000176e+02
5.167437681553398079e+02,4.408311800000000176e+02
5.168721649244060927e+02,4.408311800000000176e+02
5.172993541747573545e+02,4.408311800000000176e+02
4.827567000000000235e+02,3.092069000000000187e+02
5.178549401941747874e+02,4.711662600000000225e+02
5.179845369330453195e+02,4.711662600000000225e+02
5.184105262135922203e+02,4.711662600000000225e+02
5.182445719480519983e+02,4.711662600000000225e+02
5.189661122330097669e+02,4.711662600000000225e+02
5.190969089416846600e+02,4.711662600000000225e+02
5.195216982524271998e+02,4.711662600000000225e+02
5.187680337391304874e+02,4.711662600000000225e+02
5.200772842718447464e+02,4.711662600000000225e+02
5.202092809503240005e+02,4.711662600000000225e+02
5.206328702912621793e+02,4.711662600000000225e+02
5.204741314285714679e+02,4.711662600000000225e+02
5.211884563106796122e+02,4.711662600000000225e+02
5.213216529589633410e+02,4.711662600000000225e+02
5.217440423300971588e+02,4.711662600000000225e+02
4.612930299999999875e+02,3.353308000000000106e+02
5.222996283495145917e+02,4.711662600000000225e+02
5.224340249676026815e+02,4.711662600000000225e+02
5.228552143689321383e+02,4.711662600000000225e+02
5.227036909090909376e+02,4.711662600000000225e+02
5.234108003883495712e+02,4.711662600000000225e+02
5.235463969762419083e+02,4.711662600000000225e+02
5.239663864077670041e+02,4.711662600000000225e+02
5.232465401739131039e+02,4.711662600000000225e+02
5.245219724271845507e+02,4.711662600000000225e+02
5.246587689848812488e+02,4.711662600000000225e+02
5.250775584466019836e+02,4.711662600000000225e+02
5.249332503896104072e+02,4.711662600000000225e+02
5.256331444660194165e+02,4.711662600000000225e+02
5.257711409935205893e+02,4.711662600000000225e+02
5.261887304854369631e+02,4.711662600000000225e+02
4.445603600000000029e+02,3.568807400000000030e+02
5.267443165048543960e+02,2.515888699999999858e+02
5.268835130021598161e+02,2.515888699999999858e+02
5.272999025242718290e+02,2.515888699999999858e+02
5.271628098701298768e+02,2.515888699999999858e+02
5.278554885436893755e+02,4.786828600000000051e+02
5.279958850107991566e+02,4.786828600000000051e+02
5.284110745631068085e+02,4.786828600000000051e+02
5.277250466086957204e+02,4.786828600000000051e+02
5.289666605825243550e+02,4.786828600000000051e+02
5.291082570194384971e+02,4.786828600000000051e+02
5.295222466019417880e+02,4.786828600000000051e+02
5.293923693506493464e+02,4.786828600000000051e+02
5.300778326213592209e+02,4.786828600000000051e+02
5.302206290280778376e+02,4.786828600000000051e+02
5.306334186407767675e+02,4.786828600000000051e+02
4.328536399999999844e+02,3.712509800000000268e+02
5.311890046601942004e+02,4.823336199999999963e+02
5.313330010367170644e+02,4.823336199999999963e+02
5.317445906796117470e+02,4.823336199999999963e+02
5.316219288311688160e+02,4.823336199999999963e+02
5.323001766990291799e+02,4.823336199999999963e+02
5.324453730453564049e+02,4.823336199999999963e+02
5.328557627184466128e+02,4.823336199999999963e+02
5.322035530434782231e+02,4.823336199999999963e+02
5.334113487378641594e+02,4.823336199999999963e+02
5.335577450539957454e+02,4.823336199999999963e+02
5.339669347572815923e+02,4.823336199999999963e+02
5.338514883116883993e+02,4.823336199999999963e+02
5.345225207766991389e+02,4.823336199999999963e+02
5.346701170626349722e+02,4.823336199999999963e+02
5.350781067961165718e+02,4.823336199999999963e+02
4.261120300000000043e+02,3.805593299999999886e+02
5.356336928155340047e+02,4.823336199999999963e+02
5.357824890712743127e+02,4.823336199999999963e+02
5.361892788349514376e+02,4.823336199999999963e+02
5.360810477922077553e+02,4.823336199999999963e+02
5.367448648543689842e+02,4.823336199999999963e+02
5.368948610799136532e+02,4.823336199999999963e+02
5.373004508737864171e+02,4.823336199999999963e+02
5.366820594782609533e+02,4.823336199999999963e+02
5.378560368932039637e+02,4.823336199999999963e+02
5.380072330885529936e+02,4.823336199999999963e+02
5.384116229126213966e+02,4.823336199999999963e+02
5.383106072727273386e+02,4.823336199999999963e+02
5.389672089320388295e+02,4.823336199999999963e+02
5.391196050971922205e+02,4.823336199999999963e+02
5.395227949514563761e+02,4.823336199999999963e+02
4.238398700000000190e+02,3.860568999999999846e+02
5.400783809708738090e+02,2.193366699999999980e+02
5.402319771058315609e+02,2.193366699999999980e+02
5.406339669902913556e+02,2.193366699999999980e+02
5.405401667532468082e+02,2.193366699999999980e+02
5.411895530097087885e+02,2.193366699999999980e+02
5.413443491144709014e+02,2.193366699999999980e+02
5.417451390291262214e+02,2.193366699999999980e+02
5.411605659130434560e+02,2.193366699999999980e+02
5.423007250485437680e+02,2.193366699999999980e+02
5.424567211231101282e+02,2.193366699999999980e+02
5.428563110679612009e+02,2.193366699999999980e+02
5.427697262337662778e+02,2.193366699999999980e+02
5.434118970873787475e+02,2.193366699999999980e+02
5.435690931317494687e+02,2.193366699999999980e+02
5.439674831067961804e+02,2.193366699999999980e+02
4.257064500000000180e+02,3.880735999999999990e+02
5.445230691262136133e+02,2.193366699999999980e+02
5.446814651403888092e+02,2.193366699999999980e+02
5.450786551456311599e+02,2.193366699999999980e+02
5.449992857142857474e+02,2.193366699999999980e+02
5.456342411650485928e+02,2.193366699999999980e+02
5.457938371490281497e+02,2.193366699999999980e+02
5.461898271844661394e+02,2.193366699999999980e+02
5.456390723478261862e+02,2.193366699999999980e+02
5.467454132038835724e+02,2.193366699999999980e+02
5.469062091576673765e+02,2.193366699999999980e+02
5.473009992233010053e+02,2.193366699999999980e+02
5.472288451948052170e+02,2.193366699999999980e+02
5.478565852427184382e+02,2.193366699999999980e+02
5.480185811663067170e+02,2.193366699999999980e+02
5.484121712621359848e+02,2.193366699999999980e+02
4.392832599999999843e+02,3.899239499999999907e+02
5.489677572815534177e+02,2.193366699999999980e+02
5.491309531749460575e+02,2.193366699999999980e+02
5.495233433009709643e+02,2.193366699999999980e+02
5.494584046753246867e+02,2.193366699999999980e+02
5.500789293203883972e+02,2.193366699999999980e+02
5.502433251835852843e+02,2.193366699999999980e+02
5.506345153398058301e+02,2.193366699999999980e+02
5.501175787826086889e+02,2.193366699999999980e+02
5.511901013592233767e+02,2.193366699999999980e+02
5.513556971922246248e+02,2.193366699999999980e+02
5.517456873786408096e+02,2.193366699999999980e+02
5.516879641558441563e+02,2.193366699999999980e+02
5.523012733980583562e+02,2.193366699999999980e+02
5.524680692008639653e+02,2.193366699999999980e+02
5.528568594174757891e+02,2.193366699999999980e+02
4.616037600000000225e+02,3.936284200000000055e+02
5.534124454368932220e+02,2.193366699999999980e+02
5.535804412095033058e+02,2.193366699999999980e+02
5.539680314563107686e+02,2.193366699999999980e+02
5.539175236363636259e+02,2.193366699999999980e+02
5.545236174757282015e+02,2.193366699999999980e+02
5.546928132181426463e+02,2.193366699999999980e+02
5.550792034951457481e+02,2.193366699999999980e+02
5.545960852173913054e+02,2.193366699999999980e+02
5.556347895145631810e+02,2.193366699999999980e+02
5.558051852267818731e+02,2.193366699999999980e+02
5.561903755339806139e+02,2.193366699999999980e+02
5.561470831168830955e+02,2.193366699999999980e+02
5.567459615533980468e+02,2.193366699999999980e+02
5.569175572354212136e+02,2.193366699999999980e+02
5.573015475728155934e+02,2.193366699999999980e+02
4.845758700000000090e+02,4.062223999999999933e+02
5.578571335922330263e+02,2.193366699999999980e+02
5.580299292440604404e+02,2.193366699999999980e+02
5.584127196116505729e+02,2.193366699999999980e+02
5.583766425974026788e+02,2.193366699999999980e+02
5.589683056310680058e+02,2.193366699999999980e+02
5.591423012526997809e+02,2.193366699999999980e+02
5.595238916504854387e+02,2.193366699999999980e+02
5.590745916521739218e+02,2.193366699999999980e+02
5.600794776699029853e+02,2.193366699999999980e+02
5.602546732613391214e+02,2.193366699999999980e+02
5.606350636893204182e+02,2.193366699999999980e+02
5.606062020779221484e+02,2.193366699999999980e+02
5.611906497087379648e+02,2.193366699999999980e+02
5.613670452699784619e+02,2.193366699999999980e+02
5.617462357281553977e+02,2.193366699999999980e+02
5.004167499999999791e+02,4.242497599999999807e+02
5.623018217475728306e+02,2.193366699999999980e+02
5.624794172786178024e+02,2.193366699999999980e+02
5.628574077669903772e+02,2.193366699999999980e+02
5.628357615584416180e+02,2.193366699999999980e+02
5.634129937864078101e+02,2.193366699999999980e+02
5.635917892872570292e+02,2.193366699999999980e+02
5.639685798058253567e+02,2.193366699999999980e+02
5.635530980869565383e+02,2.193366699999999980e+02
5.645241658252427897e+02,2.193366699999999980e+02
5.647041612958963697e+02,2.193366699999999980e+02
5.650797518446602226e+02,2.193366699999999980e+02
5.650653210389610877e+02,2.193366699999999980e+02
5.656353378640777692e+02,2.193366699999999980e+02
5.658165333045355965e+02,2.193366699999999980e+02
5.661909238834952021e+02,2.193366699999999980e+02
5.106391600000000039e+02,4.408311800000000176e+02
5.667465099029127487e+02,2.193366699999999980e+02
5.669289053131749370e+02,2.193366699999999980e+02
5.673020959223301816e+02,2.193366699999999980e+02
5.672948805194805573e+02,2.193366699999999980e+02
5.678576819417476145e+02,2.193366699999999980e+02
5.680412773218142775e+02,2.193366699999999980e+02
5.684132679611650474e+02,2.193366699999999980e+02
5.680316045217391547e+02,2.193366699999999980e+02
5.689688539805825940e+02,2.193366699999999980e+02
5.691536493304536179e+02,2.193366699999999980e+02
5.695244400000000269e+02,2.193366699999999980e+02
5.695244400000000269e+02,2.193366699999999980e+02
5.700800260194175735e+02,2.193366699999999980e+02
5.702660213390929584e+02,2.193366699999999980e+02
5.706356120388350064e+02,2.193366699999999980e+02
5.228207400000000007e+02,4.711662600000000225e+02
5.711911980582524393e+02,2.193366699999999980e+02
5.713783933477321852e+02,2.193366699999999980e+02
5.717467840776699859e+02,2.193366699999999980e+02
5.717539994805194965e+02,2.193366699999999980e+02
5.723023700970874188e+02,2.193366699999999980e+02
5.724907653563715257e+02,2.193366699999999980e+02
5.728579561165049654e+02,2.193366699999999980e+02
5.725101109565217712e+02,2.193366699999999980e+02
5.734135421359223983e+02,2.193366699999999980e+02
5.736031373650108662e+02,2.193366699999999980e+02
5.739691281553398312e+02,2.193366699999999980e+02
5.739835589610389661e+02,2.193366699999999980e+02
5.745247141747573778e+02,2.193366699999999980e+02
5.747155093736500930e+02,2.193366699999999980e+02
5.750803001941748107e+02,2.193366699999999980e+02
5.281970000000000027e+02,4.786828600000000051e+02
5.756358862135923573e+02,2.193366699999999980e+02
5.758278813822894335e+02,2.193366699999999980e+02
5.761914722330097902e+02,2.193366699999999980e+02
5.762131184415584357e+02,2.193366699999999980e+02
5.767470582524272231e+02,2.193366699999999980e+02
5.769402533909287740e+02,2.193366699999999980e+02
5.773026442718446560e+02,2.193366699999999980e+02
5.769886173913043876e+02,2.193366699999999980e+02
5.778582302912622026e+02,2.193366699999999980e+02
5.780526253995681145e+02,2.193366699999999980e+02
5.784138163106796355e+02,2.193366699999999980e+02
5.784426779220780190e+02,2.193366699999999980e+02
5.789694023300971821e+02,2.193366699999999980e+02
5.791649974082073413e+02,2.193366699999999980e+02
5.795249883495146150e+02,2.193366699999999980e+02
5.323045700000000124e+02,4.823336199999999963e+02
5.800805743689320479e+02,3.330650600000000168e+02
5.802773694168466818e+02,3.330650600000000168e+02
5.806361603883495945e+02,3.330650600000000168e+02
5.806722374025973750e+02,3.330650600000000168e+02
5.811917464077670274e+02,3.330650600000000168e+02
5.813897414254860223e+02,3.330650600000000168e+02
5.817473324271845740e+02,3.330650600000000168e+02
5.814671238260870041e+02,3.330650600000000168e+02
5.823029184466020070e+02,3.330650600000000168e+02
5.825021134341252491e+02,3.330650600000000168e+02
5.828585044660194399e+02,3.330650600000000168e+02
5.829017968831169583e+02,3.330650600000000168e+02
5.834140904854369865e+02,3.330650600000000168e+02
5.836144854427645896e+02,3.330650600000000168e+02
5.839696765048544194e+02,3.330650600000000168e+02
5.323045700000000124e+02,4.823336199999999963e+02
5.845252625242719660e+02,3.330650600000000168e+02
5.847268574514039301e+02,3.330650600000000168e+02
5.850808485436893989e+02,3.330650600000000168e+02
5.851313563636364279e+02,3.330650600000000168e+02
5.856364345631068318e+02,3.330650600000000168e+02
5.858392294600432706e+02,3.330650600000000168e+02
5.861920205825242647e+02,3.330650600000000168e+02
5.859456302608696205e+02,3.330650600000000168e+02
5.867476066019418113e+02,3.330650600000000168e+02
5.869516014686824974e+02,3.330650600000000168e+02
5.873031926213592442e+02,3.330650600000000168e+02
5.873609158441558975e+02,3.330650600000000168e+02
5.878587786407767908e+02,3.330650600000000168e+02
5.880639734773218379e+02,3.330650600000000168e+02
5.884143646601942237e+02,3.330650600000000168e+02
6.097793599999999969e+02,4.698945299999999747e+02
5.889699506796116566e+02,3.330650600000000168e+02
5.891763454859611784e+02,3.330650600000000168e+02
5.895255366990292032e+02,3.330650600000000168e+02
5.895904753246753671e+02,3.330650600000000168e+02
5.900811227184466361e+02,3.330650600000000168e+02
5.902887174946004052e+02,3.330650600000000168e+02
5.906367087378641827e+02,3.330650600000000168e+02
5.904241366956522370e+02,3.330650600000000168e+02
5.911922947572816156e+02,3.330650600000000168e+02
5.914010895032397457e+02,3.330650600000000168e+02
5.917478807766990485e+02,3.330650600000000168e+02
5.918200348051948367e+02,3.330650600000000168e+02
5.923034667961165951e+02,3.330650600000000168e+02
5.925134615118790862e+02,3.330650600000000168e+02
5.928590528155340280e+02,3.330650600000000168e+02
6.097793599999999969e+02,4.698945299999999747e+02
5.934146388349515746e+02,3.330650600000000168e+02
5.936258335205184267e+02,3.330650600000000168e+02
5.939702248543690075e+02,3.330650600000000168e+02
5.940495942857143064e+02,3.330650600000000168e+02
5.945258108737864404e+02,3.330650600000000168e+02
5.947382055291577672e+02,3.330650600000000168e+02
5.950813968932039870e+02,3.330650600000000168e+02
5.949026431304348534e+02,3.330650600000000168e+02
5.956369829126214199e+02,3.330650600000000168e+02
5.958505775377969940e+02,3.330650600000000168e+02
5.961925689320389665e+02,3.330650600000000168e+02
5.962791537662337760e+02,3.330650600000000168e+02
5.967481549514563994e+02,3.330650600000000168e+02
5.969629495464363345e+02,3.330650600000000168e+02
5.973037409708738323e+02,3.330650600000000168e+02
6.097793599999999969e+02,4.698945299999999747e+02
5.978593269902912652e+02,3.330650600000000168e+02
5.980753215550755613e+02,3.330650600000000168e+02
5.984149130097088118e+02,3.330650600000000168e+02
5.985087132467532456e+02,3.330650600000000168e+02
5.989704990291262447e+02,3.330650600000000168e+02
5.991876935637149018e+02,3.330650600000000168e+02
5.995260850485437913e+02,3.330650600000000168e+02
5.993811495652174699e+02,3.330650600000000168e+02
6.000816710679612243e+02,3.330650600000000168e+02
6.003000655723542422e+02,3.330650600000000168e+02
6.006372570873786572e+02,3.330650600000000168e+02
6.007382727272727152e+02,3.330650600000000168e+02
6.011928431067962038e+02,3.330650600000000168e+02
6.014124375809935827e+02,3.330650600000000168e+02
6.017484291262136367e+02,3.330650600000000168e+02
6.097793599999999969e+02,4.698945299999999747e+02
6.023040151456311833e+02,3.330650600000000168e+02
6.025248095896329232e+02,3.330650600000000168e+02
6.028596011650486162e+02,3.330650600000000168e+02
6.029678322077922985e+02,3.330650600000000168e+02
6.034151871844660491e+02,3.330650600000000168e+02
6.036371815982721500e+02,3.330650600000000168e+02
6.039707732038835957e+02,3.330650600000000168e+02
6.038596560000000864e+02,3.330650600000000168e+02
6.045263592233010286e+02,3.330650600000000168e+02
6.047495536069114905e+02,3.330650600000000168e+02
6.050819452427185752e+02,3.330650600000000168e+02
6.051973916883116544e+02,3.330650600000000168e+02
6.056375312621360081e+02,3.330650600000000168e+02
6.058619256155508310e+02,3.330650600000000168e+02
6.061931172815534410e+02,3.330650600000000168e+02
6.097793599999999969e+02,4.698945299999999747e+02
6.067487033009708739e+02,4.698945299999999747e+02
6.069742976241900578e+02,4.698945299999999747e+02
6.073042893203884205e+02,4.698945299999999747e+02
6.074269511688312377e+02,4.698945299999999747e+02
6.078598753398058534e+02,4.698945299999999747e+02
6.080866696328293983e+02,4.698945299999999747e+02
6.084154613592234000e+02,4.698945299999999747e+02
6.083381624347825891e+02,4.698945299999999747e+02
6.089710473786408329e+02,4.698945299999999747e+02
6.091990416414687388e+02,4.698945299999999747e+02
6.095266333980582658e+02,4.698945299999999747e+02
6.096565106493507074e+02,4.698945299999999747e+02
6.100822194174758124e+02,4.698945299999999747e+02
6.103114136501080793e+02,4.698945299999999747e+02
6.106378054368932453e+02,4.418396000000000186e+02
6.097793599999999969e+02,4.698945299999999747e+02
6.111933914563107919e+02,4.322060500000000047e+02
6.114237856587473061e+02,4.322060500000000047e+02
6.117489774757282248e+02,4.322060500000000047e+02
6.118860701298701770e+02,4.322060500000000047e+02
6.123045634951456577e+02,4.322060500000000047e+02
6.125361576673866466e+02,4.322060500000000047e+02
6.128601495145632043e+02,4.322060500000000047e+02
6.128166688695653193e+02,4.322060500000000047e+02
6.134157355339806372e+02,4.322060500000000047e+02
6.136485296760259871e+02,4.322060500000000047e+02
6.139713215533981838e+02,3.374859599999999773e+02
6.141156296103896466e+02,3.374859599999999773e+02
6.145269075728156167e+02,3.374859599999999773e+02
6.147609016846652139e+02,3.374859599999999773e+02
6.150824935922330496e+02,3.374859599999999773e+02
6.108749400000000378e+02,4.418396000000000186e+02
6.156380796116505962e+02,3.383961199999999963e+02
6.158732736933045544e+02,3.383961199999999963e+02
6.161936656310680291e+02,3.383961199999999963e+02
6.163451890909091162e+02,3.383961199999999963e+02
6.167492516504855757e+02,4.272464600000000132e+02
6.169856457019438949e+02,4.272464600000000132e+02
6.173048376699030086e+02,4.290234399999999937e+02
6.172951753043478220e+02,4.290234399999999937e+02
6.178604236893204416e+02,4.290234399999999937e+02
6.180980177105832354e+02,4.290234399999999937e+02
6.184160097087378745e+02,4.290234399999999937e+02
6.185747485714285858e+02,4.290234399999999937e+02
6.189715957281554211e+02,4.290234399999999937e+02
6.192103897192224622e+02,4.290234399999999937e+02
6.195271817475728540e+02,4.290234399999999937e+02
6.133731699999999591e+02,4.322060500000000047e+02
6.200827677669904006e+02,4.269577600000000075e+02
6.203227617278618027e+02,4.269577600000000075e+02
6.206383537864078335e+02,4.269577600000000075e+02
6.208043080519480554e+02,4.269577600000000075e+02
6.211939398058252664e+02,3.428386199999999917e+02
6.214351337365011432e+02,3.428386199999999917e+02
6.217495258252428130e+02,3.428386199999999917e+02
6.217736817391305522e+02,3.428386199999999917e+02
6.223051118446602459e+02,4.247334000000000174e+02
6.225475057451403700e+02,4.101277000000000044e+02
6.228606978640777925e+02,4.101277000000000044e+02
6.230338675324675251e+02,4.101277000000000044e+02
6.234162838834952254e+02,4.101277000000000044e+02
6.236598777537797105e+02,4.101277000000000044e+02
6.239718699029126583e+02,4.101277000000000044e+02
6.224087500000000546e+02,4.101277000000000044e+02
6.245274559223302049e+02,4.184959699999999998e+02
6.247722497624190510e+02,4.184959699999999998e+02
6.250830419417476378e+02,4.184959699999999998e+02
6.252634270129869947e+02,4.184959699999999998e+02
6.256386279611651844e+02,4.184959699999999998e+02
6.258846217710583915e+02,4.184959699999999998e+02
6.261942139805826173e+02,4.184959699999999998e+02
6.262521881739130549e+02,4.184959699999999998e+02
6.267498000000000502e+02,4.184959699999999998e+02
6.269969937796976183e+02,4.042187500000000000e+02
6.273053860194174831e+02,4.042187500000000000e+02
6.274929864935065780e+02,4.042187500000000000e+02
6.278609720388350297e+02,4.042187500000000000e+02
6.281093657883369588e+02,4.042187500000000000e+02
6.284165580582524626e+02,4.042187500000000000e+02
6.268853000000000293e+02,4.042187500000000000e+02
6.289721440776700092e+02,4.011388000000000034e+02
6.292217377969762993e+02,4.011388000000000034e+02
6.295277300970874421e+02,4.011388000000000034e+02
6.297225459740260476e+02,4.011388000000000034e+02
6.300833161165048750e+02,4.083899999999999864e+02
6.303341098056155261e+02,4.083899999999999864e+02
6.306389021359224216e+02,4.014250499999999988e+02
6.307306946086956714e+02,4.014250499999999988e+02
6.311944881553398545e+02,4.014250499999999988e+02
6.314464818142548665e+02,4.014250499999999988e+02
6.317500741747574011e+02,4.014250499999999988e+02
6.319521054545455172e+02,4.014250499999999988e+02
6.323056601941748340e+02,4.014250499999999988e+02
6.325588538228942070e+02,4.014250499999999988e+02
6.328612462135922669e+02,4.014250499999999988e+02
6.291568999999999505e+02,4.011388000000000034e+02
6.334168322330098135e+02,3.055214799999999968e+02
6.336712258315335475e+02,3.055214799999999968e+02
6.339724182524272464e+02,3.055214799999999968e+02
6.341816649350649868e+02,3.055214799999999968e+02
6.345280042718447930e+02,3.055214799999999968e+02
6.347835978401728880e+02,3.055214799999999968e+02
6.350835902912622259e+02,3.055214799999999968e+02
6.352092010434782878e+02,3.055214799999999968e+02
6.356391763106796589e+02,3.055214799999999968e+02
6.358959698488121148e+02,3.055214799999999968e+02
6.361947623300972054e+02,3.055214799999999968e+02
6.364112244155844564e+02,3.055214799999999968e+02
6.367503483495146384e+02,3.055214799999999968e+02
6.370083418574514553e+02,3.055214799999999968e+02
6.373059343689321850e+02,3.055214799999999968e+02
6.305072000000000116e+02,4.014250499999999988e+02
6.378615203883496179e+02,3.286225600000000213e+02
6.381207138660906821e+02,3.286225600000000213e+02
6.384171064077670508e+02,3.286225600000000213e+02
6.386407838961039261e+02,3.286225600000000213e+02
6.389726924271844837e+02,3.286225600000000213e+02
6.392330858747300226e+02,3.286225600000000213e+02
6.395282784466020303e+02,3.286225600000000213e+02
6.396877074782609043e+02,3.286225600000000213e+02
6.400838644660194632e+02,3.286225600000000213e+02
6.403454578833693631e+02,3.286225600000000213e+02
6.406394504854370098e+02,3.286225600000000213e+02
6.408703433766233957e+02,3.286225600000000213e+02
6.411950365048544427e+02,3.286225600000000213e+02
6.414578298920087036e+02,3.286225600000000213e+02
6.417506225242718756e+02,3.286225600000000213e+02
6.304949000000000296e+02,4.083899999999999864e+02
6.423062085436894222e+02,3.224030799999999886e+02
6.425702019006480441e+02,3.224030799999999886e+02
6.428617945631068551e+02,3.224030799999999886e+02
6.430999028571428653e+02,3.224030799999999886e+02
6.434173805825244017e+02,3.224030799999999886e+02
6.436825739092872709e+02,3.224030799999999886e+02
6.439729666019418346e+02,3.224030799999999886e+02
6.441662139130435207e+02,3.224030799999999886e+02
6.445285526213592675e+02,3.224030799999999886e+02
6.447949459179266114e+02,3.224030799999999886e+02
6.450841386407768141e+02,3.224030799999999886e+02
6.453294623376623349e+02,3.224030799999999886e+02
6.456397246601942470e+02,3.224030799999999886e+02
6.459073179265659519e+02,3.224030799999999886e+02
6.461953106796117936e+02,3.224030799999999886e+02
6.266982000000000426e+02,4.184959699999999998e+02
6.467508966990292265e+02,3.224030799999999886e+02
6.470196899352051787e+02,3.224030799999999886e+02
6.473064827184466594e+02,3.224030799999999886e+02
6.475590218181819182e+02,3.224030799999999886e+02
6.478620687378640923e+02,3.224030799999999886e+02
6.481320619438445192e+02,3.224030799999999886e+02
6.484176547572816389e+02,3.224030799999999886e+02
6.486447203478261372e+02,3.224030799999999886e+02
6.489732407766990718e+02,3.224030799999999886e+02
6.492444339524838597e+02,3.224030799999999886e+02
6.495288267961166184e+02,3.224030799999999886e+02
6.497885812987012741e+02,3.224030799999999886e+02
6.500844128155340513e+02,3.224030799999999886e+02
6.503568059611232002e+02,3.224030799999999886e+02
6.506399988349514842e+02,3.224030799999999886e+02
6.223274999999999864e+02,4.247334000000000174e+02
6.511955848543690308e+02,3.224030799999999886e+02
6.514691779697624270e+02,3.224030799999999886e+02
6.517511708737864637e+02,3.224030799999999886e+02
6.520181407792208574e+02,3.224030799999999886e+02
6.523067568932040103e+02,3.224030799999999886e+02
6.525815499784017675e+02,3.224030799999999886e+02
6.528623429126214432e+02,3.224030799999999886e+02
6.531232267826087536e+02,3.224030799999999886e+02
6.534179289320388762e+02,3.224030799999999886e+02
6.536939219870411080e+02,3.224030799999999886e+02
6.539735149514563091e+02,3.224030799999999886e+02
6.542477002597402134e+02,3.224030799999999886e+02
6.545291009708738557e+02,3.224030799999999886e+02
6.548062939956803348e+02,3.224030799999999886e+02
6.550846869902914023e+02,3.224030799999999886e+02
6.201009000000000242e+02,4.269577600000000075e+02
6.556402730097088352e+02,4.787796599999999785e+02
6.559186660043196753e+02,4.787796599999999785e+02
6.561958590291262681e+02,4.787796599999999785e+02
6.564772597402597967e+02,4.787796599999999785e+02
6.567514450485437010e+02,4.787796599999999785e+02
6.570310380129590158e+02,4.787796599999999785e+02
6.573070310679612476e+02,4.787796599999999785e+02
6.576017332173913701e+02,4.787796599999999785e+02
6.578626170873787942e+02,4.787796599999999785e+02
6.581434100215983563e+02,4.787796599999999785e+02
6.584182031067962271e+02,4.787796599999999785e+02
6.587068192207792663e+02,4.787796599999999785e+02
6.589737891262136600e+02,4.787796599999999785e+02
6.592557820302376967e+02,4.787796599999999785e+02
6.595293751456310929e+02,4.787796599999999785e+02
6.183374999999999773e+02,4.290234399999999937e+02
6.600849611650486395e+02,4.787796599999999785e+02
6.603681540388769236e+02,4.787796599999999785e+02
6.606405471844661861e+02,4.787796599999999785e+02
6.609363787012987359e+02,4.787796599999999785e+02
6.611961332038836190e+02,4.787796599999999785e+02
6.614805260475162640e+02,4.787796599999999785e+02
6.617517192233010519e+02,4.787796599999999785e+02
6.620802396521739865e+02,4.787796599999999785e+02
6.623073052427184848e+02,4.787796599999999785e+02
6.625928980561554908e+02,4.787796599999999785e+02
6.628628912621360314e+02,4.787796599999999785e+02
6.631659381818182055e+02,4.787796599999999785e+02
6.634184772815534643e+02,4.787796599999999785e+02
6.637052700647948313e+02,4.787796599999999785e+02
6.639740633009710109e+02,4.787796599999999785e+02
6.172928000000000566e+02,4.290234399999999937e+02
6.645296493203884438e+02,4.787796599999999785e+02
6.648176420734341718e+02,4.787796599999999785e+02
6.650852353398058767e+02,4.787796599999999785e+02
6.653954976623376751e+02,4.787796599999999785e+02
6.656408213592233096e+02,4.787796599999999785e+02
6.659300140820735123e+02,4.787796599999999785e+02
6.661964073786408562e+02,4.787796599999999785e+02
6.665587460869564893e+02,4.787796599999999785e+02
6.667519933980584028e+02,4.787796599999999785e+02
6.670423860907128528e+02,4.787796599999999785e+02
6.673075794174758357e+02,4.787796599999999785e+02
6.676250571428572584e+02,4.787796599999999785e+02
6.678631654368932686e+02,4.787796599999999785e+02
6.681547580993520796e+02,4.787796599999999785e+02
6.684187514563107015e+02,4.787796599999999785e+02
6.172768999999999551e+02,4.281176800000000071e+02
6.689743374757282481e+02,4.787796599999999785e+02
6.692671301079914201e+02,4.787796599999999785e+02
6.695299234951457947e+02,4.787796599999999785e+02
6.698546166233766144e+02,4.787796599999999785e+02
6.700855095145632276e+02,4.787796599999999785e+02
6.703795021166306469e+02,4.787796599999999785e+02
6.706410955339806605e+02,4.787796599999999785e+02
6.710372525217392194e+02,4.787796599999999785e+02
6.711966815533980935e+02,4.787796599999999785e+02
6.714918741252699874e+02,4.787796599999999785e+02
6.717522675728156401e+02,4.787796599999999785e+02
6.720841761038961977e+02,4.787796599999999785e+02
6.723078535922330730e+02,4.787796599999999785e+02
6.726042461339093279e+02,4.787796599999999785e+02
6.728634396116506196e+02,4.787796599999999785e+02
6.172768999999999551e+02,4.272464600000000132e+02
6.734190256310680525e+02,4.787796599999999785e+02
6.737166181425486684e+02,4.787796599999999785e+02
6.739746116504854854e+02,4.787796599999999785e+02
6.743137355844155536e+02,4.787796599999999785e+02
6.745301976699029183e+02,4.787796599999999785e+02
6.748289901511880089e+02,4.787796599999999785e+02
6.750857836893204649e+02,4.787796599999999785e+02
6.755157589565217222e+02,4.787796599999999785e+02
6.756413697087380115e+02,4.787796599999999785e+02
6.759413621598272357e+02,4.787796599999999785e+02
6.761969557281554444e+02,4.787796599999999785e+02
6.765432950649351369e+02,4.787796599999999785e+02
6.767525417475728773e+02,4.787796599999999785e+02
6.770537341684665762e+02,4.787796599999999785e+02
6.773081277669903102e+02,4.787796599999999785e+02
6.172768999999999551e+02,4.272464600000000132e+02
6.778637137864078568e+02,4.654778999999999769e+02
6.781661061771058030e+02,4.654778999999999769e+02
6.784192998058254034e+02,4.654778999999999769e+02
6.787728545454546065e+02,4.654778999999999769e+02
6.789748858252428363e+02,4.654778999999999769e+02
6.792784781857451435e+02,4.654778999999999769e+02
6.795304718446602692e+02,4.654778999999999769e+02
6.799942653913044524e+02,4.654778999999999769e+02
6.800860578640777021e+02,4.654778999999999769e+02
6.803908501943844840e+02,4.654778999999999769e+02
6.806416438834952487e+02,4.654778999999999769e+02
6.810024140259740761e+02,4.654778999999999769e+02
6.811972299029126816e+02,4.654778999999999769e+02
6.815032222030238245e+02,4.654778999999999769e+02
6.817528159223302282e+02,4.654778999999999769e+02
6.407693000000000438e+02,3.286225600000000213e+02
6.823084019417476611e+02,4.654778999999999769e+02
6.826155942116631650e+02,4.654778999999999769e+02
6.828639879611650940e+02,4.654778999999999769e+02
6.832319735064935458e+02,4.654778999999999769e+02
6.834195739805826406e+02,4.654778999999999769e+02
6.837279662203023918e+02,4.654778999999999769e+02
6.839751600000000735e+02,4.654778999999999769e+02
6.844727718260869551e+02,4.654778999999999769e+02
6.845307460194176201e+02,4.654778999999999769e+02
6.848403382289417323e+02,4.654778999999999769e+02
6.850863320388350530e+02,4.654778999999999769e+02
6.854615329870130154e+02,4.654778999999999769e+02
6.856419180582524859e+02,4.654778999999999769e+02
6.859527102375809591e+02,4.654778999999999769e+02
6.861975040776699188e+02,4.654778999999999769e+02
6.407693000000000438e+02,3.286225600000000213e+02
6.867530900970874654e+02,4.654778999999999769e+02
6.870650822462202996e+02,4.654778999999999769e+02
6.873086761165050120e+02,4.654778999999999769e+02
6.876910924675324850e+02,4.654778999999999769e+02
6.878642621359224449e+02,4.654778999999999769e+02
6.881774542548596401e+02,4.654778999999999769e+02
6.884198481553398778e+02,4.654778999999999769e+02
6.889512782608696853e+02,4.654778999999999769e+02
6.889754341747573108e+02,4.654778999999999769e+02
6.892898262634989806e+02,4.654778999999999769e+02
6.895310201941748574e+02,4.654778999999999769e+02
6.899206519480519546e+02,4.654778999999999769e+02
6.900866062135924039e+02,4.654778999999999769e+02
6.904021982721383210e+02,4.654778999999999769e+02
6.906421922330098369e+02,4.654778999999999769e+02
6.407693000000000438e+02,3.286225600000000213e+02
6.911977782524272698e+02,4.465466299999999933e+02
6.915145702807776615e+02,4.465466299999999933e+02
6.917533642718447027e+02,4.465466299999999933e+02
6.921502114285715379e+02,4.465466299999999933e+02
6.923089502912622493e+02,4.465466299999999933e+02
6.926269422894168883e+02,4.465466299999999933e+02
6.928645363106796822e+02,4.465466299999999933e+02
6.934297846956521880e+02,4.465466299999999933e+02
6.934201223300972288e+02,4.465466299999999933e+02
6.937393142980561151e+02,4.465466299999999933e+02
6.939757083495146617e+02,4.465466299999999933e+02
6.943797709090908938e+02,4.465466299999999933e+02
6.945312943689320946e+02,4.465466299999999933e+02
6.948516863066954556e+02,4.465466299999999933e+02
6.950868803883495275e+02,4.465466299999999933e+02
6.407693000000000438e+02,3.286225600000000213e+02
6.956424664077670741e+02,4.465466299999999933e+02
6.959640583153347961e+02,4.465466299999999933e+02
6.961980524271846207e+02,4.465466299999999933e+02
6.966093303896104771e+02,4.465466299999999933e+02
6.967536384466020536e+02,4.465466299999999933e+02
6.970764303239741366e+02,4.465466299999999933e+02
6.973092244660194865e+02,4.465466299999999933e+02
6.979082911304349182e+02,4.465466299999999933e+02
6.978648104854369194e+02,4.465466299999999933e+02
6.981888023326134771e+02,4.465466299999999933e+02
6.984203965048544660e+02,4.465466299999999933e+02
6.988388898701298331e+02,4.465466299999999933e+02
6.989759825242720126e+02,4.465466299999999933e+02
6.993011743412528176e+02,4.465466299999999933e+02
6.995315685436894455e+02,4.465466299999999933e+02
6.407693000000000438e+02,3.286225600000000213e+02
7.000871545631068784e+02,4.465466299999999933e+02
7.004135463498920444e+02,4.465466299999999933e+02
7.006427405825243113e+02,4.465466299999999933e+02
7.010684493506494164e+02,4.465466299999999933e+02
7.011983266019418579e+02,4.465466299999999933e+02
7.015259183585313849e+02,4.465466299999999933e+02
7.017539126213592908e+02,4.465466299999999933e+02
7.023867975652174209e+02,4.465466299999999933e+02
7.023094986407768374e+02,4.465466299999999933e+02
7.026382903671706117e+02,4.465466299999999933e+02
7.028650846601942703e+02,4.465466299999999933e+02
7.032980088311688860e+02,4.465466299999999933e+02
7.034206706796117032e+02,4.465466299999999933e+02
7.037506623758099522e+02,4.465466299999999933e+02
7.039762566990291361e+02,4.465466299999999933e+02
6.422688000000000557e+02,3.224030799999999886e+02
7.045318427184466827e+02,4.465466299999999933e+02
7.048630343844492927e+02,4.465466299999999933e+02
7.050874287378642293e+02,4.465466299999999933e+02
7.055275683116883556e+02,4.465466299999999933e+02
7.056430147572816622e+02,4.465466299999999933e+02
7.059754063930886332e+02,4.465466299999999933e+02
7.061986007766990951e+02,4.465466299999999933e+02
7.068653040000000374e+02,4.465466299999999933e+02
7.067541867961165281e+02,4.465466299999999933e+02
7.070877784017279737e+02,4.465466299999999933e+02
7.073097728155340747e+02,4.465466299999999933e+02
7.077571277922078252e+02,4.465466299999999933e+02
7.078653588349516212e+02,4.465466299999999933e+02
7.082001504103672005e+02,4.465466299999999933e+02
7.084209448543690542e+02,4.465466299999999933e+02
6.422688000000000557e+02,3.224030799999999886e+02
7.089765308737864871e+02,5.079171000000000049e+02
7.093125224190065410e+02,5.079171000000000049e+02
7.095321168932039200e+02,5.079171000000000049e+02
7.099866872727272948e+02,5.079171000000000049e+02
7.100877029126214666e+02,5.079171000000000049e+02
7.104248944276457678e+02,5.079171000000000049e+02
7.106432889320390132e+02,5.079171000000000049e+02
7.113438104347826538e+02,5.079171000000000049e+02
7.111988749514564461e+02,5.079171000000000049e+02
7.115372664362851083e+02,5.079171000000000049e+02
7.117544609708738790e+02,5.079171000000000049e+02
7.122162467532468781e+02,5.079171000000000049e+02
7.123100469902913119e+02,5.079171000000000049e+02
7.126496384449244488e+02,5.079171000000000049e+02
7.128656330097088585e+02,5.079171000000000049e+02
6.422688000000000557e+02,3.224030799999999886e+02
7.134212190291262914e+02,5.079171000000000049e+02
7.137620104535637893e+02,5.079171000000000049e+02
7.139768050485438380e+02,5.079171000000000049e+02
7.144458062337662341e+02,5.079171000000000049e+02
7.145323910679612709e+02,5.079171000000000049e+02
7.148743824622031298e+02,5.079171000000000049e+02
7.150879770873787038e+02,5.079171000000000049e+02
7.158223168695652703e+02,5.079171000000000049e+02
7.156435631067961367e+02,5.079171000000000049e+02
7.159867544708423566e+02,5.079171000000000049e+02
7.161991491262136833e+02,5.079171000000000049e+02
7.166753657142858174e+02,5.079171000000000049e+02
7.167547351456312299e+02,5.079171000000000049e+02
7.170991264794816971e+02,5.079171000000000049e+02
7.173103211650486628e+02,5.079171000000000049e+02
6.332717000000000098e+02,3.055214799999999968e+02
7.178659071844660957e+02,5.079171000000000049e+02
7.182114984881209239e+02,5.079171000000000049e+02
7.184214932038835286e+02,5.079171000000000049e+02
7.189049251948051733e+02,5.079171000000000049e+02
7.189770792233010752e+02,5.079171000000000049e+02
7.193238704967602644e+02,4.278200699999999870e+02
7.195326652427186218e+02,4.278200699999999870e+02
7.203008233043478867e+02,4.278200699999999870e+02
7.200882512621360547e+02,4.278200699999999870e+02
7.204362425053996049e+02,4.278200699999999870e+02
7.206438372815534876e+02,4.278200699999999870e+02
7.211344846753247566e+02,4.278200699999999870e+02
7.211994233009709205e+02,4.278200699999999870e+02
7.215486145140389453e+02,4.278200699999999870e+02
7.217550093203884671e+02,4.278200699999999870e+02
6.332717000000000098e+02,3.055214799999999968e+02
7.223105953398059000e+02,5.098772000000000162e+02
7.226609865226782858e+02,5.098772000000000162e+02
7.228661813592234466e+02,5.098772000000000162e+02
7.233640441558442262e+02,5.098772000000000162e+02
7.234217673786408795e+02,5.098772000000000162e+02
7.237733585313175126e+02,5.098772000000000162e+02
7.239773533980583125e+02,5.098772000000000162e+02
7.247793297391305032e+02,5.098772000000000162e+02
7.245329394174757454e+02,5.098772000000000162e+02
7.248857305399568531e+02,5.098772000000000162e+02
7.250885254368932920e+02,5.098772000000000162e+02
7.255936036363636958e+02,5.098772000000000162e+02
7.256441114563108385e+02,5.098772000000000162e+02
7.259981025485960799e+02,5.098772000000000162e+02
7.261996974757282715e+02,5.098772000000000162e+02
6.332717000000000098e+02,3.055214799999999968e+02
7.267552834951457044e+02,5.073814699999999789e+02
7.271104745572354204e+02,5.073814699999999789e+02
7.273108695145631373e+02,5.073814699999999789e+02
7.278231631168831655e+02,5.073814699999999789e+02
7.278664555339806839e+02,5.073814699999999789e+02
7.282228465658747609e+02,5.073814699999999789e+02
7.284220415533982305e+02,5.073814699999999789e+02
7.292578361739131196e+02,5.073814699999999789e+02
7.289776275728156634e+02,5.073814699999999789e+02
7.293352185745141014e+02,5.073814699999999789e+02
7.295332135922330963e+02,5.073814699999999789e+02
7.300527225974026351e+02,5.073814699999999789e+02
7.300887996116505292e+02,5.073814699999999789e+02
7.304475905831534419e+02,5.073814699999999789e+02
7.306443856310680758e+02,5.073814699999999789e+02
6.332717000000000098e+02,3.055214799999999968e+02
7.311999716504856224e+02,5.073814699999999789e+02
7.315599625917927824e+02,5.073814699999999789e+02
7.317555576699030553e+02,5.073814699999999789e+02
7.322822820779221047e+02,5.073814699999999789e+02
7.323111436893204882e+02,5.073814699999999789e+02
7.326723346004320092e+02,5.073814699999999789e+02
7.328667297087379211e+02,5.073814699999999789e+02
7.337363426086957361e+02,5.073814699999999789e+02
7.334223157281554677e+02,5.073814699999999789e+02
7.337847066090712360e+02,5.073814699999999789e+02
7.339779017475729006e+02,5.073814699999999789e+02
7.345118415584415743e+02,4.117995599999999854e+02
7.345334877669904472e+02,4.117995599999999854e+02
7.348970786177105765e+02,4.117995599999999854e+02
7.350890737864078801e+02,4.117995599999999854e+02
6.332717000000000098e+02,3.055214799999999968e+02
7.356446598058253130e+02,4.117995599999999854e+02
7.360094506263499170e+02,4.117995599999999854e+02
7.362002458252427459e+02,4.117995599999999854e+02
7.367414010389611576e+02,4.117995599999999854e+02
7.367558318446602925e+02,4.117995599999999854e+02
7.371218226349892575e+02,4.117995599999999854e+02
7.373114178640778391e+02,4.117995599999999854e+02
7.382148490434783525e+02,4.117995599999999854e+02
7.378670038834952720e+02,4.117995599999999854e+02
7.382341946436285980e+02,4.117995599999999854e+02
7.384225899029127049e+02,4.117995599999999854e+02
7.389709605194805135e+02,4.117995599999999854e+02
7.389781759223301378e+02,4.117995599999999854e+02
7.393465666522679385e+02,4.117995599999999854e+02
7.395337619417476844e+02,4.117995599999999854e+02
6.222752699999999777e+02,3.428386199999999917e+02
7.400893479611652310e+02,4.962504999999999882e+02
7.404589386609071653e+02,4.962504999999999882e+02
7.406449339805826639e+02,4.962504999999999882e+02
7.412005200000000968e+02,4.962504999999999882e+02
7.412005200000000968e+02,4.962504999999999882e+02
7.415713106695465058e+02,4.962504999999999882e+02
7.417561060194175298e+02,4.962504999999999882e+02
7.426933554782608553e+02,4.962504999999999882e+02
7.423116920388350763e+02,4.962504999999999882e+02
7.426836826781857326e+02,4.962504999999999882e+02
7.428672780582525093e+02,4.962504999999999882e+02
7.434300794805194528e+02,4.962504999999999882e+02
7.434228640776700558e+02,4.962504999999999882e+02
7.437960546868250731e+02,4.962504999999999882e+02
7.439784500970874888e+02,4.962504999999999882e+02
6.057806399999999485e+02,3.330650600000000168e+02
7.445340361165049217e+02,4.024962199999999939e+02
7.449084266954644136e+02,4.024962199999999939e+02
7.450896221359223546e+02,4.024962199999999939e+02
7.456596389610390361e+02,4.024962199999999939e+02
7.456452081553399012e+02,4.024962199999999939e+02
7.460207987041037541e+02,4.024962199999999939e+02
7.462007941747574478e+02,4.024962199999999939e+02
7.471718619130435854e+02,4.024962199999999939e+02
7.467563801941748807e+02,4.024962199999999939e+02
7.471331707127430946e+02,4.024962199999999939e+02
7.473119662135923136e+02,4.024962199999999939e+02
7.478891984415585057e+02,4.024962199999999939e+02
7.478675522330097465e+02,4.024962199999999939e+02
7.482455427213823214e+02,4.024962199999999939e+02
7.484231382524272931e+02,4.024962199999999939e+02
6.057806399999999485e+02,3.330650600000000168e+02
7.489787242718448397e+02,4.857199699999999893e+02
7.493579147300216619e+02,4.857199699999999893e+02
7.495343102912622726e+02,4.857199699999999893e+02
7.501187579220779753e+02,4.857199699999999893e+02
7.500898963106797055e+02,4.857199699999999893e+02
7.504702867386608887e+02,4.857199699999999893e+02
7.506454823300971384e+02,4.857199699999999893e+02
7.516503683478260882e+02,4.857199699999999893e+02
7.512010683495146850e+02,4.857199699999999893e+02
7.515826587473002292e+02,4.857199699999999893e+02
7.517566543689321179e+02,4.857199699999999893e+02
7.523483174025974449e+02,4.857199699999999893e+02
7.523122403883496645e+02,4.857199699999999893e+02
7.526950307559395696e+02,4.857199699999999893e+02
7.528678264077670974e+02,4.857199699999999893e+02
6.140706000000000131e+02,3.374859599999999773e+02
7.534234124271845303e+02,3.988143299999999840e+02
7.538074027645789101e+02,3.988143299999999840e+02
7.539789984466020769e+02,3.988143299999999840e+02
7.545778768831169145e+02,3.988143299999999840e+02
7.545345844660195098e+02,3.988143299999999840e+02
7.549197747732182506e+02,3.988143299999999840e+02
7.550901704854370564e+02,3.988143299999999840e+02
7.561288747826088184e+02,3.988143299999999840e+02
7.556457565048544893e+02,3.988143299999999840e+02
7.560321467818574774e+02,3.988143299999999840e+02
7.562013425242719222e+02,3.988143299999999840e+02
7.568074363636363842e+02,3.988143299999999840e+02
7.567569285436893551e+02,3.988143299999999840e+02
7.571445187904968179e+02,3.988143299999999840e+02
7.573125145631069017e+02,3.988143299999999840e+02
6.157773999999999432e+02,3.383961199999999963e+02
7.578681005825244483e+02,4.055825199999999882e+02
7.582568907991360447e+02,4.055825199999999882e+02
7.584236866019418812e+02,4.055825199999999882e+02
7.590369958441558538e+02,4.055825199999999882e+02
7.589792726213593141e+02,4.055825199999999882e+02
7.593692628077753852e+02,4.055825199999999882e+02
7.595348586407767471e+02,4.055825199999999882e+02
7.606073812173913211e+02,4.608708500000000186e+02
7.600904446601942936e+02,4.055825199999999882e+02
7.604816348164147257e+02,4.608708500000000186e+02
7.606460306796118402e+02,4.608708500000000186e+02
7.612665553246754371e+02,4.608708500000000186e+02
7.612016166990292731e+02,4.608708500000000186e+02
7.615940068250540662e+02,4.608708500000000186e+02
7.617572027184467061e+02,4.608708500000000186e+02
6.157773999999999432e+02,3.383961199999999963e+02
7.623127887378641390e+02,4.288873300000000199e+02
7.627063788336934067e+02,4.288873300000000199e+02
7.628683747572816856e+02,4.288873300000000199e+02
7.634961148051947930e+02,4.288873300000000199e+02
7.634239607766991185e+02,4.288873300000000199e+02
7.638187508423327472e+02,4.288873300000000199e+02
7.639795467961166651e+02,4.288873300000000199e+02
7.650858876521740513e+02,4.288873300000000199e+02
7.645351328155340980e+02,4.288873300000000199e+02
7.649311228509719740e+02,4.288873300000000199e+02
7.650907188349515309e+02,4.288873300000000199e+02
7.657256742857143763e+02,4.288873300000000199e+02
7.656463048543689638e+02,4.288873300000000199e+02
7.660434948596112008e+02,4.288873300000000199e+02
7.662018908737865104e+02,4.288873300000000199e+02
6.707595000000000027e+02,4.787796599999999785e+02
7.667574768932040570e+02,4.288873300000000199e+02
7.671558668682505413e+02,4.288873300000000199e+02
7.673130629126214899e+02,4.288873300000000199e+02
7.679552337662337322e+02,4.288873300000000199e+02
7.678686489320389228e+02,4.288873300000000199e+02
7.682682388768898818e+02,4.288873300000000199e+02
7.684242349514563557e+02,4.288873300000000199e+02
7.695643940869565540e+02,4.288873300000000199e+02
7.689798209708739023e+02,4.288873300000000199e+02
7.693806108855292223e+02,4.288873300000000199e+02
7.695354069902914489e+02,4.288873300000000199e+02
7.701847932467533155e+02,4.288873300000000199e+02
7.700909930097088818e+02,4.288873300000000199e+02
7.704929828941685628e+02,4.288873300000000199e+02
7.706465790291263147e+02,4.288873300000000199e+02
6.707595000000000027e+02,4.787796599999999785e+02
7.712021650485437476e+02,4.288873300000000199e+02
7.716053549028079033e+02,4.288873300000000199e+02
7.717577510679612942e+02,4.288873300000000199e+02
7.724143527272727852e+02,4.288873300000000199e+02
7.723133370873787271e+02,4.288873300000000199e+02
7.727177269114471301e+02,4.288873300000000199e+02
7.728689231067962737e+02,4.288873300000000199e+02
7.740429005217392842e+02,4.288873300000000199e+02
7.734245091262137066e+02,4.288873300000000199e+02
7.738300989200864706e+02,4.288873300000000199e+02
7.739800951456311395e+02,4.288873300000000199e+02
7.746439122077922548e+02,4.288873300000000199e+02
7.745356811650485724e+02,4.288873300000000199e+02
7.749424709287256974e+02,4.288873300000000199e+02
7.750912671844661190e+02,4.288873300000000199e+02
6.707595000000000027e+02,4.787796599999999785e+02
7.756468532038836656e+02,4.288873300000000199e+02
7.760548429373650379e+02,4.288873300000000199e+02
7.762024392233010985e+02,4.288873300000000199e+02
7.768734716883117244e+02,4.288873300000000199e+02
7.767580252427185314e+02,4.288873300000000199e+02
7.771672149460043784e+02,4.288873300000000199e+02
7.773136112621359644e+02,4.288873300000000199e+02
7.785214069565217869e+02,4.288873300000000199e+02
7.778691972815535109e+02,4.288873300000000199e+02
7.782795869546437189e+02,4.288873300000000199e+02
7.784247833009710575e+02,4.288873300000000199e+02
7.791030311688311940e+02,4.288873300000000199e+02
7.789803693203884905e+02,4.288873300000000199e+02
7.793919589632830593e+02,4.288873300000000199e+02
7.795359553398059234e+02,4.288873300000000199e+02
6.816962999999999511e+02,4.654778999999999769e+02
7.800915413592233563e+02,4.288873300000000199e+02
7.805043309719222862e+02,4.288873300000000199e+02
7.806471273786409029e+02,4.288873300000000199e+02
7.813325906493507773e+02,4.288873300000000199e+02
7.812027133980584495e+02,4.288873300000000199e+02
7.816167029805616266e+02,4.288873300000000199e+02
7.817582994174758824e+02,4.288873300000000199e+02
7.829999133913044034e+02,4.288873300000000199e+02
7.823138854368933153e+02,4.288873300000000199e+02
7.827290749892008535e+02,4.288873300000000199e+02
7.828694714563107482e+02,4.288873300000000199e+02
7.835621501298701332e+02,4.288873300000000199e+02
7.834250574757282948e+02,4.288873300000000199e+02
7.838414469978401939e+02,4.288873300000000199e+02
7.839806434951457277e+02,4.288873300000000199e+02
7.002998999999999796e+02,4.465466299999999933e+02
7.845362295145632743e+02,4.288873300000000199e+02
7.849538190064795344e+02,4.288873300000000199e+02
7.850918155339807072e+02,4.288873300000000199e+02
7.857917096103897165e+02,4.288873300000000199e+02
7.856474015533981401e+02,4.288873300000000199e+02
7.860661910151188749e+02,4.288873300000000199e+02
7.862029875728155730e+02,4.288873300000000199e+02
7.874784198260870198e+02,4.288873300000000199e+02
7.867585735922331196e+02,4.288873300000000199e+02
7.871785630237582154e+02,4.288873300000000199e+02
7.873141596116506662e+02,4.288873300000000199e+02
7.880212690909090725e+02,4.288873300000000199e+02
7.878697456310680991e+02,4.288873300000000199e+02
7.882909350323974422e+02,4.288873300000000199e+02
7.884253316504855320e+02,4.288873300000000199e+02
7.192626000000000204e+02,4.278200699999999870e+02
7.889809176699029649e+02,4.288873300000000199e+02
7.894033070410367827e+02,4.288873300000000199e+02
7.895365036893205115e+02,4.288873300000000199e+02
7.902508285714286558e+02,4.288873300000000199e+02
7.900920897087380581e+02,4.288873300000000199e+02
7.905156790496760095e+02,4.288873300000000199e+02
7.906476757281554910e+02,4.288873300000000199e+02
7.919569262608696363e+02,4.288873300000000199e+02
7.912032617475729239e+02,4.288873300000000199e+02
7.916280510583153500e+02,4.288873300000000199e+02
7.917588477669903568e+02,4.288873300000000199e+02
7.924803880519481254e+02,4.288873300000000199e+02
7.923144337864079034e+02,4.288873300000000199e+02
7.927404230669546905e+02,4.288873300000000199e+02
7.928700198058253363e+02,4.288873300000000199e+02
7.346495400000000018e+02,4.117995599999999854e+02
7.934256058252428829e+02,4.796680999999999813e+02
7.938527950755940310e+02,4.796680999999999813e+02
7.939811918446603158e+02,4.796680999999999813e+02
7.947099475324675950e+02,4.796680999999999813e+02
7.945367778640777487e+02,4.796680999999999813e+02
7.949651670842333715e+02,4.796680999999999813e+02
7.950923638834951817e+02,4.796680999999999813e+02
7.964354326956522527e+02,4.796680999999999813e+02
7.956479499029127282e+02,4.796680999999999813e+02
7.960775390928725983e+02,4.796680999999999813e+02
7.962035359223302748e+02,4.796680999999999813e+02
7.969395070129870646e+02,4.796680999999999813e+02
7.967591219417477078e+02,4.796680999999999813e+02
7.971899111015119388e+02,4.796680999999999813e+02
7.973147079611651407e+02,4.796680999999999813e+02
7.455552000000000135e+02,4.024962199999999939e+02
7.978702939805825736e+02,4.796680999999999813e+02
7.983022831101511656e+02,4.796680999999999813e+02
7.984258800000001202e+02,4.796680999999999813e+02
7.991690664935065342e+02,4.796680999999999813e+02
7.989814660194176668e+02,4.796680999999999813e+02
7.994146551187905061e+02,4.796680999999999813e+02
7.995370520388350997e+02,4.796680999999999813e+02
8.009139391304348692e+02,4.796680999999999813e+02
8.000926380582525326e+02,4.796680999999999813e+02
8.005270271274298466e+02,4.796680999999999813e+02
8.006482240776699655e+02,4.796680999999999813e+02
8.013986259740260039e+02,4.796680999999999813e+02
8.012038100970875121e+02,4.796680999999999813e+02
8.016393991360691871e+02,4.796680999999999813e+02
8.017593961165050587e+02,4.796680999999999813e+02
7.541625999999999976e+02,3.988143299999999840e+02
8.023149821359224916e+02,4.796680999999999813e+02
8.027517711447085276e+02,4.796680999999999813e+02
8.028705681553399245e+02,4.796680999999999813e+02
8.036281854545454735e+02,4.796680999999999813e+02
8.034261541747573574e+02,4.796680999999999813e+02
8.038641431533478681e+02,4.796680999999999813e+02
8.039817401941749040e+02,4.796680999999999813e+02
8.053924455652174856e+02,4.796680999999999813e+02
8.045373262135923369e+02,4.796680999999999813e+02
8.049765151619870949e+02,4.796680999999999813e+02
8.050929122330098835e+02,4.796680999999999813e+02
8.058577449350650568e+02,4.796680999999999813e+02
8.056484982524273164e+02,4.796680999999999813e+02
8.060888871706263217e+02,4.796680999999999813e+02
8.062040842718447493e+02,4.796680999999999813e+02
7.602270499999999629e+02,4.055825199999999882e+02
8.067596702912621822e+02,4.796680999999999813e+02
8.072012591792656622e+02,4.796680999999999813e+02
8.073152563106797288e+02,4.796680999999999813e+02
8.080873044155844127e+02,4.796680999999999813e+02
8.078708423300972754e+02,4.796680999999999813e+02
8.083136311879050027e+02,4.796680999999999813e+02
8.084264283495147083e+02,4.796680999999999813e+02
8.098709519999999884e+02,4.796680999999999813e+02
8.089820143689321412e+02,4.796680999999999813e+02
8.094260031965443432e+02,4.796680999999999813e+02
8.095376003883495741e+02,4.796680999999999813e+02
8.103168638961039960e+02,4.796680999999999813e+02
8.100931864077671207e+02,4.796680999999999813e+02
8.105383752051836836e+02,4.796680999999999813e+02
8.106487724271846673e+02,4.796680999999999813e+02
7.652287599999999657e+02,4.288873300000000199e+02
8.112043584466021002e+02,4.796680999999999813e+02
8.116507472138230241e+02,4.796680999999999813e+02
8.117599444660195331e+02,4.796680999999999813e+02
8.125464233766233519e+02,4.796680999999999813e+02
8.123155304854369660e+02,4.796680999999999813e+02
8.127631192224622509e+02,4.796680999999999813e+02
8.128711165048545126e+02,4.796680999999999813e+02
8.143494584347827185e+02,4.796680999999999813e+02
8.134267025242719455e+02,4.796680999999999813e+02
8.138754912311015914e+02,4.796680999999999813e+02
8.139822885436894921e+02,4.796680999999999813e+02
8.147759828571429352e+02,4.796680999999999813e+02
8.145378745631069251e+02,4.796680999999999813e+02
8.149878632397408182e+02,4.796680999999999813e+02
8.150934605825243580e+02,4.796680999999999813e+02
7.605614600000000110e+02,4.608708500000000186e+02
8.156490466019417909e+02,4.796680999999999813e+02
8.161002352483801587e+02,4.796680999999999813e+02
8.162046326213593375e+02,4.796680999999999813e+02
8.170055423376624049e+02,4.796680999999999813e+02
8.167602186407768841e+02,4.796680999999999813e+02
8.172126072570194992e+02,4.796680999999999813e+02
8.173158046601943170e+02,4.796680999999999813e+02
8.188279648695652213e+02,4.796680999999999813e+02
8.178713906796117499e+02,4.796680999999999813e+02
8.183249792656588397e+02,4.796680999999999813e+02
8.184269766990291828e+02,4.796680999999999813e+02
8.192351018181818745e+02,4.796680999999999813e+02
8.189825627184467294e+02,4.796680999999999813e+02
8.194373512742981802e+02,4.796680999999999813e+02
8.195381487378642760e+02,4.796680999999999813e+02
7.512616000000000440e+02,4.857199699999999893e+02
8.200937347572817089e+02,4.796680999999999813e+02
8.205497232829374070e+02,4.796680999999999813e+02
8.206493207766991418e+02,4.796680999999999813e+02
8.214646612987013441e+02,4.796680999999999813e+02
8.212049067961165747e+02,4.796680999999999813e+02
8.216620952915767475e+02,4.796680999999999813e+02
8.217604928155341213e+02,4.796680999999999813e+02
8.233064713043479514e+02,4.796680999999999813e+02
8.223160788349515542e+02,4.796680999999999813e+02
8.227744673002159743e+02,4.796680999999999813e+02
8.228716648543691008e+02,4.796680999999999813e+02
8.236942207792208137e+02,4.796680999999999813e+02
8.234272508737865337e+02,4.796680999999999813e+02
8.238868393088553148e+02,4.796680999999999813e+02
8.239828368932039666e+02,4.796680999999999813e+02
7.434523299999999608e+02,4.962504999999999882e+02
8.245384229126213995e+02,4.796680999999999813e+02
8.249992113174946553e+02,4.796680999999999813e+02
8.250940089320389461e+02,4.796680999999999813e+02
8.259237802597403970e+02,4.796680999999999813e+02
8.256495949514564927e+02,4.796680999999999813e+02
8.261115833261339958e+02,4.796680999999999813e+02
8.262051809708739256e+02,4.796680999999999813e+02
8.277849777391304542e+02,4.796680999999999813e+02
8.267607669902913585e+02,4.796680999999999813e+02
8.272239553347733363e+02,4.796680999999999813e+02
8.273163530097087914e+02,4.796680999999999813e+02
8.281533397402597529e+02,4.796680999999999813e+02
8.278719390291263380e+02,4.796680999999999813e+02
8.283363273434125631e+02,4.796680999999999813e+02
8.284275250485438846e+02,4.796680999999999813e+02
7.335670999999999822e+02,5.073814699999999789e+02
8.289831110679613175e+02,5.303127399999999625e+02
8.294486993520519036e+02,5.303127399999999625e+02
8.295386970873787504e+02,5.303127399999999625e+02
8.303828992207793362e+02,5.303127399999999625e+02
8.300942831067961833e+02,5.303127399999999625e+02
8.305610713606911304e+02,5.303127399999999625e+02
8.306498691262137299e+02,5.303127399999999625e+02
8.322634841739131843e+02,5.303127399999999625e+02
8.312054551456312765e+02,5.303127399999999625e+02
8.316734433693304709e+02,5.303127399999999625e+02
8.317610411650487094e+02,5.303127399999999625e+02
8.326124587012986922e+02,5.303127399999999625e+02
8.323166271844661424e+02,5.303127399999999625e+02
8.327858153779698114e+02,5.303127399999999625e+02
8.328722132038835753e+02,5.303127399999999625e+02
7.247240600000000086e+02,5.098772000000000162e+02
8.334277992233011219e+02,5.303127399999999625e+02
8.338981873866091519e+02,5.303127399999999625e+02
8.339833852427185548e+02,5.303127399999999625e+02
8.348420181818182755e+02,5.303127399999999625e+02
8.345389712621361014e+02,5.303127399999999625e+02
8.350105593952484924e+02,5.303127399999999625e+02
8.350945572815535343e+02,5.303127399999999625e+02
8.367419906086956871e+02,5.303127399999999625e+02
8.356501433009709672e+02,5.303127399999999625e+02
8.361229314038877192e+02,5.303127399999999625e+02
8.362057293203884001e+02,5.303127399999999625e+02
8.370715776623376314e+02,5.303127399999999625e+02
8.367613153398059467e+02,5.303127399999999625e+02
8.372353034125270597e+02,5.303127399999999625e+02
8.373169013592234933e+02,5.303127399999999625e+02
7.188316700000000310e+02,5.079171000000000049e+02
8.378724873786409262e+02,4.521807999999999765e+02
8.383476754211662865e+02,4.521807999999999765e+02
8.384280733980583591e+02,4.521807999999999765e+02
8.393011371428572147e+02,4.521807999999999765e+02
8.389836594174757920e+02,4.521807999999999765e+02
8.394600474298056270e+02,4.521807999999999765e+02
8.395392454368933386e+02,4.521807999999999765e+02
8.412204970434784173e+02,4.521807999999999765e+02
8.400948314563108852e+02,4.521807999999999765e+02
8.405724194384449675e+02,4.521807999999999765e+02
8.406504174757283181e+02,4.521807999999999765e+02
8.415306966233766843e+02,4.521807999999999765e+02
8.412060034951457510e+02,4.521807999999999765e+02
8.416847914470843079e+02,4.521807999999999765e+02
8.417615895145631839e+02,4.521807999999999765e+02
7.188316700000000310e+02,5.079171000000000049e+02
8.423171755339807305e+02,4.521807999999999765e+02
8.427971634557236484e+02,4.521807999999999765e+02
8.428727615533981634e+02,4.521807999999999765e+02
8.437602561038961539e+02,4.521807999999999765e+02
8.434283475728157100e+02,4.521807999999999765e+02
8.439095354643629889e+02,4.521807999999999765e+02
8.439839335922331429e+02,4.521807999999999765e+02
8.456990034782609200e+02,4.521807999999999765e+02
8.445395196116505758e+02,4.521807999999999765e+02
8.450219074730022157e+02,4.521807999999999765e+02
8.450951056310680087e+02,4.521807999999999765e+02
8.459898155844156236e+02,4.521807999999999765e+02
8.456506916504855553e+02,4.521807999999999765e+02
8.461342794816414425e+02,4.521807999999999765e+02
8.462062776699031019e+02,4.521807999999999765e+02
8.227100000000000364e+02,4.796680999999999813e+02
8.467618636893205348e+02,5.231022000000000389e+02
8.472466514902807830e+02,5.231022000000000389e+02
8.473174497087379677e+02,5.231022000000000389e+02
8.482193750649350932e+02,5.231022000000000389e+02
8.478730357281554006e+02,5.231022000000000389e+02
8.483590234989201235e+02,5.231022000000000389e+02
8.484286217475729472e+02,5.231022000000000389e+02
8.501775099130435365e+02,5.231022000000000389e+02
8.489842077669904938e+02,5.231022000000000389e+02
8.494713955075594640e+02,5.231022000000000389e+02
8.495397937864079267e+02,5.231022000000000389e+02
8.504489345454546765e+02,5.231022000000000389e+02
8.500953798058253597e+02,5.231022000000000389e+02
8.505837675161988045e+02,5.231022000000000389e+02
8.506509658252427926e+02,5.231022000000000389e+02
8.227100000000000364e+02,4.796680999999999813e+02
8.512065518446603392e+02,5.231022000000000389e+02
8.516961395248381450e+02,5.231022000000000389e+02
8.517621378640778858e+02,5.231022000000000389e+02
8.526784940259740324e+02,5.231022000000000389e+02
8.523177238834953187e+02,5.231022000000000389e+02
8.528085115334773718e+02,5.231022000000000389e+02
8.528733099029127516e+02,5.231022000000000389e+02
8.546560163478261529e+02,5.231022000000000389e+02
8.534288959223301845e+02,5.231022000000000389e+02
8.539208835421167123e+02,5.231022000000000389e+02
8.539844819417477311e+02,5.231022000000000389e+02
8.549080535064936157e+02,5.231022000000000389e+02
8.545400679611651640e+02,5.231022000000000389e+02
8.550332555507559391e+02,5.231022000000000389e+02
8.550956539805827106e+02,5.231022000000000389e+02
8.227100000000000364e+02,4.796680999999999813e+02
8.556512400000001435e+02,5.231022000000000389e+02
8.561456275593952796e+02,5.231022000000000389e+02
8.562068260194175764e+02,5.231022000000000389e+02
8.571376129870129716e+02,5.231022000000000389e+02
8.567624120388350093e+02,5.231022000000000389e+02
8.572579995680346201e+02,5.231022000000000389e+02
8.573179980582525559e+02,5.231022000000000389e+02
8.591345227826087694e+02,5.231022000000000389e+02
8.578735840776701025e+02,5.231022000000000389e+02
8.583703715766739606e+02,5.231022000000000389e+02
8.584291700970875354e+02,5.231022000000000389e+02
8.593671724675325549e+02,5.231022000000000389e+02
8.589847561165049683e+02,5.231022000000000389e+02
8.594827435853133011e+02,5.231022000000000389e+02
8.595403421359224012e+02,5.231022000000000389e+02
8.227100000000000364e+02,4.796680999999999813e+02
8.600959281553399478e+02,4.338156700000000114e+02
8.605951155939525279e+02,4.338156700000000114e+02
8.606515141747574944e+02,4.338156700000000114e+02
8.615967319480520246e+02,4.338156700000000114e+02
8.612071001941749273e+02,4.338156700000000114e+02
8.617074876025918684e+02,4.338156700000000114e+02
8.617626862135923602e+02,4.338156700000000114e+02
8.636130292173913858e+02,4.338156700000000114e+02
8.623182722330097931e+02,4.338156700000000114e+02
8.628198596112310952e+02,4.338156700000000114e+02
8.628738582524273397e+02,4.338156700000000114e+02
8.638262914285714942e+02,4.338156700000000114e+02
8.634294442718447726e+02,4.338156700000000114e+02
8.639322316198704357e+02,4.338156700000000114e+02
8.639850302912623192e+02,4.338156700000000114e+02
8.449234000000000151e+02,4.521807999999999765e+02
8.645406163106797521e+02,4.338156700000000114e+02
8.650446036285097762e+02,4.338156700000000114e+02
8.650962023300971850e+02,4.338156700000000114e+02
8.660558509090909638e+02,4.338156700000000114e+02
8.656517883495146179e+02,4.338156700000000114e+02
8.661569756371491167e+02,4.338156700000000114e+02
8.662073743689321645e+02,4.338156700000000114e+02
8.680915356521740023e+02,4.338156700000000114e+02
8.667629603883497111e+02,4.338156700000000114e+02
8.672693476457884572e+02,4.338156700000000114e+02
8.673185464077671440e+02,4.338156700000000114e+02
8.682854103896104334e+02,4.338156700000000114e+02
8.678741324271845770e+02,4.338156700000000114e+02
8.683817196544276840e+02,4.338156700000000114e+02
8.684297184466020099e+02,4.338156700000000114e+02
8.709253499999999804e+02,4.338156700000000114e+02
8.689853044660195565e+02,4.338156700000000114e+02
8.694940916630670245e+02,4.338156700000000114e+02
8.695408904854371031e+02,4.338156700000000114e+02
8.705149698701299030e+02,4.338156700000000114e+02
8.700964765048545360e+02,4.338156700000000114e+02
8.706064636717062513e+02,4.338156700000000114e+02
8.706520625242719689e+02,4.338156700000000114e+02
8.725700420869566187e+02,5.036234000000000037e+02
8.712076485436894018e+02,4.338156700000000114e+02
8.717188356803455918e+02,4.338156700000000114e+02
8.717632345631069484e+02,4.338156700000000114e+02
8.727445293506493726e+02,5.036234000000000037e+02
8.723188205825244950e+02,5.036234000000000037e+02
8.728312076889849322e+02,5.036234000000000037e+02
8.728744066019419279e+02,5.036234000000000037e+02
8.876700399999999718e+02,4.212636699999999905e+02
8.734299926213593608e+02,5.036234000000000037e+02
8.739435796976242727e+02,5.036234000000000037e+02
8.739855786407767937e+02,5.036234000000000037e+02
8.749740888311689559e+02,5.036234000000000037e+02
8.745411646601943403e+02,5.036234000000000037e+02
8.750559517062636132e+02,5.036234000000000037e+02
8.750967506796117732e+02,5.036234000000000037e+02
8.770485485217392352e+02,5.036234000000000037e+02
8.756523366990293198e+02,5.036234000000000037e+02
8.761683237149028400e+02,5.036234000000000037e+02
8.762079227184467527e+02,5.036234000000000037e+02
8.772036483116883119e+02,5.036234000000000037e+02
8.767635087378641856e+02,5.036234000000000037e+02
8.772806957235421805e+02,5.036234000000000037e+02
8.773190947572816185e+02,5.036234000000000037e+02
8.991566000000000258e+02,4.127565999999999917e+02
8.778746807766991651e+02,4.212636699999999905e+02
8.783930677321814073e+02,4.212636699999999905e+02
8.784302667961167117e+02,4.212636699999999905e+02
8.794332077922078952e+02,4.212636699999999905e+02
8.789858528155341446e+02,4.212636699999999905e+02
8.795054397408207478e+02,4.212636699999999905e+02
8.795414388349515775e+02,4.212636699999999905e+02
8.815270549565218516e+02,4.212636699999999905e+02
8.800970248543690104e+02,4.212636699999999905e+02
8.806178117494600883e+02,4.212636699999999905e+02
8.806526108737865570e+02,4.212636699999999905e+02
8.816627672727272511e+02,4.212636699999999905e+02
8.812081968932041036e+02,4.212636699999999905e+02
8.817301837580994288e+02,4.212636699999999905e+02
8.817637829126215365e+02,4.212636699999999905e+02
9.079425999999999704e+02,4.140731200000000172e+02
8.823193689320389694e+02,4.212636699999999905e+02
8.828425557667387693e+02,4.212636699999999905e+02
8.828749549514564023e+02,4.212636699999999905e+02
8.838923267532468344e+02,4.212636699999999905e+02
8.834305409708739489e+02,4.212636699999999905e+02
8.839549277753781098e+02,4.212636699999999905e+02
8.839861269902913818e+02,4.212636699999999905e+02
8.860055613913043544e+02,4.212636699999999905e+02
8.845417130097089284e+02,4.212636699999999905e+02
8.850672997840173366e+02,4.212636699999999905e+02
8.850972990291263613e+02,4.212636699999999905e+02
8.861218862337663040e+02,4.212636699999999905e+02
8.856528850485437943e+02,4.212636699999999905e+02
8.861796717926565634e+02,4.212636699999999905e+02
8.862084710679612272e+02,4.212636699999999905e+02
9.128766000000000531e+02,4.216590600000000109e+02
8.867640570873787738e+02,4.212636699999999905e+02
8.872920438012959039e+02,4.212636699999999905e+02
8.873196431067963204e+02,4.212636699999999905e+02
8.883514457142857736e+02,4.212636699999999905e+02
8.878752291262137533e+02,4.212636699999999905e+02
8.884044158099352444e+02,4.212636699999999905e+02
8.884308151456311862e+02,4.212636699999999905e+02
8.904840678260870845e+02,4.212636699999999905e+02
8.889864011650486191e+02,4.212636699999999905e+02
8.895167878185745849e+02,4.212636699999999905e+02
8.895419871844661657e+02,4.212636699999999905e+02
8.905810051948052433e+02,4.212636699999999905e+02
8.900975732038837123e+02,4.212636699999999905e+02
8.906291598272139254e+02,4.212636699999999905e+02
8.906531592233011452e+02,4.212636699999999905e+02
9.107762999999999920e+02,4.466397699999999986e+02
8.912087452427185781e+02,4.767586699999999951e+02
8.917415318358532659e+02,4.767586699999999951e+02
8.917643312621360110e+02,4.767586699999999951e+02
8.928105646753247129e+02,4.767586699999999951e+02
8.923199172815535576e+02,4.767586699999999951e+02
8.928539038444924927e+02,4.767586699999999951e+02
8.928755033009709905e+02,4.767586699999999951e+02
8.949625742608695873e+02,4.767586699999999951e+02
8.934310893203885371e+02,4.767586699999999951e+02
8.939662758531318332e+02,4.767586699999999951e+02
8.939866753398059700e+02,4.767586699999999951e+02
8.950401241558442962e+02,4.767586699999999951e+02
8.945422613592234029e+02,4.767586699999999951e+02
8.950786478617710600e+02,4.767586699999999951e+02
8.950978473786408358e+02,4.767586699999999951e+02
8.989053999999999860e+02,4.767586699999999951e+02
8.956534333980583824e+02,4.767586699999999951e+02
8.961910198704104005e+02,4.767586699999999951e+02
8.962090194174759290e+02,4.767586699999999951e+02
8.972696836363636521e+02,4.767586699999999951e+02
8.967646054368933619e+02,4.767586699999999951e+02
8.973033918790497410e+02,4.767586699999999951e+02
8.973201914563107948e+02,4.767586699999999951e+02
8.994410806956523174e+02,4.127565999999999917e+02
8.978757774757282277e+02,4.767586699999999951e+02
8.984157638876890815e+02,4.767586699999999951e+02
8.984313634951457743e+02,4.767586699999999951e+02
8.994992431168832354e+02,4.127565999999999917e+02
8.989869495145633209e+02,4.767586699999999951e+02
8.995281358963284219e+02,4.127565999999999917e+02
8.995425355339807538e+02,4.127565999999999917e+02
8.733967000000000098e+02,5.036234000000000037e+02
9.000981215533981867e+02,4.140731200000000172e+02
9.006405079049676488e+02,4.140731200000000172e+02
9.006537075728156196e+02,4.140731200000000172e+02
9.017288025974025913e+02,4.140731200000000172e+02
9.012092935922331662e+02,4.140731200000000172e+02
9.017528799136069892e+02,4.140731200000000172e+02
9.017648796116507128e+02,4.140731200000000172e+02
9.039195871304348202e+02,4.140731200000000172e+02
9.023204656310681457e+02,4.140731200000000172e+02
9.028652519222462161e+02,4.140731200000000172e+02
9.028760516504855786e+02,4.140731200000000172e+02
9.039583620779221746e+02,4.140731200000000172e+02
9.034316376699030116e+02,4.140731200000000172e+02
9.039776239308855565e+02,4.140731200000000172e+02
9.039872236893205582e+02,4.140731200000000172e+02
8.509773599999999760e+02,5.231022000000000389e+02
9.045428097087379911e+02,4.140731200000000172e+02
9.050899959395248970e+02,4.140731200000000172e+02
9.050983957281555377e+02,4.140731200000000172e+02
9.061879215584416443e+02,4.140731200000000172e+02
9.056539817475729706e+02,4.140731200000000172e+02
9.062023679481642375e+02,4.140731200000000172e+02
9.062095677669904035e+02,4.140731200000000172e+02
9.083980935652175503e+02,4.140731200000000172e+02
9.067651537864078364e+02,4.140731200000000172e+02
9.073147399568035780e+02,4.140731200000000172e+02
9.073207398058253830e+02,4.140731200000000172e+02
9.084174810389611139e+02,4.140731200000000172e+02
9.078763258252429296e+02,4.140731200000000172e+02
9.084271119654428048e+02,4.140731200000000172e+02
9.084319118446603625e+02,4.140731200000000172e+02
8.337065000000000055e+02,5.303127399999999625e+02
9.089874978640777954e+02,4.466397699999999986e+02
9.095394839740821453e+02,4.466397699999999986e+02
9.095430838834952283e+02,4.466397699999999986e+02
9.106470405194804698e+02,4.466397699999999986e+02
9.100986699029126612e+02,4.466397699999999986e+02
9.106518559827213721e+02,4.466397699999999986e+02
9.106542559223303215e+02,4.466397699999999986e+02
9.128766000000000531e+02,4.216590600000000109e+02
9.112098419417477544e+02,4.466397699999999986e+02
9.117642279913607126e+02,4.466397699999999986e+02
9.117654279611651873e+02,4.466397699999999986e+02
9.128766000000000531e+02,4.216590600000000109e+02
9.123210139805826202e+02,4.216590600000000109e+02
9.128766000000000531e+02,4.216590600000000109e+02
9.128766000000000531e+02,4.216590600000000109e+02
8.337065000000000055e+02,5.303127399999999625e+02
