1.934148900000000140e+02,6.298251999999999953e+02
1.934148900000000140e+02,6.298251999999999953e+02
1.936022738265936880e+02,6.298251999999999953e+02
1.934148900000000140e+02,6.298251999999999953e+02
1.937896576531873620e+02,6.308465599999999540e+02
1.937897238431649782e+02,6.308465599999999540e+02
1.939770414797810361e+02,6.308465599999999540e+02
1.934148900000000140e+02,6.298251999999999953e+02
1.941644253063747385e+02,6.308465599999999540e+02
1.941645576863299425e+02,6.308465599999999540e+02
1.943518091329684125e+02,6.308465599999999540e+02
1.941648225865724555e+02,6.308465599999999540e+02
1.945391929595620866e+02,6.308465599999999540e+02
1.945393915294948783e+02,6.308465599999999540e+02
1.947265767861557606e+02,6.308465599999999540e+02
1.934148900000000140e+02,6.298251999999999953e+02
1.949139606127494346e+02,6.308465599999999540e+02
1.949142253726598426e+02,6.308465599999999540e+02
1.951013444393431087e+02,6.308465599999999540e+02
1.949147551731448971e+02,6.308465599999999540e+02
1.952887282659367827e+02,6.308465599999999540e+02
1.952890592158248069e+02,6.308465599999999540e+02
1.954761120925304851e+02,6.308465599999999540e+02
1.949158158981612701e+02,6.308465599999999540e+02
1.956634959191241592e+02,6.308465599999999540e+02
1.956638930589897711e+02,6.308465599999999540e+02
1.958508797457178332e+02,6.308465599999999540e+02
1.956646877597173386e+02,6.308465599999999540e+02
1.960382635723115072e+02,6.308465599999999540e+02
1.960387269021547354e+02,6.308465599999999540e+02
1.962256473989051813e+02,6.308465599999999540e+02
1.934148900000000140e+02,6.298251999999999953e+02
1.964130312254988553e+02,6.326857999999999720e+02
1.964135607453196997e+02,6.326857999999999720e+02
1.966004150520925577e+02,6.326857999999999720e+02
1.964146203462897802e+02,6.326857999999999720e+02
1.967877988786862318e+02,6.326857999999999720e+02
1.967883945884846355e+02,6.326857999999999720e+02
1.969751827052799058e+02,6.326857999999999720e+02
1.964167417963224977e+02,6.326857999999999720e+02
1.971625665318735798e+02,6.326857999999999720e+02
1.971632284316495998e+02,6.326857999999999720e+02
1.973499503584672539e+02,6.326857999999999720e+02
1.971645529328621933e+02,6.326857999999999720e+02
1.975373341850609279e+02,6.326857999999999720e+02
1.975380622748145640e+02,6.326857999999999720e+02
1.977247180116546019e+02,6.326857999999999720e+02
1.964209937110481690e+02,6.326857999999999720e+02
1.979121018382483044e+02,6.326857999999999720e+02
1.979128961179795283e+02,6.326857999999999720e+02
1.980994856648419784e+02,6.326857999999999720e+02
1.979144855194346349e+02,6.326857999999999720e+02
1.982868694914356524e+02,6.326857999999999720e+02
1.982877299611444926e+02,6.326857999999999720e+02
1.984742533180293265e+02,6.326857999999999720e+02
1.979176676944837538e+02,6.326857999999999720e+02
1.986616371446230005e+02,6.326857999999999720e+02
1.986625638043094568e+02,6.326857999999999720e+02
1.988490209712166745e+02,6.326857999999999720e+02
1.986644181060070764e+02,6.326857999999999720e+02
1.990364047978103486e+02,6.326857999999999720e+02
1.990373976474743927e+02,6.326857999999999720e+02
1.992237886244040510e+02,6.326857999999999720e+02
2.044113199999999892e+02,3.224030799999999886e+02
1.994111724509977250e+02,6.326857999999999720e+02
1.994122314906393569e+02,6.326857999999999720e+02
1.995985562775913991e+02,6.326857999999999720e+02
1.994143506925795180e+02,6.326857999999999720e+02
1.997859401041850731e+02,6.326857999999999720e+02
1.997870653338043212e+02,6.326857999999999720e+02
1.999733239307787471e+02,6.326857999999999720e+02
1.994185935926449815e+02,6.326857999999999720e+02
2.001607077573724212e+02,6.326857999999999720e+02
2.001618991769692855e+02,6.326857999999999720e+02
2.003480915839661236e+02,6.326857999999999720e+02
2.001642832791519595e+02,6.326857999999999720e+02
2.005354754105597976e+02,6.326857999999999720e+02
2.005367330201342497e+02,6.326857999999999720e+02
2.007228592371534717e+02,6.326857999999999720e+02
1.994270974220963240e+02,6.326857999999999720e+02
2.009102430637471457e+02,4.573827999999999747e+02
2.009115668632992140e+02,4.573827999999999747e+02
2.010976268903408197e+02,4.573827999999999747e+02
2.009142158657244011e+02,4.573827999999999747e+02
2.012850107169344938e+02,4.573827999999999747e+02
2.012864007064641498e+02,4.573827999999999747e+02
2.014723945435281678e+02,4.573827999999999747e+02
2.009195194908062376e+02,4.573827999999999747e+02
2.016597783701218702e+02,4.573827999999999747e+02
2.016612345496291141e+02,4.573827999999999747e+02
2.018471621967155443e+02,4.573827999999999747e+02
2.016641484522968426e+02,4.573827999999999747e+02
2.020345460233092183e+02,4.573827999999999747e+02
2.020360683927940784e+02,4.573827999999999747e+02
2.022219298499028923e+02,4.573827999999999747e+02
1.994441775568182038e+02,6.326857999999999720e+02
2.024093136764965664e+02,4.573827999999999747e+02
2.024109022359590426e+02,4.573827999999999747e+02
2.025966975030902404e+02,4.573827999999999747e+02
2.024140810388692842e+02,4.573827999999999747e+02
2.027840813296839428e+02,4.995743400000000065e+02
2.027857360791240069e+02,4.995743400000000065e+02
2.029714651562776169e+02,4.995743400000000065e+02
2.024204453889674937e+02,4.573827999999999747e+02
2.031588489828712909e+02,4.995743400000000065e+02
2.031605699222889712e+02,4.995743400000000065e+02
2.033462328094649649e+02,4.995743400000000065e+02
2.031640136254417257e+02,4.995743400000000065e+02
2.035336166360586390e+02,4.995743400000000065e+02
2.035354037654539070e+02,4.995743400000000065e+02
2.037210004626523130e+02,4.995743400000000065e+02
2.024332011331444789e+02,4.573827999999999747e+02
2.039083842892459870e+02,3.224030799999999886e+02
2.039102376086188713e+02,3.224030799999999886e+02
2.040957681158396895e+02,3.224030799999999886e+02
2.039139462120141388e+02,3.224030799999999886e+02
2.042831519424333635e+02,3.224030799999999886e+02
2.042850714517838355e+02,3.224030799999999886e+02
2.044705357690270375e+02,3.224030799999999886e+02
2.039213712871287214e+02,3.224030799999999886e+02
2.046579195956207116e+02,3.224030799999999886e+02
2.046599052949487998e+02,3.224030799999999886e+02
2.048453034222143856e+02,3.224030799999999886e+02
2.046638787985865804e+02,3.224030799999999886e+02
2.050326872488080596e+02,3.312248500000000035e+02
2.050347391381137641e+02,3.312248500000000035e+02
2.052200710754017337e+02,3.312248500000000035e+02
2.044113199999999892e+02,3.224030799999999886e+02
2.054074549019954361e+02,3.312248500000000035e+02
2.054095729812786999e+02,3.312248500000000035e+02
2.055948387285891101e+02,3.312248500000000035e+02
2.054138113851590219e+02,3.312248500000000035e+02
2.057822225551827842e+02,3.312248500000000035e+02
2.057844068244436642e+02,3.312248500000000035e+02
2.059696063817764582e+02,3.312248500000000035e+02
2.054222971852899775e+02,3.312248500000000035e+02
2.061569902083701322e+02,3.312248500000000035e+02
2.061592406676086284e+02,3.312248500000000035e+02
2.063443740349638063e+02,3.312248500000000035e+02
2.061637439717314635e+02,3.312248500000000035e+02
2.065317578615574803e+02,3.312248500000000035e+02
2.065340745107735927e+02,3.312248500000000035e+02
2.067191416881511827e+02,3.312248500000000035e+02
2.054393048441926624e+02,3.312248500000000035e+02
2.069065255147448568e+02,4.072395000000000209e+02
2.069089083539385570e+02,4.072395000000000209e+02
2.070939093413385308e+02,4.072395000000000209e+02
2.069136765583039050e+02,4.072395000000000209e+02
2.072812931679322048e+02,3.681788300000000049e+02
2.072837421971035212e+02,3.681788300000000049e+02
2.074686769945258789e+02,4.527750199999999836e+02
2.069232230834512052e+02,4.072395000000000209e+02
2.076560608211195529e+02,4.263009000000000128e+02
2.076585760402684855e+02,4.263009000000000128e+02
2.078434446477132269e+02,3.949868200000000229e+02
2.076636091448763466e+02,4.263009000000000128e+02
2.080308284743069294e+02,3.949868200000000229e+02
2.080334098834334213e+02,3.949868200000000229e+02
2.082182123009006034e+02,3.949868200000000229e+02
2.054734651136363652e+02,3.312248500000000035e+02
2.084055961274942774e+02,4.827928499999999872e+02
2.084082437265983856e+02,4.827928499999999872e+02
2.085929799540879515e+02,4.827928499999999872e+02
2.084135417314487881e+02,4.827928499999999872e+02
2.087803637806816255e+02,5.426731999999999516e+02
2.087830775697633499e+02,5.426731999999999516e+02
2.089677476072752995e+02,5.426731999999999516e+02
2.084241489816124613e+02,4.827928499999999872e+02
2.091551314338690020e+02,5.426731999999999516e+02
2.091579114129283141e+02,5.426731999999999516e+02
2.093425152604626760e+02,5.426731999999999516e+02
2.091634743180212297e+02,5.426731999999999516e+02
2.095298990870563500e+02,5.426731999999999516e+02
2.095327452560932784e+02,5.426731999999999516e+02
2.097172829136500241e+02,5.426731999999999516e+02
2.084454085552408173e+02,4.827928499999999872e+02
2.099046667402436981e+02,5.426731999999999516e+02
2.099075790992582142e+02,5.426731999999999516e+02
2.100920505668373721e+02,5.426731999999999516e+02
2.099134069045936428e+02,5.426731999999999516e+02
2.102794343934310746e+02,5.426731999999999516e+02
2.102824129424231785e+02,5.426731999999999516e+02
2.104668182200247486e+02,5.426731999999999516e+02
2.099250748797737174e+02,5.426731999999999516e+02
2.106542020466184226e+02,5.069267600000000016e+02
2.106572467855881428e+02,5.069267600000000016e+02
2.108415858732120967e+02,5.069267600000000016e+02
2.106633394911660844e+02,5.069267600000000016e+02
2.110289696998057707e+02,5.069267600000000016e+02
2.110320806287531070e+02,5.069267600000000016e+02
2.112163535263994447e+02,5.069267600000000016e+02
2.044113199999999892e+02,3.224030799999999886e+02
2.114037373529931187e+02,6.345323499999999513e+02
2.114069144719180713e+02,6.345323499999999513e+02
2.115911211795868212e+02,6.345323499999999513e+02
2.114132720777385259e+02,6.345323499999999513e+02
2.117785050061804952e+02,6.345323499999999513e+02
2.117817483150830355e+02,6.345323499999999513e+02
2.119658888327741693e+02,6.345323499999999513e+02
2.114260007779349451e+02,6.345323499999999513e+02
2.121532726593678433e+02,6.345323499999999513e+02
2.121565821582479714e+02,6.345323499999999513e+02
2.123406564859615173e+02,6.345323499999999513e+02
2.121632046643109675e+02,6.345323499999999513e+02
2.125280403125551913e+02,6.345323499999999513e+02
2.125314160014129357e+02,6.345323499999999513e+02
2.127154241391488654e+02,6.345323499999999513e+02
2.114515122662889723e+02,6.345323499999999513e+02
2.129028079657425678e+02,6.345323499999999513e+02
2.129062498445778999e+02,6.345323499999999513e+02
2.130901917923362419e+02,6.345323499999999513e+02
2.129131372508834090e+02,6.345323499999999513e+02
2.132775756189299159e+02,6.345323499999999513e+02
2.132810836877428642e+02,6.345323499999999513e+02
2.134649594455235899e+02,6.345323499999999513e+02
2.129269266760962012e+02,6.345323499999999513e+02
2.136523432721172640e+02,6.345323499999999513e+02
2.136559175309078284e+02,6.345323499999999513e+02
2.138397270987109380e+02,6.345323499999999513e+02
2.136630698374558506e+02,6.345323499999999513e+02
2.140271109253046120e+02,6.345323499999999513e+02
2.140307513740727927e+02,6.345323499999999513e+02
2.142144947518983145e+02,6.345323499999999513e+02
2.115027526704545551e+02,6.345323499999999513e+02
2.144018785784919885e+02,5.327386500000000069e+02
2.144055852172377286e+02,5.327386500000000069e+02
2.145892624050856625e+02,5.327386500000000069e+02
2.144130024240282921e+02,5.327386500000000069e+02
2.147766462316793366e+02,5.327386500000000069e+02
2.147804190604026928e+02,5.327386500000000069e+02
2.149640300582730106e+02,5.327386500000000069e+02
2.144278525742574288e+02,5.327386500000000069e+02
2.151514138848666846e+02,5.327386500000000069e+02
2.151552529035676571e+02,5.327386500000000069e+02
2.153387977114603586e+02,5.327386500000000069e+02
2.151629350106007337e+02,5.327386500000000069e+02
2.155261815380540611e+02,5.327386500000000069e+02
2.155300867467326214e+02,5.327386500000000069e+02
2.157135653646477351e+02,5.327386500000000069e+02
2.144576159773371273e+02,5.327386500000000069e+02
2.159009491912414092e+02,5.855288000000000466e+02
2.159049205898975856e+02,5.855288000000000466e+02
2.160883330178350832e+02,5.855288000000000466e+02
2.159128675971731468e+02,5.855288000000000466e+02
2.162757168444287572e+02,5.855288000000000466e+02
2.162797544330625215e+02,5.855288000000000466e+02
2.164631006710224312e+02,5.855288000000000466e+02
2.159287784724186849e+02,5.855288000000000466e+02
2.166504844976161053e+02,5.855288000000000466e+02
2.166545882762274857e+02,5.855288000000000466e+02
2.168378683242098077e+02,5.855288000000000466e+02
2.166628001837455884e+02,5.855288000000000466e+02
2.170252521508034818e+02,5.855288000000000466e+02
2.170294221193924500e+02,5.855288000000000466e+02
2.172126359773971558e+02,5.855288000000000466e+02
2.050958300000000065e+02,3.312248500000000035e+02
2.174000198039908298e+02,5.551467000000000098e+02
2.174042559625574143e+02,5.551467000000000098e+02
2.175874036305845038e+02,5.551467000000000098e+02
2.174127327703180299e+02,5.551467000000000098e+02
2.177747874571781779e+02,5.551467000000000098e+02
2.177790898057223785e+02,5.551467000000000098e+02
2.179621712837718803e+02,5.551467000000000098e+02
2.174297043705799410e+02,5.551467000000000098e+02
2.181495551103655544e+02,3.557523199999999974e+02
2.181539236488873428e+02,3.557523199999999974e+02
2.183369389369592284e+02,3.557523199999999974e+02
2.181626653568904715e+02,3.557523199999999974e+02
2.185243227635529024e+02,3.557523199999999974e+02
2.185287574920523070e+02,3.557523199999999974e+02
2.187117065901465764e+02,3.557523199999999974e+02
2.174637196883852823e+02,5.551467000000000098e+02
2.188990904167402505e+02,3.557523199999999974e+02
2.189035913352172429e+02,3.557523199999999974e+02
2.190864742433339529e+02,3.557523199999999974e+02
2.189125979434629130e+02,3.557523199999999974e+02
2.192738580699276270e+02,3.557523199999999974e+02
2.192784251783822072e+02,3.557523199999999974e+02
2.194612418965213010e+02,3.557523199999999974e+02
2.189306302687411687e+02,3.557523199999999974e+02
2.196486257231149750e+02,3.557523199999999974e+02
2.196532590215471714e+02,3.557523199999999974e+02
2.198360095497086490e+02,3.557523199999999974e+02
2.196625305300353546e+02,3.557523199999999974e+02
2.200233933763023231e+02,3.557523199999999974e+02
2.200280928647121357e+02,3.557523199999999974e+02
2.202107772028959971e+02,3.557523199999999974e+02
2.175320402272727449e+02,5.551467000000000098e+02
2.203981610294896996e+02,6.081720000000000255e+02
2.204029267078770999e+02,6.081720000000000255e+02
2.205855448560833736e+02,6.081720000000000255e+02
2.204124631166077961e+02,6.081720000000000255e+02
2.207729286826770476e+02,6.081720000000000255e+02
2.207777605510420358e+02,6.081720000000000255e+02
2.209603125092707216e+02,6.081720000000000255e+02
2.204315561669024248e+02,6.081720000000000255e+02
2.211476963358643957e+02,6.081720000000000255e+02
2.211525943942070001e+02,6.081720000000000255e+02
2.213350801624580697e+02,6.081720000000000255e+02
2.211623957031802377e+02,6.081720000000000255e+02
2.215224639890517437e+02,6.081720000000000255e+02
2.215274282373719643e+02,6.081720000000000255e+02
2.217098478156454462e+02,6.081720000000000255e+02
2.204698233994334373e+02,6.081720000000000255e+02
2.218972316422391202e+02,5.809267599999999447e+02
2.219022620805369286e+02,5.809267599999999447e+02
2.220846154688327942e+02,5.809267599999999447e+02
2.219123282897526792e+02,5.809267599999999447e+02
2.222719992954264683e+02,5.809267599999999447e+02
2.222770959237018928e+02,5.809267599999999447e+02
2.224593831220201423e+02,5.809267599999999447e+02
2.219324820650636525e+02,5.809267599999999447e+02
2.226467669486138163e+02,6.102780999999999949e+02
2.226519297668668571e+02,6.102780999999999949e+02
2.228341507752074904e+02,6.102780999999999949e+02
2.226622608763250923e+02,6.102780999999999949e+02
2.230215346018011928e+02,6.102780999999999949e+02
2.230267636100317930e+02,6.102780999999999949e+02
2.232089184283948669e+02,6.102780999999999949e+02
2.073450300000000084e+02,3.681788300000000049e+02
2.233963022549885409e+02,5.971916499999999814e+02
2.234015974531967572e+02,5.971916499999999814e+02
2.235836860815822149e+02,5.971916499999999814e+02
2.234121934628975339e+02,5.971916499999999814e+02
2.237710699081758889e+02,6.099122300000000223e+02
2.237764312963617215e+02,6.099122300000000223e+02
2.239584537347695630e+02,6.099122300000000223e+02
2.234334079632249086e+02,5.971916499999999814e+02
2.241458375613632370e+02,6.099122300000000223e+02
2.241512651395266857e+02,6.099122300000000223e+02
2.243332213879569395e+02,6.099122300000000223e+02
2.241621260494699754e+02,6.099122300000000223e+02
2.245206052145506135e+02,6.099122300000000223e+02
2.245260989826916500e+02,6.099122300000000223e+02
2.247079890411442875e+02,6.099122300000000223e+02
2.234759271104815923e+02,5.971916499999999814e+02
2.248953728677379615e+02,6.099122300000000223e+02
2.249009328258566143e+02,6.099122300000000223e+02
2.250827566943316356e+02,6.099122300000000223e+02
2.249120586360424170e+02,6.099122300000000223e+02
2.252701405209253096e+02,6.099122300000000223e+02
2.252757666690215501e+02,6.099122300000000223e+02
2.254575243475189836e+02,6.099122300000000223e+02
2.249343338613861647e+02,6.099122300000000223e+02
2.256449081741126861e+02,6.099122300000000223e+02
2.256506005121865144e+02,6.099122300000000223e+02
2.258322920007063601e+02,6.099122300000000223e+02
2.256619912226148585e+02,6.099122300000000223e+02
2.260196758273000341e+02,6.099122300000000223e+02
2.260254343553514786e+02,6.099122300000000223e+02
2.262070596538937082e+02,6.099122300000000223e+02
2.235613277840909348e+02,5.971916499999999814e+02
2.263944434804873822e+02,6.099122300000000223e+02
2.264002681985164429e+02,6.099122300000000223e+02
2.265818273070810847e+02,6.099122300000000223e+02
2.264119238091873001e+02,6.099122300000000223e+02
2.267692111336747303e+02,6.099122300000000223e+02
2.267751020416814072e+02,6.099122300000000223e+02
2.269565949602684327e+02,6.099122300000000223e+02
2.264352597595473924e+02,6.099122300000000223e+02
2.271439787868621067e+02,6.099122300000000223e+02
2.271499358848463430e+02,6.099122300000000223e+02
2.273313626134557808e+02,6.099122300000000223e+02
2.271618563957597416e+02,6.099122300000000223e+02
2.275187464400494548e+02,6.099122300000000223e+02
2.275247697280113073e+02,6.099122300000000223e+02
2.277061302666431288e+02,6.099122300000000223e+02
2.264820308215297473e+02,6.099122300000000223e+02
2.278935140932368313e+02,6.099122300000000223e+02
2.278996035711762715e+02,6.099122300000000223e+02
2.280808979198305053e+02,6.099122300000000223e+02
2.279117889823321548e+02,6.099122300000000223e+02
2.282682817464241793e+02,6.099122300000000223e+02
2.282744374143412358e+02,6.099122300000000223e+02
2.284556655730178534e+02,6.099122300000000223e+02
2.279361856577086485e+02,6.099122300000000223e+02
2.286430493996115274e+02,6.099122300000000223e+02
2.286492712575062001e+02,6.099122300000000223e+02
2.288304332262052014e+02,6.099122300000000223e+02
2.286617215689046247e+02,6.099122300000000223e+02
2.290178170527988755e+02,6.099122300000000223e+02
2.290241051006711643e+02,6.099122300000000223e+02
2.292052008793925779e+02,6.099122300000000223e+02
2.079101900000000001e+02,3.949868200000000229e+02
2.293925847059862519e+02,3.122217999999999734e+02
2.293989389438361286e+02,3.122217999999999734e+02
2.295799685325799260e+02,3.122217999999999734e+02
2.294116541554770379e+02,3.122217999999999734e+02
2.297673523591736000e+02,3.122217999999999734e+02
2.297737727870010644e+02,3.122217999999999734e+02
2.299547361857672740e+02,3.122217999999999734e+02
2.294371115558698762e+02,3.122217999999999734e+02
2.301421200123609481e+02,3.122217999999999734e+02
2.301486066301660287e+02,3.122217999999999734e+02
2.303295038389546221e+02,3.122217999999999734e+02
2.301615867420494794e+02,3.122217999999999734e+02
2.305168876655483245e+02,3.122217999999999734e+02
2.305234404733309930e+02,3.122217999999999734e+02
2.307042714921419986e+02,3.122217999999999734e+02
2.294881345325779307e+02,3.122217999999999734e+02
2.308916553187356726e+02,3.122217999999999734e+02
2.308982743164959572e+02,3.122217999999999734e+02
2.310790391453293466e+02,3.122217999999999734e+02
2.309115193286219210e+02,3.122217999999999734e+02
2.312664229719230207e+02,3.122217999999999734e+02
2.312731081596609215e+02,3.122217999999999734e+02
2.314538067985166947e+02,3.122217999999999734e+02
2.309380374540311323e+02,3.122217999999999734e+02
2.316411906251103687e+02,3.122217999999999734e+02
2.316479420028258573e+02,3.122217999999999734e+02
2.318285744517040712e+02,3.122217999999999734e+02
2.316614519151943625e+02,3.122217999999999734e+02
2.320159582782977452e+02,3.122217999999999734e+02
2.320227758459908216e+02,3.122217999999999734e+02
2.322033421048914192e+02,3.122217999999999734e+02
2.295906153409090962e+02,3.122217999999999734e+02
2.323907259314850933e+02,3.122217999999999734e+02
2.323976096891557859e+02,3.122217999999999734e+02
2.325781097580787673e+02,3.122217999999999734e+02
2.324113845017668041e+02,3.122217999999999734e+02
2.327654935846724698e+02,3.122217999999999734e+02
2.327724435323207501e+02,3.122217999999999734e+02
2.329528774112661154e+02,3.122217999999999734e+02
2.324389633521923884e+02,3.122217999999999734e+02
2.331402612378598178e+02,3.122217999999999734e+02
2.331472773754857144e+02,3.122217999999999734e+02
2.333276450644534918e+02,3.122217999999999734e+02
2.331613170883392456e+02,3.122217999999999734e+02
2.335150288910471659e+02,3.122217999999999734e+02
2.335221112186506502e+02,3.122217999999999734e+02
2.337024127176408399e+02,3.122217999999999734e+02
2.324942382436260857e+02,3.122217999999999734e+02
2.338897965442345139e+02,3.122217999999999734e+02
2.338969450618156429e+02,3.122217999999999734e+02
2.340771803708282164e+02,3.122217999999999734e+02
2.339112496749116872e+02,3.122217999999999734e+02
2.342645641974218620e+02,3.122217999999999734e+02
2.342717789049805788e+02,3.122217999999999734e+02
2.344519480240155644e+02,3.122217999999999734e+02
2.339398892503536160e+02,3.122217999999999734e+02
2.346393318506092385e+02,3.122217999999999734e+02
2.346466127481455430e+02,3.122217999999999734e+02
2.348267156772029125e+02,3.122217999999999734e+02
2.346611822614841003e+02,3.122217999999999734e+02
2.350140995037965865e+02,3.122217999999999734e+02
2.350214465913105073e+02,3.122217999999999734e+02
2.352014833303902606e+02,3.122217999999999734e+02
2.076124299999999891e+02,4.263009000000000128e+02
2.353888671569839630e+02,6.357063000000000557e+02
2.353962804344754716e+02,6.357063000000000557e+02
2.355762509835776086e+02,6.357063000000000557e+02
2.354111148480565703e+02,6.357063000000000557e+02
2.357636348101713111e+02,6.357063000000000557e+02
2.357711142776404358e+02,6.357063000000000557e+02
2.359510186367649851e+02,6.357063000000000557e+02
2.354408151485148721e+02,6.357063000000000557e+02
2.361384024633586591e+02,6.357063000000000557e+02
2.361459481208053717e+02,6.357063000000000557e+02
2.363257862899523332e+02,6.357063000000000557e+02
2.361610474346289834e+02,6.357063000000000557e+02
2.365131701165460072e+02,6.357063000000000557e+02
2.365207819639703359e+02,6.357063000000000557e+02
2.367005539431397096e+02,6.357063000000000557e+02
2.355003419546742407e+02,6.357063000000000557e+02
2.368879377697333837e+02,6.357063000000000557e+02
2.368956158071353002e+02,6.357063000000000557e+02
2.370753215963270577e+02,6.357063000000000557e+02
2.369109800212014250e+02,6.357063000000000557e+02
2.372627054229207317e+02,6.357063000000000557e+02
2.372704496503002645e+02,6.357063000000000557e+02
2.374500892495144058e+02,6.357063000000000557e+02
2.369417410466760998e+02,6.357063000000000557e+02
2.376374730761080798e+02,6.357063000000000557e+02
2.376452834934652287e+02,6.357063000000000557e+02
2.378248569027017538e+02,6.357063000000000557e+02
2.376609126077738665e+02,6.357063000000000557e+02
2.380122407292954563e+02,6.357063000000000557e+02
2.380201173366301646e+02,6.357063000000000557e+02
2.381996245558891303e+02,6.357063000000000557e+02
2.356199028977272860e+02,6.357063000000000557e+02
2.383870083824828043e+02,6.357063000000000557e+02
2.383949511797951573e+02,6.357063000000000557e+02
2.385743922090764784e+02,6.357063000000000557e+02
2.384108451943463081e+02,6.357063000000000557e+02
2.387617760356701524e+02,6.357063000000000557e+02
2.387697850229600931e+02,6.357063000000000557e+02
2.389491598622638264e+02,6.357063000000000557e+02
2.384426669448373559e+02,6.357063000000000557e+02
2.391365436888575005e+02,6.357063000000000557e+02
2.391446188661250574e+02,6.357063000000000557e+02
2.393239275154512029e+02,6.357063000000000557e+02
2.391607777809187496e+02,6.357063000000000557e+02
2.395113113420448769e+02,6.357063000000000557e+02
2.395194527092900216e+02,6.357063000000000557e+02
2.396986951686385510e+02,6.357063000000000557e+02
2.385064456657223957e+02,6.357063000000000557e+02
2.398860789952322250e+02,6.357063000000000557e+02
2.398942865524549859e+02,6.357063000000000557e+02
2.400734628218258990e+02,6.357063000000000557e+02
2.399107103674911912e+02,6.357063000000000557e+02
2.402608466484195731e+02,6.357063000000000557e+02
2.402691203956199502e+02,6.357063000000000557e+02
2.404482304750132471e+02,6.357063000000000557e+02
2.399435928429986120e+02,6.357063000000000557e+02
2.406356143016069495e+02,6.357063000000000557e+02
2.406439542387848860e+02,6.357063000000000557e+02
2.408229981282006236e+02,6.357063000000000557e+02
2.406606429540636327e+02,6.357063000000000557e+02
2.410103819547942976e+02,6.357063000000000557e+02
2.410187880819498503e+02,6.357063000000000557e+02
2.411977657813879716e+02,6.357063000000000557e+02
2.074103399999999908e+02,4.527750199999999836e+02
2.413851496079816457e+02,6.357063000000000557e+02
2.413936219251148145e+02,6.357063000000000557e+02
2.415725334345753481e+02,6.357063000000000557e+02
2.414105755406360458e+02,6.357063000000000557e+02
2.417599172611689937e+02,6.357063000000000557e+02
2.417684557682797788e+02,6.357063000000000557e+02
2.419473010877626962e+02,6.357063000000000557e+02
2.414445187411598397e+02,6.357063000000000557e+02
2.421346849143563702e+02,6.357063000000000557e+02
2.421432896114447431e+02,6.357063000000000557e+02
2.423220687409500442e+02,6.357063000000000557e+02
2.421605081272085158e+02,6.357063000000000557e+02
2.425094525675437183e+02,6.357063000000000557e+02
2.425181234546096789e+02,6.357063000000000557e+02
2.426968363941373923e+02,6.357063000000000557e+02
2.415125493767705507e+02,6.357063000000000557e+02
2.428842202207310947e+02,6.357063000000000557e+02
2.428929572977746432e+02,6.357063000000000557e+02
2.430716040473247403e+02,6.357063000000000557e+02
2.429104407137809289e+02,6.357063000000000557e+02
2.432589878739184428e+02,6.357063000000000557e+02
2.432677911409396074e+02,6.357063000000000557e+02
2.434463717005121168e+02,6.357063000000000557e+02
2.429454446393210958e+02,6.357063000000000557e+02
2.436337555271057909e+02,6.357063000000000557e+02
2.436426249841045717e+02,6.357063000000000557e+02
2.438211393536994649e+02,6.357063000000000557e+02
2.436603733003533705e+02,6.357063000000000557e+02
2.440085231802931389e+02,6.357063000000000557e+02
2.440174588272695360e+02,6.357063000000000557e+02
2.441959070068868414e+02,6.357063000000000557e+02
2.416491904545454759e+02,6.357063000000000557e+02
2.443832908334805154e+02,6.357063000000000557e+02
2.443922926704344718e+02,6.357063000000000557e+02
2.445706746600741894e+02,6.357063000000000557e+02
2.444103058869258120e+02,6.357063000000000557e+02
2.447580584866678635e+02,6.357063000000000557e+02
2.447671265135994645e+02,6.357063000000000557e+02
2.449454423132615375e+02,6.357063000000000557e+02
2.444463705374823235e+02,6.357063000000000557e+02
2.451328261398552115e+02,6.357063000000000557e+02
2.451419603567644003e+02,6.357063000000000557e+02
2.453202099664488856e+02,6.357063000000000557e+02
2.451602384734982536e+02,6.357063000000000557e+02
2.455075937930425880e+02,6.357063000000000557e+02
2.455167941999293646e+02,6.357063000000000557e+02
2.456949776196362620e+02,6.357063000000000557e+02
2.445186530878187341e+02,6.357063000000000557e+02
2.458823614462299361e+02,6.357063000000000557e+02
2.458916280430943289e+02,6.357063000000000557e+02
2.460697452728236101e+02,6.357063000000000557e+02
2.459101710600706951e+02,6.357063000000000557e+02
2.462571290994172841e+02,6.357063000000000557e+02
2.462664618862592931e+02,6.357063000000000557e+02
2.464445129260109582e+02,6.357063000000000557e+02
2.459472964356435796e+02,6.357063000000000557e+02
2.466318967526046322e+02,6.357063000000000557e+02
2.466412957294242574e+02,6.357063000000000557e+02
2.468192805791983346e+02,6.357063000000000557e+02
2.466601036466431367e+02,6.357063000000000557e+02
2.470066644057920087e+02,6.357063000000000557e+02
2.470161295725891932e+02,6.357063000000000557e+02
2.471940482323856827e+02,6.357063000000000557e+02
2.086611300000000142e+02,4.827928499999999872e+02
2.473814320589793567e+02,2.736358599999999797e+02
2.473909634157541575e+02,2.736358599999999797e+02
2.475688158855730308e+02,2.736358599999999797e+02
2.474100362332155782e+02,2.736358599999999797e+02
2.477561997121667048e+02,2.736358599999999797e+02
2.477657972589191218e+02,2.736358599999999797e+02
2.479435835387603788e+02,2.736358599999999797e+02
2.474482223338048357e+02,2.736358599999999797e+02
2.481309673653540813e+02,2.736358599999999797e+02
2.481406311020840860e+02,2.736358599999999797e+02
2.483183511919477553e+02,2.736358599999999797e+02
2.481599688197879914e+02,2.736358599999999797e+02
2.485057350185414293e+02,2.736358599999999797e+02
2.485154649452490503e+02,2.736358599999999797e+02
2.486931188451351034e+02,2.736358599999999797e+02
2.475247567988668607e+02,2.736358599999999797e+02
2.488805026717287774e+02,2.736358599999999797e+02
2.488902987884139861e+02,2.736358599999999797e+02
2.490678864983224798e+02,2.736358599999999797e+02
2.489099014063604329e+02,2.736358599999999797e+02
2.492552703249161254e+02,2.736358599999999797e+02
2.492651326315789788e+02,2.736358599999999797e+02
2.494426541515098279e+02,2.736358599999999797e+02
2.489491482319660633e+02,2.736358599999999797e+02
2.496300379781035019e+02,2.736358599999999797e+02
2.496399664747439147e+02,2.736358599999999797e+02
2.498174218046971760e+02,2.736358599999999797e+02
2.496598339929328745e+02,2.736358599999999797e+02
2.500048056312908500e+02,2.736358599999999797e+02
2.500148003179088789e+02,2.736358599999999797e+02
2.501921894578845240e+02,2.736358599999999797e+02
2.476784780113636657e+02,2.736358599999999797e+02
2.503795732844782265e+02,2.736358599999999797e+02
2.503896341610738432e+02,2.736358599999999797e+02
2.505669571110718721e+02,2.736358599999999797e+02
2.504097665795053160e+02,2.736358599999999797e+02
2.507543409376655745e+02,2.736358599999999797e+02
2.507644680042388075e+02,2.736358599999999797e+02
2.509417247642592486e+02,2.736358599999999797e+02
2.504500741301273194e+02,2.736358599999999797e+02
2.511291085908529226e+02,2.736358599999999797e+02
2.511393018474037717e+02,2.736358599999999797e+02
2.513164924174465966e+02,2.736358599999999797e+02
2.511596991660777576e+02,2.736358599999999797e+02
2.515038762440402706e+02,2.736358599999999797e+02
2.515141356905687076e+02,2.736358599999999797e+02
2.516912600706339731e+02,2.736358599999999797e+02
2.505308605099150441e+02,2.736358599999999797e+02
2.518786438972276187e+02,2.736358599999999797e+02
2.518889695337336718e+02,2.736358599999999797e+02
2.520660277238213212e+02,2.736358599999999797e+02
2.519096317526501991e+02,2.736358599999999797e+02
2.522534115504149952e+02,2.736358599999999797e+02
2.522638033768986361e+02,2.736358599999999797e+02
2.524407953770086692e+02,2.736358599999999797e+02
2.519510000282885471e+02,2.736358599999999797e+02
2.526281792036023433e+02,2.736358599999999797e+02
2.526386372200636004e+02,2.736358599999999797e+02
2.528155630301960173e+02,2.736358599999999797e+02
2.526595643392226407e+02,2.736358599999999797e+02
2.530029468567897197e+02,2.736358599999999797e+02
2.530134710632285646e+02,2.736358599999999797e+02
2.531903306833833938e+02,2.736358599999999797e+02
2.111604600000000005e+02,5.069267600000000016e+02
2.533777145099770678e+02,2.736358599999999797e+02
2.533883049063935005e+02,2.736358599999999797e+02
2.535650983365707418e+02,2.736358599999999797e+02
2.534094969257950538e+02,2.736358599999999797e+02
2.537524821631644159e+02,2.736358599999999797e+02
2.537631387495584647e+02,2.736358599999999797e+02
2.539398659897580899e+02,2.736358599999999797e+02
2.534519259264498032e+02,2.736358599999999797e+02
2.541272498163517639e+02,2.736358599999999797e+02
2.541379725927234290e+02,2.736358599999999797e+02
2.543146336429454664e+02,2.736358599999999797e+02
2.541594295123675238e+02,2.736358599999999797e+02
2.545020174695391404e+02,2.736358599999999797e+02
2.545128064358883933e+02,2.736358599999999797e+02
2.546894012961328144e+02,2.736358599999999797e+02
2.535369642209631991e+02,2.736358599999999797e+02
2.548767851227264885e+02,2.736358599999999797e+02
2.548876402790533575e+02,2.736358599999999797e+02
2.550641689493201625e+02,2.736358599999999797e+02
2.549093620989399369e+02,2.736358599999999797e+02
2.552515527759138365e+02,2.736358599999999797e+02
2.552624741222183218e+02,2.736358599999999797e+02
2.554389366025075105e+02,2.736358599999999797e+02
2.549528518246110593e+02,2.736358599999999797e+02
2.556263204291012130e+02,2.736358599999999797e+02
2.556373079653832860e+02,2.736358599999999797e+02
2.558137042556948870e+02,2.736358599999999797e+02
2.556592946855123785e+02,2.736358599999999797e+02
2.560010880822885611e+02,2.736358599999999797e+02
2.560121418085482219e+02,2.736358599999999797e+02
2.561884719088822067e+02,2.736358599999999797e+02
2.537077655681818271e+02,2.736358599999999797e+02
2.563758557354759091e+02,2.736358599999999797e+02
2.563869756517132146e+02,2.736358599999999797e+02
2.565632395620696116e+02,2.736358599999999797e+02
2.564092272720848200e+02,2.736358599999999797e+02
2.567506233886632572e+02,2.736358599999999797e+02
2.567618094948781504e+02,2.736358599999999797e+02
2.569380072152569596e+02,2.736358599999999797e+02
2.564537777227723154e+02,2.736358599999999797e+02
2.571253910418506052e+02,2.736358599999999797e+02
2.571366433380430863e+02,2.736358599999999797e+02
2.573127748684443077e+02,2.736358599999999797e+02
2.571591598586572900e+02,2.736358599999999797e+02
2.575001586950379533e+02,2.736358599999999797e+02
2.575114771812080789e+02,2.736358599999999797e+02
2.576875425216316557e+02,2.736358599999999797e+02
2.565430679320113541e+02,2.736358599999999797e+02
2.578749263482253582e+02,2.736358599999999797e+02
2.578863110243730148e+02,2.736358599999999797e+02
2.580623101748190038e+02,2.736358599999999797e+02
2.579090924452297031e+02,2.736358599999999797e+02
2.582496940014127063e+02,2.736358599999999797e+02
2.582611448675380075e+02,2.736358599999999797e+02
2.584370778280064087e+02,2.736358599999999797e+02
2.579547036209335147e+02,2.736358599999999797e+02
2.586244616546000543e+02,2.736358599999999797e+02
2.586359787107029433e+02,2.736358599999999797e+02
2.588118454811936999e+02,2.736358599999999797e+02
2.586590250318021162e+02,2.736358599999999797e+02
2.589992293077874024e+02,2.736358599999999797e+02
2.590108125538679360e+02,2.736358599999999797e+02
2.591866131343811048e+02,2.736358599999999797e+02
2.152124599999999930e+02,5.327386500000000069e+02
2.593739969609747504e+02,2.736358599999999797e+02
2.593856463970328718e+02,2.736358599999999797e+02
2.595613807875684529e+02,2.736358599999999797e+02
2.594089576183745862e+02,2.736358599999999797e+02
2.597487646141621553e+02,2.736358599999999797e+02
2.597604802401978077e+02,2.736358599999999797e+02
2.599361484407558009e+02,2.736358599999999797e+02
2.594556295190947708e+02,2.736358599999999797e+02
2.601235322673494466e+02,2.736358599999999797e+02
2.601353140833628004e+02,2.736358599999999797e+02
2.603109160939431490e+02,2.736358599999999797e+02
2.601588902049469993e+02,2.736358599999999797e+02
2.604982999205368515e+02,2.736358599999999797e+02
2.605101479265277362e+02,2.736358599999999797e+02
2.606856837471304971e+02,2.736358599999999797e+02
2.595491716430594806e+02,2.736358599999999797e+02
2.608730675737241995e+02,2.736358599999999797e+02
2.608849817696926721e+02,2.736358599999999797e+02
2.610604514003179020e+02,2.736358599999999797e+02
2.609088227915194693e+02,2.736358599999999797e+02
2.612478352269115476e+02,2.736358599999999797e+02
2.612598156128576647e+02,2.736358599999999797e+02
2.614352190535051932e+02,2.736358599999999797e+02
2.609565554172560269e+02,2.736358599999999797e+02
2.616226028800988956e+02,2.736358599999999797e+02
2.616346494560226006e+02,2.736358599999999797e+02
2.618099867066925981e+02,2.736358599999999797e+02
2.616587553780918824e+02,2.736358599999999797e+02
2.619973705332862437e+02,2.736358599999999797e+02
2.620094832991875933e+02,2.736358599999999797e+02
2.621847543598799462e+02,2.736358599999999797e+02
2.597370531249999885e+02,2.736358599999999797e+02
2.623721381864736486e+02,2.736358599999999797e+02
2.623843171423525291e+02,2.736358599999999797e+02
2.625595220130672942e+02,2.736358599999999797e+02
2.624086879646642956e+02,2.736358599999999797e+02
2.627469058396609967e+02,2.736358599999999797e+02
2.627591509855175218e+02,2.736358599999999797e+02
2.629342896662546423e+02,2.736358599999999797e+02
2.624574813154172830e+02,2.736358599999999797e+02
2.631216734928483447e+02,2.736358599999999797e+02
2.631339848286824576e+02,2.736358599999999797e+02
2.633090573194419903e+02,2.736358599999999797e+02
2.631586205512367656e+02,2.736358599999999797e+02
2.634964411460356928e+02,2.736358599999999797e+02
2.635088186718473935e+02,2.736358599999999797e+02
2.636838249726293952e+02,2.736358599999999797e+02
2.625552753541076640e+02,2.736358599999999797e+02
2.638712087992230408e+02,2.736358599999999797e+02
2.638836525150123862e+02,2.736358599999999797e+02
2.640585926258167433e+02,2.736358599999999797e+02
2.639085531378092355e+02,2.736358599999999797e+02
2.642459764524103889e+02,2.736358599999999797e+02
2.642584863581773220e+02,2.736358599999999797e+02
2.644333602790040914e+02,2.736358599999999797e+02
2.639584072135785391e+02,2.736358599999999797e+02
2.646207441055977370e+02,2.736358599999999797e+02
2.646333202013423147e+02,2.736358599999999797e+02
2.648081279321914394e+02,2.736358599999999797e+02
2.646584857243816487e+02,2.736358599999999797e+02
2.649955117587851419e+02,2.736358599999999797e+02
2.650081540445072505e+02,2.736358599999999797e+02
2.651828955853787875e+02,2.736358599999999797e+02
2.179030999999999949e+02,5.551467000000000098e+02
2.653702794119724899e+02,2.497985799999999870e+02
2.653829878876722432e+02,2.497985799999999870e+02
2.655576632385661355e+02,2.497985799999999870e+02
2.654084183109540618e+02,2.497985799999999870e+02
2.657450470651598380e+02,2.497985799999999870e+02
2.657578217308371791e+02,2.497985799999999870e+02
2.659324308917534836e+02,2.497985799999999870e+02
2.654593331117397383e+02,2.497985799999999870e+02
2.661198147183471860e+02,2.497985799999999870e+02
2.661326555740021149e+02,2.497985799999999870e+02
2.663071985449408885e+02,2.497985799999999870e+02
2.661583508975265318e+02,2.497985799999999870e+02
2.664945823715345341e+02,2.497985799999999870e+02
2.665074894171671076e+02,2.497985799999999870e+02
2.666819661981282366e+02,2.497985799999999870e+02
2.655613790651558475e+02,2.497985799999999870e+02
2.668693500247218822e+02,2.497985799999999870e+02
2.668823232603320434e+02,2.497985799999999870e+02
2.670567338513155846e+02,2.497985799999999870e+02
2.669082834840989449e+02,2.497985799999999870e+02
2.672441176779092302e+02,2.497985799999999870e+02
2.672571571034969793e+02,2.497985799999999870e+02
2.674315015045029327e+02,2.497985799999999870e+02
2.669602590099009944e+02,2.497985799999999870e+02
2.676188853310966351e+02,2.497985799999999870e+02
2.676319909466619720e+02,2.497985799999999870e+02
2.678062691576902807e+02,2.497985799999999870e+02
2.676582160706714149e+02,2.497985799999999870e+02
2.679936529842839832e+02,2.497985799999999870e+02
2.680068247898269647e+02,2.497985799999999870e+02
2.681810368108776288e+02,2.497985799999999870e+02
2.657663406818181784e+02,2.497985799999999870e+02
2.683684206374713312e+02,2.497985799999999870e+02
2.683816586329919005e+02,2.497985799999999870e+02
2.685558044640649769e+02,2.497985799999999870e+02
2.684081486572438280e+02,2.497985799999999870e+02
2.687431882906586793e+02,2.497985799999999870e+02
2.687564924761568363e+02,2.497985799999999870e+02
2.689305721172523818e+02,2.497985799999999870e+02
2.684611849080622505e+02,2.497985799999999870e+02
2.691179559438460274e+02,2.497985799999999870e+02
2.691313263193218290e+02,2.497985799999999870e+02
2.693053397704397298e+02,2.497985799999999870e+02
2.691580812438162411e+02,2.497985799999999870e+02
2.694927235970333754e+02,2.497985799999999870e+02
2.695061601624867649e+02,2.497985799999999870e+02
2.696801074236270779e+02,2.497985799999999870e+02
2.685674827762039740e+02,2.497985799999999870e+02
2.698674912502207235e+02,2.497985799999999870e+02
2.698809940056517007e+02,2.497985799999999870e+02
2.700548750768144259e+02,2.497985799999999870e+02
2.699080138303887111e+02,2.497985799999999870e+02
2.702422589034081284e+02,2.497985799999999870e+02
2.702558278488166934e+02,2.497985799999999870e+02
2.704296427300017740e+02,2.497985799999999870e+02
2.699621108062235066e+02,2.497985799999999870e+02
2.706170265565954764e+02,2.497985799999999870e+02
2.706306616919816292e+02,2.497985799999999870e+02
2.708044103831891221e+02,2.497985799999999870e+02
2.706579464169611811e+02,2.497985799999999870e+02
2.709917942097828245e+02,2.497985799999999870e+02
2.710054955351466219e+02,2.497985799999999870e+02
2.711791780363764701e+02,6.321362000000000307e+02
2.220169699999999864e+02,5.809267599999999447e+02
2.713665618629701726e+02,6.321362000000000307e+02
2.713803293783115578e+02,6.321362000000000307e+02
2.715539456895638750e+02,6.321362000000000307e+02
2.714078790035335942e+02,6.321362000000000307e+02
2.717413295161575206e+02,6.321362000000000307e+02
2.717551632214765505e+02,6.321362000000000307e+02
2.719287133427512231e+02,6.321362000000000307e+02
2.714630367043847627e+02,6.321362000000000307e+02
2.721160971693449255e+02,6.321362000000000307e+02
2.721299970646414863e+02,6.321362000000000307e+02
2.723034809959385711e+02,6.321362000000000307e+02
2.721578115901060073e+02,6.321362000000000307e+02
2.724908648225322167e+02,6.321362000000000307e+02
2.725048309078064221e+02,6.321362000000000307e+02
2.726782486491259192e+02,6.321362000000000307e+02
2.715735864872521574e+02,6.321362000000000307e+02
2.728656324757196217e+02,6.321362000000000307e+02
2.728796647509714148e+02,6.321362000000000307e+02
2.730530163023132673e+02,6.321362000000000307e+02
2.729077441766784773e+02,6.321362000000000307e+02
2.732404001289069697e+02,6.321362000000000307e+02
2.732544985941363507e+02,6.321362000000000307e+02
2.734277839555006722e+02,6.321362000000000307e+02
2.729639626025459620e+02,6.321362000000000307e+02
2.736151677820943178e+02,6.321362000000000307e+02
2.736293324373012865e+02,6.321362000000000307e+02
2.738025516086879634e+02,6.321362000000000307e+02
2.736576767632508904e+02,6.321362000000000307e+02
2.739899354352816658e+02,6.321362000000000307e+02
2.740041662804662792e+02,6.321362000000000307e+02
2.741773192618753683e+02,6.321362000000000307e+02
2.717956282386363682e+02,6.321362000000000307e+02
2.743647030884690139e+02,6.321362000000000307e+02
2.743790001236312719e+02,6.321362000000000307e+02
2.745520869150627163e+02,6.321362000000000307e+02
2.744076093498233604e+02,6.321362000000000307e+02
2.747394707416564188e+02,6.321362000000000307e+02
2.747538339667962077e+02,6.321362000000000307e+02
2.749268545682500644e+02,6.321362000000000307e+02
2.744648885007072181e+02,6.321362000000000307e+02
2.751142383948437100e+02,6.321362000000000307e+02
2.751286678099611436e+02,6.321362000000000307e+02
2.753016222214374125e+02,6.321362000000000307e+02
2.751575419363957735e+02,6.321362000000000307e+02
2.754890060480311149e+02,6.321362000000000307e+02
2.755035016531261363e+02,6.321362000000000307e+02
2.756763898746247605e+02,6.321362000000000307e+02
2.745796901983003409e+02,6.321362000000000307e+02
2.758637737012184630e+02,6.321362000000000307e+02
2.758783354962910721e+02,6.321362000000000307e+02
2.760511575278121654e+02,6.321362000000000307e+02
2.759074745229681866e+02,6.321362000000000307e+02
2.762385413544058110e+02,6.321362000000000307e+02
2.762531693394560079e+02,6.321362000000000307e+02
2.764259251809994566e+02,6.321362000000000307e+02
2.759658143988684742e+02,6.321362000000000307e+02
2.766133090075931591e+02,6.321362000000000307e+02
2.766280031826210006e+02,6.321362000000000307e+02
2.768006928341868615e+02,6.321362000000000307e+02
2.766574071095406566e+02,6.321362000000000307e+02
2.769880766607805072e+02,6.321362000000000307e+02
2.770028370257859365e+02,6.321362000000000307e+02
2.771754604873742096e+02,6.321362000000000307e+02
2.234845599999999877e+02,5.971916499999999814e+02
2.773628443139679121e+02,4.814450699999999870e+02
2.773776708689509292e+02,4.814450699999999870e+02
2.775502281405615577e+02,4.814450699999999870e+02
2.774073396961131266e+02,4.814450699999999870e+02
2.777376119671552033e+02,4.814450699999999870e+02
2.777525047121158650e+02,4.814450699999999870e+02
2.779249957937489057e+02,4.814450699999999870e+02
2.774667402970297303e+02,4.814450699999999870e+02
2.781123796203426082e+02,4.814450699999999870e+02
2.781273385552808577e+02,4.814450699999999870e+02
2.782997634469362538e+02,4.814450699999999870e+02
2.781572722826855397e+02,4.814450699999999870e+02
2.784871472735299562e+02,4.814450699999999870e+02
2.785021723984457935e+02,4.814450699999999870e+02
2.786745311001236587e+02,4.814450699999999870e+02
2.775857939093484674e+02,4.814450699999999870e+02
2.788619149267173043e+02,4.814450699999999870e+02
2.788770062416107294e+02,4.814450699999999870e+02
2.790492987533110067e+02,4.814450699999999870e+02
2.789072048692579529e+02,4.814450699999999870e+02
2.792366825799046524e+02,4.814450699999999870e+02
2.792518400847757221e+02,4.814450699999999870e+02
2.794240664064983548e+02,4.814450699999999870e+02
2.789676661951909864e+02,4.814450699999999870e+02
2.796114502330920004e+02,4.814450699999999870e+02
2.796266739279406579e+02,4.814450699999999870e+02
2.797988340596857029e+02,4.814450699999999870e+02
2.796571374558304228e+02,4.814450699999999870e+02
2.799862178862794053e+02,4.814450699999999870e+02
2.800015077711056506e+02,4.814450699999999870e+02
2.801736017128730509e+02,4.814450699999999870e+02
2.778249157954545581e+02,4.814450699999999870e+02
2.803609855394667534e+02,4.814450699999999870e+02
2.803763416142705864e+02,4.814450699999999870e+02
2.805483693660603990e+02,4.814450699999999870e+02
2.804070700424028360e+02,4.814450699999999870e+02
2.807357531926541014e+02,4.814450699999999870e+02
2.807511754574355791e+02,4.814450699999999870e+02
2.809231370192477470e+02,4.814450699999999870e+02
2.804685920933521857e+02,4.814450699999999870e+02
2.811105208458414495e+02,4.814450699999999870e+02
2.811260093006005150e+02,4.814450699999999870e+02
2.812979046724351520e+02,4.814450699999999870e+02
2.811570026289753059e+02,4.814450699999999870e+02
2.814852884990287976e+02,4.814450699999999870e+02
2.815008431437654508e+02,4.814450699999999870e+02
2.816726723256225000e+02,4.814450699999999870e+02
2.805918976203965940e+02,4.814450699999999870e+02
2.818600561522161456e+02,4.814450699999999870e+02
2.818756769869304435e+02,4.814450699999999870e+02
2.820474399788098481e+02,4.814450699999999870e+02
2.819069352155477191e+02,4.814450699999999870e+02
2.822348238054034937e+02,4.814450699999999870e+02
2.822505108300953793e+02,4.814450699999999870e+02
2.824222076319971961e+02,4.814450699999999870e+02
2.819695179915134418e+02,4.814450699999999870e+02
2.826095914585908986e+02,4.814450699999999870e+02
2.826253446732603152e+02,4.814450699999999870e+02
2.827969752851845442e+02,4.814450699999999870e+02
2.826568678021201322e+02,4.814450699999999870e+02
2.829843591117782466e+02,4.814450699999999870e+02
2.830001785164253079e+02,4.814450699999999870e+02
2.831717429383718923e+02,4.814450699999999870e+02
2.239049699999999916e+02,6.057880999999999858e+02
2.833591267649655947e+02,4.814450699999999870e+02
2.833750123595903005e+02,4.814450699999999870e+02
2.835465105915592403e+02,4.814450699999999870e+02
2.834068003886926022e+02,4.814450699999999870e+02
2.837338944181529428e+02,4.814450699999999870e+02
2.837498462027552364e+02,4.814450699999999870e+02
2.839212782447466452e+02,4.814450699999999870e+02
2.834704438896746979e+02,4.814450699999999870e+02
2.841086620713402908e+02,4.814450699999999870e+02
2.841246800459201722e+02,4.814450699999999870e+02
2.842960458979339933e+02,4.814450699999999870e+02
2.841567329752650721e+02,4.814450699999999870e+02
2.844834297245276389e+02,4.814450699999999870e+02
2.844995138890851649e+02,4.814450699999999870e+02
2.846708135511213413e+02,4.814450699999999870e+02
2.835980013314447774e+02,4.814450699999999870e+02
2.848581973777149869e+02,4.793880599999999959e+02
2.848743477322501008e+02,4.793880599999999959e+02
2.850455812043086894e+02,4.793880599999999959e+02
2.849066655618374853e+02,4.793880599999999959e+02
2.852329650309023918e+02,4.793880599999999959e+02
2.852491815754150366e+02,4.793880599999999959e+02
2.854203488574960375e+02,4.814450699999999870e+02
2.849713697878359540e+02,4.793880599999999959e+02
2.856077326840897399e+02,4.814450699999999870e+02
2.856240154185800293e+02,4.814450699999999870e+02
2.857951165106833855e+02,4.814450699999999870e+02
2.856565981484098984e+02,4.814450699999999870e+02
2.859825003372770880e+02,4.814450699999999870e+02
2.859988492617449651e+02,4.814450699999999870e+02
2.861698841638707336e+02,4.814450699999999870e+02
2.838542033522727479e+02,4.814450699999999870e+02
2.863572679904644360e+02,4.814450699999999870e+02
2.863736831049099578e+02,4.814450699999999870e+02
2.865446518170581385e+02,4.814450699999999870e+02
2.864065307349823684e+02,4.814450699999999870e+02
2.867320356436517841e+02,4.814450699999999870e+02
2.867485169480748937e+02,4.814450699999999870e+02
2.869194194702454865e+02,4.814450699999999870e+02
2.864722956859972101e+02,4.814450699999999870e+02
2.871068032968391321e+02,4.814450699999999870e+02
2.871233507912398863e+02,4.814450699999999870e+02
2.872941871234328346e+02,4.814450699999999870e+02
2.871564633215547815e+02,4.814450699999999870e+02
2.874815709500264802e+02,4.814450699999999870e+02
2.874981846344048222e+02,4.814450699999999870e+02
2.876689547766201827e+02,4.814450699999999870e+02
2.866041050424929608e+02,4.814450699999999870e+02
2.878563386032138851e+02,4.814450699999999870e+02
2.878730184775697580e+02,4.814450699999999870e+02
2.880437224298075307e+02,4.814450699999999870e+02
2.879063959081272515e+02,4.814450699999999870e+02
2.882311062564012332e+02,4.814450699999999870e+02
2.882478523207347507e+02,4.814450699999999870e+02
2.884184900829949356e+02,4.814450699999999870e+02
2.879732215841584093e+02,4.814450699999999870e+02
2.886058739095885812e+02,4.814450699999999870e+02
2.886226861638996866e+02,4.814450699999999870e+02
2.887932577361822268e+02,4.814450699999999870e+02
2.886563284946996646e+02,4.814450699999999870e+02
2.889806415627759293e+02,4.814450699999999870e+02
2.889975200070646224e+02,4.814450699999999870e+02
2.891680253893696317e+02,4.814450699999999870e+02
2.239049699999999916e+02,6.099122300000000223e+02
2.893554092159632773e+02,4.755043999999999755e+02
2.893723538502296151e+02,4.755043999999999755e+02
2.895427930425569798e+02,4.755043999999999755e+02
2.894062610812720777e+02,4.755043999999999755e+02
2.897301768691506823e+02,4.755043999999999755e+02
2.897471876933946078e+02,4.755043999999999755e+02
2.899175606957443279e+02,4.755043999999999755e+02
2.894741474823196654e+02,4.755043999999999755e+02
2.901049445223379735e+02,4.755043999999999755e+02
2.901220215365595436e+02,4.755043999999999755e+02
2.902923283489316759e+02,4.755043999999999755e+02
2.901561936678445477e+02,4.755043999999999755e+02
2.904797121755253784e+02,4.755043999999999755e+02
2.904968553797244795e+02,4.755043999999999755e+02
2.906670960021190240e+02,4.755043999999999755e+02
2.896102087535410874e+02,4.755043999999999755e+02
2.908544798287127264e+02,4.755043999999999755e+02
2.908716892228894721e+02,4.755043999999999755e+02
2.910418636553064289e+02,4.755043999999999755e+02
2.909061262544170177e+02,4.755043999999999755e+02
2.912292474819000745e+02,4.755043999999999755e+02
2.912465230660544080e+02,4.755043999999999755e+02
2.914166313084937201e+02,4.755043999999999755e+02
2.909750733804809215e+02,4.755043999999999755e+02
2.916040151350874225e+02,4.755043999999999755e+02
2.916213569092193438e+02,4.755043999999999755e+02
2.917913989616811250e+02,4.755043999999999755e+02
2.916560588409894308e+02,4.755043999999999755e+02
2.919787827882747706e+02,4.755043999999999755e+02
2.919961907523843365e+02,4.755043999999999755e+02
2.921661666148684731e+02,4.755043999999999755e+02
2.898834909090909377e+02,4.755043999999999755e+02
2.923535504414621755e+02,2.312469499999999982e+02
2.923710245955492724e+02,2.312469499999999982e+02
2.925409342680558211e+02,2.312469499999999982e+02
2.924059914275618439e+02,2.312469499999999982e+02
2.927283180946494667e+02,2.312469499999999982e+02
2.927458584387142650e+02,2.312469499999999982e+02
2.929157019212431692e+02,2.312469499999999982e+02
2.924759992786421776e+02,2.312469499999999982e+02
2.931030857478368716e+02,2.312469499999999982e+02
2.931206922818792009e+02,2.312469499999999982e+02
2.932904695744305172e+02,2.312469499999999982e+02
2.931559240141343139e+02,2.312469499999999982e+02
2.934778534010242197e+02,2.312469499999999982e+02
2.934955261250441936e+02,2.312469499999999982e+02
2.936652372276179221e+02,2.312469499999999982e+02
2.926163124645892708e+02,2.312469499999999982e+02
2.938526210542115678e+02,2.312469499999999982e+02
2.938703599682091294e+02,2.312469499999999982e+02
2.940400048808052134e+02,2.312469499999999982e+02
2.939058566007067270e+02,2.312469499999999982e+02
2.942273887073989158e+02,2.312469499999999982e+02
2.942451938113740653e+02,2.312469499999999982e+02
2.944147725339926183e+02,2.312469499999999982e+02
2.939769251768034337e+02,2.312469499999999982e+02
2.946021563605862639e+02,2.312469499999999982e+02
2.946200276545390579e+02,2.312469499999999982e+02
2.947895401871799663e+02,2.312469499999999982e+02
2.946557891872791970e+02,2.312469499999999982e+02
2.949769240137736688e+02,2.312469499999999982e+02
2.949948614977039938e+02,2.312469499999999982e+02
2.951643078403673144e+02,2.312469499999999982e+02
2.227203700000000026e+02,6.102780999999999949e+02
2.953516916669610168e+02,4.814450699999999870e+02
2.953696953408689296e+02,4.814450699999999870e+02
2.955390754935546624e+02,4.814450699999999870e+02
2.954057217738516101e+02,4.814450699999999870e+02
2.957264593201483649e+02,4.814450699999999870e+02
2.957445291840339223e+02,4.814450699999999870e+02
2.959138431467420105e+02,4.814450699999999870e+02
2.954778510749646330e+02,4.814450699999999870e+02
2.961012269733357130e+02,4.814450699999999870e+02
2.961193630271989150e+02,4.814450699999999870e+02
2.962886107999294154e+02,4.814450699999999870e+02
2.961556543604240233e+02,4.814450699999999870e+02
2.964759946265230610e+02,4.814450699999999870e+02
2.964941968703638508e+02,4.814450699999999870e+02
2.966633784531167635e+02,4.814450699999999870e+02
2.956224161756374542e+02,4.814450699999999870e+02
2.968507622797104091e+02,4.814450699999999870e+02
2.968690307135287867e+02,4.814450699999999870e+02
2.970381461063041115e+02,4.814450699999999870e+02
2.969055869469964932e+02,4.814450699999999870e+02
2.972255299328977571e+02,4.814450699999999870e+02
2.972438645566937794e+02,4.814450699999999870e+02
2.974129137594914596e+02,4.814450699999999870e+02
2.969787769731258891e+02,4.814450699999999870e+02
2.976002975860851620e+02,4.814450699999999870e+02
2.976186983998587152e+02,4.814450699999999870e+02
2.977876814126788076e+02,4.814450699999999870e+02
2.976555195335689064e+02,4.814450699999999870e+02
2.979750652392725101e+02,4.814450699999999870e+02
2.979935322430236511e+02,4.814450699999999870e+02
2.981624490658661557e+02,4.814450699999999870e+02
2.959127784659091276e+02,4.814450699999999870e+02
2.983498328924598582e+02,4.651904299999999921e+02
2.983683660861886437e+02,4.651904299999999921e+02
2.985372167190535038e+02,4.651904299999999921e+02
2.984054521201413763e+02,4.651904299999999921e+02
2.987246005456472062e+02,4.651904299999999921e+02
2.987431999293535796e+02,4.651904299999999921e+02
2.989119843722409087e+02,4.651904299999999921e+02
2.984797028712871452e+02,4.651904299999999921e+02
2.990993681988345543e+02,4.651904299999999921e+02
2.991180337725185723e+02,4.651904299999999921e+02
2.992867520254282567e+02,4.651904299999999921e+02
2.991553847067137895e+02,4.651904299999999921e+02
2.994741358520219023e+02,4.651904299999999921e+02
2.994928676156835081e+02,4.651904299999999921e+02
2.996615196786156048e+02,4.651904299999999921e+02
2.986285198866855808e+02,4.651904299999999921e+02
2.998489035052092504e+02,4.651904299999999921e+02
2.998677014588485008e+02,4.651904299999999921e+02
3.000362873318029528e+02,4.651904299999999921e+02
2.999053172932862594e+02,4.651904299999999921e+02
3.002236711583966553e+02,4.651904299999999921e+02
3.002425353020134366e+02,4.651904299999999921e+02
3.004110549849903009e+02,4.651904299999999921e+02
2.999806287694484013e+02,4.651904299999999921e+02
3.005984388115840034e+02,4.651904299999999921e+02
3.006173691451783725e+02,4.651904299999999921e+02
3.007858226381776490e+02,4.651904299999999921e+02
3.006552498798586726e+02,4.651904299999999921e+02
3.009732064647713514e+02,4.651904299999999921e+02
3.009922029883433652e+02,4.651904299999999921e+02
3.011605902913649970e+02,4.651904299999999921e+02
2.214489700000000028e+02,6.081720000000000255e+02
3.013479741179586995e+02,4.651904299999999921e+02
3.013670368315083010e+02,4.651904299999999921e+02
3.015353579445524019e+02,4.651904299999999921e+02
3.014051824664311425e+02,4.651904299999999921e+02
3.017227417711460475e+02,4.651904299999999921e+02
3.017418706746732937e+02,4.651904299999999921e+02
3.019101255977397500e+02,4.651904299999999921e+02
3.014815546676096574e+02,4.651904299999999921e+02
3.020975094243333956e+02,4.651904299999999921e+02
3.021167045178382295e+02,4.651904299999999921e+02
3.022848932509270981e+02,4.651904299999999921e+02
3.021551150530035557e+02,4.651904299999999921e+02
3.024722770775207437e+02,4.651904299999999921e+02
3.024915383610032222e+02,4.651904299999999921e+02
3.026596609041144461e+02,4.651904299999999921e+02
3.016346235977337074e+02,4.651904299999999921e+02
3.028470447307081486e+02,4.651904299999999921e+02
3.028663722041681581e+02,4.651904299999999921e+02
3.030344285573017942e+02,4.651904299999999921e+02
3.029050476395759688e+02,4.651904299999999921e+02
3.032218123838954966e+02,4.651904299999999921e+02
3.032412060473330939e+02,4.651904299999999921e+02
3.034091962104891422e+02,4.651904299999999921e+02
3.029824805657708566e+02,4.651904299999999921e+02
3.035965800370828447e+02,4.651904299999999921e+02
3.036160398904980866e+02,4.651904299999999921e+02
3.037839638636764903e+02,4.651904299999999921e+02
3.036549802261484388e+02,4.651904299999999921e+02
3.039713476902701927e+02,4.651904299999999921e+02
3.039908737336630224e+02,4.651904299999999921e+02
3.041587315168638952e+02,4.651904299999999921e+02
3.019420660227273174e+02,4.651904299999999921e+02
3.043461153434575408e+02,4.651904299999999921e+02
3.043657075768279583e+02,4.651904299999999921e+02
3.045334991700512433e+02,4.651904299999999921e+02
3.044049128127208519e+02,4.651904299999999921e+02
3.047208829966449457e+02,4.651904299999999921e+02
3.047405414199929510e+02,4.651904299999999921e+02
3.049082668232385913e+02,4.651904299999999921e+02
3.044834064639321127e+02,4.651904299999999921e+02
3.050956506498322369e+02,4.651904299999999921e+02
3.051153752631579437e+02,4.651904299999999921e+02
3.052830344764259394e+02,4.651904299999999921e+02
3.051548453992933219e+02,4.651904299999999921e+02
3.054704183030196418e+02,4.651904299999999921e+02
3.054902091063228795e+02,4.651904299999999921e+02
3.056578021296132874e+02,4.651904299999999921e+02
3.046407273087818908e+02,4.651904299999999921e+02
3.058451859562069899e+02,4.651904299999999921e+02
3.058650429494878153e+02,4.651904299999999921e+02
3.060325697828006923e+02,4.651904299999999921e+02
3.059047779858657350e+02,4.651904299999999921e+02
3.062199536093943379e+02,4.651904299999999921e+02
3.062398767926528080e+02,4.651904299999999921e+02
3.064073374359879836e+02,4.651904299999999921e+02
3.059843323620933688e+02,4.651904299999999921e+02
3.065947212625816860e+02,4.651904299999999921e+02
3.066147106358177439e+02,4.651904299999999921e+02
3.067821050891753885e+02,4.651904299999999921e+02
3.066547105724382050e+02,4.651904299999999921e+02
3.069694889157690341e+02,4.651904299999999921e+02
3.069895444789826797e+02,4.651904299999999921e+02
3.071568727423627365e+02,4.651904299999999921e+02
2.162520100000000127e+02,5.855288000000000466e+02
3.073442565689564390e+02,6.243596000000000004e+02
3.073643783221476724e+02,6.243596000000000004e+02
3.075316403955500846e+02,6.243596000000000004e+02
3.074046431590106181e+02,6.243596000000000004e+02
3.077190242221437302e+02,6.243596000000000004e+02
3.077392121653126082e+02,6.243596000000000004e+02
3.079064080487374326e+02,6.243596000000000004e+02
3.074852582602546249e+02,6.243596000000000004e+02
3.080937918753311351e+02,6.243596000000000004e+02
3.081140460084776009e+02,6.243596000000000004e+02
3.082811757019247807e+02,6.243596000000000004e+02
3.081545757455830881e+02,6.243596000000000004e+02
3.084685595285184831e+02,6.243596000000000004e+02
3.084888798516425368e+02,6.243596000000000004e+02
3.086559433551121856e+02,6.243596000000000004e+02
3.076468310198300742e+02,6.243596000000000004e+02
3.088433271817058312e+02,6.243596000000000004e+02
3.088637136948075295e+02,6.243596000000000004e+02
3.090307110082994768e+02,6.243596000000000004e+02
3.089045083321555012e+02,6.243596000000000004e+02
3.092180948348931793e+02,6.243596000000000004e+02
3.092385475379724653e+02,6.243596000000000004e+02
3.094054786614868817e+02,6.243596000000000004e+02
3.089861841584158810e+02,6.243596000000000004e+02
3.095928624880805273e+02,6.243596000000000004e+02
3.096133813811374011e+02,6.243596000000000004e+02
3.097802463146742298e+02,6.243596000000000004e+02
3.096544409187279143e+02,6.243596000000000004e+02
3.099676301412679322e+02,6.243596000000000004e+02
3.099882152243023938e+02,6.243596000000000004e+02
3.101550139678615778e+02,6.243596000000000004e+02
3.079713535795454504e+02,6.243596000000000004e+02
3.103423977944552234e+02,6.243596000000000004e+02
3.103630490674673297e+02,6.243596000000000004e+02
3.105297816210489259e+02,6.243596000000000004e+02
3.104043735053003843e+02,6.243596000000000004e+02
3.107171654476426284e+02,6.243596000000000004e+02
3.107378829106322655e+02,6.243596000000000004e+02
3.109045492742362740e+02,6.243596000000000004e+02
3.104871100565770803e+02,6.243596000000000004e+02
3.110919331008299764e+02,6.243596000000000004e+02
3.111127167537972582e+02,6.243596000000000004e+02
3.112793169274236789e+02,6.243596000000000004e+02
3.111543060918727974e+02,6.243596000000000004e+02
3.114667007540173245e+02,6.243596000000000004e+02
3.114875505969622509e+02,6.243596000000000004e+02
3.116540845806110269e+02,6.243596000000000004e+02
3.106529347308782008e+02,6.243596000000000004e+02
3.118414684072046725e+02,6.243596000000000004e+02
3.118623844401271867e+02,6.243596000000000004e+02
3.120288522337983750e+02,6.243596000000000004e+02
3.119042386784452674e+02,6.243596000000000004e+02
3.122162360603920206e+02,6.243596000000000004e+02
3.122372182832921226e+02,6.243596000000000004e+02
3.124036198869857230e+02,6.243596000000000004e+02
3.119880359547383364e+02,6.243596000000000004e+02
3.125910037135794255e+02,6.243596000000000004e+02
3.126120521264571153e+02,6.243596000000000004e+02
3.127783875401730711e+02,6.243596000000000004e+02
3.126541712650176805e+02,6.243596000000000004e+02
3.129657713667667736e+02,6.243596000000000004e+02
3.129868859696220511e+02,6.243596000000000004e+02
3.131531551933604192e+02,6.243596000000000004e+02
2.087441699999999969e+02,5.426731999999999516e+02
3.133405390199541216e+02,4.814450699999999870e+02
3.133617198127869869e+02,4.814450699999999870e+02
3.135279228465477672e+02,4.814450699999999870e+02
3.134041038515900937e+02,4.814450699999999870e+02
3.137153066731414697e+02,4.814450699999999870e+02
3.137365536559519796e+02,4.814450699999999870e+02
3.139026904997351721e+02,4.814450699999999870e+02
3.134889618528995925e+02,4.814450699999999870e+02
3.140900743263288177e+02,4.814450699999999870e+02
3.141113874991169155e+02,4.814450699999999870e+02
3.142774581529225202e+02,4.814450699999999870e+02
3.141540364381625636e+02,4.814450699999999870e+02
3.144648419795161658e+02,4.814450699999999870e+02
3.144862213422819082e+02,4.814450699999999870e+02
3.146522258061098682e+02,4.814450699999999870e+02
3.136590384419263842e+02,4.814450699999999870e+02
3.148396096327035139e+02,4.491272000000000162e+02
3.148610551854468440e+02,4.491272000000000162e+02
3.150269934592972163e+02,4.491272000000000162e+02
3.149039690247350336e+02,4.491272000000000162e+02
3.152143772858909188e+02,4.491272000000000162e+02
3.152358890286118367e+02,4.491272000000000162e+02
3.154017611124845644e+02,4.491272000000000162e+02
3.149898877510608486e+02,4.491272000000000162e+02
3.155891449390782668e+02,4.491272000000000162e+02
3.156107228717767725e+02,4.491272000000000162e+02
3.157765287656719124e+02,4.491272000000000162e+02
3.156539016113074467e+02,4.491272000000000162e+02
3.159639125922656149e+02,4.491272000000000162e+02
3.159855567149417084e+02,4.491272000000000162e+02
3.161512964188592605e+02,4.491272000000000162e+02
3.140006411363636403e+02,4.814450699999999870e+02
3.163386802454529629e+02,4.491272000000000162e+02
3.163603905581067011e+02,4.491272000000000162e+02
3.165260640720466654e+02,4.491272000000000162e+02
3.164038341978798599e+02,4.491272000000000162e+02
3.167134478986403110e+02,4.491272000000000162e+02
3.167352244012716369e+02,4.491272000000000162e+02
3.169008317252340134e+02,4.491272000000000162e+02
3.164908136492221047e+02,4.491272000000000162e+02
3.170882155518276591e+02,4.491272000000000162e+02
3.171100582444366296e+02,4.491272000000000162e+02
3.172755993784213615e+02,4.491272000000000162e+02
3.171537667844523298e+02,4.491272000000000162e+02
3.174629832050150071e+02,4.491272000000000162e+02
3.174848920876015654e+02,4.491272000000000162e+02
3.176503670316087096e+02,4.491272000000000162e+02
3.166651421529745676e+02,4.491272000000000162e+02
3.178377508582024120e+02,4.491272000000000162e+02
3.178597259307665581e+02,4.491272000000000162e+02
3.180251346847960576e+02,4.491272000000000162e+02
3.179036993710247430e+02,4.491272000000000162e+02
3.182125185113897601e+02,4.491272000000000162e+02
3.182345597739314940e+02,4.491272000000000162e+02
3.183999023379834057e+02,4.491272000000000162e+02
3.179917395473833039e+02,4.491272000000000162e+02
3.185872861645771081e+02,4.491272000000000162e+02
3.186093936170964298e+02,4.491272000000000162e+02
3.187746699911707537e+02,4.491272000000000162e+02
3.186536319575972129e+02,4.491272000000000162e+02
3.189620538177644562e+02,4.491272000000000162e+02
3.189842274602614225e+02,4.491272000000000162e+02
3.191494376443581586e+02,4.491272000000000162e+02
2.030041200000000003e+02,4.995743400000000065e+02
3.193368214709518043e+02,2.225731199999999887e+02
3.193590613034263583e+02,2.225731199999999887e+02
3.195242052975455067e+02,2.225731199999999887e+02
3.194035645441696261e+02,2.225731199999999887e+02
3.197115891241391523e+02,2.225731199999999887e+02
3.197338951465912942e+02,2.225731199999999887e+02
3.198989729507328548e+02,2.225731199999999887e+02
3.194926654455445600e+02,2.225731199999999887e+02
3.200863567773265004e+02,2.225731199999999887e+02
3.201087289897562869e+02,2.225731199999999887e+02
3.202737406039202028e+02,2.225731199999999887e+02
3.201534971307420392e+02,2.225731199999999887e+02
3.204611244305139053e+02,2.225731199999999887e+02
3.204835628329212227e+02,2.225731199999999887e+02
3.206485082571075509e+02,2.225731199999999887e+02
3.196712458640226941e+02,2.225731199999999887e+02
3.208358920837012533e+02,2.225731199999999887e+02
3.208583966760862154e+02,2.225731199999999887e+02
3.210232759102949558e+02,2.225731199999999887e+02
3.209034297173145092e+02,2.225731199999999887e+02
3.212106597368886014e+02,2.225731199999999887e+02
3.212332305192511512e+02,2.225731199999999887e+02
3.213980435634822470e+02,2.225731199999999887e+02
3.209935913437058161e+02,2.225731199999999887e+02
3.215854273900759495e+02,2.225731199999999887e+02
3.216080643624161439e+02,2.225731199999999887e+02
3.217728112166696519e+02,2.225731199999999887e+02
3.216533623038869791e+02,2.225731199999999887e+02
3.219601950432632975e+02,2.225731199999999887e+02
3.219828982055810798e+02,2.225731199999999887e+02
3.221475788698570000e+02,2.225731199999999887e+02
3.200299286931818301e+02,2.225731199999999887e+02
3.223349626964507024e+02,2.225731199999999887e+02
3.223577320487460156e+02,2.225731199999999887e+02
3.225223465230443480e+02,2.225731199999999887e+02
3.224032948904593923e+02,2.225731199999999887e+02
3.227097303496379936e+02,2.225731199999999887e+02
3.227325658919110083e+02,2.225731199999999887e+02
3.228971141762316961e+02,2.225731199999999887e+02
3.224945172418670722e+02,2.225731199999999887e+02
3.230844980028253985e+02,2.225731199999999887e+02
3.231073997350760010e+02,2.225731199999999887e+02
3.232718818294190442e+02,2.225731199999999887e+02
3.231532274770318054e+02,2.225731199999999887e+02
3.234592656560127466e+02,2.225731199999999887e+02
3.234822335782408800e+02,2.225731199999999887e+02
3.236466494826064491e+02,2.225731199999999887e+02
3.226773495750708207e+02,2.225731199999999887e+02
3.238340333092000947e+02,2.225731199999999887e+02
3.238570674214058727e+02,2.225731199999999887e+02
3.240214171357937403e+02,2.225731199999999887e+02
3.239031600636042754e+02,2.225731199999999887e+02
3.242088009623874427e+02,2.225731199999999887e+02
3.242319012645708654e+02,2.225731199999999887e+02
3.243961847889811452e+02,2.225731199999999887e+02
3.239954431400283283e+02,2.225731199999999887e+02
3.245835686155747908e+02,2.225731199999999887e+02
3.246067351077358012e+02,2.225731199999999887e+02
3.247709524421684932e+02,2.225731199999999887e+02
3.246530926501766885e+02,2.225731199999999887e+02
3.249583362687621957e+02,2.225731199999999887e+02
3.249815689509007370e+02,2.225731199999999887e+02
3.251457200953558413e+02,2.225731199999999887e+02
2.023050800000000038e+02,4.573827999999999747e+02
3.253331039219494869e+02,2.225731199999999887e+02
3.253564027940657297e+02,2.225731199999999887e+02
3.255204877485431894e+02,2.225731199999999887e+02
3.254030252367491585e+02,2.225731199999999887e+02
3.257078715751368918e+02,2.225731199999999887e+02
3.257312366372306656e+02,2.225731199999999887e+02
3.258952554017305374e+02,2.225731199999999887e+02
3.254963690381895276e+02,2.225731199999999887e+02
3.260826392283242399e+02,2.225731199999999887e+02
3.261060704803956014e+02,2.225731199999999887e+02
3.262700230549179423e+02,2.225731199999999887e+02
3.261529578233215716e+02,2.225731199999999887e+02
3.264574068815115879e+02,2.225731199999999887e+02
3.264809043235605941e+02,2.225731199999999887e+02
3.266447907081052335e+02,2.225731199999999887e+02
3.256834532861190041e+02,2.225731199999999887e+02
3.268321745346989360e+02,2.225731199999999887e+02
3.268557381667255868e+02,2.225731199999999887e+02
3.270195583612926384e+02,2.225731199999999887e+02
3.269028904098939847e+02,2.225731199999999887e+02
3.272069421878862840e+02,2.225731199999999887e+02
3.272305720098905226e+02,2.225731199999999887e+02
3.273943260144799865e+02,2.225731199999999887e+02
3.269972949363508405e+02,2.225731199999999887e+02
3.275817098410736889e+02,2.225731199999999887e+02
3.276054058530554585e+02,2.225731199999999887e+02
3.277690936676673346e+02,2.225731199999999887e+02
3.276528229964664547e+02,2.225731199999999887e+02
3.279564774942609802e+02,2.225731199999999887e+02
3.279802396962204512e+02,2.225731199999999887e+02
3.281438613208546826e+02,2.225731199999999887e+02
3.260592162500000200e+02,2.225731199999999887e+02
3.283312451474483851e+02,2.225731199999999887e+02
3.283550735393853870e+02,2.225731199999999887e+02
3.285186289740420307e+02,2.225731199999999887e+02
3.284027555830389247e+02,2.225731199999999887e+02
3.287060128006357331e+02,2.225731199999999887e+02
3.287299073825503228e+02,2.225731199999999887e+02
3.288933966272294356e+02,2.225731199999999887e+02
3.284982208345120398e+02,2.225731199999999887e+02
3.290807804538230812e+02,2.225731199999999887e+02
3.291047412257153155e+02,2.225731199999999887e+02
3.292681642804167268e+02,2.225731199999999887e+02
3.291526881696113378e+02,2.225731199999999887e+02
3.294555481070104292e+02,2.225731199999999887e+02
3.294795750688803082e+02,2.225731199999999887e+02
3.296429319336041317e+02,2.225731199999999887e+02
3.286895569971671875e+02,2.225731199999999887e+02
3.298303157601977773e+02,2.225731199999999887e+02
3.298544089120451872e+02,2.225731199999999887e+02
3.300176995867914798e+02,2.225731199999999887e+02
3.299026207561837509e+02,2.225731199999999887e+02
3.302050834133851822e+02,2.225731199999999887e+02
3.302292427552101799e+02,2.225731199999999887e+02
3.303924672399788278e+02,2.225731199999999887e+02
3.299991467326732959e+02,2.225731199999999887e+02
3.305798510665724734e+02,2.225731199999999887e+02
3.306040765983751726e+02,2.225731199999999887e+02
3.307672348931662327e+02,2.225731199999999887e+02
3.306525533427562209e+02,2.225731199999999887e+02
3.309546187197598783e+02,2.225731199999999887e+02
3.309789104415401084e+02,2.225731199999999887e+02
3.311420025463535239e+02,2.225731199999999887e+02
2.069925800000000038e+02,4.072395000000000209e+02
3.313293863729472264e+02,4.269531200000000126e+02
3.313537442847050443e+02,4.269531200000000126e+02
3.315167701995409288e+02,4.269531200000000126e+02
3.314024859293286340e+02,4.269531200000000126e+02
3.317041540261345745e+02,4.269531200000000126e+02
3.317285781278700370e+02,4.269531200000000126e+02
3.318915378527282201e+02,4.269531200000000126e+02
3.315000726308345520e+02,4.269531200000000126e+02
3.320789216793219794e+02,4.269531200000000126e+02
3.321034119710349728e+02,4.269531200000000126e+02
3.322663055059156250e+02,4.269531200000000126e+02
3.321524185159011040e+02,4.269531200000000126e+02
3.324536893325092706e+02,4.269531200000000126e+02
3.324782458141999086e+02,4.269531200000000126e+02
3.326410731591029730e+02,4.269531200000000126e+02
3.316956607082153141e+02,4.269531200000000126e+02
3.328284569856966755e+02,4.269531200000000126e+02
3.328530796573649013e+02,4.269531200000000126e+02
3.330158408122903211e+02,4.269531200000000126e+02
3.329023511024735171e+02,4.269531200000000126e+02
3.332032246388839667e+02,4.269531200000000126e+02
3.332279135005298940e+02,4.269531200000000126e+02
3.333906084654777260e+02,4.269531200000000126e+02
3.330009985289957513e+02,4.269531200000000126e+02
3.335779922920713716e+02,4.269531200000000126e+02
3.336027473436948299e+02,4.269531200000000126e+02
3.337653761186650172e+02,4.269531200000000126e+02
3.336522836890459303e+02,4.269531200000000126e+02
3.339527599452587197e+02,4.852645299999999793e+02
3.339775811868597657e+02,4.852645299999999793e+02
3.341401437718524221e+02,4.852645299999999793e+02
3.320885038068182098e+02,4.269531200000000126e+02
3.343275275984460677e+02,4.852645299999999793e+02
3.343524150300247584e+02,4.852645299999999793e+02
3.345149114250397702e+02,4.852645299999999793e+02
3.344022162756184002e+02,4.852645299999999793e+02
3.347022952516334726e+02,4.852645299999999793e+02
3.347272488731896942e+02,4.852645299999999793e+02
3.348896790782271182e+02,4.852645299999999793e+02
3.345019244271570642e+02,4.852645299999999793e+02
3.350770629048207638e+02,4.852645299999999793e+02
3.351020827163546301e+02,4.852645299999999793e+02
3.352644467314144663e+02,4.852645299999999793e+02
3.351521488621908702e+02,4.852645299999999793e+02
3.354518305580081687e+02,4.852645299999999793e+02
3.354769165595196228e+02,4.852645299999999793e+02
3.356392143846018143e+02,4.852645299999999793e+02
3.347017644192634975e+02,4.852645299999999793e+02
3.358265982111955168e+02,4.852645299999999793e+02
3.358517504026846154e+02,4.852645299999999793e+02
3.360139820377892192e+02,4.852645299999999793e+02
3.359020814487632833e+02,4.852645299999999793e+02
3.362013658643828649e+02,4.852645299999999793e+02
3.362265842458495513e+02,4.852645299999999793e+02
3.363887496909765105e+02,4.852645299999999793e+02
3.360028503253182635e+02,4.852645299999999793e+02
3.365761335175702129e+02,4.852645299999999793e+02
3.366014180890144871e+02,4.852645299999999793e+02
3.367635173441639154e+02,4.852645299999999793e+02
3.366520140353356965e+02,4.852645299999999793e+02
3.369509011707575610e+02,4.852645299999999793e+02
3.369762519321794798e+02,4.852645299999999793e+02
3.371382849973512634e+02,4.852645299999999793e+02
2.180528300000000002e+02,3.557523199999999974e+02
3.373256688239449659e+02,6.092074999999999818e+02
3.373510857753444157e+02,6.092074999999999818e+02
3.375130526505386115e+02,6.092074999999999818e+02
3.374019466219081664e+02,6.092074999999999818e+02
3.377004364771322571e+02,6.092074999999999818e+02
3.377259196185093515e+02,6.092074999999999818e+02
3.378878203037259595e+02,6.092074999999999818e+02
3.375037762234795196e+02,6.092074999999999818e+02
3.380752041303196620e+02,6.092074999999999818e+02
3.381007534616743442e+02,6.092074999999999818e+02
3.382625879569133076e+02,6.092074999999999818e+02
3.381518792084805796e+02,6.092074999999999818e+02
3.384499717835070101e+02,6.092074999999999818e+02
3.384755873048392800e+02,6.092074999999999818e+02
3.386373556101007125e+02,6.092074999999999818e+02
3.377078681303116809e+02,6.092074999999999818e+02
3.388247394366943581e+02,6.092074999999999818e+02
3.388504211480042159e+02,6.092074999999999818e+02
3.390121232632880037e+02,6.092074999999999818e+02
3.389018117950530495e+02,6.092074999999999818e+02
3.391995070898817062e+02,6.092074999999999818e+02
3.392252549911692086e+02,6.092074999999999818e+02
3.393868909164754086e+02,6.092074999999999818e+02
3.390047021216407757e+02,6.092074999999999818e+02
3.395742747430690542e+02,6.092074999999999818e+02
3.396000888343342012e+02,6.092074999999999818e+02
3.397616585696627567e+02,6.092074999999999818e+02
3.396517443816254627e+02,6.092074999999999818e+02
3.399490423962564591e+02,6.092074999999999818e+02
3.399749226774991371e+02,6.092074999999999818e+02
3.401364262228501048e+02,6.092074999999999818e+02
3.381177913636363428e+02,6.092074999999999818e+02
3.403238100494437504e+02,6.092074999999999818e+02
3.403497565206640729e+02,6.092074999999999818e+02
3.405111938760374528e+02,6.092074999999999818e+02
3.404016769681978758e+02,6.092074999999999818e+02
3.406985777026311553e+02,6.092074999999999818e+02
3.407245903638290656e+02,6.092074999999999818e+02
3.408859615292248009e+02,6.092074999999999818e+02
3.405056280198019749e+02,6.092074999999999818e+02
3.410733453558185033e+02,6.092074999999999818e+02
3.410994242069940015e+02,6.092074999999999818e+02
3.412607291824122058e+02,6.092074999999999818e+02
3.411516095547703458e+02,6.092074999999999818e+02
3.414481130090058514e+02,6.092074999999999818e+02
3.414742580501589373e+02,6.092074999999999818e+02
3.416354968355994970e+02,6.092074999999999818e+02
3.407139718413598075e+02,6.092074999999999818e+02
3.418228806621931994e+02,6.092074999999999818e+02
3.418490918933239300e+02,6.092074999999999818e+02
3.420102644887869019e+02,6.092074999999999818e+02
3.419015421413428157e+02,6.092074999999999818e+02
3.421976483153805475e+02,6.092074999999999818e+02
3.422239257364889227e+02,6.092074999999999818e+02
3.423850321419742500e+02,6.092074999999999818e+02
3.420065539179632879e+02,6.092074999999999818e+02
3.425724159685679524e+02,2.252413300000000049e+02
3.425987595796538585e+02,2.252413300000000049e+02
3.427597997951615980e+02,2.252413300000000049e+02
3.426514747279152289e+02,2.252413300000000049e+02
3.429471836217552436e+02,2.252413300000000049e+02
3.429735934228187944e+02,2.252413300000000049e+02
3.431345674483489461e+02,2.252413300000000049e+02
2.335582599999999900e+02,3.122217999999999734e+02
3.433219512749426485e+02,2.252413300000000049e+02
3.433484272659837870e+02,2.252413300000000049e+02
3.435093351015362941e+02,2.252413300000000049e+02
3.434014073144876420e+02,2.252413300000000049e+02
3.436967189281299966e+02,2.252413300000000049e+02
3.437232611091487229e+02,2.252413300000000049e+02
3.438841027547236990e+02,2.252413300000000049e+02
3.435074798161244871e+02,2.252413300000000049e+02
3.440714865813173446e+02,2.252413300000000049e+02
3.440980949523136587e+02,2.252413300000000049e+02
3.442588704079109903e+02,2.252413300000000049e+02
3.441513399010600551e+02,2.252413300000000049e+02
3.444462542345046927e+02,2.252413300000000049e+02
3.444729287954786514e+02,2.252413300000000049e+02
3.446336380610983952e+02,2.252413300000000049e+02
3.437200755524079341e+02,2.252413300000000049e+02
3.448210218876920408e+02,2.252413300000000049e+02
3.448477626386436441e+02,2.252413300000000049e+02
3.450084057142857432e+02,2.252413300000000049e+02
3.449012724876325251e+02,2.252413300000000049e+02
3.451957895408794457e+02,2.252413300000000049e+02
3.452225964818085231e+02,2.252413300000000049e+02
3.453831733674730913e+02,2.252413300000000049e+02
3.450084057142857432e+02,2.252413300000000049e+02
3.455705571940667369e+02,2.252413300000000049e+02
3.455974303249735158e+02,2.252413300000000049e+02
3.457579410206604393e+02,2.252413300000000049e+02
3.456512050742049951e+02,2.252413300000000049e+02
3.459453248472541418e+02,2.252413300000000049e+02
3.459722641681385085e+02,2.252413300000000049e+02
3.461327086738477874e+02,2.252413300000000049e+02
3.441470789204545326e+02,2.252413300000000049e+02
3.463200925004414898e+02,2.252413300000000049e+02
3.463470980113034443e+02,2.252413300000000049e+02
3.465074763270351923e+02,2.252413300000000049e+02
3.464011376607774082e+02,2.252413300000000049e+02
3.466948601536288379e+02,2.252413300000000049e+02
3.467219318544683802e+02,2.252413300000000049e+02
3.468822439802224835e+02,2.252413300000000049e+02
3.465093316124469993e+02,2.252413300000000049e+02
3.470696278068162428e+02,2.252413300000000049e+02
3.470967656976333728e+02,2.252413300000000049e+02
3.472570116334098884e+02,2.252413300000000049e+02
3.471510702473498213e+02,2.252413300000000049e+02
3.474443954600035340e+02,2.252413300000000049e+02
3.474715995407983087e+02,2.252413300000000049e+02
3.476317792865972365e+02,2.252413300000000049e+02
3.467261792634561175e+02,2.252413300000000049e+02
3.478191631131909389e+02,2.252413300000000049e+02
3.478464333839632445e+02,2.252413300000000049e+02
3.480065469397845845e+02,2.252413300000000049e+02
3.479010028339222913e+02,2.252413300000000049e+02
3.481939307663782301e+02,2.252413300000000049e+02
3.482212672271282372e+02,2.252413300000000049e+02
3.483813145929719894e+02,2.252413300000000049e+02
3.480102575106081986e+02,2.252413300000000049e+02
3.485686984195656350e+02,2.252413300000000049e+02
3.485961010702932299e+02,2.252413300000000049e+02
3.487560822461592807e+02,2.252413300000000049e+02
3.486509354204947613e+02,2.252413300000000049e+02
3.489434660727529831e+02,2.252413300000000049e+02
3.489709349134581657e+02,2.252413300000000049e+02
3.491308498993466856e+02,2.252413300000000049e+02
2.517400199999999870e+02,2.736358599999999797e+02
3.493182337259403312e+02,4.030390600000000063e+02
3.493457687566231016e+02,4.030390600000000063e+02
3.495056175525339768e+02,4.030390600000000063e+02
3.494008680070671744e+02,4.030390600000000063e+02
3.496930013791277361e+02,4.030390600000000063e+02
3.497206025997880943e+02,4.030390600000000063e+02
3.498803852057213817e+02,4.030390600000000063e+02
3.495111834087695115e+02,4.030390600000000063e+02
3.500677690323150273e+02,4.030390600000000063e+02
3.500954364429530301e+02,4.030390600000000063e+02
3.502551528589087297e+02,4.030390600000000063e+02
3.501508005936395875e+02,4.030390600000000063e+02
3.504425366855024322e+02,4.030390600000000063e+02
3.504702702861179660e+02,4.030390600000000063e+02
3.506299205120960778e+02,4.030390600000000063e+02
3.497322829745043009e+02,4.030390600000000063e+02
3.508173043386897803e+02,4.030390600000000063e+02
3.508451041292829586e+02,4.030390600000000063e+02
3.510046881652834827e+02,4.030390600000000063e+02
3.509007331802120007e+02,4.030390600000000063e+02
3.511920719918771283e+02,4.030390600000000063e+02
3.512199379724479513e+02,4.030390600000000063e+02
3.513794558184707739e+02,4.030390600000000063e+02
3.510121093069307108e+02,4.030390600000000063e+02
3.515668396450644764e+02,4.030390600000000063e+02
3.515947718156128303e+02,4.030390600000000063e+02
3.517542234716581788e+02,4.030390600000000063e+02
3.516506657667844706e+02,4.030390600000000063e+02
3.519416072982518244e+02,4.030390600000000063e+02
3.519696056587778230e+02,4.030390600000000063e+02
3.521289911248455269e+02,4.030390600000000063e+02
3.501763664772727225e+02,4.030390600000000063e+02
3.523163749514392293e+02,4.931556400000000053e+02
3.523444395019428157e+02,4.931556400000000053e+02
3.525037587780328749e+02,4.931556400000000053e+02
3.524005983533569406e+02,4.931556400000000053e+02
3.526911426046265206e+02,4.931556400000000053e+02
3.527192733451077515e+02,4.931556400000000053e+02
3.528785264312202230e+02,4.931556400000000053e+02
3.525130352050919669e+02,4.931556400000000053e+02
3.530659102578139255e+02,4.931556400000000053e+02
3.530941071882726874e+02,4.931556400000000053e+02
3.532532940844075711e+02,4.931556400000000053e+02
3.531505309399293537e+02,4.931556400000000053e+02
3.534406779110012735e+02,4.931556400000000053e+02
3.534689410314376801e+02,4.931556400000000053e+02
3.536280617375949760e+02,4.931556400000000053e+02
3.527383866855524275e+02,4.931556400000000053e+02
3.538154455641886216e+02,4.931556400000000053e+02
3.538437748746026159e+02,4.931556400000000053e+02
3.540028293907822672e+02,4.931556400000000053e+02
3.539004635265017669e+02,4.931556400000000053e+02
3.541902132173759696e+02,4.931556400000000053e+02
3.542186087177675518e+02,4.931556400000000053e+02
3.543775970439696721e+02,4.931556400000000053e+02
3.540139611032532230e+02,4.931556400000000053e+02
3.545649808705633177e+02,4.931556400000000053e+02
3.545934425609325444e+02,4.931556400000000053e+02
3.547523646971570201e+02,4.931556400000000053e+02
3.546503961130742368e+02,4.931556400000000053e+02
3.549397485237507226e+02,4.931556400000000053e+02
3.549682764040975371e+02,4.931556400000000053e+02
3.551271323503443682e+02,4.931556400000000053e+02
2.709714999999999918e+02,2.497985799999999870e+02
3.553145161769380138e+02,4.931556400000000053e+02
3.553431102472624730e+02,4.931556400000000053e+02
3.555019000035317163e+02,4.931556400000000053e+02
3.554003286996467068e+02,4.931556400000000053e+02
3.556892838301254187e+02,4.931556400000000053e+02
3.557179440904274088e+02,4.931556400000000053e+02
3.558766676567190643e+02,4.931556400000000053e+02
3.555148870014144222e+02,4.931556400000000053e+02
3.560640514833127668e+02,4.931556400000000053e+02
3.560927779335924015e+02,4.931556400000000053e+02
3.562514353099064692e+02,4.931556400000000053e+02
3.561502612862191199e+02,4.931556400000000053e+02
3.564388191365001148e+02,4.931556400000000053e+02
3.564676117767573373e+02,4.931556400000000053e+02
3.566262029630937604e+02,4.931556400000000053e+02
3.557444903966006109e+02,4.931556400000000053e+02
3.568135867896874629e+02,4.931556400000000053e+02
3.568424456199222732e+02,4.931556400000000053e+02
3.570009706162811653e+02,4.931556400000000053e+02
3.569001938727915331e+02,4.931556400000000053e+02
3.571883544428748110e+02,4.931556400000000053e+02
3.572172794630872659e+02,4.931556400000000053e+02
3.573757382694685134e+02,4.931556400000000053e+02
3.570158128995757352e+02,4.931556400000000053e+02
3.575631220960622159e+02,4.931556400000000053e+02
3.575921133062522586e+02,4.931556400000000053e+02
3.577505059226558615e+02,4.931556400000000053e+02
3.576501264593639462e+02,4.931556400000000053e+02
3.579378897492495071e+02,4.931556400000000053e+02
3.579669471494171944e+02,4.931556400000000053e+02
3.581252735758432095e+02,4.931556400000000053e+02
3.562056540340909123e+02,4.931556400000000053e+02
3.583126574024369120e+02,2.365526099999999872e+02
3.583417809925821302e+02,2.365526099999999872e+02
3.585000412290305576e+02,2.365526099999999872e+02
3.584000590459364162e+02,2.365526099999999872e+02
3.586874250556242600e+02,2.365526099999999872e+02
3.587166148357471229e+02,2.365526099999999872e+02
3.588748088822179625e+02,2.365526099999999872e+02
3.585167387977369344e+02,2.365526099999999872e+02
3.590621927088116081e+02,2.365526099999999872e+02
3.590914486789120588e+02,2.365526099999999872e+02
3.592495765354052537e+02,2.365526099999999872e+02
3.591499916325088861e+02,2.365526099999999872e+02
3.594369603619989562e+02,2.365526099999999872e+02
3.594662825220769946e+02,2.365526099999999872e+02
3.596243441885926586e+02,2.365526099999999872e+02
3.587505941076487943e+02,2.365526099999999872e+02
3.598117280151863042e+02,2.365526099999999872e+02
3.598411163652419873e+02,2.365526099999999872e+02
3.599991118417800067e+02,2.365526099999999872e+02
3.598999242190812993e+02,2.365526099999999872e+02
3.601864956683737091e+02,2.365526099999999872e+02
3.602159502084069800e+02,2.365526099999999872e+02
3.603738794949673547e+02,2.365526099999999872e+02
3.600176646958981905e+02,2.365526099999999872e+02
3.605612633215610003e+02,2.365526099999999872e+02
3.605907840515718590e+02,2.365526099999999872e+02
3.607486471481547028e+02,2.365526099999999872e+02
3.606498568056537124e+02,2.365526099999999872e+02
3.609360309747484052e+02,2.365526099999999872e+02
3.609656178947368517e+02,2.365526099999999872e+02
3.611234148013420509e+02,2.365526099999999872e+02
2.945088200000000143e+02,2.312469499999999982e+02
3.613107986279357533e+02,2.365526099999999872e+02
3.613404517379018444e+02,2.365526099999999872e+02
3.614981824545294558e+02,2.365526099999999872e+02
3.613997893922261824e+02,2.365526099999999872e+02
3.616855662811231014e+02,2.365526099999999872e+02
3.617152855810667802e+02,2.365526099999999872e+02
3.618729501077167470e+02,2.365526099999999872e+02
3.615185905940594466e+02,2.365526099999999872e+02
3.620603339343104494e+02,2.365526099999999872e+02
3.620901194242317160e+02,2.365526099999999872e+02
3.622477177609041519e+02,2.365526099999999872e+02
3.621497219787986523e+02,2.365526099999999872e+02
3.624351015874977975e+02,2.365526099999999872e+02
3.624649532673967087e+02,2.365526099999999872e+02
3.626224854140914999e+02,2.365526099999999872e+02
3.617566978186969209e+02,2.365526099999999872e+02
3.628098692406852024e+02,2.365526099999999872e+02
3.628397871105616446e+02,2.365526099999999872e+02
3.629972530672788480e+02,2.365526099999999872e+02
3.628996545653710655e+02,2.365526099999999872e+02
3.631846368938724936e+02,2.365526099999999872e+02
3.632146209537265804e+02,2.365526099999999872e+02
3.633720207204662529e+02,2.365526099999999872e+02
3.630195164922206459e+02,2.365526099999999872e+02
3.635594045470598985e+02,3.802626999999999953e+02
3.635894547968915731e+02,3.802626999999999953e+02
3.637467883736535441e+02,3.802626999999999953e+02
3.636495871519434786e+02,3.802626999999999953e+02
3.639341722002472466e+02,3.802626999999999953e+02
3.639642886400565658e+02,3.802626999999999953e+02
3.641215560268409490e+02,3.802626999999999953e+02
3.622349415909091022e+02,2.365526099999999872e+02
3.643089398534345946e+02,3.802626999999999953e+02
3.643391224832215016e+02,3.802626999999999953e+02
3.644963236800282402e+02,3.802626999999999953e+02
3.643995197385158917e+02,3.802626999999999953e+02
3.646837075066219995e+02,3.802626999999999953e+02
3.647139563263864375e+02,3.802626999999999953e+02
3.648710913332156451e+02,3.802626999999999953e+02
3.645204423903819588e+02,3.802626999999999953e+02
3.650584751598092907e+02,3.802626999999999953e+02
3.650887901695514302e+02,3.802626999999999953e+02
3.652458589864029932e+02,3.802626999999999953e+02
3.651494523250883617e+02,3.802626999999999953e+02
3.654332428129966956e+02,3.802626999999999953e+02
3.654636240127163660e+02,3.802626999999999953e+02
3.656206266395903413e+02,3.802626999999999953e+02
3.647628015297450474e+02,3.802626999999999953e+02
3.658080104661839869e+02,5.041028999999999769e+02
3.658384578558813018e+02,5.041028999999999769e+02
3.659953942927777462e+02,5.041028999999999769e+02
3.658993849116608317e+02,5.041028999999999769e+02
3.661827781193713918e+02,5.041028999999999769e+02
3.662132916990462945e+02,5.041028999999999769e+02
3.663701619459650374e+02,5.041028999999999769e+02
3.660213682885431581e+02,5.041028999999999769e+02
3.665575457725587398e+02,5.041028999999999769e+02
3.665881255422112872e+02,5.041028999999999769e+02
3.667449295991524423e+02,5.041028999999999769e+02
3.666493174982332448e+02,5.041028999999999769e+02
3.669323134257460879e+02,5.041028999999999769e+02
3.669629593853761662e+02,5.041028999999999769e+02
3.671196972523397903e+02,5.041028999999999769e+02
3.219452200000000062e+02,2.225731199999999887e+02
3.673070810789334928e+02,5.887522999999999911e+02
3.673377932285411589e+02,5.887522999999999911e+02
3.674944649055271384e+02,5.887522999999999911e+02
3.673992500848056579e+02,5.887522999999999911e+02
3.676818487321207840e+02,5.887522999999999911e+02
3.677126270717061516e+02,5.887522999999999911e+02
3.678692325587144865e+02,5.887522999999999911e+02
3.675222941867044142e+02,5.887522999999999911e+02
3.680566163853081889e+02,5.887522999999999911e+02
3.680874609148710874e+02,5.887522999999999911e+02
3.682440002119018345e+02,5.887522999999999911e+02
3.681491826713781279e+02,5.887522999999999911e+02
3.684313840384955370e+02,5.887522999999999911e+02
3.684622947580360233e+02,5.887522999999999911e+02
3.686187678650892394e+02,5.887522999999999911e+02
3.677689052407932309e+02,5.887522999999999911e+02
3.688061516916828850e+02,5.887522999999999911e+02
3.688371286012010160e+02,5.887522999999999911e+02
3.689935355182765306e+02,5.887522999999999911e+02
3.688991152579505979e+02,5.887522999999999911e+02
3.691809193448702331e+02,5.887522999999999911e+02
3.692119624443659518e+02,5.887522999999999911e+02
3.693683031714639355e+02,5.887522999999999911e+02
3.690232200848656703e+02,5.887522999999999911e+02
3.695556869980575811e+02,5.887522999999999911e+02
3.695867962875308876e+02,5.887522999999999911e+02
3.697430708246512836e+02,5.887522999999999911e+02
3.696490478445230110e+02,5.887522999999999911e+02
3.699304546512449861e+02,5.887522999999999911e+02
3.699616301306958803e+02,5.887522999999999911e+02
3.701178384778386317e+02,5.887522999999999911e+02
3.682642291477272920e+02,5.887522999999999911e+02
3.703052223044322773e+02,5.887522999999999911e+02
3.703364639738608730e+02,5.887522999999999911e+02
3.704926061310259797e+02,5.887522999999999911e+02
3.703989804310954241e+02,5.887522999999999911e+02
3.706799899576196822e+02,5.887522999999999911e+02
3.707112978170258089e+02,5.887522999999999911e+02
3.708673737842133278e+02,5.887522999999999911e+02
3.705241459830268695e+02,5.887522999999999911e+02
3.710547576108070302e+02,5.887522999999999911e+02
3.710861316601907447e+02,5.887522999999999911e+02
3.712421414374007327e+02,5.887522999999999911e+02
3.711489130176678373e+02,5.887522999999999911e+02
3.714295252639943783e+02,5.887522999999999911e+02
3.714609655033557374e+02,5.887522999999999911e+02
3.716169090905880239e+02,5.887522999999999911e+02
3.707750089518414143e+02,5.887522999999999911e+02
3.718042929171817264e+02,5.887522999999999911e+02
3.718357993465206732e+02,5.887522999999999911e+02
3.719916767437754288e+02,5.887522999999999911e+02
3.718988456042403072e+02,5.887522999999999911e+02
3.721790605703690744e+02,5.887522999999999911e+02
3.722106331896856091e+02,5.887522999999999911e+02
3.723664443969627769e+02,5.887522999999999911e+02
3.720250718811881825e+02,5.887522999999999911e+02
3.725538282235564793e+02,5.887522999999999911e+02
3.725854670328506018e+02,5.887522999999999911e+02
3.727412120501501249e+02,5.887522999999999911e+02
3.726487781908127772e+02,5.887522999999999911e+02
3.729285958767437705e+02,5.887522999999999911e+02
3.729603008760155944e+02,5.887522999999999911e+02
3.731159797033374730e+02,5.887522999999999911e+02
3.427746000000000208e+02,2.252413300000000049e+02
3.733033635299311754e+02,5.169944000000000415e+02
3.733351347191805303e+02,5.169944000000000415e+02
3.734907473565248210e+02,5.169944000000000415e+02
3.733987107773851903e+02,5.169944000000000415e+02
3.736781311831185235e+02,5.169944000000000415e+02
3.737099685623454661e+02,5.169944000000000415e+02
3.738655150097122259e+02,5.169944000000000415e+02
3.735259977793493817e+02,5.169944000000000415e+02
3.740528988363058716e+02,5.169944000000000415e+02
3.740848024055104588e+02,5.169944000000000415e+02
3.742402826628995172e+02,5.169944000000000415e+02
3.741486433639576035e+02,5.169944000000000415e+02
3.744276664894932196e+02,5.169944000000000415e+02
3.744596362486753947e+02,5.169944000000000415e+02
3.746150503160869221e+02,5.169944000000000415e+02
3.737811126628895408e+02,5.169944000000000415e+02
3.748024341426805677e+02,5.169944000000000415e+02
3.748344700918403305e+02,5.169944000000000415e+02
3.749898179692742701e+02,5.169944000000000415e+02
3.748985759505300734e+02,5.169944000000000415e+02
3.751772017958679726e+02,5.169944000000000415e+02
3.752093039350053232e+02,5.169944000000000415e+02
3.753645856224616182e+02,5.169944000000000415e+02
3.750269236775106378e+02,5.169944000000000415e+02
3.755519694490552638e+02,5.169944000000000415e+02
3.755841377781702590e+02,5.169944000000000415e+02
3.757393532756489662e+02,5.169944000000000415e+02
3.756485085371025434e+02,5.169944000000000415e+02
3.759267371022426687e+02,2.588620599999999854e+02
3.759589716213351949e+02,2.588620599999999854e+02
3.761141209288363143e+02,2.588620599999999854e+02
3.742935167045454818e+02,5.169944000000000415e+02
3.763015047554300168e+02,3.471912800000000061e+02
3.763338054645001876e+02,3.471912800000000061e+02
3.764888885820237192e+02,3.471912800000000061e+02
3.763984411236749565e+02,3.471912800000000061e+02
3.766762724086173648e+02,3.471912800000000061e+02
3.767086393076651802e+02,3.471912800000000061e+02
3.768636562352110104e+02,3.471912800000000061e+02
3.765278495756718939e+02,3.471912800000000061e+02
3.770510400618047129e+02,3.471912800000000061e+02
3.770834731508301161e+02,3.471912800000000061e+02
3.772384238883984153e+02,3.471912800000000061e+02
3.771483737102473697e+02,3.471912800000000061e+02
3.774258077149920609e+02,3.471912800000000061e+02
3.774583069939950519e+02,3.471912800000000061e+02
3.776131915415857634e+02,3.471912800000000061e+02
3.767872163739377243e+02,3.471912800000000061e+02
3.778005753681794658e+02,3.471912800000000061e+02
3.778331408371600446e+02,3.471912800000000061e+02
3.779879591947731114e+02,3.471912800000000061e+02
3.778983062968197828e+02,3.471912800000000061e+02
3.781753430213667571e+02,3.471912800000000061e+02
3.782079746803249805e+02,3.471912800000000061e+02
3.783627268479604595e+02,3.471912800000000061e+02
3.780287754738330932e+02,3.471912800000000061e+02
3.785501106745541620e+02,3.471912800000000061e+02
3.785828085234899163e+02,3.471912800000000061e+02
3.787374945011478076e+02,3.471912800000000061e+02
3.786482388833922528e+02,3.471912800000000061e+02
3.789248783277415100e+02,3.471912800000000061e+02
3.789576423666549090e+02,3.471912800000000061e+02
3.791122621543352125e+02,3.471912800000000061e+02
3.607367199999999912e+02,2.365526099999999872e+02
3.792996459809288581e+02,5.715301500000000487e+02
3.793324762098199017e+02,5.715301500000000487e+02
3.794870298075225037e+02,5.715301500000000487e+02
3.793981714699647227e+02,5.715301500000000487e+02
3.796744136341162630e+02,5.715301500000000487e+02
3.797073100529848375e+02,5.715301500000000487e+02
3.798617974607099086e+02,5.715301500000000487e+02
3.795297013719944061e+02,5.715301500000000487e+02
3.800491812873035542e+02,5.715301500000000487e+02
3.800821438961497734e+02,5.715301500000000487e+02
3.802365651138972567e+02,5.715301500000000487e+02
3.801481040565371359e+02,5.715301500000000487e+02
3.804239489404909591e+02,5.715301500000000487e+02
3.804569777393147660e+02,5.715301500000000487e+02
3.806113327670846047e+02,5.715301500000000487e+02
3.797933200849859077e+02,5.715301500000000487e+02
3.807987165936782503e+02,5.715301500000000487e+02
3.808318115824797019e+02,5.715301500000000487e+02
3.809861004202720096e+02,5.715301500000000487e+02
3.808980366431095490e+02,5.715301500000000487e+02
3.811734842468656552e+02,5.715301500000000487e+02
3.812066454256446377e+02,5.715301500000000487e+02
3.813608680734593008e+02,5.715301500000000487e+02
3.810306272701556054e+02,5.715301500000000487e+02
3.815482519000530033e+02,5.715301500000000487e+02
3.815814792688096304e+02,5.715301500000000487e+02
3.817356357266467057e+02,5.715301500000000487e+02
3.816479692296820190e+02,5.715301500000000487e+02
3.819230195532403513e+02,5.715301500000000487e+02
3.819563131119746231e+02,5.715301500000000487e+02
3.821104033798339970e+02,5.715301500000000487e+02
3.803228042613636717e+02,5.715301500000000487e+02
3.822977872064277562e+02,3.191057000000000130e+02
3.823311469551395021e+02,3.191057000000000130e+02
3.824851710330214019e+02,3.191057000000000130e+02
3.823979018162544321e+02,3.191057000000000130e+02
3.826725548596150475e+02,3.191057000000000130e+02
3.827059807983044948e+02,3.191057000000000130e+02
3.828599386862087499e+02,3.191057000000000130e+02
3.825315531683168615e+02,3.191057000000000130e+02
3.830473225128024524e+02,3.191057000000000130e+02
3.830808146414694875e+02,3.191057000000000130e+02
3.832347063393960980e+02,3.191057000000000130e+02
3.831478344028269021e+02,3.191057000000000130e+02
3.834220901659898004e+02,3.191057000000000130e+02
3.834556484846344233e+02,3.191057000000000130e+02
3.836094739925835029e+02,3.191057000000000130e+02
3.827994237960340342e+02,3.191057000000000130e+02
3.837968578191771485e+02,3.191057000000000130e+02
3.838304823277993592e+02,3.191057000000000130e+02
3.839842416457707941e+02,3.191057000000000130e+02
3.838977669893993152e+02,3.191057000000000130e+02
3.841716254723644965e+02,3.191057000000000130e+02
3.842053161709643518e+02,3.191057000000000130e+02
3.843590092989581990e+02,3.191057000000000130e+02
3.840324790664781176e+02,3.191057000000000130e+02
3.845463931255518446e+02,2.896168200000000184e+02
3.845801500141292877e+02,2.896168200000000184e+02
3.847337769521455471e+02,2.896168200000000184e+02
3.846476995759717283e+02,2.896168200000000184e+02
3.849211607787392495e+02,2.896168200000000184e+02
3.849549838572942235e+02,2.896168200000000184e+02
3.851085446053328951e+02,5.407527999999999793e+02
3.760238299999999754e+02,2.588620599999999854e+02
3.852959284319265407e+02,5.563328999999999951e+02
3.853298177004592162e+02,5.563328999999999951e+02
3.854833122585202432e+02,5.563328999999999951e+02
3.853976321625441983e+02,5.563328999999999951e+02
3.856706960851139456e+02,5.563328999999999951e+02
3.857046515436242089e+02,5.563328999999999951e+02
3.858580799117075912e+02,5.563328999999999951e+02
3.855334049646393169e+02,5.563328999999999951e+02
3.860454637383012937e+02,5.563328999999999951e+02
3.860794853867891447e+02,5.563328999999999951e+02
3.862328475648949961e+02,5.563328999999999951e+02
3.861475647491166683e+02,5.563328999999999951e+02
3.864202313914886417e+02,5.563328999999999951e+02
3.864543192299540806e+02,5.563328999999999951e+02
3.866076152180822874e+02,5.563328999999999951e+02
3.858055275070821608e+02,5.563328999999999951e+02
3.867949990446759898e+02,5.563328999999999951e+02
3.868291530731190733e+02,5.563328999999999951e+02
3.869823828712696923e+02,5.563328999999999951e+02
3.868974973356890814e+02,5.563328999999999951e+02
3.871697666978633379e+02,5.563328999999999951e+02
3.872039869162840091e+02,5.563328999999999951e+02
3.873571505244570403e+02,5.563328999999999951e+02
3.870343308628006298e+02,5.563328999999999951e+02
3.875445343510507428e+02,5.563328999999999951e+02
3.875788207594489450e+02,5.563328999999999951e+02
3.877319181776443884e+02,5.563328999999999951e+02
3.876474299222614945e+02,5.563328999999999951e+02
3.879193020042380340e+02,5.563328999999999951e+02
3.879536546026139376e+02,5.563328999999999951e+02
3.881066858308317364e+02,5.563328999999999951e+02
3.863520918181818615e+02,5.563328999999999951e+02
3.882940696574254389e+02,5.563328999999999951e+02
3.883284884457789303e+02,5.563328999999999951e+02
3.884814534840190845e+02,5.563328999999999951e+02
3.883973625088339645e+02,5.563328999999999951e+02
3.886688373106127870e+02,5.563328999999999951e+02
3.887033222889438093e+02,5.563328999999999951e+02
3.888562211372064894e+02,5.563328999999999951e+02
3.885352567609618291e+02,5.563328999999999951e+02
3.890436049638001350e+02,5.563328999999999951e+02
3.890781561321088020e+02,5.563328999999999951e+02
3.892309887903937806e+02,5.563328999999999951e+02
3.891472950954063776e+02,5.563328999999999951e+02
3.894183726169874831e+02,5.563328999999999951e+02
3.894529899752737947e+02,5.563328999999999951e+02
3.896057564435811855e+02,5.563328999999999951e+02
3.888116312181303442e+02,5.563328999999999951e+02
3.897931402701748311e+02,5.563328999999999951e+02
3.898278238184387305e+02,5.563328999999999951e+02
3.899805240967685336e+02,5.563328999999999951e+02
3.898972276819788476e+02,5.563328999999999951e+02
3.901679079233622360e+02,5.563328999999999951e+02
3.902026576616036664e+02,5.563328999999999951e+02
3.903552917499558816e+02,5.563328999999999951e+02
3.900361826591230852e+02,5.563328999999999951e+02
3.905426755765495272e+02,5.563328999999999951e+02
3.905774915047686591e+02,5.563328999999999951e+02
3.907300594031432297e+02,5.563328999999999951e+02
3.906471602685512607e+02,5.563328999999999951e+02
3.909174432297369322e+02,5.563328999999999951e+02
3.909523253479335949e+02,5.563328999999999951e+02
3.911048270563305778e+02,5.563328999999999951e+02
3.848319700000000125e+02,2.896168200000000184e+02
3.912922108829242802e+02,5.563328999999999951e+02
3.913271591910985308e+02,5.563328999999999951e+02
3.914795947095179827e+02,5.563328999999999951e+02
3.913970928551236739e+02,5.563328999999999951e+02
3.916669785361116283e+02,5.563328999999999951e+02
3.917019930342635234e+02,5.563328999999999951e+02
3.918543623627052739e+02,5.563328999999999951e+02
3.915371085572843413e+02,5.563328999999999951e+02
3.920417461892989763e+02,5.563328999999999951e+02
3.920768268774285161e+02,5.563328999999999951e+02
3.922291300158926788e+02,5.563328999999999951e+02
3.921470254416961438e+02,5.563328999999999951e+02
3.924165138424863244e+02,5.563328999999999951e+02
3.924516607205934520e+02,5.563328999999999951e+02
3.926038976690800268e+02,5.563328999999999951e+02
3.918177349291785276e+02,5.563328999999999951e+02
3.927912814956737293e+02,5.563328999999999951e+02
3.928264945637583878e+02,5.563328999999999951e+02
3.929786653222673749e+02,5.563328999999999951e+02
3.928969580282686138e+02,5.563328999999999951e+02
3.931660491488610205e+02,5.563328999999999951e+02
3.932013284069233805e+02,5.563328999999999951e+02
3.933534329754547230e+02,5.563328999999999951e+02
3.930380344554455405e+02,5.563328999999999951e+02
3.935408168020484254e+02,5.563328999999999951e+02
3.935761622500883163e+02,5.563328999999999951e+02
3.937282006286420710e+02,5.563328999999999951e+02
3.936468906148410269e+02,5.563328999999999951e+02
3.939155844552357735e+02,5.563328999999999951e+02
3.939509960932532522e+02,5.563328999999999951e+02
3.941029682818294759e+02,5.563328999999999951e+02
3.923813793750000514e+02,5.563328999999999951e+02
3.942903521084231215e+02,5.563328999999999951e+02
3.943258299364182449e+02,5.563328999999999951e+02
3.944777359350167671e+02,5.563328999999999951e+02
3.943968232014134401e+02,5.563328999999999951e+02
3.946651197616104696e+02,5.563328999999999951e+02
3.947006637795832376e+02,5.563328999999999951e+02
3.948525035882041720e+02,5.563328999999999951e+02
3.945389603536068535e+02,5.563328999999999951e+02
3.950398874147978177e+02,5.563328999999999951e+02
3.950754976227481734e+02,5.563328999999999951e+02
3.952272712413915201e+02,5.563328999999999951e+02
3.951467557879858532e+02,5.563328999999999951e+02
3.954146550679852226e+02,5.563328999999999951e+02
3.954503314659131092e+02,5.563328999999999951e+02
3.956020388945788682e+02,5.563328999999999951e+02
3.948238386402266542e+02,5.563328999999999951e+02
3.957894227211725138e+02,5.563328999999999951e+02
3.958251653090781019e+02,5.563328999999999951e+02
3.959768065477662731e+02,5.563328999999999951e+02
3.958966883745583232e+02,5.563328999999999951e+02
3.961641903743599187e+02,5.563328999999999951e+02
3.961999991522430378e+02,5.563328999999999951e+02
3.963515742009535643e+02,5.563328999999999951e+02
3.960398862517680527e+02,5.563328999999999951e+02
3.965389580275472667e+02,5.563328999999999951e+02
3.965748329954079736e+02,5.563328999999999951e+02
3.967263418541409692e+02,5.563328999999999951e+02
3.966466209611307931e+02,5.563328999999999951e+02
3.969137256807346148e+02,5.563328999999999951e+02
3.969496668385729663e+02,5.563328999999999951e+02
3.971011095073282604e+02,5.563328999999999951e+02
3.842504000000000133e+02,3.191057000000000130e+02
3.972884933339220197e+02,5.563328999999999951e+02
3.973245006817379021e+02,5.563328999999999951e+02
3.974758771605156653e+02,5.563328999999999951e+02
3.973965535477032063e+02,5.563328999999999951e+02
3.976632609871093109e+02,5.563328999999999951e+02
3.976993345249028380e+02,5.563328999999999951e+02
3.978506448137030134e+02,5.563328999999999951e+02
3.975408121499293088e+02,5.563328999999999951e+02
3.980380286402967158e+02,5.563328999999999951e+02
3.980741683680678307e+02,5.563328999999999951e+02
3.982254124668903614e+02,5.563328999999999951e+02
3.981464861342756194e+02,5.563328999999999951e+02
3.984127962934840070e+02,5.563328999999999951e+02
3.984490022112328234e+02,5.563328999999999951e+02
3.986001801200777663e+02,5.563328999999999951e+02
3.978299423512748376e+02,5.563328999999999951e+02
3.987875639466714119e+02,5.563328999999999951e+02
3.988238360543977592e+02,5.563328999999999951e+02
3.989749477732650575e+02,5.563328999999999951e+02
3.988964187208480894e+02,5.563328999999999951e+02
3.991623315998587600e+02,5.563328999999999951e+02
3.991986698975626950e+02,5.563328999999999951e+02
3.993497154264524625e+02,5.563328999999999951e+02
3.990417380480905649e+02,5.563328999999999951e+02
3.995370992530461081e+02,5.563328999999999951e+02
3.995735037407276877e+02,5.563328999999999951e+02
3.997244830796398105e+02,5.563328999999999951e+02
3.996463513074205594e+02,5.563328999999999951e+02
3.999118669062335130e+02,5.563328999999999951e+02
3.999483375838926236e+02,5.563328999999999951e+02
4.000992507328271586e+02,5.563328999999999951e+02
3.984106669318181844e+02,5.563328999999999951e+02
4.002866345594208042e+02,5.563328999999999951e+02
4.003231714270575594e+02,5.563328999999999951e+02
4.004740183860145066e+02,5.563328999999999951e+02
4.003962838939929725e+02,5.563328999999999951e+02
4.006614022126082091e+02,5.563328999999999951e+02
4.006980052702225521e+02,5.563328999999999951e+02
4.008487860392018547e+02,5.563328999999999951e+02
4.005426639462517642e+02,5.563328999999999951e+02
4.010361698657955571e+02,5.563328999999999951e+02
4.010728391133875448e+02,5.563328999999999951e+02
4.012235536923892596e+02,5.563328999999999951e+02
4.011462164805653856e+02,5.563328999999999951e+02
4.014109375189829052e+02,5.563328999999999951e+02
4.014476729565524806e+02,5.563328999999999951e+02
4.015983213455765508e+02,5.563328999999999951e+02
4.008360460623230210e+02,5.563328999999999951e+02
4.017857051721702533e+02,5.563328999999999951e+02
4.018225067997174165e+02,5.563328999999999951e+02
4.019730889987639557e+02,5.563328999999999951e+02
4.018961490671377987e+02,5.563328999999999951e+02
4.021604728253576013e+02,5.563328999999999951e+02
4.021973406428824092e+02,5.563328999999999951e+02
4.023478566519513038e+02,5.563328999999999951e+02
4.020435898444130771e+02,5.563328999999999951e+02
4.025352404785450062e+02,5.563328999999999951e+02
4.025721744860473450e+02,5.563328999999999951e+02
4.027226243051386518e+02,5.563328999999999951e+02
4.026460816537102687e+02,5.563328999999999951e+02
4.029100081317322974e+02,5.563328999999999951e+02
4.029470083292122808e+02,5.563328999999999951e+02
4.030973919583259999e+02,5.563328999999999951e+02
3.767273999999999887e+02,3.471912800000000061e+02
4.032847757849197023e+02,5.563328999999999951e+02
4.033218421723772735e+02,5.563328999999999951e+02
4.034721596115133480e+02,5.563328999999999951e+02
4.033960142402827387e+02,5.563328999999999951e+02
4.036595434381070504e+02,5.563328999999999951e+02
4.036966760155422662e+02,5.563328999999999951e+02
4.038469272647007529e+02,5.563328999999999951e+02
4.035445157425742764e+02,5.563328999999999951e+02
4.040343110912943985e+02,5.563328999999999951e+02
4.040715098587071452e+02,5.563328999999999951e+02
4.042216949178880441e+02,5.563328999999999951e+02
4.041459468268551518e+02,5.563328999999999951e+02
4.044090787444817465e+02,5.563328999999999951e+02
4.044463437018721379e+02,5.563328999999999951e+02
4.045964625710754490e+02,5.563328999999999951e+02
4.038421497733711476e+02,5.563328999999999951e+02
4.047838463976690946e+02,5.563328999999999951e+02
4.048211775450371306e+02,5.563328999999999951e+02
4.049712302242627970e+02,5.563328999999999951e+02
4.048958794134275649e+02,5.563328999999999951e+02
4.051586140508564995e+02,5.563328999999999951e+02
4.051960113882020664e+02,5.563328999999999951e+02
4.053459978774501451e+02,5.563328999999999951e+02
4.050454416407355325e+02,5.563328999999999951e+02
4.055333817040437907e+02,5.563328999999999951e+02
4.055708452313670023e+02,5.563328999999999951e+02
4.057207655306374932e+02,5.563328999999999951e+02
4.056458120000000349e+02,5.563328999999999951e+02
4.059081493572311956e+02,5.563328999999999951e+02
4.059456790745319950e+02,5.563328999999999951e+02
4.060955331838248412e+02,5.563328999999999951e+02
4.044399544886363742e+02,5.563328999999999951e+02
4.062829170104185437e+02,5.563328999999999951e+02
4.063205129176969308e+02,5.563328999999999951e+02
4.064703008370122461e+02,5.563328999999999951e+02
4.063957445865725049e+02,5.563328999999999951e+02
4.066576846636058917e+02,5.563328999999999951e+02
4.066953467608618666e+02,5.563328999999999951e+02
4.068450684901995373e+02,5.563328999999999951e+02
4.065463675388967886e+02,5.563328999999999951e+02
4.070324523167932398e+02,5.563328999999999951e+02
4.070701806040268593e+02,5.563328999999999951e+02
4.072198361433869422e+02,5.563328999999999951e+02
4.071456771731449180e+02,5.563328999999999951e+02
4.074072199699805878e+02,5.563328999999999951e+02
4.074450144471918520e+02,5.563328999999999951e+02
4.075946037965742903e+02,5.563328999999999951e+02
4.068482534844192742e+02,5.563328999999999951e+02
4.077819876231679928e+02,5.563328999999999951e+02
4.078198482903567879e+02,5.563328999999999951e+02
4.079693714497616384e+02,5.563328999999999951e+02
4.078956097597173311e+02,5.563328999999999951e+02
4.081567552763552840e+02,5.563328999999999951e+02
4.081946821335217237e+02,5.563328999999999951e+02
4.083441391029489864e+02,5.563328999999999951e+02
4.080472934370579878e+02,5.563328999999999951e+02
4.085315229295426889e+02,5.563328999999999951e+02
4.085695159766867164e+02,5.563328999999999951e+02
4.087189067561363345e+02,5.563328999999999951e+02
4.086455423462897443e+02,5.563328999999999951e+02
4.089062905827300369e+02,5.563328999999999951e+02
4.089443498198516522e+02,5.563328999999999951e+02
4.090936744093237394e+02,5.563328999999999951e+02
3.640641800000000217e+02,3.802626999999999953e+02
4.092810582359173850e+02,5.563328999999999951e+02
4.093191836630165881e+02,5.563328999999999951e+02
4.094684420625110306e+02,5.563328999999999951e+02
4.093954749328622142e+02,5.563328999999999951e+02
4.096558258891047331e+02,5.563328999999999951e+02
4.096940175061815808e+02,5.563328999999999951e+02
4.098432097156984355e+02,5.563328999999999951e+02
4.095482193352193008e+02,5.563328999999999951e+02
4.100305935422920811e+02,5.563328999999999951e+02
4.100688513493465734e+02,5.563328999999999951e+02
4.102179773688857836e+02,5.563328999999999951e+02
4.101454075194346842e+02,5.563328999999999951e+02
4.104053611954794860e+02,5.563328999999999951e+02
4.104436851925114524e+02,5.563328999999999951e+02
4.105927450220731316e+02,5.563328999999999951e+02
4.098543571954674576e+02,5.563328999999999951e+02
4.107801288486667772e+02,5.563328999999999951e+02
4.108185190356764451e+02,5.563328999999999951e+02
4.109675126752604797e+02,5.563328999999999951e+02
4.108953401060070973e+02,5.563328999999999951e+02
4.111548965018541821e+02,5.563328999999999951e+02
4.111933528788414378e+02,5.563328999999999951e+02
4.113422803284478277e+02,5.563328999999999951e+02
4.110491452333805000e+02,5.563328999999999951e+02
4.115296641550415302e+02,5.563328999999999951e+02
4.115681867220063737e+02,5.563328999999999951e+02
4.117170479816352326e+02,5.563328999999999951e+02
4.116452726925795105e+02,5.563328999999999951e+02
4.119044318082288783e+02,5.563328999999999951e+02
4.119430205651713095e+02,5.563328999999999951e+02
4.120918156348225239e+02,5.563328999999999951e+02
4.104692420454545640e+02,5.563328999999999951e+02
4.122791994614162832e+02,5.563328999999999951e+02
4.123178544083363022e+02,5.563328999999999951e+02
4.124665832880099288e+02,5.563328999999999951e+02
4.123952052791519804e+02,5.563328999999999951e+02
4.126539671146035744e+02,5.563328999999999951e+02
4.126926882515012380e+02,5.563328999999999951e+02
4.128413509411972768e+02,5.563328999999999951e+02
4.125500711315417561e+02,5.563328999999999951e+02
4.130287347677909793e+02,5.563328999999999951e+02
4.130675220946661739e+02,5.563328999999999951e+02
4.132161185943846249e+02,5.563328999999999951e+02
4.131451378657244504e+02,5.563328999999999951e+02
4.134035024209782705e+02,5.563328999999999951e+02
4.134423559378311666e+02,5.563328999999999951e+02
4.135908862475720298e+02,5.563328999999999951e+02
4.128604609065156410e+02,5.563328999999999951e+02
4.137782700741656754e+02,5.563328999999999951e+02
4.138171897809961592e+02,5.563328999999999951e+02
4.139656539007593210e+02,5.563328999999999951e+02
4.138950704522968636e+02,5.563328999999999951e+02
4.141530377273530235e+02,5.563328999999999951e+02
4.141920236241610951e+02,5.563328999999999951e+02
4.143404215539467259e+02,5.563328999999999951e+02
4.140509970297030122e+02,5.563328999999999951e+02
4.145278053805403715e+02,5.563328999999999951e+02
4.145668574673260309e+02,5.563328999999999951e+02
4.147151892071340171e+02,5.563328999999999951e+02
4.146450030388692767e+02,5.563328999999999951e+02
4.149025730337277764e+02,5.563328999999999951e+02
4.149416913104910236e+02,5.563328999999999951e+02
4.150899568603214220e+02,5.563328999999999951e+02
3.500272499999999809e+02,4.030390600000000063e+02
4.152773406869150676e+02,5.563328999999999951e+02
4.153165251536559595e+02,5.563328999999999951e+02
4.154647245135087701e+02,5.563328999999999951e+02
4.153949356254416898e+02,5.563328999999999951e+02
4.156521083401024725e+02,5.563328999999999951e+02
4.156913589968208953e+02,5.563328999999999951e+02
4.158394921666961181e+02,5.563328999999999951e+02
4.155519229278642115e+02,5.563328999999999951e+02
4.160268759932898206e+02,5.563328999999999951e+02
4.160661928399858880e+02,5.563328999999999951e+02
4.162142598198835231e+02,5.563328999999999951e+02
4.161448682120141598e+02,5.563328999999999951e+02
4.164016436464771687e+02,5.563328999999999951e+02
4.164410266831508807e+02,5.563328999999999951e+02
4.165890274730708143e+02,5.563328999999999951e+02
4.158665646175637676e+02,5.563328999999999951e+02
4.167764112996645167e+02,5.563328999999999951e+02
4.168158605263158165e+02,5.563328999999999951e+02
4.169637951262582192e+02,5.563328999999999951e+02
4.168948007985866298e+02,5.563328999999999951e+02
4.171511789528518648e+02,5.563328999999999951e+02
4.171906943694807524e+02,5.563328999999999951e+02
4.173385627794455672e+02,5.563328999999999951e+02
4.170528488260255244e+02,5.563328999999999951e+02
4.175259466060392697e+02,5.563328999999999951e+02
4.175655282126457450e+02,5.563328999999999951e+02
4.177133304326329153e+02,5.563328999999999951e+02
4.176447333851590429e+02,5.563328999999999951e+02
4.179007142592265609e+02,5.563328999999999951e+02
4.179403620558106809e+02,5.563328999999999951e+02
4.180880980858202633e+02,5.563328999999999951e+02
4.164985296022727539e+02,5.563328999999999951e+02
4.182754819124139658e+02,5.563328999999999951e+02
4.183151958989756167e+02,5.563328999999999951e+02
4.184628657390076114e+02,5.563328999999999951e+02
4.183946659717314560e+02,5.563328999999999951e+02
4.186502495656013139e+02,5.563328999999999951e+02
4.186900297421406094e+02,5.563328999999999951e+02
4.188376333921950163e+02,5.563328999999999951e+02
4.185537747241867237e+02,5.563328999999999951e+02
4.190250172187886619e+02,5.563328999999999951e+02
4.190648635853056021e+02,5.563328999999999951e+02
4.192124010453823075e+02,5.563328999999999951e+02
4.191445985583039260e+02,5.563328999999999951e+02
4.193997848719760100e+02,5.563328999999999951e+02
4.194396974284704811e+02,5.563328999999999951e+02
4.195871686985697124e+02,5.563328999999999951e+02
4.188726683286119510e+02,5.563328999999999951e+02
4.197745525251633580e+02,5.563328999999999951e+02
4.198145312716354738e+02,5.563328999999999951e+02
4.199619363517570605e+02,5.563328999999999951e+02
4.198945311448763960e+02,5.563328999999999951e+02
4.201493201783507629e+02,5.563328999999999951e+02
4.201893651148004665e+02,5.563328999999999951e+02
4.203367040049444086e+02,5.563328999999999951e+02
4.200547006223479798e+02,5.563328999999999951e+02
4.205240878315380542e+02,5.563328999999999951e+02
4.205641989579654023e+02,5.563328999999999951e+02
4.207114716581317566e+02,5.563328999999999951e+02
4.206444637314488091e+02,5.563328999999999951e+02
4.208988554847254591e+02,5.563328999999999951e+02
4.209390328011303382e+02,5.563328999999999951e+02
4.210862393113191047e+02,5.563328999999999951e+02
3.334386999999999830e+02,4.269531200000000126e+02
4.212736231379128071e+02,5.641927500000000464e+02
4.213138666442953308e+02,5.641927500000000464e+02
4.214610069645065096e+02,5.641927500000000464e+02
4.213943963180212222e+02,5.641927500000000464e+02
4.216483907911001552e+02,5.641927500000000464e+02
4.216887004874602667e+02,5.641927500000000464e+02
4.218357746176938008e+02,5.641927500000000464e+02
4.215556265205092359e+02,5.641927500000000464e+02
4.220231584442875032e+02,5.641927500000000464e+02
4.220635343306252025e+02,5.641927500000000464e+02
4.222105422708812057e+02,5.641927500000000464e+02
4.221443289045936353e+02,5.641927500000000464e+02
4.223979260974748513e+02,5.641927500000000464e+02
4.224383681737901952e+02,5.641927500000000464e+02
4.225853099240685538e+02,5.641927500000000464e+02
4.218787720396601344e+02,5.641927500000000464e+02
4.227726937506622562e+02,5.641927500000000464e+02
4.228132020169551879e+02,5.641927500000000464e+02
4.229600775772559018e+02,5.641927500000000464e+02
4.228942614911661053e+02,5.641927500000000464e+02
4.231474614038495474e+02,5.641927500000000464e+02
4.231880358601201237e+02,5.641927500000000464e+02
4.233348452304432499e+02,5.641927500000000464e+02
4.230565524186704351e+02,5.641927500000000464e+02
4.235222290570369523e+02,5.641927500000000464e+02
4.235628697032850596e+02,5.641927500000000464e+02
4.237096128836305979e+02,5.641927500000000464e+02
4.236441940777385753e+02,5.641927500000000464e+02
4.238969967102243004e+02,5.641927500000000464e+02
4.239377035464500523e+02,5.641927500000000464e+02
4.240843805368180028e+02,5.641927500000000464e+02
4.225278171590908869e+02,5.641927500000000464e+02
4.242717643634116484e+02,5.641927500000000464e+02
4.243125373896149881e+02,5.641927500000000464e+02
4.244591481900052941e+02,5.641927500000000464e+02
4.243941266643109884e+02,5.641927500000000464e+02
4.246465320165989965e+02,5.641927500000000464e+02
4.246873712327799240e+02,5.641927500000000464e+02
4.248339158431926990e+02,5.641927500000000464e+02
4.245574783168317481e+02,5.641927500000000464e+02
4.250212996697863446e+02,5.641927500000000464e+02
4.250622050759449166e+02,5.641927500000000464e+02
4.252086834963800470e+02,5.641927500000000464e+02
4.251440592508834015e+02,5.641927500000000464e+02
4.253960673229737495e+02,5.641927500000000464e+02
4.254370389191099093e+02,5.641927500000000464e+02
4.255834511495673951e+02,5.641927500000000464e+02
4.248848757507082610e+02,5.641927500000000464e+02
4.257708349761610407e+02,5.641927500000000464e+02
4.258118727622747883e+02,5.641927500000000464e+02
4.259582188027547431e+02,5.641927500000000464e+02
4.258939918374558715e+02,5.641927500000000464e+02
4.261456026293484456e+02,5.641927500000000464e+02
4.261867066054397810e+02,5.641927500000000464e+02
4.263329864559420912e+02,5.641927500000000464e+02
4.260584042149929473e+02,5.641927500000000464e+02
4.265203702825357936e+02,5.641927500000000464e+02
4.265615404486047737e+02,5.641927500000000464e+02
4.267077541091294961e+02,5.641927500000000464e+02
4.266439244240283415e+02,5.641927500000000464e+02
4.268951379357231417e+02,5.641927500000000464e+02
4.269363742917697095e+02,5.641927500000000464e+02
4.270825217623167873e+02,5.641927500000000464e+02
3.152231400000000008e+02,4.491272000000000162e+02
4.272699055889104898e+02,5.641927500000000464e+02
4.273112081349346454e+02,5.641927500000000464e+02
4.274572894155041922e+02,5.641927500000000464e+02
4.273938570106007546e+02,5.641927500000000464e+02
4.276446732420978378e+02,5.641927500000000464e+02
4.276860419780996381e+02,5.641927500000000464e+02
4.278320570686915403e+02,5.641927500000000464e+02
4.275593301131542034e+02,5.641927500000000464e+02
4.280194408952852427e+02,5.641927500000000464e+02
4.280608758212645739e+02,5.641927500000000464e+02
4.282068247218788883e+02,5.641927500000000464e+02
4.281437895971731677e+02,5.641927500000000464e+02
4.283942085484725339e+02,5.641927500000000464e+02
4.284357096644295098e+02,5.641927500000000464e+02
4.285815923750662932e+02,5.641927500000000464e+02
4.278909794617563875e+02,5.641927500000000464e+02
4.287689762016599389e+02,5.641927500000000464e+02
4.288105435075945024e+02,5.641927500000000464e+02
4.289563600282535845e+02,5.641927500000000464e+02
4.288937221837455809e+02,5.641927500000000464e+02
4.291437438548472869e+02,5.641927500000000464e+02
4.291853773507594951e+02,5.641927500000000464e+02
4.293311276814409894e+02,5.641927500000000464e+02
4.290602560113154595e+02,5.641927500000000464e+02
4.295185115080346350e+02,5.641927500000000464e+02
4.295602111939244310e+02,5.641927500000000464e+02
4.297058953346282806e+02,5.641927500000000464e+02
4.296436547703180509e+02,5.641927500000000464e+02
4.298932791612220399e+02,5.641927500000000464e+02
4.299350450370893668e+02,5.641927500000000464e+02
4.300806629878156855e+02,5.641927500000000464e+02
4.285571047159090767e+02,5.641927500000000464e+02
4.302680468144093311e+02,5.641927500000000464e+02
4.303098788802543595e+02,5.641927500000000464e+02
4.304554306410030335e+02,5.641927500000000464e+02
4.303935873568905208e+02,5.641927500000000464e+02
4.306428144675967360e+02,5.641927500000000464e+02
4.306847127234192953e+02,5.641927500000000464e+02
4.308301982941903816e+02,5.641927500000000464e+02
4.305611819094766588e+02,5.641927500000000464e+02
4.310175821207840272e+02,5.641927500000000464e+02
4.310595465665842312e+02,5.641927500000000464e+02
4.312049659473777865e+02,5.641927500000000464e+02
4.311435199434629340e+02,5.641927500000000464e+02
4.313923497739714321e+02,5.641927500000000464e+02
4.314343804097492239e+02,5.641927500000000464e+02
4.315797336005650777e+02,5.641927500000000464e+02
4.308970831728045709e+02,5.641927500000000464e+02
4.317671174271587802e+02,5.641927500000000464e+02
4.318092142529142166e+02,5.641927500000000464e+02
4.319545012537524826e+02,5.641927500000000464e+02
4.318934525300353471e+02,5.641927500000000464e+02
4.321418850803461282e+02,5.641927500000000464e+02
4.321840480960791524e+02,5.641927500000000464e+02
4.323292689069398307e+02,5.641927500000000464e+02
4.320621078076379717e+02,5.641927500000000464e+02
4.325166527335335331e+02,5.641927500000000464e+02
4.325588819392440882e+02,5.641927500000000464e+02
4.327040365601271787e+02,5.641927500000000464e+02
4.326433851166078171e+02,5.641927500000000464e+02
4.328914203867208244e+02,5.641927500000000464e+02
4.329337157824090809e+02,5.641927500000000464e+02
4.330788042133145268e+02,5.641927500000000464e+02
2.998878799999999956e+02,4.651904299999999921e+02
4.332661880399082293e+02,5.641927500000000464e+02
4.333085496255740168e+02,5.641927500000000464e+02
4.334535718665018749e+02,5.641927500000000464e+02
4.333933177031802302e+02,5.641927500000000464e+02
4.336409556930955773e+02,5.641927500000000464e+02
4.336833834687389526e+02,5.641927500000000464e+02
4.338283395196892798e+02,5.641927500000000464e+02
4.335630337057991710e+02,5.641927500000000464e+02
4.340157233462829254e+02,5.641927500000000464e+02
4.340582173119039453e+02,5.641927500000000464e+02
4.342031071728765710e+02,5.641927500000000464e+02
4.341432502897527002e+02,5.641927500000000464e+02
4.343904909994702734e+02,5.641927500000000464e+02
4.344330511550688811e+02,5.641927500000000464e+02
4.345778748260639759e+02,5.641927500000000464e+02
4.339031868838527544e+02,5.641927500000000464e+02
4.347652586526576215e+02,5.641927500000000464e+02
4.348078849982338170e+02,5.641927500000000464e+02
4.349526424792513239e+02,5.641927500000000464e+02
4.348931828763251133e+02,5.641927500000000464e+02
4.351400263058450264e+02,5.641927500000000464e+02
4.351827188413988097e+02,5.641927500000000464e+02
4.353274101324386720e+02,5.641927500000000464e+02
4.350639596039604271e+02,5.641927500000000464e+02
4.355147939590323176e+02,5.641927500000000464e+02
4.355575526845638024e+02,5.641927500000000464e+02
4.357021777856260201e+02,5.641927500000000464e+02
4.356431154628975264e+02,5.641927500000000464e+02
4.358895616122197225e+02,5.641927500000000464e+02
4.359323865277287382e+02,5.641927500000000464e+02
4.360769454388133681e+02,5.641927500000000464e+02
4.345863922727272666e+02,5.641927500000000464e+02
4.362643292654070706e+02,5.641927500000000464e+02
4.363072203708936740e+02,5.641927500000000464e+02
4.364517130920007730e+02,5.641927500000000464e+02
4.363930480494699964e+02,5.641927500000000464e+02
4.366390969185944186e+02,5.641927500000000464e+02
4.366820542140586667e+02,5.641927500000000464e+02
4.368264807451880642e+02,5.641927500000000464e+02
4.365648855021216832e+02,5.641927500000000464e+02
4.370138645717817667e+02,5.641927500000000464e+02
4.370568880572236026e+02,5.641927500000000464e+02
4.372012483983754692e+02,5.641927500000000464e+02
4.371429806360424664e+02,5.641927500000000464e+02
4.373886322249691148e+02,5.641927500000000464e+02
4.374317219003885384e+02,5.641927500000000464e+02
4.375760160515628172e+02,5.641927500000000464e+02
4.369092905949008809e+02,5.641927500000000464e+02
4.377633998781565197e+02,5.641927500000000464e+02
4.378065557435535311e+02,5.641927500000000464e+02
4.379507837047501653e+02,5.641927500000000464e+02
4.378929132226148795e+02,5.641927500000000464e+02
4.381381675313438109e+02,5.641927500000000464e+02
4.381813895867185238e+02,5.641927500000000464e+02
4.383255513579375133e+02,5.641927500000000464e+02
4.380658114002828825e+02,5.641927500000000464e+02
4.385129351845312158e+02,5.641927500000000464e+02
4.385562234298834596e+02,5.641927500000000464e+02
4.387003190111248614e+02,5.641927500000000464e+02
4.386428458091872926e+02,5.641927500000000464e+02
4.388877028377185638e+02,5.641927500000000464e+02
4.389310572730483955e+02,5.641927500000000464e+02
4.390750866643122663e+02,5.641927500000000464e+02
2.897011400000000094e+02,4.755043999999999755e+02
4.392624704909059119e+02,5.641927500000000464e+02
4.393058911162133882e+02,5.641927500000000464e+02
4.394498543174995575e+02,5.641927500000000464e+02
4.393927783957597626e+02,5.641927500000000464e+02
4.396372381440932600e+02,5.641927500000000464e+02
4.396807249593783240e+02,5.641927500000000464e+02
4.398246219706869624e+02,5.641927500000000464e+02
4.395667372984441954e+02,5.641927500000000464e+02
4.400120057972806080e+02,5.641927500000000464e+02
4.400555588025432598e+02,5.641927500000000464e+02
4.401993896238743105e+02,5.641927500000000464e+02
4.401427109823321757e+02,5.641927500000000464e+02
4.403867734504680129e+02,5.641927500000000464e+02
4.404303926457082525e+02,5.641927500000000464e+02
4.405741572770616585e+02,5.641927500000000464e+02
4.399153943059490643e+02,5.641927500000000464e+02
4.407615411036553041e+02,5.641927500000000464e+02
4.408052264888732452e+02,5.641927500000000464e+02
4.409489249302490066e+02,5.641927500000000464e+02
4.408926435689046457e+02,5.641927500000000464e+02
4.411363087568427090e+02,5.641927500000000464e+02
4.411800603320381242e+02,5.641927500000000464e+02
4.413236925834363547e+02,5.641927500000000464e+02
4.410676631966053947e+02,5.641927500000000464e+02
4.415110764100300571e+02,5.641927500000000464e+02
4.415548941752031169e+02,5.641927500000000464e+02
4.416984602366237596e+02,5.641927500000000464e+02
4.416425761554770588e+02,5.641927500000000464e+02
4.418858440632174052e+02,5.641927500000000464e+02
4.419297280183681096e+02,5.641927500000000464e+02
4.420732278898110508e+02,5.641927500000000464e+02
4.406156798295454564e+02,5.641927500000000464e+02
4.422606117164047532e+02,5.641927500000000464e+02
4.423045618615330454e+02,5.641927500000000464e+02
4.424479955429984557e+02,5.641927500000000464e+02
4.423925087420494719e+02,5.641927500000000464e+02
4.426353793695921013e+02,5.641927500000000464e+02
4.426793957046979813e+02,5.641927500000000464e+02
4.428227631961858037e+02,5.641927500000000464e+02
4.425685890947666508e+02,5.641927500000000464e+02
4.430101470227795062e+02,5.641927500000000464e+02
4.430542295478629740e+02,5.641927500000000464e+02
4.431975308493731518e+02,5.641927500000000464e+02
4.431424413286219419e+02,5.641927500000000464e+02
4.433849146759667974e+02,5.641927500000000464e+02
4.434290633910279098e+02,5.641927500000000464e+02
4.435722985025604999e+02,5.641927500000000464e+02
4.429214980169972478e+02,5.641927500000000464e+02
4.437596823291542023e+02,5.641927500000000464e+02
4.438038972341928456e+02,5.641927500000000464e+02
4.439470661557478479e+02,5.641927500000000464e+02
4.438923739151944119e+02,5.641927500000000464e+02
4.441344499823415504e+02,5.641927500000000464e+02
4.441787310773578383e+02,5.641927500000000464e+02
4.443218338089352528e+02,5.641927500000000464e+02
4.440695149929279069e+02,5.641927500000000464e+02
4.445092176355288984e+02,5.641927500000000464e+02
4.445535649205228310e+02,5.641927500000000464e+02
4.446966014621225440e+02,5.641927500000000464e+02
4.446423065017668250e+02,5.641927500000000464e+02
4.448839852887163033e+02,5.641927500000000464e+02
4.449283987636877669e+02,5.641927500000000464e+02
4.450713691153099489e+02,5.641927500000000464e+02
2.852003199999999765e+02,4.793880599999999959e+02
4.452587529419035945e+02,5.641927500000000464e+02
4.453032326068527027e+02,5.641927500000000464e+02
4.454461367684972970e+02,5.641927500000000464e+02
4.453922390883392382e+02,5.641927500000000464e+02
4.456335205950909994e+02,5.641927500000000464e+02
4.456780664500176954e+02,5.641927500000000464e+02
4.458209044216846451e+02,5.641927500000000464e+02
4.455704408910891061e+02,5.641927500000000464e+02
4.460082882482782907e+02,5.641927500000000464e+02
4.460529002931826312e+02,5.641927500000000464e+02
4.461956720748720500e+02,5.641927500000000464e+02
4.461421716749117081e+02,5.641927500000000464e+02
4.463830559014656956e+02,5.641927500000000464e+02
4.464277341363475671e+02,5.641927500000000464e+02
4.465704397280593412e+02,5.641927500000000464e+02
4.459276017280453743e+02,5.641927500000000464e+02
4.467578235546530436e+02,5.641927500000000464e+02
4.468025679795125598e+02,5.641927500000000464e+02
4.469452073812467461e+02,5.641927500000000464e+02
4.468921042614841213e+02,5.641927500000000464e+02
4.471325912078403917e+02,5.641927500000000464e+02
4.471774018226775524e+02,5.641927500000000464e+02
4.473199750344340373e+02,5.641927500000000464e+02
4.470713667892504191e+02,5.641927500000000464e+02
4.475073588610277966e+02,5.641927500000000464e+02
4.475522356658424314e+02,5.641927500000000464e+02
4.476947426876214422e+02,5.641927500000000464e+02
4.476420368480565912e+02,5.641927500000000464e+02
4.478821265142150878e+02,5.641927500000000464e+02
4.479270695090074241e+02,5.641927500000000464e+02
4.480695103408087903e+02,5.641927500000000464e+02
4.466449673863636463e+02,5.641927500000000464e+02
4.482568941674024927e+02,5.641927500000000464e+02
4.483019033521724168e+02,5.641927500000000464e+02
4.484442779939961383e+02,5.641927500000000464e+02
4.483919694346290044e+02,5.641927500000000464e+02
4.486316618205898408e+02,5.641927500000000464e+02
4.486767371953373527e+02,5.641927500000000464e+02
4.488190456471835432e+02,5.641927500000000464e+02
4.485722926874116183e+02,5.641927500000000464e+02
4.490064294737771888e+02,5.641927500000000464e+02
4.490515710385022885e+02,5.641927500000000464e+02
4.491938133003708344e+02,5.641927500000000464e+02
4.491419020212014175e+02,5.641927500000000464e+02
4.493811971269645369e+02,5.641927500000000464e+02
4.494264048816672812e+02,5.641927500000000464e+02
4.495685809535582393e+02,5.641927500000000464e+02
4.489337054390935009e+02,5.641927500000000464e+02
4.497559647801518850e+02,5.641927500000000464e+02
4.498012387248322170e+02,5.641927500000000464e+02
4.499433486067455874e+02,5.641927500000000464e+02
4.498918346077738875e+02,5.641927500000000464e+02
4.501307324333392330e+02,5.641927500000000464e+02
4.501760725679972097e+02,5.641927500000000464e+02
4.503181162599329355e+02,5.641927500000000464e+02
4.500732185855728744e+02,5.641927500000000464e+02
4.505055000865265811e+02,5.641927500000000464e+02
4.505509064111621456e+02,5.641927500000000464e+02
4.506928839131202835e+02,5.641927500000000464e+02
4.506417671943463006e+02,5.641927500000000464e+02
4.508802677397139860e+02,5.641927500000000464e+02
4.509257402543270814e+02,5.641927500000000464e+02
4.510676515663076316e+02,5.641927500000000464e+02
2.833856200000000172e+02,4.814450699999999870e+02
4.512550353929013340e+02,5.641927500000000464e+02
4.513005740974920741e+02,5.641927500000000464e+02
4.514424192194949796e+02,5.641927500000000464e+02
4.513916997809187706e+02,5.641927500000000464e+02
4.516298030460886821e+02,5.641927500000000464e+02
4.516754079406570099e+02,5.641927500000000464e+02
4.518171868726823845e+02,5.641927500000000464e+02
4.515741444837341305e+02,5.641927500000000464e+02
4.520045706992760302e+02,5.641927500000000464e+02
4.520502417838220026e+02,5.641927500000000464e+02
4.521919545258697326e+02,5.641927500000000464e+02
4.521416323674911837e+02,5.641927500000000464e+02
4.523793383524633782e+02,5.641927500000000464e+02
4.524250756269869385e+02,5.641927500000000464e+02
4.525667221790570807e+02,5.641927500000000464e+02
4.519398091501416843e+02,5.641927500000000464e+02
4.527541060056507263e+02,5.641927500000000464e+02
4.527999094701519311e+02,5.641927500000000464e+02
4.529414898322444287e+02,5.641927500000000464e+02
4.528915649540636537e+02,5.641927500000000464e+02
4.531288736588381312e+02,5.641927500000000464e+02
4.531747433133168670e+02,5.641927500000000464e+02
4.533162574854317768e+02,5.641927500000000464e+02
4.530750703818953866e+02,5.641927500000000464e+02
4.535036413120254792e+02,5.641927500000000464e+02
4.535495771564818028e+02,5.641927500000000464e+02
4.536910251386191248e+02,5.641927500000000464e+02
4.536414975406360668e+02,5.641927500000000464e+02
4.538784089652128273e+02,5.641927500000000464e+02
4.539244109996467955e+02,5.641927500000000464e+02
4.540657927918064729e+02,5.641927500000000464e+02
4.526742549431818361e+02,5.641927500000000464e+02
4.542531766184001754e+02,5.641927500000000464e+02
4.542992448428117314e+02,5.641927500000000464e+02
4.544405604449938778e+02,5.641927500000000464e+02
4.543914301272085368e+02,5.641927500000000464e+02
4.546279442715875234e+02,5.641927500000000464e+02
4.546740786859767240e+02,5.641927500000000464e+02
4.548153280981812259e+02,5.641927500000000464e+02
4.545759962800565859e+02,5.641927500000000464e+02
4.550027119247748715e+02,5.641927500000000464e+02
4.550489125291416599e+02,5.641927500000000464e+02
4.551900957513685739e+02,5.641927500000000464e+02
4.551413627137809499e+02,5.641927500000000464e+02
4.553774795779622195e+02,5.641927500000000464e+02
4.554237463723065957e+02,5.641927500000000464e+02
4.555648634045559220e+02,5.641927500000000464e+02
4.549459128611898677e+02,5.641927500000000464e+02
4.557522472311496244e+02,5.641927500000000464e+02
4.557985802154715884e+02,5.641927500000000464e+02
4.559396310577432700e+02,5.641927500000000464e+02
4.558912953003533630e+02,5.641927500000000464e+02
4.561270148843369725e+02,5.641927500000000464e+02
4.561734140586365243e+02,5.641927500000000464e+02
4.563143987109306181e+02,5.641927500000000464e+02
4.560769221782178420e+02,5.641927500000000464e+02
4.565017825375243206e+02,5.641927500000000464e+02
4.565482479018015169e+02,5.641927500000000464e+02
4.566891663641179662e+02,5.641927500000000464e+02
4.566412278869258330e+02,5.641927500000000464e+02
4.568765501907116686e+02,5.641927500000000464e+02
4.569230817449664528e+02,5.641927500000000464e+02
4.570639340173053711e+02,5.641927500000000464e+02
2.854377999999999815e+02,4.814450699999999870e+02
4.572513178438990167e+02,5.763905999999999494e+02
4.572979155881314455e+02,5.763905999999999494e+02
4.574387016704927191e+02,5.763905999999999494e+02
4.573911604734982461e+02,5.763905999999999494e+02
4.576260854970863647e+02,5.763905999999999494e+02
4.576727494312963813e+02,5.763905999999999494e+02
4.578134693236800672e+02,5.763905999999999494e+02
4.575778480763790981e+02,5.763905999999999494e+02
4.580008531502737128e+02,5.763905999999999494e+02
4.580475832744613172e+02,5.763905999999999494e+02
4.581882369768674153e+02,5.472690400000000182e+02
4.581410930600707161e+02,5.472690400000000182e+02
4.583756208034611177e+02,5.472690400000000182e+02
4.584224171176263098e+02,5.472690400000000182e+02
4.585630046300547633e+02,5.472690400000000182e+02
4.579520165722379943e+02,5.763905999999999494e+02
4.587503884566484658e+02,5.472690400000000182e+02
4.587972509607912457e+02,5.472690400000000182e+02
4.589377722832421114e+02,5.472690400000000182e+02
4.588910256466431292e+02,5.472690400000000182e+02
4.591251561098358138e+02,5.472690400000000182e+02
4.591720848039562384e+02,5.472690400000000182e+02
4.593125399364295163e+02,5.472690400000000182e+02
4.590787739745403542e+02,5.472690400000000182e+02
4.594999237630231619e+02,5.472690400000000182e+02
4.595469186471211742e+02,5.472690400000000182e+02
4.596873075896168643e+02,5.472690400000000182e+02
4.596409582332155992e+02,5.472690400000000182e+02
4.598746914162105099e+02,5.472690400000000182e+02
4.599217524902861101e+02,5.472690400000000182e+02
4.600620752428042124e+02,5.472690400000000182e+02
4.587035425000000259e+02,5.472690400000000182e+02
4.602494590693978580e+02,5.834561999999999671e+02
4.602965863334511027e+02,5.834561999999999671e+02
4.604368428959915605e+02,5.834561999999999671e+02
4.603908908197880123e+02,5.834561999999999671e+02
4.606242267225852629e+02,5.834561999999999671e+02
4.606714201766160386e+02,5.834561999999999671e+02
4.608116105491789085e+02,5.834561999999999671e+02
4.605796998727016103e+02,5.834561999999999671e+02
4.609989943757726110e+02,5.834561999999999671e+02
4.610462540197810313e+02,5.834561999999999671e+02
4.611863782023662566e+02,5.834561999999999671e+02
4.611408234063604823e+02,5.834561999999999671e+02
4.613737620289599590e+02,5.834561999999999671e+02
4.614210878629459671e+02,5.834561999999999671e+02
4.615611458555536046e+02,5.834561999999999671e+02
4.609581202832861777e+02,5.834561999999999671e+02
4.617485296821473071e+02,5.834561999999999671e+02
4.617959217061109030e+02,5.834561999999999671e+02
4.619359135087410095e+02,5.834561999999999671e+02
4.618907559929328954e+02,5.834561999999999671e+02
4.621232973353346551e+02,5.834561999999999671e+02
4.621707555492758956e+02,5.834561999999999671e+02
4.623106811619283576e+02,5.834561999999999671e+02
4.620806257708628095e+02,5.834561999999999671e+02
4.624980649885220032e+02,5.834561999999999671e+02
4.625455893924408315e+02,5.834561999999999671e+02
4.626854488151157057e+02,5.834561999999999671e+02
4.626406885795053086e+02,5.834561999999999671e+02
4.628728326417093513e+02,5.834561999999999671e+02
4.629204232356058242e+02,5.834561999999999671e+02
4.630602164683030537e+02,5.834561999999999671e+02
2.969898999999999774e+02,4.814450699999999870e+02
4.632476002948967562e+02,5.287906500000000278e+02
4.632952570787707600e+02,5.287906500000000278e+02
4.634349841214904018e+02,5.287906500000000278e+02
4.633906211660777785e+02,5.287906500000000278e+02
4.636223679480841042e+02,5.287906500000000278e+02
4.636700909219357527e+02,5.287906500000000278e+02
4.638097517746777498e+02,5.287906500000000278e+02
4.635815516690240656e+02,5.287906500000000278e+02
4.639971356012714523e+02,5.287906500000000278e+02
4.640449247651006885e+02,5.287906500000000278e+02
4.641845194278650979e+02,5.287906500000000278e+02
4.641405537526501917e+02,5.287906500000000278e+02
4.643719032544588003e+02,5.287906500000000278e+02
4.644197586082656244e+02,5.287906500000000278e+02
4.645592870810525028e+02,5.287906500000000278e+02
4.639642239943343043e+02,5.287906500000000278e+02
4.647466709076461484e+02,5.287906500000000278e+02
4.647945924514306171e+02,5.287906500000000278e+02
4.649340547342398509e+02,5.287906500000000278e+02
4.648904863392226616e+02,5.287906500000000278e+02
4.651214385608334965e+02,5.287906500000000278e+02
4.651694262945955529e+02,5.287906500000000278e+02
4.653088223874271989e+02,5.287906500000000278e+02
4.650824775671853217e+02,5.287906500000000278e+02
4.654962062140208445e+02,5.287906500000000278e+02
4.655442601377605456e+02,5.287906500000000278e+02
4.656835900406145470e+02,5.287906500000000278e+02
4.656404189257950748e+02,5.287906500000000278e+02
4.658709738672082494e+02,5.287906500000000278e+02
4.659190939809254814e+02,5.287906500000000278e+02
4.660583576938018950e+02,5.287906500000000278e+02
4.647328300568182158e+02,5.287906500000000278e+02
4.662457415203955975e+02,5.287906500000000278e+02
4.662939278240904173e+02,5.287906500000000278e+02
4.664331253469892431e+02,5.287906500000000278e+02
4.663903515123675447e+02,5.287906500000000278e+02
4.666205091735829456e+02,5.287906500000000278e+02
4.666687616672554100e+02,5.287906500000000278e+02
4.668078930001765912e+02,5.287906500000000278e+02
4.665834034653465778e+02,5.287906500000000278e+02
4.669952768267702936e+02,5.287906500000000278e+02
4.670435955104203458e+02,5.287906500000000278e+02
4.671826606533639961e+02,5.287906500000000278e+02
4.671402840989399579e+02,5.287906500000000278e+02
4.673700444799576417e+02,5.287906500000000278e+02
4.674184293535853385e+02,5.287906500000000278e+02
4.675574283065513441e+02,5.287906500000000278e+02
4.669703277053824877e+02,5.287906500000000278e+02
4.677448121331449897e+02,5.889745000000000346e+02
4.677932631967502743e+02,5.889745000000000346e+02
4.679321959597386922e+02,5.889745000000000346e+02
4.678902166855124278e+02,5.889745000000000346e+02
4.681195797863323946e+02,5.889745000000000346e+02
4.681680970399152670e+02,5.889745000000000346e+02
4.683069636129260402e+02,5.889745000000000346e+02
4.680843293635078339e+02,5.889745000000000346e+02
4.684943474395197427e+02,5.889745000000000346e+02
4.685429308830802029e+02,5.889745000000000346e+02
4.686817312661133883e+02,5.889745000000000346e+02
4.686401492720848410e+02,5.889745000000000346e+02
4.688691150927070908e+02,5.889745000000000346e+02
4.689177647262451387e+02,5.889745000000000346e+02
4.690564989193007364e+02,5.889745000000000346e+02
3.145000999999999749e+02,4.814450699999999870e+02
4.692438827458944388e+02,5.889745000000000346e+02
4.692925985694101314e+02,5.889745000000000346e+02
4.694312665724881413e+02,5.889745000000000346e+02
4.693900818586572541e+02,5.889745000000000346e+02
4.696186503990817869e+02,5.889745000000000346e+02
4.696674324125750672e+02,5.889745000000000346e+02
4.698060342256754893e+02,5.889745000000000346e+02
4.695852552616690332e+02,5.889745000000000346e+02
4.699934180522691349e+02,5.889745000000000346e+02
4.700422662557400599e+02,5.889745000000000346e+02
4.701808018788628374e+02,5.889745000000000346e+02
4.701400144452297241e+02,5.889745000000000346e+02
4.703681857054564830e+02,5.889745000000000346e+02
4.704171000989049958e+02,5.889745000000000346e+02
4.705555695320501854e+02,5.889745000000000346e+02
4.699764314164306143e+02,5.889745000000000346e+02
4.707429533586438879e+02,5.889745000000000346e+02
4.707919339420699316e+02,5.889745000000000346e+02
4.709303371852375335e+02,5.889745000000000346e+02
4.708899470318021372e+02,5.889745000000000346e+02
4.711177210118312360e+02,5.889745000000000346e+02
4.711667677852349243e+02,5.889745000000000346e+02
4.713051048384248816e+02,5.889745000000000346e+02
4.710861811598302893e+02,5.889745000000000346e+02
4.714924886650185840e+02,5.889745000000000346e+02
4.715416016283998601e+02,5.889745000000000346e+02
4.716798724916122296e+02,5.889745000000000346e+02
4.716398796183746072e+02,5.889745000000000346e+02
4.718672563182059321e+02,5.889745000000000346e+02
4.719164354715648528e+02,5.889745000000000346e+02
4.720546401447996345e+02,5.889745000000000346e+02
4.707621176136364056e+02,5.889745000000000346e+02
4.722420239713932801e+02,5.170488000000000284e+02
4.722912693147297887e+02,5.170488000000000284e+02
4.724294077979869826e+02,5.170488000000000284e+02
4.723898122049470203e+02,5.170488000000000284e+02
4.726167916245806282e+02,5.170488000000000284e+02
4.726661031578947245e+02,5.170488000000000284e+02
4.728041754511743306e+02,5.170488000000000284e+02
4.725871070579915454e+02,5.170488000000000284e+02
4.729915592777679763e+02,5.170488000000000284e+02
4.730409370010597172e+02,5.170488000000000284e+02
4.731789431043616787e+02,5.170488000000000284e+02
4.731397447915194903e+02,5.170488000000000284e+02
4.733663269309553812e+02,5.170488000000000284e+02
4.734157708442246530e+02,5.170488000000000284e+02
4.735537107575490268e+02,5.170488000000000284e+02
4.729825351274787977e+02,5.170488000000000284e+02
4.737410945841427292e+02,5.170488000000000284e+02
4.737906046873896457e+02,5.170488000000000284e+02
4.739284784107363748e+02,5.170488000000000284e+02
4.738896773780919034e+02,5.170488000000000284e+02
4.741158622373300773e+02,5.170488000000000284e+02
4.741654385305545816e+02,5.170488000000000284e+02
4.743032460639237229e+02,5.170488000000000284e+02
4.740880329561528015e+02,5.170488000000000284e+02
4.744906298905174253e+02,5.170488000000000284e+02
4.745402723737195743e+02,5.170488000000000284e+02
4.746780137171111278e+02,5.170488000000000284e+02
4.746396099646643734e+02,5.170488000000000284e+02
4.748653975437047734e+02,5.170488000000000284e+02
4.749151062168845101e+02,5.170488000000000284e+02
4.750527813702984758e+02,5.170488000000000284e+02
3.341480000000000246e+02,4.852645299999999793e+02
4.752401651968921215e+02,5.170488000000000284e+02
4.752899400600494459e+02,5.170488000000000284e+02
4.754275490234858239e+02,5.170488000000000284e+02
4.753895425512367865e+02,5.170488000000000284e+02
4.756149328500795264e+02,5.170488000000000284e+02
4.756647739032144386e+02,5.170488000000000284e+02
4.758023166766731720e+02,5.170488000000000284e+02
4.755889588543140576e+02,5.170488000000000284e+02
4.759897005032668744e+02,5.170488000000000284e+02
4.760396077463793745e+02,5.170488000000000284e+02
4.761770843298605200e+02,5.170488000000000284e+02
4.761394751378091996e+02,5.170488000000000284e+02
4.763644681564542225e+02,5.170488000000000284e+02
4.764144415895443672e+02,5.170488000000000284e+02
4.765518519830478681e+02,5.170488000000000284e+02
4.759886388385269811e+02,5.170488000000000284e+02
4.767392358096415705e+02,5.170488000000000284e+02
4.767892754327093030e+02,5.170488000000000284e+02
4.769266196362352730e+02,5.170488000000000284e+02
4.768894077243816696e+02,5.170488000000000284e+02
4.771140034628289186e+02,5.170488000000000284e+02
4.771641092758742388e+02,5.170488000000000284e+02
4.773013872894226211e+02,5.170488000000000284e+02
4.770898847524752568e+02,5.170488000000000284e+02
4.774887711160162667e+02,5.170488000000000284e+02
4.775389431190392315e+02,5.170488000000000284e+02
4.776761549426099691e+02,5.170488000000000284e+02
4.776393403109540827e+02,5.170488000000000284e+02
4.778635387692036147e+02,5.170488000000000284e+02
4.779137769622041674e+02,5.170488000000000284e+02
4.780509225957973172e+02,5.170488000000000284e+02
4.767914051704545386e+02,5.170488000000000284e+02
4.782383064223910196e+02,5.170488000000000284e+02
4.782886108053691601e+02,5.170488000000000284e+02
4.784256902489846652e+02,5.170488000000000284e+02
4.783892728975265527e+02,5.170488000000000284e+02
4.786130740755783677e+02,5.170488000000000284e+02
4.786634446485340959e+02,5.170488000000000284e+02
4.788004579021720133e+02,5.170488000000000284e+02
4.785908106506365129e+02,5.170488000000000284e+02
4.789878417287657157e+02,5.170488000000000284e+02
4.790382784916990886e+02,5.170488000000000284e+02
4.791752255553593614e+02,5.170488000000000284e+02
4.791392054840989658e+02,5.170488000000000284e+02
4.793626093819530638e+02,5.170488000000000284e+02
4.794131123348640244e+02,5.170488000000000284e+02
4.795499932085467663e+02,5.170488000000000284e+02
4.789947425495751077e+02,5.170488000000000284e+02
4.797373770351404119e+02,5.170488000000000284e+02
4.797879461780289603e+02,5.170488000000000284e+02
4.799247608617341143e+02,5.170488000000000284e+02
4.798891380706714358e+02,5.170488000000000284e+02
4.801121446883277599e+02,5.170488000000000284e+02
4.801627800211939530e+02,5.170488000000000284e+02
4.802995285149214624e+02,5.170488000000000284e+02
4.800917365487977690e+02,5.170488000000000284e+02
4.804869123415151080e+02,5.170488000000000284e+02
4.805376138643588888e+02,5.170488000000000284e+02
4.806742961681088104e+02,5.170488000000000284e+02
4.806390706572438489e+02,5.170488000000000284e+02
4.808616799947025129e+02,5.170488000000000284e+02
4.809124477075238815e+02,5.170488000000000284e+02
4.810490638212961585e+02,5.170488000000000284e+02
3.526331200000000194e+02,4.931556400000000053e+02
4.812364476478898609e+02,5.925869000000000142e+02
4.812872815506888173e+02,5.925869000000000142e+02
4.814238314744835066e+02,5.925869000000000142e+02
4.813890032438163189e+02,5.925869000000000142e+02
4.816112153010772090e+02,5.925869000000000142e+02
4.816621153938537532e+02,5.925869000000000142e+02
4.817985991276708546e+02,5.925869000000000142e+02
4.815926624469590251e+02,5.925869000000000142e+02
4.819859829542645571e+02,5.925869000000000142e+02
4.820369492370187459e+02,5.925869000000000142e+02
4.821733667808582595e+02,5.925869000000000142e+02
4.821389358303887320e+02,5.925869000000000142e+02
4.823607506074519051e+02,5.925869000000000142e+02
4.824117830801836817e+02,5.925869000000000142e+02
4.825481344340456076e+02,5.925869000000000142e+02
4.820008462606232911e+02,5.925869000000000142e+02
4.827355182606392532e+02,5.925869000000000142e+02
4.827866169233486744e+02,5.925869000000000142e+02
4.829229020872329556e+02,5.925869000000000142e+02
4.828888684169611452e+02,5.925869000000000142e+02
4.831102859138266012e+02,5.925869000000000142e+02
4.831614507665136102e+02,5.925869000000000142e+02
4.832976697404203037e+02,5.925869000000000142e+02
4.830935883451202812e+02,5.925869000000000142e+02
4.834850535670140061e+02,5.925869000000000142e+02
4.835362846096785461e+02,5.925869000000000142e+02
4.836724373936076518e+02,5.925869000000000142e+02
4.836388010035336151e+02,5.925869000000000142e+02
4.838598212202013542e+02,5.925869000000000142e+02
4.839111184528435388e+02,5.925869000000000142e+02
4.840472050467949998e+02,5.925869000000000142e+02
4.828206927272727285e+02,5.925869000000000142e+02
4.842345888733887023e+02,5.120500500000000557e+02
4.842859522960084746e+02,5.120500500000000557e+02
4.844219726999824047e+02,5.120500500000000557e+02
4.843887335901060283e+02,5.120500500000000557e+02
4.846093565265760503e+02,5.120500500000000557e+02
4.846607861391734673e+02,5.120500500000000557e+02
4.847967403531697528e+02,5.120500500000000557e+02
4.845945142432814805e+02,5.120500500000000557e+02
4.849841241797633984e+02,5.120500500000000557e+02
4.850356199823384031e+02,5.120500500000000557e+02
4.851715080063571008e+02,5.120500500000000557e+02
4.851386661766784982e+02,5.120500500000000557e+02
4.853588918329507464e+02,5.120500500000000557e+02
4.854104538255033958e+02,5.120500500000000557e+02
4.855462756595444489e+02,5.120500500000000557e+02
4.850069499716714176e+02,5.120500500000000557e+02
4.857336594861381514e+02,5.120500500000000557e+02
4.857852876686683317e+02,5.120500500000000557e+02
4.859210433127317970e+02,5.120500500000000557e+02
4.858885987632509114e+02,5.120500500000000557e+02
4.861084271393254994e+02,5.120500500000000557e+02
4.861601215118332675e+02,5.120500500000000557e+02
4.862958109659191450e+02,5.120500500000000557e+02
4.860954401414427366e+02,5.120500500000000557e+02
4.864831947925128475e+02,5.120500500000000557e+02
4.865349553549982602e+02,5.120500500000000557e+02
4.866705786191064931e+02,5.120500500000000557e+02
4.866385313498233813e+02,5.120500500000000557e+02
4.868579624457001955e+02,5.120500500000000557e+02
4.869097891981631960e+02,5.120500500000000557e+02
4.870453462722938980e+02,5.120500500000000557e+02
3.663181799999999839e+02,5.041028999999999769e+02
4.872327300988875436e+02,5.120500500000000557e+02
4.872846230413281887e+02,5.120500500000000557e+02
4.874201139254812460e+02,5.120500500000000557e+02
4.873884639363957945e+02,5.120500500000000557e+02
4.876074977520748917e+02,5.120500500000000557e+02
4.876594568844931246e+02,5.120500500000000557e+02
4.877948815786685941e+02,5.120500500000000557e+02
4.875963660396039927e+02,5.120500500000000557e+02
4.879822654052622397e+02,5.120500500000000557e+02
4.880342907276580604e+02,5.120500500000000557e+02
4.881696492318559422e+02,5.120500500000000557e+02
4.881383965229682076e+02,5.120500500000000557e+02
4.883570330584496446e+02,5.120500500000000557e+02
4.884091245708230531e+02,5.120500500000000557e+02
4.885444168850432902e+02,5.120500500000000557e+02
4.880130536827196011e+02,5.120500500000000557e+02
4.887318007116369927e+02,5.120500500000000557e+02
4.887839584139879889e+02,5.120500500000000557e+02
4.889191845382306383e+02,5.120500500000000557e+02
4.888883291095406776e+02,5.120500500000000557e+02
4.891065683648243407e+02,5.120500500000000557e+02
4.891587922571529816e+02,5.120500500000000557e+02
4.892939521914179863e+02,5.120500500000000557e+02
4.890972919377652488e+02,5.120500500000000557e+02
4.894813360180116888e+02,5.120500500000000557e+02
4.895336261003179175e+02,5.120500500000000557e+02
4.896687198446053912e+02,5.120500500000000557e+02
4.896382616961130907e+02,5.120500500000000557e+02
4.898561036711990369e+02,5.120500500000000557e+02
4.899084599434829101e+02,5.120500500000000557e+02
4.900434874977927393e+02,5.120500500000000557e+02
4.888499802840909183e+02,5.120500500000000557e+02
4.902308713243863849e+02,5.120500500000000557e+02
4.902832937866478460e+02,5.120500500000000557e+02
4.904182551509800874e+02,5.120500500000000557e+02
4.903881942826855607e+02,5.120500500000000557e+02
4.906056389775737330e+02,5.120500500000000557e+02
4.906581276298127818e+02,5.120500500000000557e+02
4.907930228041674354e+02,5.120500500000000557e+02
4.905982178359265049e+02,5.120500500000000557e+02
4.909804066307611379e+02,5.120500500000000557e+02
4.910329614729777745e+02,5.120500500000000557e+02
4.911677904573547835e+02,5.120500500000000557e+02
4.911381268692579738e+02,5.120500500000000557e+02
4.913551742839484859e+02,5.120500500000000557e+02
4.914077953161427104e+02,5.120500500000000557e+02
4.915425581105421315e+02,5.120500500000000557e+02
4.910191573937677276e+02,5.120500500000000557e+02
4.917299419371358340e+02,5.120500500000000557e+02
4.917826291593077030e+02,5.120500500000000557e+02
4.919173257637295364e+02,5.120500500000000557e+02
4.918880594558304438e+02,5.120500500000000557e+02
4.921047095903231821e+02,5.120500500000000557e+02
4.921574630024726389e+02,5.120500500000000557e+02
4.922920934169168845e+02,5.120500500000000557e+02
4.920991437340877042e+02,5.120500500000000557e+02
4.924794772435105301e+02,5.120500500000000557e+02
4.925322968456375747e+02,5.120500500000000557e+02
4.926668610701042326e+02,5.120500500000000557e+02
4.926379920424028569e+02,5.120500500000000557e+02
4.928542448966978782e+02,5.120500500000000557e+02
4.929071306888025674e+02,5.120500500000000557e+02
4.930416287232915806e+02,5.120500500000000557e+02
3.758613599999999906e+02,5.169944000000000415e+02
4.932290125498852831e+02,5.874243000000000166e+02
4.932819645319675033e+02,5.874243000000000166e+02
4.934163963764789287e+02,5.874243000000000166e+02
4.933879246289753269e+02,5.874243000000000166e+02
4.936037802030726311e+02,5.874243000000000166e+02
4.936567983751324959e+02,5.874243000000000166e+02
4.937911640296662767e+02,5.874243000000000166e+02
4.936000696322489603e+02,5.874243000000000166e+02
4.939785478562599792e+02,5.874243000000000166e+02
4.940316322182974318e+02,5.874243000000000166e+02
4.941659316828536248e+02,5.874243000000000166e+02
4.941378572155477400e+02,5.874243000000000166e+02
4.943533155094473273e+02,5.874243000000000166e+02
4.944064660614623676e+02,5.874243000000000166e+02
4.945406993360410297e+02,5.874243000000000166e+02
4.940252611048159110e+02,5.874243000000000166e+02
4.947280831626346753e+02,5.874243000000000166e+02
4.947812999046273603e+02,5.874243000000000166e+02
4.949154669892283778e+02,5.874243000000000166e+02
4.948877898021201531e+02,5.874243000000000166e+02
4.951028508158220234e+02,5.874243000000000166e+02
4.951561337477922962e+02,5.874243000000000166e+02
4.952902346424157258e+02,5.874243000000000166e+02
4.951009955304102164e+02,5.874243000000000166e+02
4.954776184690093714e+02,5.874243000000000166e+02
4.955309675909572888e+02,5.874243000000000166e+02
4.956650022956030739e+02,5.874243000000000166e+02
4.956377223886926231e+02,5.874243000000000166e+02
4.958523861221967763e+02,5.874243000000000166e+02
4.959058014341222247e+02,5.874243000000000166e+02
4.960397699487904219e+02,5.874243000000000166e+02
4.948792678409091081e+02,5.874243000000000166e+02
4.962271537753841244e+02,5.874243000000000166e+02
4.962806352772872174e+02,5.874243000000000166e+02
4.964145376019777700e+02,5.874243000000000166e+02
4.963876549752650362e+02,5.874243000000000166e+02
4.966019214285714725e+02,5.874243000000000166e+02
4.966554691204521532e+02,5.874243000000000166e+02
4.967893052551651181e+02,5.874243000000000166e+02
4.966019214285714725e+02,5.874243000000000166e+02
4.969766890817588205e+02,5.874243000000000166e+02
4.970303029636170891e+02,5.874243000000000166e+02
4.971640729083525230e+02,5.874243000000000166e+02
4.971375875618375062e+02,5.874243000000000166e+02
4.973514567349461686e+02,5.874243000000000166e+02
4.974051368067820817e+02,5.874243000000000166e+02
4.975388405615398710e+02,5.874243000000000166e+02
4.970313648158640945e+02,5.874243000000000166e+02
4.977262243881335166e+02,5.874243000000000166e+02
4.977799706499470176e+02,5.874243000000000166e+02
4.979136082147272191e+02,5.103399699999999939e+02
4.978875201484099193e+02,5.103399699999999939e+02
4.981009920413208647e+02,5.103399699999999939e+02
4.981548044931120103e+02,5.103399699999999939e+02
4.982883758679145672e+02,5.103399699999999939e+02
4.981028473267327286e+02,5.103399699999999939e+02
4.984757596945082696e+02,5.103399699999999939e+02
4.985296383362769461e+02,5.103399699999999939e+02
4.986631435211019152e+02,5.103399699999999939e+02
4.986374527349823893e+02,5.103399699999999939e+02
4.988505273476956177e+02,5.103399699999999939e+02
4.989044721794418820e+02,5.103399699999999939e+02
4.990379111742892633e+02,5.103399699999999939e+02
3.851025399999999763e+02,5.407527999999999793e+02
4.992252950008829657e+02,5.103399699999999939e+02
4.992793060226068746e+02,5.103399699999999939e+02
4.994126788274766113e+02,5.103399699999999939e+02
4.993873853215548024e+02,5.103399699999999939e+02
4.996000626540703138e+02,5.103399699999999939e+02
4.996541398657718105e+02,5.103399699999999939e+02
4.997874464806640162e+02,5.103399699999999939e+02
4.996037732248939278e+02,5.103399699999999939e+02
4.999748303072576618e+02,5.103399699999999939e+02
5.000289737089368032e+02,5.103399699999999939e+02
5.001622141338513643e+02,5.103399699999999939e+02
5.001373179081272724e+02,5.103399699999999939e+02
5.003495979604450099e+02,5.103399699999999939e+02
5.004038075521017390e+02,5.103399699999999939e+02
5.005369817870387124e+02,5.103399699999999939e+02
5.000374685269122210e+02,5.103399699999999939e+02
5.007243656136324148e+02,5.103399699999999939e+02
5.007786413952667317e+02,5.103399699999999939e+02
5.009117494402260604e+02,5.103399699999999939e+02
5.008872504946996855e+02,5.103399699999999939e+02
5.010991332668197629e+02,5.103399699999999939e+02
5.011534752384316675e+02,5.103399699999999939e+02
5.012865170934134085e+02,5.103399699999999939e+02
5.011046991230551839e+02,5.103399699999999939e+02
5.014739009200071109e+02,5.103399699999999939e+02
5.015283090815966034e+02,5.103399699999999939e+02
5.016612847466007565e+02,5.103399699999999939e+02
5.016371830812720987e+02,5.103399699999999939e+02
5.018486685731944590e+02,5.103399699999999939e+02
5.019031429247615961e+02,5.103399699999999939e+02
5.020360523997881614e+02,5.103399699999999939e+02
5.009085553977272980e+02,5.103399699999999939e+02
5.022234362263818070e+02,5.103399699999999939e+02
5.022779767679265319e+02,5.103399699999999939e+02
5.024108200529755095e+02,5.103399699999999939e+02
5.023871156678445686e+02,5.103399699999999939e+02
5.025982038795691551e+02,5.103399699999999939e+02
5.026528106110915246e+02,5.103399699999999939e+02
5.027855877061628576e+02,5.103399699999999939e+02
5.026056250212164400e+02,5.103399699999999939e+02
5.029729715327565032e+02,5.103399699999999939e+02
5.030276444542564604e+02,5.103399699999999939e+02
5.031603553593502056e+02,5.103399699999999939e+02
5.031370482544169818e+02,5.103399699999999939e+02
5.033477391859439081e+02,5.103399699999999939e+02
5.034024782974213963e+02,5.103399699999999939e+02
5.035351230125375537e+02,5.103399699999999939e+02
5.030435722379604044e+02,5.103399699999999939e+02
5.037225068391312561e+02,5.103399699999999939e+02
5.037773121405863890e+02,5.103399699999999939e+02
5.039098906657249017e+02,5.103399699999999939e+02
5.038869808409894517e+02,5.103399699999999939e+02
5.040972744923186042e+02,5.103399699999999939e+02
5.041521459837513248e+02,5.103399699999999939e+02
5.042846583189122498e+02,5.103399699999999939e+02
5.041065509193776961e+02,5.103399699999999939e+02
5.044720421455059522e+02,5.103399699999999939e+02
5.045269798269163175e+02,5.103399699999999939e+02
5.046594259720996547e+02,5.103399699999999939e+02
5.046369134275618649e+02,5.103399699999999939e+02
5.048468097986933003e+02,5.103399699999999939e+02
5.049018136700812533e+02,5.103399699999999939e+02
5.050341936252870028e+02,5.103399699999999939e+02
3.858522600000000011e+02,5.563328999999999951e+02
5.052215774518806484e+02,5.748144499999999653e+02
5.052766475132461892e+02,5.748144499999999653e+02
5.054089612784743508e+02,5.748144499999999653e+02
5.053868460141343348e+02,5.748144499999999653e+02
5.055963451050679964e+02,5.748144499999999653e+02
5.056514813564111819e+02,5.748144499999999653e+02
5.057837289316616989e+02,5.748144499999999653e+02
5.056074768175389522e+02,5.748144499999999653e+02
5.059711127582554013e+02,5.748144499999999653e+02
5.060263151995761177e+02,5.748144499999999653e+02
5.061584965848490469e+02,5.748144499999999653e+02
5.061367786007067480e+02,5.748144499999999653e+02
5.063458804114427494e+02,5.748144499999999653e+02
5.064011490427411104e+02,5.748144499999999653e+02
5.065332642380363950e+02,5.748144499999999653e+02
5.060496759490085310e+02,5.748144499999999653e+02
5.067206480646300975e+02,5.748144499999999653e+02
5.067759828859060462e+02,5.748144499999999653e+02
5.069080318912237431e+02,5.748144499999999653e+02
5.068867111872792179e+02,5.748144499999999653e+02
5.070954157178174455e+02,5.748144499999999653e+02
5.071508167290710389e+02,5.748144499999999653e+02
5.072827995444111480e+02,5.748144499999999653e+02
5.071084027157001515e+02,5.748144499999999653e+02
5.074701833710047936e+02,5.748144499999999653e+02
5.075256505722359748e+02,5.748144499999999653e+02
5.076575671975984960e+02,5.748144499999999653e+02
5.076366437738516311e+02,5.748144499999999653e+02
5.078449510241921416e+02,5.748144499999999653e+02
5.079004844154009106e+02,5.748144499999999653e+02
5.080323348507858441e+02,5.748144499999999653e+02
5.069378429545454878e+02,5.748144499999999653e+02
5.082197186773795465e+02,5.748144499999999653e+02
5.082753182585659033e+02,5.748144499999999653e+02
5.084071025039731921e+02,5.748144499999999653e+02
5.083865763604240442e+02,5.748144499999999653e+02
5.085944863305668946e+02,5.748144499999999653e+02
5.086501521017308391e+02,5.748144499999999653e+02
5.087818701571605402e+02,5.748144499999999653e+02
5.086093286138614076e+02,5.748144499999999653e+02
5.089692539837542427e+02,5.748144499999999653e+02
5.090249859448958318e+02,5.748144499999999653e+02
5.091566378103478883e+02,5.748144499999999653e+02
5.091365089469965142e+02,5.748144499999999653e+02
5.093440216369415907e+02,5.748144499999999653e+02
5.093998197880607677e+02,5.748144499999999653e+02
5.095314054635352932e+02,5.748144499999999653e+02
5.090557796600567144e+02,5.748144499999999653e+02
5.097187892901289388e+02,5.748144499999999653e+02
5.097746536312257035e+02,5.748144499999999653e+02
5.099061731167226412e+02,5.748144499999999653e+02
5.098864415335689273e+02,5.748144499999999653e+02
5.100935569433162868e+02,5.748144499999999653e+02
5.101494874743906962e+02,5.748144499999999653e+02
5.102809407699099893e+02,5.748144499999999653e+02
5.101102545120226637e+02,5.748144499999999653e+02
5.104683245965036349e+02,5.748144499999999653e+02
5.105243213175556320e+02,5.748144499999999653e+02
5.106557084230973373e+02,5.748144499999999653e+02
5.106363741201413973e+02,5.748144499999999653e+02
5.108430922496910398e+02,5.748144499999999653e+02
5.108991551607206247e+02,5.748144499999999653e+02
5.110304760762846854e+02,5.748144499999999653e+02
3.809577600000000075e+02,5.715301500000000487e+02
5.112178599028783879e+02,5.748144499999999653e+02
5.112739890038855606e+02,5.748144499999999653e+02
5.114052437294720335e+02,5.748144499999999653e+02
5.113863067067138104e+02,5.748144499999999653e+02
5.115926275560657359e+02,5.748144499999999653e+02
5.116488228470505533e+02,5.748144499999999653e+02
5.117800113826593815e+02,5.748144499999999653e+02
5.116111804101839198e+02,5.748144499999999653e+02
5.119673952092530840e+02,5.748144499999999653e+02
5.120236566902154891e+02,5.748144499999999653e+02
5.121547790358467864e+02,5.748144499999999653e+02
5.121362392932862804e+02,5.748144499999999653e+02
5.123421628624404320e+02,5.748144499999999653e+02
5.123984905333804818e+02,5.748144499999999653e+02
5.125295466890340776e+02,5.748144499999999653e+02
5.120618833711048410e+02,5.748144499999999653e+02
5.127169305156278369e+02,5.748144499999999653e+02
5.127733243765453608e+02,5.748144499999999653e+02
5.129043143422214825e+02,5.748144499999999653e+02
5.128861718798586935e+02,5.748144499999999653e+02
5.130916981688151282e+02,5.748144499999999653e+02
5.131481582197103535e+02,5.748144499999999653e+02
5.132790819954088875e+02,5.748144499999999653e+02
5.131121063083451190e+02,5.748144499999999653e+02
5.134664658220025331e+02,5.748144499999999653e+02
5.135229920628753462e+02,5.748144499999999653e+02
5.136538496485961787e+02,5.748144499999999653e+02
5.136361044664311066e+02,5.748144499999999653e+02
5.138412334751899380e+02,5.124863000000000284e+02
5.138978259060402252e+02,5.124863000000000284e+02
5.140286173017834699e+02,5.124863000000000284e+02
5.129671305113636208e+02,5.748144499999999653e+02
5.142160011283772292e+02,5.124863000000000284e+02
5.142726597492052178e+02,5.124863000000000284e+02
5.144033849549708748e+02,5.124863000000000284e+02
5.143860370530035198e+02,5.124863000000000284e+02
5.145907687815645204e+02,5.124863000000000284e+02
5.146474935923702105e+02,5.124863000000000284e+02
5.147781526081582797e+02,5.124863000000000284e+02
5.146130322065064320e+02,5.124863000000000284e+02
5.149655364347519253e+02,5.124863000000000284e+02
5.150223274355350895e+02,5.124863000000000284e+02
5.151529202613455709e+02,5.124863000000000284e+02
5.151359696395759329e+02,5.124863000000000284e+02
5.153403040879393302e+02,5.124863000000000284e+02
5.153971612787001959e+02,5.124863000000000284e+02
5.155276879145329758e+02,5.124863000000000284e+02
5.150679870821529676e+02,5.124863000000000284e+02
5.157150717411266214e+02,5.124863000000000284e+02
5.157719951218650749e+02,5.124863000000000284e+02
5.159024555677203807e+02,5.124863000000000284e+02
5.158859022261484597e+02,5.124863000000000284e+02
5.160898393943140263e+02,5.124863000000000284e+02
5.161468289650300676e+02,5.124863000000000284e+02
5.162772232209076719e+02,5.124863000000000284e+02
5.161139581046676312e+02,5.124863000000000284e+02
5.164646070475014312e+02,5.124863000000000284e+02
5.165216628081950603e+02,5.124863000000000284e+02
5.166519908740949631e+02,5.124863000000000284e+02
5.166358348127208728e+02,5.124863000000000284e+02
5.168393747006887224e+02,5.124863000000000284e+02
5.168964966513599393e+02,5.124863000000000284e+02
5.170267585272824817e+02,5.124863000000000284e+02
3.690006999999999948e+02,5.887522999999999911e+02
5.172141423538760137e+02,5.608438999999999623e+02
5.172713304945249320e+02,5.608438999999999623e+02
5.174015261804697730e+02,5.608438999999999623e+02
5.173857673992933996e+02,5.608438999999999623e+02
5.175889100070634186e+02,5.608438999999999623e+02
5.176461643376899247e+02,5.608438999999999623e+02
5.177762938336570642e+02,5.608438999999999623e+02
5.176148840028288305e+02,5.608438999999999623e+02
5.179636776602508235e+02,5.608438999999999623e+02
5.180209981808548036e+02,5.608438999999999623e+02
5.181510614868444691e+02,5.608438999999999623e+02
5.181356999858658128e+02,5.608438999999999623e+02
5.183384453134381147e+02,5.608438999999999623e+02
5.183958320240197963e+02,5.608438999999999623e+02
5.185258291400318740e+02,5.608438999999999623e+02
5.180740907932012078e+02,5.608438999999999623e+02
5.187132129666255196e+02,5.608438999999999623e+02
5.187706658671847890e+02,5.608438999999999623e+02
5.189005967932191652e+02,5.608438999999999623e+02
5.188856325724382259e+02,5.608438999999999623e+02
5.190879806198129245e+02,5.608438999999999623e+02
5.191454997103496680e+02,5.608438999999999623e+02
5.192753644464064564e+02,5.608438999999999623e+02
5.191158099009901434e+02,5.608438999999999623e+02
5.194627482730002157e+02,5.608438999999999623e+02
5.195203335535146607e+02,5.608438999999999623e+02
5.196501320995939750e+02,5.608438999999999623e+02
5.196355651590106390e+02,5.608438999999999623e+02
5.198375159261875069e+02,5.608438999999999623e+02
5.198951673966796534e+02,5.608438999999999623e+02
5.200248997527812662e+02,5.608438999999999623e+02
5.189964180681818107e+02,5.608438999999999623e+02
5.202122835793749118e+02,5.608438999999999623e+02
5.202700012398445324e+02,5.608438999999999623e+02
5.203996674059685574e+02,5.608438999999999623e+02
5.203854977455830522e+02,5.608438999999999623e+02
5.205870512325623167e+02,5.608438999999999623e+02
5.206448350830095251e+02,5.608438999999999623e+02
5.207744350591559623e+02,5.608438999999999623e+02
5.206167357991514564e+02,5.608438999999999623e+02
5.209618188857496079e+02,5.608438999999999623e+02
5.210196689261745178e+02,5.608438999999999623e+02
5.211492027123433672e+02,5.608438999999999623e+02
5.211354303321554653e+02,5.608438999999999623e+02
5.213365865389370128e+02,5.608438999999999623e+02
5.213945027693393968e+02,5.608438999999999623e+02
5.215239703655306585e+02,5.608438999999999623e+02
5.210801945042493344e+02,5.608438999999999623e+02
5.217113541921244178e+02,5.608438999999999623e+02
5.217693366125045031e+02,5.608438999999999623e+02
5.218987380187179497e+02,5.608438999999999623e+02
5.218853629187278784e+02,5.608438999999999623e+02
5.220861218453117090e+02,5.608438999999999623e+02
5.221441704556693821e+02,5.608438999999999623e+02
5.222735056719054683e+02,5.608438999999999623e+02
5.221176616973125419e+02,5.608438999999999623e+02
5.224608894984990002e+02,5.608438999999999623e+02
5.225190042988343748e+02,5.608438999999999623e+02
5.226482733250927595e+02,5.608438999999999623e+02
5.226352955053004052e+02,5.608438999999999623e+02
5.228356571516864051e+02,5.608438999999999623e+02
5.228938381419993675e+02,5.608438999999999623e+02
5.230230409782800507e+02,5.608438999999999623e+02
3.414843799999999874e+02,6.092074999999999818e+02
5.232104248048738100e+02,5.608438999999999623e+02
5.232686719851642465e+02,5.608438999999999623e+02
5.233978086314674556e+02,5.608438999999999623e+02
5.233852280918728184e+02,5.608438999999999623e+02
5.235851924580611012e+02,5.608438999999999623e+02
5.236435058283292392e+02,5.608438999999999623e+02
5.237725762846548605e+02,5.608438999999999623e+02
5.236185875954738549e+02,5.608438999999999623e+02
5.239599601112485061e+02,5.608438999999999623e+02
5.240183396714942319e+02,5.608438999999999623e+02
5.241473439378421517e+02,5.608438999999999623e+02
5.241351606784453452e+02,5.608438999999999623e+02
5.243347277644359110e+02,5.608438999999999623e+02
5.243931735146591109e+02,5.608438999999999623e+02
5.245221115910295566e+02,5.608438999999999623e+02
5.240862982152975746e+02,5.608438999999999623e+02
5.247094954176232022e+02,5.608438999999999623e+02
5.247680073578241036e+02,5.608438999999999623e+02
5.248968792442169615e+02,5.608438999999999623e+02
5.248850932650177583e+02,5.608438999999999623e+02
5.250842630708104934e+02,5.608438999999999623e+02
5.251428412009890963e+02,5.608438999999999623e+02
5.252716468974042527e+02,5.608438999999999623e+02
5.251195134936351678e+02,5.608438999999999623e+02
5.254590307239978983e+02,5.608438999999999623e+02
5.255176750441539753e+02,5.608438999999999623e+02
5.256464145505915440e+02,5.608438999999999623e+02
5.256350258515901714e+02,5.608438999999999623e+02
5.258337983771853033e+02,5.608438999999999623e+02
5.258925088873189679e+02,5.608438999999999623e+02
5.260211822037789489e+02,5.608438999999999623e+02
5.250257056250000005e+02,5.608438999999999623e+02
5.262085660303725945e+02,5.608438999999999623e+02
5.262673427304839606e+02,5.608438999999999623e+02
5.263959498569663538e+02,5.608438999999999623e+02
5.263849584381625846e+02,5.608438999999999623e+02
5.265833336835599994e+02,5.608438999999999623e+02
5.266421765736488396e+02,5.608438999999999623e+02
5.267707175101536450e+02,5.608438999999999623e+02
5.266204393917963671e+02,5.608438999999999623e+02
5.269581013367474043e+02,5.608438999999999623e+02
5.270170104168139460e+02,5.608438999999999623e+02
5.271454851633410499e+02,5.608438999999999623e+02
5.271348910247349977e+02,5.608438999999999623e+02
5.273328689899346955e+02,5.608438999999999623e+02
5.273918442599788250e+02,5.608438999999999623e+02
5.275202528165284548e+02,5.608438999999999623e+02
5.270924019263457012e+02,5.608438999999999623e+02
5.277076366431219867e+02,5.608438999999999623e+02
5.277666781031437040e+02,5.608438999999999623e+02
5.278950204697157460e+02,5.608438999999999623e+02
5.278848236113074108e+02,5.608438999999999623e+02
5.280824042963093916e+02,5.608438999999999623e+02
5.281415119463088104e+02,5.608438999999999623e+02
5.282697881229030372e+02,5.608438999999999623e+02
5.281213652899575663e+02,5.608438999999999623e+02
5.284571719494967965e+02,5.608438999999999623e+02
5.285163457894736894e+02,5.608438999999999623e+02
5.286445557760904421e+02,5.608438999999999623e+02
5.286347561978798240e+02,5.608438999999999623e+02
5.288319396026840877e+02,5.608438999999999623e+02
5.288911796326386821e+02,5.608438999999999623e+02
5.290193234292778470e+02,5.608438999999999623e+02
3.075693999999999733e+02,6.243596000000000004e+02
5.292067072558714926e+02,5.481073000000000093e+02
5.292660134758036747e+02,5.481073000000000093e+02
5.293940910824651382e+02,5.481073000000000093e+02
5.293846887844523508e+02,5.481073000000000093e+02
5.295814749090588975e+02,5.481073000000000093e+02
5.296408473189685537e+02,5.481073000000000093e+02
5.297688587356525431e+02,5.481073000000000093e+02
5.296222911881188793e+02,5.481073000000000093e+02
5.299562425622461888e+02,5.481073000000000093e+02
5.300156811621335464e+02,5.481073000000000093e+02
5.301436263888399480e+02,5.481073000000000093e+02
5.301346213710247639e+02,5.481073000000000093e+02
5.303310102154334800e+02,5.481073000000000093e+02
5.303905150052985391e+02,5.481073000000000093e+02
5.305183940420272393e+02,5.481073000000000093e+02
5.300985056373938278e+02,5.481073000000000093e+02
5.307057778686208849e+02,5.481073000000000093e+02
5.307653488484634181e+02,5.481073000000000093e+02
5.308931616952145305e+02,5.481073000000000093e+02
5.308845539575972907e+02,5.481073000000000093e+02
5.310805455218082898e+02,5.481073000000000093e+02
5.311401826916284108e+02,5.481073000000000093e+02
5.312679293484019354e+02,5.481073000000000093e+02
5.311232170862800785e+02,5.481073000000000093e+02
5.314553131749955810e+02,5.481073000000000093e+02
5.315150165347934035e+02,5.481073000000000093e+02
5.316426970015893403e+02,5.481073000000000093e+02
5.316344865441697038e+02,5.481073000000000093e+02
5.318300808281829859e+02,5.481073000000000093e+02
5.318898503779582825e+02,5.481073000000000093e+02
5.320174646547766315e+02,5.481073000000000093e+02
5.310549931818181904e+02,5.481073000000000093e+02
5.322048484813703908e+02,5.481073000000000093e+02
5.322646842211232752e+02,5.481073000000000093e+02
5.323922323079640364e+02,5.481073000000000093e+02
5.323844191307421170e+02,5.481073000000000093e+02
5.325796161345576820e+02,5.481073000000000093e+02
5.326395180642882679e+02,5.481073000000000093e+02
5.327669999611514413e+02,5.481073000000000093e+02
5.326241429844412778e+02,5.481073000000000093e+02
5.329543837877449732e+02,5.481073000000000093e+02
5.330143519074531469e+02,5.481073000000000093e+02
5.331417676143387325e+02,5.481073000000000093e+02
5.331343517173145301e+02,5.481073000000000093e+02
5.333291514409324918e+02,5.481073000000000093e+02
5.333891857506182532e+02,5.481073000000000093e+02
5.335165352675260237e+02,5.481073000000000093e+02
5.331046093484419544e+02,5.481073000000000093e+02
5.337039190941197830e+02,5.481073000000000093e+02
5.337640195937831322e+02,5.481073000000000093e+02
5.338913029207134286e+02,5.481073000000000093e+02
5.338842843038869432e+02,5.481073000000000093e+02
5.340786867473070743e+02,5.481073000000000093e+02
5.341388534369480112e+02,5.481073000000000093e+02
5.342660705739008336e+02,5.481073000000000093e+02
5.341250688826025907e+02,5.481073000000000093e+02
5.344534544004944792e+02,5.481073000000000093e+02
5.345136872801131176e+02,5.481073000000000093e+02
5.346408382270881248e+02,5.481073000000000093e+02
5.346342168904593564e+02,5.481073000000000093e+02
5.348282220536818841e+02,5.481073000000000093e+02
5.348885211232779966e+02,5.481073000000000093e+02
5.350156058802755297e+02,5.481073000000000093e+02
2.710835599999999772e+02,6.321362000000000307e+02
5.352029897068691753e+02,5.410263700000000426e+02
5.352633549664429893e+02,5.410263700000000426e+02
5.353903735334629346e+02,5.410263700000000426e+02
5.353841494770317695e+02,5.410263700000000426e+02
5.355777573600564665e+02,5.410263700000000426e+02
5.356381888096079820e+02,5.410263700000000426e+02
5.357651411866502258e+02,5.410263700000000426e+02
5.356259947807639037e+02,5.410263700000000426e+02
5.359525250132439851e+02,5.410263700000000426e+02
5.360130226527728610e+02,5.410263700000000426e+02
5.361399088398375170e+02,5.410263700000000426e+02
5.361340820636042963e+02,5.410263700000000426e+02
5.363272926664312763e+02,5.410263700000000426e+02
5.363878564959378537e+02,5.410263700000000426e+02
5.365146764930249219e+02,5.410263700000000426e+02
5.361107130594900809e+02,5.410263700000000426e+02
5.367020603196185675e+02,5.410263700000000426e+02
5.367626903391028463e+02,5.410263700000000426e+02
5.368894441462123268e+02,5.410263700000000426e+02
5.368840146501767094e+02,5.410263700000000426e+02
5.370768279728059724e+02,5.410263700000000426e+02
5.371375241822677253e+02,5.410263700000000426e+02
5.372642117993996180e+02,5.410263700000000426e+02
5.371269206789249893e+02,5.410263700000000426e+02
5.374515956259933773e+02,5.410263700000000426e+02
5.375123580254327180e+02,5.410263700000000426e+02
5.376389794525870229e+02,5.410263700000000426e+02
5.376339472367492363e+02,5.410263700000000426e+02
5.378263632791806685e+02,5.410263700000000426e+02
5.378871918685977107e+02,5.410263700000000426e+02
5.380137471057744278e+02,5.410263700000000426e+02
5.370842807386363802e+02,5.410263700000000426e+02
5.382011309323679598e+02,5.391979000000000042e+02
5.382620257117625897e+02,5.391979000000000042e+02
5.383885147589617191e+02,5.391979000000000042e+02
5.383838798233216494e+02,5.391979000000000042e+02
5.385758985855554783e+02,5.391979000000000042e+02
5.386368595549275824e+02,5.391979000000000042e+02
5.387632824121490103e+02,5.391979000000000042e+02
5.386278465770863022e+02,5.391979000000000042e+02
5.389506662387427696e+02,5.391979000000000042e+02
5.390116933980925751e+02,5.391979000000000042e+02
5.391380500653364152e+02,5.391979000000000042e+02
5.391338124098940625e+02,5.391979000000000042e+02
5.393254338919300608e+02,5.391979000000000042e+02
5.393865272412574541e+02,5.391979000000000042e+02
5.395128177185238201e+02,5.391979000000000042e+02
5.391168167705383212e+02,5.391979000000000042e+02
5.397002015451174657e+02,5.391979000000000042e+02
5.397613610844225605e+02,5.391979000000000042e+02
5.398875853717111113e+02,5.391979000000000042e+02
5.398837449964664756e+02,5.391979000000000042e+02
5.400749691983048706e+02,5.391979000000000042e+02
5.401361949275874395e+02,5.391979000000000042e+02
5.402623530248985162e+02,5.391979000000000042e+02
5.401287724752476151e+02,5.391979000000000042e+02
5.404497368514921618e+02,5.391979000000000042e+02
5.405110287707523185e+02,5.391979000000000042e+02
5.406371206780859211e+02,5.391979000000000042e+02
5.406336775830388888e+02,5.391979000000000042e+02
5.408245045046795667e+02,5.391979000000000042e+02
5.408858626139174248e+02,5.391979000000000042e+02
5.410118883312732123e+02,5.391979000000000042e+02
2.366124000000000080e+02,6.357063000000000557e+02
5.411992721578669716e+02,5.411866499999999860e+02
5.412606964570823038e+02,5.411866499999999860e+02
5.413866559844605035e+02,5.411866499999999860e+02
5.413836101696113019e+02,5.411866499999999860e+02
5.415740398110542628e+02,5.411866499999999860e+02
5.416355303002472965e+02,5.411866499999999860e+02
5.417614236376479084e+02,5.411866499999999860e+02
5.416296983734088144e+02,5.411866499999999860e+02
5.419488074642415540e+02,5.411866499999999860e+02
5.420103641434122892e+02,5.411866499999999860e+02
5.421361912908353133e+02,5.411866499999999860e+02
5.421335427561837150e+02,5.411866499999999860e+02
5.423235751174289589e+02,5.411866499999999860e+02
5.423851979865771682e+02,5.411866499999999860e+02
5.425109589440226046e+02,5.411866499999999860e+02
5.421229204815864477e+02,5.411866499999999860e+02
5.426983427706163639e+02,5.411866499999999860e+02
5.427600318297421609e+02,5.411866499999999860e+02
5.428857265972100095e+02,5.411866499999999860e+02
5.428834753427562418e+02,5.411866499999999860e+02
5.430731104238036551e+02,5.411866499999999860e+02
5.431348656729071536e+02,5.411866499999999860e+02
5.432604942503974144e+02,5.223162999999999556e+02
5.431306242715700137e+02,5.411866499999999860e+02
5.434478780769910600e+02,5.223162999999999556e+02
5.435096995160720326e+02,5.223162999999999556e+02
5.436352619035847056e+02,5.223162999999999556e+02
5.436334079293286550e+02,5.223162999999999556e+02
5.438226457301784649e+02,5.223162999999999556e+02
5.438845333592370253e+02,5.223162999999999556e+02
5.440100295567719968e+02,5.223162999999999556e+02
5.431135682954545700e+02,5.411866499999999860e+02
5.441974133833657561e+02,5.223162999999999556e+02
5.442593672024020179e+02,5.223162999999999556e+02
5.443847972099594017e+02,5.223162999999999556e+02
5.443833405159011818e+02,5.223162999999999556e+02
5.445721810365530473e+02,5.223162999999999556e+02
5.446342010455668969e+02,5.223162999999999556e+02
5.447595648631468066e+02,5.223162999999999556e+02
5.446315501697313266e+02,5.223162999999999556e+02
5.449469486897404522e+02,5.223162999999999556e+02
5.450090348887318896e+02,5.223162999999999556e+02
5.451343325163340978e+02,5.223162999999999556e+02
5.451332731024735949e+02,5.223162999999999556e+02
5.453217163429278571e+02,5.223162999999999556e+02
5.453838687318968823e+02,5.223162999999999556e+02
5.455091001695215027e+02,5.223162999999999556e+02
5.451290241926346880e+02,5.223162999999999556e+02
5.456964839961151483e+02,5.223162999999999556e+02
5.457587025750617613e+02,5.223162999999999556e+02
5.458838678227089076e+02,5.223162999999999556e+02
5.458832056890460080e+02,5.223162999999999556e+02
5.460712516493025532e+02,5.223162999999999556e+02
5.461335364182268677e+02,5.223162999999999556e+02
5.462586354758961988e+02,5.223162999999999556e+02
5.461324760678925259e+02,5.223162999999999556e+02
5.464460193024899581e+02,5.223162999999999556e+02
5.465083702613917467e+02,5.223162999999999556e+02
5.466334031290834901e+02,5.223162999999999556e+02
5.466331382756184212e+02,5.223162999999999556e+02
5.468207869556772494e+02,5.223162999999999556e+02
5.468832041045566257e+02,5.223162999999999556e+02
5.470081707822708950e+02,5.223162999999999556e+02
2.115900300000000129e+02,6.345323499999999513e+02
5.471955546088645406e+02,5.544556999999999789e+02
5.472580379477217321e+02,5.544556999999999789e+02
5.473829384354582999e+02,5.544556999999999789e+02
5.473830708621908343e+02,5.544556999999999789e+02
5.475703222620519455e+02,5.544556999999999789e+02
5.476328717908866111e+02,5.544556999999999789e+02
5.477577060886455911e+02,5.544556999999999789e+02
5.476334019660537251e+02,5.544556999999999789e+02
5.479450899152393504e+02,5.544556999999999789e+02
5.480077056340516037e+02,5.544556999999999789e+02
5.481324737418329960e+02,5.544556999999999789e+02
5.481330034487632474e+02,5.544556999999999789e+02
5.483198575684266416e+02,5.544556999999999789e+02
5.483825394772165964e+02,5.544556999999999789e+02
5.485072413950204009e+02,5.544556999999999789e+02
5.481351279036828146e+02,5.544556999999999789e+02
5.486946252216140465e+02,5.544556999999999789e+02
5.487573733203814754e+02,5.544556999999999789e+02
5.488820090482076921e+02,5.544556999999999789e+02
5.488829360353356606e+02,5.544556999999999789e+02
5.490693928748014514e+02,5.544556999999999789e+02
5.491322071635464681e+02,5.544556999999999789e+02
5.492567767013949833e+02,5.544556999999999789e+02
5.491343278642150381e+02,5.544556999999999789e+02
5.494441605279887426e+02,5.544556999999999789e+02
5.495070410067114608e+02,5.544556999999999789e+02
5.496315443545825019e+02,5.544556999999999789e+02
5.496328686219081874e+02,5.544556999999999789e+02
5.498189281811760338e+02,5.544556999999999789e+02
5.498818748498763398e+02,5.544556999999999789e+02
5.500063120077697931e+02,5.544556999999999789e+02
5.491428558522727599e+02,5.544556999999999789e+02
5.501936958343634387e+02,5.544556999999999789e+02
5.502567086930413325e+02,5.544556999999999789e+02
5.503810796609570843e+02,5.544556999999999789e+02
5.503828012084806005e+02,5.544556999999999789e+02
5.505684634875508436e+02,5.544556999999999789e+02
5.506315425362063252e+02,5.544556999999999789e+02
5.507558473141444892e+02,5.544556999999999789e+02
5.506352537623763510e+02,5.544556999999999789e+02
5.509432311407381349e+02,5.544556999999999789e+02
5.510063763793712042e+02,5.544556999999999789e+02
5.511306149673318941e+02,5.544556999999999789e+02
5.511327337950531273e+02,5.544556999999999789e+02
5.513179987939255398e+02,5.544556999999999789e+02
5.513812102225361969e+02,5.544556999999999789e+02
5.515053826205191854e+02,5.544556999999999789e+02
5.511412316147309411e+02,5.544556999999999789e+02
5.516927664471129447e+02,5.544556999999999789e+02
5.517560440657011895e+02,5.544556999999999789e+02
5.518801502737064766e+02,5.544556999999999789e+02
5.518826663816255405e+02,5.544556999999999789e+02
5.520675341003002359e+02,5.544556999999999789e+02
5.521308779088660685e+02,5.544556999999999789e+02
5.522549179268939952e+02,5.544556999999999789e+02
5.521361796605374366e+02,5.544556999999999789e+02
5.524423017534875271e+02,5.544556999999999789e+02
5.525057117520311749e+02,5.544556999999999789e+02
5.526296855800812864e+02,5.544556999999999789e+02
5.526325989681979536e+02,5.544556999999999789e+02
5.528170694066749320e+02,5.544556999999999789e+02
5.528805455951960539e+02,5.544556999999999789e+02
5.530044532332685776e+02,5.544556999999999789e+02
1.984012500000000045e+02,6.326857999999999720e+02
5.531918370598623369e+02,5.758451999999999771e+02
5.532553794383610466e+02,5.758451999999999771e+02
5.533792208864559825e+02,5.758451999999999771e+02
5.533825315547703667e+02,5.758451999999999771e+02
5.535666047130496281e+02,5.758451999999999771e+02
5.536302132815260393e+02,5.758451999999999771e+02
5.537539885396433874e+02,5.758451999999999771e+02
5.536371055586987495e+02,5.758451999999999771e+02
5.539413723662370330e+02,5.758451999999999771e+02
5.540050471246909183e+02,5.758451999999999771e+02
5.541287561928306786e+02,5.758451999999999771e+02
5.541324641413427798e+02,5.758451999999999771e+02
5.543161400194244379e+02,5.758451999999999771e+02
5.543798809678559110e+02,5.758451999999999771e+02
5.545035238460179698e+02,5.758451999999999771e+02
5.541473353257790677e+02,5.758451999999999771e+02
5.546909076726117291e+02,5.758451999999999771e+02
5.547547148110209037e+02,5.758451999999999771e+02
5.548782914992054884e+02,5.758451999999999771e+02
5.548823967279151930e+02,5.758451999999999771e+02
5.550656753257990204e+02,5.758451999999999771e+02
5.551295486541857827e+02,5.758451999999999771e+02
5.552530591523927797e+02,5.758451999999999771e+02
5.551380314568600625e+02,5.758451999999999771e+02
5.554404429789864253e+02,5.758451999999999771e+02
5.555043824973507753e+02,5.758451999999999771e+02
5.556278268055800709e+02,5.758451999999999771e+02
5.556323293144876061e+02,5.758451999999999771e+02
5.558152106321738302e+02,5.758451999999999771e+02
5.558792163405157680e+02,5.758451999999999771e+02
5.560025944587674758e+02,5.758451999999999771e+02
5.551721434090909497e+02,5.758451999999999771e+02
5.561899782853611214e+02,5.758451999999999771e+02
5.562540501836806470e+02,5.758451999999999771e+02
5.563773621119548807e+02,5.758451999999999771e+02
5.563822619010601329e+02,5.758451999999999771e+02
5.565647459385485263e+02,5.758451999999999771e+02
5.566288840268456397e+02,5.758451999999999771e+02
5.567521297651421719e+02,5.758451999999999771e+02
5.566389573550212617e+02,5.758451999999999771e+02
5.569395135917359312e+02,5.758451999999999771e+02
5.570037178700106324e+02,5.758451999999999771e+02
5.571268974183295768e+02,5.758451999999999771e+02
5.571321944876325460e+02,5.758451999999999771e+02
5.573142812449232224e+02,5.758451999999999771e+02
5.573785517131755114e+02,5.758451999999999771e+02
5.575016650715169817e+02,5.758451999999999771e+02
5.571534390368271943e+02,5.758451999999999771e+02
5.576890488981105136e+02,5.758451999999999771e+02
5.577533855563405041e+02,5.758451999999999771e+02
5.578764327247042729e+02,5.758451999999999771e+02
5.578821270742050729e+02,5.758451999999999771e+02
5.580638165512979185e+02,5.758451999999999771e+02
5.581282193995054968e+02,5.758451999999999771e+02
5.582512003778915641e+02,5.758451999999999771e+02
5.581398832531824610e+02,5.758451999999999771e+02
5.584385842044853234e+02,5.758451999999999771e+02
5.585030532426703758e+02,5.758451999999999771e+02
5.586259680310789690e+02,5.758451999999999771e+02
5.586320596607774860e+02,5.758451999999999771e+02
5.588133518576726146e+02,5.758451999999999771e+02
5.588778870858354821e+02,5.758451999999999771e+02
5.590007356842663739e+02,5.758451999999999771e+02
1.940642400000000123e+02,6.308465599999999540e+02
5.591881195108600195e+02,5.758451999999999771e+02
5.592527209290003611e+02,5.758451999999999771e+02
5.593755033374536652e+02,5.758451999999999771e+02
5.593819922473498991e+02,5.758451999999999771e+02
5.595628871640474244e+02,5.758451999999999771e+02
5.596275547721653538e+02,5.758451999999999771e+02
5.597502709906410701e+02,5.758451999999999771e+02
5.596408091513437739e+02,5.758451999999999771e+02
5.599376548172347157e+02,5.758451999999999771e+02
5.600023886153303465e+02,5.758451999999999771e+02
5.601250386438284750e+02,5.758451999999999771e+02
5.601319248339223122e+02,5.758451999999999771e+02
5.603124224704220069e+02,5.758451999999999771e+02
5.603772224584952255e+02,5.758451999999999771e+02
5.604998062970157662e+02,5.758451999999999771e+02
5.601595427478754345e+02,5.758451999999999771e+02
5.606871901236094118e+02,5.758451999999999771e+02
5.607520563016602182e+02,5.758451999999999771e+02
5.608745739502030574e+02,5.758451999999999771e+02
5.608818574204947254e+02,5.758451999999999771e+02
5.610619577767968167e+02,5.758451999999999771e+02
5.611268901448252109e+02,5.758451999999999771e+02
5.612493416033904623e+02,5.758451999999999771e+02
5.611417350495049732e+02,5.758451999999999771e+02
5.614367254299841079e+02,5.758451999999999771e+02
5.615017239879900899e+02,5.758451999999999771e+02
5.616241092565778672e+02,5.758451999999999771e+02
5.616317900070671385e+02,5.758451999999999771e+02
5.618114930831715128e+02,5.758451999999999771e+02
5.618765578311550826e+02,5.758451999999999771e+02
5.619988769097651584e+02,5.758451999999999771e+02
5.612014309659091396e+02,5.758451999999999771e+02
5.621862607363589177e+02,5.758451999999999771e+02
5.622513916743200753e+02,5.758451999999999771e+02
5.623736445629525633e+02,5.758451999999999771e+02
5.623817225936395516e+02,5.758451999999999771e+02
5.625610283895462089e+02,5.758451999999999771e+02
5.626262255174849543e+02,5.758451999999999771e+02
5.627484122161399682e+02,5.758451999999999771e+02
5.626426609476661724e+02,5.758451999999999771e+02
5.629357960427335001e+02,5.758451999999999771e+02
5.630010593606499469e+02,5.758451999999999771e+02
5.631231798693272594e+02,5.758451999999999771e+02
5.631316551802120784e+02,5.758451999999999771e+02
5.633105636959209050e+02,5.758451999999999771e+02
5.633758932038149396e+02,5.758451999999999771e+02
5.634979475225145507e+02,5.758451999999999771e+02
5.631656464589235611e+02,5.758451999999999771e+02
5.636853313491083100e+02,5.758451999999999771e+02
5.637507270469798186e+02,5.758451999999999771e+02
5.638727151757019556e+02,5.758451999999999771e+02
5.638815877667844916e+02,5.758451999999999771e+02
5.640600990022956012e+02,5.758451999999999771e+02
5.641255608901449250e+02,5.758451999999999771e+02
5.642474828288893605e+02,5.758451999999999771e+02
5.641435868458274854e+02,5.758451999999999771e+02
5.644348666554830061e+02,5.758451999999999771e+02
5.645003947333098040e+02,5.758451999999999771e+02
5.646222504820766517e+02,5.758451999999999771e+02
5.646315203533569047e+02,5.758451999999999771e+02
5.648096343086704110e+02,5.758451999999999771e+02
5.648752285764746830e+02,5.758451999999999771e+02
5.649970181352640566e+02,5.758451999999999771e+02
1.934148900000000140e+02,6.298251999999999953e+02
5.651844019618577022e+02,5.918653600000000097e+02
5.652500624196397894e+02,5.918653600000000097e+02
5.653717857884514615e+02,5.918653600000000097e+02
5.653814529399294315e+02,5.918653600000000097e+02
5.655591696150449934e+02,5.918653600000000097e+02
5.656248962628046684e+02,5.918653600000000097e+02
5.657465534416387527e+02,5.918653600000000097e+02
5.656445127439887983e+02,5.918653600000000097e+02
5.659339372682325120e+02,5.918653600000000097e+02
5.659997301059696611e+02,5.918653600000000097e+02
5.661213210948260439e+02,5.918653600000000097e+02
5.661313855265018447e+02,5.918653600000000097e+02
5.663087049214198032e+02,5.918653600000000097e+02
5.663745639491346537e+02,5.918653600000000097e+02
5.664960887480134488e+02,5.918653600000000097e+02
5.661717501699718014e+02,5.918653600000000097e+02
5.666834725746070944e+02,5.918653600000000097e+02
5.667493977922995327e+02,5.918653600000000097e+02
5.668708564012008537e+02,5.918653600000000097e+02
5.668813181130742578e+02,5.918653600000000097e+02
5.670582402277944993e+02,5.918653600000000097e+02
5.671242316354645254e+02,5.918653600000000097e+02
5.672456240543881449e+02,5.918653600000000097e+02
5.671454386421498839e+02,5.918653600000000097e+02
5.674330078809819042e+02,5.918653600000000097e+02
5.674990654786295181e+02,5.918653600000000097e+02
5.676203917075755498e+02,5.918653600000000097e+02
5.676312506996466709e+02,5.918653600000000097e+02
5.678077755341691955e+02,5.918653600000000097e+02
5.678738993217943971e+02,5.918653600000000097e+02
5.679951593607629547e+02,5.918653600000000097e+02
5.672307185227273294e+02,5.918653600000000097e+02
5.681825431873564867e+02,5.918653600000000097e+02
5.682487331649593898e+02,5.918653600000000097e+02
5.683699270139502460e+02,5.918653600000000097e+02
5.683811832862190840e+02,5.918653600000000097e+02
5.685573108405440053e+02,5.918653600000000097e+02
5.686235670081243825e+02,5.918653600000000097e+02
5.687446946671375372e+02,5.918653600000000097e+02
5.686463645403111968e+02,5.918653600000000097e+02
5.689320784937312965e+02,5.918653600000000097e+02
5.689984008512892615e+02,5.918653600000000097e+02
5.691194623203249421e+02,5.918653600000000097e+02
5.691311158727914972e+02,5.918653600000000097e+02
5.693068461469185877e+02,5.918653600000000097e+02
5.693732346944542542e+02,5.918653600000000097e+02
5.694942299735123470e+02,5.918653600000000097e+02
5.691778538810199279e+02,5.918653600000000097e+02
5.696816138001059926e+02,5.918653600000000097e+02
5.697480685376192469e+02,5.918653600000000097e+02
5.698689976266996382e+02,5.918653600000000097e+02
5.698810484593640240e+02,5.918653600000000097e+02
5.700563814532933975e+02,5.918653600000000097e+02
5.701229023807841259e+02,5.918653600000000097e+02
5.702437652798870431e+02,5.918653600000000097e+02
5.701472904384725098e+02,5.918653600000000097e+02
5.704311491064806887e+02,5.918653600000000097e+02
5.704977362239492322e+02,5.918653600000000097e+02
5.706185329330744480e+02,5.918653600000000097e+02
5.706309810459364371e+02,5.918653600000000097e+02
5.708059167596679799e+02,5.918653600000000097e+02
5.708725700671141112e+02,5.918653600000000097e+02
5.709933005862617392e+02,5.918653600000000097e+02
1.934148900000000140e+02,6.298251999999999953e+02
5.711806844128554985e+02,6.055094000000000278e+02
5.712474039102789902e+02,6.055094000000000278e+02
5.713680682394490304e+02,6.055094000000000278e+02
5.713809136325088502e+02,6.055094000000000278e+02
5.715554520660427897e+02,6.055094000000000278e+02
5.716222377534440966e+02,6.055094000000000278e+02
5.717428358926364353e+02,6.055094000000000278e+02
5.716482163366337090e+02,6.055094000000000278e+02
5.719302197192300810e+02,6.055094000000000278e+02
5.719970715966089756e+02,6.055094000000000278e+02
5.721176035458238402e+02,6.055094000000000278e+02
5.721308462190813771e+02,6.055094000000000278e+02
5.723049873724174859e+02,6.055094000000000278e+02
5.723719054397739683e+02,6.055094000000000278e+02
5.724923711990111315e+02,6.055094000000000278e+02
5.721839575920680545e+02,6.055094000000000278e+02
5.726797550256048908e+02,6.055094000000000278e+02
5.727467392829389610e+02,6.055094000000000278e+02
5.728671388521985364e+02,6.055094000000000278e+02
5.728807788056537902e+02,6.055094000000000278e+02
5.730545226787921820e+02,6.055094000000000278e+02
5.731215731261038400e+02,6.055094000000000278e+02
5.732419065053859413e+02,6.055094000000000278e+02
5.731491422347949083e+02,6.055094000000000278e+02
5.734292903319795869e+02,6.055094000000000278e+02
5.734964069692688327e+02,6.055094000000000278e+02
5.736166741585732325e+02,6.055094000000000278e+02
5.736307113922262033e+02,6.055094000000000278e+02
5.738040579851669918e+02,6.055094000000000278e+02
5.738712408124338253e+02,6.055094000000000278e+02
5.739914418117605237e+02,6.055094000000000278e+02
5.732600060795455192e+02,6.055094000000000278e+02
5.741788256383542830e+02,6.055094000000000278e+02
5.742460746555987043e+02,6.055094000000000278e+02
5.743662094649479286e+02,6.055094000000000278e+02
5.743806439787986164e+02,6.055094000000000278e+02
5.745535932915415742e+02,6.055094000000000278e+02
5.746209084987636970e+02,6.055094000000000278e+02
5.747409771181353335e+02,6.055094000000000278e+02
5.746500681329562212e+02,6.055094000000000278e+02
5.749283609447289791e+02,6.055094000000000278e+02
5.749957423419286897e+02,6.055094000000000278e+02
5.751157447713226247e+02,6.055094000000000278e+02
5.751305765653710296e+02,6.055094000000000278e+02
5.753031285979163840e+02,6.055094000000000278e+02
5.753705761850935687e+02,6.055094000000000278e+02
5.754905124245100296e+02,6.055094000000000278e+02
5.751900613031161811e+02,6.055094000000000278e+02
5.756778962511036752e+02,6.055094000000000278e+02
5.757454100282585614e+02,6.055094000000000278e+02
5.758652800776974345e+02,6.055094000000000278e+02
5.758805091519434427e+02,6.055094000000000278e+02
5.760526639042910801e+02,6.055094000000000278e+02
5.761202438714235541e+02,6.055094000000000278e+02
5.762400477308847258e+02,6.055094000000000278e+02
5.761509940311174205e+02,6.055094000000000278e+02
5.764274315574784850e+02,6.055094000000000278e+02
5.764950777145884331e+02,6.055094000000000278e+02
5.766148153840720170e+02,6.055094000000000278e+02
5.766304417385159695e+02,6.055094000000000278e+02
5.768021992106657763e+02,6.055094000000000278e+02
5.768699115577535395e+02,6.055094000000000278e+02
5.769895830372594219e+02,6.055094000000000278e+02
5.433009600000000319e+02,5.223162999999999556e+02
5.771769668638530675e+02,6.055094000000000278e+02
5.772447454009184185e+02,6.055094000000000278e+02
5.773643506904468268e+02,6.055094000000000278e+02
5.773803743250883826e+02,6.055094000000000278e+02
5.775517345170404724e+02,6.055094000000000278e+02
5.776195792440832975e+02,6.055094000000000278e+02
5.777391183436341180e+02,6.055094000000000278e+02
5.776519199292786197e+02,6.055094000000000278e+02
5.779265021702278773e+02,6.055094000000000278e+02
5.779944130872484038e+02,6.055094000000000278e+02
5.781138859968215229e+02,6.055094000000000278e+02
5.781303069116607958e+02,6.055094000000000278e+02
5.783012698234151685e+02,6.055094000000000278e+02
5.783692469304132828e+02,6.055094000000000278e+02
5.784886536500089278e+02,6.055094000000000278e+02
5.781961650141643076e+02,6.055094000000000278e+02
5.786760374766025734e+02,6.055094000000000278e+02
5.787440807735782755e+02,6.055094000000000278e+02
5.788634213031962190e+02,6.055094000000000278e+02
5.788802394982333226e+02,6.055094000000000278e+02
5.790508051297899783e+02,6.055094000000000278e+02
5.791189146167432682e+02,6.055094000000000278e+02
5.792381889563835102e+02,6.055094000000000278e+02
5.791528458274399327e+02,6.055094000000000278e+02
5.794255727829772695e+02,6.055094000000000278e+02
5.794937484599081472e+02,6.055094000000000278e+02
5.796129566095709151e+02,6.055094000000000278e+02
5.796301720848057357e+02,6.055094000000000278e+02
5.798003404361645607e+02,6.055094000000000278e+02
5.798685823030731399e+02,6.055094000000000278e+02
5.799877242627583200e+02,6.055094000000000278e+02
5.792892936363637091e+02,6.055094000000000278e+02
5.801751080893519656e+02,6.055094000000000278e+02
5.802434161462381326e+02,6.055094000000000278e+02
5.803624919159456113e+02,6.055094000000000278e+02
5.803801046713781489e+02,6.055094000000000278e+02
5.805498757425393705e+02,6.055094000000000278e+02
5.806182499894030116e+02,6.055094000000000278e+02
5.807372595691330162e+02,6.055094000000000278e+02
5.806537717256012456e+02,6.055094000000000278e+02
5.809246433957266618e+02,6.055094000000000278e+02
5.809930838325680043e+02,6.055094000000000278e+02
5.811120272223204211e+02,6.055094000000000278e+02
5.811300372579505620e+02,6.055094000000000278e+02
5.812994110489140667e+02,6.055094000000000278e+02
5.813679176757329969e+02,6.055094000000000278e+02
5.814867948755077123e+02,6.055094000000000278e+02
5.812022687252125479e+02,6.055094000000000278e+02
5.816741787021014716e+02,6.055094000000000278e+02
5.817427515188978759e+02,6.055094000000000278e+02
5.818615625286950035e+02,6.055094000000000278e+02
5.818799698445229751e+02,6.055094000000000278e+02
5.820489463552887628e+02,6.055094000000000278e+02
5.821175853620628686e+02,6.055094000000000278e+02
5.822363301818825221e+02,6.055094000000000278e+02
5.821546976237623312e+02,6.055094000000000278e+02
5.824237140084760540e+02,6.055094000000000278e+02
5.824924192052278613e+02,6.055094000000000278e+02
5.826110978350698133e+02,6.055094000000000278e+02
5.826299024310953882e+02,6.055094000000000278e+02
5.827984816616634589e+02,6.055094000000000278e+02
5.828672530483927403e+02,6.055094000000000278e+02
5.829858654882571045e+02,6.055094000000000278e+02
5.433009600000000319e+02,5.223162999999999556e+02
5.831732493148508638e+02,6.202626000000000204e+02
5.832420868915578467e+02,6.202626000000000204e+02
5.833606331414445094e+02,6.202626000000000204e+02
5.833798350176679151e+02,6.202626000000000204e+02
5.835480169680381550e+02,6.202626000000000204e+02
5.836169207347227257e+02,6.202626000000000204e+02
5.837354007946319143e+02,6.202626000000000204e+02
5.836556235219236441e+02,6.202626000000000204e+02
5.839227846212255599e+02,6.202626000000000204e+02
5.839917545778876047e+02,6.202626000000000204e+02
5.841101684478192055e+02,6.202626000000000204e+02
5.841297676042403282e+02,6.202626000000000204e+02
5.842975522744129648e+02,6.202626000000000204e+02
5.843665884210527111e+02,6.202626000000000204e+02
5.844849361010064968e+02,6.202626000000000204e+02
5.842083724362606745e+02,6.202626000000000204e+02
5.846723199276002561e+02,6.202626000000000204e+02
5.847414222642175901e+02,6.202626000000000204e+02
5.848597037541940153e+02,6.202626000000000204e+02
5.848797001908127413e+02,6.202626000000000204e+02
5.850470875807875473e+02,6.202626000000000204e+02
5.851162561073825827e+02,6.202626000000000204e+02
5.852344714073813066e+02,6.202626000000000204e+02
5.851565494200849571e+02,6.202626000000000204e+02
5.854218552339749522e+02,6.202626000000000204e+02
5.854910899505475754e+02,6.202626000000000204e+02
5.856092390605685978e+02,6.202626000000000204e+02
5.856296327773852681e+02,6.202626000000000204e+02
5.857966228871623571e+02,6.202626000000000204e+02
5.858659237937124544e+02,6.202626000000000204e+02
5.859840067137560027e+02,6.202626000000000204e+02
5.853185811931818989e+02,6.202626000000000204e+02
5.861713905403496483e+02,6.202626000000000204e+02
5.862407576368774471e+02,6.202626000000000204e+02
5.863587743669434076e+02,6.202626000000000204e+02
5.863795653639576813e+02,6.202626000000000204e+02
5.865461581935370532e+02,6.202626000000000204e+02
5.866155914800424398e+02,6.202626000000000204e+02
5.867335420201306988e+02,6.202626000000000204e+02
5.866574753182461563e+02,6.202626000000000204e+02
5.869209258467244581e+02,6.202626000000000204e+02
5.869904253232073188e+02,6.202626000000000204e+02
5.871083096733179900e+02,6.202626000000000204e+02
5.871294979505300944e+02,6.202626000000000204e+02
5.872956934999117493e+02,6.202626000000000204e+02
5.873652591663723115e+02,6.202626000000000204e+02
5.874830773265055086e+02,6.202626000000000204e+02
5.872144761473089147e+02,6.202626000000000204e+02
5.876704611530990405e+02,6.202626000000000204e+02
5.877400930095373042e+02,6.202626000000000204e+02
5.878578449796927998e+02,6.202626000000000204e+02
5.878794305371025075e+02,6.202626000000000204e+02
5.880452288062864454e+02,6.202626000000000204e+02
5.881149268527021832e+02,6.202626000000000204e+02
5.882326126328800910e+02,6.202626000000000204e+02
5.881584012164073556e+02,6.202626000000000204e+02
5.884199964594738503e+02,6.202626000000000204e+02
5.884897606958671759e+02,6.202626000000000204e+02
5.886073802860674959e+02,6.202626000000000204e+02
5.886293631236749206e+02,6.202626000000000204e+02
5.887947641126611416e+02,6.202626000000000204e+02
5.888645945390321685e+02,6.202626000000000204e+02
5.889821479392549008e+02,6.202626000000000204e+02
5.141515500000000429e+02,5.124863000000000284e+02
5.891695317658485465e+02,6.202626000000000204e+02
5.892394283821970475e+02,6.202626000000000204e+02
5.893569155924421921e+02,6.202626000000000204e+02
5.893792957102473338e+02,6.202626000000000204e+02
5.895442994190359514e+02,6.202626000000000204e+02
5.896142622253621539e+02,6.202626000000000204e+02
5.897316832456295970e+02,6.202626000000000204e+02
5.896593271145686685e+02,6.202626000000000204e+02
5.899190670722232426e+02,6.202626000000000204e+02
5.899890960685270329e+02,6.202626000000000204e+02
5.901064508988170019e+02,6.202626000000000204e+02
5.901292282968198606e+02,6.202626000000000204e+02
5.902938347254105338e+02,6.202626000000000204e+02
5.903639299116919119e+02,6.202626000000000204e+02
5.904812185520042931e+02,6.202626000000000204e+02
5.902205798583570413e+02,6.202626000000000204e+02
5.906686023785979387e+02,6.202626000000000204e+02
5.907387637548570183e+02,6.202626000000000204e+02
5.908559862051915843e+02,6.202626000000000204e+02
5.908791608833922737e+02,6.202626000000000204e+02
5.910433700317853436e+02,6.202626000000000204e+02
5.911135975980218973e+02,6.202626000000000204e+02
5.912307538583789892e+02,6.202626000000000204e+02
5.911602530127298678e+02,6.202626000000000204e+02
5.914181376849726348e+02,6.202626000000000204e+02
5.914884314411868900e+02,6.202626000000000204e+02
5.916055215115663941e+02,6.202626000000000204e+02
5.916290934699646868e+02,6.202626000000000204e+02
5.917929053381600397e+02,6.202626000000000204e+02
5.918632652843518827e+02,6.202626000000000204e+02
5.919802891647536853e+02,6.202626000000000204e+02
5.913478687500000888e+02,6.202626000000000204e+02
5.921676729913474446e+02,6.202626000000000204e+02
5.922380991275167617e+02,6.202626000000000204e+02
5.923550568179410902e+02,6.202626000000000204e+02
5.923790260565372137e+02,6.202626000000000204e+02
5.925424406445347358e+02,6.202626000000000204e+02
5.926129329706817543e+02,6.202626000000000204e+02
5.927298244711284951e+02,6.202626000000000204e+02
5.926611789108910671e+02,6.202626000000000204e+02
5.929172082977220271e+02,6.202626000000000204e+02
5.929877668138467470e+02,6.202626000000000204e+02
5.931045921243157864e+02,6.202626000000000204e+02
5.931289586431096268e+02,6.202626000000000204e+02
5.932919759509094320e+02,6.202626000000000204e+02
5.933626006570116260e+02,6.202626000000000204e+02
5.934793597775030776e+02,6.202626000000000204e+02
5.932266835694051679e+02,6.202626000000000204e+02
5.936667436040968369e+02,6.202626000000000204e+02
5.937374345001766187e+02,6.202626000000000204e+02
5.938541274306904825e+02,6.202626000000000204e+02
5.938788912296820399e+02,6.202626000000000204e+02
5.940415112572841281e+02,6.202626000000000204e+02
5.941122683433416114e+02,6.202626000000000204e+02
5.942288950838778874e+02,6.202626000000000204e+02
5.941621048090523800e+02,6.202626000000000204e+02
5.944162789104715330e+02,6.202626000000000204e+02
5.944871021865064904e+02,6.202626000000000204e+02
5.946036627370651786e+02,6.202626000000000204e+02
5.946288238162544530e+02,6.202626000000000204e+02
5.947910465636589379e+02,6.202626000000000204e+02
5.948619360296714831e+02,6.202626000000000204e+02
5.949784303902525835e+02,6.202626000000000204e+02
4.979612999999999943e+02,5.103399699999999939e+02
5.951658142168462291e+02,6.202626000000000204e+02
5.952367698728364758e+02,6.202626000000000204e+02
5.953531980434399884e+02,6.202626000000000204e+02
5.953787564028268662e+02,6.202626000000000204e+02
5.955405818700335203e+02,6.202626000000000204e+02
5.956116037160013548e+02,6.202626000000000204e+02
5.957279656966272796e+02,6.202626000000000204e+02
5.956630307072136929e+02,6.202626000000000204e+02
5.959153495232209252e+02,6.202626000000000204e+02
5.959864375591664611e+02,6.202626000000000204e+02
5.961027333498145708e+02,6.202626000000000204e+02
5.961286889893992793e+02,6.202626000000000204e+02
5.962901171764083301e+02,6.202626000000000204e+02
5.963612714023313401e+02,6.202626000000000204e+02
5.964775010030019757e+02,6.202626000000000204e+02
5.962327872804532944e+02,6.202626000000000204e+02
5.966648848295956213e+02,6.202626000000000204e+02
5.967361052454963328e+02,6.202626000000000204e+02
5.968522686561893806e+02,6.202626000000000204e+02
5.968786215759716924e+02,6.202626000000000204e+02
5.970396524827830262e+02,6.202626000000000204e+02
5.971109390886613255e+02,6.202626000000000204e+02
5.972270363093766719e+02,6.202626000000000204e+02
5.971639566053747785e+02,6.202626000000000204e+02
5.974144201359704311e+02,6.202626000000000204e+02
5.974857729318262045e+02,6.202626000000000204e+02
5.976018039625640768e+02,6.202626000000000204e+02
5.976285541625442193e+02,6.202626000000000204e+02
5.977891877891577224e+02,6.202626000000000204e+02
5.978606067749911972e+02,6.202626000000000204e+02
5.979765716157514817e+02,6.202626000000000204e+02
5.973771563068182786e+02,6.202626000000000204e+02
5.981639554423450136e+02,6.202626000000000204e+02
5.982354406181561899e+02,6.202626000000000204e+02
5.983513392689387729e+02,6.202626000000000204e+02
5.983784867491166324e+02,6.202626000000000204e+02
5.985387230955325322e+02,6.202626000000000204e+02
5.986102744613210689e+02,6.202626000000000204e+02
5.987261069221260641e+02,6.202626000000000204e+02
5.986648825035360915e+02,6.202626000000000204e+02
5.989134907487198234e+02,6.202626000000000204e+02
5.989851083044860616e+02,6.202626000000000204e+02
5.991008745753134690e+02,6.202626000000000204e+02
5.991284193356891592e+02,6.202626000000000204e+02
5.992882584019071146e+02,6.202626000000000204e+02
5.993599421476510543e+02,6.202626000000000204e+02
5.994756422285008739e+02,6.202626000000000204e+02
5.992388909915014210e+02,6.202626000000000204e+02
5.996630260550945195e+02,6.202626000000000204e+02
5.997347759908159333e+02,6.202626000000000204e+02
5.998504098816881651e+02,6.202626000000000204e+02
5.998783519222615723e+02,6.202626000000000204e+02
6.000377937082819244e+02,6.202626000000000204e+02
6.001096098339809259e+02,6.202626000000000204e+02
6.002251775348755700e+02,6.202626000000000204e+02
6.001658084016974044e+02,6.202626000000000204e+02
6.004125613614692156e+02,6.202626000000000204e+02
6.004844436771459186e+02,6.202626000000000204e+02
6.005999451880629749e+02,6.202626000000000204e+02
6.006282845088339855e+02,6.202626000000000204e+02
6.007873290146565068e+02,6.202626000000000204e+02
6.008592775203107976e+02,6.202626000000000204e+02
6.009747128412502661e+02,6.202626000000000204e+02
4.850924699999999916e+02,5.120500500000000557e+02
6.011620966678440254e+02,6.350692000000000235e+02
6.012341113634757903e+02,6.350692000000000235e+02
6.013494804944375574e+02,6.350692000000000235e+02
6.013782170954063986e+02,6.350692000000000235e+02
6.015368643210313166e+02,6.350692000000000235e+02
6.016089452066407830e+02,6.350692000000000235e+02
6.017242481476249623e+02,6.350692000000000235e+02
6.016667342998586037e+02,6.350692000000000235e+02
6.019116319742186079e+02,6.350692000000000235e+02
6.019837790498056620e+02,6.350692000000000235e+02
6.020990158008123672e+02,6.350692000000000235e+02
6.021281496819788117e+02,6.350692000000000235e+02
6.022863996274060128e+02,6.350692000000000235e+02
6.023586128929707684e+02,6.350692000000000235e+02
6.024737834539996584e+02,6.350692000000000235e+02
6.022449947025496613e+02,6.350692000000000235e+02
6.026611672805934177e+02,6.350692000000000235e+02
6.027334467361356474e+02,6.350692000000000235e+02
6.028485511071870633e+02,6.350692000000000235e+02
6.028780822685512248e+02,6.350692000000000235e+02
6.030359349337807089e+02,6.350692000000000235e+02
6.031082805793006401e+02,6.350692000000000235e+02
6.032233187603744682e+02,6.350692000000000235e+02
6.031676601980198029e+02,6.350692000000000235e+02
6.034107025869680001e+02,6.350692000000000235e+02
6.034831144224656327e+02,6.350692000000000235e+02
6.035980864135617594e+02,6.350692000000000235e+02
6.036280148551236380e+02,6.350692000000000235e+02
6.037854702401555187e+02,6.350692000000000235e+02
6.038579482656305117e+02,6.350692000000000235e+02
6.039728540667490506e+02,6.350692000000000235e+02
6.034064438636363548e+02,6.350692000000000235e+02
6.041602378933428099e+02,6.350692000000000235e+02
6.042327821087955044e+02,6.350692000000000235e+02
6.043476217199364555e+02,6.350692000000000235e+02
6.043779474416961648e+02,6.350692000000000235e+02
6.045350055465301011e+02,6.350692000000000235e+02
6.046076159519604971e+02,6.350692000000000235e+02
6.047223893731238604e+02,6.350692000000000235e+02
6.046685860961811159e+02,6.350692000000000235e+02
6.049097731997175060e+02,6.350692000000000235e+02
6.049824497951253761e+02,6.350692000000000235e+02
6.050971570263111516e+02,6.350692000000000235e+02
6.051278800282685779e+02,6.350692000000000235e+02
6.052845408529049109e+02,6.350692000000000235e+02
6.053572836382903688e+02,6.350692000000000235e+02
6.054719246794985565e+02,6.350692000000000235e+02
6.052510984135977878e+02,6.350692000000000235e+02
6.056593085060922022e+02,6.350692000000000235e+02
6.057321174814553615e+02,6.350692000000000235e+02
6.058466923326859614e+02,6.350692000000000235e+02
6.058778126148411047e+02,6.350692000000000235e+02
6.060340761592796071e+02,6.350692000000000235e+02
6.061069513246202405e+02,6.350692000000000235e+02
6.062214599858732527e+02,6.350692000000000235e+02
6.061695119943423151e+02,6.350692000000000235e+02
6.064088438124670120e+02,6.350692000000000235e+02
6.064817851677852332e+02,6.350692000000000235e+02
6.065962276390605439e+02,6.350692000000000235e+02
6.066277452014135179e+02,6.350692000000000235e+02
6.067836114656543032e+02,6.350692000000000235e+02
6.068566190109502259e+02,6.350692000000000235e+02
6.069709952922479488e+02,6.350692000000000235e+02
4.749926800000000071e+02,5.170488000000000284e+02
6.071583791188415944e+02,6.350692000000000235e+02
6.072314528541151049e+02,6.350692000000000235e+02
6.073457629454353537e+02,6.350692000000000235e+02
6.073776777879859310e+02,6.350692000000000235e+02
6.075331467720289993e+02,6.350692000000000235e+02
6.076062866972802112e+02,6.350692000000000235e+02
6.077205305986226449e+02,6.350692000000000235e+02
6.076704378925035144e+02,6.350692000000000235e+02
6.079079144252164042e+02,6.350692000000000235e+02
6.079811205404450902e+02,6.350692000000000235e+02
6.080952982518100498e+02,6.350692000000000235e+02
6.081276103745583441e+02,6.350692000000000235e+02
6.082826820784036954e+02,6.350692000000000235e+02
6.083559543836099692e+02,6.350692000000000235e+02
6.084700659049974547e+02,6.350692000000000235e+02
6.082572021246460281e+02,6.350692000000000235e+02
6.086574497315911003e+02,6.350692000000000235e+02
6.087307882267750756e+02,6.350692000000000235e+02
6.088448335581847459e+02,6.350692000000000235e+02
6.088775429611307572e+02,6.350692000000000235e+02
6.090322173847785052e+02,6.350692000000000235e+02
6.091056220699399546e+02,6.350692000000000235e+02
6.092196012113720371e+02,6.350692000000000235e+02
6.091713637906648273e+02,6.350692000000000235e+02
6.094069850379657964e+02,6.350692000000000235e+02
6.094804559131049473e+02,6.350692000000000235e+02
6.095943688645594420e+02,6.350692000000000235e+02
6.096274755477031704e+02,6.350692000000000235e+02
6.097817526911530877e+02,6.350692000000000235e+02
6.098552897562699400e+02,6.350692000000000235e+02
6.099691365177468469e+02,6.350692000000000235e+02
6.094357314204545446e+02,6.350692000000000235e+02
6.101565203443404926e+02,6.350692000000000235e+02
6.102301235994348190e+02,6.350692000000000235e+02
6.103439041709341382e+02,6.350692000000000235e+02
6.103774081342755835e+02,6.350692000000000235e+02
6.105312879975278975e+02,6.350692000000000235e+02
6.106049574425998117e+02,6.350692000000000235e+02
6.107186718241215431e+02,6.350692000000000235e+02
6.106722896888261403e+02,6.350692000000000235e+02
6.109060556507151887e+02,6.350692000000000235e+02
6.109797912857648043e+02,6.350692000000000235e+02
6.110934394773089480e+02,6.350692000000000235e+02
6.111273407208481103e+02,6.350692000000000235e+02
6.112808233039025936e+02,6.350692000000000235e+02
6.113546251289296833e+02,6.350692000000000235e+02
6.114682071304962392e+02,6.350692000000000235e+02
6.112633058356941547e+02,6.350692000000000235e+02
6.116555909570899985e+02,6.350692000000000235e+02
6.117294589720946760e+02,6.350692000000000235e+02
6.118429747836835304e+02,6.350692000000000235e+02
6.118772733074205235e+02,6.350692000000000235e+02
6.120303586102772897e+02,6.350692000000000235e+02
6.121042928152596687e+02,6.350692000000000235e+02
6.122177424368709353e+02,6.350692000000000235e+02
6.121732155869872258e+02,6.350692000000000235e+02
6.124051262634645809e+02,6.350692000000000235e+02
6.124791266584245477e+02,6.350692000000000235e+02
6.125925100900583402e+02,6.350692000000000235e+02
6.126272058939930503e+02,6.350692000000000235e+02
6.127798939166519858e+02,6.350692000000000235e+02
6.128539605015895404e+02,6.350692000000000235e+02
6.129672777432456314e+02,6.350692000000000235e+02
4.656828600000000051e+02,5.287906500000000278e+02
6.131546615698393907e+02,6.350692000000000235e+02
6.132287943447545331e+02,6.350692000000000235e+02
6.133420453964330363e+02,6.350692000000000235e+02
6.133771384805654634e+02,6.350692000000000235e+02
6.135294292230266819e+02,6.350692000000000235e+02
6.136036281879194121e+02,6.350692000000000235e+02
6.137168130496204412e+02,6.350692000000000235e+02
6.136741414851485388e+02,6.350692000000000235e+02
6.139041968762140868e+02,6.350692000000000235e+02
6.139784620310845185e+02,6.350692000000000235e+02
6.140915807028077325e+02,6.350692000000000235e+02
6.141270710671378765e+02,6.350692000000000235e+02
6.142789645294014917e+02,6.350692000000000235e+02
6.143532958742493975e+02,6.350692000000000235e+02
6.144663483559950237e+02,6.350692000000000235e+02
6.142694095467422812e+02,6.350692000000000235e+02
6.146537321825887830e+02,6.350692000000000235e+02
6.147281297174142765e+02,6.350692000000000235e+02
6.148411160091825423e+02,6.350692000000000235e+02
6.148770036537102897e+02,6.350692000000000235e+02
6.150284998357760742e+02,6.350692000000000235e+02
6.151029635605793828e+02,6.350692000000000235e+02
6.152158836623698335e+02,6.350692000000000235e+02
6.151750673833098517e+02,6.350692000000000235e+02
6.154032674889634791e+02,6.350692000000000235e+02
6.154777974037442618e+02,6.350692000000000235e+02
6.155906513155571247e+02,6.350692000000000235e+02
6.156269362402827028e+02,6.350692000000000235e+02
6.157780351421508840e+02,6.350692000000000235e+02
6.158526312469092545e+02,6.350692000000000235e+02
6.159654189687445296e+02,6.350692000000000235e+02
6.154650189772727344e+02,6.350692000000000235e+02
6.161528027953381752e+02,6.350692000000000235e+02
6.162274650900742472e+02,6.350692000000000235e+02
6.163401866219319345e+02,6.350692000000000235e+02
6.163768688268551159e+02,6.350692000000000235e+02
6.165275704485255801e+02,6.350692000000000235e+02
6.166022989332391262e+02,6.350692000000000235e+02
6.167149542751192257e+02,6.350692000000000235e+02
6.166759932814710510e+02,6.350692000000000235e+02
6.169023381017129850e+02,6.350692000000000235e+02
6.169771327764041189e+02,6.350692000000000235e+02
6.170897219283065169e+02,6.350692000000000235e+02
6.171268014134275290e+02,6.350692000000000235e+02
6.172771057549002762e+02,6.350692000000000235e+02
6.173519666195691116e+02,6.350692000000000235e+02
6.174644895814940355e+02,6.350692000000000235e+02
6.172755132577904078e+02,6.350692000000000235e+02
6.176518734080875674e+02,6.350692000000000235e+02
6.177268004627339906e+02,6.350692000000000235e+02
6.178392572346813267e+02,6.350692000000000235e+02
6.178767340000000559e+02,6.350692000000000235e+02
6.180266410612749723e+02,6.350692000000000235e+02
6.181016343058989833e+02,6.350692000000000235e+02
6.182140248878686180e+02,6.350692000000000235e+02
6.181769191796322502e+02,6.350692000000000235e+02
6.184014087144623772e+02,6.350692000000000235e+02
6.184764681490639759e+02,6.350692000000000235e+02
6.185887925410560229e+02,6.350692000000000235e+02
6.186266665865724690e+02,6.350692000000000235e+02
6.187761763676496685e+02,6.350692000000000235e+02
6.188513019922288549e+02,6.350692000000000235e+02
6.189635601942434278e+02,6.350692000000000235e+02
4.581386699999999905e+02,5.472690400000000182e+02
6.191509440208370734e+02,6.350692000000000235e+02
6.192261358353938476e+02,6.350692000000000235e+02
6.193383278474307190e+02,6.350692000000000235e+02
6.193765991731449958e+02,6.350692000000000235e+02
6.195257116740244783e+02,6.350692000000000235e+02
6.196009696785588403e+02,6.350692000000000235e+02
6.197130955006180102e+02,6.350692000000000235e+02
6.196778450777935632e+02,6.350692000000000235e+02
6.199004793272117695e+02,6.350692000000000235e+02
6.199758035217237193e+02,6.350692000000000235e+02
6.200878631538055288e+02,6.350692000000000235e+02
6.201265317597174089e+02,6.350692000000000235e+02
6.202752469803990607e+02,6.350692000000000235e+02
6.203506373648888257e+02,6.350692000000000235e+02
6.204626308069928200e+02,6.350692000000000235e+02
6.202816169688385344e+02,6.350692000000000235e+02
6.206500146335864656e+02,6.350692000000000235e+02
6.207254712080537047e+02,6.350692000000000235e+02
6.208373984601801112e+02,6.350692000000000235e+02
6.208764643462898221e+02,6.350692000000000235e+02
6.210247822867738705e+02,6.350692000000000235e+02
6.211003050512185837e+02,6.350692000000000235e+02
6.212121661133675161e+02,6.350692000000000235e+02
6.211787709759547624e+02,6.350692000000000235e+02
6.213995499399611617e+02,6.350692000000000235e+02
6.214751388943836901e+02,6.350692000000000235e+02
6.215869337665549210e+02,6.350692000000000235e+02
6.216263969328622352e+02,6.350692000000000235e+02
6.217743175931485666e+02,6.350692000000000235e+02
6.218499727375485691e+02,6.350692000000000235e+02
6.219617014197422122e+02,6.350692000000000235e+02
6.214943065340909243e+02,6.350692000000000235e+02
6.221490852463359715e+02,6.350692000000000235e+02
6.222248065807135617e+02,6.350692000000000235e+02
6.223364690729296171e+02,6.350692000000000235e+02
6.223763295194346483e+02,6.350692000000000235e+02
6.225238528995232627e+02,6.350692000000000235e+02
6.225996404238785544e+02,6.350692000000000235e+02
6.227112367261170220e+02,6.350692000000000235e+02
6.226796968741159617e+02,6.350692000000000235e+02
6.228986205527105540e+02,6.350692000000000235e+02
6.229744742670434334e+02,6.350692000000000235e+02
6.230860043793043133e+02,6.350692000000000235e+02
6.231262621060070614e+02,6.350692000000000235e+02
6.232733882058979589e+02,6.350692000000000235e+02
6.233493081102084261e+02,6.350692000000000235e+02
6.234607720324916045e+02,6.350692000000000235e+02
6.232877206798867746e+02,6.350692000000000235e+02
6.236481558590853638e+02,6.350692000000000235e+02
6.237241419533734188e+02,6.350692000000000235e+02
6.238355396856790094e+02,6.350692000000000235e+02
6.238761946925794746e+02,6.350692000000000235e+02
6.240229235122726550e+02,6.350692000000000235e+02
6.240989757965382978e+02,6.350692000000000235e+02
6.242103073388664143e+02,6.350692000000000235e+02
6.241806227722772746e+02,6.350692000000000235e+02
6.243976911654600599e+02,6.350692000000000235e+02
6.244738096397032905e+02,6.350692000000000235e+02
6.245850749920537055e+02,6.350692000000000235e+02
6.246261272791520014e+02,6.350692000000000235e+02
6.247724588186474648e+02,6.350692000000000235e+02
6.248486434828682832e+02,6.350692000000000235e+02
6.249598426452411104e+02,6.350692000000000235e+02
4.563292799999999829e+02,5.641927500000000464e+02
6.251472264718347560e+02,6.498887999999999465e+02
6.252234773260331622e+02,6.498887999999999465e+02
6.253346102984285153e+02,6.498887999999999465e+02
6.253760598657244145e+02,6.498887999999999465e+02
6.255219941250220472e+02,6.498887999999999465e+02
6.255983111691981549e+02,6.498887999999999465e+02
6.257093779516158065e+02,6.498887999999999465e+02
6.256815486704385876e+02,6.498887999999999465e+02
6.258967617782094521e+02,6.498887999999999465e+02
6.259731450123631475e+02,6.498887999999999465e+02
6.260841456048030977e+02,6.498887999999999465e+02
6.261259924522969413e+02,6.498887999999999465e+02
6.262715294313968570e+02,6.498887999999999465e+02
6.263479788555280265e+02,6.498887999999999465e+02
6.264589132579905026e+02,6.498887999999999465e+02
6.262938243909349012e+02,6.498887999999999465e+02
6.266462970845841483e+02,6.498887999999999465e+02
6.267228126986931329e+02,6.498887999999999465e+02
6.268336809111779075e+02,6.498887999999999465e+02
6.268759250388693545e+02,6.498887999999999465e+02
6.270210647377715532e+02,6.498887999999999465e+02
6.270976465418580119e+02,6.498887999999999465e+02
6.272084485643651988e+02,6.498887999999999465e+02
6.271824745685996731e+02,6.498887999999999465e+02
6.273958323909589581e+02,6.498887999999999465e+02
6.274724803850228909e+02,6.498887999999999465e+02
6.275832162175526037e+02,6.498887999999999465e+02
6.276258576254417676e+02,6.498887999999999465e+02
6.277706000441462493e+02,6.498887999999999465e+02
6.278473142281879973e+02,6.498887999999999465e+02
6.279579838707400086e+02,6.498887999999999465e+02
6.275235940909091141e+02,6.498887999999999465e+02
6.281453676973335405e+02,6.498887999999999465e+02
6.282221480713528763e+02,6.498887999999999465e+02
6.283327515239272998e+02,6.498887999999999465e+02
6.283757902120141807e+02,6.498887999999999465e+02
6.285201353505209454e+02,6.498887999999999465e+02
6.285969819145178690e+02,6.498887999999999465e+02
6.287075191771145910e+02,6.498887999999999465e+02
6.286834004667609861e+02,6.498887999999999465e+02
6.288949030037083503e+02,6.498887999999999465e+02
6.289718157576828617e+02,6.498887999999999465e+02
6.290822868303019959e+02,6.498887999999999465e+02
6.291257227985865939e+02,6.498887999999999465e+02
6.292696706568956415e+02,6.498887999999999465e+02
6.293466496008477407e+02,6.498887999999999465e+02
6.294570544834894008e+02,6.498887999999999465e+02
6.292999281019831415e+02,6.498887999999999465e+02
6.296444383100830464e+02,6.498887999999999465e+02
6.297214834440127333e+02,6.498887999999999465e+02
6.298318221366766920e+02,6.498887999999999465e+02
6.298756553851590070e+02,6.498887999999999465e+02
6.300192059632704513e+02,6.498887999999999465e+02
6.300963172871777260e+02,6.498887999999999465e+02
6.302065897898640969e+02,6.498887999999999465e+02
6.301843263649222990e+02,6.498887999999999465e+02
6.303939736164577425e+02,6.498887999999999465e+02
6.304711511303426050e+02,6.498887999999999465e+02
6.305813574430515018e+02,6.498887999999999465e+02
6.306255879717314201e+02,6.498887999999999465e+02
6.307687412696450338e+02,6.498887999999999465e+02
6.308459849735075977e+02,6.498887999999999465e+02
6.309561250962387930e+02,6.498887999999999465e+02
4.580437600000000202e+02,5.763905999999999494e+02
6.311435089228325523e+02,6.498887999999999465e+02
6.312208188166725904e+02,6.498887999999999465e+02
6.313308927494260843e+02,6.498887999999999465e+02
6.313755205583039469e+02,6.498887999999999465e+02
6.315182765760198436e+02,6.498887999999999465e+02
6.315956526598374694e+02,6.498887999999999465e+02
6.317056604026134892e+02,6.498887999999999465e+02
6.316852522630834983e+02,6.498887999999999465e+02
6.318930442292071348e+02,6.498887999999999465e+02
6.319704865030024621e+02,6.498887999999999465e+02
6.320804280558008941e+02,6.498887999999999465e+02
6.321254531448763601e+02,6.498887999999999465e+02
6.322678118823945397e+02,6.498887999999999465e+02
6.323453203461674548e+02,6.498887999999999465e+02
6.324551957089881853e+02,6.498887999999999465e+02
6.323060318130312680e+02,6.498887999999999465e+02
6.326425795355819446e+02,6.498887999999999465e+02
6.327201541893323338e+02,6.498887999999999465e+02
6.328299633621755902e+02,6.498887999999999465e+02
6.328753857314488869e+02,6.498887999999999465e+02
6.330173471887692358e+02,6.498887999999999465e+02
6.330949880324974401e+02,6.498887999999999465e+02
6.332047310153629951e+02,6.498887999999999465e+02
6.331861781612446975e+02,6.498887999999999465e+02
6.333921148419565270e+02,6.498887999999999465e+02
6.334698218756623191e+02,6.498887999999999465e+02
6.335794986685502863e+02,6.498887999999999465e+02
6.336253183180213000e+02,6.498887999999999465e+02
6.337668824951440456e+02,6.498887999999999465e+02
6.338446557188273118e+02,6.498887999999999465e+02
6.339542663217375775e+02,6.498887999999999465e+02
6.335528816477273040e+02,6.498887999999999465e+02
6.341416501483313368e+02,6.498887999999999465e+02
6.342194895619923045e+02,6.498887999999999465e+02
6.343290339749249824e+02,6.498887999999999465e+02
6.343752509045937131e+02,6.498887999999999465e+02
6.345164178015186280e+02,6.498887999999999465e+02
6.345943234051571835e+02,6.498887999999999465e+02
6.347038016281123873e+02,6.498887999999999465e+02
6.346871040594060105e+02,6.498887999999999465e+02
6.348911854547060329e+02,6.498887999999999465e+02
6.349691572483221762e+02,6.498887999999999465e+02
6.350785692812996786e+02,6.498887999999999465e+02
6.351251834911661263e+02,6.498887999999999465e+02
6.352659531078934378e+02,6.498887999999999465e+02
6.353439910914871689e+02,6.498887999999999465e+02
6.354533369344870835e+02,6.498887999999999465e+02
6.353121355240793946e+02,6.498887999999999465e+02
6.356407207610807291e+02,6.498887999999999465e+02
6.357188249346520479e+02,6.498887999999999465e+02
6.358281045876744884e+02,6.498887999999999465e+02
6.358751160777385394e+02,6.498887999999999465e+02
6.360154884142680203e+02,6.498887999999999465e+02
6.360936587778170406e+02,6.498887999999999465e+02
6.362028722408617796e+02,6.498887999999999465e+02
6.361880299575672097e+02,6.498887999999999465e+02
6.363902560674555389e+02,6.498887999999999465e+02
6.364684926209820333e+02,6.498887999999999465e+02
6.365776398940490708e+02,6.498887999999999465e+02
6.366250486643109525e+02,6.498887999999999465e+02
6.367650237206428301e+02,6.498887999999999465e+02
6.368433264641469123e+02,6.498887999999999465e+02
6.369524075472364757e+02,6.498887999999999465e+02
4.612338300000000118e+02,5.834561999999999671e+02
6.371397913738301213e+02,6.498887999999999465e+02
6.372181603073119049e+02,6.498887999999999465e+02
6.373271752004238806e+02,6.498887999999999465e+02
6.373749812508833656e+02,6.498887999999999465e+02
6.375145590270175262e+02,6.498887999999999465e+02
6.375929941504768976e+02,6.498887999999999465e+02
6.377019428536111718e+02,6.498887999999999465e+02
6.376889558557284090e+02,6.498887999999999465e+02
6.378893266802049311e+02,6.498887999999999465e+02
6.379678279936417766e+02,6.498887999999999465e+02
6.380767105067985767e+02,6.498887999999999465e+02
6.381249138374558925e+02,6.498887999999999465e+02
6.382640943333922223e+02,6.498887999999999465e+02
6.383426618368067693e+02,6.498887999999999465e+02
6.384514781599859816e+02,6.498887999999999465e+02
6.383182392351275212e+02,6.498887999999999465e+02
6.386388619865796272e+02,6.498887999999999465e+02
6.387174956799717620e+02,6.498887999999999465e+02
6.388262458131732728e+02,6.498887999999999465e+02
6.388748464240283056e+02,6.498887999999999465e+02
6.390136296397670321e+02,6.498887999999999465e+02
6.390923295231366410e+02,6.498887999999999465e+02
6.392010134663605641e+02,6.498887999999999465e+02
6.391898817538897219e+02,6.498887999999999465e+02
6.393883972929543233e+02,6.498887999999999465e+02
6.394671633663017474e+02,6.498887999999999465e+02
6.395757811195479690e+02,6.498887999999999465e+02
6.396247790106008324e+02,6.498887999999999465e+02
6.397631649461416146e+02,6.498887999999999465e+02
6.398419972094666264e+02,6.498887999999999465e+02
6.399505487727353739e+02,6.498887999999999465e+02
6.395821692045454938e+02,6.498887999999999465e+02
6.401379325993290195e+02,6.498887999999999465e+02
6.402168310526316191e+02,6.498887999999999465e+02
6.403253164259226651e+02,6.498887999999999465e+02
6.403747115971732455e+02,6.498887999999999465e+02
6.405127002525164244e+02,6.498887999999999465e+02
6.405916648957966117e+02,6.498887999999999465e+02
6.407000840791100700e+02,6.498887999999999465e+02
6.406908076520510349e+02,6.498887999999999465e+02
6.408874679057037156e+02,6.498887999999999465e+02
6.409664987389614907e+02,6.498887999999999465e+02
6.410748517322974749e+02,6.498887999999999465e+02
6.411246441837456587e+02,6.498887999999999465e+02
6.412622355588911205e+02,6.498887999999999465e+02
6.413413325821264834e+02,6.498887999999999465e+02
6.414496193854847661e+02,6.498887999999999465e+02
6.413243429461756477e+02,6.498887999999999465e+02
6.416370032120785254e+02,6.498887999999999465e+02
6.417161664252914761e+02,6.498887999999999465e+02
6.418243870386720573e+02,6.498887999999999465e+02
6.418745767703180718e+02,6.498887999999999465e+02
6.420117708652658166e+02,6.498887999999999465e+02
6.420910002684563551e+02,6.498887999999999465e+02
6.421991546918594622e+02,6.498887999999999465e+02
6.421917335502121205e+02,6.498887999999999465e+02
6.423865385184531078e+02,6.498887999999999465e+02
6.424658341116213478e+02,6.498887999999999465e+02
6.425739223450468671e+02,6.498887999999999465e+02
6.426245093568904849e+02,6.498887999999999465e+02
6.427613061716405127e+02,6.498887999999999465e+02
6.428406679547863405e+02,6.498887999999999465e+02
6.429486899982341583e+02,6.498887999999999465e+02
4.688598000000000070e+02,5.889745000000000346e+02
6.431360738248279176e+02,6.498887999999999465e+02
6.432155017979512195e+02,6.498887999999999465e+02
6.433234576514215632e+02,6.498887999999999465e+02
6.433744419434628981e+02,6.498887999999999465e+02
6.435108414780152088e+02,6.498887999999999465e+02
6.435903356411162122e+02,6.498887999999999465e+02
6.436982253046089681e+02,6.498887999999999465e+02
6.436926594483734334e+02,6.498887999999999465e+02
6.438856091312026138e+02,6.498887999999999465e+02
6.439651694842812049e+02,6.498887999999999465e+02
6.440729929577962594e+02,6.498887999999999465e+02
6.441243745300353112e+02,6.498887999999999465e+02
6.442603767843900187e+02,6.498887999999999465e+02
6.443400033274460839e+02,6.498887999999999465e+02
6.444477606109835506e+02,6.498887999999999465e+02
6.443304466572238880e+02,6.498887999999999465e+02
6.446351444375773099e+02,6.498887999999999465e+02
6.447148371706111902e+02,6.498887999999999465e+02
6.448225282641709555e+02,6.498887999999999465e+02
6.448743071166078380e+02,6.498887999999999465e+02
6.450099120907646011e+02,6.498887999999999465e+02
6.450896710137760692e+02,6.498887999999999465e+02
6.451972959173583604e+02,6.498887999999999465e+02
6.451935853465347463e+02,6.498887999999999465e+02
6.453846797439520060e+02,6.498887999999999465e+02
6.454645048569409482e+02,6.498887999999999465e+02
6.455720635705456516e+02,6.498887999999999465e+02
6.456242397031802511e+02,6.498887999999999465e+02
6.457594473971394109e+02,6.498887999999999465e+02
6.458393387001060546e+02,6.498887999999999465e+02
6.459468312237330565e+02,6.498887999999999465e+02
6.456114567613635700e+02,6.498887999999999465e+02
6.461342150503267021e+02,6.498887999999999465e+02
6.462141725432709336e+02,6.498887999999999465e+02
6.463215988769204614e+02,6.498887999999999465e+02
6.463741722897527779e+02,6.498887999999999465e+02
6.465089827035141070e+02,6.498887999999999465e+02
6.465890063864359263e+02,6.498887999999999465e+02
6.466963665301077526e+02,6.498887999999999465e+02
6.466945112446959456e+02,6.498887999999999465e+02
6.468837503567015119e+02,6.498887999999999465e+02
6.469638402296009190e+02,6.498887999999999465e+02
6.470711341832950438e+02,6.498887999999999465e+02
6.471241048763251911e+02,6.498887999999999465e+02
6.472585180098888031e+02,6.498887999999999465e+02
6.473386740727657980e+02,6.498887999999999465e+02
6.474459018364825624e+02,6.498887999999999465e+02
6.473365503682720146e+02,6.498887999999999465e+02
6.476332856630760944e+02,6.498887999999999465e+02
6.477135079159307907e+02,6.498887999999999465e+02
6.478206694896698536e+02,6.498887999999999465e+02
6.478740374628976042e+02,6.498887999999999465e+02
6.480080533162634993e+02,6.498887999999999465e+02
6.480883417590957833e+02,6.498887999999999465e+02
6.481954371428571449e+02,6.498887999999999465e+02
6.481954371428571449e+02,6.498887999999999465e+02
6.483828209694509042e+02,6.498887999999999465e+02
6.484631756022606623e+02,6.498887999999999465e+02
6.485702047960445498e+02,6.498887999999999465e+02
6.486239700494700173e+02,6.498887999999999465e+02
6.487575886226381954e+02,6.498887999999999465e+02
6.488380094454256550e+02,6.498887999999999465e+02
6.489449724492319547e+02,6.498887999999999465e+02
4.818974600000000237e+02,5.925869000000000142e+02
6.491323562758256003e+02,6.498887999999999465e+02
6.492128432885906477e+02,6.498887999999999465e+02
6.493197401024192459e+02,6.498887999999999465e+02
6.493739026360424305e+02,6.498887999999999465e+02
6.495071239290130052e+02,6.498887999999999465e+02
6.495876771317555267e+02,6.498887999999999465e+02
6.496945077556065371e+02,6.498887999999999465e+02
6.496963630410184578e+02,6.498887999999999465e+02
6.498818915822002964e+02,6.498887999999999465e+02
6.499625109749205194e+02,6.498887999999999465e+02
6.500692754087940557e+02,6.498887999999999465e+02
6.501238352226148436e+02,6.498887999999999465e+02
6.502566592353875876e+02,6.498887999999999465e+02
6.503373448180855121e+02,6.498887999999999465e+02
6.504440430619813469e+02,6.498887999999999465e+02
6.503426540793202548e+02,6.498887999999999465e+02
6.506314268885749925e+02,6.498887999999999465e+02
6.507121786612503911e+02,6.498887999999999465e+02
6.508188107151686381e+02,6.498887999999999465e+02
6.508737678091872567e+02,6.498887999999999465e+02
6.510061945417623974e+02,6.498887999999999465e+02
6.510870125044154975e+02,6.498887999999999465e+02
6.511935783683560430e+02,6.498887999999999465e+02
6.511972889391796571e+02,6.498887999999999465e+02
6.513809621949496886e+02,6.498887999999999465e+02
6.514618463475803765e+02,6.498887999999999465e+02
6.515683460215434479e+02,6.498887999999999465e+02
6.516237003957597835e+02,6.498887999999999465e+02
6.517557298481370935e+02,6.498887999999999465e+02
6.518366801907452555e+02,6.498887999999999465e+02
6.519431136747307391e+02,6.498887999999999465e+02
6.516407443181817598e+02,6.498887999999999465e+02
6.521304975013244984e+02,6.498887999999999465e+02
6.522115140339103618e+02,6.498887999999999465e+02
6.523178813279180304e+02,6.498887999999999465e+02
6.523736329823321967e+02,6.498887999999999465e+02
6.525052651545117897e+02,6.498887999999999465e+02
6.525863478770752408e+02,6.498887999999999465e+02
6.526926489811055490e+02,6.498887999999999465e+02
6.526982148373408563e+02,6.498887999999999465e+02
6.528800328076990809e+02,6.498887999999999465e+02
6.529611817202402335e+02,6.498887999999999465e+02
6.530674166342928402e+02,6.498887999999999465e+02
6.531235655689047235e+02,6.498887999999999465e+02
6.532548004608864858e+02,6.498887999999999465e+02
6.533360155634052262e+02,6.498887999999999465e+02
6.534421842874801314e+02,6.498887999999999465e+02
6.533487577903683814e+02,6.498887999999999465e+02
6.536295681140738907e+02,6.498887999999999465e+02
6.537108494065701052e+02,6.498887999999999465e+02
6.538169519406675363e+02,6.498887999999999465e+02
6.538734981554771366e+02,6.498887999999999465e+02
6.540043357672611819e+02,6.498887999999999465e+02
6.540856832497350979e+02,6.498887999999999465e+02
6.541917195938549412e+02,6.498887999999999465e+02
6.541991407355021693e+02,6.498887999999999465e+02
6.543791034204485868e+02,6.498887999999999465e+02
6.544605170929000906e+02,6.498887999999999465e+02
6.545664872470422324e+02,6.498887999999999465e+02
6.546234307420495497e+02,6.498887999999999465e+02
6.547538710736359917e+02,6.498887999999999465e+02
6.548353509360649696e+02,6.498887999999999465e+02
6.549412549002296373e+02,6.498887999999999465e+02
4.977593400000000088e+02,5.874243000000000166e+02
6.551286387268232829e+02,6.504429000000000087e+02
6.552101847792299623e+02,6.504429000000000087e+02
6.553160225534170422e+02,6.504429000000000087e+02
6.553733633286219629e+02,6.504429000000000087e+02
6.555034063800105741e+02,6.504429000000000087e+02
6.555850186223949549e+02,6.504429000000000087e+02
6.556907902066043334e+02,6.504429000000000087e+02
6.557000666336634822e+02,6.504429000000000087e+02
6.558781740331979790e+02,6.504429000000000087e+02
6.559598524655598339e+02,6.504429000000000087e+02
6.560655578597916247e+02,6.504429000000000087e+02
6.561232959151943760e+02,6.504429000000000087e+02
6.562529416863853839e+02,6.504429000000000087e+02
6.563346863087248266e+02,6.504429000000000087e+02
6.564403255129790296e+02,6.504429000000000087e+02
6.563548615014165080e+02,6.504429000000000087e+02
6.566277093395726752e+02,6.504429000000000087e+02
6.567095201518898193e+02,6.504429000000000087e+02
6.568150931661664345e+02,6.504429000000000087e+02
6.568732285017667891e+02,6.504429000000000087e+02
6.570024769927600801e+02,6.504429000000000087e+02
6.570843539950546983e+02,6.504429000000000087e+02
6.571898608193537257e+02,6.504429000000000087e+02
6.572009925318245678e+02,6.504429000000000087e+02
6.573772446459474850e+02,6.504429000000000087e+02
6.574591878382198047e+02,6.504429000000000087e+02
6.575646284725411306e+02,6.504429000000000087e+02
6.576231610883392023e+02,6.504429000000000087e+02
6.577520122991347762e+02,6.504429000000000087e+02
6.578340216813846837e+02,6.504429000000000087e+02
6.579393961257285355e+02,6.504429000000000087e+02
6.576700318749999497e+02,6.504429000000000087e+02
6.581267799523220674e+02,6.504429000000000087e+02
6.582088555245495627e+02,6.504429000000000087e+02
6.583141637789158267e+02,6.504429000000000087e+02
6.583730936749117291e+02,6.504429000000000087e+02
6.585015476055094723e+02,6.504429000000000087e+02
6.585836893677146691e+02,6.504429000000000087e+02
6.586889314321031179e+02,6.504429000000000087e+02
6.587019184299858807e+02,6.504429000000000087e+02
6.588763152586968772e+02,6.504429000000000087e+02
6.589585232108795481e+02,6.504429000000000087e+02
6.590636990852905228e+02,6.504429000000000087e+02
6.591230262614841422e+02,6.504429000000000087e+02
6.592510829118841684e+02,6.504429000000000087e+02
6.593333570540445407e+02,6.504429000000000087e+02
6.594384667384779277e+02,6.504429000000000087e+02
6.593609652124646345e+02,6.504429000000000087e+02
6.596258505650715733e+02,6.504429000000000087e+02
6.597081908972095334e+02,6.504429000000000087e+02
6.598132343916652189e+02,6.504429000000000087e+02
6.598729588480566690e+02,6.504429000000000087e+02
6.600006182182589782e+02,6.504429000000000087e+02
6.600830247403744124e+02,6.504429000000000087e+02
6.601880020448526238e+02,6.504429000000000087e+02
6.602028443281471937e+02,6.504429000000000087e+02
6.603753858714462694e+02,6.504429000000000087e+02
6.604578585835394051e+02,6.504429000000000087e+02
6.605627696980400287e+02,6.504429000000000087e+02
6.606228914346290821e+02,6.504429000000000087e+02
6.607501535246335607e+02,6.504429000000000087e+02
6.608326924267043978e+02,6.504429000000000087e+02
6.609375373512273200e+02,6.504429000000000087e+02
5.132247999999999593e+02,5.748144499999999653e+02
6.611249211778209656e+02,6.504429000000000087e+02
6.612075262698692768e+02,6.504429000000000087e+02
6.613123050044146112e+02,6.504429000000000087e+02
6.613728240212014953e+02,6.504429000000000087e+02
6.614996888310083705e+02,6.504429000000000087e+02
6.615823601130342695e+02,6.504429000000000087e+02
6.616870726576020161e+02,6.504429000000000087e+02
6.617037702263083929e+02,6.504429000000000087e+02
6.618744564841956617e+02,6.504429000000000087e+02
6.619571939561992622e+02,6.504429000000000087e+02
6.620618403107894210e+02,6.504429000000000087e+02
6.621227566077739084e+02,6.504429000000000087e+02
6.622492241373830666e+02,6.504429000000000087e+02
6.623320277993641412e+02,6.504429000000000087e+02
6.624366079639767122e+02,6.504429000000000087e+02
6.623670689235127611e+02,6.504429000000000087e+02
6.626239917905704715e+02,6.504429000000000087e+02
6.627068616425291339e+02,6.504429000000000087e+02
6.628113756171641171e+02,6.504429000000000087e+02
6.628726891943463215e+02,6.504429000000000087e+02
6.629987594437577627e+02,6.504429000000000087e+02
6.630816954856941265e+02,6.504429000000000087e+02
6.631861432703515220e+02,6.504429000000000087e+02
6.632046961244695922e+02,6.504429000000000087e+02
6.633735270969450539e+02,6.504429000000000087e+02
6.634565293288590055e+02,6.504429000000000087e+02
6.635609109235388132e+02,6.504429000000000087e+02
6.636226217809187347e+02,6.504429000000000087e+02
6.637482947501325725e+02,6.504429000000000087e+02
6.638313631720241119e+02,6.504429000000000087e+02
6.639356785767261044e+02,6.504429000000000087e+02
6.636993194318181395e+02,6.504429000000000087e+02
6.641230624033198637e+02,6.504429000000000087e+02
6.642061970151889909e+02,6.504429000000000087e+02
6.643104462299135093e+02,6.504429000000000087e+02
6.643725543674911478e+02,6.504429000000000087e+02
6.644978300565071549e+02,6.504429000000000087e+02
6.645810308583538699e+02,6.504429000000000087e+02
6.646852138831009142e+02,6.504429000000000087e+02
6.647056220226309051e+02,6.504429000000000087e+02
6.648725977096945599e+02,6.504429000000000087e+02
6.649558647015189763e+02,6.504429000000000087e+02
6.650599815362882055e+02,6.504429000000000087e+02
6.651224869540636746e+02,6.504429000000000087e+02
6.652473653628819648e+02,6.504429000000000087e+02
6.653306985446838553e+02,6.504429000000000087e+02
6.654347491894756104e+02,6.504429000000000087e+02
6.653731726345610014e+02,6.504429000000000087e+02
6.656221330160692560e+02,6.504429000000000087e+02
6.657055323878488480e+02,6.504429000000000087e+02
6.658095168426630153e+02,6.504429000000000087e+02
6.658724195406360877e+02,6.504429000000000087e+02
6.659969006692565472e+02,6.504429000000000087e+02
6.660803662310138407e+02,6.504429000000000087e+02
6.661842844958503065e+02,6.504429000000000087e+02
6.662065479207921044e+02,6.504429000000000087e+02
6.663716683224440658e+02,6.504429000000000087e+02
6.664552000741787197e+02,6.504429000000000087e+02
6.665590521490375977e+02,6.504429000000000087e+02
6.666223521272086145e+02,6.504429000000000087e+02
6.667464359756313570e+02,6.504429000000000087e+02
6.668300339173437123e+02,6.504429000000000087e+02
6.669338198022250026e+02,6.504429000000000087e+02
5.235030000000000427e+02,5.608438999999999623e+02
6.671212036288186482e+02,6.504429000000000087e+02
6.672048677605087050e+02,6.504429000000000087e+02
6.673085874554124075e+02,6.504429000000000087e+02
6.673722847137810277e+02,6.504429000000000087e+02
6.674959712820060531e+02,6.504429000000000087e+02
6.675797016036735840e+02,6.504429000000000087e+02
6.676833551085996987e+02,6.504429000000000087e+02
6.677074738189533036e+02,6.504429000000000087e+02
6.678707389351934580e+02,6.504429000000000087e+02
6.679545354468385767e+02,6.504429000000000087e+02
6.680581227617871036e+02,6.504429000000000087e+02
6.681222173003534408e+02,6.504429000000000087e+02
6.682455065883807492e+02,6.504429000000000087e+02
6.683293692900035694e+02,6.504429000000000087e+02
6.684328904149745085e+02,6.504429000000000087e+02
6.683792763456091279e+02,6.504429000000000087e+02
6.686202742415680405e+02,6.504429000000000087e+02
6.687042031331684484e+02,6.504429000000000087e+02
6.688076580681617997e+02,6.504429000000000087e+02
6.688721498869258539e+02,6.504429000000000087e+02
6.689950418947555590e+02,6.504429000000000087e+02
6.690790369763334411e+02,6.504429000000000087e+02
6.691824257213490910e+02,6.504429000000000087e+02
6.692083997171146166e+02,6.504429000000000087e+02
6.693698095479428503e+02,6.504429000000000087e+02
6.694538708194984338e+02,6.504429000000000087e+02
6.695571933745364959e+02,6.504429000000000087e+02
6.696220824734982671e+02,6.504429000000000087e+02
6.697445772011301415e+02,6.504429000000000087e+02
6.698287046626633128e+02,6.504429000000000087e+02
6.699319610277239008e+02,6.504429000000000087e+02
6.697286069886363293e+02,6.504429000000000087e+02
6.701193448543175464e+02,6.504429000000000087e+02
6.702035385058284191e+02,6.504429000000000087e+02
6.703067286809111920e+02,6.504429000000000087e+02
6.703720150600706802e+02,6.504429000000000087e+02
6.704941125075049513e+02,6.504429000000000087e+02
6.705783723489932981e+02,6.504429000000000087e+02
6.706814963340985969e+02,6.504429000000000087e+02
6.707093256152759295e+02,6.504429000000000087e+02
6.708688801606922425e+02,6.504429000000000087e+02
6.709532061921582908e+02,6.504429000000000087e+02
6.710562639872860018e+02,6.504429000000000087e+02
6.711219476466430933e+02,6.504429000000000087e+02
6.712436478138796474e+02,6.504429000000000087e+02
6.713280400353232835e+02,6.504429000000000087e+02
6.714310316404732930e+02,6.504429000000000087e+02
6.713853800566573682e+02,6.504429000000000087e+02
6.716184154670670523e+02,6.504429000000000087e+02
6.717028738784881625e+02,6.504429000000000087e+02
6.718057992936605842e+02,6.504429000000000087e+02
6.718718802332156201e+02,6.504429000000000087e+02
6.719931831202543435e+02,6.504429000000000087e+02
6.720777077216531552e+02,6.504429000000000087e+02
6.721805669468479891e+02,6.504429000000000087e+02
6.722102515134370151e+02,6.504429000000000087e+02
6.723679507734416347e+02,6.504429000000000087e+02
6.724525415648181479e+02,6.504429000000000087e+02
6.725553346000353940e+02,6.504429000000000087e+02
6.726218128197880333e+02,6.504429000000000087e+02
6.727427184266290396e+02,6.504429000000000087e+02
6.728273754079830269e+02,6.504429000000000087e+02
6.729301022532226852e+02,6.504429000000000087e+02
5.309884600000000319e+02,5.481073000000000093e+02
6.731174860798164445e+02,6.504429000000000087e+02
6.732022092511480196e+02,6.504429000000000087e+02
6.733048699064100902e+02,6.504429000000000087e+02
6.733717454063604464e+02,6.504429000000000087e+02
6.734922537330037358e+02,6.504429000000000087e+02
6.735770430943130123e+02,6.504429000000000087e+02
6.736796375595974951e+02,6.504429000000000087e+02
6.737111774115983280e+02,6.504429000000000087e+02
6.738670213861911407e+02,6.504429000000000087e+02
6.739518769374778913e+02,6.504429000000000087e+02
6.740544052127847863e+02,6.504429000000000087e+02
6.741216779929329732e+02,6.504429000000000087e+02
6.742417890393785456e+02,6.504429000000000087e+02
6.743267107806428839e+02,6.504429000000000087e+02
6.744291728659720775e+02,6.504429000000000087e+02
6.743914837677054948e+02,6.504429000000000087e+02
6.746165566925658368e+02,6.504429000000000087e+02
6.747015446238078766e+02,6.504429000000000087e+02
6.748039405191594824e+02,6.504429000000000087e+02
6.748716105795053863e+02,6.504429000000000087e+02
6.749913243457531280e+02,6.504429000000000087e+02
6.750763784669727556e+02,6.504429000000000087e+02
6.751787081723468873e+02,6.504429000000000087e+02
6.752121033097596410e+02,6.504429000000000087e+02
6.753660919989405329e+02,6.504429000000000087e+02
6.754512123101377483e+02,6.504429000000000087e+02
6.755534758255341785e+02,6.504429000000000087e+02
6.756215431660777995e+02,6.504429000000000087e+02
6.757408596521279378e+02,6.504429000000000087e+02
6.758260461533027410e+02,6.504429000000000087e+02
6.759282434787215834e+02,6.504429000000000087e+02
6.757578945454545192e+02,6.504429000000000087e+02
6.761156273053152290e+02,6.504429000000000087e+02
6.762008799964676200e+02,6.504429000000000087e+02
6.763030111319089883e+02,6.504429000000000087e+02
6.763714757526502126e+02,6.504429000000000087e+02
6.764903949585026339e+02,6.504429000000000087e+02
6.765757138396327264e+02,6.504429000000000087e+02
6.766777787850962795e+02,6.504429000000000087e+02
6.767130292079208402e+02,6.504429000000000087e+02
6.768651626116900388e+02,6.504429000000000087e+02
6.769505476827976054e+02,6.504429000000000087e+02
6.770525464382835708e+02,6.504429000000000087e+02
6.771214083392226257e+02,6.504429000000000087e+02
6.772399302648773300e+02,6.504429000000000087e+02
6.773253815259625981e+02,6.504429000000000087e+02
6.774273140914709757e+02,6.504429000000000087e+02
6.773975874787536213e+02,6.504429000000000087e+02
6.776146979180646213e+02,6.504429000000000087e+02
6.777002153691275907e+02,6.504429000000000087e+02
6.778020817446583806e+02,6.504429000000000087e+02
6.778713409257950389e+02,6.504429000000000087e+02
6.779894655712520262e+02,6.504429000000000087e+02
6.780750492122924697e+02,6.504429000000000087e+02
6.781768493978456718e+02,6.504429000000000087e+02
6.782139551060820395e+02,6.504429000000000087e+02
6.783642332244394311e+02,6.504429000000000087e+02
6.784498830554574624e+02,6.504429000000000087e+02
6.785516170510330767e+02,6.504429000000000087e+02
6.786212735123675657e+02,6.504429000000000087e+02
6.787390008776267223e+02,6.504429000000000087e+02
6.788247168986224551e+02,6.504429000000000087e+02
6.789263847042204816e+02,6.504429000000000087e+02
5.360098000000000411e+02,5.410263700000000426e+02
6.791137685308141272e+02,6.504429000000000087e+02
6.791995507417873341e+02,6.504429000000000087e+02
6.793011523574077728e+02,6.504429000000000087e+02
6.793712060989399788e+02,6.504429000000000087e+02
6.794885361840015321e+02,6.504429000000000087e+02
6.795743845849523268e+02,6.504429000000000087e+02
6.796759200105950640e+02,6.504429000000000087e+02
6.797148810042433524e+02,6.504429000000000087e+02
6.798633038371888233e+02,6.504429000000000087e+02
6.799492184281173195e+02,6.504429000000000087e+02
6.800506876637825826e+02,6.504429000000000087e+02
6.801211386855123919e+02,6.504429000000000087e+02
6.802380714903761145e+02,6.504429000000000087e+02
6.803240522712821985e+02,6.504429000000000087e+02
6.804254553169698738e+02,6.504429000000000087e+02
6.804036911898017479e+02,6.504429000000000087e+02
6.806128391435635194e+02,6.504429000000000087e+02
6.806988861144471912e+02,6.504429000000000087e+02
6.808002229701571650e+02,6.504429000000000087e+02
6.808710712720849187e+02,6.504429000000000087e+02
6.809876067967509243e+02,6.504429000000000087e+02
6.810737199576121839e+02,6.504429000000000087e+02
6.811749906233445699e+02,6.504429000000000087e+02
6.812158069024045517e+02,6.504429000000000087e+02
6.813623744499382155e+02,6.504429000000000087e+02
6.814485538007770629e+02,6.504429000000000087e+02
6.815497582765319748e+02,6.504429000000000087e+02
6.816210038586573319e+02,6.504429000000000087e+02
6.817371421031256205e+02,6.504429000000000087e+02
6.818233876439421692e+02,6.504429000000000087e+02
6.819245259297192661e+02,6.504429000000000087e+02
6.817871821022727090e+02,6.504429000000000087e+02
6.821119097563130254e+02,6.504429000000000087e+02
6.821982214871070482e+02,6.504429000000000087e+02
6.822992935829065573e+02,6.504429000000000087e+02
6.823709364452297450e+02,6.504429000000000087e+02
6.824866774095003166e+02,6.504429000000000087e+02
6.825730553302719272e+02,6.504429000000000087e+02
6.826740612360940759e+02,6.504429000000000087e+02
6.827167328005657509e+02,6.504429000000000087e+02
6.828614450626876078e+02,6.504429000000000087e+02
6.829478891734370336e+02,6.504429000000000087e+02
6.830488288892813671e+02,6.504429000000000087e+02
6.831208690318021581e+02,6.504429000000000087e+02
6.832362127158750127e+02,6.504429000000000087e+02
6.833227230166019126e+02,6.504429000000000087e+02
6.834235965424686583e+02,6.504429000000000087e+02
6.834097949008498745e+02,6.504429000000000087e+02
6.836109803690624176e+02,6.504429000000000087e+02
6.836975568597669053e+02,6.504429000000000087e+02
6.837983641956560632e+02,6.504429000000000087e+02
6.838708016183745713e+02,6.504429000000000087e+02
6.839857480222497088e+02,6.504429000000000087e+02
6.840723907029318980e+02,6.504429000000000087e+02
6.841731318488434681e+02,6.504429000000000087e+02
6.842176586987270639e+02,6.504429000000000087e+02
6.843605156754371137e+02,6.504429000000000087e+02
6.844472245460967770e+02,6.504429000000000087e+02
6.845478995020307593e+02,6.504429000000000087e+02
6.846207342049469844e+02,6.504429000000000087e+02
6.847352833286245186e+02,6.504429000000000087e+02
6.848220583892617697e+02,6.504429000000000087e+02
6.849226671552180505e+02,6.504429000000000087e+02
5.391305999999999585e+02,5.391979000000000042e+02
6.851100509818118098e+02,6.432159400000000460e+02
6.851968922324267623e+02,6.432159400000000460e+02
6.852974348084055691e+02,6.432159400000000460e+02
6.853706667915195112e+02,6.432159400000000460e+02
6.854848186349991011e+02,6.432159400000000460e+02
6.855717260755916413e+02,6.432159400000000460e+02
6.856722024615928603e+02,6.432159400000000460e+02
6.857185845968883768e+02,6.432159400000000460e+02
6.858595862881865060e+02,6.432159400000000460e+02
6.859465599187566340e+02,6.432159400000000460e+02
6.860469701147801516e+02,6.432159400000000460e+02
6.861205993780919243e+02,6.432159400000000460e+02
6.862343539413739109e+02,6.432159400000000460e+02
6.863213937619216267e+02,6.432159400000000460e+02
6.864217377679675565e+02,6.432159400000000460e+02
6.864158986118981147e+02,6.432159400000000460e+02
6.866091215945612021e+02,6.432159400000000460e+02
6.866962276050865057e+02,6.432159400000000460e+02
6.867965054211549614e+02,6.432159400000000460e+02
6.868705319646643375e+02,6.432159400000000460e+02
6.869838892477486070e+02,6.432159400000000460e+02
6.870710614482514984e+02,6.432159400000000460e+02
6.871712730743422526e+02,6.432159400000000460e+02
6.872195104950494624e+02,6.432159400000000460e+02
6.873586569009360119e+02,6.432159400000000460e+02
6.874458952914164911e+02,6.432159400000000460e+02
6.875460407275296575e+02,6.432159400000000460e+02
6.876204645512368643e+02,6.432159400000000460e+02
6.877334245541233031e+02,6.432159400000000460e+02
6.878207291345813701e+02,6.432159400000000460e+02
6.879208083807170624e+02,6.432159400000000460e+02
6.878164696590908989e+02,6.432159400000000460e+02
6.881081922073105943e+02,6.432159400000000460e+02
6.881955629777464765e+02,6.432159400000000460e+02
6.882955760339043536e+02,6.432159400000000460e+02
6.883703971378092774e+02,6.432159400000000460e+02
6.884829598604979992e+02,6.432159400000000460e+02
6.885703968209113555e+02,6.432159400000000460e+02
6.886703436870916448e+02,6.432159400000000460e+02
6.887204363932107753e+02,6.432159400000000460e+02
6.888577275136854041e+02,6.432159400000000460e+02
6.889452306640762345e+02,6.432159400000000460e+02
6.890451113402790497e+02,6.432159400000000460e+02
6.891203297243816905e+02,6.432159400000000460e+02
6.892324951668726953e+02,6.432159400000000460e+02
6.893200645072413408e+02,6.432159400000000460e+02
6.894198789934664546e+02,6.432159400000000460e+02
6.894220023229462413e+02,6.432159400000000460e+02
6.896072628200601002e+02,6.432159400000000460e+02
6.896948983504062198e+02,6.432159400000000460e+02
6.897946466466537458e+02,6.432159400000000460e+02
6.898702623109541037e+02,6.432159400000000460e+02
6.899820304732475051e+02,6.432159400000000460e+02
6.900697321935712125e+02,6.432159400000000460e+02
6.901694142998411508e+02,6.432159400000000460e+02
6.902213622913720883e+02,6.432159400000000460e+02
6.903567981264347964e+02,6.432159400000000460e+02
6.904445660367362052e+02,6.432159400000000460e+02
6.905441819530285557e+02,6.432159400000000460e+02
6.906201948975265168e+02,6.432159400000000460e+02
6.907315657796220876e+02,6.432159400000000460e+02
6.908193998799010842e+02,6.432159400000000460e+02
6.909189496062158469e+02,6.432159400000000460e+02
5.430395499999999629e+02,5.411866499999999860e+02
6.911063334328094925e+02,6.432159400000000460e+02
6.911942337230660769e+02,6.432159400000000460e+02
6.912937172594031381e+02,6.432159400000000460e+02
6.913701274840989299e+02,6.432159400000000460e+02
6.914811010859968974e+02,6.432159400000000460e+02
6.915690675662310696e+02,6.432159400000000460e+02
6.916684849125905430e+02,6.432159400000000460e+02
6.917222881895332876e+02,6.432159400000000460e+02
6.918558687391841886e+02,6.432159400000000460e+02
6.919439014093959486e+02,6.432159400000000460e+02
6.920432525657779479e+02,6.432159400000000460e+02
6.921200600706714567e+02,6.432159400000000460e+02
6.922306363923715935e+02,6.432159400000000460e+02
6.923187352525609413e+02,6.432159400000000460e+02
6.924180202189652391e+02,6.432159400000000460e+02
6.924281060339944815e+02,6.432159400000000460e+02
6.926054040455589984e+02,6.432159400000000460e+02
6.926935690957259339e+02,6.432159400000000460e+02
6.927927878721526440e+02,6.432159400000000460e+02
6.928699926572438699e+02,6.432159400000000460e+02
6.929801716987462896e+02,6.432159400000000460e+02
6.930684029388908129e+02,6.432159400000000460e+02
6.931675555253400489e+02,6.432159400000000460e+02
6.932232140876944868e+02,6.432159400000000460e+02
6.933549393519335808e+02,6.432159400000000460e+02
6.934432367820558056e+02,6.432159400000000460e+02
6.935423231785273401e+02,6.432159400000000460e+02
6.936199252438162830e+02,6.432159400000000460e+02
6.937297070051209857e+02,6.432159400000000460e+02
6.938180706252207983e+02,6.432159400000000460e+02
6.939170908317146313e+02,6.432159400000000460e+02
6.938457572159090887e+02,6.432159400000000460e+02
6.941044746583083906e+02,6.432159400000000460e+02
6.941929044683856773e+02,6.432159400000000460e+02
6.942918584849020363e+02,6.432159400000000460e+02
6.943698578303888098e+02,6.432159400000000460e+02
6.944792423114956819e+02,6.432159400000000460e+02
6.945677383115507837e+02,6.432159400000000460e+02
6.946666261380894412e+02,6.432159400000000460e+02
6.947241399858557998e+02,6.432159400000000460e+02
6.948540099646830868e+02,6.432159400000000460e+02
6.949425721547156627e+02,6.432159400000000460e+02
6.950413937912767324e+02,6.432159400000000460e+02
6.951197904169612229e+02,6.432159400000000460e+02
6.952287776178704917e+02,6.432159400000000460e+02
6.953174059978805417e+02,6.432159400000000460e+02
6.954161614444641373e+02,6.432159400000000460e+02
6.954342097450426081e+02,6.432159400000000460e+02
6.956035452710577829e+02,6.432159400000000460e+02
6.956922398410456481e+02,6.432159400000000460e+02
6.957909290976515422e+02,6.432159400000000460e+02
6.958697230035336361e+02,6.432159400000000460e+02
6.959783129242450741e+02,6.432159400000000460e+02
6.960670736842105271e+02,6.432159400000000460e+02
6.961656967508388334e+02,6.432159400000000460e+02
6.962250658840169990e+02,6.432159400000000460e+02
6.963530805774325927e+02,6.432159400000000460e+02
6.964419075273755197e+02,6.432159400000000460e+02
6.965404644040261246e+02,6.432159400000000460e+02
6.966196555901060492e+02,6.432159400000000460e+02
6.967278482306198839e+02,6.432159400000000460e+02
6.968167413705405124e+02,6.432159400000000460e+02
6.969152320572135295e+02,6.432159400000000460e+02
5.500421999999999798e+02,5.544556999999999789e+02
6.971026158838071751e+02,5.112811300000000188e+02
6.971915752137053914e+02,5.112811300000000188e+02
6.972899997104009344e+02,5.112811300000000188e+02
6.973695881766784623e+02,5.112811300000000188e+02
6.974773835369945800e+02,5.112811300000000188e+02
6.975664090568703841e+02,5.112811300000000188e+02
6.976647673635882256e+02,5.112811300000000188e+02
6.977259917821781983e+02,5.112811300000000188e+02
6.978521511901819849e+02,5.112811300000000188e+02
6.979412429000353768e+02,5.112811300000000188e+02
6.980395350167756305e+02,5.112811300000000188e+02
6.981195207632508755e+02,5.112811300000000188e+02
6.982269188433692761e+02,5.112811300000000188e+02
6.983160767432002558e+02,5.112811300000000188e+02
6.984143026699630354e+02,5.112811300000000188e+02
6.984403134560907347e+02,5.112811300000000188e+02
6.986016864965565674e+02,5.112811300000000188e+02
6.986909105863652485e+02,5.112811300000000188e+02
6.987890703231503267e+02,5.112811300000000188e+02
6.988694533498234023e+02,5.112811300000000188e+02
6.989764541497440860e+02,5.112811300000000188e+02
6.990657444295302412e+02,5.112811300000000188e+02
6.991638379763376179e+02,5.112811300000000188e+02
6.992269176803395112e+02,5.112811300000000188e+02
6.993512218029313772e+02,5.112811300000000188e+02
6.994405782726951202e+02,5.112811300000000188e+02
6.995386056295250228e+02,5.112811300000000188e+02
6.996193859363958154e+02,5.112811300000000188e+02
6.997259894561186684e+02,5.112811300000000188e+02
6.998154121158601129e+02,5.112811300000000188e+02
6.999133732827124277e+02,5.112811300000000188e+02
6.998750447727272785e+02,5.112811300000000188e+02
7.001007571093060733e+02,4.571135300000000257e+02
7.001902459590251055e+02,4.571135300000000257e+02
7.002881409358997189e+02,4.571135300000000257e+02
7.003693185229682285e+02,4.571135300000000257e+02
7.004755247624934782e+02,4.571135300000000257e+02
7.005650798021899845e+02,4.571135300000000257e+02
7.006629085890871238e+02,4.571135300000000257e+02
7.007278435785008242e+02,4.571135300000000257e+02
7.008502924156807694e+02,4.571135300000000257e+02
7.009399136453550909e+02,4.571135300000000257e+02
7.010376762422745287e+02,4.571135300000000257e+02
7.011192511095407554e+02,4.571135300000000257e+02
7.012250600688680606e+02,4.571135300000000257e+02
7.013147474885199699e+02,4.571135300000000257e+02
7.014124438954618199e+02,4.571135300000000257e+02
7.014464171671388613e+02,4.571135300000000257e+02
7.015998277220555792e+02,4.571135300000000257e+02
7.016895813316848489e+02,4.571135300000000257e+02
7.017872115486491111e+02,4.571135300000000257e+02
7.018691836961131685e+02,4.571135300000000257e+02
7.019745953752428704e+02,4.571135300000000257e+02
7.020644151748499553e+02,4.571135300000000257e+02
7.021619792018365160e+02,4.571135300000000257e+02
7.022287694766619097e+02,4.571135300000000257e+02
7.023493630284301616e+02,4.571135300000000257e+02
7.024392490180148343e+02,4.571135300000000257e+02
7.025367468550239209e+02,4.571135300000000257e+02
7.026191162826855816e+02,4.571135300000000257e+02
7.027241306816175666e+02,4.571135300000000257e+02
7.028140828611798270e+02,4.571135300000000257e+02
7.029115145082112122e+02,4.571135300000000257e+02
5.589485499999999547e+02,5.758451999999999771e+02
7.030988983348049715e+02,5.607255999999999858e+02
7.031889167043448197e+02,5.607255999999999858e+02
7.032862821613986171e+02,5.607255999999999858e+02
7.033690488692579947e+02,5.607255999999999858e+02
7.034736659879922627e+02,5.607255999999999858e+02
7.035637505475096987e+02,5.607255999999999858e+02
7.036610498145860220e+02,5.607255999999999858e+02
7.037296953748232227e+02,5.607255999999999858e+02
7.038484336411796676e+02,5.607255999999999858e+02
7.039385843906746913e+02,5.607255999999999858e+02
7.040358174677733132e+02,5.607255999999999858e+02
7.041189814558304079e+02,5.607255999999999858e+02
7.042232012943670725e+02,5.607255999999999858e+02
7.043134182338396840e+02,5.607255999999999858e+02
7.044105851209606044e+02,5.607255999999999858e+02
7.044525208781869878e+02,5.607255999999999858e+02
7.045979689475543637e+02,5.607255999999999858e+02
7.046882520770045630e+02,5.607255999999999858e+02
7.047853527741480093e+02,5.607255999999999858e+02
7.048689140424028210e+02,5.607255999999999858e+02
7.049727366007416549e+02,5.607255999999999858e+02
7.050630859201695557e+02,5.607255999999999858e+02
7.051601204273354142e+02,5.607255999999999858e+02
7.052306212729845356e+02,5.607255999999999858e+02
7.053475042539290598e+02,5.607255999999999858e+02
7.054379197633345484e+02,5.607255999999999858e+02
7.055348880805227054e+02,5.607255999999999858e+02
7.056188466289753478e+02,5.607255999999999858e+02
7.057222719071164647e+02,5.607255999999999858e+02
7.058127536064995411e+02,5.607255999999999858e+02
7.059096557337101103e+02,5.607255999999999858e+02
7.059043323295454684e+02,5.607255999999999858e+02
7.060970395603037559e+02,5.607255999999999858e+02
7.061875874496644201e+02,5.607255999999999858e+02
7.062844233868974015e+02,5.607255999999999858e+02
7.063687792155477609e+02,5.607255999999999858e+02
7.064718072134911608e+02,5.607255999999999858e+02
7.065624212928294128e+02,5.607255999999999858e+02
7.066591910400848064e+02,5.607255999999999858e+02
7.067315471711457349e+02,5.607255999999999858e+02
7.068465748666784521e+02,5.607255999999999858e+02
7.069372551359944055e+02,5.607255999999999858e+02
7.070339586932722113e+02,5.607255999999999858e+02
7.071187118021201741e+02,5.607255999999999858e+02
7.072213425198658570e+02,5.607255999999999858e+02
7.073120889791592845e+02,5.607255999999999858e+02
7.074087263464595026e+02,5.607255999999999858e+02
7.074586245892352281e+02,5.607255999999999858e+02
7.075961101730531482e+02,5.607255999999999858e+02
7.076869228223242771e+02,5.607255999999999858e+02
7.077834939996469075e+02,5.607255999999999858e+02
7.078686443886925872e+02,5.607255999999999858e+02
7.079708778262405531e+02,5.607255999999999858e+02
7.080617566654892698e+02,5.607255999999999858e+02
7.081582616528341987e+02,5.607255999999999858e+02
7.082324730693069341e+02,5.607255999999999858e+02
7.083456454794279580e+02,5.607255999999999858e+02
7.084365905086541488e+02,5.607255999999999858e+02
7.085330293060216036e+02,5.607255999999999858e+02
7.086185769752651140e+02,5.607255999999999858e+02
7.087204131326152492e+02,5.607255999999999858e+02
7.088114243518191415e+02,5.607255999999999858e+02
7.089077969592090085e+02,5.607255999999999858e+02
5.659319500000000289e+02,5.918653600000000097e+02
7.090951807858026541e+02,4.052994400000000041e+02
7.091862581949841342e+02,4.052994400000000041e+02
7.092825646123962997e+02,4.052994400000000041e+02
7.093685095618375271e+02,4.052994400000000041e+02
7.094699484389899453e+02,4.052994400000000041e+02
7.095610920381491269e+02,4.052994400000000041e+02
7.096573322655837046e+02,4.052994400000000041e+02
7.097333989674682471e+02,4.052994400000000041e+02
7.098447160921773502e+02,4.052994400000000041e+02
7.099359258813140059e+02,4.052994400000000041e+02
7.100320999187709958e+02,4.052994400000000041e+02
7.101184421484099403e+02,4.052994400000000041e+02
7.102194837453647551e+02,4.052994400000000041e+02
7.103107597244789986e+02,4.052994400000000041e+02
7.104068675719584007e+02,4.052994400000000041e+02
7.104647283002833547e+02,4.052994400000000041e+02
7.105942513985520463e+02,4.052994400000000041e+02
7.106855935676439913e+02,4.052994400000000041e+02
7.107816352251456919e+02,4.052994400000000041e+02
7.108683747349823534e+02,4.052994400000000041e+02
7.109690190517394512e+02,4.052994400000000041e+02
7.110604274108088703e+02,4.052994400000000041e+02
7.111564028783330969e+02,4.052994400000000041e+02
7.112343248656294463e+02,4.052994400000000041e+02
7.113437867049267425e+02,4.052994400000000041e+02
7.114352612539738629e+02,4.052994400000000041e+02
7.115311705315205018e+02,4.052994400000000041e+02
7.116183073215548802e+02,4.052994400000000041e+02
7.117185543581141474e+02,4.052994400000000041e+02
7.118100950971388556e+02,4.052994400000000041e+02
7.119059381847077930e+02,4.052994400000000041e+02
7.119336198863636582e+02,4.052994400000000041e+02
7.120933220113014386e+02,4.052994400000000041e+02
7.121849289403038483e+02,4.052994400000000041e+02
7.122807058378951979e+02,4.052994400000000041e+02
7.123682399081272933e+02,4.052994400000000041e+02
7.124680896644888435e+02,4.052994400000000041e+02
7.125597627834687273e+02,4.052994400000000041e+02
7.126554734910824891e+02,4.052994400000000041e+02
7.127352507637907593e+02,4.052994400000000041e+02
7.128428573176762484e+02,4.052994400000000041e+02
7.129345966266337200e+02,4.052994400000000041e+02
7.130302411442698940e+02,4.052994400000000041e+02
7.131181724946997065e+02,4.052994400000000041e+02
7.132176249708635396e+02,4.052994400000000041e+02
7.133094304697987127e+02,4.052994400000000041e+02
7.134050087974571852e+02,4.052994400000000041e+02
7.134708320113314812e+02,4.052994400000000041e+02
7.135923926240509445e+02,4.052994400000000041e+02
7.136842643129635917e+02,4.052994400000000041e+02
7.137797764506445901e+02,4.052994400000000041e+02
7.138681050812721196e+02,4.052994400000000041e+02
7.139671602772382357e+02,4.052994400000000041e+02
7.140590981561285844e+02,4.052994400000000041e+02
7.141545441038319950e+02,4.052994400000000041e+02
7.142361766619519585e+02,4.052994400000000041e+02
7.143419279304256406e+02,4.052994400000000041e+02
7.144339319992935771e+02,4.052994400000000041e+02
7.145293117570192862e+02,4.052994400000000041e+02
7.146180376678445327e+02,4.052994400000000041e+02
7.147166955836129318e+02,4.052994400000000041e+02
7.148087658424584561e+02,4.052994400000000041e+02
7.149040794102066911e+02,4.052994400000000041e+02
5.750611999999999853e+02,6.055094000000000278e+02
7.150914632368003367e+02,6.049422600000000330e+02
7.151835996856234487e+02,6.049422600000000330e+02
7.152788470633939824e+02,6.049422600000000330e+02
7.153679702544170596e+02,6.049422600000000330e+02
7.154662308899877416e+02,6.049422600000000330e+02
7.155584335287884414e+02,6.049422600000000330e+02
7.156536147165813873e+02,6.049422600000000330e+02
7.157371025601131578e+02,6.049422600000000330e+02
7.158409985431750329e+02,6.049422600000000330e+02
7.159332673719534341e+02,6.049422600000000330e+02
7.160283823697686785e+02,6.049422600000000330e+02
7.161179028409894727e+02,6.049422600000000330e+02
7.162157661963624378e+02,6.049422600000000330e+02
7.163081012151183131e+02,6.049422600000000330e+02
7.164031500229560834e+02,6.049422600000000330e+02
7.164769357223797215e+02,6.049422600000000330e+02
7.165905338495497290e+02,6.049422600000000330e+02
7.166829350582833058e+02,6.049422600000000330e+02
7.167779176761434883e+02,6.049422600000000330e+02
7.168678354275618858e+02,6.049422600000000330e+02
7.169653015027371339e+02,6.049422600000000330e+02
7.170577689014482985e+02,6.049422600000000330e+02
7.171526853293307795e+02,6.049422600000000330e+02
7.172380284582744707e+02,6.049422600000000330e+02
7.173400691559244251e+02,6.049422600000000330e+02
7.174326027446131775e+02,6.049422600000000330e+02
7.175274529825181844e+02,6.049422600000000330e+02
7.176177680141342989e+02,6.049422600000000330e+02
7.177148368091118300e+02,6.049422600000000330e+02
7.178074365877781702e+02,6.049422600000000330e+02
7.179022206357054756e+02,6.049422600000000330e+02
7.179629074431818481e+02,6.049422600000000330e+02
7.180896044622992349e+02,6.049422600000000330e+02
7.181822704309431629e+02,6.049422600000000330e+02
7.182769882888928805e+02,6.049422600000000330e+02
7.183677006007067121e+02,6.049422600000000330e+02
7.184643721154865261e+02,6.049422600000000330e+02
7.185571042741081556e+02,6.049422600000000330e+02
7.186517559420801717e+02,6.049422600000000330e+02
7.187389543564356700e+02,6.049422600000000330e+02
7.188391397686739310e+02,6.049422600000000330e+02
7.189319381172730345e+02,6.049422600000000330e+02
7.190265235952675766e+02,6.049422600000000330e+02
7.191176331872792389e+02,6.049422600000000330e+02
7.192139074218612222e+02,6.049422600000000330e+02
7.193067719604380272e+02,6.049422600000000330e+02
7.194012912484549815e+02,6.049422600000000330e+02
7.194830394334278481e+02,6.049422600000000330e+02
7.195886750750486271e+02,6.049422600000000330e+02
7.196816058036030199e+02,6.049422600000000330e+02
7.197760589016422728e+02,6.049422600000000330e+02
7.198675657738516520e+02,6.049422600000000330e+02
7.199634427282359184e+02,6.049422600000000330e+02
7.200564396467678989e+02,6.049422600000000330e+02
7.201508265548296777e+02,6.049422600000000330e+02
7.202398802545969829e+02,6.049422600000000330e+02
7.203382103814233233e+02,6.049422600000000330e+02
7.204312734899328916e+02,6.049422600000000330e+02
7.205255942080169689e+02,6.049422600000000330e+02
7.206174983604240651e+02,6.049422600000000330e+02
7.207129780346107282e+02,6.049422600000000330e+02
7.208061073330978843e+02,6.049422600000000330e+02
7.209003618612043738e+02,6.049422600000000330e+02
5.879941400000000158e+02,6.202626000000000204e+02
7.210877456877980194e+02,6.211692000000000462e+02
7.211809411762628770e+02,6.211692000000000462e+02
7.212751295143916650e+02,6.211692000000000462e+02
7.213674309469964783e+02,6.211692000000000462e+02
7.214625133409854243e+02,6.211692000000000462e+02
7.215557750194277560e+02,6.211692000000000462e+02
7.216498971675790699e+02,6.211692000000000462e+02
7.217408061527581822e+02,6.211692000000000462e+02
7.218372809941727155e+02,6.211692000000000462e+02
7.219306088625927487e+02,6.211692000000000462e+02
7.220246648207664748e+02,6.211692000000000462e+02
7.221173635335690051e+02,6.211692000000000462e+02
7.222120486473601204e+02,6.211692000000000462e+02
7.223054427057577414e+02,6.211692000000000462e+02
7.223994324739537660e+02,6.211692000000000462e+02
7.224891431444759746e+02,6.211692000000000462e+02
7.225868163005474116e+02,6.211692000000000462e+02
7.226802765489226203e+02,6.211692000000000462e+02
7.227742001271411709e+02,6.211692000000000462e+02
7.228672961201414182e+02,6.211692000000000462e+02
7.229615839537348165e+02,6.211692000000000462e+02
7.230551103920876130e+02,6.211692000000000462e+02
7.231489677803284621e+02,6.211692000000000462e+02
7.232417320509193814e+02,6.211692000000000462e+02
7.233363516069222214e+02,6.211692000000000462e+02
7.234299442352526057e+02,6.211692000000000462e+02
7.235237354335158670e+02,6.211692000000000462e+02
7.236172287067138313e+02,6.211692000000000462e+02
7.237111192601095127e+02,6.211692000000000462e+02
7.238047780784174847e+02,6.211692000000000462e+02
7.238985030867031583e+02,6.211692000000000462e+02
7.239921950000000379e+02,6.211692000000000462e+02
7.240858869132969176e+02,6.211692000000000462e+02
7.241796119215824774e+02,6.211692000000000462e+02
7.242732707398905632e+02,6.211692000000000462e+02
7.243671612932862445e+02,6.211692000000000462e+02
7.244606545664842088e+02,6.211692000000000462e+02
7.245544457647474701e+02,6.211692000000000462e+02
7.246480383930779681e+02,6.211692000000000462e+02
7.247426579490806944e+02,6.211692000000000462e+02
7.248354222196716137e+02,6.211692000000000462e+02
7.249292796079124628e+02,6.211692000000000462e+02
7.250228060462652593e+02,6.211692000000000462e+02
7.251170938798586576e+02,6.211692000000000462e+02
7.252101898728590186e+02,6.211692000000000462e+02
7.253041134510773418e+02,6.211692000000000462e+02
7.253975736994526642e+02,6.211692000000000462e+02
7.254952468555241012e+02,6.211692000000000462e+02
7.255849575260463098e+02,6.211692000000000462e+02
7.256789472942423345e+02,6.211692000000000462e+02
7.257723413526399554e+02,6.211692000000000462e+02
7.258670264664311844e+02,6.211692000000000462e+02
7.259597251792337147e+02,6.211692000000000462e+02
7.260537811374073272e+02,6.211692000000000462e+02
7.261471090058273603e+02,6.211692000000000462e+02
7.262435838472418936e+02,6.211692000000000462e+02
7.263344928324210059e+02,6.211692000000000462e+02
7.264286149805722062e+02,6.211692000000000462e+02
7.265218766590147652e+02,6.211692000000000462e+02
7.266169590530035975e+02,6.211692000000000462e+02
7.267092604856084108e+02,6.211692000000000462e+02
7.268034488237371988e+02,6.211692000000000462e+02
7.268966443122020564e+02,6.211692000000000462e+02
6.085201399999999694e+02,6.350692000000000235e+02
7.270840281387957020e+02,3.667871000000000095e+02
7.271782826669021915e+02,3.667871000000000095e+02
7.272714119653894613e+02,3.667871000000000095e+02
7.273668916395760107e+02,3.667871000000000095e+02
7.274587957919831069e+02,3.667871000000000095e+02
7.275531165100671842e+02,3.667871000000000095e+02
7.276461796185767525e+02,3.667871000000000095e+02
7.277445097454032066e+02,3.667871000000000095e+02
7.278335634451705118e+02,3.667871000000000095e+02
7.279279503532320632e+02,3.667871000000000095e+02
7.280209472717641574e+02,3.667871000000000095e+02
7.281168242261484238e+02,3.667871000000000095e+02
7.282083310983578031e+02,3.667871000000000095e+02
7.283027841963970559e+02,3.667871000000000095e+02
7.283957149249514487e+02,3.667871000000000095e+02
7.285013505665723414e+02,3.667871000000000095e+02
7.285830987515452080e+02,3.667871000000000095e+02
7.286776180395620486e+02,3.667871000000000095e+02
7.287704825781388536e+02,3.667871000000000095e+02
7.288667568127209506e+02,3.667871000000000095e+02
7.289578664047324992e+02,3.667871000000000095e+02
7.290524518827269276e+02,3.667871000000000095e+02
7.291452502313262585e+02,3.667871000000000095e+02
7.292454356435644058e+02,3.667871000000000095e+02
7.293326340579199041e+02,3.667871000000000095e+02
7.294272857258919203e+02,3.667871000000000095e+02
7.295200178845135497e+02,3.667871000000000095e+02
7.296166893992933637e+02,3.667871000000000095e+02
7.297074017111071953e+02,3.667871000000000095e+02
7.298021195690569130e+02,3.667871000000000095e+02
7.298947855377009546e+02,3.667871000000000095e+02
7.300214825568182277e+02,3.667871000000000095e+02
7.300821693642946002e+02,3.667871000000000095e+02
7.301769534122217920e+02,3.667871000000000095e+02
7.302695531908882458e+02,3.667871000000000095e+02
7.303666219858657769e+02,3.667871000000000095e+02
7.304569370174820051e+02,3.667871000000000095e+02
7.305517872553867846e+02,3.667871000000000095e+02
7.306443208440756507e+02,3.667871000000000095e+02
7.307463615417256051e+02,3.667871000000000095e+02
7.308317046706692963e+02,3.667871000000000095e+02
7.309266210985517773e+02,3.667871000000000095e+02
7.310190884972629419e+02,3.667871000000000095e+02
7.311165545724381900e+02,3.667871000000000095e+02
7.312064723238567012e+02,3.667871000000000095e+02
7.313014549417167700e+02,3.667871000000000095e+02
7.313938561504503468e+02,3.667871000000000095e+02
7.315074542776204680e+02,3.667871000000000095e+02
7.315812399770439924e+02,3.667871000000000095e+02
7.316762887848816490e+02,3.667871000000000095e+02
7.317686238036377517e+02,3.667871000000000095e+02
7.318664871590106031e+02,6.420234400000000505e+02
7.319560076302313973e+02,6.420234400000000505e+02
7.320511226280466417e+02,6.420234400000000505e+02
7.321433914568250430e+02,6.420234400000000505e+02
7.322472874398869180e+02,6.420234400000000505e+02
7.323307752834186886e+02,6.420234400000000505e+02
7.324259564712116344e+02,6.420234400000000505e+02
7.325181591100124479e+02,6.420234400000000505e+02
7.326164197455831300e+02,6.420234400000000505e+02
7.327055429366060935e+02,6.420234400000000505e+02
7.328007903143765134e+02,6.420234400000000505e+02
7.328929267631997391e+02,6.420234400000000505e+02
6.395312000000000126e+02,6.498887999999999465e+02
7.330803105897934984e+02,6.420234400000000505e+02
7.331756241575415061e+02,6.420234400000000505e+02
7.332676944163871440e+02,6.420234400000000505e+02
7.333663523321555431e+02,6.420234400000000505e+02
7.334550782429807896e+02,6.420234400000000505e+02
7.335504580007064988e+02,6.420234400000000505e+02
7.336424620695744352e+02,6.420234400000000505e+02
7.337482133380481173e+02,6.420234400000000505e+02
7.338298458961681945e+02,6.420234400000000505e+02
7.339252918438714914e+02,6.420234400000000505e+02
7.340172297227618401e+02,6.420234400000000505e+02
7.341162849187279562e+02,6.420234400000000505e+02
7.342046135493554857e+02,6.420234400000000505e+02
7.343001256870363704e+02,6.420234400000000505e+02
7.343919973759492450e+02,6.420234400000000505e+02
7.345135579886685946e+02,6.420234400000000505e+02
7.345793812025428906e+02,6.420234400000000505e+02
7.346749595302013631e+02,6.420234400000000505e+02
7.347667650291365362e+02,6.420234400000000505e+02
7.348662175053003693e+02,6.420234400000000505e+02
7.349541488557301818e+02,6.420234400000000505e+02
7.350497933733663558e+02,6.420234400000000505e+02
7.351415326823239411e+02,6.420234400000000505e+02
7.352491392362094302e+02,6.420234400000000505e+02
7.353289165089175867e+02,6.420234400000000505e+02
7.354246272165312348e+02,6.420234400000000505e+02
7.355163003355112323e+02,6.420234400000000505e+02
7.356161500918728962e+02,6.420234400000000505e+02
7.357036841621049916e+02,6.420234400000000505e+02
7.357994610596962275e+02,6.420234400000000505e+02
7.358910679886986372e+02,6.420234400000000505e+02
7.360507701136364176e+02,6.420234400000000505e+02
7.360784518152922828e+02,6.420234400000000505e+02
7.361742949028612202e+02,6.420234400000000505e+02
7.362658356418859285e+02,6.420234400000000505e+02
7.363660826784453093e+02,6.420234400000000505e+02
7.364532194684796877e+02,6.420234400000000505e+02
7.365491287460260992e+02,6.420234400000000505e+02
7.366406032950733334e+02,6.420234400000000505e+02
7.367500651343706295e+02,6.420234400000000505e+02
7.368279871216669790e+02,6.420234400000000505e+02
7.369239625891910919e+02,6.420234400000000505e+02
7.370153709482607383e+02,6.420234400000000505e+02
7.371160152650177224e+02,6.420234400000000505e+02
7.372027547748543839e+02,6.420234400000000505e+02
7.372987964323560846e+02,6.420234400000000505e+02
7.373901386014480295e+02,6.420234400000000505e+02
7.375196616997168348e+02,6.420234400000000505e+02
7.375775224280416751e+02,6.420234400000000505e+02
7.376736302755210772e+02,6.420234400000000505e+02
7.377649062546354344e+02,6.420234400000000505e+02
7.378659478515901355e+02,6.420234400000000505e+02
7.379522900812290800e+02,6.420234400000000505e+02
7.380484641186859562e+02,6.420234400000000505e+02
7.381396739078227256e+02,6.420234400000000505e+02
7.382509910325318288e+02,6.420234400000000505e+02
7.383270577344164849e+02,6.420234400000000505e+02
7.384232979618509489e+02,6.420234400000000505e+02
7.385144415610101305e+02,6.420234400000000505e+02
7.386158804381625487e+02,6.420234400000000505e+02
7.387018253876037761e+02,6.420234400000000505e+02
7.387981318050159416e+02,6.420234400000000505e+02
7.388892092141974217e+02,6.420234400000000505e+02
6.717044700000000148e+02,6.504429000000000087e+02
7.390765930407911810e+02,5.891398000000000366e+02
7.391729656481808206e+02,5.891398000000000366e+02
7.392639768673848266e+02,5.891398000000000366e+02
7.393658130247350755e+02,5.891398000000000366e+02
7.394513606939784722e+02,5.891398000000000366e+02
7.395477994913458133e+02,5.891398000000000366e+02
7.396387445205722315e+02,5.891398000000000366e+02
7.397519169306931417e+02,5.891398000000000366e+02
7.398261283471658771e+02,5.891398000000000366e+02
7.399226333345108060e+02,5.891398000000000366e+02
7.400135121737595227e+02,5.891398000000000366e+02
7.401157456113074886e+02,5.891398000000000366e+02
7.402008960003531683e+02,5.891398000000000366e+02
7.402974671776757987e+02,5.891398000000000366e+02
7.403882798269469276e+02,5.891398000000000366e+02
7.405257654107649614e+02,5.891398000000000366e+02
7.405756636535405733e+02,5.891398000000000366e+02
7.406723010208406777e+02,5.891398000000000366e+02
7.407630474801342189e+02,5.891398000000000366e+02
7.408656781978799017e+02,5.891398000000000366e+02
7.409504313067279782e+02,5.891398000000000366e+02
7.410471348640056704e+02,5.891398000000000366e+02
7.411378151333216238e+02,5.891398000000000366e+02
7.412528428288543410e+02,5.891398000000000366e+02
7.413251989599152694e+02,5.891398000000000366e+02
7.414219687071706630e+02,5.891398000000000366e+02
7.415125827865090287e+02,5.891398000000000366e+02
7.416156107844523149e+02,5.891398000000000366e+02
7.416999666131026743e+02,5.891398000000000366e+02
7.417968025503355420e+02,5.891398000000000366e+02
7.418873504396963199e+02,5.891398000000000366e+02
7.420800576704546074e+02,3.604792499999999791e+02
7.420747342662899655e+02,3.604792499999999791e+02
7.421716363935005347e+02,3.604792499999999791e+02
7.422621180928837248e+02,3.604792499999999791e+02
7.423655433710248417e+02,3.604792499999999791e+02
7.424495019194773704e+02,3.604792499999999791e+02
7.425464702366655274e+02,6.593709999999999809e+02
7.426368857460710160e+02,6.593709999999999809e+02
7.427537687270156539e+02,6.593709999999999809e+02
7.428242695726647753e+02,6.593709999999999809e+02
7.429213040798305201e+02,6.593709999999999809e+02
7.430116533992584209e+02,6.593709999999999809e+02
7.431154759575972548e+02,6.593709999999999809e+02
7.431990372258520665e+02,6.593709999999999809e+02
7.432961379229953991e+02,6.593709999999999809e+02
7.433864210524457121e+02,6.593709999999999809e+02
7.435318691218130880e+02,6.593709999999999809e+02
7.435738048790394714e+02,6.593709999999999809e+02
7.436709717661603918e+02,6.593709999999999809e+02
7.437611887056331170e+02,6.593709999999999809e+02
7.438654085441696679e+02,6.593709999999999809e+02
7.439485725322267626e+02,6.593709999999999809e+02
7.440458056093253845e+02,6.593709999999999809e+02
7.441359563588205219e+02,6.593709999999999809e+02
7.442546946251768532e+02,6.593709999999999809e+02
7.443233401854141675e+02,6.593709999999999809e+02
7.444206394524902635e+02,6.593709999999999809e+02
7.445107240120078131e+02,6.593709999999999809e+02
7.446153411307420811e+02,6.593709999999999809e+02
7.446981078386014588e+02,6.593709999999999809e+02
7.447954732956552562e+02,6.593709999999999809e+02
7.448854916651952180e+02,6.593709999999999809e+02
6.955792999999999893e+02,6.432159400000000460e+02
7.450728754917888637e+02,3.640126999999999953e+02
7.451703071388202488e+02,3.640126999999999953e+02
7.452602593183825093e+02,3.640126999999999953e+02
7.453652737173144942e+02,3.640126999999999953e+02
7.454476431449762686e+02,3.640126999999999953e+02
7.455451409819851278e+02,3.640126999999999953e+02
7.456350269715699142e+02,3.640126999999999953e+02
7.457556205233380524e+02,3.640126999999999953e+02
7.458224107981635598e+02,3.640126999999999953e+02
7.459199748251501205e+02,3.640126999999999953e+02
7.460097946247572054e+02,3.640126999999999953e+02
7.461152063038870210e+02,3.640126999999999953e+02
7.461971784513509647e+02,3.640126999999999953e+02
7.462948086683151132e+02,3.640126999999999953e+02
7.463845622779446103e+02,3.640126999999999953e+02
7.465379728328612146e+02,3.640126999999999953e+02
7.465719461045382559e+02,3.640126999999999953e+02
7.466696425114801059e+02,3.640126999999999953e+02
7.467593299311320152e+02,3.640126999999999953e+02
7.468651388904594342e+02,3.640126999999999953e+02
7.469467137577256608e+02,3.640126999999999953e+02
7.470444763546449849e+02,3.640126999999999953e+02
7.471340975843193064e+02,3.640126999999999953e+02
7.472565464214993654e+02,3.640126999999999953e+02
7.473214814109129520e+02,3.640126999999999953e+02
7.474193101978099776e+02,3.640126999999999953e+02
7.475088652375067113e+02,3.640126999999999953e+02
7.476150714770318473e+02,3.640126999999999953e+02
7.476962490641003569e+02,3.640126999999999953e+02
7.477941440409749703e+02,3.640126999999999953e+02
7.478836328906940025e+02,3.640126999999999953e+02
7.481093452272727973e+02,3.640126999999999953e+02
7.480710167172877618e+02,3.640126999999999953e+02
7.481689778841398493e+02,3.640126999999999953e+02
7.482584005438814074e+02,3.640126999999999953e+02
7.483650040636042604e+02,3.640126999999999953e+02
7.484457843704750530e+02,3.640126999999999953e+02
7.485438117273048420e+02,3.640126999999999953e+02
7.486331681970686986e+02,3.640126999999999953e+02
7.487574723196605646e+02,3.640126999999999953e+02
7.488205520236624579e+02,3.640126999999999953e+02
7.489186455704698346e+02,3.640126999999999953e+02
7.490079358502561035e+02,3.640126999999999953e+02
7.491149366501767872e+02,3.640126999999999953e+02
7.491953196768497492e+02,3.640126999999999953e+02
7.492934794136348273e+02,3.640126999999999953e+02
7.493827035034435085e+02,3.640126999999999953e+02
7.495440765439094548e+02,3.640126999999999953e+02
7.495700873300371541e+02,3.640126999999999953e+02
7.496683132567997063e+02,3.640126999999999953e+02
7.497574711566307997e+02,3.640126999999999953e+02
7.498648692367492004e+02,3.640126999999999953e+02
7.499448549832244453e+02,3.640126999999999953e+02
7.500431470999646990e+02,3.640126999999999953e+02
7.501322388098182046e+02,3.640126999999999953e+02
7.502583982178218776e+02,3.640126999999999953e+02
7.503196226364118502e+02,3.640126999999999953e+02
7.504179809431296917e+02,3.640126999999999953e+02
7.505070064630054958e+02,3.640126999999999953e+02
7.506148018233216135e+02,3.640126999999999953e+02
7.506943902895992551e+02,3.640126999999999953e+02
7.507928147862945707e+02,3.640126999999999953e+02
7.508817741161929007e+02,3.640126999999999953e+02
7.221916499999999814e+02,6.211692000000000462e+02
7.510691579427865463e+02,3.731492999999999824e+02
7.511676486294595634e+02,3.731492999999999824e+02
7.512565417693801919e+02,3.731492999999999824e+02
7.513647344098940266e+02,3.731492999999999824e+02
7.514439255959739512e+02,3.731492999999999824e+02
7.515424824726245561e+02,3.731492999999999824e+02
7.516313094225675968e+02,3.731492999999999824e+02
7.517593241159830768e+02,3.731492999999999824e+02
7.518186932491612424e+02,3.731492999999999824e+02
7.519173163157894351e+02,3.731492999999999824e+02
7.520060770757550017e+02,3.731492999999999824e+02
7.521146669964664397e+02,3.731492999999999824e+02
7.521934609023486473e+02,3.731492999999999824e+02
7.522921501589544278e+02,3.731492999999999824e+02
7.523808447289422929e+02,3.731492999999999824e+02
7.525501802549575814e+02,3.731492999999999824e+02
7.525682285555359385e+02,3.731492999999999824e+02
7.526669840021194204e+02,3.731492999999999824e+02
7.527556123821296978e+02,3.731492999999999824e+02
7.528645995830389666e+02,3.731492999999999824e+02
7.529429962087233434e+02,3.731492999999999824e+02
7.530418178452844131e+02,3.731492999999999824e+02
7.531303800353169891e+02,3.731492999999999824e+02
7.532602500141442761e+02,3.731492999999999824e+02
7.533177638619107483e+02,3.731492999999999824e+02
7.534166516884492921e+02,3.731492999999999824e+02
7.535051476885043940e+02,3.731492999999999824e+02
7.536145321696113797e+02,3.731492999999999824e+02
7.536925315150980396e+02,3.731492999999999824e+02
7.537914855316142848e+02,3.731492999999999824e+02
7.538799153416916852e+02,3.731492999999999824e+02
7.541386327840908734e+02,3.731492999999999824e+02
7.540672991682854445e+02,3.731492999999999824e+02
7.541663193747792775e+02,3.731492999999999824e+02
7.542546829948790901e+02,3.731492999999999824e+02
7.543644647561837928e+02,3.731492999999999824e+02
7.544420668214727357e+02,3.731492999999999824e+02
7.545411532179441565e+02,3.731492999999999824e+02
7.546294506480664950e+02,3.731492999999999824e+02
7.547611759123055890e+02,3.731492999999999824e+02
7.548168344746601406e+02,3.731492999999999824e+02
7.549159870611091492e+02,3.731492999999999824e+02
7.550042183012537862e+02,3.731492999999999824e+02
7.551143973427562059e+02,3.731492999999999824e+02
7.551916021278474318e+02,3.731492999999999824e+02
7.552908209042741419e+02,3.731492999999999824e+02
7.553789859544411911e+02,3.731492999999999824e+02
7.555562839660057080e+02,3.731492999999999824e+02
7.555663697810348367e+02,3.731492999999999824e+02
7.556656547474391346e+02,3.731492999999999824e+02
7.557537536076284823e+02,3.731492999999999824e+02
7.558643299293287328e+02,3.731492999999999824e+02
7.559411374342222416e+02,3.731492999999999824e+02
7.560404885906040136e+02,3.731492999999999824e+02
7.561285212608158872e+02,3.731492999999999824e+02
7.562621018104667883e+02,3.731492999999999824e+02
7.563159050874095328e+02,3.731492999999999824e+02
7.564153224337690062e+02,3.731492999999999824e+02
7.565032889140031784e+02,3.731492999999999824e+02
7.566142625159011459e+02,3.731492999999999824e+02
7.566906727405969377e+02,3.731492999999999824e+02
7.567901562769339989e+02,3.731492999999999824e+02
7.568780565671905833e+02,3.731492999999999824e+02
7.418597999999999502e+02,5.891398000000000366e+02
7.570654403937842289e+02,5.426060999999999694e+02
7.571649901200988779e+02,5.426060999999999694e+02
7.572528242203779882e+02,5.426060999999999694e+02
7.573641951024735590e+02,5.426060999999999694e+02
7.574402080469716338e+02,5.426060999999999694e+02
7.575398239632638706e+02,5.426060999999999694e+02
7.576275918735652795e+02,5.426060999999999694e+02
7.577630277086281012e+02,5.426060999999999694e+02
7.578149757001590388e+02,5.426060999999999694e+02
7.579146578064288633e+02,5.426060999999999694e+02
7.580023595267526844e+02,5.426060999999999694e+02
7.581141276890459721e+02,5.426060999999999694e+02
7.581897433533463300e+02,5.426060999999999694e+02
7.582894916495937423e+02,5.426060999999999694e+02
7.583771271799399756e+02,5.426060999999999694e+02
7.585623876770539482e+02,5.426060999999999694e+02
7.585645110065337349e+02,5.426060999999999694e+02
7.586643254927587350e+02,5.426060999999999694e+02
7.587518948331273805e+02,5.426060999999999694e+02
7.588640602756183853e+02,5.426060999999999694e+02
7.589392786597210261e+02,5.426060999999999694e+02
7.590391593359237277e+02,5.426060999999999694e+02
7.591266624863147854e+02,5.426060999999999694e+02
7.592639536067893005e+02,6.783429999999999609e+02
7.593140463129084310e+02,6.783429999999999609e+02
7.594139931790887204e+02,6.783429999999999609e+02
7.595014301395020766e+02,6.783429999999999609e+02
7.596139928621909121e+02,6.783429999999999609e+02
7.596888139660957222e+02,6.783429999999999609e+02
7.597888270222535994e+02,6.783429999999999609e+02
7.598761977926894815e+02,6.783429999999999609e+02
7.601679203409090633e+02,6.783429999999999609e+02
7.600635816192831271e+02,6.783429999999999609e+02
7.601636608654185920e+02,6.783429999999999609e+02
7.602509654458767727e+02,6.783429999999999609e+02
7.603639254487633252e+02,6.783429999999999609e+02
7.604383492724705320e+02,6.783429999999999609e+02
7.605384947085835847e+02,3.931095000000000255e+02
7.606257330990641776e+02,3.931095000000000255e+02
7.607648795049504997e+02,3.931095000000000255e+02
7.608131169256578232e+02,3.931095000000000255e+02
7.609133285517484637e+02,3.931095000000000255e+02
7.610005007522514688e+02,3.931095000000000255e+02
7.611138580353357384e+02,3.931095000000000255e+02
7.611878845788452281e+02,3.931095000000000255e+02
7.612881623949134564e+02,3.931095000000000255e+02
7.613752684054388737e+02,3.931095000000000255e+02
7.615684913881020748e+02,3.931095000000000255e+02
7.615626522320325194e+02,3.931095000000000255e+02
7.616629962380784491e+02,3.931095000000000255e+02
7.617500360586262786e+02,3.931095000000000255e+02
7.618637906219081515e+02,3.931095000000000255e+02
7.619374198852199243e+02,3.931095000000000255e+02
7.620378300812434418e+02,3.931095000000000255e+02
7.621248037118135699e+02,3.931095000000000255e+02
7.622658054031118127e+02,3.931095000000000255e+02
7.623121875384072155e+02,3.931095000000000255e+02
7.624126639244083208e+02,3.931095000000000255e+02
7.624995713650009748e+02,3.931095000000000255e+02
7.626137232084806783e+02,3.931095000000000255e+02
7.626869551915946204e+02,3.931095000000000255e+02
7.627874977675733135e+02,3.931095000000000255e+02
7.628743390181882660e+02,3.931095000000000255e+02
7.582821999999999889e+02,5.426060999999999694e+02
7.630617228447820253e+02,4.952744000000000142e+02
7.631623316107383062e+02,4.952744000000000142e+02
7.632491066713756709e+02,4.952744000000000142e+02
7.633636557950530914e+02,4.952744000000000142e+02
7.634364904979693165e+02,4.952744000000000142e+02
7.635371654539031852e+02,4.952744000000000142e+02
7.636238743245629621e+02,4.952744000000000142e+02
7.637667313012730119e+02,4.952744000000000142e+02
7.638112581511567214e+02,4.952744000000000142e+02
7.639119992970681778e+02,4.952744000000000142e+02
7.639986419777503670e+02,4.952744000000000142e+02
7.641135883816255046e+02,4.952744000000000142e+02
7.641860258043440126e+02,4.952744000000000142e+02
7.642868331402331705e+02,4.952744000000000142e+02
7.643734096309377719e+02,4.952744000000000142e+02
7.645745950991502013e+02,4.952744000000000142e+02
7.645607934575314175e+02,4.952744000000000142e+02
7.646616669833981632e+02,4.952744000000000142e+02
7.647481772841250631e+02,4.952744000000000142e+02
7.648635209681979177e+02,4.952744000000000142e+02
7.649355611107187087e+02,4.952744000000000142e+02
7.650365008265630422e+02,4.952744000000000142e+02
7.651229449373124680e+02,4.952744000000000142e+02
7.652676571994343249e+02,4.178381299999999783e+02
7.653103287639061136e+02,4.178381299999999783e+02
7.654113346697280349e+02,4.178381299999999783e+02
7.654977125904997592e+02,4.178381299999999783e+02
7.656134535547703308e+02,4.178381299999999783e+02
7.656850964170935185e+02,4.178381299999999783e+02
7.657861685128930276e+02,4.178381299999999783e+02
7.658724802436871641e+02,4.178381299999999783e+02
7.661972078977272531e+02,4.508668200000000184e+02
7.660598640702808098e+02,4.508668200000000184e+02
7.661610023560579066e+02,4.508668200000000184e+02
7.662472478968744554e+02,4.508668200000000184e+02
7.663633861413428576e+02,4.508668200000000184e+02
7.664346317234682147e+02,4.508668200000000184e+02
7.665358361992228993e+02,4.508668200000000184e+02
7.666220155500618603e+02,4.508668200000000184e+02
7.667685830975955241e+02,4.508668200000000184e+02
7.668093993766555059e+02,4.508668200000000184e+02
7.669106700423878920e+02,4.508668200000000184e+02
7.669967832032492652e+02,4.508668200000000184e+02
7.671133187279152708e+02,4.508668200000000184e+02
7.671841670298429108e+02,4.508668200000000184e+02
7.672855038855527710e+02,4.508668200000000184e+02
7.673715508564365564e+02,4.508668200000000184e+02
7.675806988101983279e+02,4.508668200000000184e+02
7.675589346830302020e+02,4.508668200000000184e+02
7.676603377287177636e+02,4.508668200000000184e+02
7.677463185096239613e+02,4.508668200000000184e+02
7.678632513144876839e+02,4.508668200000000184e+02
7.679337023362176069e+02,4.508668200000000184e+02
7.680351715718827563e+02,4.508668200000000184e+02
7.681210861628112525e+02,4.508668200000000184e+02
7.682695089957567234e+02,4.508668200000000184e+02
7.683084699894050118e+02,4.508668200000000184e+02
7.684100054150477490e+02,4.508668200000000184e+02
7.684958538159986574e+02,4.508668200000000184e+02
7.686131839010600970e+02,4.508668200000000184e+02
7.686832376425923030e+02,4.508668200000000184e+02
7.687848392582126280e+02,4.508668200000000184e+02
7.688706214691859486e+02,4.508668200000000184e+02
7.645711700000000519e+02,4.952744000000000142e+02
7.690580052957797079e+02,6.890472399999999880e+02
7.691596731013776207e+02,6.890472399999999880e+02
7.692453891223733535e+02,6.890472399999999880e+02
7.693631164876326238e+02,6.890472399999999880e+02
7.694327729489669991e+02,6.890472399999999880e+02
7.695345069445426134e+02,6.890472399999999880e+02
7.696201567755607584e+02,6.890472399999999880e+02
7.697704348939180363e+02,6.890472399999999880e+02
7.698075406021544040e+02,6.890472399999999880e+02
7.699093407877074924e+02,6.890472399999999880e+02
7.699949244287480496e+02,6.890472399999999880e+02
7.701130490742050370e+02,6.890472399999999880e+02
7.701823082553416953e+02,6.890472399999999880e+02
7.702841746308724851e+02,6.890472399999999880e+02
7.703696920819354546e+02,6.890472399999999880e+02
7.705868025212465682e+02,6.890472399999999880e+02
7.705570759085291002e+02,6.890472399999999880e+02
7.706590084740374778e+02,6.890472399999999880e+02
7.707444597351227458e+02,6.890472399999999880e+02
7.708629816607774501e+02,6.890472399999999880e+02
7.709318435617165051e+02,6.890472399999999880e+02
7.710338423172024704e+02,6.890472399999999880e+02
7.711192273883101507e+02,6.890472399999999880e+02
7.712713607920792356e+02,6.890472399999999880e+02
7.713066112149037963e+02,6.890472399999999880e+02
7.714086761603673494e+02,6.890472399999999880e+02
7.714939950414974419e+02,6.890472399999999880e+02
7.716129142473498632e+02,6.890472399999999880e+02
7.716813788680912012e+02,6.890472399999999880e+02
7.717835100035323421e+02,6.890472399999999880e+02
7.718687626946848468e+02,6.890472399999999880e+02
7.722264954545454430e+02,6.890472399999999880e+02
7.720561465212784924e+02,6.890472399999999880e+02
7.721583438466973348e+02,6.890472399999999880e+02
7.722435303478722517e+02,6.890472399999999880e+02
7.723628468339222763e+02,6.890472399999999880e+02
7.724309141744658973e+02,6.890472399999999880e+02
7.725331776898622138e+02,6.890472399999999880e+02
7.726182980010595429e+02,6.890472399999999880e+02
7.727722866902405485e+02,6.890472399999999880e+02
7.728056818276531885e+02,6.890472399999999880e+02
7.729080115330272065e+02,6.890472399999999880e+02
7.729930656542469478e+02,6.890472399999999880e+02
7.731127794204948032e+02,6.890472399999999880e+02
7.731804494808405934e+02,6.890472399999999880e+02
7.732828453761921992e+02,6.890472399999999880e+02
7.733678333074342390e+02,6.890472399999999880e+02
7.735929062322946947e+02,6.890472399999999880e+02
7.735552171340279983e+02,6.890472399999999880e+02
7.736576792193570782e+02,6.890472399999999880e+02
7.737426009606216439e+02,6.890472399999999880e+02
7.738627120070672163e+02,6.890472399999999880e+02
7.739299847872152895e+02,6.890472399999999880e+02
7.740325130625220709e+02,6.890472399999999880e+02
7.741173686138090488e+02,6.890472399999999880e+02
7.742732125884017478e+02,6.890472399999999880e+02
7.743047524404026944e+02,6.890472399999999880e+02
7.744073469056870636e+02,6.890472399999999880e+02
7.744921362669963401e+02,6.890472399999999880e+02
7.746126445936396294e+02,6.890472399999999880e+02
7.746795200935899857e+02,6.890472399999999880e+02
7.747821807488520562e+02,6.890472399999999880e+02
7.748669039201837450e+02,6.890472399999999880e+02
7.666009500000000116e+02,4.508668200000000184e+02
7.750542877467773906e+02,6.890472399999999880e+02
7.751570145920169352e+02,6.890472399999999880e+02
7.752416715733710362e+02,6.890472399999999880e+02
7.753625771802120425e+02,6.890472399999999880e+02
7.754290553999647955e+02,6.890472399999999880e+02
7.755318484351819279e+02,6.890472399999999880e+02
7.756164392265584411e+02,6.890472399999999880e+02
7.757741384865629470e+02,6.890472399999999880e+02
7.758038230531520867e+02,6.890472399999999880e+02
7.759066822783469206e+02,6.890472399999999880e+02
7.759912068797457323e+02,6.890472399999999880e+02
7.761125097667844557e+02,6.890472399999999880e+02
7.761785907063394916e+02,6.890472399999999880e+02
7.762815161215117996e+02,6.890472399999999880e+02
7.763659745329331372e+02,6.890472399999999880e+02
7.765990099433428213e+02,6.890472399999999880e+02
7.765533583595267828e+02,6.890472399999999880e+02
7.766563499646767923e+02,6.890472399999999880e+02
7.767407421861205421e+02,6.890472399999999880e+02
7.768624423533569825e+02,6.890472399999999880e+02
7.769281260127141877e+02,6.890472399999999880e+02
7.770311838078417850e+02,6.890472399999999880e+02
7.771155098393078333e+02,6.890472399999999880e+02
7.772750643847242600e+02,6.890472399999999880e+02
7.773028936659014789e+02,6.890472399999999880e+02
7.774060176510067777e+02,6.890472399999999880e+02
7.774902774924952382e+02,6.890472399999999880e+02
7.776123749399293956e+02,6.890472399999999880e+02
7.776776613190888838e+02,6.890472399999999880e+02
7.777808514941716567e+02,6.890472399999999880e+02
7.778650451456825294e+02,6.890472399999999880e+02
7.782557830113636328e+02,6.890472399999999880e+02
7.780524289722762887e+02,6.890472399999999880e+02
7.781556853373366494e+02,6.890472399999999880e+02
7.782398127988699343e+02,6.890472399999999880e+02
7.783623075265018088e+02,6.890472399999999880e+02
7.784271966254635799e+02,6.890472399999999880e+02
7.785305191805016420e+02,6.890472399999999880e+02
7.786145804520572256e+02,6.890472399999999880e+02
7.787759902828854592e+02,6.890472399999999880e+02
7.788019642786509849e+02,6.890472399999999880e+02
7.789053530236665210e+02,6.890472399999999880e+02
7.789893481052446305e+02,6.890472399999999880e+02
7.791122401130742219e+02,6.890472399999999880e+02
7.791767319318382761e+02,6.890472399999999880e+02
7.792801868668315137e+02,6.890472399999999880e+02
7.793641157584320354e+02,6.890472399999999880e+02
7.796051136543910616e+02,6.890472399999999880e+02
7.795514995850256810e+02,6.890472399999999880e+02
7.796550207099965064e+02,6.890472399999999880e+02
7.797388834116193266e+02,6.890472399999999880e+02
7.798621726996467487e+02,6.890472399999999880e+02
7.799262672382129722e+02,6.890472399999999880e+02
7.800298545531614991e+02,6.890472399999999880e+02
7.801136510648067315e+02,6.890472399999999880e+02
7.802769161810467722e+02,6.890472399999999880e+02
7.803010348914003771e+02,6.890472399999999880e+02
7.804046883963263781e+02,6.890472399999999880e+02
7.804884187179940227e+02,6.890472399999999880e+02
7.806121052862191618e+02,6.890472399999999880e+02
7.806758025445877820e+02,6.890472399999999880e+02
7.807795222394913708e+02,6.890472399999999880e+02
7.808631863711814276e+02,6.890472399999999880e+02
7.655129399999999578e+02,4.178381299999999783e+02
7.810505701977750732e+02,6.890472399999999880e+02
7.811543560826563635e+02,6.890472399999999880e+02
7.812379540243687188e+02,6.890472399999999880e+02
7.813620378727915750e+02,6.890472399999999880e+02
7.814253378509624781e+02,6.890472399999999880e+02
7.815291899258212425e+02,6.890472399999999880e+02
7.816127216775561237e+02,6.890472399999999880e+02
7.817778420792079714e+02,6.890472399999999880e+02
7.818001055041497693e+02,6.890472399999999880e+02
7.819040237689862352e+02,6.890472399999999880e+02
7.819874893307435286e+02,6.890472399999999880e+02
7.821119704593639881e+02,6.890472399999999880e+02
7.821748731573371742e+02,6.890472399999999880e+02
7.822788576121512278e+02,6.890472399999999880e+02
7.823622569839308198e+02,6.890472399999999880e+02
7.826112173654391881e+02,6.890472399999999880e+02
7.825496408105244655e+02,6.890472399999999880e+02
7.826536914553161068e+02,6.890472399999999880e+02
7.827370246371182247e+02,6.890472399999999880e+02
7.828619030459364012e+02,6.890472399999999880e+02
7.829244084637118704e+02,6.890472399999999880e+02
7.830285252984810995e+02,6.890472399999999880e+02
7.831117922903055160e+02,6.890472399999999880e+02
7.832787679773691707e+02,6.890472399999999880e+02
7.832991761168992753e+02,6.890472399999999880e+02
7.834033591416460922e+02,6.890472399999999880e+02
7.834865599434929209e+02,6.890472399999999880e+02
7.836118356325089280e+02,6.890472399999999880e+02
7.836739437700865665e+02,6.890472399999999880e+02
7.837781929848110849e+02,6.890472399999999880e+02
7.838613275966802121e+02,6.890472399999999880e+02
7.842850705681818226e+02,6.890472399999999880e+02
7.840487114232739714e+02,6.890472399999999880e+02
7.841530268279759639e+02,6.890472399999999880e+02
7.842360952498676170e+02,6.890472399999999880e+02
7.843617682190813412e+02,6.890472399999999880e+02
7.844234790764612626e+02,6.890472399999999880e+02
7.845278606711409566e+02,6.890472399999999880e+02
7.846108629030550219e+02,6.890472399999999880e+02
7.847796938755304836e+02,6.890472399999999880e+02
7.847982467296486675e+02,6.890472399999999880e+02
7.849026945143059493e+02,6.890472399999999880e+02
7.849856305562423131e+02,6.890472399999999880e+02
7.851117008056537543e+02,6.890472399999999880e+02
7.851730143828359587e+02,6.890472399999999880e+02
7.852775283574708283e+02,6.890472399999999880e+02
7.853603982094297180e+02,6.890472399999999880e+02
7.856173210764873147e+02,6.890472399999999880e+02
7.855477820360233636e+02,6.890472399999999880e+02
7.856523622006358210e+02,6.890472399999999880e+02
7.857351658626170092e+02,6.890472399999999880e+02
7.858616333922261674e+02,6.890472399999999880e+02
7.859225496892107685e+02,6.890472399999999880e+02
7.860271960438008136e+02,6.890472399999999880e+02
7.861099335158044141e+02,6.890472399999999880e+02
7.862806197736916829e+02,6.890472399999999880e+02
7.862973173423980597e+02,6.890472399999999880e+02
7.864020298869658063e+02,6.890472399999999880e+02
7.864847011689917053e+02,6.890472399999999880e+02
7.866115659787986942e+02,6.890472399999999880e+02
7.866720849955854646e+02,6.890472399999999880e+02
7.867768637301306853e+02,6.890472399999999880e+02
7.868594688221791102e+02,6.890472399999999880e+02
7.606608999999999696e+02,3.931095000000000255e+02
7.870468526487727559e+02,6.911318400000000111e+02
7.871516975732956780e+02,6.911318400000000111e+02
7.872342364753665152e+02,6.911318400000000111e+02
7.873614985653711074e+02,6.911318400000000111e+02
7.874216203019601608e+02,6.911318400000000111e+02
7.875265314164606707e+02,6.911318400000000111e+02
7.876090041285538064e+02,6.911318400000000111e+02
7.877815456718529958e+02,6.911318400000000111e+02
7.877963879551474520e+02,6.911318400000000111e+02
7.879013652596255497e+02,6.911318400000000111e+02
7.879837717817412113e+02,6.911318400000000111e+02
7.881114311519435205e+02,6.911318400000000111e+02
7.881711556083348569e+02,6.911318400000000111e+02
7.882761991027905424e+02,6.911318400000000111e+02
7.883585394349285025e+02,6.911318400000000111e+02
7.886234247875354413e+02,6.911318400000000111e+02
7.885459232615222618e+02,6.911318400000000111e+02
7.886510329459555351e+02,6.911318400000000111e+02
7.887333070881159074e+02,6.911318400000000111e+02
7.888613637385159336e+02,6.911318400000000111e+02
7.889206909147095530e+02,6.911318400000000111e+02
7.890258667891204141e+02,6.911318400000000111e+02
7.891080747413031986e+02,6.911318400000000111e+02
7.892824715700141951e+02,6.911318400000000111e+02
7.892954585678969579e+02,6.911318400000000111e+02
7.894007006322854068e+02,6.911318400000000111e+02
7.894828423944906035e+02,6.911318400000000111e+02
7.896112963250883467e+02,6.911318400000000111e+02
7.896702262210842491e+02,6.911318400000000111e+02
7.897755344754503994e+02,6.911318400000000111e+02
7.898576100476780084e+02,6.911318400000000111e+02
7.903143581250000125e+02,6.911318400000000111e+02
7.900449938742716540e+02,6.911318400000000111e+02
7.901503683186153921e+02,6.911318400000000111e+02
7.902323777008652996e+02,6.911318400000000111e+02
7.903612289116608736e+02,6.911318400000000111e+02
7.904197615274590589e+02,6.911318400000000111e+02
7.905252021617802711e+02,6.911318400000000111e+02
7.906071453540527045e+02,6.911318400000000111e+02
7.907833974681753944e+02,6.911318400000000111e+02
7.907945291806463501e+02,6.911318400000000111e+02
7.909000360049452638e+02,6.911318400000000111e+02
7.909819130072399957e+02,6.911318400000000111e+02
7.911111614982332867e+02,6.911318400000000111e+02
7.911692968338337550e+02,6.911318400000000111e+02
7.912748698481102565e+02,6.911318400000000111e+02
7.913566806604274007e+02,6.911318400000000111e+02
7.916295284985836815e+02,6.911318400000000111e+02
7.915440644870210463e+02,6.911318400000000111e+02
7.916497036912751355e+02,6.911318400000000111e+02
7.917314483136148056e+02,6.911318400000000111e+02
7.918610940848056998e+02,6.911318400000000111e+02
7.919188321402084512e+02,6.911318400000000111e+02
7.920245375344401282e+02,6.911318400000000111e+02
7.921062159668020968e+02,6.911318400000000111e+02
7.922843233663367073e+02,6.911318400000000111e+02
7.922935997933957424e+02,6.911318400000000111e+02
7.923993713776051209e+02,6.911318400000000111e+02
7.924809836199895017e+02,6.911318400000000111e+02
7.926110266713781130e+02,6.911318400000000111e+02
7.926683674465831473e+02,6.911318400000000111e+02
7.927742052207701136e+02,6.911318400000000111e+02
7.928557512731767929e+02,6.911318400000000111e+02
7.537768999999999551e+02,3.731492999999999824e+02
7.930431350997705522e+02,6.911318400000000111e+02
7.931490390639349926e+02,6.911318400000000111e+02
7.932305189263641978e+02,6.911318400000000111e+02
7.933609592579506398e+02,6.911318400000000111e+02
7.934179027529578434e+02,6.911318400000000111e+02
7.935238729070999852e+02,6.911318400000000111e+02
7.936052865795514890e+02,6.911318400000000111e+02
7.937852492644979066e+02,6.911318400000000111e+02
7.937926704061452483e+02,6.911318400000000111e+02
7.938987067502649779e+02,6.911318400000000111e+02
7.939800542327388939e+02,6.911318400000000111e+02
7.941108918445230529e+02,6.911318400000000111e+02
7.941674380593325395e+02,6.911318400000000111e+02
7.942735405934298569e+02,6.911318400000000111e+02
7.943548218859262988e+02,6.911318400000000111e+02
7.946356322096318081e+02,6.911318400000000111e+02
7.945422057125199444e+02,6.911318400000000111e+02
7.946483744365948496e+02,6.911318400000000111e+02
7.947295895391135900e+02,6.911318400000000111e+02
7.948608244310954660e+02,6.911318400000000111e+02
7.949169733657072356e+02,6.911318400000000111e+02
7.950232082797598423e+02,6.911318400000000111e+02
7.951043571923009949e+02,6.911318400000000111e+02
7.952861751626592195e+02,6.911318400000000111e+02
7.952917410188946405e+02,6.911318400000000111e+02
7.953980421229247213e+02,6.911318400000000111e+02
7.954791248454882862e+02,6.911318400000000111e+02
7.956107570176678792e+02,6.911318400000000111e+02
7.956665086720820455e+02,6.911318400000000111e+02
7.957728759660897140e+02,6.911318400000000111e+02
7.958538924986756911e+02,6.911318400000000111e+02
7.963436456818182023e+02,6.911318400000000111e+02
7.960412763252693367e+02,6.911318400000000111e+02
7.961477098092547067e+02,6.911318400000000111e+02
7.962286601518629823e+02,6.911318400000000111e+02
7.963606896042402923e+02,6.911318400000000111e+02
7.964160439784567416e+02,6.911318400000000111e+02
7.965225436524196994e+02,6.911318400000000111e+02
7.966034278050503872e+02,6.911318400000000111e+02
7.967871010608204188e+02,6.911318400000000111e+02
7.967908116316440328e+02,6.911318400000000111e+02
7.968973774955845784e+02,6.911318400000000111e+02
7.969781954582377921e+02,6.911318400000000111e+02
7.971106221908128191e+02,6.911318400000000111e+02
7.971655792848314377e+02,6.911318400000000111e+02
7.972722113387495710e+02,6.911318400000000111e+02
7.973529631114250833e+02,6.911318400000000111e+02
7.976417359206799347e+02,6.911318400000000111e+02
7.975403469380187289e+02,6.911318400000000111e+02
7.976470451819145637e+02,6.911318400000000111e+02
7.977277307646124882e+02,6.911318400000000111e+02
7.978605547773852322e+02,6.911318400000000111e+02
7.979151145912061338e+02,6.911318400000000111e+02
7.980218790250794427e+02,6.911318400000000111e+02
7.981024984177997794e+02,6.911318400000000111e+02
7.982880269589816180e+02,6.911318400000000111e+02
7.982898822443935387e+02,6.911318400000000111e+02
7.983967128682444354e+02,6.911318400000000111e+02
7.984772660709871843e+02,6.911318400000000111e+02
7.986104873639576454e+02,6.911318400000000111e+02
7.986646498975808299e+02,6.911318400000000111e+02
7.987715467114094281e+02,6.911318400000000111e+02
7.988520337241744755e+02,6.911318400000000111e+02
7.491495400000000018e+02,3.640126999999999953e+02
7.990394175507682348e+02,6.836712599999999611e+02
7.991463805545744208e+02,6.836712599999999611e+02
7.992268013773618804e+02,6.836712599999999611e+02
7.993604199505300585e+02,6.836712599999999611e+02
7.994141852039555260e+02,6.836712599999999611e+02
7.995212143977392998e+02,6.836712599999999611e+02
7.996015690305492853e+02,6.836712599999999611e+02
7.997889528571429310e+02,6.836712599999999611e+02
7.997889528571429310e+02,6.836712599999999611e+02
7.998960482409042925e+02,6.836712599999999611e+02
7.999763366837365766e+02,6.836712599999999611e+02
8.001103525371025853e+02,6.836712599999999611e+02
8.001637205103302222e+02,6.836712599999999611e+02
8.002708820840692852e+02,6.836712599999999611e+02
8.003511043369239815e+02,6.836712599999999611e+02
8.006478396317281749e+02,6.836712599999999611e+02
8.005384881635176271e+02,6.836712599999999611e+02
8.006457159272341642e+02,6.836712599999999611e+02
8.007258719901112727e+02,6.836712599999999611e+02
8.008602851236749984e+02,6.836712599999999611e+02
8.009132558167050320e+02,6.836712599999999611e+02
8.010205497703991568e+02,6.836712599999999611e+02
8.011006396432986776e+02,6.836712599999999611e+02
8.012898787553041302e+02,6.836712599999999611e+02
8.012880234698923232e+02,6.836712599999999611e+02
8.013953836135641495e+02,6.836712599999999611e+02
8.014754072964859688e+02,6.836712599999999611e+02
8.016102177102474116e+02,6.836712599999999611e+02
8.016627911230797281e+02,6.836712599999999611e+02
8.017702174567291422e+02,6.836712599999999611e+02
8.018501749496733737e+02,6.836712599999999611e+02
8.023729332386363922e+02,6.836712599999999611e+02
8.020375587762670193e+02,6.836712599999999611e+02
8.021450512998940212e+02,6.836712599999999611e+02
8.022249426028607786e+02,6.836712599999999611e+02
8.023601502968198247e+02,6.836712599999999611e+02
8.024123264294544242e+02,6.836712599999999611e+02
8.025198851430590139e+02,6.836712599999999611e+02
8.025997102560480698e+02,6.836712599999999611e+02
8.027908046534654432e+02,6.836712599999999611e+02
8.027870940826417154e+02,6.836712599999999611e+02
8.028947189862240066e+02,6.836712599999999611e+02
8.029744779092354747e+02,6.836712599999999611e+02
8.031100828833922378e+02,6.836712599999999611e+02
8.031618617358291203e+02,6.836712599999999611e+02
8.032695528293888856e+02,6.836712599999999611e+02
8.033492455624227659e+02,6.836712599999999611e+02
8.036539433427763015e+02,6.836712599999999611e+02
8.035366293890165252e+02,6.836712599999999611e+02
8.036443866725538783e+02,6.836712599999999611e+02
8.037240132156101708e+02,6.836712599999999611e+02
8.038600154699647646e+02,6.836712599999999611e+02
8.039113970422038165e+02,6.836712599999999611e+02
8.040192205157188710e+02,6.836712599999999611e+02
8.040987808687974621e+02,6.836712599999999611e+02
8.042917305516266424e+02,6.836712599999999611e+02
8.042861646953912214e+02,6.836712599999999611e+02
8.043940543588837500e+02,6.836712599999999611e+02
8.044735485219848670e+02,6.836712599999999611e+02
8.046099480565371778e+02,6.836712599999999611e+02
8.046609323485785126e+02,6.836712599999999611e+02
8.047688882020487426e+02,6.836712599999999611e+02
8.048483161751722719e+02,6.836712599999999611e+02
7.422265599999999495e+02,3.604792499999999791e+02
8.050357000017659175e+02,6.836712599999999611e+02
8.051437220452137353e+02,6.836712599999999611e+02
8.052230838283595631e+02,6.836712599999999611e+02
8.053598806431095909e+02,6.836712599999999611e+02
8.054104676549532087e+02,6.836712599999999611e+02
8.055185558883787280e+02,6.836712599999999611e+02
8.055978514815469680e+02,6.836712599999999611e+02
8.057926564497878417e+02,6.836712599999999611e+02
8.057852353081406136e+02,6.836712599999999611e+02
8.058933897315436070e+02,6.836712599999999611e+02
8.059726191347342592e+02,6.836712599999999611e+02
8.061098132296820040e+02,6.836712599999999611e+02
8.061600029613280185e+02,6.836712599999999611e+02
8.062682235747085997e+02,6.836712599999999611e+02
8.063473867879216641e+02,6.836712599999999611e+02
8.066600470538244281e+02,6.836712599999999611e+02
8.065347706145153097e+02,6.836712599999999611e+02
8.066430574178735924e+02,6.836712599999999611e+02
8.067221544411090690e+02,6.836712599999999611e+02
8.068597458162545308e+02,6.836712599999999611e+02
8.069095382677027146e+02,6.836712599999999611e+02
8.070178912610384714e+02,6.836712599999999611e+02
8.070969220942963602e+02,6.836712599999999611e+02
8.072935823479491546e+02,6.836712599999999611e+02
8.072843059208900058e+02,6.836712599999999611e+02
8.073927251042034641e+02,6.836712599999999611e+02
8.074716897474837651e+02,6.836712599999999611e+02
8.076096784028269440e+02,6.836712599999999611e+02
8.076590735740774107e+02,6.836712599999999611e+02
8.077675589473684568e+02,6.836712599999999611e+02
8.078464574006710563e+02,6.836712599999999611e+02
8.084022207954545820e+02,6.836712599999999611e+02
8.080338412272648156e+02,6.836712599999999611e+02
8.081423927905334494e+02,6.836712599999999611e+02
8.082212250538584613e+02,6.836712599999999611e+02
8.083596109893993571e+02,6.836712599999999611e+02
8.084086088804521069e+02,6.836712599999999611e+02
8.085172266336983284e+02,6.836712599999999611e+02
8.085959927070457525e+02,6.836712599999999611e+02
8.087945082461103539e+02,6.836712599999999611e+02
8.087833765336395118e+02,6.836712599999999611e+02
8.088920604768633211e+02,6.836712599999999611e+02
8.089707603602331574e+02,6.836712599999999611e+02
8.091095435759717702e+02,6.836712599999999611e+02
8.091581441868268030e+02,6.836712599999999611e+02
8.092668943200283138e+02,6.836712599999999611e+02
8.093455280134205623e+02,6.836712599999999611e+02
8.096661507648725546e+02,6.836712599999999611e+02
8.095329118400142079e+02,6.836712599999999611e+02
8.096417281631931928e+02,6.836712599999999611e+02
8.097202956666078535e+02,6.836712599999999611e+02
8.098594761625441834e+02,6.836712599999999611e+02
8.099076794932014991e+02,6.836712599999999611e+02
8.100165620063581855e+02,6.836712599999999611e+02
8.100950633197952584e+02,6.836712599999999611e+02
8.102954341442716668e+02,6.836712599999999611e+02
8.102824471463889040e+02,6.836712599999999611e+02
8.103913958495231782e+02,6.836712599999999611e+02
8.104698309729825496e+02,6.836712599999999611e+02
8.106094087491167102e+02,6.836712599999999611e+02
8.106572147995763089e+02,6.836712599999999611e+02
8.107662296926880572e+02,6.836712599999999611e+02
8.108445986261699545e+02,6.836712599999999611e+02
7.316905000000000427e+02,3.667871000000000095e+02
8.110319824527636001e+02,6.836712599999999611e+02
8.111410635358530499e+02,6.836712599999999611e+02
8.112193662793572457e+02,6.836712599999999611e+02
8.113593413356891233e+02,6.836712599999999611e+02
8.114067501059510050e+02,6.836712599999999611e+02
8.115158973790180426e+02,6.836712599999999611e+02
8.115941339325446506e+02,6.836712599999999611e+02
8.117963600424328661e+02,6.836712599999999611e+02
8.117815177591382962e+02,6.836712599999999611e+02
8.118907312221830352e+02,6.836712599999999611e+02
8.119689015857320555e+02,6.836712599999999611e+02
8.121092739222615364e+02,6.836712599999999611e+02
8.121562854123257011e+02,6.836712599999999611e+02
8.122655650653479142e+02,6.836712599999999611e+02
8.123436692389193468e+02,6.836712599999999611e+02
8.126722544759207949e+02,6.836712599999999611e+02
8.125310530655129924e+02,6.836712599999999611e+02
8.126403989085129069e+02,6.836712599999999611e+02
8.127184368921067517e+02,6.836712599999999611e+02
8.128592065088339496e+02,6.836712599999999611e+02
8.129058207187003973e+02,6.836712599999999611e+02
8.130152327516778996e+02,6.836712599999999611e+02
8.130932045452940429e+02,6.836712599999999611e+02
8.132972859405940653e+02,6.836712599999999611e+02
8.132805883718878022e+02,6.836712599999999611e+02
8.133900665948427786e+02,6.836712599999999611e+02
8.134679721984814478e+02,6.836712599999999611e+02
8.136091390954064764e+02,6.836712599999999611e+02
8.136553560250750934e+02,6.836712599999999611e+02
8.137649004380077713e+02,6.836712599999999611e+02
8.138427398516687390e+02,6.836712599999999611e+02
8.144315083522727718e+02,6.836712599999999611e+02
8.140301236782624983e+02,6.836712599999999611e+02
8.141397342811727640e+02,6.836712599999999611e+02
8.142175075048561439e+02,6.836712599999999611e+02
8.143590716819788895e+02,6.836712599999999611e+02
8.144048913314497895e+02,6.836712599999999611e+02
8.145145681243377567e+02,6.836712599999999611e+02
8.145922751580435488e+02,6.836712599999999611e+02
8.147982118387553783e+02,6.836712599999999611e+02
8.147796589846371944e+02,6.836712599999999611e+02
8.148894019675026357e+02,6.836712599999999611e+02
8.149670428112308400e+02,6.836712599999999611e+02
8.151090042685513026e+02,6.836712599999999611e+02
8.151544266378244856e+02,6.836712599999999611e+02
8.152642358106676284e+02,6.836712599999999611e+02
8.153418104644182449e+02,6.836712599999999611e+02
8.156783581869689215e+02,6.836712599999999611e+02
8.155291942910118905e+02,6.836712599999999611e+02
8.156390696538326210e+02,6.836712599999999611e+02
8.157165781176055361e+02,6.836712599999999611e+02
8.158589368551237158e+02,6.836712599999999611e+02
8.159039619441992954e+02,6.836712599999999611e+02
8.160139034969975000e+02,6.836712599999999611e+02
8.160913457707929410e+02,6.836712599999999611e+02
8.162991377369165775e+02,6.836712599999999611e+02
8.162787295973865866e+02,6.836712599999999611e+02
8.163887373401624927e+02,6.836712599999999611e+02
8.164661134239802323e+02,6.836712599999999611e+02
8.166088694416961289e+02,6.836712599999999611e+02
8.166534972505739916e+02,6.836712599999999611e+02
8.167635711833274854e+02,6.836712599999999611e+02
8.168408810771676372e+02,6.836712599999999611e+02
7.105416999999999916e+02,4.052994400000000041e+02
8.170282649037612828e+02,6.675384500000000116e+02
8.171384050264923644e+02,6.675384500000000116e+02
8.172156487303550421e+02,6.675384500000000116e+02
8.173588020282686557e+02,6.675384500000000116e+02
8.174030325569486877e+02,6.675384500000000116e+02
8.175132388696573571e+02,6.675384500000000116e+02
8.175904163835423333e+02,6.675384500000000116e+02
8.178000636350778905e+02,6.675384500000000116e+02
8.177778002101359789e+02,6.675384500000000116e+02
8.178880727128223498e+02,6.675384500000000116e+02
8.179651840367297382e+02,6.675384500000000116e+02
8.181087346148410688e+02,6.675384500000000116e+02
8.181525678633233838e+02,6.675384500000000116e+02
8.182629065559873425e+02,6.675384500000000116e+02
8.183399516899170294e+02,6.675384500000000116e+02
8.186844618980170480e+02,6.675384500000000116e+02
8.185273355165107887e+02,6.675384500000000116e+02
8.186377403991522215e+02,6.675384500000000116e+02
8.187147193431044343e+02,6.675384500000000116e+02
8.188586672014134820e+02,6.675384500000000116e+02
8.189021031696980799e+02,6.675384500000000116e+02
8.190125742423172142e+02,6.675384500000000116e+02
8.190894869962917255e+02,6.675384500000000116e+02
8.193009895332390897e+02,6.675384500000000116e+02
8.192768708228854848e+02,6.675384500000000116e+02
8.193874080854822068e+02,6.675384500000000116e+02
8.194642546494791304e+02,6.675384500000000116e+02
8.196085997879858951e+02,6.675384500000000116e+02
8.196516384760727760e+02,6.675384500000000116e+02
8.197622419286470858e+02,6.675384500000000116e+02
8.198390223026665353e+02,6.675384500000000116e+02
8.204607959090909617e+02,6.675384500000000116e+02
8.200264061292601809e+02,6.675384500000000116e+02
8.201370757718120785e+02,6.675384500000000116e+02
8.202137899558538265e+02,6.675384500000000116e+02
8.203585323745584219e+02,6.675384500000000116e+02
8.204011737824474721e+02,6.675384500000000116e+02
8.205119096149770712e+02,6.675384500000000116e+02
8.205885576090412314e+02,6.675384500000000116e+02
8.208019154314002890e+02,6.675384500000000116e+02
8.207759414356348771e+02,6.675384500000000116e+02
8.208867434581420639e+02,6.675384500000000116e+02
8.209633252622285227e+02,6.675384500000000116e+02
8.211084649611308350e+02,6.675384500000000116e+02
8.211507090888222820e+02,6.675384500000000116e+02
8.212615773013069429e+02,6.675384500000000116e+02
8.213380929154159276e+02,6.675384500000000116e+02
8.216905656090652883e+02,6.675384500000000116e+02
8.215254767420095732e+02,6.675384500000000116e+02
8.216364111444719356e+02,6.675384500000000116e+02
8.217128605686032188e+02,6.675384500000000116e+02
8.218583975477032482e+02,6.675384500000000116e+02
8.219002443951969781e+02,6.675384500000000116e+02
8.220112449876369283e+02,6.675384500000000116e+02
8.220876282217906237e+02,6.675384500000000116e+02
8.223028413295616019e+02,6.675384500000000116e+02
8.222750120483842693e+02,6.675384500000000116e+02
8.223860788308018073e+02,6.675384500000000116e+02
8.224623958749780286e+02,6.675384500000000116e+02
8.226083301342756613e+02,6.675384500000000116e+02
8.226497797015716742e+02,6.675384500000000116e+02
8.227609126739668000e+02,6.675384500000000116e+02
8.228371635281653198e+02,6.675384500000000116e+02
7.009259600000000319e+02,4.571135300000000257e+02
8.230245473547590791e+02,6.675384500000000116e+02
8.231357465171317926e+02,6.675384500000000116e+02
8.232119311813527247e+02,6.675384500000000116e+02
8.233582627208480744e+02,6.675384500000000116e+02
8.233993150079463703e+02,6.675384500000000116e+02
8.235105803602967853e+02,6.675384500000000116e+02
8.235866988345400159e+02,6.675384500000000116e+02
8.238037672277228012e+02,6.675384500000000116e+02
8.237740826611337752e+02,6.675384500000000116e+02
8.238854142034616643e+02,6.675384500000000116e+02
8.239614664877274208e+02,6.675384500000000116e+02
8.241081953074206012e+02,6.675384500000000116e+02
8.241488503143210664e+02,6.675384500000000116e+02
8.242602480466266570e+02,6.675384500000000116e+02
8.243362341409148257e+02,6.675384500000000116e+02
8.246966693201134149e+02,6.675384500000000116e+02
8.245236179675084713e+02,6.675384500000000116e+02
8.246350818897916497e+02,6.675384500000000116e+02
8.247110017941021169e+02,6.675384500000000116e+02
8.248581278939930144e+02,6.675384500000000116e+02
8.248983856206957626e+02,6.675384500000000116e+02
8.250099157329565287e+02,6.675384500000000116e+02
8.250857694472895218e+02,6.675384500000000116e+02
8.253046931258841141e+02,6.675384500000000116e+02
8.252731532738831675e+02,6.675384500000000116e+02
8.253847495761215214e+02,6.675384500000000116e+02
8.254605371004768131e+02,6.675384500000000116e+02
8.256080604805654275e+02,6.675384500000000116e+02
8.256479209270705724e+02,6.675384500000000116e+02
8.257595834192865141e+02,6.675384500000000116e+02
8.258353047536642180e+02,6.675384500000000116e+02
8.264900834659091515e+02,6.675384500000000116e+02
8.260226885802578636e+02,6.675384500000000116e+02
8.261344172624513931e+02,6.675384500000000116e+02
8.262100724068515092e+02,6.675384500000000116e+02
8.263579930671378406e+02,6.675384500000000116e+02
8.263974562334452685e+02,6.675384500000000116e+02
8.265092511056163858e+02,6.675384500000000116e+02
8.265848400600389141e+02,6.675384500000000116e+02
8.268056190240453134e+02,6.675384500000000116e+02
8.267722238866325597e+02,6.675384500000000116e+02
8.268840849487813784e+02,6.675384500000000116e+02
8.269596077132263190e+02,6.675384500000000116e+02
8.271079256537102538e+02,6.675384500000000116e+02
8.271469915398199646e+02,6.675384500000000116e+02
8.272589187919463711e+02,6.675384500000000116e+02
8.273343753664136102e+02,6.675384500000000116e+02
8.277027730311615414e+02,6.675384500000000116e+02
8.275217591930072558e+02,6.675384500000000116e+02
8.276337526351112501e+02,6.675384500000000116e+02
8.277091430196010151e+02,6.675384500000000116e+02
8.278578582402827806e+02,6.675384500000000116e+02
8.278965268461946607e+02,6.675384500000000116e+02
8.280085864782762428e+02,6.675384500000000116e+02
8.280839106727883063e+02,6.675384500000000116e+02
8.283065449222065126e+02,6.675384500000000116e+02
8.282712944993820656e+02,6.675384500000000116e+02
8.283834203214412355e+02,6.675384500000000116e+02
8.284586783259757112e+02,6.675384500000000116e+02
8.286077908268551937e+02,6.675384500000000116e+02
8.286460621525693568e+02,6.675384500000000116e+02
8.287582541646061145e+02,6.675384500000000116e+02
8.288334459791630024e+02,6.675384500000000116e+02
6.998890999999999849e+02,5.112811300000000188e+02
8.290208298057567617e+02,6.519447000000000116e+02
8.291330880077711072e+02,6.519447000000000116e+02
8.292082136323504074e+02,6.519447000000000116e+02
8.293577234134276068e+02,6.519447000000000116e+02
8.293955974589440530e+02,6.519447000000000116e+02
8.295079218509360999e+02,6.519447000000000116e+02
8.295829812855378123e+02,6.519447000000000116e+02
8.298074708203678256e+02,6.519447000000000116e+02
8.297703651121314579e+02,6.519447000000000116e+02
8.298827556941010926e+02,6.519447000000000116e+02
8.299577489387251035e+02,6.519447000000000116e+02
8.301076560000000200e+02,6.519447000000000116e+02
8.301451327653187491e+02,6.519447000000000116e+02
8.302575895372659716e+02,6.519447000000000116e+02
8.303325165919125084e+02,6.519447000000000116e+02
8.307088767422096680e+02,6.519447000000000116e+02
8.305199004185061540e+02,6.519447000000000116e+02
8.306324233804309642e+02,6.519447000000000116e+02
8.307072842450997996e+02,6.519447000000000116e+02
8.308575885865725468e+02,6.519447000000000116e+02
8.308946680716935589e+02,6.519447000000000116e+02
8.310072572235959569e+02,6.519447000000000116e+02
8.310820518982872045e+02,6.519447000000000116e+02
8.313083967185290248e+02,6.519447000000000116e+02
8.312694357248808501e+02,6.519447000000000116e+02
8.313820910667608359e+02,6.519447000000000116e+02
8.314568195514744957e+02,6.519447000000000116e+02
8.316075211731449599e+02,6.519447000000000116e+02
8.316442033780682550e+02,6.519447000000000116e+02
8.317569249099258286e+02,6.519447000000000116e+02
8.318315872046619006e+02,6.519447000000000116e+02
8.325193710227273414e+02,6.519447000000000116e+02
8.320189710312555462e+02,6.519447000000000116e+02
8.321317587530908213e+02,6.519447000000000116e+02
8.322063548578493055e+02,6.519447000000000116e+02
8.323574537597173730e+02,6.519447000000000116e+02
8.323937386844429511e+02,6.519447000000000116e+02
8.325065925962557003e+02,6.519447000000000116e+02
8.325811225110365967e+02,6.519447000000000116e+02
8.328093226166903378e+02,6.519447000000000116e+02
8.327685063376302423e+02,6.519447000000000116e+02
8.328814264394206930e+02,6.519447000000000116e+02
8.329558901642240016e+02,6.519447000000000116e+02
8.331073863462897862e+02,6.519447000000000116e+02
8.331432739908176472e+02,6.519447000000000116e+02
8.332562602825856857e+02,6.519447000000000116e+02
8.333306578174112929e+02,6.519447000000000116e+02
8.337149804532579083e+02,6.519447000000000116e+02
8.335180416440050521e+02,6.519447000000000116e+02
8.336310941257506784e+02,6.519447000000000116e+02
8.337054254705986978e+02,6.519447000000000116e+02
8.338573189328621993e+02,6.519447000000000116e+02
8.338928092971923434e+02,6.519447000000000116e+02
8.340059279689155574e+02,6.519447000000000116e+02
8.340801931237859890e+02,6.519447000000000116e+02
8.343102485148515370e+02,6.519447000000000116e+02
8.342675769503797483e+02,6.519447000000000116e+02
8.343807618120805500e+02,6.519447000000000116e+02
8.344549607769733939e+02,6.519447000000000116e+02
8.346072515194347261e+02,6.519447000000000116e+02
8.346423446035670395e+02,6.519447000000000116e+02
8.347555956552455427e+02,6.519447000000000116e+02
8.348297284301607988e+02,6.519447000000000116e+02
7.064527600000000120e+02,5.607255999999999858e+02
8.350171122567544444e+02,6.179292000000000371e+02
8.351304294984104217e+02,6.179292000000000371e+02
8.352044960833480900e+02,6.179292000000000371e+02
8.353571841060071392e+02,6.179292000000000371e+02
8.353918799099417356e+02,6.179292000000000371e+02
8.355052633415754144e+02,6.179292000000000371e+02
8.355792637365354949e+02,6.179292000000000371e+02
8.358111744130127363e+02,6.179292000000000371e+02
8.357666475631291405e+02,6.179292000000000371e+02
8.358800971847404071e+02,6.179292000000000371e+02
8.359540313897227861e+02,6.179292000000000371e+02
8.361071166925795524e+02,6.179292000000000371e+02
8.361414152163165454e+02,6.179292000000000371e+02
8.362549310279053998e+02,6.179292000000000371e+02
8.363287990429101910e+02,6.179292000000000371e+02
8.367210841643060348e+02,6.179292000000000371e+02
8.365161828695038366e+02,6.179292000000000371e+02
8.366297648710702788e+02,6.179292000000000371e+02
8.367035666960974822e+02,6.179292000000000371e+02
8.368570492791519655e+02,6.179292000000000371e+02
8.368909505226912415e+02,6.179292000000000371e+02
8.370045987142352715e+02,6.179292000000000371e+02
8.370783343492848871e+02,6.179292000000000371e+02
8.373121003111740492e+02,6.179292000000000371e+02
8.372657181758785327e+02,6.179292000000000371e+02
8.373794325574002642e+02,6.179292000000000371e+02
8.374531020024722920e+02,6.179292000000000371e+02
8.376069818657244923e+02,6.179292000000000371e+02
8.376404858290659377e+02,6.179292000000000371e+02
8.377542664005651432e+02,6.179292000000000371e+02
8.378278696556595833e+02,6.179292000000000371e+02
8.385486585795454175e+02,6.179292000000000371e+02
8.380152534822532289e+02,6.179292000000000371e+02
8.381291002437301358e+02,6.179292000000000371e+02
8.382026373088469882e+02,6.179292000000000371e+02
8.383569144522969054e+02,6.179292000000000371e+02
8.383900211354406338e+02,6.179292000000000371e+02
8.385039340868951285e+02,6.179292000000000371e+02
8.385774049620342794e+02,6.179292000000000371e+02
8.388130262093352485e+02,6.179292000000000371e+02
8.387647887886280387e+02,6.179292000000000371e+02
8.388787679300601212e+02,6.179292000000000371e+02
8.389521726152216843e+02,6.179292000000000371e+02
8.391068470388693186e+02,6.179292000000000371e+02
8.391395564418153299e+02,6.179292000000000371e+02
8.392536017732250002e+02,6.179292000000000371e+02
8.393269402684090892e+02,6.179292000000000371e+02
8.397271878753541614e+02,6.179292000000000371e+02
8.395143240950027348e+02,6.179292000000000371e+02
8.396284356163899929e+02,6.179292000000000371e+02
8.397017079215963804e+02,6.179292000000000371e+02
8.398567796254417317e+02,6.179292000000000371e+02
8.398890917481900260e+02,6.179292000000000371e+02
8.400032694595549856e+02,6.179292000000000371e+02
8.400764755747837853e+02,6.179292000000000371e+02
8.403139521074965614e+02,6.179292000000000371e+02
8.402638594013774309e+02,6.179292000000000371e+02
8.403781033027198646e+02,6.179292000000000371e+02
8.404512432279710765e+02,6.179292000000000371e+02
8.406067122120141448e+02,6.179292000000000371e+02
8.406386270545648358e+02,6.179292000000000371e+02
8.407529371458848573e+02,6.179292000000000371e+02
8.408260108811584814e+02,6.179292000000000371e+02
7.180502999999999929e+02,6.049422600000000330e+02
8.410133947077521270e+02,6.179292000000000371e+02
8.411277709890498500e+02,6.179292000000000371e+02
8.412007785343457726e+02,6.179292000000000371e+02
8.413566447985866716e+02,6.179292000000000371e+02
8.413881623609395319e+02,6.179292000000000371e+02
8.415026048322147290e+02,6.179292000000000371e+02
8.415755461875331775e+02,6.179292000000000371e+02
8.418148780056577607e+02,6.179292000000000371e+02
8.417629300141268232e+02,6.179292000000000371e+02
8.418774386753797216e+02,6.179292000000000371e+02
8.419503138407205824e+02,6.179292000000000371e+02
8.421065773851590848e+02,6.179292000000000371e+02
8.421376976673142281e+02,6.179292000000000371e+02
8.422522725185447143e+02,6.179292000000000371e+02
8.423250814939078737e+02,6.179292000000000371e+02
8.427332915864024017e+02,6.179292000000000371e+02
8.425124653205015193e+02,6.179292000000000371e+02
8.426271063617097070e+02,6.179292000000000371e+02
8.426998491470952786e+02,6.179292000000000371e+02
8.428565099717314979e+02,6.179292000000000371e+02
8.428872329736889242e+02,6.179292000000000371e+02
8.430019402048745860e+02,6.179292000000000371e+02
8.430746168002825698e+02,6.179292000000000371e+02
8.433158039038189600e+02,6.179292000000000371e+02
8.432620006268763291e+02,6.179292000000000371e+02
8.433767740480395787e+02,6.179292000000000371e+02
8.434493844534699747e+02,6.179292000000000371e+02
8.436064425583039110e+02,6.179292000000000371e+02
8.436367682800636203e+02,6.179292000000000371e+02
8.437516078912045714e+02,6.179292000000000371e+02
8.438241521066572659e+02,6.179292000000000371e+02
8.445779461363636074e+02,6.179292000000000371e+02
8.440115359332510252e+02,6.179292000000000371e+02
8.441264417343694504e+02,6.179292000000000371e+02
8.441989197598446708e+02,6.179292000000000371e+02
8.443563751448764378e+02,6.179292000000000371e+02
8.443863035864383164e+02,6.179292000000000371e+02
8.445012755775344431e+02,6.179292000000000371e+02
8.445736874130320757e+02,6.179292000000000371e+02
8.448167298019802729e+02,6.179292000000000371e+02
8.447610712396257213e+02,6.179292000000000371e+02
8.448761094206994358e+02,6.179292000000000371e+02
8.449484550662193669e+02,6.179292000000000371e+02
8.451063077314488510e+02,6.179292000000000371e+02
8.451358388928130125e+02,6.179292000000000371e+02
8.452509432638644284e+02,6.179292000000000371e+02
8.453232227194067718e+02,6.179292000000000371e+02
8.457393952974505282e+02,6.007027600000000120e+02
8.455106065460004174e+02,6.007027600000000120e+02
8.456257771070293074e+02,6.007027600000000120e+02
8.456979903725940630e+02,6.007027600000000120e+02
8.458562403180212641e+02,6.007027600000000120e+02
8.458853741991878223e+02,6.007027600000000120e+02
8.460006109501943001e+02,6.007027600000000120e+02
8.460727580257814679e+02,6.007027600000000120e+02
8.463176557001414722e+02,6.007027600000000120e+02
8.462601418523751136e+02,6.007027600000000120e+02
8.463754447933592928e+02,6.007027600000000120e+02
8.464475256789687592e+02,6.007027600000000120e+02
8.466061729045936772e+02,6.007027600000000120e+02
8.466349095055625185e+02,6.007027600000000120e+02
8.467502786365241718e+02,6.007027600000000120e+02
8.468222933321561641e+02,6.007027600000000120e+02
7.319092000000000553e+02,6.420234400000000505e+02
8.470096771587498097e+02,6.007027600000000120e+02
8.471251124796891645e+02,6.007027600000000120e+02
8.471970609853435690e+02,6.007027600000000120e+02
8.473561054911660904e+02,6.007027600000000120e+02
8.473844448119372146e+02,6.007027600000000120e+02
8.474999463228541572e+02,6.007027600000000120e+02
8.475718286385308602e+02,6.007027600000000120e+02
8.478185815983027851e+02,6.007027600000000120e+02
8.477592124651245058e+02,6.007027600000000120e+02
8.478747801660190362e+02,6.007027600000000120e+02
8.479465962917182651e+02,6.007027600000000120e+02
8.481060380777386172e+02,6.007027600000000120e+02
8.481339801183119107e+02,6.007027600000000120e+02
8.482496140091840289e+02,6.007027600000000120e+02
8.483213639449055563e+02,6.007027600000000120e+02
8.487454990084986548e+02,6.007027600000000120e+02
8.485087477714993156e+02,6.007027600000000120e+02
8.486244478523490216e+02,6.007027600000000120e+02
8.486961315980929612e+02,6.007027600000000120e+02
8.488559706643110303e+02,6.007027600000000120e+02
8.488835154246866068e+02,6.007027600000000120e+02
8.489992816955140142e+02,6.007027600000000120e+02
8.490708992512802524e+02,6.007027600000000120e+02
8.493195074964639844e+02,6.007027600000000120e+02
8.492582830778740117e+02,6.007027600000000120e+02
8.493741155386788932e+02,6.007027600000000120e+02
8.494456669044676573e+02,6.007027600000000120e+02
8.496059032508834434e+02,6.007027600000000120e+02
8.496330507310613029e+02,6.007027600000000120e+02
8.497489493818438859e+02,6.007027600000000120e+02
8.498204345576550622e+02,6.007027600000000120e+02
8.506072336931817972e+02,5.841820999999999913e+02
8.500078183842487078e+02,5.841820999999999913e+02
8.501237832250088786e+02,5.841820999999999913e+02
8.501952022108423535e+02,5.841820999999999913e+02
8.503558358374558566e+02,5.841820999999999913e+02
8.503825860374359991e+02,5.841820999999999913e+02
8.504986170681737576e+02,5.841820999999999913e+02
8.505699698640297584e+02,5.841820999999999913e+02
8.508204333946251836e+02,5.841820999999999913e+02
8.507573536906234040e+02,5.841820999999999913e+02
8.508734509113387503e+02,5.841820999999999913e+02
8.509447375172170496e+02,5.841820999999999913e+02
8.511057684240283834e+02,5.841820999999999913e+02
8.511321213438108089e+02,5.841820999999999913e+02
8.512482847545037430e+02,5.841820999999999913e+02
8.513195051704044545e+02,5.841820999999999913e+02
8.517516027195467814e+02,5.841820999999999913e+02
8.515068889969981001e+02,5.841820999999999913e+02
8.516231185976687357e+02,5.841820999999999913e+02
8.516942728235917457e+02,5.841820999999999913e+02
8.518557010106007965e+02,5.841820999999999913e+02
8.518816566501855050e+02,5.841820999999999913e+02
8.519979524408336147e+02,5.841820999999999913e+02
8.520690404767791506e+02,5.841820999999999913e+02
8.523213592927864966e+02,5.841820999999999913e+02
8.522564243033727962e+02,5.841820999999999913e+02
8.523727862839986074e+02,5.841820999999999913e+02
8.524438081299665555e+02,5.841820999999999913e+02
8.526056335971732096e+02,5.841820999999999913e+02
8.526311919565602011e+02,5.841820999999999913e+02
8.527476201271636000e+02,5.841820999999999913e+02
8.528185757831538467e+02,5.841820999999999913e+02
7.426340000000000146e+02,6.593709999999999809e+02
8.530059596097474923e+02,5.841820999999999913e+02
8.531224539703284790e+02,5.841820999999999913e+02
8.531933434363412516e+02,5.841820999999999913e+02
8.533555661837456228e+02,5.841820999999999913e+02
8.533807272629348972e+02,5.841820999999999913e+02
8.534972878134934717e+02,5.841820999999999913e+02
8.535681110895285428e+02,5.841820999999999913e+02
8.538222851909476958e+02,5.841820999999999913e+02
8.537554949161223021e+02,5.841820999999999913e+02
8.538721216566584644e+02,5.841820999999999913e+02
8.539428787427159477e+02,5.841820999999999913e+02
8.541054987703180359e+02,5.841820999999999913e+02
8.541302625693095933e+02,5.841820999999999913e+02
8.542469554998233434e+02,5.841820999999999913e+02
8.543176463959032390e+02,5.841820999999999913e+02
8.547577064305950216e+02,5.841820999999999913e+02
8.545050302224969982e+02,5.841820999999999913e+02
8.546217893429883361e+02,5.841820999999999913e+02
8.546924140490906439e+02,5.841820999999999913e+02
8.548554313568905627e+02,5.841820999999999913e+02
8.548797978756842895e+02,5.841820999999999913e+02
8.549966231861533288e+02,5.841820999999999913e+02
8.550671817022780488e+02,5.841820999999999913e+02
8.553232110891090088e+02,5.841820999999999913e+02
8.552545655288716944e+02,5.841820999999999913e+02
8.553714570293183215e+02,5.841820999999999913e+02
8.554419493554653400e+02,5.841820999999999913e+02
8.556053639434629758e+02,5.841820999999999913e+02
8.556293331820590993e+02,5.841820999999999913e+02
8.557462908724832005e+02,5.841820999999999913e+02
8.558167170086527449e+02,5.841820999999999913e+02
8.566365212499999870e+02,5.841820999999999913e+02
8.560041008352463905e+02,5.841820999999999913e+02
8.561211247156481932e+02,5.841820999999999913e+02
8.561914846618400361e+02,5.841820999999999913e+02
8.563552965300353890e+02,5.841820999999999913e+02
8.563788684884337954e+02,5.841820999999999913e+02
8.564959585588131858e+02,5.841820999999999913e+02
8.565662523150274410e+02,5.841820999999999913e+02
8.568241369872702080e+02,5.841820999999999913e+02
8.567536361416210866e+02,5.841820999999999913e+02
8.568707924019780648e+02,5.841820999999999913e+02
8.569410199682148459e+02,5.841820999999999913e+02
8.571052291166078021e+02,5.841820999999999913e+02
8.571284037948084915e+02,5.841820999999999913e+02
8.572456262451430575e+02,5.841820999999999913e+02
8.573157876214021371e+02,5.841820999999999913e+02
8.577638101416431482e+02,5.841820999999999913e+02
8.575031714479957827e+02,5.841820999999999913e+02
8.576204600883080502e+02,5.841820999999999913e+02
8.576905552745895420e+02,5.841820999999999913e+02
8.578551617031803289e+02,5.841820999999999913e+02
8.578779391011831876e+02,5.841820999999999913e+02
8.579952939314730429e+02,5.841820999999999913e+02
8.580653229277768332e+02,5.841820999999999913e+02
8.583250628854314073e+02,5.841820999999999913e+02
8.582527067543705925e+02,5.841820999999999913e+02
8.583701277746379219e+02,5.841820999999999913e+02
8.584400905809642381e+02,5.841820999999999913e+02
8.586050942897527420e+02,5.841820999999999913e+02
8.586274744075578838e+02,5.841820999999999913e+02
8.587449616178029146e+02,5.841820999999999913e+02
8.588148582341515294e+02,5.841820999999999913e+02
7.598368000000000393e+02,6.783429999999999609e+02
8.590022420607452887e+02,5.726524699999999939e+02
8.591197954609679073e+02,5.726524699999999939e+02
8.591896258873389343e+02,5.726524699999999939e+02
8.593550268763251552e+02,5.726524699999999939e+02
8.593770097139325799e+02,5.726524699999999939e+02
8.594946293041327863e+02,5.726524699999999939e+02
8.595643935405263392e+02,5.726524699999999939e+02
8.598259887835927202e+02,5.726524699999999939e+02
8.597517773671199848e+02,5.726524699999999939e+02
8.598694631472977790e+02,5.726524699999999939e+02
8.599391611937136304e+02,5.726524699999999939e+02
8.601049594628975683e+02,5.726524699999999939e+02
8.601265450203072760e+02,5.726524699999999939e+02
8.602442969904627716e+02,5.726524699999999939e+02
8.603139288469010353e+02,5.726524699999999939e+02
8.607699138526912748e+02,5.726524699999999939e+02
8.605013126734946809e+02,5.726524699999999939e+02
8.606191308336277643e+02,5.726524699999999939e+02
8.606886965000883265e+02,5.726524699999999939e+02
8.608548920494699814e+02,5.726524699999999939e+02
8.608760803266820858e+02,5.726524699999999939e+02
8.609939646767926433e+02,5.726524699999999939e+02
8.610634641532757314e+02,5.726524699999999939e+02
8.613269146817539195e+02,5.726524699999999939e+02
8.612508479798693770e+02,5.726524699999999939e+02
8.613687985199576360e+02,5.726524699999999939e+02
8.614382318064630226e+02,5.726524699999999939e+02
8.616048246360425082e+02,5.726524699999999939e+02
8.616256156330567819e+02,5.726524699999999939e+02
8.617436323631226287e+02,5.726524699999999939e+02
8.618129994596504275e+02,5.726524699999999939e+02
8.626658088068181769e+02,5.726524699999999939e+02
8.620003832862440731e+02,5.726524699999999939e+02
8.621184662062875077e+02,5.726524699999999939e+02
8.621877671128378324e+02,5.726524699999999939e+02
8.623547572226149214e+02,5.726524699999999939e+02
8.623751509394314780e+02,5.726524699999999939e+02
8.624933000494525004e+02,5.726524699999999939e+02
8.625625347660251236e+02,5.726524699999999939e+02
8.628278405799152324e+02,5.726524699999999939e+02
8.627499185926187693e+02,5.726524699999999939e+02
8.628681338926174931e+02,5.726524699999999939e+02
8.629373024192125285e+02,5.726524699999999939e+02
8.631046898091873345e+02,5.726524699999999939e+02
8.631246862458061742e+02,5.726524699999999939e+02
8.632429677357823721e+02,5.726524699999999939e+02
8.633120700723998198e+02,5.726524699999999939e+02
8.637760175637395150e+02,5.726524699999999939e+02
8.634994538989935791e+02,5.726524699999999939e+02
8.636178015789473648e+02,5.726524699999999939e+02
8.636868377255872247e+02,5.726524699999999939e+02
8.638546223957597476e+02,5.726524699999999939e+02
8.638742215521808703e+02,5.726524699999999939e+02
8.639926354221123574e+02,5.726524699999999939e+02
8.640616053787745159e+02,5.726524699999999939e+02
8.643287664780764317e+02,5.726524699999999939e+02
8.642489892053682752e+02,5.726524699999999939e+02
8.643674692652773501e+02,5.726524699999999939e+02
8.644363730319619208e+02,5.726524699999999939e+02
8.646045549823322744e+02,5.726524699999999939e+02
8.646237568585555664e+02,5.726524699999999939e+02
8.647423031084422291e+02,5.726524699999999939e+02
8.648111406851493257e+02,5.726524699999999939e+02
7.766710000000000491e+02,6.890472399999999880e+02
8.649985245117429713e+02,5.726524699999999939e+02
8.651171369516072218e+02,5.726524699999999939e+02
8.651859083383366169e+02,5.726524699999999939e+02
8.653544875689046876e+02,5.726524699999999939e+02
8.653732921649302625e+02,5.726524699999999939e+02
8.654919707947722145e+02,5.726524699999999939e+02
8.655606759915240218e+02,5.726524699999999939e+02
8.658296923762376309e+02,5.726524699999999939e+02
8.657480598181176674e+02,5.726524699999999939e+02
8.658668046379370935e+02,5.726524699999999939e+02
8.659354436447113130e+02,5.726524699999999939e+02
8.661044201554771007e+02,5.726524699999999939e+02
8.661228274713050723e+02,5.726524699999999939e+02
8.662416384811020862e+02,5.726524699999999939e+02
8.663102112978987179e+02,5.726524699999999939e+02
8.667821212747876416e+02,5.726524699999999939e+02
8.664975951244923635e+02,5.726524699999999939e+02
8.666164723242670789e+02,5.726524699999999939e+02
8.666849789510860091e+02,5.726524699999999939e+02
8.668543527420495138e+02,5.726524699999999939e+02
8.668723627776797684e+02,5.726524699999999939e+02
8.669913061674320716e+02,5.726524699999999939e+02
8.670597466042734141e+02,5.726524699999999939e+02
8.673306182743989439e+02,5.726524699999999939e+02
8.672471304308670597e+02,5.726524699999999939e+02
8.673661400105969506e+02,5.726524699999999939e+02
8.674345142574608190e+02,5.726524699999999939e+02
8.676042853286219270e+02,5.726524699999999939e+02
8.676218980840544646e+02,5.726524699999999939e+02
8.677409738537619432e+02,5.726524699999999939e+02
8.678092819106481102e+02,5.726524699999999939e+02
8.686950963636363667e+02,5.726524699999999939e+02
8.679966657372417558e+02,5.726524699999999939e+02
8.681158076969269359e+02,5.726524699999999939e+02
8.681840495638355151e+02,5.726524699999999939e+02
8.683542179151944538e+02,5.726524699999999939e+02
8.683714333904291607e+02,5.726524699999999939e+02
8.684906415400918149e+02,5.726524699999999939e+02
8.685588172170228063e+02,5.726524699999999939e+02
8.688315441725601431e+02,5.726524699999999939e+02
8.687462010436165656e+02,5.726524699999999939e+02
8.688654753832568076e+02,5.726524699999999939e+02
8.689335848702102112e+02,5.726524699999999939e+02
8.691041505017668669e+02,5.726524699999999939e+02
8.691209686968038568e+02,5.726524699999999939e+02
8.692403092264218003e+02,5.726524699999999939e+02
8.693083525233975024e+02,5.726524699999999939e+02
8.697882249858357682e+02,5.726524699999999939e+02
8.694957363499912617e+02,5.726524699999999939e+02
8.696151430695866793e+02,5.726524699999999939e+02
8.696831201765849073e+02,5.726524699999999939e+02
8.698540830883392800e+02,5.726524699999999939e+02
8.698705040031785529e+02,5.726524699999999939e+02
8.699899769127516720e+02,5.726524699999999939e+02
8.700578878297723122e+02,5.726524699999999939e+02
8.703324700707214561e+02,5.726524699999999939e+02
8.702452716563659578e+02,5.726524699999999939e+02
8.703648107559166647e+02,5.726524699999999939e+02
8.704326554829596034e+02,5.726524699999999939e+02
8.706040156749116932e+02,5.726524699999999939e+02
8.706200393095532490e+02,5.726524699999999939e+02
8.707396445990816574e+02,5.726524699999999939e+02
8.708074231361470083e+02,5.726524699999999939e+02
7.933167999999999438e+02,6.911318400000000111e+02
8.709948069627406539e+02,5.627021499999999605e+02
8.711144784422465364e+02,5.627021499999999605e+02
8.711821907893342996e+02,5.627021499999999605e+02
8.713539482614842200e+02,5.627021499999999605e+02
8.713695746159280588e+02,5.627021499999999605e+02
8.714893122854115290e+02,5.627021499999999605e+02
8.715569584425217045e+02,5.627021499999999605e+02
8.718333959688826553e+02,5.627021499999999605e+02
8.717443422691153501e+02,5.627021499999999605e+02
8.718641461285765217e+02,5.627021499999999605e+02
8.719317260957091094e+02,5.627021499999999605e+02
8.721038808480566331e+02,5.627021499999999605e+02
8.721191099223027550e+02,5.627021499999999605e+02
8.722389799717414007e+02,5.627021499999999605e+02
8.723064937488964006e+02,5.627021499999999605e+02
8.727943286968838947e+02,5.627021499999999605e+02
8.724938775754900462e+02,5.627021499999999605e+02
8.726138138149063934e+02,5.627021499999999605e+02
8.726812614020838055e+02,5.627021499999999605e+02
8.728538134346290462e+02,5.627021499999999605e+02
8.728686452286774511e+02,5.627021499999999605e+02
8.729886476580713861e+02,5.627021499999999605e+02
8.730560290552710967e+02,5.627021499999999605e+02
8.733343218670438546e+02,5.627021499999999605e+02
8.732434128818648560e+02,5.627021499999999605e+02
8.733634815012363788e+02,5.627021499999999605e+02
8.734307967084585016e+02,5.627021499999999605e+02
8.736037460212014594e+02,5.627021499999999605e+02
8.736181805350521472e+02,5.627021499999999605e+02
8.737383153444012578e+02,5.627021499999999605e+02
8.738055643616457928e+02,5.627021499999999605e+02
8.747243839204545566e+02,5.627021499999999605e+02
8.739929481882395521e+02,5.627021499999999605e+02
8.741131491875662505e+02,5.627021499999999605e+02
8.741803320148331977e+02,5.627021499999999605e+02
8.743536786077738725e+02,5.627021499999999605e+02
8.743677158414268433e+02,5.627021499999999605e+02
8.744879830307312432e+02,5.627021499999999605e+02
8.745550996680206026e+02,5.627021499999999605e+02
8.748352477652051675e+02,5.627021499999999605e+02
8.747424834946142482e+02,5.627021499999999605e+02
8.748628168738961222e+02,5.627021499999999605e+02
8.749298673212078938e+02,5.627021499999999605e+02
8.751036111943463993e+02,5.627021499999999605e+02
8.751172511478015394e+02,5.627021499999999605e+02
8.752376507170611148e+02,5.627021499999999605e+02
8.753046349743952987e+02,5.627021499999999605e+02
8.758004324079321350e+02,5.627021499999999605e+02
8.754920188009889443e+02,5.627021499999999605e+02
8.756124845602261075e+02,5.627021499999999605e+02
8.756794026275825900e+02,5.627021499999999605e+02
8.758535437809188124e+02,5.627021499999999605e+02
8.758667864541763493e+02,5.627021499999999605e+02
8.759873184033911002e+02,5.627021499999999605e+02
8.760541702807699949e+02,5.627021499999999605e+02
8.763361736633663668e+02,5.627021499999999605e+02
8.762415541073636405e+02,5.627021499999999605e+02
8.763621522465559792e+02,5.627021499999999605e+02
8.764289379339572861e+02,5.627021499999999605e+02
8.766034763674912256e+02,5.627021499999999605e+02
8.766163217605510454e+02,5.627021499999999605e+02
8.767369860897209719e+02,5.627021499999999605e+02
8.768037055871446910e+02,5.627021499999999605e+02
8.103489399999999705e+02,6.836712599999999611e+02
8.769910894137383366e+02,5.627021499999999605e+02
8.771118199328859646e+02,5.627021499999999605e+02
8.771784732403320959e+02,5.627021499999999605e+02
8.773534089540636387e+02,5.627021499999999605e+02
8.773658570669257415e+02,5.627021499999999605e+02
8.774866537760508436e+02,5.627021499999999605e+02
8.775532408935193871e+02,5.627021499999999605e+02
8.778370995615276797e+02,5.627021499999999605e+02
8.777406247201130327e+02,5.627021499999999605e+02
8.778614876192158363e+02,5.627021499999999605e+02
8.779280085467067920e+02,5.627021499999999605e+02
8.781033415406361655e+02,5.627021499999999605e+02
8.781153923733004376e+02,5.627021499999999605e+02
8.782363214623808290e+02,5.627021499999999605e+02
8.783027761998940832e+02,5.627021499999999605e+02
8.788065361189802616e+02,5.627021499999999605e+02
8.784901600264878425e+02,5.627021499999999605e+02
8.786111553055457080e+02,5.627021499999999605e+02
8.786775438530814881e+02,5.627021499999999605e+02
8.788532741272085786e+02,5.627021499999999605e+02
8.788649276796751337e+02,5.627021499999999605e+02
8.789859891487107006e+02,5.627021499999999605e+02
8.790523115062687793e+02,5.627021499999999605e+02
8.793380254596888790e+02,5.627021499999999605e+02
8.792396953328625386e+02,5.627021499999999605e+02
8.793608229918756933e+02,5.627021499999999605e+02
8.794270791594561842e+02,5.627021499999999605e+02
8.796032067137809918e+02,5.627021499999999605e+02
8.796144629860498299e+02,5.627021499999999605e+02
8.797356568350406860e+02,5.627021499999999605e+02
8.798018468126435891e+02,5.627021499999999605e+02
8.807536714772727464e+02,5.627021499999999605e+02
8.799892306392372348e+02,5.627021499999999605e+02
8.801104906782055650e+02,5.627021499999999605e+02
8.801766144658308804e+02,5.627021499999999605e+02
8.803531393003534049e+02,5.627021499999999605e+02
8.803639982924245260e+02,5.627021499999999605e+02
8.804853245213705577e+02,5.627021499999999605e+02
8.805513821190182853e+02,5.627021499999999605e+02
8.808389513578500782e+02,5.627021499999999605e+02
8.807387659456119309e+02,5.627021499999999605e+02
8.808601583645355504e+02,5.627021499999999605e+02
8.809261497722055765e+02,5.627021499999999605e+02
8.811030718869258180e+02,5.627021499999999605e+02
8.811135335987993358e+02,5.627021499999999605e+02
8.812349922077004294e+02,5.627021499999999605e+02
8.813009174253929814e+02,5.627021499999999605e+02
8.818126398300283881e+02,5.627021499999999605e+02
8.814883012519866270e+02,5.627021499999999605e+02
8.816098260508654221e+02,5.627021499999999605e+02
8.816756850785802726e+02,5.627021499999999605e+02
8.818530044734983449e+02,5.627021499999999605e+02
8.818630689051740319e+02,5.627021499999999605e+02
8.819846598940304148e+02,5.627021499999999605e+02
8.820504527317676775e+02,5.627021499999999605e+02
8.823398772560113912e+02,5.627021499999999605e+02
8.822378365583613231e+02,5.627021499999999605e+02
8.823594937371954074e+02,5.627021499999999605e+02
8.824252203849550824e+02,5.627021499999999605e+02
8.826029370600707580e+02,5.627021499999999605e+02
8.826126042115487280e+02,5.627021499999999605e+02
8.827343275803602864e+02,5.627021499999999605e+02
8.827999880381423736e+02,5.627021499999999605e+02
8.232459000000000060e+02,6.675384500000000116e+02
8.829873718647360192e+02,6.786929000000000087e+02
8.831091614235252791e+02,6.786929000000000087e+02
8.831747556913297785e+02,6.786929000000000087e+02
8.833528696466431711e+02,6.786929000000000087e+02
8.833621395179234241e+02,6.786929000000000087e+02
8.834839952666902718e+02,6.786929000000000087e+02
8.835495233445170697e+02,6.786929000000000087e+02
8.838408031541725904e+02,6.786929000000000087e+02
8.837369071711108290e+02,6.786929000000000087e+02
8.838588291098551508e+02,6.786929000000000087e+02
8.839242909977044746e+02,6.786929000000000087e+02
8.841028022332155842e+02,6.786929000000000087e+02
8.841116748242981203e+02,6.786929000000000087e+02
8.842336629530201435e+02,6.786929000000000087e+02
8.842990586508917659e+02,6.786929000000000087e+02
8.848187435410766284e+02,6.786929000000000087e+02
8.844864424774855252e+02,6.786929000000000087e+02
8.846084967961851362e+02,6.786929000000000087e+02
8.846738263040791708e+02,6.786929000000000087e+02
8.848527348197879974e+02,6.786929000000000087e+02
8.848612101306728164e+02,6.786929000000000087e+02
8.849833306393500152e+02,6.786929000000000087e+02
8.850485939572665757e+02,6.786929000000000087e+02
8.853417290523339034e+02,6.786929000000000087e+02
8.852359777838602213e+02,6.786929000000000087e+02
8.853581644825150079e+02,6.786929000000000087e+02
8.854233616104538669e+02,6.786929000000000087e+02
8.856026674063605242e+02,6.786929000000000087e+02
8.856107454370475125e+02,6.786929000000000087e+02
8.857329983256800006e+02,6.786929000000000087e+02
8.857981292636412718e+02,6.786929000000000087e+02
8.867829590340909363e+02,6.758279999999999745e+02
8.859855130902349174e+02,6.758279999999999745e+02
8.861078321688449932e+02,6.758279999999999745e+02
8.861728969168285630e+02,6.758279999999999745e+02
8.863525999929329373e+02,6.758279999999999745e+02
8.863602807434223223e+02,6.758279999999999745e+02
8.864826660120098722e+02,6.758279999999999745e+02
8.865476645700159679e+02,6.758279999999999745e+02
8.868426549504951026e+02,6.758279999999999745e+02
8.867350483966096135e+02,6.758279999999999745e+02
8.868574998551748649e+02,6.758279999999999745e+02
8.869224322232032591e+02,6.758279999999999745e+02
8.871025325795053504e+02,6.758279999999999745e+02
8.871098160497970184e+02,6.758279999999999745e+02
8.872323336983398576e+02,6.761976300000000037e+02
8.872971998763906640e+02,6.761976300000000037e+02
8.878248472521247550e+02,6.761976300000000037e+02
8.874845837029843096e+02,6.761976300000000037e+02
8.876071675415047366e+02,6.761976300000000037e+02
8.876719675295780689e+02,6.761976300000000037e+02
8.878524651660777636e+02,6.761976300000000037e+02
8.878593513561717145e+02,6.761976300000000037e+02
8.879820013846697293e+02,6.761976300000000037e+02
8.880467351827653602e+02,6.761976300000000037e+02
8.883435808486563019e+02,6.761976300000000037e+02
8.882341190093591194e+02,6.761976300000000037e+02
8.883568352278347220e+02,6.761976300000000037e+02
8.884215028359527651e+02,6.761976300000000037e+02
8.886023977526502904e+02,6.761976300000000037e+02
8.886088866625464107e+02,6.761976300000000037e+02
8.887316690709997147e+02,6.761976300000000037e+02
8.887962704891400563e+02,6.761976300000000037e+02
8.316426000000000158e+02,6.519447000000000116e+02
8.889836543157338156e+02,6.689827999999999975e+02
8.891065029141645937e+02,6.689827999999999975e+02
8.891710381423274612e+02,6.689827999999999975e+02
8.893523303392227035e+02,6.689827999999999975e+02
8.893584219689211068e+02,6.689827999999999975e+02
8.894813367573295864e+02,6.689827999999999975e+02
8.895458057955148661e+02,6.689827999999999975e+02
8.898445067468176148e+02,6.689827999999999975e+02
8.897331896221085117e+02,6.689827999999999975e+02
8.898561706004945790e+02,6.689827999999999975e+02
8.899205734487021573e+02,6.689827999999999975e+02
8.901022629257951166e+02,6.689827999999999975e+02
8.901079572752958029e+02,6.689827999999999975e+02
8.902310044436594580e+02,6.689827999999999975e+02
8.902953411018895622e+02,6.689827999999999975e+02
8.908309509631728815e+02,6.689827999999999975e+02
8.904827249284832078e+02,6.689827999999999975e+02
8.906058382868244507e+02,6.689827999999999975e+02
8.906701087550768534e+02,6.689827999999999975e+02
8.908521955123675298e+02,6.689827999999999975e+02
8.908574925816706127e+02,6.689827999999999975e+02
8.909806721299894434e+02,6.689827999999999975e+02
8.910448764082642583e+02,6.689827999999999975e+02
8.913454326449788141e+02,6.689827999999999975e+02
8.912322602348579039e+02,6.689827999999999975e+02
8.913555059731543224e+02,6.689827999999999975e+02
8.914196440614515495e+02,6.689827999999999975e+02
8.916021280989399429e+02,6.689827999999999975e+02
8.916070278880453088e+02,6.689827999999999975e+02
8.917303398163193151e+02,6.689827999999999975e+02
8.917944117146389544e+02,6.689827999999999975e+02
8.928122465909091261e+02,6.689827999999999975e+02
8.919817955412326000e+02,6.689827999999999975e+02
8.921051736594843078e+02,6.689827999999999975e+02
8.921691793678263593e+02,6.689827999999999975e+02
8.923520606855124697e+02,6.689827999999999975e+02
8.923565631944200049e+02,6.689827999999999975e+02
8.924800075026493005e+02,6.689827999999999975e+02
8.925439470210136506e+02,6.689827999999999975e+02
8.928463585431401270e+02,6.689827999999999975e+02
8.927313308476072962e+02,6.689827999999999975e+02
8.928548413458141795e+02,6.689827999999999975e+02
8.929187146742010555e+02,6.689827999999999975e+02
8.931019932720848828e+02,6.689827999999999975e+02
8.931060985007947011e+02,6.689827999999999975e+02
8.932296751889791722e+02,6.689827999999999975e+02
8.932934823273883467e+02,6.689827999999999975e+02
8.938370546742210081e+02,6.689827999999999975e+02
8.934808661539821060e+02,6.689827999999999975e+02
8.936045090321441648e+02,6.689827999999999975e+02
8.936682499805757516e+02,6.689827999999999975e+02
8.938519258586572960e+02,6.689827999999999975e+02
8.938556338071693972e+02,6.689827999999999975e+02
8.939793428753090438e+02,6.689827999999999975e+02
8.940430176337630428e+02,6.689827999999999975e+02
8.943472844413013263e+02,6.689827999999999975e+02
8.942304014603568021e+02,6.689827999999999975e+02
8.943541767184740365e+02,6.689827999999999975e+02
8.944177852869504477e+02,6.689827999999999975e+02
8.946018584452297091e+02,6.689827999999999975e+02
8.946051691135440933e+02,6.689827999999999975e+02
8.947290105616390292e+02,6.689827999999999975e+02
8.947925529401378526e+02,6.689827999999999975e+02
8.429003999999999905e+02,6.179292000000000371e+02
8.949799367667314982e+02,5.596334000000000515e+02
8.951038444048040219e+02,5.596334000000000515e+02
8.951673205933251438e+02,5.596334000000000515e+02
8.953517910318022359e+02,5.596334000000000515e+02
8.953547044199187894e+02,5.596334000000000515e+02
8.954786782479689009e+02,5.596334000000000515e+02
8.955420882465125487e+02,5.596334000000000515e+02
8.958482103394625256e+02,5.596334000000000515e+02
8.957294720731061943e+02,5.596334000000000515e+02
8.958535120911338936e+02,5.596334000000000515e+02
8.959168558996998399e+02,5.596334000000000515e+02
8.961017236183746490e+02,5.596334000000000515e+02
8.961042397262935992e+02,5.596334000000000515e+02
8.962283459342988863e+02,5.596334000000000515e+02
8.962916235528872448e+02,5.596334000000000515e+02
8.968431583852692484e+02,5.596334000000000515e+02
8.964790073794808904e+02,5.596334000000000515e+02
8.966031797774637653e+02,5.596334000000000515e+02
8.966663912060745361e+02,5.596334000000000515e+02
8.968516562049470622e+02,5.596334000000000515e+02
8.968537750326682954e+02,5.596334000000000515e+02
8.969780136206287580e+02,5.596334000000000515e+02
8.970411588592619410e+02,5.596334000000000515e+02
8.973491362376238385e+02,5.596334000000000515e+02
8.972285426858555866e+02,5.596334000000000515e+02
8.973528474637937506e+02,5.596334000000000515e+02
8.974159265124493459e+02,5.596334000000000515e+02
8.976015887915194753e+02,5.596334000000000515e+02
8.976033103390429915e+02,5.596334000000000515e+02
8.977276813069587433e+02,5.596334000000000515e+02
8.977906941656366371e+02,5.596334000000000515e+02
8.988415341477273159e+02,5.596334000000000515e+02
8.979780779922302827e+02,5.596334000000000515e+02
8.981025151501236223e+02,5.596334000000000515e+02
8.981654618188240420e+02,5.596334000000000515e+02
8.983515213780918884e+02,5.596334000000000515e+02
8.983528456454176876e+02,5.596334000000000515e+02
8.984773489932886150e+02,5.596334000000000515e+02
8.985402294720113332e+02,5.596334000000000515e+02
8.988500621357850378e+02,5.596334000000000515e+02
8.987276132986050925e+02,5.596334000000000515e+02
8.988521828364536077e+02,5.596334000000000515e+02
8.989149971251987381e+02,5.596334000000000515e+02
8.991014539646644153e+02,5.596334000000000515e+02
8.991023809517923837e+02,5.596334000000000515e+02
8.992270166796184867e+02,5.596334000000000515e+02
8.992897647783860293e+02,5.596334000000000515e+02
8.998492620963173749e+02,5.596334000000000515e+02
8.994771486049797886e+02,5.596334000000000515e+02
8.996018505227834794e+02,5.596334000000000515e+02
8.996645324315734342e+02,5.596334000000000515e+02
8.998513865512368284e+02,5.596334000000000515e+02
8.998519162581670798e+02,5.596334000000000515e+02
8.999766843659484721e+02,5.596334000000000515e+02
9.000393000847608391e+02,5.596334000000000515e+02
9.003509880339463507e+02,5.596334000000000515e+02
9.002266839113544847e+02,5.596334000000000515e+02
9.003515182091133511e+02,5.596334000000000515e+02
9.004140677379481303e+02,5.596334000000000515e+02
9.006013191378092415e+02,5.596334000000000515e+02
9.006014515645417760e+02,5.596334000000000515e+02
9.007263520522783438e+02,5.596334000000000515e+02
9.007888353911355352e+02,5.596334000000000515e+02
8.468963999999999714e+02,6.007027600000000120e+02
9.009762192177291809e+02,5.596334000000000515e+02
9.011011858954433364e+02,5.596334000000000515e+02
9.011636030443228265e+02,5.596334000000000515e+02
9.013512517243816546e+02,5.596334000000000515e+02
9.013509868709165858e+02,5.596334000000000515e+02
9.014760197386083291e+02,5.596334000000000515e+02
9.015383706975102314e+02,5.596334000000000515e+02
9.018519139321075500e+02,5.596334000000000515e+02
9.017257545241038770e+02,5.596334000000000515e+02
9.018508535817732081e+02,5.596334000000000515e+02
9.019131383506975226e+02,5.596334000000000515e+02
9.021011843109541815e+02,5.596334000000000515e+02
9.021005221772912819e+02,5.596334000000000515e+02
9.022256874249382008e+02,5.596334000000000515e+02
9.022879060038849275e+02,5.596334000000000515e+02
9.028553658073655015e+02,5.596334000000000515e+02
9.024752898304785731e+02,5.596334000000000515e+02
9.026005212681031935e+02,5.596334000000000515e+02
9.026626736570723324e+02,5.596334000000000515e+02
9.028511168975265946e+02,5.596334000000000515e+02
9.028500574836659780e+02,5.596334000000000515e+02
9.029753551112680725e+02,5.596334000000000515e+02
9.030374413102596236e+02,5.596334000000000515e+02
9.033528398302687492e+02,5.596334000000000515e+02
9.032248251368532692e+02,5.596334000000000515e+02
9.033501889544330652e+02,5.596334000000000515e+02
9.034122089634470285e+02,5.596334000000000515e+02
9.036010494840990077e+02,5.596334000000000515e+02
9.035995927900406741e+02,5.596334000000000515e+02
9.037250227975980579e+02,5.596334000000000515e+02
9.037869766166343197e+02,5.596334000000000515e+02
9.048708217045455058e+02,6.542480500000000347e+02
9.039743604432280790e+02,6.542480500000000347e+02
9.040998566407630506e+02,6.542480500000000347e+02
9.041617442698217246e+02,6.542480500000000347e+02
9.043509820706714208e+02,6.542480500000000347e+02
9.043491280964153702e+02,6.542480500000000347e+02
9.044746904839279296e+02,6.542480500000000347e+02
9.045365119230091295e+02,6.542480500000000347e+02
9.048537657284300622e+02,6.542480500000000347e+02
9.047238957496027751e+02,6.542480500000000347e+02
9.048495243270929222e+02,6.542480500000000347e+02
9.049112795761964207e+02,6.542480500000000347e+02
9.051009146572438340e+02,6.542480500000000347e+02
9.050986634027900664e+02,6.542480500000000347e+02
9.052243581702579149e+02,6.542480500000000347e+02
9.052860472293838257e+02,6.542480500000000347e+02
9.058614695184137418e+02,6.542480500000000347e+02
9.054734310559774713e+02,6.542480500000000347e+02
9.055991920134227939e+02,6.542480500000000347e+02
9.056608148825711169e+02,6.542480500000000347e+02
9.058508472438163608e+02,6.542480500000000347e+02
9.058481987091648762e+02,6.542480500000000347e+02
9.059740258565877866e+02,6.542480500000000347e+02
9.060355825357585218e+02,6.542480500000000347e+02
9.063546916265912614e+02,6.661745600000000422e+02
9.062229663623521674e+02,6.661745600000000422e+02
9.063488596997527793e+02,6.661745600000000422e+02
9.064103501889458130e+02,6.661745600000000422e+02
9.066007798303887739e+02,6.661745600000000422e+02
9.065977340155395723e+02,6.661745600000000422e+02
9.067236935429176583e+02,6.661745600000000422e+02
9.067851178421332179e+02,6.661745600000000422e+02
8.526485599999999749e+02,5.841820999999999913e+02
9.069725016687268635e+02,6.661745600000000422e+02
9.070985273860826510e+02,6.661745600000000422e+02
9.071598854953206228e+02,6.661745600000000422e+02
9.073507124169611870e+02,6.661745600000000422e+02
9.073472693219142684e+02,6.661745600000000422e+02
9.074733612292476437e+02,6.661745600000000422e+02
9.075346531485079140e+02,6.661745600000000422e+02
9.078556175247525744e+02,6.661745600000000422e+02
9.077220369751015596e+02,6.661745600000000422e+02
9.078481950724126364e+02,6.661745600000000422e+02
9.079094208016953189e+02,6.661745600000000422e+02
9.081006450035336002e+02,6.661745600000000422e+02
9.080968046282889645e+02,6.661745600000000422e+02
9.082230289155775154e+02,6.661745600000000422e+02
9.082841884548826101e+02,6.661745600000000422e+02
9.088675732294618683e+02,6.661745600000000422e+02
9.084715722814763694e+02,6.661745600000000422e+02
9.085978627587425080e+02,6.661745600000000422e+02
9.086589561080700150e+02,6.661745600000000422e+02
9.088505775901061270e+02,6.661745600000000422e+02
9.088463399346636606e+02,6.661745600000000422e+02
9.089726966019075007e+02,6.661745600000000422e+02
9.090337237612573063e+02,6.661745600000000422e+02
9.093565434229137736e+02,6.661745600000000422e+02
9.092211075878510655e+02,6.661745600000000422e+02
9.093475304450723797e+02,6.661745600000000422e+02
9.094084914144447112e+02,6.661745600000000422e+02
9.096005101766785401e+02,6.661745600000000422e+02
9.095958752410383568e+02,6.661745600000000422e+02
9.097223642882373724e+02,6.661745600000000422e+02
9.097832590676321161e+02,6.661745600000000422e+02
9.109001092613636956e+02,6.661745600000000422e+02
9.099706428942257617e+02,6.661745600000000422e+02
9.100971981314023651e+02,6.661745600000000422e+02
9.101580267208194073e+02,6.661745600000000422e+02
9.103504427632509532e+02,6.661745600000000422e+02
9.103454105474130529e+02,6.661745600000000422e+02
9.104720319745673578e+02,6.661745600000000422e+02
9.105327943740068122e+02,6.661745600000000422e+02
9.108574693210749729e+02,6.661745600000000422e+02
9.107201782006004578e+02,6.661745600000000422e+02
9.108468658177322368e+02,6.661745600000000422e+02
9.109075620271941034e+02,6.661745600000000422e+02
9.111003753498233664e+02,6.661745600000000422e+02
9.110949458537878627e+02,6.661745600000000422e+02
9.112216996608972295e+02,6.661745600000000422e+02
9.112823296803815083e+02,6.661745600000000422e+02
9.118736769405099949e+02,6.661745600000000422e+02
9.114697135069751539e+02,6.661745600000000422e+02
9.115965335040622222e+02,6.661745600000000422e+02
9.116570973335687995e+02,6.661745600000000422e+02
9.118503079363957795e+02,6.661745600000000422e+02
9.118444811601625588e+02,6.661745600000000422e+02
9.119713673472271012e+02,6.661745600000000422e+02
9.120318649867562044e+02,6.661745600000000422e+02
9.123583952192362858e+02,6.661745600000000422e+02
9.122192488133498500e+02,6.661745600000000422e+02
9.123462011903920938e+02,6.661745600000000422e+02
9.124066326399436093e+02,6.661745600000000422e+02
9.126002405229683063e+02,6.661745600000000422e+02
9.125940164665372549e+02,6.661745600000000422e+02
9.127210350335570865e+02,6.661745600000000422e+02
9.127814002931309005e+02,6.661745600000000422e+02
8.610447400000000471e+02,5.726524699999999939e+02
9.129687841197245461e+02,6.416909000000000560e+02
9.130958688767220792e+02,6.416909000000000560e+02
9.131561679463183054e+02,6.416909000000000560e+02
9.133501731095407195e+02,6.416909000000000560e+02
9.133435517729119510e+02,6.416909000000000560e+02
9.134707027198869582e+02,6.416909000000000560e+02
9.135309355995055967e+02,6.416909000000000560e+02
9.138593211173974851e+02,6.416909000000000560e+02
9.137183194260993560e+02,6.416909000000000560e+02
9.138455365630519509e+02,6.416909000000000560e+02
9.139057032526930016e+02,6.416909000000000560e+02
9.141001056961131326e+02,6.416909000000000560e+02
9.140930870792866472e+02,6.416909000000000560e+02
9.142203704062169436e+02,6.416909000000000560e+02
9.142804709058802928e+02,6.416909000000000560e+02
9.148797806515581215e+02,6.416909000000000560e+02
9.144678547324740521e+02,6.416909000000000560e+02
9.145952042493818226e+02,6.416909000000000560e+02
9.146552385590676977e+02,6.416909000000000560e+02
9.148500382826855457e+02,6.416909000000000560e+02
9.148426223856613433e+02,6.416909000000000560e+02
9.149700380925468153e+02,6.416909000000000560e+02
9.150300062122551026e+02,6.416909000000000560e+02
9.153602470155587980e+02,6.416909000000000560e+02
9.152173900388487482e+02,6.416909000000000560e+02
9.153448719357118080e+02,6.416909000000000560e+02
9.154047738654423938e+02,6.416909000000000560e+02
9.155999708692580725e+02,6.416909000000000560e+02
9.155921576920360394e+02,6.416909000000000560e+02
9.157197057788766870e+02,6.416909000000000560e+02
9.157795415186297987e+02,6.416909000000000560e+02
9.169293968181818855e+02,6.416909000000000560e+02
9.159669253452234443e+02,6.416909000000000560e+02
9.160945396220416796e+02,6.416909000000000560e+02
9.161543091718170899e+02,6.416909000000000560e+02
9.163499034558304857e+02,6.416909000000000560e+02
9.163416929984108492e+02,6.416909000000000560e+02
9.164693734652066723e+02,6.416909000000000560e+02
9.165290768250044948e+02,6.416909000000000560e+02
9.168611729137199973e+02,6.416909000000000560e+02
9.167164606515981404e+02,6.416909000000000560e+02
9.168442073083716650e+02,6.416909000000000560e+02
9.169038444781917860e+02,6.416909000000000560e+02
9.170998360424028988e+02,6.416909000000000560e+02
9.170912283047855453e+02,6.416909000000000560e+02
9.172190411515365440e+02,6.416909000000000560e+02
9.172786121313791909e+02,6.416909000000000560e+02
9.178858843626063617e+02,6.416909000000000560e+02
9.174659959579728365e+02,6.416909000000000560e+02
9.175938749947015367e+02,6.416909000000000560e+02
9.176533797845665958e+02,6.416909000000000560e+02
9.178497686289753119e+02,6.416909000000000560e+02
9.178407636111602415e+02,6.416909000000000560e+02
9.179687088378665294e+02,6.416909000000000560e+02
9.180281474377538871e+02,6.416909000000000560e+02
9.183620988118811965e+02,6.416909000000000560e+02
9.182155312643475327e+02,6.416909000000000560e+02
9.183435426810314084e+02,6.416909000000000560e+02
9.184029150909412920e+02,6.416909000000000560e+02
9.185997012155477250e+02,6.416909000000000560e+02
9.185902989175349376e+02,6.416909000000000560e+02
9.187183765241964011e+02,6.416909000000000560e+02
9.187776827441285832e+02,6.416909000000000560e+02
8.790572499999999536e+02,5.627021499999999605e+02
9.189650665707223425e+02,6.416909000000000560e+02
9.190932103673613938e+02,6.416909000000000560e+02
9.191524503973159881e+02,6.416909000000000560e+02
9.193496338021202519e+02,6.416909000000000560e+02
9.193398342239096337e+02,6.416909000000000560e+02
9.194680442105263865e+02,6.416909000000000560e+02
9.195272180505032793e+02,6.416909000000000560e+02
9.198630247100425095e+02,6.416909000000000560e+02
9.197146018770970386e+02,6.416909000000000560e+02
9.198428780536912654e+02,6.416909000000000560e+02
9.199019857036906842e+02,6.416909000000000560e+02
9.200995663886926650e+02,6.416909000000000560e+02
9.200893695302843298e+02,6.416909000000000560e+02
9.202177118968562581e+02,6.416909000000000560e+02
9.202767533568780891e+02,6.416909000000000560e+02
9.208919880736544883e+02,6.416909000000000560e+02
9.204641371834717347e+02,6.416909000000000560e+02
9.205925457400212508e+02,6.416909000000000560e+02
9.206515210100653803e+02,6.416909000000000560e+02
9.208494989752650781e+02,6.416909000000000560e+02
9.208389048366591396e+02,6.416909000000000560e+02
9.209673795831861298e+02,6.416909000000000560e+02
9.210262886632527852e+02,6.416909000000000560e+02
9.213639506082037087e+02,6.416909000000000560e+02
9.212136724898464308e+02,6.416909000000000560e+02
9.213422134263511225e+02,6.416909000000000560e+02
9.214010563164400764e+02,6.416909000000000560e+02
9.215994315618374912e+02,6.416909000000000560e+02
9.215884401430338357e+02,6.416909000000000560e+02
9.217170472695161152e+02,6.416909000000000560e+02
9.217758239696274813e+02,6.416909000000000560e+02
9.229586843749999616e+02,6.416909000000000560e+02
9.219632077962211270e+02,6.416909000000000560e+02
9.220918811126809942e+02,6.416909000000000560e+02
9.221505916228148863e+02,6.416909000000000560e+02
9.223493641484100181e+02,6.416909000000000560e+02
9.223379754494085319e+02,6.416909000000000560e+02
9.224667149558459869e+02,6.416909000000000560e+02
9.225253592760021775e+02,6.416909000000000560e+02
9.228648765063650217e+02,6.416909000000000560e+02
9.227127431025958231e+02,6.416909000000000560e+02
9.228415487990109796e+02,6.416909000000000560e+02
9.229001269291895824e+02,6.416909000000000560e+02
9.230992967349824312e+02,6.416909000000000560e+02
9.230875107557832280e+02,6.416909000000000560e+02
9.232163826421759723e+02,6.416909000000000560e+02
9.232748945823768736e+02,6.416909000000000560e+02
9.238980917847026149e+02,6.416909000000000560e+02
9.234622784089706329e+02,6.416909000000000560e+02
9.235912164853408512e+02,6.416909000000000560e+02
9.236496622355642785e+02,6.416909000000000560e+02
9.238492293215548443e+02,6.416909000000000560e+02
9.238370460621579241e+02,6.416909000000000560e+02
9.239660503285058439e+02,6.416909000000000560e+02
9.240244298887515697e+02,6.416909000000000560e+02
9.243658024045262209e+02,6.416909000000000560e+02
9.242118137153453290e+02,6.416909000000000560e+02
9.243408841716708366e+02,6.416909000000000560e+02
9.243991975419389746e+02,6.416909000000000560e+02
9.245991619081272574e+02,6.416909000000000560e+02
9.245865813685326202e+02,6.416909000000000560e+02
9.247157180148357156e+02,6.416909000000000560e+02
9.247739651951263795e+02,6.416909000000000560e+02
9.034457999999999629e+02,5.596334000000000515e+02
9.249613490217200251e+02,6.416909000000000560e+02
9.250905518580007083e+02,6.416909000000000560e+02
9.251487328483136707e+02,6.416909000000000560e+02
9.253490944946996706e+02,6.416909000000000560e+02
9.253361166749073163e+02,6.416909000000000560e+02
9.254653857011657010e+02,6.416909000000000560e+02
9.255235005015010756e+02,6.416909000000000560e+02
9.258667283026874202e+02,6.416909000000000560e+02
9.257108843280947212e+02,6.416909000000000560e+02
9.258402195443306937e+02,6.416909000000000560e+02
9.258982681546883668e+02,6.416909000000000560e+02
9.260990270812721974e+02,6.416909000000000560e+02
9.260856519812821261e+02,6.416909000000000560e+02
9.262150533874955727e+02,6.416909000000000560e+02
9.262730358078757718e+02,6.416909000000000560e+02
9.269041954957508551e+02,6.416909000000000560e+02
9.264604196344694174e+02,6.416909000000000560e+02
9.265898872306605654e+02,6.416909000000000560e+02
9.266478034610630630e+02,6.416909000000000560e+02
9.268489596678446105e+02,6.416909000000000560e+02
9.268351872876568223e+02,6.416909000000000560e+02
9.269647210738255581e+02,6.416909000000000560e+02
9.270225711142504679e+02,6.416909000000000560e+02
9.273676542008487331e+02,6.416909000000000560e+02
9.272099549408441135e+02,6.416909000000000560e+02
9.273395549169904371e+02,6.416909000000000560e+02
9.273973387674378728e+02,6.416909000000000560e+02
9.275988922544170237e+02,6.416909000000000560e+02
9.275847225940315184e+02,6.416909000000000560e+02
9.277143887601554297e+02,6.416909000000000560e+02
9.277721064206251640e+02,6.416909000000000560e+02
9.289879719318181515e+02,5.619016000000000304e+02
9.279594902472188096e+02,5.619016000000000304e+02
9.280892226033204224e+02,5.619016000000000304e+02
9.281468740738125689e+02,5.619016000000000304e+02
9.283488248409894368e+02,5.619016000000000304e+02
9.283342579004062145e+02,5.619016000000000304e+02
9.284640564464853014e+02,5.619016000000000304e+02
9.285216417269998601e+02,5.619016000000000304e+02
9.288685800990099324e+02,5.619016000000000304e+02
9.287090255535936194e+02,5.619016000000000304e+02
9.288388902896502941e+02,5.619016000000000304e+02
9.288964093801872650e+02,5.619016000000000304e+02
9.290987574275619636e+02,5.619016000000000304e+02
9.290837932067809106e+02,5.619016000000000304e+02
9.292137241328152868e+02,5.619016000000000304e+02
9.292711770333745562e+02,5.619016000000000304e+02
9.299102992067989817e+02,5.619016000000000304e+02
9.294585608599683155e+02,5.619016000000000304e+02
9.295885579759802795e+02,5.619016000000000304e+02
9.296459446865619611e+02,5.619016000000000304e+02
9.298486900141343767e+02,5.619016000000000304e+02
9.298333285131556067e+02,5.619016000000000304e+02
9.299633918191451585e+02,5.619016000000000304e+02
9.300207123397493660e+02,5.619016000000000304e+02
9.303695059971712453e+02,5.619016000000000304e+02
9.302080961663430116e+02,5.619016000000000304e+02
9.303382256623101512e+02,5.619016000000000304e+02
9.303954799929366573e+02,5.619016000000000304e+02
9.305986226007067899e+02,5.619016000000000304e+02
9.305828638195303029e+02,5.619016000000000304e+02
9.307130595054751439e+02,5.619016000000000304e+02
9.307702476461240622e+02,5.619016000000000304e+02
9.302684299999999666e+02,5.619016000000000304e+02
9.309576314727177078e+02,5.619016000000000304e+02
9.310878933486400229e+02,5.619016000000000304e+02
9.311450152993113534e+02,5.619016000000000304e+02
9.313485551872792030e+02,5.619016000000000304e+02
9.313323991259051127e+02,5.619016000000000304e+02
9.314627271918050155e+02,5.619016000000000304e+02
9.315197829524987583e+02,5.619016000000000304e+02
9.318704318953324446e+02,5.619016000000000304e+02
9.317071667790924039e+02,5.619016000000000304e+02
9.318375610349700082e+02,5.619016000000000304e+02
9.318945506056860495e+02,5.619016000000000304e+02
9.320984877738516161e+02,5.619016000000000304e+02
9.320819344322798088e+02,5.619016000000000304e+02
9.322123948781350009e+02,5.619016000000000304e+02
9.322693182588734544e+02,5.619016000000000304e+02
9.329164029178471083e+02,5.619016000000000304e+02
9.324567020854671000e+02,5.619016000000000304e+02
9.325872287212998799e+02,5.619016000000000304e+02
9.326440859120608593e+02,5.619016000000000304e+02
9.328484203604241429e+02,5.619016000000000304e+02
9.328314697386545049e+02,5.619016000000000304e+02
9.329620625644648726e+02,5.619016000000000304e+02
9.330188535652481505e+02,5.619016000000000304e+02
9.333713577934936438e+02,5.619016000000000304e+02
9.332062373918417961e+02,5.619016000000000304e+02
9.333368964076298653e+02,5.619016000000000304e+02
9.333936212184355554e+02,5.619016000000000304e+02
9.335983529469965561e+02,5.619016000000000304e+02
9.335810050450292010e+02,5.619016000000000304e+02
9.337117302507947443e+02,5.619016000000000304e+02
9.337683888716228466e+02,5.619016000000000304e+02
9.350172594886363413e+02,5.619016000000000304e+02
9.339557726982166059e+02,5.619016000000000304e+02
9.340865640939597370e+02,5.619016000000000304e+02
9.341431565248102515e+02,5.619016000000000304e+02
9.343482855335689692e+02,5.619016000000000304e+02
9.343305403514038971e+02,5.619016000000000304e+02
9.344613979371247297e+02,5.619016000000000304e+02
9.345179241779975428e+02,5.619016000000000304e+02
9.348722836916549568e+02,5.619016000000000304e+02
9.347053080045913021e+02,5.619016000000000304e+02
9.348362317802897223e+02,5.619016000000000304e+02
9.348926918311849477e+02,5.619016000000000304e+02
9.350982181201413823e+02,5.619016000000000304e+02
9.350800756577785933e+02,5.619016000000000304e+02
9.352110656234546013e+02,5.619016000000000304e+02
9.352674594843723526e+02,5.619016000000000304e+02
9.359225066288952348e+02,5.619016000000000304e+02
9.354548433109659982e+02,5.619016000000000304e+02
9.355858994666195940e+02,5.619016000000000304e+02
9.356422271375596438e+02,5.619016000000000304e+02
9.358481507067137954e+02,5.619016000000000304e+02
9.358296109641532894e+02,5.619016000000000304e+02
9.359607333097845867e+02,5.619016000000000304e+02
9.360169947907470487e+02,5.619016000000000304e+02
9.363732095898161560e+02,5.619016000000000304e+02
9.362043786173406943e+02,5.619016000000000304e+02
9.363355671529494657e+02,5.619016000000000304e+02
9.363917624439343399e+02,5.619016000000000304e+02
9.365980832932863223e+02,5.619016000000000304e+02
9.365791462705280992e+02,5.619016000000000304e+02
9.367104009961144584e+02,5.619016000000000304e+02
9.367665300971217448e+02,5.619016000000000304e+02
9.533372000000000526e+02,5.672752699999999777e+02
9.369539139237153904e+02,6.609226999999999634e+02
9.370852348392794511e+02,6.609226999999999634e+02
9.371412977503091497e+02,6.609226999999999634e+02
9.373480158798587354e+02,6.609226999999999634e+02
9.373286815769027953e+02,6.609226999999999634e+02
9.374600686824443301e+02,6.609226999999999634e+02
9.375160654034964409e+02,6.609226999999999634e+02
9.378741354879774690e+02,6.609226999999999634e+02
9.377034492300900865e+02,6.609226999999999634e+02
9.378349025256093228e+02,6.609226999999999634e+02
9.378908330566838458e+02,6.609226999999999634e+02
9.380979484664311485e+02,6.609226999999999634e+02
9.380782168832774914e+02,6.609226999999999634e+02
9.382097363687743155e+02,6.609226999999999634e+02
9.382656007098711370e+02,6.609226999999999634e+02
9.389286103399434751e+02,6.609226999999999634e+02
9.384529845364648963e+02,6.609226999999999634e+02
9.385845702119393081e+02,6.609226999999999634e+02
9.386403683630585419e+02,6.609226999999999634e+02
9.388478810530035616e+02,6.609226999999999634e+02
9.388277521896521876e+02,6.609226999999999634e+02
9.389594040551041871e+02,6.609226999999999634e+02
9.390151360162458332e+02,6.609226999999999634e+02
9.393750613861386682e+02,6.609226999999999634e+02
9.392025198428395925e+02,6.609226999999999634e+02
9.393342378982691798e+02,6.609226999999999634e+02
9.393899036694332381e+02,6.609226999999999634e+02
9.395978136395760885e+02,6.609226999999999634e+02
9.395772874960268837e+02,6.609226999999999634e+02
9.397090717414341725e+02,6.609226999999999634e+02
9.397646713226206430e+02,6.609226999999999634e+02
9.410465470454545311e+02,6.609226999999999634e+02
9.399520551492142886e+02,6.609226999999999634e+02
9.400839055845990515e+02,6.609226999999999634e+02
9.401394389758079342e+02,6.609226999999999634e+02
9.403477462261485016e+02,6.609226999999999634e+02
9.403268228024015798e+02,6.609226999999999634e+02
9.404587394277640442e+02,6.609226999999999634e+02
9.405142066289953391e+02,6.609226999999999634e+02
9.408759872842998675e+02,6.609226999999999634e+02
9.407015904555889847e+02,6.609226999999999634e+02
9.408335732709290369e+02,6.609226999999999634e+02
9.408889742821826303e+02,6.609226999999999634e+02
9.410976788127209147e+02,6.609226999999999634e+02
9.410763581087763896e+02,6.609226999999999634e+02
9.412084071140940296e+02,6.609226999999999634e+02
9.412637419353700352e+02,6.609226999999999634e+02
9.419347140509916017e+02,6.609226999999999634e+02
9.414511257619636808e+02,6.609226999999999634e+02
9.415832409572589086e+02,6.609226999999999634e+02
9.416385095885573264e+02,6.609226999999999634e+02
9.418476113992933278e+02,6.609226999999999634e+02
9.418258934151510857e+02,6.609226999999999634e+02
9.419580748004239013e+02,6.609226999999999634e+02
9.420132772417447313e+02,6.609226999999999634e+02
9.423769131824611804e+02,6.609226999999999634e+02
9.422006610683383769e+02,6.609226999999999634e+02
9.423329086435888939e+02,6.609226999999999634e+02
9.423880448949321362e+02,6.609226999999999634e+02
9.425975439858657410e+02,6.609226999999999634e+02
9.425754287215257818e+02,6.609226999999999634e+02
9.427077424867537729e+02,6.609226999999999634e+02
9.427628125481194274e+02,6.609226999999999634e+02
9.693951399999999694e+02,5.728513000000000375e+02
9.429501963747130731e+02,6.609226999999999634e+02
9.430825763299187656e+02,6.609226999999999634e+02
9.431375802013068324e+02,6.609226999999999634e+02
9.433474765724382678e+02,6.609226999999999634e+02
9.433249640279004780e+02,6.609226999999999634e+02
9.434574101730837583e+02,6.609226999999999634e+02
9.435123478544941236e+02,6.609226999999999634e+02
9.438778390806223797e+02,6.609226999999999634e+02
9.436997316810878829e+02,6.609226999999999634e+02
9.438322440162486373e+02,6.609226999999999634e+02
9.438871155076815285e+02,6.609226999999999634e+02
9.440974091590106809e+02,6.609226999999999634e+02
9.440744993342751741e+02,6.609226999999999634e+02
9.442070778594136300e+02,6.609226999999999634e+02
9.442618831608688197e+02,6.609226999999999634e+02
9.449408177620397282e+02,6.609226999999999634e+02
9.444492669874625790e+02,6.609226999999999634e+02
9.445819117025786227e+02,6.609226999999999634e+02
9.446366508140562246e+02,6.609226999999999634e+02
9.448473417455830941e+02,6.609226999999999634e+02
9.448240346406498702e+02,6.609226999999999634e+02
9.449567455457436154e+02,6.609226999999999634e+02
9.450114184672436295e+02,6.609226999999999634e+02
9.453787649787836926e+02,6.609226999999999634e+02
9.451988022938372751e+02,6.609226999999999634e+02
9.453315793889084944e+02,6.609226999999999634e+02
9.453861861204309207e+02,6.609226999999999634e+02
9.455972743321555072e+02,6.609226999999999634e+02
9.455735699470245663e+02,6.609226999999999634e+02
9.457064132320734871e+02,6.609226999999999634e+02
9.457609537736183256e+02,6.609226999999999634e+02
9.470758346022727210e+02,6.609226999999999634e+02
9.459483376002119712e+02,6.609226999999999634e+02
9.460812470752384797e+02,6.609226999999999634e+02
9.461357214268056168e+02,6.609226999999999634e+02
9.463472069187280340e+02,6.609226999999999634e+02
9.463231052533993761e+02,6.609226999999999634e+02
9.464560809184033587e+02,6.609226999999999634e+02
9.465104890799930217e+02,6.609226999999999634e+02
9.468796908769448919e+02,6.609226999999999634e+02
9.466978729065866673e+02,6.609226999999999634e+02
9.468309147615683514e+02,6.609226999999999634e+02
9.468852567331803129e+02,6.609226999999999634e+02
9.470971395053004471e+02,6.609226999999999634e+02
9.470726405597740722e+02,6.609226999999999634e+02
9.472057486047333441e+02,6.609226999999999634e+02
9.472600243863677179e+02,6.609226999999999634e+02
9.479469214730879685e+02,6.609226999999999634e+02
9.474474082129613635e+02,6.609226999999999634e+02
9.475805824478983368e+02,6.609226999999999634e+02
9.476347920395551228e+02,6.609226999999999634e+02
9.478470720918728603e+02,6.609226999999999634e+02
9.478221758661487684e+02,6.609226999999999634e+02
9.479554162910632158e+02,6.609226999999999634e+02
9.480095596927424140e+02,6.609226999999999634e+02
9.483806167751060912e+02,6.609226999999999634e+02
9.481969435193360596e+02,6.609226999999999634e+02
9.483302501342282085e+02,6.609226999999999634e+02
9.483843273459298189e+02,6.609226999999999634e+02
9.485970046784452734e+02,6.609226999999999634e+02
9.485717111725234645e+02,6.609226999999999634e+02
9.487050839773932012e+02,6.609226999999999634e+02
9.487590949991171101e+02,6.609226999999999634e+02
9.777948000000000093e+02,5.784122300000000223e+02
9.489464788257108694e+02,5.672752699999999777e+02
9.490799178205580802e+02,5.672752699999999777e+02
9.491338626523045150e+02,5.672752699999999777e+02
9.493469372650176865e+02,5.672752699999999777e+02
9.493212464788981606e+02,5.672752699999999777e+02
9.494547516637230729e+02,5.672752699999999777e+02
9.495086303054918062e+02,5.672752699999999777e+02
9.498815426732674041e+02,5.672752699999999777e+02
9.496960141320855655e+02,5.672752699999999777e+02
9.498295855068880655e+02,5.672752699999999777e+02
9.498833979586792111e+02,5.672752699999999777e+02
9.500968698515902133e+02,5.672752699999999777e+02
9.500707817852728567e+02,5.672752699999999777e+02
9.502044193500529445e+02,5.672752699999999777e+02
9.502581656118666160e+02,5.672752699999999777e+02
9.509530251841360950e+02,5.672752699999999777e+02
9.504455494384602616e+02,5.672752699999999777e+02
9.505792531932179372e+02,5.672752699999999777e+02
9.506329332650539072e+02,5.672752699999999777e+02
9.508468024381626265e+02,5.672752699999999777e+02
9.508203170916475528e+02,5.672752699999999777e+02
9.509540870363829299e+02,5.672752699999999777e+02
9.510077009182413121e+02,5.672752699999999777e+02
9.513824685714286034e+02,5.672752699999999777e+02
9.511950847448349577e+02,5.672752699999999777e+02
9.513289208795479226e+02,5.672752699999999777e+02
9.513824685714286034e+02,5.672752699999999777e+02
9.515967350247350396e+02,5.672752699999999777e+02
9.515698523980223626e+02,5.672752699999999777e+02
9.517037547227128016e+02,5.672752699999999777e+02
9.517572362246160083e+02,5.672752699999999777e+02
9.531051221590909108e+02,5.672752699999999777e+02
9.519446200512096539e+02,5.672752699999999777e+02
9.520785885658777943e+02,5.672752699999999777e+02
9.521320038778032995e+02,5.672752699999999777e+02
9.523466676113074527e+02,5.672752699999999777e+02
9.523193877043970588e+02,5.672752699999999777e+02
9.524534224090427870e+02,5.672752699999999777e+02
9.525067715309907044e+02,5.672752699999999777e+02
9.528833944695899163e+02,5.672752699999999777e+02
9.526941553575843500e+02,5.672752699999999777e+02
9.528282562522076660e+02,5.672752699999999777e+02
9.528815391841781093e+02,5.672752699999999777e+02
9.530966001978799795e+02,5.672752699999999777e+02
9.530689230107717549e+02,5.672752699999999777e+02
9.532030900953726587e+02,5.672752699999999777e+02
9.532563068373654005e+02,5.672752699999999777e+02
9.539591288951842216e+02,5.672752699999999777e+02
9.534436906639591598e+02,5.672752699999999777e+02
9.535779239385376513e+02,5.672752699999999777e+02
9.536310744905528054e+02,5.672752699999999777e+02
9.538465327844523927e+02,5.672752699999999777e+02
9.538184583171464510e+02,5.672752699999999777e+02
9.539527577817026440e+02,5.672752699999999777e+02
9.540058421437400966e+02,5.672752699999999777e+02
9.543843203677511156e+02,5.672752699999999777e+02
9.541932259703338559e+02,5.672752699999999777e+02
9.543275916248675230e+02,5.672752699999999777e+02
9.543806097969275015e+02,5.672752699999999777e+02
9.545964653710248058e+02,5.672752699999999777e+02
9.545679936235211471e+02,5.672752699999999777e+02
9.547024254680325157e+02,5.672752699999999777e+02
9.547553774501149064e+02,5.672752699999999777e+02
9.802826999999999771e+02,5.830649399999999787e+02
9.549427612767085520e+02,6.143298300000000154e+02
9.550772593111975084e+02,6.143298300000000154e+02
9.551301451033021976e+02,6.143298300000000154e+02
9.553463979575972189e+02,6.143298300000000154e+02
9.553175289298958432e+02,6.143298300000000154e+02
9.554520931543623874e+02,6.143298300000000154e+02
9.555049127564896025e+02,6.143298300000000154e+02
9.558852462659123148e+02,6.143298300000000154e+02
9.556922965830832482e+02,6.143298300000000154e+02
9.558269269975273801e+02,6.143298300000000154e+02
9.558796804096768938e+02,6.143298300000000154e+02
9.560963305441696320e+02,6.143298300000000154e+02
9.560670642362706531e+02,6.143298300000000154e+02
9.562017608406923728e+02,6.143298300000000154e+02
9.562544480628642987e+02,6.143298300000000154e+02
9.569652326062323482e+02,6.143298300000000154e+02
9.564418318894579443e+02,6.143298300000000154e+02
9.565765946838573655e+02,6.143298300000000154e+02
9.566292157160515899e+02,6.143298300000000154e+02
9.568462631307421589e+02,6.143298300000000154e+02
9.568165995426453492e+02,6.143298300000000154e+02
9.569514285270222445e+02,6.143298300000000154e+02
9.570039833692389948e+02,6.143298300000000154e+02
9.573861721640736278e+02,6.143298300000000154e+02
9.571913671958326404e+02,6.143298300000000154e+02
9.573262623701872371e+02,6.143298300000000154e+02
9.573787510224263997e+02,6.143298300000000154e+02
9.575961957173145720e+02,6.143298300000000154e+02
9.575661348490200453e+02,6.143298300000000154e+02
9.577010962133522298e+02,6.143298300000000154e+02
9.577535186756136909e+02,6.143298300000000154e+02
9.591344097159091007e+02,6.143298300000000154e+02
9.579409025022073365e+02,6.143298300000000154e+02
9.580759300565171088e+02,6.143298300000000154e+02
9.581282863288010958e+02,6.143298300000000154e+02
9.583461283038869851e+02,6.143298300000000154e+02
9.583156701553947414e+02,6.143298300000000154e+02
9.584507638996821015e+02,6.143298300000000154e+02
9.585030539819883870e+02,6.143298300000000154e+02
9.588870980622348270e+02,6.143298300000000154e+02
9.586904378085821463e+02,6.143298300000000154e+02
9.588255977428470942e+02,6.143298300000000154e+02
9.588778216351757919e+02,6.143298300000000154e+02
9.590960608904593983e+02,6.143298300000000154e+02
9.590652054617694375e+02,6.143298300000000154e+02
9.592004315860119732e+02,6.143298300000000154e+02
9.592525892883630831e+02,6.143298300000000154e+02
9.599713363172805884e+02,6.143298300000000154e+02
9.594399731149568424e+02,6.143298300000000154e+02
9.595752654291769659e+02,6.143298300000000154e+02
9.596273569415504880e+02,6.143298300000000154e+02
9.598459934770319251e+02,6.143298300000000154e+02
9.598147407681441337e+02,6.143298300000000154e+02
9.599500992723419586e+02,6.143298300000000154e+02
9.600021245947378929e+02,6.143298300000000154e+02
9.603880239603961400e+02,6.143298300000000154e+02
9.601895084213315386e+02,6.143298300000000154e+02
9.603249331155069513e+02,6.143298300000000154e+02
9.603768922479251842e+02,6.143298300000000154e+02
9.605959260636043382e+02,6.143298300000000154e+02
9.605642760745188298e+02,6.143298300000000154e+02
9.606997669586718303e+02,6.143298300000000154e+02
9.607516599011125891e+02,6.143298300000000154e+02
9.755937500000000000e+02,5.922904999999999518e+02
9.609390437277062347e+02,5.728513000000000375e+02
9.610746008018368229e+02,5.728513000000000375e+02
9.611264275542998803e+02,5.728513000000000375e+02
9.613458586501767513e+02,5.728513000000000375e+02
9.613138113808936396e+02,5.728513000000000375e+02
9.614494346450018156e+02,5.728513000000000375e+02
9.615011952074872852e+02,5.728513000000000375e+02
9.618889498585573392e+02,5.728513000000000375e+02
9.616885790340809308e+02,5.728513000000000375e+02
9.618242684881666946e+02,5.728513000000000375e+02
9.618759628606745764e+02,5.728513000000000375e+02
9.620957912367491645e+02,5.728513000000000375e+02
9.620633466872683357e+02,5.728513000000000375e+02
9.621991023313316873e+02,5.728513000000000375e+02
9.622507305138619813e+02,5.728513000000000375e+02
9.629774400283287150e+02,5.728513000000000375e+02
9.624381143404556269e+02,5.728513000000000375e+02
9.625739361744966800e+02,5.728513000000000375e+02
9.626254981670493862e+02,5.728513000000000375e+02
9.628457238233215776e+02,5.728513000000000375e+02
9.628128819936430318e+02,5.728513000000000375e+02
9.629487700176616727e+02,5.728513000000000375e+02
9.630002658202366774e+02,5.728513000000000375e+02
9.633898757567185385e+02,5.728513000000000375e+02
9.631876496468303230e+02,5.728513000000000375e+02
9.633236038608265517e+02,5.728513000000000375e+02
9.633750334734240823e+02,5.728513000000000375e+02
9.635956564098941044e+02,5.728513000000000375e+02
9.635624173000177279e+02,5.728513000000000375e+02
9.636984377039915444e+02,5.728513000000000375e+02
9.637498011266113735e+02,5.728513000000000375e+02
9.651636972727272905e+02,5.728513000000000375e+02
9.639371849532051328e+02,5.728513000000000375e+02
9.640732715471565371e+02,5.728513000000000375e+02
9.641245687797987785e+02,5.728513000000000375e+02
9.643455889964665175e+02,5.728513000000000375e+02
9.643119526063924241e+02,5.728513000000000375e+02
9.644481053903214161e+02,5.728513000000000375e+02
9.644993364329860697e+02,5.728513000000000375e+02
9.648908016548798514e+02,5.728513000000000375e+02
9.646867202595798290e+02,5.728513000000000375e+02
9.648229392334864087e+02,5.728513000000000375e+02
9.648741040861734746e+02,5.728513000000000375e+02
9.650955215830389307e+02,5.728513000000000375e+02
9.650614879127671202e+02,5.728513000000000375e+02
9.651977730766514014e+02,5.728513000000000375e+02
9.652488717393608795e+02,5.728513000000000375e+02
9.659835437393768416e+02,5.728513000000000375e+02
9.654362555659545251e+02,5.728513000000000375e+02
9.655726069198162804e+02,5.728513000000000375e+02
9.656236393925481707e+02,5.728513000000000375e+02
9.658454541696113438e+02,5.728513000000000375e+02
9.658110232191418163e+02,5.728513000000000375e+02
9.659474407629812731e+02,5.728513000000000375e+02
9.659984070457355756e+02,5.728513000000000375e+02
9.663917275530410507e+02,5.728513000000000375e+02
9.661857908723292212e+02,5.728513000000000375e+02
9.663222746061462658e+02,5.728513000000000375e+02
9.663731746989228668e+02,5.728513000000000375e+02
9.665953867561838706e+02,5.728513000000000375e+02
9.665605585255166261e+02,5.728513000000000375e+02
9.666971084493112585e+02,5.728513000000000375e+02
9.667479423521102717e+02,5.728513000000000375e+02
9.557912599999999657e+02,6.143298300000000154e+02
9.669353261787039173e+02,5.728513000000000375e+02
9.670719422924761375e+02,5.728513000000000375e+02
9.671227100052975629e+02,5.728513000000000375e+02
9.673453193427562837e+02,5.728513000000000375e+02
9.673100938318913222e+02,5.728513000000000375e+02
9.674467761356411302e+02,5.728513000000000375e+02
9.674974776584849678e+02,5.728513000000000375e+02
9.678926534512023636e+02,5.728513000000000375e+02
9.676848614850786134e+02,5.728513000000000375e+02
9.678216099788061229e+02,5.728513000000000375e+02
9.678722453116723727e+02,5.728513000000000375e+02
9.680952519293286969e+02,5.728513000000000375e+02
9.680596291382660183e+02,5.728513000000000375e+02
9.681964438219710019e+02,5.728513000000000375e+02
9.682470129648596640e+02,5.728513000000000375e+02
9.689896474504250818e+02,5.728513000000000375e+02
9.684343967914533096e+02,5.728513000000000375e+02
9.685712776651359945e+02,5.728513000000000375e+02
9.686217806180470689e+02,5.728513000000000375e+02
9.688451845159011100e+02,5.728513000000000375e+02
9.688091644446407145e+02,5.728513000000000375e+02
9.689461115083009872e+02,5.728513000000000375e+02
9.689965482712343601e+02,5.728513000000000375e+02
9.693935793493635629e+02,5.728513000000000375e+02
9.691839320978281194e+02,5.728513000000000375e+02
9.693209453514659799e+02,5.728513000000000375e+02
9.693713159244217650e+02,5.728513000000000375e+02
9.695951171024735231e+02,5.728513000000000375e+02
9.695586997510154106e+02,5.728513000000000375e+02
9.696957791946308589e+02,5.728513000000000375e+02
9.697460835776091699e+02,5.728513000000000375e+02
9.711929848295454804e+02,5.728513000000000375e+02
9.699334674042028155e+02,5.728513000000000375e+02
9.700706130377958516e+02,5.728513000000000375e+02
9.701208512307964611e+02,5.728513000000000375e+02
9.703450496890460499e+02,5.728513000000000375e+02
9.703082350573901067e+02,5.728513000000000375e+02
9.704454468809608443e+02,5.728513000000000375e+02
9.704956188839838660e+02,5.728513000000000375e+02
9.708945052475247621e+02,5.728513000000000375e+02
9.706830027105775116e+02,5.728513000000000375e+02
9.708202807241257233e+02,5.728513000000000375e+02
9.708703865371711572e+02,5.728513000000000375e+02
9.710949822756184631e+02,5.728513000000000375e+02
9.710577703637649165e+02,5.728513000000000375e+02
9.711951145672907160e+02,5.728513000000000375e+02
9.712451541903585621e+02,5.728513000000000375e+02
9.719957511614732084e+02,5.728513000000000375e+02
9.714325380169522077e+02,5.728513000000000375e+02
9.715699484104557087e+02,5.728513000000000375e+02
9.716199218435458533e+02,5.728513000000000375e+02
9.718449148621908762e+02,5.728513000000000375e+02
9.718073056701396126e+02,5.728513000000000375e+02
9.719447822536207013e+02,5.728513000000000375e+02
9.719946894967332582e+02,5.728513000000000375e+02
9.723954311456860751e+02,5.728513000000000375e+02
9.721820733233269038e+02,5.728513000000000375e+02
9.723196160967855803e+02,5.728513000000000375e+02
9.723694571499206631e+02,5.728513000000000375e+02
9.725948474487632893e+02,5.728513000000000375e+02
9.725568409765143087e+02,5.728513000000000375e+02
9.726944499399505730e+02,5.728513000000000375e+02
9.727442248031079544e+02,5.728513000000000375e+02
9.249651000000000067e+02,6.416909000000000560e+02
9.729316086297016000e+02,5.922904999999999518e+02
9.730692837831155657e+02,5.922904999999999518e+02
9.731189924562953593e+02,5.922904999999999518e+02
9.733447800353358161e+02,5.922904999999999518e+02
9.733063762828890049e+02,5.922904999999999518e+02
9.734441176262804447e+02,5.922904999999999518e+02
9.734937601094826505e+02,5.922904999999999518e+02
9.738963570438472743e+02,5.922904999999999518e+02
9.736811439360764098e+02,5.922904999999999518e+02
9.738189514694454374e+02,5.922904999999999518e+02
9.738685277626700554e+02,5.922904999999999518e+02
9.740947126219082293e+02,5.922904999999999518e+02
9.740559115892637010e+02,5.922904999999999518e+02
9.741937853126104301e+02,5.922904999999999518e+02
9.742432954158573466e+02,5.922904999999999518e+02
9.750018548725213350e+02,5.922904999999999518e+02
9.744306792424511059e+02,5.922904999999999518e+02
9.745686191557753091e+02,5.922904999999999518e+02
9.746180630690447515e+02,5.922904999999999518e+02
9.748446452084806424e+02,5.922904999999999518e+02
9.748054468956383971e+02,5.922904999999999518e+02
9.749434529989403018e+02,5.922904999999999518e+02
9.749928307222321564e+02,5.922904999999999518e+02
9.753972829420085873e+02,5.922904999999999518e+02
9.751802145488258020e+02,5.922904999999999518e+02
9.753182868421052945e+02,5.922904999999999518e+02
9.753675983754194476e+02,5.922904999999999518e+02
9.755945777950530555e+02,5.922904999999999518e+02
9.755549822020130932e+02,5.922904999999999518e+02
9.756931206852702871e+02,5.922904999999999518e+02
9.757423660286068525e+02,5.922904999999999518e+02
9.772222723863636702e+02,5.784122300000000223e+02
9.759297498552004981e+02,5.784122300000000223e+02
9.760679545284351661e+02,5.784122300000000223e+02
9.761171336817941437e+02,5.784122300000000223e+02
9.763445103816254687e+02,5.784122300000000223e+02
9.763045175083879030e+02,5.784122300000000223e+02
9.764427883716001588e+02,5.784122300000000223e+02
9.764919013349815486e+02,5.784122300000000223e+02
9.768982088401697865e+02,5.784122300000000223e+02
9.766792851615751943e+02,5.784122300000000223e+02
9.768176222147651515e+02,5.784122300000000223e+02
9.768666689881688399e+02,5.784122300000000223e+02
9.770944429681979955e+02,5.784122300000000223e+02
9.770540528147625992e+02,5.784122300000000223e+02
9.771924560579300305e+02,5.784122300000000223e+02
9.772414366413562448e+02,5.784122300000000223e+02
9.780079585835694616e+02,5.784122300000000223e+02
9.774288204679498904e+02,5.784122300000000223e+02
9.775672899010950232e+02,5.784122300000000223e+02
9.776162042945436497e+02,5.784122300000000223e+02
9.778443755547704086e+02,5.784122300000000223e+02
9.778035881211372953e+02,5.784122300000000223e+02
9.779421237442600159e+02,5.784122300000000223e+02
9.779909719477309409e+02,5.784122300000000223e+02
9.783991347383309858e+02,5.784122300000000223e+02
9.781783557743245865e+02,5.784122300000000223e+02
9.783169575874250086e+02,5.784122300000000223e+02
9.783657396009183458e+02,5.784122300000000223e+02
9.785943081413428217e+02,5.784122300000000223e+02
9.785531234275119914e+02,5.784122300000000223e+02
9.786917914305898876e+02,5.784122300000000223e+02
9.787405072541056370e+02,5.784122300000000223e+02
9.061312000000000353e+02,6.542480500000000347e+02
9.789278910806993963e+02,5.830649399999999787e+02
9.790666252737548803e+02,5.830649399999999787e+02
9.791152749072930419e+02,5.830649399999999787e+02
9.793442407279152349e+02,5.830649399999999787e+02
9.793026587338866875e+02,5.830649399999999787e+02
9.794414591169198729e+02,5.830649399999999787e+02
9.794900425604803331e+02,5.830649399999999787e+02
9.799000606364922987e+02,5.830649399999999787e+02
9.796774263870740924e+02,5.830649399999999787e+02
9.798162929600847519e+02,5.830649399999999787e+02
9.798648102136677380e+02,5.830649399999999787e+02
9.800941733144877617e+02,5.830649399999999787e+02
9.800521940402613836e+02,5.830649399999999787e+02
9.801911268032497446e+02,5.830649399999999787e+02
9.802395778668551429e+02,5.830649399999999787e+02
9.810140622946177018e+02,6.653413000000000466e+02
9.804269616934487885e+02,6.653413000000000466e+02
9.805659606464147373e+02,6.653413000000000466e+02
9.806143455200424341e+02,6.653413000000000466e+02
9.808441059010601748e+02,6.653413000000000466e+02
9.808017293466360798e+02,6.653413000000000466e+02
9.809407944895796163e+02,6.653413000000000466e+02
9.809891131732298390e+02,6.653413000000000466e+02
9.814009865346534980e+02,6.653413000000000466e+02
9.811764969998234847e+02,6.653413000000000466e+02
9.813156283327446090e+02,6.653413000000000466e+02
9.813638808264171303e+02,6.653413000000000466e+02
9.815940384876325879e+02,6.653413000000000466e+02
9.815512646530108896e+02,6.653413000000000466e+02
9.816904621759096017e+02,6.653413000000000466e+02
9.817386484796045352e+02,6.653413000000000466e+02
9.832515599431818600e+02,6.653413000000000466e+02
9.819260323061981808e+02,6.653413000000000466e+02
9.820652960190745944e+02,6.653413000000000466e+02
9.821134161327918264e+02,6.653413000000000466e+02
9.823439710742050011e+02,6.653413000000000466e+02
9.823007999593855857e+02,6.653413000000000466e+02
9.824401298622394734e+02,6.653413000000000466e+02
9.824881837859792313e+02,6.653413000000000466e+02
9.829019124328148109e+02,6.653413000000000466e+02
9.826755676125728769e+02,6.653413000000000466e+02
9.828149637054044661e+02,6.653413000000000466e+02
9.828629514391666362e+02,6.653413000000000466e+02
9.830939036607774142e+02,6.653413000000000466e+02
9.830503352657602818e+02,6.653413000000000466e+02
9.831897975485694587e+02,6.653413000000000466e+02
9.832377190923539274e+02,6.653413000000000466e+02
9.840201660056658284e+02,6.653413000000000466e+02
9.834251029189475730e+02,6.653413000000000466e+02
9.835646313917343377e+02,6.653413000000000466e+02
9.836124867455413323e+02,6.653413000000000466e+02
9.838438362473499410e+02,6.653413000000000466e+02
9.837998705721349779e+02,6.653413000000000466e+02
9.839394652348993304e+02,6.653413000000000466e+02
9.839872543987286235e+02,6.653413000000000466e+02
9.844028383309760102e+02,6.653413000000000466e+02
9.841746382253223828e+02,6.653413000000000466e+02
9.843142990780643231e+02,6.653413000000000466e+02
9.843620220519160284e+02,6.653413000000000466e+02
9.845937688339223541e+02,6.653413000000000466e+02
9.845494058785096740e+02,6.653413000000000466e+02
9.846891329212293158e+02,6.653413000000000466e+02
9.847367897051033196e+02,6.653413000000000466e+02
8.938832400000000007e+02,6.689827999999999975e+02
9.849241735316970789e+02,6.653413000000000466e+02
9.850639667643941948e+02,6.653413000000000466e+02
9.851115573582907246e+02,6.653413000000000466e+02
9.853437014204947673e+02,6.653413000000000466e+02
9.852989411848843702e+02,6.653413000000000466e+02
9.854388006075591875e+02,6.653413000000000466e+02
9.854863250114781295e+02,6.653413000000000466e+02
9.859037642291372094e+02,6.653413000000000466e+02
9.856737088380717751e+02,6.653413000000000466e+02
9.858136344507241802e+02,6.653413000000000466e+02
9.858610926646654207e+02,6.653413000000000466e+02
9.860936340070671804e+02,6.653413000000000466e+02
9.860484764912591800e+02,6.653413000000000466e+02
9.861884682938890592e+02,6.653413000000000466e+02
9.862358603178528256e+02,6.653413000000000466e+02
9.870262697167139549e+02,6.653413000000000466e+02
9.864232441444464712e+02,6.653413000000000466e+02
9.865633021370540519e+02,6.653413000000000466e+02
9.866106279710401168e+02,6.653413000000000466e+02
9.868435665936397072e+02,6.653413000000000466e+02
9.867980117976338761e+02,6.653413000000000466e+02
9.869381359802190445e+02,6.653413000000000466e+02
9.869853956242275217e+02,6.653413000000000466e+02
9.874046901272985224e+02,6.653413000000000466e+02
9.871727794508211673e+02,6.653413000000000466e+02
9.873129698233839235e+02,6.653413000000000466e+02
9.873601632774149266e+02,6.653413000000000466e+02
9.875934991802121203e+02,6.653413000000000466e+02
9.875475471040085722e+02,6.653413000000000466e+02
9.876878036665489162e+02,6.653413000000000466e+02
9.877349309306022178e+02,6.653413000000000466e+02
9.892808475000000499e+02,6.653413000000000466e+02
9.879223147571958634e+02,6.653413000000000466e+02
9.880626375097139089e+02,6.653413000000000466e+02
9.881096985837896227e+02,6.653413000000000466e+02
9.883434317667845335e+02,6.653413000000000466e+02
9.882970824103832683e+02,6.653413000000000466e+02
9.884374713528789016e+02,6.653413000000000466e+02
9.884844662369769139e+02,6.653413000000000466e+02
9.889056160254597216e+02,6.653413000000000466e+02
9.886718500635706732e+02,6.653413000000000466e+02
9.888123051960437806e+02,6.653413000000000466e+02
9.888592338901643188e+02,6.653413000000000466e+02
9.890933643533569466e+02,6.653413000000000466e+02
9.890466177167579644e+02,6.653413000000000466e+02
9.891871390392087733e+02,6.653413000000000466e+02
9.892340015433516101e+02,6.653413000000000466e+02
9.900323734277621952e+02,6.653413000000000466e+02
9.894213853699453693e+02,6.653413000000000466e+02
9.895619728823737660e+02,6.653413000000000466e+02
9.896087691965390150e+02,6.653413000000000466e+02
9.898432969399293597e+02,6.653413000000000466e+02
9.897961530231326606e+02,6.653413000000000466e+02
9.899368067255386450e+02,6.653413000000000466e+02
9.899835368497264199e+02,6.653413000000000466e+02
9.904065419236210346e+02,6.653413000000000466e+02
9.901709206763200655e+02,6.653413000000000466e+02
9.903116405687036377e+02,6.653413000000000466e+02
9.903583045029137111e+02,6.653413000000000466e+02
9.905932295265018865e+02,6.653413000000000466e+02
9.905456883295073567e+02,6.653413000000000466e+02
9.906864744118686303e+02,6.653413000000000466e+02
9.907330721561011160e+02,6.653413000000000466e+02
8.872952000000000226e+02,6.761976300000000037e+02
9.909204559826947616e+02,6.653413000000000466e+02
9.910613082550336230e+02,6.653413000000000466e+02
9.911078398092884072e+02,6.653413000000000466e+02
9.913431621130742997e+02,6.653413000000000466e+02
9.912952236358821665e+02,6.653413000000000466e+02
9.914361420981985020e+02,6.653413000000000466e+02
9.914826074624758121e+02,6.653413000000000466e+02
9.919074678217822338e+02,6.653413000000000466e+02
9.916699912890694577e+02,6.653413000000000466e+02
9.918109759413634947e+02,6.653413000000000466e+02
9.918573751156631033e+02,6.653413000000000466e+02
9.920930946996467128e+02,6.653413000000000466e+02
9.920447589422568626e+02,6.653413000000000466e+02
9.921858097845284874e+02,6.653413000000000466e+02
9.922321427688505082e+02,6.653413000000000466e+02
9.930384771388103218e+02,6.653413000000000466e+02
9.924195265954441538e+02,6.653413000000000466e+02
9.925606436276933664e+02,6.653413000000000466e+02
9.926069104220379131e+02,6.653413000000000466e+02
9.928430272862191259e+02,6.653413000000000466e+02
9.927942942486315587e+02,6.653413000000000466e+02
9.929354774708583591e+02,6.653413000000000466e+02
9.929816780752252043e+02,6.653413000000000466e+02
9.934083937199434331e+02,6.653413000000000466e+02
9.931690619018188499e+02,6.653413000000000466e+02
9.933103113140233518e+02,6.653413000000000466e+02
9.933564457284126092e+02,6.653413000000000466e+02
9.935929598727915391e+02,6.653413000000000466e+02
9.935438295550062549e+02,6.653413000000000466e+02
9.936851451571883445e+02,6.653413000000000466e+02
9.937312133815999005e+02,6.653413000000000466e+02
9.953101350568182397e+02,6.653413000000000466e+02
9.939185972081936598e+02,6.653413000000000466e+02
9.940599790003532235e+02,6.653413000000000466e+02
9.941059810347873054e+02,6.653413000000000466e+02
9.943428924593640659e+02,6.653413000000000466e+02
9.942933648613809510e+02,6.653413000000000466e+02
9.944348128435182161e+02,6.653413000000000466e+02
9.944807486879745966e+02,6.653413000000000466e+02
9.949093196181047460e+02,6.653413000000000466e+02
9.946681325145683559e+02,6.653413000000000466e+02
9.948096466866832088e+02,6.653413000000000466e+02
9.948555163411620015e+02,6.653413000000000466e+02
9.950928250459364790e+02,6.653413000000000466e+02
9.950429001677556471e+02,6.653413000000000466e+02
9.951844805298480878e+02,6.653413000000000466e+02
9.952302839943494064e+02,6.653413000000000466e+02
9.960445808498584483e+02,6.653413000000000466e+02
9.954176678209430520e+02,6.653413000000000466e+02
9.955593143730130805e+02,6.653413000000000466e+02
9.956050516475366976e+02,6.653413000000000466e+02
9.958427576325088921e+02,6.653413000000000466e+02
9.957924354741303432e+02,6.653413000000000466e+02
9.959341482161780732e+02,6.653413000000000466e+02
9.959798193007241025e+02,6.653413000000000466e+02
9.964102455162659453e+02,6.653413000000000466e+02
9.961672031273177481e+02,6.653413000000000466e+02
9.963089820593429522e+02,6.653413000000000466e+02
9.963545869539113937e+02,6.653413000000000466e+02
9.965926902190813053e+02,6.653413000000000466e+02
9.965419707805051530e+02,6.653413000000000466e+02
9.966838159025079449e+02,6.653413000000000466e+02
9.967293546070987986e+02,6.653413000000000466e+02
8.848528000000000020e+02,6.786929000000000087e+02
9.969167384336924442e+02,6.680979999999999563e+02
9.970586497456729376e+02,6.680979999999999563e+02
9.971041222602860898e+02,6.680979999999999563e+02
9.973426228056538321e+02,6.680979999999999563e+02
9.972915060868798491e+02,6.680979999999999563e+02
9.974334835888379303e+02,6.680979999999999563e+02
9.974788899134734947e+02,6.680979999999999563e+02
9.979111714144272582e+02,6.680979999999999563e+02
9.976662737400671404e+02,6.680979999999999563e+02
9.978083174320028093e+02,6.680979999999999563e+02
9.978536575666608996e+02,6.680979999999999563e+02
9.980925553922262452e+02,6.680979999999999563e+02
9.980410413932545453e+02,6.680979999999999563e+02
9.981831512751678019e+02,6.680979999999999563e+02
9.982284252198481909e+02,6.680979999999999563e+02
9.990506845609065749e+02,6.680979999999999563e+02
9.984158090464418365e+02,6.680979999999999563e+02
9.985579851183327946e+02,6.680979999999999563e+02
9.986031928730355958e+02,6.680979999999999563e+02
9.988424879787986583e+02,6.680979999999999563e+02
9.987905766996292414e+02,6.680979999999999563e+02
9.989328189614976736e+02,6.680979999999999563e+02
9.989779605262228870e+02,6.680979999999999563e+02
9.994120973125884575e+02,6.680979999999999563e+02
9.991653443528166463e+02,6.680979999999999563e+02
9.993076528046626663e+02,6.680979999999999563e+02
9.993527281794102919e+02,6.680979999999999563e+02
9.995924205653710715e+02,6.680979999999999563e+02
9.995401120060039375e+02,6.680979999999999563e+02
9.996824866478276590e+02,6.680979999999999563e+02
9.997274958325975831e+02,6.680979999999999563e+02
1.001339422613636430e+03,6.680979999999999563e+02
9.999148796591913424e+02,6.680979999999999563e+02
1.000057320490992652e+03,6.680979999999999563e+02
1.000102263485784988e+03,6.680979999999999563e+02
1.000342353151943485e+03,6.680979999999999563e+02
1.000289647312378634e+03,6.680979999999999563e+02
1.000432154334157531e+03,6.680979999999999563e+02
1.000477031138972393e+03,6.680979999999999563e+02
1.000913023210749657e+03,6.680979999999999563e+02
1.000664414965566039e+03,6.680979999999999563e+02
1.000806988177322523e+03,6.680979999999999563e+02
1.000851798792159684e+03,6.680979999999999563e+02
1.001092285738516011e+03,6.680979999999999563e+02
1.001039182618753330e+03,6.680979999999999563e+02
1.001181822020487516e+03,6.680979999999999563e+02
1.001226566445347089e+03,6.680979999999999563e+02
1.002056788271954815e+03,6.680979999999999563e+02
1.001413950271940735e+03,6.680979999999999563e+02
1.001556655863652395e+03,6.680979999999999563e+02
1.001601334098534380e+03,6.680979999999999563e+02
1.001842218325088425e+03,6.680979999999999563e+02
1.001788717925128140e+03,6.680979999999999563e+02
1.001931489706817388e+03,6.680979999999999563e+02
1.001976101751721785e+03,6.680979999999999563e+02
1.002413949108910970e+03,6.680979999999999563e+02
1.002163485578315431e+03,6.680979999999999563e+02
1.002306323549982380e+03,6.680979999999999563e+02
1.002350869404909190e+03,6.680979999999999563e+02
1.002592150911660838e+03,6.680979999999999563e+02
1.002538253231502836e+03,6.680979999999999563e+02
1.002681157393147259e+03,6.680979999999999563e+02
1.002725637058096481e+03,6.680979999999999563e+02
8.870426599999999553e+02,6.758279999999999745e+02
1.002913020884690127e+03,6.680979999999999563e+02
1.003055991236312252e+03,6.680979999999999563e+02
1.003100404711283886e+03,6.680979999999999563e+02
1.003342083498233251e+03,6.680979999999999563e+02
1.003287788537877532e+03,6.680979999999999563e+02
1.003430825079477245e+03,6.680979999999999563e+02
1.003475172364471177e+03,6.680979999999999563e+02
1.003914875007072169e+03,6.680979999999999563e+02
1.003662556191064937e+03,6.680979999999999563e+02
1.003805658922642237e+03,6.680979999999999563e+02
1.003849940017658582e+03,6.680979999999999563e+02
1.004092016084805778e+03,6.680979999999999563e+02
1.004037323844252228e+03,6.680979999999999563e+02
1.004180492765807116e+03,6.680979999999999563e+02
1.004224707670845874e+03,6.680979999999999563e+02
1.005062891983002942e+03,6.680979999999999563e+02
1.004412091497439633e+03,6.680979999999999563e+02
1.004555326608972109e+03,6.680979999999999563e+02
1.004599475324033278e+03,6.680979999999999563e+02
1.004841948671378191e+03,6.680979999999999563e+02
1.004786859150626924e+03,6.680979999999999563e+02
1.004930160452137102e+03,6.680979999999999563e+02
1.004974242977220683e+03,6.680979999999999563e+02
1.005415800905233482e+03,6.680979999999999563e+02
1.005161626803814329e+03,6.680979999999999563e+02
1.005304994295301981e+03,6.680979999999999563e+02
1.005349010630407975e+03,6.680979999999999563e+02
1.005591881257950604e+03,6.680979999999999563e+02
1.005536394457001620e+03,6.680979999999999563e+02
1.005679828138466974e+03,6.680979999999999563e+02
1.005723778283595379e+03,6.680979999999999563e+02
1.007368710170454619e+03,6.680979999999999563e+02
1.005911162110189025e+03,6.680979999999999563e+02
1.006054661981631966e+03,6.680979999999999563e+02
1.006098545936782671e+03,6.680979999999999563e+02
1.006341813844523017e+03,6.680979999999999563e+02
1.006285929763376430e+03,6.680979999999999563e+02
1.006429495824796959e+03,6.680979999999999563e+02
1.006473313589970076e+03,6.680979999999999563e+02
1.006916726803394681e+03,6.680979999999999563e+02
1.006660697416563721e+03,6.680979999999999563e+02
1.006804329667961838e+03,6.680979999999999563e+02
1.006848081243157367e+03,6.680979999999999563e+02
1.007091746431095430e+03,6.680979999999999563e+02
1.007035465069751126e+03,6.680979999999999563e+02
1.007179163511126831e+03,6.680979999999999563e+02
1.007222848896344772e+03,6.680979999999999563e+02
1.008068995694051068e+03,6.680979999999999563e+02
1.007410232722938417e+03,6.680979999999999563e+02
1.007553997354291823e+03,6.680979999999999563e+02
1.007597616549532177e+03,6.680979999999999563e+02
1.007841679017667957e+03,6.680979999999999563e+02
1.007785000376125822e+03,6.680979999999999563e+02
1.007928831197456702e+03,6.680979999999999563e+02
1.007972384202719468e+03,6.680979999999999563e+02
1.008417652701555880e+03,6.680979999999999563e+02
1.008159768029313113e+03,6.680979999999999563e+02
1.008303665040621695e+03,6.680979999999999563e+02
1.008347151855906873e+03,6.680979999999999563e+02
1.008591611604240370e+03,6.680979999999999563e+02
1.008534535682500518e+03,6.680979999999999563e+02
1.008678498883786688e+03,6.680979999999999563e+02
1.008721919509094164e+03,6.680979999999999563e+02
9.062234999999999445e+02,6.661745600000000422e+02
1.008909303335687923e+03,6.680979999999999563e+02
1.009053332726951567e+03,6.680979999999999563e+02
1.009096687162281569e+03,6.680979999999999563e+02
1.009341544190812783e+03,6.680979999999999563e+02
1.009284070988875214e+03,6.680979999999999563e+02
1.009428166570116559e+03,6.680979999999999563e+02
1.009471454815468860e+03,6.680979999999999563e+02
1.009918578599717193e+03,6.680979999999999563e+02
1.009658838642062619e+03,6.680979999999999563e+02
1.009803000413281552e+03,6.680979999999999563e+02
1.009846222468656265e+03,6.680979999999999563e+02
1.010091476777385196e+03,6.680979999999999563e+02
1.010033606295249911e+03,6.680979999999999563e+02
1.010177834256446545e+03,6.680979999999999563e+02
1.010220990121843670e+03,6.680979999999999563e+02
1.011075099405099309e+03,6.680979999999999563e+02
1.010408373948437315e+03,6.680979999999999563e+02
1.010552668099611424e+03,6.680979999999999563e+02
1.010595757775030961e+03,6.680979999999999563e+02
1.010841409363957723e+03,6.680979999999999563e+02
1.010783141601624607e+03,6.680979999999999563e+02
1.010927501942776416e+03,6.680979999999999563e+02
1.010970525428218366e+03,6.680979999999999563e+02
1.011419504497878393e+03,6.680979999999999563e+02
1.011157909254812012e+03,6.680979999999999563e+02
1.011302335785941409e+03,6.680979999999999563e+02
1.011345293081405657e+03,6.680979999999999563e+02
1.011591341950530136e+03,6.680979999999999563e+02
1.011532676907999416e+03,6.680979999999999563e+02
1.011677169629106288e+03,6.680979999999999563e+02
1.011720060734593062e+03,6.680979999999999563e+02
1.013397997727272696e+03,6.680979999999999563e+02
1.011907444561186708e+03,6.680979999999999563e+02
1.012052003472271281e+03,6.680979999999999563e+02
1.012094828387780353e+03,6.680979999999999563e+02
1.012341274537102549e+03,6.680979999999999563e+02
1.012282212214374113e+03,6.680979999999999563e+02
1.012426837315436273e+03,6.680979999999999563e+02
1.012469596040967758e+03,6.680979999999999563e+02
1.012920430396039706e+03,6.680979999999999563e+02
1.012656979867561404e+03,6.680979999999999563e+02
1.012801671158601266e+03,6.680979999999999563e+02
1.012844363694155163e+03,6.680979999999999563e+02
1.013091207123674963e+03,6.680979999999999563e+02
1.013031747520748809e+03,6.680979999999999563e+02
1.013176505001766145e+03,6.680979999999999563e+02
1.013219131347342454e+03,6.680979999999999563e+02
1.014081203116147435e+03,6.680979999999999563e+02
1.013406515173936100e+03,6.680979999999999563e+02
1.013551338844931138e+03,6.680979999999999563e+02
1.013593899000529859e+03,6.680979999999999563e+02
1.013841139710247376e+03,6.680979999999999563e+02
1.013781282827123505e+03,6.680979999999999563e+02
1.013926172688096131e+03,6.680979999999999563e+02
1.013968666653717150e+03,6.680979999999999563e+02
1.014421356294200905e+03,6.680979999999999563e+02
1.014156050480310910e+03,6.680979999999999563e+02
1.014301006531261010e+03,6.680979999999999563e+02
1.014343434306904555e+03,6.680979999999999563e+02
1.014591072296819902e+03,6.680979999999999563e+02
1.014530818133498201e+03,6.680979999999999563e+02
1.014675840374426002e+03,6.680979999999999563e+02
1.014718201960091847e+03,6.680979999999999563e+02
9.413110000000000355e+02,6.609226999999999634e+02
1.014905585786685606e+03,6.680979999999999563e+02
1.015050674217590995e+03,6.680979999999999563e+02
1.015092969613279251e+03,6.680979999999999563e+02
1.015341004883392316e+03,6.680979999999999563e+02
1.015280353439872897e+03,6.680979999999999563e+02
1.015425508060755988e+03,6.680979999999999563e+02
1.015467737266466656e+03,6.680979999999999563e+02
1.015922282192362104e+03,6.680979999999999563e+02
1.015655121093060302e+03,6.680979999999999563e+02
1.015800341903920867e+03,6.680979999999999563e+02
1.015842504919653948e+03,6.680979999999999563e+02
1.016090937469964729e+03,6.680979999999999563e+02
1.016029888746247593e+03,6.680979999999999563e+02
1.016175175747085859e+03,6.680979999999999563e+02
1.016217272572841352e+03,6.680979999999999563e+02
1.017087306827195562e+03,6.680979999999999563e+02
1.016404656399434998e+03,6.680979999999999563e+02
1.016550009590250852e+03,6.680979999999999563e+02
1.016592040226028644e+03,6.680979999999999563e+02
1.016840870056537142e+03,6.680979999999999563e+02
1.016779424052622403e+03,6.680979999999999563e+02
1.016924843433415731e+03,6.680979999999999563e+02
1.016966807879216049e+03,6.680979999999999563e+02
1.017423208090523417e+03,6.680979999999999563e+02
1.017154191705809694e+03,6.680979999999999563e+02
1.017299677276580724e+03,6.680979999999999563e+02
1.017341575532403340e+03,6.680979999999999563e+02
1.017590802643109669e+03,6.680979999999999563e+02
1.017528959358997099e+03,6.680979999999999563e+02
1.017674511119745716e+03,6.680979999999999563e+02
1.017716343185590745e+03,6.680979999999999563e+02
1.019427285284090885e+03,6.680979999999999563e+02
1.017903727012184390e+03,6.680979999999999563e+02
1.018049344962910595e+03,6.680979999999999563e+02
1.018091110838778150e+03,6.680979999999999563e+02
1.018340735229682082e+03,6.680979999999999563e+02
1.018278494665371795e+03,6.680979999999999563e+02
1.018424178806075588e+03,6.680979999999999563e+02
1.018465878491965441e+03,6.680979999999999563e+02
1.018924133988684616e+03,6.680979999999999563e+02
1.018653262318559200e+03,6.680979999999999563e+02
1.018799012649240581e+03,6.680979999999999563e+02
1.018840646145152846e+03,6.680979999999999563e+02
1.019090667816254495e+03,6.680979999999999563e+02
1.019028029971746491e+03,6.680979999999999563e+02
1.019173846492405573e+03,6.680979999999999563e+02
1.019215413798340137e+03,6.680979999999999563e+02
1.020093410538243688e+03,6.680979999999999563e+02
1.019402797624933896e+03,6.680979999999999563e+02
1.019548680335570452e+03,6.680979999999999563e+02
1.019590181451527542e+03,6.680979999999999563e+02
1.019840600402826908e+03,6.680979999999999563e+02
1.019777565278121187e+03,6.680979999999999563e+02
1.019923514178735445e+03,6.680979999999999563e+02
1.019964949104714947e+03,6.680979999999999563e+02
1.020425059886845929e+03,6.680979999999999563e+02
1.020152332931308592e+03,6.680979999999999563e+02
1.020298348021900438e+03,6.680979999999999563e+02
1.020339716757902238e+03,6.680979999999999563e+02
1.020590532989399321e+03,6.680979999999999563e+02
1.020527100584495884e+03,6.680979999999999563e+02
1.020673181865065317e+03,6.680979999999999563e+02
1.020714484411089643e+03,6.680979999999999563e+02
9.814792499999999791e+02,6.653413000000000466e+02
1.020901868237683288e+03,5.331233999999999469e+02
1.021048015708230309e+03,5.331233999999999469e+02
1.021089252064276934e+03,5.331233999999999469e+02
1.021340465575971848e+03,5.331233999999999469e+02
1.021276635890870693e+03,5.331233999999999469e+02
1.021422849551395302e+03,5.331233999999999469e+02
1.021464019717464339e+03,5.331233999999999469e+02
1.021925985785007128e+03,5.331233999999999469e+02
1.021651403544057985e+03,5.331233999999999469e+02
1.021797683394560295e+03,5.331233999999999469e+02
1.021838787370651630e+03,5.331233999999999469e+02
1.022090398162544261e+03,5.331233999999999469e+02
1.022026171197245390e+03,5.331233999999999469e+02
1.022172517237725174e+03,5.331233999999999469e+02
1.022213555023839035e+03,5.331233999999999469e+02
1.023099514249291929e+03,5.331233999999999469e+02
1.022400938850432681e+03,5.331233999999999469e+02
1.022547351080890166e+03,5.331233999999999469e+02
1.022588322677026440e+03,5.331233999999999469e+02
1.022840330749116674e+03,5.331233999999999469e+02
1.022775706503620086e+03,5.331233999999999469e+02
1.022922184924055159e+03,5.331233999999999469e+02
1.022963090330213731e+03,5.331233999999999469e+02
1.023426911683168328e+03,5.331233999999999469e+02
1.023150474156807377e+03,5.331233999999999469e+02
1.023297018767220038e+03,5.331233999999999469e+02
1.023337857983401136e+03,5.331233999999999469e+02
1.023590263335689087e+03,5.331233999999999469e+02
1.023525241809994782e+03,5.331233999999999469e+02
1.023671852610385031e+03,5.331233999999999469e+02
1.023712625636588427e+03,5.331233999999999469e+02
1.025456572840909075e+03,5.331233999999999469e+02
1.023900009463182187e+03,5.331233999999999469e+02
1.024046686453550137e+03,5.331233999999999469e+02
1.024087393289775719e+03,5.331233999999999469e+02
1.024340195922261501e+03,5.331233999999999469e+02
1.024274777116369478e+03,5.331233999999999469e+02
1.024421520296714789e+03,5.331233999999999469e+02
1.024462160942963237e+03,5.331233999999999469e+02
1.024927837581329641e+03,5.331233999999999469e+02
1.024649544769556996e+03,5.331233999999999469e+02
1.024796354139879895e+03,5.331233999999999469e+02
1.024836928596150528e+03,5.331233999999999469e+02
1.025090128508833914e+03,5.331233999999999469e+02
1.025024312422744060e+03,5.331233999999999469e+02
1.025171187983045002e+03,5.331233999999999469e+02
1.025211696249337820e+03,5.331233999999999469e+02
1.026105617960340169e+03,5.331233999999999469e+02
1.025399080075931579e+03,5.331233999999999469e+02
1.025546021826209881e+03,5.331233999999999469e+02
1.025586463902525338e+03,5.331233999999999469e+02
1.025840061095406327e+03,5.331233999999999469e+02
1.025773847729118870e+03,5.331233999999999469e+02
1.025920855669374760e+03,5.331233999999999469e+02
1.025961231555712629e+03,5.331233999999999469e+02
1.026428763479490954e+03,5.331233999999999469e+02
1.026148615382306161e+03,5.331233999999999469e+02
1.026295689512539866e+03,5.331233999999999469e+02
1.026335999208899921e+03,5.331233999999999469e+02
1.026589993681978740e+03,5.331233999999999469e+02
1.026523383035493680e+03,5.331233999999999469e+02
1.026670523355704745e+03,5.331233999999999469e+02
1.026710766862087439e+03,5.331233999999999469e+02
1.012171140000000037e+03,6.680979999999999563e+02
1.026898150688680971e+03,5.331233999999999469e+02
1.027045357198869624e+03,5.331233999999999469e+02
1.027085534515274503e+03,5.331233999999999469e+02
1.027339926268551153e+03,5.331233999999999469e+02
1.027272918341868262e+03,5.331233999999999469e+02
1.027420191042034730e+03,5.331233999999999469e+02
1.027460302168462022e+03,5.331233999999999469e+02
1.027929689377652267e+03,5.331233999999999469e+02
1.027647685995055781e+03,5.331233999999999469e+02
1.027795024885199609e+03,5.331233999999999469e+02
1.027835069821649540e+03,5.331233999999999469e+02
1.028089858855123794e+03,5.331233999999999469e+02
1.028022453648243072e+03,5.331233999999999469e+02
1.028169858728364488e+03,5.331233999999999469e+02
1.028209837474836604e+03,5.331233999999999469e+02
1.029111721671388295e+03,5.331233999999999469e+02
1.028397221301430363e+03,5.331233999999999469e+02
1.028544692571529595e+03,5.331233999999999469e+02
1.028584605128024123e+03,5.331233999999999469e+02
1.028839791441696207e+03,5.331233999999999469e+02
1.028771988954617882e+03,5.331233999999999469e+02
1.028919526414694474e+03,5.331233999999999469e+02
1.028959372781211414e+03,5.331233999999999469e+02
1.029430615275813352e+03,5.331233999999999469e+02
1.029146756607805173e+03,5.331233999999999469e+02
1.029294360257859353e+03,5.331233999999999469e+02
1.029334140434398705e+03,5.331233999999999469e+02
1.029589724028268620e+03,5.331233999999999469e+02
1.029521524260992464e+03,5.331233999999999469e+02
1.029669194101024459e+03,5.331233999999999469e+02
1.029708908087586224e+03,5.331233999999999469e+02
1.031485860397727265e+03,5.331233999999999469e+02
1.029896291914179983e+03,5.331233999999999469e+02
1.030044027944189338e+03,5.331233999999999469e+02
1.030083675740773515e+03,5.331233999999999469e+02
1.030339656614841033e+03,5.331233999999999469e+02
1.030271059567367047e+03,5.331233999999999469e+02
1.030418861787354217e+03,5.331233999999999469e+02
1.030458443393960806e+03,5.331233999999999469e+02
1.030931541173974438e+03,5.331233999999999469e+02
1.030645827220554565e+03,5.331233999999999469e+02
1.030793695630519323e+03,5.331233999999999469e+02
1.030833211047148325e+03,5.331233999999999469e+02
1.031089589201413673e+03,5.331233999999999469e+02
1.031020594873741857e+03,5.331233999999999469e+02
1.031168529473684202e+03,5.331233999999999469e+02
1.031207978700335616e+03,5.331233999999999469e+02
1.032117825382436422e+03,5.331233999999999469e+02
1.031395362526929148e+03,5.331233999999999469e+02
1.031543363316849081e+03,5.331233999999999469e+02
1.031582746353522907e+03,5.331233999999999469e+02
1.031839521787986087e+03,5.331233999999999469e+02
1.031770130180116666e+03,5.331233999999999469e+02
1.031918197160014188e+03,5.331233999999999469e+02
1.031957514006710426e+03,5.331233999999999469e+02
1.032432467072135751e+03,5.331233999999999469e+02
1.032144897833303958e+03,5.331233999999999469e+02
1.032293031003179067e+03,5.331233999999999469e+02
1.032332281659897490e+03,5.331233999999999469e+02
1.032589454374558500e+03,5.331233999999999469e+02
1.032519665486491249e+03,5.331233999999999469e+02
1.032667864846343946e+03,5.331233999999999469e+02
1.032707049313085008e+03,5.331233999999999469e+02
1.042799800000000005e+03,6.659726600000000190e+02
1.032894433139678767e+03,5.331233999999999469e+02
1.033042698689509052e+03,5.331233999999999469e+02
1.033081816966272527e+03,5.331233999999999469e+02
1.033339386961130913e+03,5.331233999999999469e+02
1.033269200792866059e+03,5.331233999999999469e+02
1.033417532532673931e+03,5.331233999999999469e+02
1.033456584619459591e+03,5.331233999999999469e+02
1.033933392970297064e+03,5.331233999999999469e+02
1.033643968446053350e+03,5.331233999999999469e+02
1.033792366375838810e+03,5.331233999999999469e+02
1.033831352272647109e+03,5.331233999999999469e+02
1.034089319547703326e+03,5.331233999999999469e+02
1.034018736099240868e+03,5.331233999999999469e+02
1.034167200219003917e+03,5.331233999999999469e+02
1.034206119925834400e+03,5.331233999999999469e+02
1.035123929093484549e+03,5.331233999999999469e+02
1.034393503752428160e+03,5.331233999999999469e+02
1.034542034062169023e+03,5.331233999999999469e+02
1.034580887579021692e+03,5.331233999999999469e+02
1.034839252134275739e+03,5.331233999999999469e+02
1.034768271405615451e+03,5.331233999999999469e+02
1.034916867905333675e+03,5.331233999999999469e+02
1.034955655232209210e+03,5.331233999999999469e+02
1.035434318868458377e+03,5.331233999999999469e+02
1.035143039058802970e+03,5.331233999999999469e+02
1.035291701748498781e+03,5.331233999999999469e+02
1.035330422885396501e+03,5.331233999999999469e+02
1.035589184720848152e+03,5.331233999999999469e+02
1.035517806711990033e+03,5.331233999999999469e+02
1.035666535591663887e+03,5.331233999999999469e+02
1.035705190538583793e+03,5.331233999999999469e+02
1.037515147954545455e+03,5.331233999999999469e+02
1.035892574365177552e+03,5.331233999999999469e+02
1.036041369434828539e+03,5.331233999999999469e+02
1.036079958191771311e+03,5.331233999999999469e+02
1.036339117307420565e+03,5.331233999999999469e+02
1.036267342018365071e+03,5.331233999999999469e+02
1.036416203277993645e+03,5.331233999999999469e+02
1.036454725844958602e+03,5.331233999999999469e+02
1.036935244766619689e+03,5.331233999999999469e+02
1.036642109671552134e+03,5.331233999999999469e+02
1.036791037121158752e+03,5.331233999999999469e+02
1.036829493498145894e+03,5.331233999999999469e+02
1.037089049893992978e+03,5.331233999999999469e+02
1.037016877324739653e+03,5.331233999999999469e+02
1.037165870964323631e+03,5.331233999999999469e+02
1.037204261151333412e+03,5.331233999999999469e+02
1.038130032804532675e+03,5.331233999999999469e+02
1.037391644977926944e+03,5.331233999999999469e+02
1.037540704807488510e+03,5.331233999999999469e+02
1.037579028804520703e+03,5.331233999999999469e+02
1.037838982480565392e+03,5.331233999999999469e+02
1.037766412631114235e+03,5.331233999999999469e+02
1.037915538650653616e+03,5.331233999999999469e+02
1.037953796457707995e+03,5.331233999999999469e+02
1.038436170664780775e+03,5.331233999999999469e+02
1.038141180284301754e+03,5.331233999999999469e+02
1.038290372493818495e+03,5.331233999999999469e+02
1.038328564110895513e+03,5.331233999999999469e+02
1.038588915067137805e+03,5.331233999999999469e+02
1.038515947937489045e+03,5.331233999999999469e+02
1.038665206336983374e+03,5.331233999999999469e+02
1.038703331764082577e+03,5.331233999999999469e+02
1.061357999999999947e+03,6.572165499999999838e+02
1.038890715590676336e+03,5.504385999999999513e+02
1.039040040180148480e+03,5.504385999999999513e+02
1.039078099417270096e+03,5.504385999999999513e+02
1.039338847653710218e+03,5.504385999999999513e+02
1.039265483243863855e+03,5.504385999999999513e+02
1.039414874023313359e+03,5.504385999999999513e+02
1.039452867070457387e+03,5.504385999999999513e+02
1.039937096562942088e+03,5.504385999999999513e+02
1.039640250897051146e+03,5.504385999999999513e+02
1.039789707866478238e+03,5.504385999999999513e+02
1.039827634723644678e+03,5.504385999999999513e+02
1.040088780240282631e+03,5.504385999999999513e+02
1.040015018550238437e+03,5.504385999999999513e+02
1.040164541709643345e+03,5.504385999999999513e+02
1.040202402376832197e+03,5.504385999999999513e+02
1.041136136515580802e+03,6.659726600000000190e+02
1.040389786203425956e+03,6.659726600000000190e+02
1.040539375552808224e+03,6.659726600000000190e+02
1.040577170030019488e+03,6.659726600000000190e+02
1.040838712826855044e+03,6.659726600000000190e+02
1.040764553856613020e+03,6.659726600000000190e+02
1.040914209395973103e+03,6.659726600000000190e+02
1.040951937683206779e+03,6.659726600000000190e+02
1.041438022461103174e+03,6.659726600000000190e+02
1.041139321509800538e+03,6.659726600000000190e+02
1.041289043239138209e+03,6.659726600000000190e+02
1.041326705336394298e+03,6.659726600000000190e+02
1.041588645413427685e+03,6.659726600000000190e+02
1.041514089162988057e+03,6.659726600000000190e+02
1.041663877082303088e+03,6.659726600000000190e+02
1.041701472989581589e+03,6.659726600000000190e+02
1.043544435511363645e+03,5.197318000000000211e+02
1.041888856816175121e+03,6.659726600000000190e+02
1.042038710925467967e+03,6.659726600000000190e+02
1.042076240642768880e+03,6.659726600000000190e+02
1.042338578000000098e+03,6.659726600000000190e+02
1.042263624469362640e+03,6.659726600000000190e+02
1.042413544768633074e+03,6.659726600000000190e+02
1.042451008295956399e+03,6.659726600000000190e+02
1.042938948359264486e+03,6.659726600000000190e+02
1.042638392122549931e+03,6.659726600000000190e+02
1.042788378611797953e+03,6.659726600000000190e+02
1.042825775949143690e+03,6.659726600000000190e+02
1.043088510586572511e+03,6.659726600000000190e+02
1.043013159775737222e+03,6.659726600000000190e+02
1.043163212454962832e+03,6.659726600000000190e+02
1.043200543602330981e+03,6.659726600000000190e+02
1.044142240226628928e+03,5.197318000000000211e+02
1.043387927428924741e+03,5.197318000000000211e+02
1.043538046298127938e+03,5.197318000000000211e+02
1.043575311255518500e+03,5.197318000000000211e+02
1.043838443173144924e+03,5.197318000000000211e+02
1.043762695082112032e+03,5.197318000000000211e+02
1.043912880141292817e+03,5.197318000000000211e+02
1.043950078908705564e+03,5.197318000000000211e+02
1.044439874257425799e+03,5.197318000000000211e+02
1.044137462735299323e+03,5.197318000000000211e+02
1.044287713984457696e+03,5.197318000000000211e+02
1.044324846561893082e+03,5.197318000000000211e+02
1.044588375759717337e+03,5.197318000000000211e+02
1.044512230388486842e+03,5.197318000000000211e+02
1.044662547827622802e+03,5.197318000000000211e+02
1.044699614215080373e+03,5.197318000000000211e+02
1.073711399999999912e+03,6.478298300000000154e+02
1.044886998041674133e+03,6.566413599999999633e+02
1.045037381670787681e+03,6.566413599999999633e+02
1.045074381868267665e+03,6.566413599999999633e+02
1.045338308346289978e+03,6.566413599999999633e+02
1.045261765694861424e+03,6.566413599999999633e+02
1.045412215513952560e+03,6.566413599999999633e+02
1.045449149521455183e+03,6.566413599999999633e+02
1.045940800155587112e+03,6.566413599999999633e+02
1.045636533348048943e+03,6.566413599999999633e+02
1.045787049357117667e+03,6.566413599999999633e+02
1.045823917174642474e+03,6.566413599999999633e+02
1.046088240932862391e+03,6.566413599999999633e+02
1.046011301001236006e+03,6.566413599999999633e+02
1.046161883200282546e+03,6.566413599999999633e+02
1.046198684827829766e+03,6.566413599999999633e+02
1.047148343937677055e+03,6.566413599999999633e+02
1.046386068654423525e+03,6.566413599999999633e+02
1.046536717043447425e+03,6.566413599999999633e+02
1.046573452481017284e+03,6.566413599999999633e+02
1.046838173519434804e+03,6.566413599999999633e+02
1.046760836307611044e+03,6.566413599999999633e+02
1.046911550886612531e+03,6.566413599999999633e+02
1.046948220134204576e+03,6.566413599999999633e+02
1.047441726053748425e+03,6.566413599999999633e+02
1.047135603960798107e+03,6.566413599999999633e+02
1.047286384729777637e+03,6.566413599999999633e+02
1.047322987787391867e+03,6.566413599999999633e+02
1.047588106106007217e+03,6.566413599999999633e+02
1.047510371613985626e+03,6.566413599999999633e+02
1.047661218572942289e+03,6.566413599999999633e+02
1.047697755440579385e+03,6.566413599999999633e+02
1.049573723068181835e+03,6.491663999999999533e+02
1.047885139267172917e+03,6.491663999999999533e+02
1.048036052416107395e+03,6.491663999999999533e+02
1.048072523093766677e+03,6.491663999999999533e+02
1.048338038692579630e+03,6.491663999999999533e+02
1.048259906920360208e+03,6.491663999999999533e+02
1.048410886259272502e+03,6.491663999999999533e+02
1.048447290746953968e+03,6.491663999999999533e+02
1.048942651951909511e+03,6.491663999999999533e+02
1.048634674573547727e+03,6.491663999999999533e+02
1.048785720102437153e+03,6.491663999999999533e+02
1.048822058400141486e+03,6.491663999999999533e+02
1.049087971279152043e+03,6.491663999999999533e+02
1.049009442226735018e+03,6.491663999999999533e+02
1.049160553945602260e+03,6.491663999999999533e+02
1.049196826053328550e+03,6.491663999999999533e+02
1.050154447648725181e+03,6.491663999999999533e+02
1.049384209879922309e+03,6.491663999999999533e+02
1.049535387788767366e+03,6.491663999999999533e+02
1.049571593706516069e+03,6.491663999999999533e+02
1.049837903865724456e+03,6.491663999999999533e+02
1.049758977533109828e+03,6.491663999999999533e+02
1.049910221631932245e+03,6.491663999999999533e+02
1.049946361359703360e+03,6.491663999999999533e+02
1.050443577850070824e+03,6.491663999999999533e+02
1.050133745186297119e+03,6.491663999999999533e+02
1.050285055475097124e+03,6.491663999999999533e+02
1.050321129012890651e+03,6.491663999999999533e+02
1.050587836452296870e+03,6.491663999999999533e+02
1.050508512839484411e+03,6.491663999999999533e+02
1.050659889318262231e+03,6.491663999999999533e+02
1.050695896666078170e+03,6.491663999999999533e+02
1.082140300000000025e+03,6.353458000000000538e+02
1.050883280492671929e+03,6.593577999999999975e+02
1.051034723161427110e+03,6.593577999999999975e+02
1.051070664319265461e+03,6.593577999999999975e+02
1.051337769038869283e+03,6.593577999999999975e+02
1.051258048145859220e+03,6.593577999999999975e+02
1.051409557004591989e+03,6.593577999999999975e+02
1.051445431972452752e+03,6.593577999999999975e+02
1.051944503748231909e+03,6.593577999999999975e+02
1.051632815799046512e+03,6.593577999999999975e+02
1.051784390847757095e+03,6.593577999999999975e+02
1.051820199625640271e+03,6.593577999999999975e+02
1.052087701625441696e+03,6.593577999999999975e+02
1.052007583452234030e+03,6.593577999999999975e+02
1.052159224690921974e+03,6.593577999999999975e+02
1.052194967278827562e+03,6.593577999999999975e+02
1.053160551359773535e+03,6.593577999999999975e+02
1.052382351105421094e+03,6.593577999999999975e+02
1.052534058534086853e+03,6.593577999999999975e+02
1.052569734932014853e+03,6.593577999999999975e+02
1.052837634212014109e+03,6.593577999999999975e+02
1.052757118758608613e+03,6.593577999999999975e+02
1.052908892377251959e+03,6.593577999999999975e+02
1.052944502585202372e+03,6.593577999999999975e+02
1.053445429646393222e+03,6.593577999999999975e+02
1.053131886411795904e+03,6.593577999999999975e+02
1.053283726220416838e+03,6.593577999999999975e+02
1.053319270238389663e+03,6.593577999999999975e+02
1.053587566798586522e+03,6.593577999999999975e+02
1.053506654064983195e+03,6.593577999999999975e+02
1.053658560063581717e+03,6.593577999999999975e+02
1.053694037891576954e+03,6.593577999999999975e+02
1.055603010625000024e+03,6.593577999999999975e+02
1.053881421718170714e+03,6.593577999999999975e+02
1.054033393906746824e+03,6.593577999999999975e+02
1.054068805544764473e+03,6.593577999999999975e+02
1.054337499385158935e+03,6.593577999999999975e+02
1.054256189371358005e+03,6.593577999999999975e+02
1.054408227749911703e+03,6.593577999999999975e+02
1.054443573197951537e+03,6.593577999999999975e+02
1.054946355544554535e+03,6.593577999999999975e+02
1.054630957024545296e+03,6.593577999999999975e+02
1.054783061593076582e+03,6.593577999999999975e+02
1.054818340851139055e+03,6.593577999999999975e+02
1.055087431971731576e+03,6.593577999999999975e+02
1.055005724677732815e+03,6.593577999999999975e+02
1.055157895436241688e+03,6.593577999999999975e+02
1.055193108504326574e+03,6.593577999999999975e+02
1.056166655070821662e+03,6.593577999999999975e+02
1.055380492330920106e+03,6.593577999999999975e+02
1.055532729279406567e+03,6.593577999999999975e+02
1.055567876157513638e+03,6.593577999999999975e+02
1.055837364558303989e+03,6.593577999999999975e+02
1.055755259984107397e+03,6.593577999999999975e+02
1.055907563122571446e+03,6.593577999999999975e+02
1.055942643810701156e+03,6.593577999999999975e+02
1.056447281442715848e+03,6.593577999999999975e+02
1.056130027637294916e+03,6.593577999999999975e+02
1.056282396965736552e+03,6.593577999999999975e+02
1.056317411463888448e+03,6.593577999999999975e+02
1.056587297144876402e+03,6.593577999999999975e+02
1.056504795290482207e+03,6.593577999999999975e+02
1.056657230808901431e+03,6.593577999999999975e+02
1.056692179117075739e+03,6.593577999999999975e+02
1.086355000000000018e+03,6.245624000000000251e+02
1.056879562943669498e+03,5.827345000000000255e+02
1.057032064652066310e+03,5.827345000000000255e+02
1.057066946770263257e+03,5.827345000000000255e+02
1.057337229731448815e+03,5.827345000000000255e+02
1.057254330596857017e+03,5.827345000000000255e+02
1.057406898495231417e+03,5.827345000000000255e+02
1.057441714423450549e+03,5.827345000000000255e+02
1.057948207340877161e+03,5.827345000000000255e+02
1.057629098250044080e+03,5.827345000000000255e+02
1.057781732338396296e+03,5.827345000000000255e+02
1.057816482076637840e+03,5.827345000000000255e+02
1.058087162318021228e+03,5.827345000000000255e+02
1.058003865903231599e+03,5.827345000000000255e+02
1.058156566181561175e+03,5.827345000000000255e+02
1.058191249729825358e+03,5.827345000000000255e+02
1.059172758781869788e+03,5.827345000000000255e+02
1.058378633556418890e+03,5.827345000000000255e+02
1.058531400024726281e+03,5.827345000000000255e+02
1.058566017383012650e+03,5.827345000000000255e+02
1.058837094904593869e+03,5.827345000000000255e+02
1.058753401209606182e+03,5.827345000000000255e+02
1.058906233867891387e+03,5.827345000000000255e+02
1.058940785036199941e+03,5.827345000000000255e+02
1.059449133239038247e+03,5.827345000000000255e+02
1.059128168862793700e+03,5.827345000000000255e+02
1.059281067711056039e+03,5.827345000000000255e+02
1.059315552689387459e+03,5.827345000000000255e+02
1.059587027491166282e+03,5.827345000000000255e+02
1.059502936515980991e+03,5.827345000000000255e+02
1.059655901554221145e+03,5.827345000000000255e+02
1.059690320342574523e+03,5.827345000000000255e+02
1.061632298181818214e+03,6.572165499999999838e+02
1.059877704169168283e+03,5.051738300000000095e+02
1.060030735397386252e+03,5.051738300000000095e+02
1.060065087995762042e+03,5.051738300000000095e+02
1.060336960077738695e+03,5.051738300000000095e+02
1.060252471822355801e+03,5.051738300000000095e+02
1.060405569240550903e+03,5.051738300000000095e+02
1.060439855648949560e+03,5.051738300000000095e+02
1.060950059137199332e+03,5.051738300000000095e+02
1.060627239475543092e+03,5.051738300000000095e+02
1.060780403083716010e+03,5.051738300000000095e+02
1.060814623302136624e+03,5.051738300000000095e+02
1.061086892664311108e+03,5.051738300000000095e+02
1.061002007128730384e+03,5.051738300000000095e+02
1.061155236926881116e+03,5.051738300000000095e+02
1.061189390955324143e+03,5.051738300000000095e+02
1.062178862492917915e+03,6.572165499999999838e+02
1.061376774781917902e+03,6.572165499999999838e+02
1.061530070770045768e+03,6.572165499999999838e+02
1.061564158608511434e+03,6.572165499999999838e+02
1.061836825250883521e+03,6.572165499999999838e+02
1.061751542435105193e+03,6.572165499999999838e+02
1.061904904613210874e+03,6.572165499999999838e+02
1.061938926261698725e+03,6.572165499999999838e+02
1.062450985035360645e+03,6.572165499999999838e+02
1.062126310088292485e+03,6.572165499999999838e+02
1.062279738456375981e+03,6.572165499999999838e+02
1.062313693914886244e+03,6.572165499999999838e+02
1.062586757837455934e+03,6.572165499999999838e+02
1.062501077741480003e+03,6.572165499999999838e+02
1.062654572299540860e+03,6.572165499999999838e+02
1.062688461568073535e+03,6.572165499999999838e+02
1.087375900000000001e+03,6.213808599999999842e+02
1.062875845394667067e+03,6.350413999999999533e+02
1.063029406142705739e+03,6.350413999999999533e+02
1.063063229221260826e+03,6.350413999999999533e+02
1.063336690424028347e+03,6.350413999999999533e+02
1.063250613047854586e+03,6.350413999999999533e+02
1.063404239985870845e+03,6.350413999999999533e+02
1.063437996874448345e+03,6.350413999999999533e+02
1.063951910933521958e+03,6.350413999999999533e+02
1.063625380701041877e+03,6.350413999999999533e+02
1.063779073829035724e+03,6.350413999999999533e+02
1.063812764527635636e+03,6.350413999999999533e+02
1.064086623010600761e+03,6.350413999999999533e+02
1.064000148354229168e+03,6.350413999999999533e+02
1.064153907672200603e+03,6.350413999999999533e+02
1.064187532180822927e+03,6.350413999999999533e+02
1.065184966203966269e+03,6.350413999999999533e+02
1.064374916007416687e+03,6.350413999999999533e+02
1.064528741515365709e+03,6.350413999999999533e+02
1.064562299834010446e+03,6.350413999999999533e+02
1.064836555597173174e+03,6.350413999999999533e+02
1.064749683660603978e+03,6.350413999999999533e+02
1.064903575358530588e+03,6.350413999999999533e+02
1.064937067487197510e+03,6.350413999999999533e+02
1.065452836831683271e+03,6.350413999999999533e+02
1.065124451313791269e+03,6.350413999999999533e+02
1.065278409201695467e+03,6.350413999999999533e+02
1.065311835140385028e+03,6.350413999999999533e+02
1.065586488183745587e+03,6.350413999999999533e+02
1.065499218966978788e+03,6.350413999999999533e+02
1.065653243044860574e+03,6.350413999999999533e+02
1.065686602793572547e+03,6.350413999999999533e+02
1.067661585738636404e+03,5.945722700000000032e+02
1.065873986620166079e+03,5.945722700000000032e+02
1.066028076888025453e+03,5.945722700000000032e+02
1.066061370446759611e+03,5.945722700000000032e+02
1.066336420770318000e+03,5.945722700000000032e+02
1.066248754273353370e+03,5.945722700000000032e+02
1.066402910731190332e+03,5.945722700000000032e+02
1.066436138099947129e+03,5.945722700000000032e+02
1.066953762729844584e+03,5.945722700000000032e+02
1.066623521926540889e+03,5.945722700000000032e+02
1.066777744574355438e+03,5.945722700000000032e+02
1.066810905753134421e+03,5.945722700000000032e+02
1.067086353356890413e+03,5.945722700000000032e+02
1.066998289579728180e+03,5.945722700000000032e+02
1.067152578417520317e+03,5.945722700000000032e+02
1.067185673406321712e+03,5.945722700000000032e+02
1.068191069915014396e+03,5.945722700000000032e+02
1.067373057232915471e+03,5.945722700000000032e+02
1.067527412260685196e+03,5.945722700000000032e+02
1.067560441059509230e+03,5.945722700000000032e+02
1.067836285943462826e+03,5.945722700000000032e+02
1.067747824886102990e+03,5.945722700000000032e+02
1.067902246103850302e+03,5.945722700000000032e+02
1.067935208712696522e+03,5.945722700000000032e+02
1.068454688628005670e+03,5.945722700000000032e+02
1.068122592539290054e+03,5.945722700000000032e+02
1.068277079947015181e+03,5.945722700000000032e+02
1.068309976365883813e+03,5.945722700000000032e+02
1.068586218530035467e+03,5.945722700000000032e+02
1.068497360192477572e+03,5.945722700000000032e+02
1.068651913790180060e+03,5.945722700000000032e+02
1.068684744019071331e+03,5.945722700000000032e+02
1.087623800000000074e+03,6.195069600000000491e+02
1.068872127845665091e+03,6.478298300000000154e+02
1.069026747633345167e+03,6.478298300000000154e+02
1.069059511672258623e+03,6.478298300000000154e+02
1.069336151116607880e+03,6.478298300000000154e+02
1.069246895498852155e+03,6.478298300000000154e+02
1.069401581476510046e+03,6.478298300000000154e+02
1.069434279325445914e+03,6.478298300000000154e+02
1.069955614526166983e+03,6.478298300000000154e+02
1.069621663152039673e+03,6.478298300000000154e+02
1.069776415319674925e+03,6.478298300000000154e+02
1.069809046978633432e+03,6.478298300000000154e+02
1.070086083703180293e+03,6.478298300000000154e+02
1.069996430805226964e+03,6.478298300000000154e+02
1.070151249162840031e+03,6.478298300000000154e+02
1.070183814631820724e+03,6.478298300000000154e+02
1.071197173626062522e+03,6.478298300000000154e+02
1.070371198458414256e+03,6.478298300000000154e+02
1.070526083006004910e+03,6.478298300000000154e+02
1.070558582285008015e+03,6.478298300000000154e+02
1.070836016289752706e+03,6.478298300000000154e+02
1.070745966111601774e+03,6.478298300000000154e+02
1.070900916849169789e+03,6.478298300000000154e+02
1.070933349938195533e+03,6.478298300000000154e+02
1.071456540424328068e+03,6.478298300000000154e+02
1.071120733764789065e+03,6.478298300000000154e+02
1.071275750692334896e+03,6.478298300000000154e+02
1.071308117591382597e+03,6.478298300000000154e+02
1.071585948876325119e+03,6.478298300000000154e+02
1.071495501417976357e+03,6.478298300000000154e+02
1.071650584535500002e+03,6.478298300000000154e+02
1.071682885244570116e+03,6.478298300000000154e+02
1.073690873295454594e+03,6.478298300000000154e+02
1.071870269071163875e+03,6.478298300000000154e+02
1.072025418378664654e+03,6.478298300000000154e+02
1.072057652897757407e+03,6.478298300000000154e+02
1.072335881462897760e+03,6.478298300000000154e+02
1.072245036724351166e+03,6.478298300000000154e+02
1.072400252221829760e+03,6.478298300000000154e+02
1.072432420550944698e+03,6.478298300000000154e+02
1.072957466322489381e+03,6.478298300000000154e+02
1.072619804377538458e+03,6.478298300000000154e+02
1.072775086064994866e+03,6.478298300000000154e+02
1.072807188204132217e+03,6.478298300000000154e+02
1.073085814049470173e+03,6.478298300000000154e+02
1.072994572030725976e+03,6.478298300000000154e+02
1.073149919908159518e+03,6.478298300000000154e+02
1.073181955857319508e+03,6.478298300000000154e+02
1.074203277337110649e+03,6.478298300000000154e+02
1.073369339683913040e+03,6.478298300000000154e+02
1.073524753751324624e+03,6.478298300000000154e+02
1.073556723510506799e+03,6.478298300000000154e+02
1.073835746636042586e+03,6.478298300000000154e+02
1.073744107337100559e+03,6.478298300000000154e+02
1.073899587594489731e+03,6.478298300000000154e+02
1.073931491163694318e+03,6.478298300000000154e+02
1.074458392220650694e+03,6.478298300000000154e+02
1.074118874990288077e+03,6.478298300000000154e+02
1.074274421437654610e+03,6.478298300000000154e+02
1.074306258816881609e+03,6.478298300000000154e+02
1.074585679222614999e+03,6.478298300000000154e+02
1.074493642643475141e+03,6.478298300000000154e+02
1.074649255280819489e+03,6.478298300000000154e+02
1.074681026470068900e+03,6.478298300000000154e+02
1.086597800000000007e+03,6.146739499999999907e+02
1.074868410296662660e+03,6.078196000000000367e+02
1.075024089123984595e+03,6.078196000000000367e+02
1.075055794123256419e+03,6.078196000000000367e+02
1.075335611809187412e+03,6.078196000000000367e+02
1.075243177949849951e+03,6.078196000000000367e+02
1.075398922967149474e+03,6.078196000000000367e+02
1.075430561776443710e+03,6.078196000000000367e+02
1.075959318118812007e+03,6.078196000000000367e+02
1.075617945603037242e+03,6.078196000000000367e+02
1.075773756810314353e+03,6.078196000000000367e+02
1.075805329429631001e+03,6.078196000000000367e+02
1.076085544395759825e+03,6.078196000000000367e+02
1.075992713256224761e+03,6.078196000000000367e+02
1.076148590653479459e+03,6.078196000000000367e+02
1.076180097082818520e+03,6.078196000000000367e+02
1.077209381048158775e+03,6.078196000000000367e+02
1.076367480909412052e+03,6.078196000000000367e+02
1.076523424496644338e+03,6.078196000000000367e+02
1.076554864736005584e+03,6.078196000000000367e+02
1.076835476982332239e+03,6.078196000000000367e+02
1.076742248562599343e+03,6.078196000000000367e+02
1.076898258339809217e+03,6.078196000000000367e+02
1.076929632389193102e+03,6.078196000000000367e+02
1.077460244016973320e+03,6.078196000000000367e+02
1.077117016215786862e+03,6.078196000000000367e+02
1.077273092182974324e+03,6.078196000000000367e+02
1.077304400042380394e+03,6.078196000000000367e+02
1.077585409568904652e+03,6.078196000000000367e+02
1.077491783868974153e+03,6.078196000000000367e+02
1.077647926026139203e+03,6.078196000000000367e+02
1.077679167695567685e+03,6.078196000000000367e+02
1.079720160852272784e+03,6.078196000000000367e+02
1.077866551522161444e+03,6.078196000000000367e+02
1.078022759869304082e+03,6.078196000000000367e+02
1.078053935348755203e+03,6.078196000000000367e+02
1.078335342155477065e+03,6.078196000000000367e+02
1.078241319175348963e+03,6.078196000000000367e+02
1.078397593712469188e+03,6.078196000000000367e+02
1.078428703001942495e+03,6.078196000000000367e+02
1.078961169915134406e+03,6.078196000000000367e+02
1.078616086828536027e+03,6.078196000000000367e+02
1.078772427555634067e+03,6.078196000000000367e+02
1.078803470655129786e+03,6.078196000000000367e+02
1.079085274742049478e+03,6.078196000000000367e+02
1.078990854481723545e+03,6.078196000000000367e+02
1.079147261398798946e+03,6.078196000000000367e+02
1.079178238308317304e+03,6.078196000000000367e+02
1.080215484759206902e+03,6.078196000000000367e+02
1.079365622134911064e+03,6.078196000000000367e+02
1.079522095241964053e+03,6.078196000000000367e+02
1.079553005961504596e+03,6.078196000000000367e+02
1.079835207328621891e+03,6.078196000000000367e+02
1.079740389788098128e+03,6.078196000000000367e+02
1.079896929085128932e+03,6.078196000000000367e+02
1.079927773614691887e+03,6.078196000000000367e+02
1.080462095813295718e+03,6.078196000000000367e+02
1.080115157441285646e+03,6.078196000000000367e+02
1.080271762928293811e+03,6.078196000000000367e+02
1.080302541267879405e+03,6.078196000000000367e+02
1.080585139915194304e+03,6.078196000000000367e+02
1.080489925094472937e+03,6.078196000000000367e+02
1.080646596771458917e+03,6.078196000000000367e+02
1.080677308921066697e+03,6.078196000000000367e+02
1.080989000000000033e+03,6.078196000000000367e+02
1.080864692747660229e+03,6.078196000000000367e+02
1.081021430614623796e+03,6.078196000000000367e+02
1.081052076574253988e+03,6.078196000000000367e+02
1.081335072501766717e+03,6.078196000000000367e+02
1.081239460400847747e+03,6.078196000000000367e+02
1.081396264457788675e+03,6.078196000000000367e+02
1.081426844227441507e+03,6.078196000000000367e+02
1.081963021711456804e+03,6.353458000000000538e+02
1.081614228054035038e+03,6.353458000000000538e+02
1.081771098300953781e+03,6.353458000000000538e+02
1.081801611880628570e+03,6.353458000000000538e+02
1.082085005088339358e+03,6.353458000000000538e+02
1.081988995707222330e+03,6.353458000000000538e+02
1.082145932144118660e+03,6.353458000000000538e+02
1.082176379533816089e+03,6.353458000000000538e+02
1.083221588470255028e+03,6.353458000000000538e+02
1.082363763360409848e+03,6.353458000000000538e+02
1.082520765987283539e+03,6.353458000000000538e+02
1.082551147187003380e+03,6.353458000000000538e+02
1.082834937674911771e+03,6.353458000000000538e+02
1.082738531013597139e+03,6.353458000000000538e+02
1.082895599830448646e+03,6.353458000000000538e+02
1.082925914840190671e+03,6.353458000000000538e+02
1.083463947609618117e+03,6.353458000000000538e+02
1.083113298666784431e+03,6.353458000000000538e+02
1.083270433673613525e+03,6.353458000000000538e+02
1.083300682493378190e+03,6.353458000000000538e+02
1.083584870261484184e+03,6.353458000000000538e+02
1.083488066319971949e+03,6.353458000000000538e+02
1.083645267516778404e+03,6.353458000000000538e+02
1.083675450146565481e+03,6.353458000000000538e+02
1.085749448409090974e+03,6.245624000000000251e+02
1.083862833973159240e+03,6.245624000000000251e+02
1.084020101359943510e+03,6.245624000000000251e+02
1.084050217799752772e+03,6.245624000000000251e+02
1.084334802848056597e+03,6.245624000000000251e+02
1.084237601626346532e+03,6.245624000000000251e+02
1.084394935203108616e+03,6.245624000000000251e+02
1.084424985452940291e+03,6.245624000000000251e+02
1.084964873507779430e+03,6.245624000000000251e+02
1.084612369279534050e+03,6.245624000000000251e+02
1.084769769046273268e+03,6.245624000000000251e+02
1.084799753106127582e+03,6.245624000000000251e+02
1.085084735434629010e+03,6.245624000000000251e+02
1.084987136932721114e+03,6.245624000000000251e+02
1.085144602889438374e+03,6.245624000000000251e+02
1.085174520759314873e+03,6.245624000000000251e+02
1.086227692181303155e+03,6.245624000000000251e+02
1.085361904585908633e+03,6.245624000000000251e+02
1.085519436732603481e+03,6.245624000000000251e+02
1.085549288412502392e+03,6.245624000000000251e+02
1.085834668021201651e+03,6.245624000000000251e+02
1.085736672239095924e+03,6.245624000000000251e+02
1.085894270575768132e+03,6.245624000000000251e+02
1.085924056065689683e+03,6.245624000000000251e+02
1.086465799405940743e+03,6.245624000000000251e+02
1.086111439892283215e+03,6.245624000000000251e+02
1.086269104418933239e+03,6.245624000000000251e+02
1.086298823718876974e+03,6.245624000000000251e+02
1.086584600607774064e+03,6.146739499999999907e+02
1.086486207545470734e+03,6.245624000000000251e+02
1.086643938262098345e+03,6.146739499999999907e+02
1.086673591372064493e+03,6.146739499999999907e+02
1.067705400000000054e+03,5.945722700000000032e+02
1.086860975198658025e+03,6.213808599999999842e+02
1.087018772105263224e+03,6.213808599999999842e+02
1.087048359025251557e+03,6.213808599999999842e+02
1.087334533194346477e+03,6.213808599999999842e+02
1.087235742851845316e+03,6.213808599999999842e+02
1.087393605948428103e+03,6.213808599999999842e+02
1.087423126678439075e+03,6.083818400000000111e+02
1.087966725304102056e+03,6.195069600000000491e+02
1.087610510505032835e+03,6.195069600000000491e+02
1.087768439791593210e+03,6.195069600000000491e+02
1.087797894331626594e+03,6.195069600000000491e+02
1.088084465780918890e+03,6.195069600000000491e+02
1.087985278158220126e+03,6.195069600000000491e+02
1.088143273634758089e+03,6.195069600000000491e+02
1.088172661984813658e+03,6.195069600000000491e+02
1.089233795892351282e+03,6.195069600000000491e+02
1.088360045811407417e+03,6.195069600000000491e+02
1.088518107477922968e+03,6.195069600000000491e+02
1.088547429638001176e+03,6.195069600000000491e+02
1.088834398367491303e+03,6.195069600000000491e+02
1.088734813464594936e+03,6.195069600000000491e+02
1.088892941321088074e+03,6.195069600000000491e+02
1.088922197291188468e+03,6.195069600000000491e+02
1.089467651202263141e+03,6.195069600000000491e+02
1.089109581117782227e+03,6.195069600000000491e+02
1.089267775164252953e+03,6.195069600000000491e+02
1.089296964944375759e+03,6.195069600000000491e+02
1.089584330954063716e+03,6.195069600000000491e+02
1.089484348770969518e+03,6.195069600000000491e+02
1.089642609007417832e+03,6.195069600000000491e+02
1.089671732597563278e+03,6.195069600000000491e+02
1.091778735965909163e+03,4.949341999999999757e+02
1.089859116424157037e+03,4.949341999999999757e+02
1.090017442850582938e+03,4.949341999999999757e+02
1.090046500250750569e+03,4.949341999999999757e+02
1.090334263540636130e+03,4.949341999999999757e+02
1.090233884077344101e+03,4.949341999999999757e+02
1.090392276693747817e+03,4.949341999999999757e+02
1.090421267903937860e+03,4.949341999999999757e+02
1.090968577100424227e+03,4.949341999999999757e+02
1.090608651730531619e+03,4.949341999999999757e+02
1.090767110536912696e+03,4.949341999999999757e+02
1.090796035557125379e+03,4.949341999999999757e+02
1.091084196127208543e+03,4.949341999999999757e+02
1.090983419383718910e+03,4.949341999999999757e+02
1.091141944380077803e+03,4.949341999999999757e+02
1.091170803210312670e+03,4.949341999999999757e+02
1.092239899603399408e+03,4.949341999999999757e+02
1.091358187036906202e+03,4.949341999999999757e+02
1.091516778223242682e+03,4.949341999999999757e+02
1.091545570863499961e+03,4.949341999999999757e+02
1.091834128713780956e+03,4.949341999999999757e+02
1.091732954690093720e+03,4.949341999999999757e+02
1.091891612066407561e+03,4.949341999999999757e+02
1.091920338516687480e+03,4.949341999999999757e+02
1.092469502998585540e+03,4.949341999999999757e+02
1.092107722343281011e+03,4.949341999999999757e+02
1.092266445909572667e+03,4.949341999999999757e+02
1.092295106169874543e+03,4.949341999999999757e+02
1.092584061300353369e+03,4.949341999999999757e+02
1.092482489996468303e+03,4.949341999999999757e+02
1.092641279752737546e+03,4.949341999999999757e+02
1.092669873823062062e+03,4.949341999999999757e+02
1.058133399999999938e+03,5.827345000000000255e+02
1.092857257649655821e+03,4.949341999999999757e+02
1.093016113595902425e+03,4.949341999999999757e+02
1.093044641476249581e+03,4.949341999999999757e+02
1.093333993886925782e+03,4.949341999999999757e+02
1.093232025302843113e+03,4.949341999999999757e+02
1.093390947439067531e+03,4.949341999999999757e+02
1.093419409129436644e+03,4.949341999999999757e+02
1.093970428896746853e+03,4.949341999999999757e+02
1.093606792956030404e+03,4.949341999999999757e+02
1.093765781282232410e+03,4.949341999999999757e+02
1.093794176782624163e+03,4.949341999999999757e+02
1.094083926473498195e+03,4.949341999999999757e+02
1.093981560609217922e+03,4.949341999999999757e+02
1.094140615125397289e+03,4.949341999999999757e+02
1.094168944435811454e+03,4.949341999999999757e+02
1.095246003314447762e+03,4.949341999999999757e+02
1.094356328262405214e+03,4.949341999999999757e+02
1.094515448968562396e+03,4.949341999999999757e+02
1.094543712088998745e+03,4.949341999999999757e+02
1.094833859060070608e+03,4.949341999999999757e+02
1.094731095915592505e+03,4.949341999999999757e+02
1.094890282811727275e+03,4.949341999999999757e+02
1.094918479742186264e+03,4.949341999999999757e+02
1.095471354794908166e+03,4.949341999999999757e+02
1.095105863568780023e+03,4.949341999999999757e+02
1.095265116654892154e+03,4.949341999999999757e+02
1.095293247395373555e+03,4.949341999999999757e+02
1.095583791646643249e+03,4.949341999999999757e+02
1.095480631221967087e+03,4.949341999999999757e+02
1.095639950498057260e+03,4.949341999999999757e+02
1.095668015048560846e+03,4.949341999999999757e+02
1.097808023522727126e+03,4.949341999999999757e+02
1.095855398875154606e+03,4.949341999999999757e+02
1.096014784341222366e+03,4.949341999999999757e+02
1.096042782701748365e+03,4.949341999999999757e+02
1.096333724233215662e+03,4.949341999999999757e+02
1.096230166528341897e+03,4.949341999999999757e+02
1.096389618184387018e+03,4.949341999999999757e+02
1.096417550354935656e+03,4.949341999999999757e+02
1.096972280693069479e+03,4.949341999999999757e+02
1.096604934181529188e+03,4.949341999999999757e+02
1.096764452027552124e+03,4.949341999999999757e+02
1.096792318008122948e+03,4.949341999999999757e+02
1.097083656819788075e+03,4.949341999999999757e+02
1.096979701834716707e+03,4.949341999999999757e+02
1.097139285870717231e+03,4.949341999999999757e+02
1.097167085661310466e+03,4.949341999999999757e+02
1.098252107025495889e+03,4.949341999999999757e+02
1.097354469487903998e+03,4.949341999999999757e+02
1.097514119713881882e+03,4.949341999999999757e+02
1.097541853314497530e+03,4.949341999999999757e+02
1.097833589406360488e+03,4.949341999999999757e+02
1.097729237141091289e+03,4.949341999999999757e+02
1.097888953557046989e+03,4.949341999999999757e+02
1.097916620967685049e+03,4.949341999999999757e+02
1.098473206591230564e+03,4.949341999999999757e+02
1.098104004794278808e+03,4.949341999999999757e+02
1.098263787400212095e+03,4.949341999999999757e+02
1.098291388620872567e+03,4.949341999999999757e+02
1.098583521992932901e+03,4.949341999999999757e+02
1.098478772447466099e+03,4.949341999999999757e+02
1.098638621243376747e+03,4.949341999999999757e+02
1.098666156274059631e+03,4.949341999999999757e+02
1.038977699999999913e+03,5.504385999999999513e+02
1.098853540100653390e+03,6.548506999999999607e+02
1.099013455086541853e+03,6.548506999999999607e+02
1.099040923927247150e+03,6.548506999999999607e+02
1.099333454579505542e+03,6.548506999999999607e+02
1.099228307753840909e+03,6.548506999999999607e+02
1.099388288929706960e+03,6.548506999999999607e+02
1.099415691580434441e+03,6.548506999999999607e+02
1.099974132489391877e+03,6.548506999999999607e+02
1.099603075407028200e+03,6.548506999999999607e+02
1.099763122772871839e+03,6.548506999999999607e+02
1.099790459233621732e+03,6.548506999999999607e+02
1.100083387166077955e+03,6.548506999999999607e+02
1.099977843060215491e+03,6.548506999999999607e+02
1.100137956616036718e+03,6.548506999999999607e+02
1.100165226886809251e+03,6.548506999999999607e+02
1.101258210736544015e+03,6.548506999999999607e+02
1.100352610713403010e+03,6.548506999999999607e+02
1.100512790459201824e+03,6.548506999999999607e+02
1.100539994539996542e+03,6.548506999999999607e+02
1.100833319752650368e+03,6.548506999999999607e+02
1.100727378366590074e+03,6.548506999999999607e+02
1.100887624302366703e+03,6.548506999999999607e+02
1.100914762193183833e+03,6.548506999999999607e+02
1.101475058387552963e+03,6.548506999999999607e+02
1.101102146019777592e+03,6.548506999999999607e+02
1.101262458145531582e+03,6.548506999999999607e+02
1.101289529846371352e+03,6.548506999999999607e+02
1.101583252339222781e+03,6.548506999999999607e+02
1.101476913672965111e+03,6.548506999999999607e+02
1.101637291988696688e+03,6.548506999999999607e+02
1.101664297499558643e+03,6.548506999999999607e+02
1.103837311079545543e+03,6.548506999999999607e+02
1.101851681326152175e+03,6.548506999999999607e+02
1.102012125831861567e+03,6.548506999999999607e+02
1.102039065152745934e+03,6.548506999999999607e+02
1.102333184925795194e+03,6.548506999999999607e+02
1.102226448979339693e+03,6.548506999999999607e+02
1.102386959675026446e+03,6.548506999999999607e+02
1.102413832805933453e+03,6.548506999999999607e+02
1.102975984285714276e+03,6.548506999999999607e+02
1.102601216632526985e+03,6.548506999999999607e+02
1.102761793518191553e+03,6.548506999999999607e+02
1.102788600459120744e+03,6.548506999999999607e+02
1.103083117512367608e+03,6.548506999999999607e+02
1.102975984285714276e+03,6.548506999999999607e+02
1.103136627361356432e+03,6.548506999999999607e+02
1.103163368112308035e+03,6.548506999999999607e+02
1.104264314447592142e+03,6.548506999999999607e+02
1.103350751938901794e+03,6.548506999999999607e+02
1.103511461204521311e+03,6.548506999999999607e+02
1.103538135765495554e+03,6.548506999999999607e+02
1.103833050098940021e+03,6.548506999999999607e+02
1.103725519592089086e+03,6.548506999999999607e+02
1.103886295047686417e+03,6.548506999999999607e+02
1.103912903418682617e+03,6.548506999999999607e+02
1.104476910183875589e+03,6.548506999999999607e+02
1.104100287245276377e+03,6.548506999999999607e+02
1.104261128890851296e+03,6.548506999999999607e+02
1.104287671071870136e+03,6.548506999999999607e+02
1.104582982685512434e+03,6.548506999999999607e+02
1.104475054898463895e+03,6.548506999999999607e+02
1.104635962734016175e+03,6.548506999999999607e+02
1.104662438725057427e+03,6.548506999999999607e+02
1.038192099999999982e+03,5.331233999999999469e+02
1.104849822551651187e+03,6.548506999999999607e+02
1.105010796577181281e+03,6.548506999999999607e+02
1.105037206378244719e+03,6.548506999999999607e+02
1.105332915272084847e+03,6.548506999999999607e+02
1.105224590204838478e+03,6.548506999999999607e+02
1.105385630420346160e+03,6.548506999999999607e+02
1.105411974031432237e+03,6.548506999999999607e+02
1.105977836082036902e+03,6.548506999999999607e+02
1.105599357858025996e+03,6.548506999999999607e+02
1.105760464263511039e+03,6.548506999999999607e+02
1.105786741684619528e+03,6.548506999999999607e+02
1.106082847858657260e+03,6.548506999999999607e+02
1.105974125511213060e+03,6.548506999999999607e+02
1.106135298106676146e+03,6.548506999999999607e+02
1.106161509337806820e+03,6.548506999999999607e+02
1.107270418158640496e+03,6.548506999999999607e+02
1.106348893164400579e+03,6.548506999999999607e+02
1.106510131949841025e+03,6.548506999999999607e+02
1.106536276990994338e+03,6.548506999999999607e+02
1.106832780445229673e+03,6.548506999999999607e+02
1.106723660817588097e+03,6.548506999999999607e+02
1.106884965793005904e+03,6.548506999999999607e+02
1.106911044644181629e+03,6.548506999999999607e+02
1.107478761980198215e+03,6.548506999999999607e+02
1.107098428470775161e+03,6.548506999999999607e+02
1.107259799636171010e+03,6.548506999999999607e+02
1.107285812297368921e+03,6.548506999999999607e+02
1.107582713031802086e+03,6.548506999999999607e+02
1.107473196123962680e+03,6.548506999999999607e+02
1.107634633479335889e+03,6.548506999999999607e+02
1.107660579950556439e+03,6.548506999999999607e+02
1.109866598636363506e+03,6.548506999999999607e+02
1.107847963777149971e+03,6.548506999999999607e+02
1.108009467322500768e+03,6.548506999999999607e+02
1.108035347603743730e+03,6.548506999999999607e+02
1.108332645618374499e+03,6.548506999999999607e+02
1.108222731430337262e+03,6.548506999999999607e+02
1.108384301165665875e+03,6.548506999999999607e+02
1.108410115256931022e+03,6.548506999999999607e+02
1.108979687878359300e+03,6.548506999999999607e+02
1.108597499083524781e+03,6.548506999999999607e+02
1.108759135008830981e+03,6.548506999999999607e+02
1.108784882910118540e+03,6.548506999999999607e+02
1.109082578204946913e+03,6.548506999999999607e+02
1.108972266736712072e+03,6.548506999999999607e+02
1.109133968851995633e+03,6.548506999999999607e+02
1.109159650563305604e+03,6.548506999999999607e+02
1.110276521869688622e+03,6.548506999999999607e+02
1.109347034389899363e+03,6.548506999999999607e+02
1.109508802695160739e+03,6.548506999999999607e+02
1.109534418216493123e+03,6.548506999999999607e+02
1.109832510791519553e+03,6.548506999999999607e+02
1.109721802043086882e+03,6.548506999999999607e+02
1.109883636538325845e+03,6.548506999999999607e+02
1.109909185869680414e+03,6.548506999999999607e+02
1.110480613776520613e+03,6.548506999999999607e+02
1.110096569696274173e+03,6.548506999999999607e+02
1.110258470381490497e+03,6.548506999999999607e+02
1.110283953522867705e+03,6.548506999999999607e+02
1.110582443378091966e+03,6.548506999999999607e+02
1.110471337349461464e+03,6.548506999999999607e+02
1.110633304224655603e+03,6.548506999999999607e+02
1.110658721176055224e+03,6.548506999999999607e+02
1.044016599999999926e+03,5.197318000000000211e+02
1.110846105002648983e+03,4.938841600000000085e+02
1.111008138067820710e+03,4.938841600000000085e+02
1.111033488829242515e+03,4.938841600000000085e+02
1.111332375964664379e+03,4.938841600000000085e+02
1.111220872655836047e+03,4.938841600000000085e+02
1.111382971910985589e+03,4.938841600000000085e+02
1.111408256482429806e+03,4.938841600000000085e+02
1.111981539674681699e+03,4.938841600000000085e+02
1.111595640309023565e+03,4.938841600000000085e+02
1.111757805754150468e+03,4.938841600000000085e+02
1.111783024135617325e+03,4.938841600000000085e+02
1.112082308551236792e+03,4.938841600000000085e+02
1.111970407962211084e+03,4.938841600000000085e+02
1.112132639597315574e+03,4.938841600000000085e+02
1.112157791788804616e+03,4.938841600000000085e+02
1.113282625580736749e+03,4.938841600000000085e+02
1.112345175615398148e+03,4.938841600000000085e+02
1.112507473440480453e+03,4.938841600000000085e+02
1.112532559441991907e+03,4.938841600000000085e+02
1.112832241137809433e+03,4.938841600000000085e+02
1.112719943268585666e+03,4.938841600000000085e+02
1.112882307283645332e+03,4.938841600000000085e+02
1.112907327095179426e+03,4.938841600000000085e+02
1.113482465572843012e+03,4.938841600000000085e+02
1.113094710921772958e+03,4.938841600000000085e+02
1.113257141126810438e+03,4.938841600000000085e+02
1.113282094748366717e+03,4.938841600000000085e+02
1.113582173724381846e+03,4.938841600000000085e+02
1.113469478574960249e+03,4.938841600000000085e+02
1.113631974969975317e+03,4.938841600000000085e+02
1.113656862401554008e+03,4.938841600000000085e+02
1.115895886193181923e+03,4.938841600000000085e+02
1.113844246228147767e+03,4.938841600000000085e+02
1.114006808813140196e+03,4.938841600000000085e+02
1.114031630054741527e+03,4.938841600000000085e+02
1.114332106310954259e+03,4.938841600000000085e+02
1.114219013881335059e+03,4.938841600000000085e+02
1.114381642656305303e+03,4.938841600000000085e+02
1.114406397707928591e+03,4.938841600000000085e+02
1.114983391471004325e+03,4.938841600000000085e+02
1.114593781534522350e+03,4.938841600000000085e+02
1.114756476499470182e+03,4.938841600000000085e+02
1.114781165361116109e+03,4.938841600000000085e+02
1.115082038897526672e+03,4.938841600000000085e+02
1.114968549187709868e+03,4.938841600000000085e+02
1.115131310342635061e+03,4.938841600000000085e+02
1.115155933014303400e+03,4.938841600000000085e+02
1.116288729291784875e+03,4.938841600000000085e+02
1.115343316840897160e+03,4.938841600000000085e+02
1.115506144185800167e+03,4.938841600000000085e+02
1.115530700667490692e+03,4.938841600000000085e+02
1.115831971484099086e+03,4.938841600000000085e+02
1.115718084494084451e+03,4.938841600000000085e+02
1.115880978028965046e+03,4.938841600000000085e+02
1.115905468320678210e+03,4.938841600000000085e+02
1.116484317369165638e+03,4.938841600000000085e+02
1.116092852147271969e+03,4.938841600000000085e+02
1.116255811872129925e+03,4.938841600000000085e+02
1.116280235973865501e+03,4.938841600000000085e+02
1.116581904070671499e+03,4.938841600000000085e+02
1.116467619800459261e+03,4.938841600000000085e+02
1.116630645715295032e+03,4.938841600000000085e+02
1.116655003627052793e+03,4.938841600000000085e+02
1.060999499999999898e+03,5.051738300000000095e+02
1.116842387453646552e+03,5.741481999999999744e+02
1.117005479558459911e+03,5.741481999999999744e+02
1.117029771280240311e+03,5.741481999999999744e+02
1.117331836657243912e+03,5.741481999999999744e+02
1.117217155106834070e+03,5.741481999999999744e+02
1.117380313401624790e+03,5.741481999999999744e+02
1.117404538933427602e+03,5.741481999999999744e+02
1.117985243267326950e+03,5.741481999999999744e+02
1.117591922760021134e+03,5.741481999999999744e+02
1.117755147244789896e+03,5.741481999999999744e+02
1.117779306586614894e+03,5.741481999999999744e+02
1.118081769243816325e+03,5.741481999999999744e+02
1.117966690413208653e+03,5.741481999999999744e+02
1.118129981087954775e+03,5.741481999999999744e+02
1.118154074239802412e+03,5.741481999999999744e+02
1.119294833002833002e+03,5.741481999999999744e+02
1.118341458066395944e+03,5.741481999999999744e+02
1.118504814931119654e+03,5.741481999999999744e+02
1.118528841892989703e+03,5.741481999999999744e+02
1.118831701830388738e+03,5.741481999999999744e+02
1.118716225719583235e+03,5.741481999999999744e+02
1.118879648774284760e+03,5.741481999999999744e+02
1.118903609546176995e+03,5.741481999999999744e+02
1.119486169165488036e+03,5.741481999999999744e+02
1.119090993372770754e+03,5.741481999999999744e+02
1.119254482617449639e+03,5.741481999999999744e+02
1.119278377199364513e+03,5.741481999999999744e+02
1.119581634416961151e+03,5.741481999999999744e+02
1.119465761025958045e+03,5.741481999999999744e+02
1.119629316460614518e+03,5.741481999999999744e+02
1.119653144852551577e+03,5.741481999999999744e+02
1.121925173749999885e+03,5.741481999999999744e+02
1.119840528679145336e+03,5.741481999999999744e+02
1.120004150303779625e+03,5.741481999999999744e+02
1.120027912505739096e+03,5.741481999999999744e+02
1.120331567003533564e+03,5.741481999999999744e+02
1.120215296332332855e+03,5.741481999999999744e+02
1.120378984146944504e+03,5.741481999999999744e+02
1.120402680158926614e+03,5.741481999999999744e+02
1.120987095063649122e+03,5.741481999999999744e+02
1.120590063985520146e+03,5.741481999999999744e+02
1.120753817990109383e+03,5.741481999999999744e+02
1.120777447812113678e+03,5.741481999999999744e+02
1.121081499590105977e+03,5.741481999999999744e+02
1.120964831638707437e+03,5.741481999999999744e+02
1.121128651833274489e+03,5.741481999999999744e+02
1.121152215465301197e+03,5.741481999999999744e+02
1.122300936713881129e+03,5.741481999999999744e+02
1.121339599291894956e+03,5.741481999999999744e+02
1.121503485676439595e+03,5.741481999999999744e+02
1.121526983118488488e+03,5.741481999999999744e+02
1.121831432176678391e+03,5.741481999999999744e+02
1.121714366945082247e+03,5.741481999999999744e+02
1.121878319519604247e+03,5.741481999999999744e+02
1.121901750771675779e+03,5.741481999999999744e+02
1.122488020961810435e+03,5.741481999999999744e+02
1.122089134598269538e+03,5.741481999999999744e+02
1.122253153362769353e+03,5.741481999999999744e+02
1.122276518424863298e+03,5.741481999999999744e+02
1.122581364763250804e+03,5.741481999999999744e+02
1.122463902251457057e+03,5.741481999999999744e+02
1.122627987205934460e+03,5.741481999999999744e+02
1.122651286078050589e+03,5.741481999999999744e+02
1.095075900000000047e+03,4.949341999999999757e+02
1.122838669904644121e+03,4.956399000000000115e+02
1.123002821049099111e+03,4.956399000000000115e+02
1.123026053731237880e+03,4.956399000000000115e+02
1.123331297349823444e+03,4.956399000000000115e+02
1.123213437557831639e+03,4.956399000000000115e+02
1.123377654892264218e+03,4.956399000000000115e+02
1.123400821384425399e+03,4.956399000000000115e+02
1.123988946859971747e+03,4.956399000000000115e+02
1.123588205211018931e+03,4.956399000000000115e+02
1.123752488735429324e+03,4.956399000000000115e+02
1.123775589037612690e+03,4.956399000000000115e+02
1.124081229936395857e+03,4.956399000000000115e+02
1.123962972864206222e+03,4.956399000000000115e+02
1.124127322578594203e+03,4.956399000000000115e+02
1.124150356690799981e+03,4.956399000000000115e+02
1.125307040424929255e+03,4.956399000000000115e+02
1.124337740517393740e+03,4.956399000000000115e+02
1.124502156421759082e+03,4.956399000000000115e+02
1.124525124343987500e+03,4.956399000000000115e+02
1.124831162522968270e+03,4.956399000000000115e+02
1.124712508170581032e+03,4.956399000000000115e+02
1.124876990264924189e+03,4.956399000000000115e+02
1.124899891997174564e+03,4.956399000000000115e+02
1.125489872758133060e+03,4.956399000000000115e+02
1.125087275823768323e+03,4.956399000000000115e+02
1.125251824108089068e+03,4.956399000000000115e+02
1.125274659650362082e+03,4.956399000000000115e+02
1.125581095109540684e+03,4.956399000000000115e+02
1.125462043476955841e+03,4.956399000000000115e+02
1.125626657951253947e+03,4.956399000000000115e+02
1.125649427303549601e+03,4.956399000000000115e+02
1.127954461306818303e+03,4.956399000000000115e+02
1.125836811130143133e+03,4.956399000000000115e+02
1.126001491794419053e+03,4.956399000000000115e+02
1.126024194956736665e+03,4.956399000000000115e+02
1.126331027696113324e+03,4.956399000000000115e+02
1.126211578783330424e+03,4.956399000000000115e+02
1.126376325637583932e+03,4.956399000000000115e+02
1.126398962609924183e+03,4.956399000000000115e+02
1.126990798656294373e+03,4.956399000000000115e+02
1.126586346436517942e+03,4.956399000000000115e+02
1.126751159480748811e+03,4.956399000000000115e+02
1.126773730263111474e+03,4.956399000000000115e+02
1.127080960282685737e+03,4.956399000000000115e+02
1.126961114089705234e+03,4.956399000000000115e+02
1.127125993323913917e+03,4.956399000000000115e+02
1.127148497916298766e+03,4.956399000000000115e+02
1.128313144135977382e+03,4.956399000000000115e+02
1.127335881742892525e+03,4.956399000000000115e+02
1.127500827167078796e+03,4.956399000000000115e+02
1.127523265569486284e+03,4.956399000000000115e+02
1.127830892869258150e+03,4.956399000000000115e+02
1.127710649396080044e+03,4.956399000000000115e+02
1.127875661010243675e+03,4.956399000000000115e+02
1.127898033222673575e+03,4.956399000000000115e+02
1.128491724554455459e+03,4.956399000000000115e+02
1.128085417049267107e+03,4.956399000000000115e+02
1.128250494853408782e+03,4.956399000000000115e+02
1.128272800875860867e+03,4.956399000000000115e+02
1.128580825455830563e+03,4.956399000000000115e+02
1.128460184702454626e+03,4.956399000000000115e+02
1.128625328696573661e+03,4.956399000000000115e+02
1.128647568529048385e+03,4.956399000000000115e+02
1.115431499999999915e+03,4.938841600000000085e+02
1.128834952355641917e+03,4.956399000000000115e+02
1.129000162539738540e+03,4.956399000000000115e+02
1.129022336182235676e+03,4.956399000000000115e+02
1.129330758042402977e+03,4.956399000000000115e+02
1.129209720008829208e+03,4.956399000000000115e+02
1.129374996382903646e+03,4.956399000000000115e+02
1.129397103835422968e+03,4.956399000000000115e+02
1.129992650452616772e+03,4.956399000000000115e+02
1.129584487662016727e+03,4.956399000000000115e+02
1.129749830226068525e+03,4.956399000000000115e+02
1.129771871488610486e+03,4.956399000000000115e+02
1.130080690628975390e+03,4.956399000000000115e+02
1.129959255315204018e+03,4.956399000000000115e+02
1.130124664069233404e+03,4.956399000000000115e+02
1.130146639141797550e+03,4.956399000000000115e+02
1.131319247847025508e+03,4.956399000000000115e+02
1.130334022968391309e+03,4.956399000000000115e+02
1.130499497912398510e+03,4.956399000000000115e+02
1.130521406794985069e+03,4.956399000000000115e+02
1.130830623215547803e+03,4.956399000000000115e+02
1.130708790621578828e+03,4.956399000000000115e+02
1.130874331755563389e+03,4.956399000000000115e+02
1.130896174448172587e+03,4.956399000000000115e+02
1.131493576350777857e+03,4.956399000000000115e+02
1.131083558274766119e+03,4.956399000000000115e+02
1.131249165598728268e+03,4.956399000000000115e+02
1.131270942101359651e+03,4.956399000000000115e+02
1.131580555802120216e+03,4.956399000000000115e+02
1.131458325927953410e+03,4.956399000000000115e+02
1.131623999441893375e+03,4.956399000000000115e+02
1.131645709754547170e+03,4.956399000000000115e+02
1.133983748863636265e+03,4.956399000000000115e+02
1.131833093581140929e+03,4.956399000000000115e+02
1.131998833285058254e+03,4.956399000000000115e+02
1.132020477407734461e+03,4.956399000000000115e+02
1.132330488388692629e+03,4.956399000000000115e+02
1.132207861234328220e+03,4.956399000000000115e+02
1.132373667128223133e+03,4.956399000000000115e+02
1.132395245060921752e+03,4.956399000000000115e+02
1.132994502248939170e+03,4.956399000000000115e+02
1.132582628887515511e+03,4.956399000000000115e+02
1.132748500971388239e+03,4.956399000000000115e+02
1.132770012714109271e+03,4.956399000000000115e+02
1.133080420975265042e+03,4.956399000000000115e+02
1.132957396540703030e+03,4.956399000000000115e+02
1.133123334814553345e+03,4.956399000000000115e+02
1.133144780367296562e+03,4.956399000000000115e+02
1.134325351558073635e+03,4.956399000000000115e+02
1.133332164193890094e+03,4.956399000000000115e+02
1.133498168657717997e+03,4.956399000000000115e+02
1.133519548020483853e+03,4.956399000000000115e+02
1.133830353561837455e+03,4.956399000000000115e+02
1.133706931847077612e+03,4.956399000000000115e+02
1.133873002500883103e+03,4.956399000000000115e+02
1.133894315673671372e+03,4.956399000000000115e+02
1.134495428147100483e+03,4.956399000000000115e+02
1.134081699500265131e+03,4.956399000000000115e+02
1.134247836344048210e+03,4.956399000000000115e+02
1.134269083326858663e+03,4.956399000000000115e+02
1.134580286148409868e+03,4.956399000000000115e+02
1.134456467153452195e+03,4.956399000000000115e+02
1.134622670187212861e+03,4.956399000000000115e+02
1.134643850980045954e+03,4.956399000000000115e+02
1.133280899999999974e+03,4.956399000000000115e+02
1.134831234806639713e+03,5.362672000000000025e+02
1.134997504030377968e+03,5.362672000000000025e+02
1.135018618633233473e+03,5.362672000000000025e+02
1.135330218734982282e+03,5.362672000000000025e+02
1.135206002459827005e+03,5.362672000000000025e+02
1.135372337873543074e+03,5.362672000000000025e+02
1.135393386286420764e+03,5.362672000000000025e+02
1.135996354045261796e+03,5.362672000000000025e+02
1.135580770113014296e+03,5.362672000000000025e+02
1.135747171716707726e+03,5.362672000000000025e+02
1.135768153939608055e+03,5.362672000000000025e+02
1.136080151321554695e+03,5.362672000000000025e+02
1.135955537766201815e+03,5.362672000000000025e+02
1.136122005559872832e+03,5.362672000000000025e+02
1.136142921592795574e+03,5.362672000000000025e+02
1.137331455269121989e+03,5.362672000000000025e+02
1.136330305419389106e+03,5.362672000000000025e+02
1.136496839403037939e+03,5.362672000000000025e+02
1.136517689245982638e+03,5.362672000000000025e+02
1.136830083908127335e+03,5.362672000000000025e+02
1.136705073072576397e+03,5.362672000000000025e+02
1.136871673246202818e+03,5.362672000000000025e+02
1.136892456899170156e+03,5.362672000000000025e+02
1.137497279943423109e+03,5.362672000000000025e+02
1.137079840725763916e+03,5.362672000000000025e+02
1.137246507089367697e+03,5.362672000000000025e+02
1.137267224552357447e+03,5.362672000000000025e+02
1.137580016494699748e+03,5.362672000000000025e+02
1.137454608378951207e+03,5.362672000000000025e+02
1.137621340932532803e+03,5.362672000000000025e+02
1.137641992205544739e+03,5.362672000000000025e+02
1.140013036420454682e+03,5.081952999999999747e+02
1.137829376032138498e+03,5.081952999999999747e+02
1.137996174775697682e+03,5.081952999999999747e+02
1.138016759858732257e+03,5.081952999999999747e+02
1.138329949081272161e+03,5.081952999999999747e+02
1.138204143685326017e+03,5.081952999999999747e+02
1.138371008618862561e+03,5.081952999999999747e+02
1.138391527511919548e+03,5.081952999999999747e+02
1.138998205841584195e+03,5.081952999999999747e+02
1.138578911338513080e+03,5.081952999999999747e+02
1.138745842462027667e+03,5.081952999999999747e+02
1.138766295165106840e+03,5.081952999999999747e+02
1.139079881667844575e+03,5.081952999999999747e+02
1.138953678991700599e+03,5.081952999999999747e+02
1.139120676305192546e+03,5.081952999999999747e+02
1.139141062818294358e+03,5.081952999999999747e+02
1.140337558980170115e+03,5.081952999999999747e+02
1.139328446644888118e+03,5.081952999999999747e+02
1.139495510148357425e+03,5.081952999999999747e+02
1.139515830471481650e+03,5.081952999999999747e+02
1.139829814254417215e+03,5.081952999999999747e+02
1.139703214298075181e+03,5.081952999999999747e+02
1.139870343991522532e+03,5.081952999999999747e+02
1.139890598124668941e+03,5.081952999999999747e+02
1.140499131739745508e+03,5.081952999999999747e+02
1.140077981951262700e+03,5.081952999999999747e+02
1.140245177834687411e+03,5.081952999999999747e+02
1.140265365777856459e+03,5.081952999999999747e+02
1.140579746840989628e+03,5.081952999999999747e+02
1.140452749604449991e+03,5.081952999999999747e+02
1.140620011677852290e+03,5.081952999999999747e+02
1.140640133431043751e+03,5.081952999999999747e+02
1.142382700000000114e+03,5.081952999999999747e+02
1.140827517257637282e+03,5.081952999999999747e+02
1.140994845521017396e+03,5.081952999999999747e+02
1.141014901084231042e+03,5.081952999999999747e+02
1.141329679427562041e+03,5.081952999999999747e+02
1.141202284910824801e+03,5.081952999999999747e+02
1.141369679364182275e+03,5.081952999999999747e+02
1.141389668737418560e+03,5.081952999999999747e+02
1.142000057637906593e+03,5.081952999999999747e+02
1.141577052564012092e+03,5.081952999999999747e+02
1.141744513207347154e+03,5.081952999999999747e+02
1.141764436390605624e+03,5.081952999999999747e+02
1.142079612014134455e+03,5.081952999999999747e+02
1.141951820217199383e+03,5.081952999999999747e+02
1.142119347050512260e+03,5.081952999999999747e+02
1.142139204043793143e+03,5.081952999999999747e+02
1.143343662691218242e+03,5.081952999999999747e+02
1.142326587870386902e+03,5.081952999999999747e+02
1.142494180893677139e+03,5.081952999999999747e+02
1.142513971696980434e+03,5.081952999999999747e+02
1.142829544600706868e+03,5.081952999999999747e+02
1.142701355523574193e+03,5.081952999999999747e+02
1.142869014736842018e+03,5.081952999999999747e+02
1.142888739350167725e+03,5.081952999999999747e+02
1.143500983536067906e+03,5.081952999999999747e+02
1.143076123176761485e+03,5.081952999999999747e+02
1.143243848580007125e+03,5.081952999999999747e+02
1.143263507003355244e+03,5.081952999999999747e+02
1.143579477187279281e+03,5.081952999999999747e+02
1.143450890829949003e+03,5.081952999999999747e+02
1.143618682423172004e+03,5.081952999999999747e+02
1.143638274656542535e+03,5.081952999999999747e+02
1.146042323977272645e+03,5.081952999999999747e+02
1.143825658483136067e+03,5.081952999999999747e+02
1.143993516266336883e+03,5.081952999999999747e+02
1.144013042309729826e+03,5.081952999999999747e+02
1.144329409773851694e+03,5.081952999999999747e+02
1.144200426136323586e+03,5.081952999999999747e+02
1.144368350109501989e+03,5.081952999999999747e+02
1.144387809962917345e+03,5.081952999999999747e+02
1.145001909434229219e+03,5.081952999999999747e+02
1.144575193789511104e+03,5.081952999999999747e+02
1.144743183952666868e+03,5.081952999999999747e+02
1.144762577616104636e+03,5.081952999999999747e+02
1.145079342360424107e+03,5.081952999999999747e+02
1.144949961442698168e+03,5.081952999999999747e+02
1.145118017795831747e+03,5.081952999999999747e+02
1.145137345269291927e+03,5.081952999999999747e+02
1.146349766402266368e+03,5.081952999999999747e+02
1.145324729095885687e+03,5.081952999999999747e+02
1.145492851638996854e+03,5.081952999999999747e+02
1.145512112922479446e+03,5.081952999999999747e+02
1.145829274946996520e+03,5.081952999999999747e+02
1.145699496749072978e+03,5.081952999999999747e+02
1.145867685482161960e+03,5.081952999999999747e+02
1.145886880575666737e+03,5.081952999999999747e+02
1.146502835332390532e+03,5.081952999999999747e+02
1.146074264402260269e+03,5.081952999999999747e+02
1.146242519325326612e+03,5.081952999999999747e+02
1.146261648228854028e+03,5.081952999999999747e+02
1.146579207533568933e+03,5.081952999999999747e+02
1.146449032055447788e+03,5.081952999999999747e+02
1.146617353168491718e+03,5.081952999999999747e+02
1.146636415882041547e+03,5.081952999999999747e+02
1.137580099999999902e+03,5.362672000000000025e+02
1.146823799708635079e+03,6.464591000000000349e+02
1.146992187011656824e+03,6.464591000000000349e+02
1.147011183535228611e+03,6.464591000000000349e+02
1.147329140120141346e+03,6.464591000000000349e+02
1.147198567361822370e+03,6.464591000000000349e+02
1.147367020854821476e+03,6.464591000000000349e+02
1.147385951188416129e+03,6.464591000000000349e+02
1.148003761230551845e+03,6.464591000000000349e+02
1.147573335015009889e+03,6.464591000000000349e+02
1.147741854697986582e+03,6.464591000000000349e+02
1.147760718841603421e+03,6.464591000000000349e+02
1.148079072706713760e+03,6.464591000000000349e+02
1.147948102668197180e+03,6.464591000000000349e+02
1.148116688541151689e+03,6.464591000000000349e+02
1.148135486494790712e+03,6.464591000000000349e+02
1.149355870113314722e+03,6.464591000000000349e+02
1.148322870321384471e+03,6.464591000000000349e+02
1.148491522384316568e+03,6.464591000000000349e+02
1.148510254147978230e+03,6.464591000000000349e+02
1.148829005293286173e+03,6.464591000000000349e+02
1.148697637974571990e+03,6.464591000000000349e+02
1.148866356227481447e+03,6.464591000000000349e+02
1.148885021801165522e+03,6.464591000000000349e+02
1.149504687128712931e+03,6.464591000000000349e+02
1.149072405627759281e+03,6.464591000000000349e+02
1.149241190070646553e+03,6.464591000000000349e+02
1.149259789454352813e+03,6.464591000000000349e+02
1.149578937879858586e+03,6.464591000000000349e+02
1.149447173280946572e+03,6.464591000000000349e+02
1.149616023913811432e+03,6.464591000000000349e+02
1.149634557107540331e+03,6.464591000000000349e+02
1.152071611534091062e+03,6.464591000000000349e+02
1.149821940934134091e+03,6.464591000000000349e+02
1.149990857756976311e+03,6.464591000000000349e+02
1.150009324760727623e+03,6.464591000000000349e+02
1.150328870466431226e+03,6.464591000000000349e+02
1.150196708587321154e+03,6.464591000000000349e+02
1.150365691600141417e+03,6.464591000000000349e+02
1.150384092413914914e+03,6.464591000000000349e+02
1.151005613026874016e+03,6.464591000000000349e+02
1.150571476240508673e+03,6.464591000000000349e+02
1.150740525443306296e+03,6.464591000000000349e+02
1.150758860067102432e+03,6.464591000000000349e+02
1.151078803053003639e+03,6.464591000000000349e+02
1.150946243893695964e+03,6.464591000000000349e+02
1.151115359286471175e+03,6.464591000000000349e+02
1.151133627720289724e+03,6.464591000000000349e+02
1.152361973824362849e+03,6.464591000000000349e+02
1.151321011546883256e+03,6.464591000000000349e+02
1.151490193129636282e+03,6.464591000000000349e+02
1.151508395373477015e+03,6.464591000000000349e+02
1.151828735639576053e+03,6.464591000000000349e+02
1.151695779200070774e+03,6.464591000000000349e+02
1.151865026972801161e+03,6.464591000000000349e+02
1.151883163026664533e+03,6.464591000000000349e+02
1.152506538925035329e+03,6.464591000000000349e+02
1.152070546853258065e+03,6.464591000000000349e+02
1.152239860815966040e+03,6.464591000000000349e+02
1.152257930679851597e+03,6.464591000000000349e+02
1.152578668226148466e+03,6.464591000000000349e+02
1.152445314506445357e+03,6.464591000000000349e+02
1.152614694659131146e+03,6.464591000000000349e+02
1.152632698333039116e+03,6.464591000000000349e+02
1.117636199999999917e+03,5.741481999999999744e+02
1.152820082159632875e+03,6.464591000000000349e+02
1.152989528502296025e+03,6.464591000000000349e+02
1.153007465986226634e+03,6.464591000000000349e+02
1.153328600812720879e+03,6.464591000000000349e+02
1.153194849812820166e+03,6.464591000000000349e+02
1.153364362345460904e+03,6.464591000000000349e+02
1.153382233639413698e+03,6.464591000000000349e+02
1.154007464823196642e+03,6.464591000000000349e+02
1.153569617466007458e+03,6.464591000000000349e+02
1.153739196188626011e+03,6.464591000000000349e+02
1.153757001292601217e+03,6.464591000000000349e+02
1.154078533399293519e+03,6.464591000000000349e+02
1.153944385119194976e+03,6.464591000000000349e+02
1.154114030031790890e+03,6.464591000000000349e+02
1.154131768945788508e+03,6.464591000000000349e+02
1.155368077535410976e+03,6.464591000000000349e+02
1.154319152772382267e+03,6.464591000000000349e+02
1.154488863874955769e+03,6.464591000000000349e+02
1.154506536598975799e+03,6.464591000000000349e+02
1.154828465985865932e+03,6.464591000000000349e+02
1.154693920425569559e+03,6.464591000000000349e+02
1.154863697718120875e+03,6.464591000000000349e+02
1.154881304252163318e+03,6.464591000000000349e+02
1.155508390721357955e+03,6.464591000000000349e+02
1.155068688078757077e+03,6.464591000000000349e+02
1.155238531561285754e+03,6.464591000000000349e+02
1.155256071905350609e+03,6.464591000000000349e+02
1.155578398572438346e+03,6.464591000000000349e+02
1.155443455731944141e+03,6.464591000000000349e+02
1.155613365404450633e+03,6.464591000000000349e+02
1.155630839558537900e+03,6.464591000000000349e+02
1.158100899090909024e+03,6.464591000000000349e+02
1.155818223385131660e+03,6.464591000000000349e+02
1.155988199247615739e+03,6.464591000000000349e+02
1.156005607211725419e+03,6.464591000000000349e+02
1.156328331159010759e+03,6.464591000000000349e+02
1.156192991038318951e+03,6.464591000000000349e+02
1.156363033090780618e+03,6.464591000000000349e+02
1.156380374864912710e+03,6.464591000000000349e+02
1.157009316619519268e+03,6.464591000000000349e+02
1.156567758691506242e+03,6.464591000000000349e+02
1.156737866933945497e+03,6.464591000000000349e+02
1.156755142518100001e+03,6.464591000000000349e+02
1.157078263745583172e+03,6.464591000000000349e+02
1.156942526344693761e+03,6.464591000000000349e+02
1.157112700777110604e+03,6.464591000000000349e+02
1.157129910171287520e+03,6.464591000000000349e+02
1.158374181246459102e+03,6.464591000000000349e+02
1.157317293997881052e+03,6.464591000000000349e+02
1.157487534620275483e+03,6.464591000000000349e+02
1.157504677824474584e+03,6.464591000000000349e+02
1.157828196332155585e+03,6.464591000000000349e+02
1.157692061651068343e+03,6.464591000000000349e+02
1.157862368463440362e+03,6.464591000000000349e+02
1.157879445477662102e+03,6.464591000000000349e+02
1.158510242517680354e+03,6.464591000000000349e+02
1.158066829304255862e+03,6.464591000000000349e+02
1.158237202306605468e+03,6.464591000000000349e+02
1.158254213130849621e+03,6.464591000000000349e+02
1.158578128918727998e+03,6.464591000000000349e+02
1.158441596957443153e+03,6.464591000000000349e+02
1.158612036149770574e+03,6.464591000000000349e+02
1.158628980784036685e+03,6.464591000000000349e+02
1.087418699999999944e+03,6.083818400000000111e+02
1.158816364610630444e+03,6.464591000000000349e+02
1.158986869992935226e+03,6.464591000000000349e+02
1.159003748437224203e+03,6.464591000000000349e+02
1.159328061505300411e+03,6.464591000000000349e+02
1.159191132263817963e+03,6.464591000000000349e+02
1.159361703836100332e+03,6.464591000000000349e+02
1.159378516090411495e+03,6.464591000000000349e+02
1.160011168415841667e+03,6.464591000000000349e+02
1.159565899917005254e+03,6.464591000000000349e+02
1.159736537679265439e+03,6.464591000000000349e+02
1.159753283743598786e+03,6.464591000000000349e+02
1.160077994091872824e+03,6.464591000000000349e+02
1.159940667570192545e+03,6.464591000000000349e+02
1.160111371522430090e+03,6.464591000000000349e+02
1.160128051396786304e+03,6.464591000000000349e+02
1.161380284957507229e+03,6.464591000000000349e+02
1.160315435223380064e+03,6.464591000000000349e+02
1.160486205365595197e+03,6.464591000000000349e+02
1.160502819049973596e+03,6.464591000000000349e+02
1.160827926678445237e+03,6.464591000000000349e+02
1.160690202876567128e+03,6.464591000000000349e+02
1.160861039208760303e+03,6.464591000000000349e+02
1.160877586703160887e+03,6.464591000000000349e+02
1.161512094314002752e+03,6.464591000000000349e+02
1.161064970529754646e+03,6.464591000000000349e+02
1.161235873051925182e+03,6.464591000000000349e+02
1.161252354356348405e+03,6.464591000000000349e+02
1.161577859265017651e+03,6.464591000000000349e+02
1.161439738182941937e+03,6.464591000000000349e+02
1.161610706895090061e+03,6.464591000000000349e+02
1.161627122009535697e+03,6.464591000000000349e+02
1.164130186647727442e+03,6.464591000000000349e+02
1.161814505836129229e+03,6.464591000000000349e+02
1.161985540738255168e+03,6.464591000000000349e+02
1.162001889662722988e+03,6.464591000000000349e+02
1.162327791851590064e+03,6.464591000000000349e+02
1.162189273489316747e+03,6.464591000000000349e+02
1.162360374581420047e+03,6.464591000000000349e+02
1.162376657315910506e+03,6.464591000000000349e+02
1.163013020212164065e+03,6.464591000000000349e+02
1.162564041142504038e+03,6.464591000000000349e+02
1.162735208424584926e+03,6.464591000000000349e+02
1.162751424969097570e+03,6.464591000000000349e+02
1.163077724438162477e+03,6.464591000000000349e+02
1.162938808795691330e+03,6.464591000000000349e+02
1.163110042267750032e+03,6.464591000000000349e+02
1.163126192622285089e+03,6.464591000000000349e+02
1.164386388668555355e+03,6.464591000000000349e+02
1.163313576448878848e+03,6.464591000000000349e+02
1.163484876110914911e+03,6.464591000000000349e+02
1.163500960275472607e+03,6.464591000000000349e+02
1.163827657024735117e+03,6.464591000000000349e+02
1.163688344102066139e+03,6.464591000000000349e+02
1.163859709954079790e+03,6.464591000000000349e+02
1.163875727928659671e+03,6.464591000000000349e+02
1.164513946110325378e+03,6.464591000000000349e+02
1.164063111755253431e+03,6.464591000000000349e+02
1.164234543797244896e+03,6.464591000000000349e+02
1.164250495581847190e+03,6.464591000000000349e+02
1.164577589611307531e+03,6.464591000000000349e+02
1.164437879408440949e+03,6.464591000000000349e+02
1.164609377640409775e+03,6.464591000000000349e+02
1.164625263235034481e+03,6.464591000000000349e+02
1.063547900000000027e+03,6.350413999999999533e+02
1.164812647061628240e+03,6.724732699999999568e+02
1.164984211483574654e+03,6.724732699999999568e+02
1.165000030888221772e+03,6.724732699999999568e+02
1.165327522197879944e+03,6.724732699999999568e+02
1.165187414714815532e+03,6.724732699999999568e+02
1.165359045326739761e+03,6.724732699999999568e+02
1.165374798541409291e+03,6.724732699999999568e+02
1.166014872008486691e+03,6.724732699999999568e+02
1.165562182368003050e+03,6.724732699999999568e+02
1.165733879169904640e+03,6.724732699999999568e+02
1.165749566194596582e+03,6.724732699999999568e+02
1.166077454784452357e+03,6.724732699999999568e+02
1.165936950021190114e+03,6.724732699999999568e+02
1.166108713013069519e+03,6.724732699999999568e+02
1.166124333847783873e+03,6.724732699999999568e+02
1.167392492379603482e+03,6.724732699999999568e+02
1.166311717674377633e+03,6.724732699999999568e+02
1.166483546856234625e+03,6.724732699999999568e+02
1.166499101500971392e+03,6.724732699999999568e+02
1.166827387371024770e+03,6.724732699999999568e+02
1.166686485327565151e+03,6.724732699999999568e+02
1.166858380699399504e+03,6.724732699999999568e+02
1.166873869154158683e+03,6.724732699999999568e+02
1.167515797906648004e+03,6.724732699999999568e+02
1.167061252980752215e+03,6.724732699999999568e+02
1.167233214542564383e+03,6.724732699999999568e+02
1.167248636807345974e+03,6.724732699999999568e+02
1.167577319957597410e+03,6.724732699999999568e+02
1.167436020633939734e+03,6.724732699999999568e+02
1.167608048385729489e+03,6.724732699999999568e+02
1.167623404460533493e+03,6.724732699999999568e+02
1.170159474204545404e+03,6.724732699999999568e+02
1.167810788287127025e+03,6.724732699999999568e+02
1.167982882228894368e+03,6.724732699999999568e+02
1.167998172113720784e+03,6.724732699999999568e+02
1.168327252544169824e+03,6.724732699999999568e+02
1.168185555940314316e+03,6.724732699999999568e+02
1.168357716072059247e+03,6.724732699999999568e+02
1.168372939766908075e+03,6.724732699999999568e+02
1.169016723804809089e+03,6.724732699999999568e+02
1.168560323593501835e+03,6.724732699999999568e+02
1.168732549915224354e+03,6.724732699999999568e+02
1.168747707420095594e+03,6.724732699999999568e+02
1.169077185130742237e+03,6.724732699999999568e+02
1.168935091246689126e+03,6.724732699999999568e+02
1.169107383758389233e+03,6.724732699999999568e+02
1.169122475073282658e+03,6.724732699999999568e+02
1.170398596090651608e+03,6.724732699999999568e+02
1.169309858899876417e+03,6.724732699999999568e+02
1.169482217601554112e+03,6.724732699999999568e+02
1.169497242726470176e+03,6.724732699999999568e+02
1.169827117717314650e+03,6.724732699999999568e+02
1.169684626553063936e+03,6.724732699999999568e+02
1.169857051444719218e+03,6.724732699999999568e+02
1.169872010379657468e+03,6.724732699999999568e+02
1.170517649702970402e+03,6.724732699999999568e+02
1.170059394206251227e+03,6.724732699999999568e+02
1.170231885287884324e+03,6.724732699999999568e+02
1.170246778032844759e+03,6.724732699999999568e+02
1.170577050303887063e+03,6.724732699999999568e+02
1.170434161859438518e+03,6.724732699999999568e+02
1.170606719131048976e+03,6.724732699999999568e+02
1.170621545686032277e+03,6.724732699999999568e+02
1.049829099999999926e+03,6.491663999999999533e+02
1.170808929512626037e+03,6.616187999999999647e+02
1.170981552974214082e+03,6.616187999999999647e+02
1.170996313339219569e+03,6.616187999999999647e+02
1.171326982890459476e+03,6.616187999999999647e+02
1.171183697165813101e+03,6.616187999999999647e+02
1.171356386817379189e+03,6.616187999999999647e+02
1.171371080992406860e+03,6.616187999999999647e+02
1.172018575601131488e+03,6.616187999999999647e+02
1.171558464819000619e+03,6.616187999999999647e+02
1.171731220660543840e+03,6.616187999999999647e+02
1.171745848645594378e+03,6.616187999999999647e+02
1.172076915477031889e+03,6.616187999999999647e+02
1.171933232472188138e+03,6.616187999999999647e+02
1.172106054503708947e+03,6.616187999999999647e+02
1.172120616298781670e+03,6.616187999999999647e+02
1.173404699801699735e+03,6.616187999999999647e+02
1.172308000125375202e+03,6.616187999999999647e+02
1.172480888346874053e+03,6.616187999999999647e+02
1.172495383951968961e+03,6.616187999999999647e+02
1.172826848063604302e+03,6.616187999999999647e+02
1.172682767778562720e+03,6.616187999999999647e+02
1.172855722190038705e+03,6.616187999999999647e+02
1.172870151605156479e+03,6.616187999999999647e+02
1.173519501499292801e+03,6.616187999999999647e+02
1.173057535431750011e+03,6.616187999999999647e+02
1.173230556033203811e+03,6.616187999999999647e+02
1.173244919258343771e+03,6.616187999999999647e+02
1.173576780650176715e+03,6.616187999999999647e+02
1.173432303084937303e+03,6.616187999999999647e+02
1.173605389876368918e+03,6.616187999999999647e+02
1.173619686911531062e+03,6.616187999999999647e+02
1.176188761761363821e+03,6.616187999999999647e+02
1.173807070738124821e+03,6.616187999999999647e+02
1.173980223719533797e+03,6.616187999999999647e+02
1.173994454564718581e+03,6.616187999999999647e+02
1.174326713236749129e+03,6.616187999999999647e+02
1.174181838391312112e+03,6.616187999999999647e+02
1.174355057562698676e+03,6.616187999999999647e+02
1.174369222217905644e+03,6.616187999999999647e+02
1.175020427397454114e+03,6.616187999999999647e+02
1.174556606044499404e+03,6.616187999999999647e+02
1.174729891405863782e+03,6.616187999999999647e+02
1.174743989871093163e+03,6.616187999999999647e+02
1.175076645823321542e+03,6.616187999999999647e+02
1.174931373697686922e+03,6.616187999999999647e+02
1.175104725249028661e+03,6.616187999999999647e+02
1.175118757524280454e+03,6.616187999999999647e+02
1.176410803512747862e+03,6.616187999999999647e+02
1.175306141350874213e+03,6.616187999999999647e+02
1.175479559092193540e+03,6.616187999999999647e+02
1.175493525177467745e+03,6.616187999999999647e+02
1.175826578409893955e+03,6.616187999999999647e+02
1.175680909004061505e+03,6.616187999999999647e+02
1.175854392935358646e+03,6.616187999999999647e+02
1.175868292830655264e+03,6.616187999999999647e+02
1.176521353295615427e+03,6.616187999999999647e+02
1.176055676657249023e+03,6.616187999999999647e+02
1.176229226778523525e+03,6.616187999999999647e+02
1.176243060483842555e+03,6.616187999999999647e+02
1.176576510996466368e+03,6.616187999999999647e+02
1.176430444310436087e+03,6.616187999999999647e+02
1.176604060621688404e+03,6.616187999999999647e+02
1.176617828137029846e+03,6.616187999999999647e+02
1.046101100000000088e+03,6.566413599999999633e+02
1.176805211963623606e+03,6.616187999999999647e+02
1.176978894464853511e+03,6.616187999999999647e+02
1.176992595790217365e+03,6.616187999999999647e+02
1.177326443583039008e+03,6.616187999999999647e+02
1.177179979616811124e+03,6.616187999999999647e+02
1.177353728308018390e+03,6.616187999999999647e+02
1.177367363443404656e+03,6.616187999999999647e+02
1.178022279193776740e+03,6.616187999999999647e+02
1.177554747269998188e+03,6.616187999999999647e+02
1.177728562151183269e+03,6.616187999999999647e+02
1.177742131096591947e+03,6.616187999999999647e+02
1.178076376169611422e+03,6.616187999999999647e+02
1.177929514923185707e+03,6.616187999999999647e+02
1.178103395994348375e+03,6.616187999999999647e+02
1.178116898749779466e+03,6.616187999999999647e+02
1.179416907223796215e+03,6.616187999999999647e+02
1.178304282576372998e+03,6.616187999999999647e+02
1.178478229837513254e+03,6.616187999999999647e+02
1.178491666402966757e+03,6.616187999999999647e+02
1.178826308756183835e+03,6.616187999999999647e+02
1.178679050229560289e+03,6.616187999999999647e+02
1.178853063680678133e+03,6.616187999999999647e+02
1.178866434056154048e+03,6.616187999999999647e+02
1.179523205091937825e+03,6.616187999999999647e+02
1.179053817882747808e+03,6.616187999999999647e+02
1.179227897523843239e+03,6.616187999999999647e+02
1.179241201709341567e+03,6.616187999999999647e+02
1.179576241342756248e+03,6.616187999999999647e+02
1.179428585535935099e+03,6.616187999999999647e+02
1.179602731367008118e+03,6.616187999999999647e+02
1.179615969362528631e+03,6.616187999999999647e+02
1.182218049318181784e+03,6.616187999999999647e+02
1.179803353189122390e+03,6.616187999999999647e+02
1.179977565210172997e+03,6.616187999999999647e+02
1.179990737015716149e+03,6.616187999999999647e+02
1.180326173929328661e+03,6.616187999999999647e+02
1.180178120842309909e+03,6.616187999999999647e+02
1.180352399053338104e+03,6.616187999999999647e+02
1.180365504668903441e+03,6.616187999999999647e+02
1.181024130990098911e+03,6.616187999999999647e+02
1.180552888495497200e+03,6.616187999999999647e+02
1.180727232896502983e+03,6.616187999999999647e+02
1.180740272322090732e+03,6.616187999999999647e+02
1.181076106515901301e+03,6.616187999999999647e+02
1.180927656148684491e+03,6.616187999999999647e+02
1.181102066739667862e+03,6.616187999999999647e+02
1.181115039975278250e+03,6.616187999999999647e+02
1.182423010934844342e+03,6.616187999999999647e+02
1.181302423801872010e+03,6.616187999999999647e+02
1.181476900582832968e+03,6.616187999999999647e+02
1.181489807628465542e+03,6.616187999999999647e+02
1.181826039102473715e+03,6.616187999999999647e+02
1.181677191455059301e+03,6.616187999999999647e+02
1.181851734425997847e+03,6.616187999999999647e+02
1.181864575281652833e+03,6.616187999999999647e+02
1.182525056888260224e+03,6.616187999999999647e+02
1.182051959108246592e+03,6.616187999999999647e+02
1.182226568269162726e+03,6.616187999999999647e+02
1.182239342934840352e+03,6.616187999999999647e+02
1.182575971689046128e+03,6.616187999999999647e+02
1.182426726761434111e+03,6.616187999999999647e+02
1.182601402112327833e+03,6.616187999999999647e+02
1.182614110588027643e+03,6.616187999999999647e+02
1.056588099999999940e+03,6.593577999999999975e+02
1.182801494414621175e+03,6.480181999999999789e+02
1.182976235955492939e+03,6.480181999999999789e+02
1.182988878241214934e+03,6.480181999999999789e+02
1.183325904275618541e+03,6.480181999999999789e+02
1.183176262067808693e+03,6.480181999999999789e+02
1.183351069798657591e+03,6.480181999999999789e+02
1.183363645894402453e+03,6.480181999999999789e+02
1.184025982786421537e+03,6.480181999999999789e+02
1.183551029720995984e+03,6.480181999999999789e+02
1.183725903641822697e+03,6.480181999999999789e+02
1.183738413547589744e+03,6.480181999999999789e+02
1.184075836862190954e+03,6.480181999999999789e+02
1.183925797374183276e+03,6.480181999999999789e+02
1.184100737484987803e+03,6.480181999999999789e+02
1.184113181200777035e+03,6.480181999999999789e+02
1.185429114645892469e+03,6.480181999999999789e+02
1.184300565027370794e+03,6.480181999999999789e+02
1.184475571328152455e+03,6.480181999999999789e+02
1.184487948853964554e+03,6.480181999999999789e+02
1.184825769448763367e+03,6.480181999999999789e+02
1.184675332680558085e+03,6.480181999999999789e+02
1.184850405171317561e+03,6.480181999999999789e+02
1.184862716507151617e+03,6.480181999999999789e+02
1.185526908684582850e+03,6.480181999999999789e+02
1.185050100333745377e+03,6.480181999999999789e+02
1.185225239014482668e+03,6.480181999999999789e+02
1.185237484160339136e+03,6.480181999999999789e+02
1.185575702035335780e+03,6.480181999999999789e+02
1.185424867986932895e+03,6.480181999999999789e+02
1.185600072857647547e+03,6.480181999999999789e+02
1.185612251813526655e+03,6.480181999999999789e+02
1.188247336874999974e+03,6.480181999999999789e+02
1.185799635640120187e+03,6.480181999999999789e+02
1.185974906700812426e+03,6.480181999999999789e+02
1.185987019466713718e+03,6.480181999999999789e+02
1.186325634621908193e+03,6.480181999999999789e+02
1.186174403293307478e+03,6.480181999999999789e+02
1.186349740543977532e+03,6.480181999999999789e+02
1.186361787119901237e+03,6.480181999999999789e+02
1.187027834582744163e+03,6.480181999999999789e+02
1.186549170946494996e+03,6.480181999999999789e+02
1.186724574387142411e+03,6.480181999999999789e+02
1.186736554773088528e+03,6.480181999999999789e+02
1.187075567208480606e+03,6.480181999999999789e+02
1.186923938599682288e+03,6.480181999999999789e+02
1.187099408230307290e+03,6.480181999999999789e+02
1.187111322426275819e+03,6.480181999999999789e+02
1.188435218356940595e+03,6.480181999999999789e+02
1.187298706252869579e+03,6.480181999999999789e+02
1.187474242073472396e+03,6.480181999999999789e+02
1.187486090079463338e+03,6.480181999999999789e+02
1.187825499795053020e+03,6.480181999999999789e+02
1.187673473906057097e+03,6.480181999999999789e+02
1.187849075916637275e+03,6.480181999999999789e+02
1.187860857732650629e+03,6.480181999999999789e+02
1.188528760480905248e+03,6.480181999999999789e+02
1.188048241559244161e+03,6.480181999999999789e+02
1.188223909759802154e+03,6.480181999999999789e+02
1.188235625385837920e+03,6.480181999999999789e+02
1.188575432381625433e+03,6.480181999999999789e+02
1.188423009212431680e+03,6.480181999999999789e+02
1.188598743602967261e+03,6.480181999999999789e+02
1.188610393039025439e+03,6.480181999999999789e+02
1.107100500000000011e+03,6.548506999999999607e+02
1.188797776865618971e+03,6.480181999999999789e+02
1.188973577446132140e+03,6.480181999999999789e+02
1.188985160692212730e+03,6.480181999999999789e+02
1.189325364968197846e+03,6.480181999999999789e+02
1.189172544518806262e+03,6.480181999999999789e+02
1.189348411289297019e+03,6.480181999999999789e+02
1.189359928345400021e+03,6.480181999999999789e+02
1.190029686379066561e+03,6.480181999999999789e+02
1.189547312171993781e+03,6.480181999999999789e+02
1.189723245132462125e+03,6.480181999999999789e+02
1.189734695998587540e+03,6.480181999999999789e+02
1.190075297554770259e+03,6.480181999999999789e+02
1.189922079825181072e+03,6.480181999999999789e+02
1.190098078975627004e+03,6.480181999999999789e+02
1.190109463651774604e+03,6.480181999999999789e+02
1.191441322067988949e+03,6.480181999999999789e+02
1.190296847478368363e+03,6.480181999999999789e+02
1.190472912818791883e+03,6.480181999999999789e+02
1.190484231304962123e+03,6.480181999999999789e+02
1.190825230141342900e+03,6.480181999999999789e+02
1.190671615131555882e+03,6.480181999999999789e+02
1.190847746661956990e+03,6.480181999999999789e+02
1.190858998958149641e+03,6.480181999999999789e+02
1.191530612277227647e+03,6.480181999999999789e+02
1.191046382784743173e+03,6.480181999999999789e+02
1.191222580505121869e+03,6.480181999999999789e+02
1.191233766611336705e+03,6.480181999999999789e+02
1.191575162727915313e+03,6.480181999999999789e+02
1.191421150437930464e+03,6.480181999999999789e+02
1.191597414348286748e+03,6.480181999999999789e+02
1.191608534264524224e+03,6.480181999999999789e+02
1.194276624431818163e+03,6.480181999999999789e+02
1.191795918091117983e+03,6.480181999999999789e+02
1.191972248191451854e+03,6.480181999999999789e+02
1.191983301917711515e+03,6.480181999999999789e+02
1.192325095314487726e+03,6.480181999999999789e+02
1.192170685744305274e+03,6.480181999999999789e+02
1.192347082034616733e+03,6.480181999999999789e+02
1.192358069570898806e+03,6.480181999999999789e+02
1.193031538175388960e+03,6.480181999999999789e+02
1.192545453397492565e+03,6.480181999999999789e+02
1.192721915877781612e+03,6.480181999999999789e+02
1.192732837224086325e+03,6.480181999999999789e+02
1.193075027901060139e+03,6.480181999999999789e+02
1.192920221050680084e+03,6.480181999999999789e+02
1.193096749720946718e+03,6.480181999999999789e+02
1.193107604877273616e+03,6.480181999999999789e+02
1.194447425779037076e+03,6.480181999999999789e+02
1.193294988703867148e+03,6.480181999999999789e+02
1.193471583564111597e+03,6.480181999999999789e+02
1.193482372530460907e+03,6.480181999999999789e+02
1.193824960487632552e+03,6.480181999999999789e+02
1.193669756357054666e+03,6.480181999999999789e+02
1.193846417407276476e+03,6.480181999999999789e+02
1.193857140183648426e+03,6.480181999999999789e+02
1.194532464073550273e+03,6.480181999999999789e+02
1.194044524010241958e+03,6.480181999999999789e+02
1.194221251250441583e+03,6.480181999999999789e+02
1.194231907836835717e+03,6.480181999999999789e+02
1.194574893074205193e+03,6.480181999999999789e+02
1.194419291663429249e+03,6.480181999999999789e+02
1.194596085093606462e+03,6.480181999999999789e+02
1.194606675490023008e+03,6.480181999999999789e+02
1.161550700000000006e+03,6.464591000000000349e+02
1.194794059316616767e+03,6.480181999999999789e+02
1.194970918936771341e+03,6.480181999999999789e+02
1.194981443143210527e+03,6.480181999999999789e+02
1.195324825660777606e+03,6.480181999999999789e+02
1.195168826969804059e+03,6.480181999999999789e+02
1.195345752779936447e+03,6.480181999999999789e+02
1.195356210796397590e+03,6.480181999999999789e+02
1.196033389971711586e+03,6.480181999999999789e+02
1.195543594622991350e+03,6.480181999999999789e+02
1.195720586623101553e+03,6.480181999999999789e+02
1.195730978449585109e+03,6.480181999999999789e+02
1.196074758247350019e+03,6.480181999999999789e+02
1.195918362276178868e+03,6.480181999999999789e+02
1.196095420466266205e+03,6.480181999999999789e+02
1.196105746102772628e+03,6.480181999999999789e+02
1.197453529490085202e+03,6.480181999999999789e+02
1.196293129929366160e+03,6.480181999999999789e+02
1.196470254309431311e+03,6.480181999999999789e+02
1.196480513755959691e+03,6.480181999999999789e+02
1.196824690833922432e+03,6.480181999999999789e+02
1.196667897582553451e+03,6.480181999999999789e+02
1.196845088152596418e+03,6.480181999999999789e+02
1.196855281409147210e+03,6.480181999999999789e+02
1.197534315869872898e+03,6.480181999999999789e+02
1.197042665235740969e+03,6.480181999999999789e+02
1.197219921995761069e+03,6.480181999999999789e+02
1.197230049062334501e+03,6.480181999999999789e+02
1.197574623420494845e+03,6.480181999999999789e+02
1.197417432888928261e+03,6.480181999999999789e+02
1.197594755838926176e+03,6.480181999999999789e+02
1.197604816715521793e+03,6.480181999999999789e+02
1.200305911988636353e+03,6.480181999999999789e+02
1.197792200542115552e+03,6.480181999999999789e+02
1.197969589682091282e+03,6.480181999999999789e+02
1.197979584368709311e+03,6.480181999999999789e+02
1.198324556007067258e+03,6.480181999999999789e+02
1.198166968195303070e+03,6.480181999999999789e+02
1.198344423525256161e+03,6.480181999999999789e+02
1.198354352021896602e+03,6.480181999999999789e+02
1.199035241768033984e+03,6.480181999999999789e+02
1.198541735848490134e+03,6.480181999999999789e+02
1.198719257368421040e+03,6.480181999999999789e+02
1.198729119675083894e+03,6.480181999999999789e+02
1.199074488593639671e+03,6.480181999999999789e+02
1.198916503501677653e+03,6.480181999999999789e+02
1.199094091211586147e+03,6.480181999999999789e+02
1.199103887328271412e+03,6.480181999999999789e+02
1.200459633201133329e+03,6.480181999999999789e+02
1.199291271154865171e+03,6.480181999999999789e+02
1.199468925054751026e+03,6.480181999999999789e+02
1.199478654981458703e+03,6.480181999999999789e+02
1.199824421180212084e+03,6.480181999999999789e+02
1.199666038808052235e+03,6.480181999999999789e+02
1.199843758897915905e+03,6.480181999999999789e+02
1.199853422634645995e+03,6.480181999999999789e+02
1.200536167666195297e+03,6.480181999999999789e+02
1.200040806461239754e+03,6.480181999999999789e+02
1.200218592741081011e+03,6.480181999999999789e+02
1.200228190287833513e+03,6.480181999999999789e+02
1.200574353766784498e+03,6.480181999999999789e+02
1.200415574114427045e+03,6.480181999999999789e+02
1.200593426584245890e+03,6.480181999999999789e+02
1.200602957941020804e+03,6.480181999999999789e+02
1.208321699999999964e+03,6.410895000000000437e+02
1.200790341767614336e+03,6.410895000000000437e+02
1.200968260427410769e+03,6.410895000000000437e+02
1.200977725594208096e+03,6.410895000000000437e+02
1.201324286353356911e+03,6.410895000000000437e+02
1.201165109420801855e+03,6.410895000000000437e+02
1.201343094270575875e+03,6.410895000000000437e+02
1.201352493247395614e+03,6.410895000000000437e+02
1.202037093564356383e+03,6.410895000000000437e+02
1.201539877073989146e+03,6.410895000000000437e+02
1.201717928113740754e+03,6.410895000000000437e+02
1.201727260900582678e+03,6.410895000000000437e+02
1.202074218939929324e+03,6.410895000000000437e+02
1.201914644727176437e+03,6.410895000000000437e+02
1.202092761956905633e+03,6.410895000000000437e+02
1.202102028553770197e+03,6.410895000000000437e+02
1.203465736912181455e+03,6.410895000000000437e+02
1.202289412380363956e+03,6.410895000000000437e+02
1.202467595800070740e+03,6.410895000000000437e+02
1.202476796206957488e+03,6.410895000000000437e+02
1.202824151526501737e+03,6.410895000000000437e+02
1.202664180033551247e+03,6.410895000000000437e+02
1.202842429643235619e+03,6.410895000000000437e+02
1.202851563860144779e+03,6.410895000000000437e+02
1.203538019462517696e+03,6.410895000000000437e+02
1.203038947686738538e+03,6.410895000000000437e+02
1.203217263486400498e+03,6.410895000000000437e+02
1.203226331513332298e+03,6.410895000000000437e+02
1.203574084113074150e+03,6.410895000000000437e+02
1.203413715339926057e+03,6.410895000000000437e+02
1.203592097329565604e+03,6.410895000000000437e+02
1.203601099166519589e+03,6.410895000000000437e+02
1.206335199545454543e+03,6.410895000000000437e+02
1.203788482993113121e+03,6.410895000000000437e+02
1.203966931172730483e+03,6.410895000000000437e+02
1.203975866819706880e+03,6.410895000000000437e+02
1.204324016699646791e+03,6.410895000000000437e+02
1.204163250646300639e+03,6.410895000000000437e+02
1.204341765015895362e+03,6.410895000000000437e+02
1.204350634472894399e+03,6.410895000000000437e+02
1.205038945360679008e+03,6.410895000000000437e+02
1.204538018299488158e+03,6.410895000000000437e+02
1.204716598859060468e+03,6.410895000000000437e+02
1.204725402126081690e+03,6.410895000000000437e+02
1.205073949286219204e+03,6.410895000000000437e+02
1.204912785952675222e+03,6.410895000000000437e+02
1.205091432702225347e+03,6.410895000000000437e+02
1.205100169779268981e+03,6.410895000000000437e+02
1.206471840623229582e+03,6.410895000000000437e+02
1.205287553605862740e+03,6.410895000000000437e+02
1.205466266545390226e+03,6.410895000000000437e+02
1.205474937432456500e+03,6.410895000000000437e+02
1.205823881872791617e+03,6.410895000000000437e+02
1.205662321259050032e+03,6.410895000000000437e+02
1.205841100388555333e+03,6.410895000000000437e+02
1.205849705085643791e+03,6.410895000000000437e+02
1.206539871258840321e+03,6.410895000000000437e+02
1.206037088912237323e+03,6.410895000000000437e+02
1.206215934231720212e+03,6.410895000000000437e+02
1.206224472738831082e+03,6.410895000000000437e+02
1.206573814459364030e+03,6.410895000000000437e+02
1.206411856565424841e+03,6.410895000000000437e+02
1.206590768074885091e+03,6.410895000000000437e+02
1.206599240392018601e+03,6.410895000000000437e+02
1.234057000000000016e+03,6.397195000000000391e+02
1.206786624218612133e+03,6.410895000000000437e+02
1.206965601918050197e+03,6.410895000000000437e+02
1.206974008045205665e+03,6.410895000000000437e+02
1.207323747045936443e+03,6.410895000000000437e+02
1.207161391871799424e+03,6.410895000000000437e+02
1.207340435761215304e+03,6.410895000000000437e+02
1.207348775698393183e+03,6.410895000000000437e+02
1.208040797157001634e+03,6.410895000000000437e+02
1.207536159524986942e+03,6.410895000000000437e+02
1.207715269604379955e+03,6.410895000000000437e+02
1.207723543351580474e+03,6.410895000000000437e+02
1.208073679632509084e+03,6.410895000000000437e+02
1.207910927178174234e+03,6.410895000000000437e+02
1.208090103447545061e+03,6.410895000000000437e+02
1.208098311004767766e+03,6.410895000000000437e+02
1.209477944334277709e+03,6.410895000000000437e+02
1.208285694831361525e+03,6.410895000000000437e+02
1.208464937290710168e+03,6.410895000000000437e+02
1.208473078657955284e+03,6.410895000000000437e+02
1.208823612219081497e+03,6.410895000000000437e+02
1.208660462484549043e+03,6.410895000000000437e+02
1.208839771133874819e+03,6.410895000000000437e+02
1.208847846311142575e+03,6.410895000000000437e+02
1.209541723055162720e+03,6.410895000000000437e+02
1.209035230137736107e+03,6.410895000000000437e+02
1.209214604977039926e+03,6.410895000000000437e+02
1.209222613964329867e+03,6.410895000000000437e+02
1.209573544805653910e+03,6.410895000000000437e+02
1.209409997790923626e+03,6.410895000000000437e+02
1.209589438820205032e+03,6.410895000000000437e+02
1.209597381617517385e+03,6.410895000000000437e+02
1.212364487102272733e+03,6.410895000000000437e+02
1.209784765444111144e+03,6.410895000000000437e+02
1.209964272663369684e+03,6.410895000000000437e+02
1.209972149270704676e+03,6.410895000000000437e+02
1.210323477392226323e+03,6.410895000000000437e+02
1.210159533097298208e+03,6.410895000000000437e+02
1.210339106506534790e+03,6.410895000000000437e+02
1.210346916923891968e+03,6.410895000000000437e+02
1.211042648953323805e+03,6.410895000000000437e+02
1.210534300750485727e+03,6.410895000000000437e+02
1.210713940349699897e+03,6.410895000000000437e+02
1.210721684577079486e+03,6.410895000000000437e+02
1.211073409978798736e+03,6.410895000000000437e+02
1.210909068403673018e+03,6.410895000000000437e+02
1.211088774192864776e+03,6.410895000000000437e+02
1.211096452230266777e+03,6.410895000000000437e+02
1.212484048045325835e+03,6.410895000000000437e+02
1.211283836056860309e+03,6.410895000000000437e+02
1.211463608036029655e+03,6.410895000000000437e+02
1.211471219883454069e+03,6.410895000000000437e+02
1.211823342565371149e+03,6.410895000000000437e+02
1.211658603710047828e+03,6.410895000000000437e+02
1.211838441879194761e+03,6.410895000000000437e+02
1.211845987536641587e+03,6.410895000000000437e+02
1.212543574851485118e+03,6.410895000000000437e+02
1.212033371363235119e+03,6.410895000000000437e+02
1.212213275722359640e+03,6.410895000000000437e+02
1.212220755189828651e+03,6.410895000000000437e+02
1.212573275151943562e+03,6.410895000000000437e+02
1.212408139016422410e+03,6.410895000000000437e+02
1.212588109565524519e+03,6.410895000000000437e+02
1.212595522843016170e+03,6.410895000000000437e+02
1.251034400000000005e+03,6.382766000000000304e+02
1.212782906669609929e+03,6.386860400000000482e+02
1.212962943408689625e+03,6.386860400000000482e+02
1.212970290496203461e+03,6.386860400000000482e+02
1.213323207738515976e+03,6.386860400000000482e+02
1.213157674322797220e+03,6.386860400000000482e+02
1.213337777251854504e+03,6.386860400000000482e+02
1.213345058149390752e+03,6.386860400000000482e+02
1.214044500749646431e+03,6.386860400000000482e+02
1.213532441975984511e+03,6.386860400000000482e+02
1.213712611095019383e+03,6.386860400000000482e+02
1.213719825802578271e+03,6.386860400000000482e+02
1.214073140325088389e+03,6.386860400000000482e+02
1.213907209629172030e+03,6.386860400000000482e+02
1.214087444938184490e+03,6.386860400000000482e+02
1.214094593455765562e+03,6.386860400000000482e+02
1.215490151756373962e+03,6.386860400000000482e+02
1.214281977282359321e+03,6.386860400000000482e+02
1.214462278781349369e+03,6.386860400000000482e+02
1.214469361108952853e+03,6.386860400000000482e+02
1.214823072911660802e+03,6.386860400000000482e+02
1.214656744935546612e+03,6.386860400000000482e+02
1.214837112624514248e+03,6.386860400000000482e+02
1.214844128762140372e+03,6.386860400000000482e+02
1.215545426647807744e+03,6.386860400000000482e+02
1.215031512588734131e+03,6.386860400000000482e+02
1.215211946467679354e+03,6.386860400000000482e+02
1.215218896415327663e+03,6.386860400000000482e+02
1.215573005498233215e+03,6.386860400000000482e+02
1.215406280241921195e+03,6.386860400000000482e+02
1.215586780310844233e+03,6.386860400000000482e+02
1.215593664068514954e+03,6.386860400000000482e+02
1.218393774659090923e+03,6.386860400000000482e+02
1.215781047895108713e+03,6.386860400000000482e+02
1.215961614154009112e+03,6.386860400000000482e+02
1.215968431721702473e+03,6.386860400000000482e+02
1.216322938084805628e+03,6.386860400000000482e+02
1.216155815548296005e+03,6.386860400000000482e+02
1.216336447997174218e+03,6.386860400000000482e+02
1.216343199374889764e+03,6.386860400000000482e+02
1.217046352545969057e+03,6.386860400000000482e+02
1.216530583201483296e+03,6.386860400000000482e+02
1.216711281840339097e+03,6.386860400000000482e+02
1.216717967028077055e+03,6.386860400000000482e+02
1.217072870671378041e+03,6.386860400000000482e+02
1.216905350854670814e+03,6.386860400000000482e+02
1.217086115683503976e+03,6.386860400000000482e+02
1.217092734681264574e+03,6.386860400000000482e+02
1.218496255467422316e+03,6.386860400000000482e+02
1.217280118507858106e+03,6.386860400000000482e+02
1.217460949526669083e+03,6.386860400000000482e+02
1.217467502334451865e+03,6.386860400000000482e+02
1.217822803257950682e+03,6.386860400000000482e+02
1.217654886161045397e+03,6.386860400000000482e+02
1.217835783369833962e+03,6.386860400000000482e+02
1.217842269987639156e+03,6.386860400000000482e+02
1.218547278444130143e+03,6.386860400000000482e+02
1.218029653814232915e+03,6.386860400000000482e+02
1.218210617212999068e+03,6.386860400000000482e+02
1.218217037640826447e+03,6.386860400000000482e+02
1.218572735844523095e+03,6.386860400000000482e+02
1.218404421467420207e+03,6.386860400000000482e+02
1.218585451056163947e+03,6.386860400000000482e+02
1.218591805294013966e+03,6.386860400000000482e+02
1.254569500000000062e+03,6.369332000000000562e+02
1.218779189120607498e+03,6.386860400000000482e+02
1.218960284899328826e+03,6.386860400000000482e+02
1.218966572947201257e+03,6.386860400000000482e+02
1.219322668431095508e+03,6.386860400000000482e+02
1.219153956773794789e+03,6.386860400000000482e+02
1.219335118742493933e+03,6.386860400000000482e+02
1.219341340600388548e+03,6.386860400000000482e+02
1.220048204342291456e+03,6.386860400000000482e+02
1.219528724426982308e+03,6.386860400000000482e+02
1.219709952585658812e+03,6.386860400000000482e+02
1.219716108253575840e+03,6.386860400000000482e+02
1.220072601017667921e+03,6.386860400000000482e+02
1.219903492080169599e+03,6.386860400000000482e+02
1.220084786428823691e+03,6.386860400000000482e+02
1.220090875906763358e+03,6.386860400000000482e+02
1.221502359178470442e+03,6.386860400000000482e+02
1.220278259733356890e+03,6.386860400000000482e+02
1.220459620271988797e+03,6.386860400000000482e+02
1.220465643559950649e+03,6.386860400000000482e+02
1.220822533604240334e+03,6.386860400000000482e+02
1.220653027386544409e+03,6.386860400000000482e+02
1.220834454115153676e+03,6.386860400000000482e+02
1.220840411213137941e+03,6.386860400000000482e+02
1.221549130240452769e+03,6.386860400000000482e+02
1.221027795039731700e+03,6.386860400000000482e+02
1.221209287958318555e+03,6.386860400000000482e+02
1.221215178866325459e+03,6.386860400000000482e+02
1.221572466190812747e+03,6.386860400000000482e+02
1.221402562692918991e+03,6.386860400000000482e+02
1.221584121801483661e+03,6.386860400000000482e+02
1.221589946519512750e+03,6.386860400000000482e+02
1.224423062215909113e+03,6.386860400000000482e+02
1.221777330346106282e+03,6.386860400000000482e+02
1.221958955644648540e+03,6.386860400000000482e+02
1.221964714172700042e+03,6.386860400000000482e+02
1.222322398777385160e+03,6.386860400000000482e+02
1.222152097999293801e+03,6.386860400000000482e+02
1.222333789487813419e+03,6.386860400000000482e+02
1.222339481825887333e+03,6.386860400000000482e+02
1.223050056138613854e+03,6.386860400000000482e+02
1.222526865652481092e+03,6.386860400000000482e+02
1.222708623330978526e+03,6.386860400000000482e+02
1.222714249479074851e+03,6.386860400000000482e+02
1.223072331363957801e+03,6.386860400000000482e+02
1.222901633305668383e+03,6.386860400000000482e+02
1.223083457174143405e+03,6.386860400000000482e+02
1.223089017132262143e+03,6.386860400000000482e+02
1.224508462889518569e+03,6.386860400000000482e+02
1.223276400958855902e+03,6.386860400000000482e+02
1.223458291017308284e+03,6.386860400000000482e+02
1.223463784785449434e+03,6.386860400000000482e+02
1.223822263950530214e+03,6.386860400000000482e+02
1.223651168612043193e+03,6.386860400000000482e+02
1.223833124860473390e+03,6.386860400000000482e+02
1.223838552438636953e+03,6.386860400000000482e+02
1.224550982036775167e+03,6.386860400000000482e+02
1.224025936265230484e+03,6.386860400000000482e+02
1.224207958703638269e+03,6.386860400000000482e+02
1.224213320091824244e+03,6.386860400000000482e+02
1.224572196537102627e+03,6.386860400000000482e+02
1.224400703918418003e+03,6.386860400000000482e+02
1.224582792546803375e+03,6.386860400000000482e+02
1.224588087745011535e+03,6.386860400000000482e+02
1.244905400000000100e+03,6.360447000000000344e+02
1.224775471571605294e+03,6.397195000000000391e+02
1.224957626389968254e+03,6.397195000000000391e+02
1.224962855398198826e+03,6.397195000000000391e+02
1.225322129123675040e+03,6.397195000000000391e+02
1.225150239224792585e+03,6.397195000000000391e+02
1.225332460233133133e+03,6.397195000000000391e+02
1.225337623051386345e+03,6.397195000000000391e+02
1.226051907934936480e+03,6.397195000000000391e+02
1.225525006877979877e+03,6.397195000000000391e+02
1.225707294076298240e+03,6.397195000000000391e+02
1.225712390704573636e+03,6.397195000000000391e+02
1.226072061710247453e+03,6.397195000000000391e+02
1.225899774531167395e+03,6.397195000000000391e+02
1.226082127919463119e+03,6.397195000000000391e+02
1.226087158357760927e+03,6.397195000000000391e+02
1.227514566600566695e+03,6.397195000000000391e+02
1.226274542184354686e+03,6.397195000000000391e+02
1.226456961762627998e+03,6.397195000000000391e+02
1.226461926010948446e+03,6.397195000000000391e+02
1.226821994296819867e+03,6.397195000000000391e+02
1.226649309837541978e+03,6.397195000000000391e+02
1.226831795605793104e+03,6.397195000000000391e+02
1.226836693664135737e+03,6.397195000000000391e+02
1.227552833833097566e+03,6.397195000000000391e+02
1.227024077490729496e+03,6.397195000000000391e+02
1.227206629448957983e+03,6.397195000000000391e+02
1.227211461317323028e+03,6.397195000000000391e+02
1.227571926883392280e+03,6.397195000000000391e+02
1.227398845143916787e+03,6.397195000000000391e+02
1.227581463292122862e+03,6.397195000000000391e+02
1.227586228970510319e+03,6.397195000000000391e+02
1.230452349772727302e+03,6.397195000000000391e+02
1.227773612797104079e+03,6.397195000000000391e+02
1.227956297135287969e+03,6.397195000000000391e+02
1.227960996623697838e+03,6.397195000000000391e+02
1.228321859469964693e+03,6.397195000000000391e+02
1.228148380450291370e+03,6.397195000000000391e+02
1.228331130978452848e+03,6.397195000000000391e+02
1.228335764276885129e+03,6.397195000000000391e+02
1.229053759731258879e+03,6.397195000000000391e+02
1.228523148103478889e+03,6.397195000000000391e+02
1.228705964821617727e+03,6.397195000000000391e+02
1.228710531930072420e+03,6.397195000000000391e+02
1.229071792056537106e+03,6.397195000000000391e+02
1.228897915756666180e+03,6.397195000000000391e+02
1.229080798664782833e+03,6.397195000000000391e+02
1.229085299583259939e+03,6.397195000000000391e+02
1.230520670311614822e+03,6.397195000000000391e+02
1.229272683409853471e+03,6.397195000000000391e+02
1.229455632507947712e+03,6.397195000000000391e+02
1.229460067236447230e+03,6.397195000000000391e+02
1.229821724643109746e+03,6.397195000000000391e+02
1.229647451063040990e+03,6.397195000000000391e+02
1.229830466351112591e+03,6.397195000000000391e+02
1.229834834889634521e+03,6.397195000000000391e+02
1.230554685629420192e+03,6.397195000000000391e+02
1.230022218716228281e+03,6.397195000000000391e+02
1.230205300194277697e+03,6.397195000000000391e+02
1.230209602542821813e+03,6.397195000000000391e+02
1.230571657229682160e+03,6.397195000000000391e+02
1.230396986369415572e+03,6.397195000000000391e+02
1.230580134037442576e+03,6.397195000000000391e+02
1.230584370196009331e+03,6.397195000000000391e+02
1.221418799999999919e+03,6.386860400000000482e+02
1.230771754022602863e+03,6.397195000000000391e+02
1.230954967880607683e+03,6.397195000000000391e+02
1.230959137849196622e+03,6.397195000000000391e+02
1.231321589816254573e+03,6.397195000000000391e+02
1.231146521675790382e+03,6.397195000000000391e+02
1.231329801723772562e+03,6.397195000000000391e+02
1.231333905502383914e+03,6.397195000000000391e+02
1.232055611527581505e+03,6.397195000000000391e+02
1.231521289328977673e+03,6.397195000000000391e+02
1.231704635566937441e+03,6.397195000000000391e+02
1.231708673155571432e+03,6.397195000000000391e+02
1.232071522402826986e+03,6.397195000000000391e+02
1.231896056982164964e+03,6.397195000000000391e+02
1.232079469410102547e+03,6.397195000000000391e+02
1.232083440808758724e+03,6.397195000000000391e+02
1.233526774022662948e+03,6.397195000000000391e+02
1.232270824635352483e+03,6.397195000000000391e+02
1.232454303253267426e+03,6.397195000000000391e+02
1.232458208461946015e+03,6.397195000000000391e+02
1.232821454989399399e+03,6.397195000000000391e+02
1.232645592288539774e+03,6.397195000000000391e+02
1.232829137096432305e+03,6.397195000000000391e+02
1.232832976115133306e+03,6.397195000000000391e+02
1.233556537425742590e+03,6.397195000000000391e+02
1.233020359941727065e+03,6.397195000000000391e+02
1.233203970939597411e+03,6.397195000000000391e+02
1.233207743768320825e+03,6.397195000000000391e+02
1.233571387575971812e+03,6.397195000000000391e+02
1.233395127594914356e+03,6.397195000000000391e+02
1.233578804782762290e+03,6.397195000000000391e+02
1.233582511421508116e+03,6.397195000000000391e+02
1.236481637329545492e+03,6.397195000000000391e+02
1.233769895248101875e+03,6.397195000000000391e+02
1.233953638625927169e+03,6.397195000000000391e+02
1.233957279074695407e+03,6.397195000000000391e+02
1.234321320162544225e+03,6.397195000000000391e+02
1.234144662901289166e+03,6.397195000000000391e+02
1.234328472469092276e+03,6.397195000000000391e+02
1.234332046727882926e+03,6.397195000000000391e+02
1.235057463323903903e+03,6.397195000000000391e+02
1.234519430554476457e+03,6.397195000000000391e+02
1.234703306312257155e+03,6.397195000000000391e+02
1.234706814381070217e+03,6.397195000000000391e+02
1.235071252749116638e+03,6.397195000000000391e+02
1.234894198207663976e+03,6.397195000000000391e+02
1.235078140155422034e+03,6.397195000000000391e+02
1.235081582034257508e+03,6.397195000000000391e+02
1.236532877733711075e+03,6.397195000000000391e+02
1.235268965860851267e+03,6.397195000000000391e+02
1.235452973998587140e+03,6.397195000000000391e+02
1.235456349687444799e+03,6.397195000000000391e+02
1.235821185335689051e+03,6.397195000000000391e+02
1.235643733514038558e+03,6.397195000000000391e+02
1.235827807841752019e+03,6.397195000000000391e+02
1.235831117340632318e+03,6.397195000000000391e+02
1.236558389222065216e+03,6.397195000000000391e+02
1.236018501167225850e+03,6.397195000000000391e+02
1.236202641684916898e+03,6.397195000000000391e+02
1.236205884993819609e+03,6.397195000000000391e+02
1.236571117922261465e+03,6.397195000000000391e+02
1.236393268820413368e+03,6.397195000000000391e+02
1.236577475528082005e+03,6.397195000000000391e+02
1.236580652647006900e+03,6.397195000000000391e+02
1.194572300000000041e+03,6.480181999999999789e+02
1.236768036473600660e+03,6.360447000000000344e+02
1.236952309371246884e+03,6.360447000000000344e+02
1.236955420300194419e+03,6.360447000000000344e+02
1.237321050508834105e+03,6.360447000000000344e+02
1.237142804126787951e+03,6.360447000000000344e+02
1.237327143214411990e+03,6.360447000000000344e+02
1.237330187953381710e+03,6.360447000000000344e+02
1.238059315120226302e+03,6.360447000000000344e+02
1.237517571779975469e+03,6.360447000000000344e+02
1.237701977057576869e+03,6.360447000000000344e+02
1.237704955606569001e+03,6.360447000000000344e+02
1.238070983095406518e+03,6.360447000000000344e+02
1.237892339433162761e+03,6.360447000000000344e+02
1.238076810900741748e+03,6.360447000000000344e+02
1.238079723259756292e+03,6.360447000000000344e+02
1.239538981444759429e+03,6.360447000000000344e+02
1.238267107086350052e+03,6.360447000000000344e+02
1.238451644743906854e+03,6.360447000000000344e+02
1.238454490912943811e+03,6.360447000000000344e+02
1.238820915681978931e+03,6.360447000000000344e+02
1.238641874739537343e+03,6.360447000000000344e+02
1.238826478587071733e+03,6.360447000000000344e+02
1.238829258566131102e+03,6.360447000000000344e+02
1.239560241018387615e+03,6.360447000000000344e+02
1.239016642392724862e+03,6.360447000000000344e+02
1.239201312430236612e+03,6.360447000000000344e+02
1.239204026219318393e+03,6.360447000000000344e+02
1.239570848268551345e+03,6.360447000000000344e+02
1.239391410045912153e+03,6.360447000000000344e+02
1.239576146273401719e+03,6.360447000000000344e+02
1.239578793872505912e+03,6.360447000000000344e+02
1.242510924886363682e+03,6.360447000000000344e+02
1.239766177699099444e+03,6.360447000000000344e+02
1.239950980116566598e+03,6.360447000000000344e+02
1.239953561525693203e+03,6.360447000000000344e+02
1.240320780855123758e+03,6.360447000000000344e+02
1.240140945352286963e+03,6.360447000000000344e+02
1.240325813959731477e+03,6.360447000000000344e+02
1.240328329178880495e+03,6.360447000000000344e+02
1.241061166916548927e+03,6.360447000000000344e+02
1.240515713005474254e+03,6.360447000000000344e+02
1.240700647802896583e+03,6.360447000000000344e+02
1.240703096832068013e+03,6.360447000000000344e+02
1.241070713441696171e+03,6.360447000000000344e+02
1.240890480658661545e+03,6.360447000000000344e+02
1.241075481646061462e+03,6.360447000000000344e+02
1.241077864485255304e+03,6.360447000000000344e+02
1.242545085155807556e+03,6.360447000000000344e+02
1.241265248311848836e+03,6.360447000000000344e+02
1.241450315489226341e+03,6.360447000000000344e+02
1.241452632138442596e+03,6.360447000000000344e+02
1.241820646028268584e+03,6.360447000000000344e+02
1.241640015965036355e+03,6.360447000000000344e+02
1.241825149332391447e+03,6.360447000000000344e+02
1.241827399791629887e+03,6.360447000000000344e+02
1.242562092814710013e+03,6.360447000000000344e+02
1.242014783618223646e+03,6.360447000000000344e+02
1.242199983175556326e+03,6.360447000000000344e+02
1.242202167444817405e+03,6.360447000000000344e+02
1.242570578614840997e+03,6.360447000000000344e+02
1.242389551271410937e+03,6.360447000000000344e+02
1.242574817018721205e+03,6.360447000000000344e+02
1.242576935098004697e+03,6.360447000000000344e+02
1.176628999999999905e+03,6.616187999999999647e+02
1.242764318924598456e+03,6.360447000000000344e+02
1.242949650861886312e+03,6.360447000000000344e+02
1.242951702751191988e+03,6.360447000000000344e+02
1.243320511201413410e+03,6.360447000000000344e+02
1.243139086577785747e+03,6.360447000000000344e+02
1.243324484705051191e+03,6.360447000000000344e+02
1.243326470404379506e+03,6.360447000000000344e+02
1.244063018712871326e+03,6.360447000000000344e+02
1.243513854230973038e+03,6.360447000000000344e+02
1.243699318548216297e+03,6.360447000000000344e+02
1.243701238057566798e+03,6.360447000000000344e+02
1.244070443787986051e+03,6.360447000000000344e+02
1.243888621884160330e+03,6.360447000000000344e+02
1.244074152391381176e+03,6.360447000000000344e+02
1.244076005710754089e+03,6.360447000000000344e+02
1.245551188866855682e+03,6.360447000000000344e+02
1.244263389537347848e+03,6.360447000000000344e+02
1.244448986234546055e+03,6.360447000000000344e+02
1.244450773363941380e+03,6.360447000000000344e+02
1.244820376374558464e+03,6.360447000000000344e+02
1.244638157190535139e+03,6.360447000000000344e+02
1.244823820077711162e+03,6.360447000000000344e+02
1.244825541017128899e+03,6.360447000000000344e+02
1.245563944611032639e+03,6.360447000000000344e+02
1.245012924843722431e+03,6.360447000000000344e+02
1.245198653920876041e+03,6.360447000000000344e+02
1.245200308670316190e+03,6.360447000000000344e+02
1.245570308961130877e+03,6.360447000000000344e+02
1.245387692496909949e+03,6.360447000000000344e+02
1.245573487764040920e+03,6.360447000000000344e+02
1.245575076323503481e+03,6.360447000000000344e+02
1.248540212443181872e+03,6.382766000000000304e+02
1.245762460150097240e+03,6.382766000000000304e+02
1.245948321607206026e+03,6.382766000000000304e+02
1.245949843976691000e+03,6.382766000000000304e+02
1.246320241547703290e+03,6.382766000000000304e+02
1.246137227803284532e+03,6.382766000000000304e+02
1.246323155450370905e+03,6.382766000000000304e+02
1.246324611629878291e+03,6.382766000000000304e+02
1.247064870509193952e+03,6.382766000000000304e+02
1.246511995456471823e+03,6.382766000000000304e+02
1.246697989293535784e+03,6.382766000000000304e+02
1.246699379283065582e+03,6.382766000000000304e+02
1.247070174134275703e+03,6.382766000000000304e+02
1.246886763109659341e+03,6.382766000000000304e+02
1.247072823136700890e+03,6.382766000000000304e+02
1.247074146936252873e+03,6.382766000000000304e+02
1.248557292577903809e+03,6.382766000000000304e+02
1.247261530762846633e+03,6.382766000000000304e+02
1.247447656979865769e+03,6.382766000000000304e+02
1.247448914589440392e+03,6.382766000000000304e+02
1.247820106720848116e+03,6.382766000000000304e+02
1.247636298416033924e+03,6.382766000000000304e+02
1.247822490823030648e+03,6.382766000000000304e+02
1.247823682242627683e+03,6.382766000000000304e+02
1.248565796407355037e+03,6.382766000000000304e+02
1.248011066069221442e+03,6.382766000000000304e+02
1.248197324666195755e+03,6.382766000000000304e+02
1.248198449895814974e+03,6.382766000000000304e+02
1.248570039307420529e+03,6.382766000000000304e+02
1.248385833722408734e+03,6.382766000000000304e+02
1.248572158509360634e+03,6.382766000000000304e+02
1.248573217549002493e+03,6.382766000000000304e+02
1.167597800000000007e+03,6.724732699999999568e+02
1.248760601375596025e+03,6.382766000000000304e+02
1.248946992352525740e+03,6.382766000000000304e+02
1.248947985202189784e+03,6.382766000000000304e+02
1.249319971893992943e+03,6.382766000000000304e+02
1.249135369028783316e+03,6.382766000000000304e+02
1.249321826195690619e+03,6.382766000000000304e+02
1.249322752855377075e+03,6.382766000000000304e+02
1.250066722305516350e+03,6.382766000000000304e+02
1.249510136681970835e+03,6.382766000000000304e+02
1.249696660038855498e+03,6.382766000000000304e+02
1.249697520508564367e+03,6.382766000000000304e+02
1.250069904480565356e+03,6.382766000000000304e+02
1.249884904335158126e+03,6.382766000000000304e+02
1.250071493882020604e+03,6.382766000000000304e+02
1.250072288161751885e+03,6.382766000000000304e+02
1.251563396288951935e+03,6.382766000000000304e+02
1.250259671988345417e+03,6.382766000000000304e+02
1.250446327725185483e+03,6.382766000000000304e+02
1.250447055814939176e+03,6.382766000000000304e+02
1.250819837067137996e+03,6.382766000000000304e+02
1.250634439641532936e+03,6.382766000000000304e+02
1.250821161568350362e+03,6.382766000000000304e+02
1.250821823468126468e+03,6.382766000000000304e+02
1.251567648203677663e+03,6.382766000000000304e+02
1.251009207294720227e+03,6.382766000000000304e+02
1.251195995411515469e+03,6.382766000000000304e+02
1.251196591121313986e+03,6.382766000000000304e+02
1.251569769653710409e+03,6.382766000000000304e+02
1.251383974947907518e+03,6.382766000000000304e+02
1.251570829254680348e+03,6.382766000000000304e+02
1.251571358774501277e+03,6.382766000000000304e+02
1.254569500000000062e+03,6.369332000000000562e+02
1.251758742601094809e+03,6.369332000000000562e+02
1.251945663097845227e+03,6.369332000000000562e+02
1.251946126427688569e+03,6.369332000000000562e+02
1.252319702240282822e+03,6.369332000000000562e+02
1.252133510254282328e+03,6.369332000000000562e+02
1.252320496941010333e+03,6.369332000000000562e+02
1.252320894080875860e+03,6.369332000000000562e+02
1.253068574101838749e+03,6.369332000000000562e+02
1.252508277907469619e+03,6.369332000000000562e+02
1.252695330784175212e+03,6.369332000000000562e+02
1.252695661734063378e+03,6.369332000000000562e+02
1.253069634826855236e+03,6.369332000000000562e+02
1.252883045560656910e+03,6.369332000000000562e+02
1.253070164627340091e+03,6.369332000000000562e+02
1.253070429387250670e+03,6.369332000000000562e+02
1.254569500000000062e+03,6.369332000000000562e+02
1.253257813213844429e+03,6.369332000000000562e+02
1.253444998470505197e+03,6.369332000000000562e+02
1.253445197040437961e+03,6.369332000000000562e+02
1.253819567413427649e+03,6.369332000000000562e+02
1.253632580867031720e+03,6.369332000000000562e+02
1.253819832313670076e+03,6.369332000000000562e+02
1.253819964693625479e+03,6.369332000000000562e+02
1.254569500000000062e+03,6.369332000000000562e+02
1.254007348520219011e+03,6.369332000000000562e+02
1.254194666156834955e+03,6.369332000000000562e+02
1.254194732346812771e+03,6.369332000000000562e+02
1.254569500000000062e+03,6.369332000000000562e+02
1.254382116173406303e+03,6.369332000000000562e+02
1.254569500000000062e+03,6.369332000000000562e+02
1.254569500000000062e+03,6.369332000000000562e+02
1.167597800000000007e+03,6.724732699999999568e+02
