1.124412499999999966e+02,3.206259800000000268e+02
1.124412499999999966e+02,3.206259800000000268e+02
1.126049212125596881e+02,3.206259800000000268e+02
1.124412499999999966e+02,3.206259800000000268e+02
1.127685924251193654e+02,3.206259800000000268e+02
1.127686397973950818e+02,3.206259800000000268e+02
1.129322636376790570e+02,3.206259800000000268e+02
1.124412499999999966e+02,3.206259800000000268e+02
1.130959348502387485e+02,3.206259800000000268e+02
1.130960295947901528e+02,3.206259800000000268e+02
1.132596060627984400e+02,3.206259800000000268e+02
1.130962191661841274e+02,3.206259800000000268e+02
1.134232772753581173e+02,3.206259800000000268e+02
1.134234193921852381e+02,3.206259800000000268e+02
1.135869484879178088e+02,3.206259800000000268e+02
1.124412499999999966e+02,3.206259800000000268e+02
1.137506197004775004e+02,3.206259800000000268e+02
1.137508091895803091e+02,3.206259800000000268e+02
1.139142909130371777e+02,3.206259800000000268e+02
1.137511883323682582e+02,3.206259800000000268e+02
1.140779621255968692e+02,3.206259800000000268e+02
1.140781989869753943e+02,3.206259800000000268e+02
1.142416333381565607e+02,3.206259800000000268e+02
1.137519472769408964e+02,3.206259800000000268e+02
1.144053045507162523e+02,3.206259800000000268e+02
1.144055887843704795e+02,3.206259800000000268e+02
1.145689757632759296e+02,3.206259800000000268e+02
1.144061574985524032e+02,3.206259800000000268e+02
1.147326469758356211e+02,3.206259800000000268e+02
1.147329785817655505e+02,3.206259800000000268e+02
1.148963181883953126e+02,3.206259800000000268e+02
1.124412499999999966e+02,3.206259800000000268e+02
1.150599894009549899e+02,3.206259800000000268e+02
1.150603683791606358e+02,3.206259800000000268e+02
1.152236606135146815e+02,3.206259800000000268e+02
1.150611266647365341e+02,3.206259800000000268e+02
1.153873318260743730e+02,3.206259800000000268e+02
1.153877581765557068e+02,3.206259800000000268e+02
1.155510030386340645e+02,3.206259800000000268e+02
1.150626445538818103e+02,3.206259800000000268e+02
1.157146742511937418e+02,3.206259800000000268e+02
1.157151479739507920e+02,3.206259800000000268e+02
1.158783454637534334e+02,3.206259800000000268e+02
1.157160958309206649e+02,3.206259800000000268e+02
1.160420166763131249e+02,3.206259800000000268e+02
1.160425377713458772e+02,3.206259800000000268e+02
1.162056878888728022e+02,3.206259800000000268e+02
1.150656856148491869e+02,3.206259800000000268e+02
1.163693591014324937e+02,3.206259800000000268e+02
1.163699275687409482e+02,3.206259800000000268e+02
1.165330303139921853e+02,3.206259800000000268e+02
1.163710649971048099e+02,3.206259800000000268e+02
1.166967015265518768e+02,3.206259800000000268e+02
1.166973173661360335e+02,3.206259800000000268e+02
1.168603727391115541e+02,3.206259800000000268e+02
1.163733418308227101e+02,3.206259800000000268e+02
1.170240439516712456e+02,3.206259800000000268e+02
1.170247071635311045e+02,3.206259800000000268e+02
1.171877151642309371e+02,3.206259800000000268e+02
1.170260341632889407e+02,3.206259800000000268e+02
1.173513863767906145e+02,3.206259800000000268e+02
1.173520969609261897e+02,3.206259800000000268e+02
1.175150575893503060e+02,3.206259800000000268e+02
2.468974900000000048e+02,3.161834699999999998e+02
1.176787288019099975e+02,2.867160600000000272e+02
1.176794867583212749e+02,2.867160600000000272e+02
1.178424000144696890e+02,2.867160600000000272e+02
1.176810033294730715e+02,2.867160600000000272e+02
1.180060712270293664e+02,2.867160600000000272e+02
1.180068765557163459e+02,2.867160600000000272e+02
1.181697424395890579e+02,2.867160600000000272e+02
1.176840391077636099e+02,2.867160600000000272e+02
1.183334136521487494e+02,2.867160600000000272e+02
1.183342663531114312e+02,2.867160600000000272e+02
1.184970848647084267e+02,2.867160600000000272e+02
1.183359724956572023e+02,2.867160600000000272e+02
1.186607560772681182e+02,2.867160600000000272e+02
1.186616561505065022e+02,2.867160600000000272e+02
1.188244272898278098e+02,2.867160600000000272e+02
1.176901212296983772e+02,2.867160600000000272e+02
1.189880985023874871e+02,2.867160600000000272e+02
1.189890459479015874e+02,2.867160600000000272e+02
1.191517697149471786e+02,2.867160600000000272e+02
1.189909416618413331e+02,2.867160600000000272e+02
1.193154409275068701e+02,2.867160600000000272e+02
1.193164357452966726e+02,2.867160600000000272e+02
1.194791121400665617e+02,2.867160600000000272e+02
1.189947363847045096e+02,2.867160600000000272e+02
1.196427833526262390e+02,2.867160600000000272e+02
1.196438255426917436e+02,2.867160600000000272e+02
1.198064545651859305e+02,2.867160600000000272e+02
1.196459108280254782e+02,2.867160600000000272e+02
1.199701257777456220e+02,2.867160600000000272e+02
1.199712153400868289e+02,2.867160600000000272e+02
1.201337969903053136e+02,2.867160600000000272e+02
1.177023279069767341e+02,2.867160600000000272e+02
1.202974682028649909e+02,2.867160600000000272e+02
1.202986051374818999e+02,2.867160600000000272e+02
1.204611394154246824e+02,2.867160600000000272e+02
1.203008799942096090e+02,2.867160600000000272e+02
1.206248106279843739e+02,2.867160600000000272e+02
1.206259949348769851e+02,2.867160600000000272e+02
1.207884818405440512e+02,2.867160600000000272e+02
1.203054336616454236e+02,2.867160600000000272e+02
1.209521530531037428e+02,2.867160600000000272e+02
1.209533847322720703e+02,2.867160600000000272e+02
1.211158242656634343e+02,2.867160600000000272e+02
1.209558491603937398e+02,2.867160600000000272e+02
1.212794954782231116e+02,2.867160600000000272e+02
1.212807745296671413e+02,2.867160600000000272e+02
1.214431666907828031e+02,2.867160600000000272e+02
1.203145568445475533e+02,2.867160600000000272e+02
1.216068379033424947e+02,2.867160600000000272e+02
1.216081643270622266e+02,2.867160600000000272e+02
1.217705091159021862e+02,2.867160600000000272e+02
1.216108183265778848e+02,2.867160600000000272e+02
1.219341803284618635e+02,2.867160600000000272e+02
1.219355541244572976e+02,2.867160600000000272e+02
1.220978515410215550e+02,2.867160600000000272e+02
1.216161309385863234e+02,2.867160600000000272e+02
1.222615227535812465e+02,2.867160600000000272e+02
1.222629439218523828e+02,2.867160600000000272e+02
1.224251939661409381e+02,2.867160600000000272e+02
1.222657874927620156e+02,2.867160600000000272e+02
1.225888651787006154e+02,2.867160600000000272e+02
1.225903337192474680e+02,2.867160600000000272e+02
1.227525363912603069e+02,2.867160600000000272e+02
2.459452200000000062e+02,3.201844500000000266e+02
1.229162076038199984e+02,2.867160600000000272e+02
1.229177235166425390e+02,2.867160600000000272e+02
1.230798788163796758e+02,2.867160600000000272e+02
1.229207566589461464e+02,2.867160600000000272e+02
1.232435500289393673e+02,2.867160600000000272e+02
1.232451133140376243e+02,2.867160600000000272e+02
1.234072212414990588e+02,2.867160600000000272e+02
1.229268282155272232e+02,2.867160600000000272e+02
1.235708924540587361e+02,2.867160600000000272e+02
1.235725031114327095e+02,2.867160600000000272e+02
1.237345636666184276e+02,2.867160600000000272e+02
1.235757258251302773e+02,2.867160600000000272e+02
1.238982348791781192e+02,2.867160600000000272e+02
1.238998929088277805e+02,2.867160600000000272e+02
1.240619060917378107e+02,2.867160600000000272e+02
1.229389924593967436e+02,2.867160600000000272e+02
1.242255773042974880e+02,2.867160600000000272e+02
1.242272827062228657e+02,2.867160600000000272e+02
1.243892485168571795e+02,2.867160600000000272e+02
1.242306949913144081e+02,2.867160600000000272e+02
1.245529197294168711e+02,2.867160600000000272e+02
1.245546725036179367e+02,2.867160600000000272e+02
1.247165909419765626e+02,2.867160600000000272e+02
1.242375254924681371e+02,2.867160600000000272e+02
1.248802621545362399e+02,2.867160600000000272e+02
1.248820623010130220e+02,2.867160600000000272e+02
1.250439333670959314e+02,2.867160600000000272e+02
1.248856641574985531e+02,2.867160600000000272e+02
1.252076045796556230e+02,2.867160600000000272e+02
1.252094520984081072e+02,2.867160600000000272e+02
1.253712757922153003e+02,2.867160600000000272e+02
1.229634058139534858e+02,2.867160600000000272e+02
1.255349470047749918e+02,2.867160600000000272e+02
1.255368418958031782e+02,2.867160600000000272e+02
1.256986182173346833e+02,2.867160600000000272e+02
1.255406333236826839e+02,2.867160600000000272e+02
1.258622894298943606e+02,2.867160600000000272e+02
1.258642316931982634e+02,2.867160600000000272e+02
1.260259606424540522e+02,2.867160600000000272e+02
1.255482227694090369e+02,2.867160600000000272e+02
1.261896318550137437e+02,2.867160600000000272e+02
1.261916214905933344e+02,2.867160600000000272e+02
1.263533030675734352e+02,2.867160600000000272e+02
1.261956024898668147e+02,2.867160600000000272e+02
1.265169742801331125e+02,2.867160600000000272e+02
1.265190112879884197e+02,2.867160600000000272e+02
1.266806454926928041e+02,2.867160600000000272e+02
1.255634280742459339e+02,2.867160600000000272e+02
1.268443167052524956e+02,2.867160600000000272e+02
1.268464010853835049e+02,2.867160600000000272e+02
1.270079879178121871e+02,2.867160600000000272e+02
1.268505716560509597e+02,2.867160600000000272e+02
1.271716591303718644e+02,2.867160600000000272e+02
1.271737908827785759e+02,2.867160600000000272e+02
1.273353303429315559e+02,2.867160600000000272e+02
1.268589200463499367e+02,2.867160600000000272e+02
1.274990015554912475e+02,2.867160600000000272e+02
1.275011806801736611e+02,2.867160600000000272e+02
1.276626727680509248e+02,2.867160600000000272e+02
1.275055408222350906e+02,2.867160600000000272e+02
1.278263439806106163e+02,2.867160600000000272e+02
1.278285704775687464e+02,2.867160600000000272e+02
1.279900151931703078e+02,2.867160600000000272e+02
2.394733300000000042e+02,3.564022199999999998e+02
1.281536864057299852e+02,2.867160600000000272e+02
1.281559602749638316e+02,2.867160600000000272e+02
1.283173576182896909e+02,2.867160600000000272e+02
1.281605099884192214e+02,2.867160600000000272e+02
1.284810288308493682e+02,2.867160600000000272e+02
1.284833500723588884e+02,2.867160600000000272e+02
1.286447000434090455e+02,2.867160600000000272e+02
1.281696173232908507e+02,2.867160600000000272e+02
1.288083712559687513e+02,2.867160600000000272e+02
1.288107398697539736e+02,2.867160600000000272e+02
1.289720424685284286e+02,2.867160600000000272e+02
1.288154791546033664e+02,2.867160600000000272e+02
1.291357136810881059e+02,2.867160600000000272e+02
1.291381296671490588e+02,2.867160600000000272e+02
1.292993848936478116e+02,2.867160600000000272e+02
1.281878636890951384e+02,2.867160600000000272e+02
1.294630561062074889e+02,2.867160600000000272e+02
1.294655194645441441e+02,2.867160600000000272e+02
1.296267273187671663e+02,2.867160600000000272e+02
1.294704483207874830e+02,2.867160600000000272e+02
1.297903985313268720e+02,2.867160600000000272e+02
1.297929092619392009e+02,2.867160600000000272e+02
1.299540697438865493e+02,2.867160600000000272e+02
1.294803146002317362e+02,2.867160600000000272e+02
1.301177409564462550e+02,2.867160600000000272e+02
1.301202990593342861e+02,2.867160600000000272e+02
1.302814121690059324e+02,2.867160600000000272e+02
1.301254174869716280e+02,2.867160600000000272e+02
1.304450833815656097e+02,2.867160600000000272e+02
1.304476888567293713e+02,2.867160600000000272e+02
1.306087545941253154e+02,2.867160600000000272e+02
1.282244837209302375e+02,2.867160600000000272e+02
1.307724258066849927e+02,2.867160600000000272e+02
1.307750786541244565e+02,2.867160600000000272e+02
1.309360970192446700e+02,2.867160600000000272e+02
1.307803866531557446e+02,2.867160600000000272e+02
1.310997682318043758e+02,2.867160600000000272e+02
1.311024684515195418e+02,2.867160600000000272e+02
1.312634394443640531e+02,2.867160600000000272e+02
1.307910118771726502e+02,2.867160600000000272e+02
1.314271106569237304e+02,2.867160600000000272e+02
1.314298582489146270e+02,2.867160600000000272e+02
1.315907818694834361e+02,2.867160600000000272e+02
1.314353558193398896e+02,2.867160600000000272e+02
1.317544530820431135e+02,2.867160600000000272e+02
1.317572480463096838e+02,2.867160600000000272e+02
1.319181242946027908e+02,2.867160600000000272e+02
1.308122993039443145e+02,2.867160600000000272e+02
1.320817955071624965e+02,2.867160600000000272e+02
1.320846378437047690e+02,2.867160600000000272e+02
1.322454667197221738e+02,2.867160600000000272e+02
1.320903249855240347e+02,2.867160600000000272e+02
1.324091379322818511e+02,2.867160600000000272e+02
1.324120276410998542e+02,2.867160600000000272e+02
1.325728091448415569e+02,2.867160600000000272e+02
1.321017091541135642e+02,2.867160600000000272e+02
1.327364803574012342e+02,2.867160600000000272e+02
1.327394174384949395e+02,2.867160600000000272e+02
1.329001515699609399e+02,2.867160600000000272e+02
1.327452941517081513e+02,2.867160600000000272e+02
1.330638227825206172e+02,2.867160600000000272e+02
1.330668072358900247e+02,2.867160600000000272e+02
1.332274939950802946e+02,2.867160600000000272e+02
2.370636900000000082e+02,3.896882299999999759e+02
1.333911652076400003e+02,2.526376999999999953e+02
1.333941970332850815e+02,2.526376999999999953e+02
1.335548364201996776e+02,2.526376999999999953e+02
1.334002633178922963e+02,2.526376999999999953e+02
1.337185076327593549e+02,2.526376999999999953e+02
1.337215868306801667e+02,2.526376999999999953e+02
1.338821788453190607e+02,2.526376999999999953e+02
1.334124064310544497e+02,2.526376999999999953e+02
1.340458500578787380e+02,2.526376999999999953e+02
1.340489766280752519e+02,2.526376999999999953e+02
1.342095212704384153e+02,2.526376999999999953e+02
1.340552324840764413e+02,2.526376999999999953e+02
1.343731924829981210e+02,2.526376999999999953e+02
1.343763664254703372e+02,2.526376999999999953e+02
1.345368636955577983e+02,2.526376999999999953e+02
1.334367349187934906e+02,2.526376999999999953e+02
1.347005349081175041e+02,2.526376999999999953e+02
1.347037562228654224e+02,2.526376999999999953e+02
1.348642061206771814e+02,2.526376999999999953e+02
1.347102016502605579e+02,2.526376999999999953e+02
1.350278773332368587e+02,2.526376999999999953e+02
1.350311460202604792e+02,2.526376999999999953e+02
1.351915485457965360e+02,2.526376999999999953e+02
1.347231037079953637e+02,2.526376999999999953e+02
1.353552197583562418e+02,2.526376999999999953e+02
1.353585358176555644e+02,2.526376999999999953e+02
1.355188909709159191e+02,2.526376999999999953e+02
1.353651708164447030e+02,2.526376999999999953e+02
1.356825621834756248e+02,2.526376999999999953e+02
1.356859256150506496e+02,2.526376999999999953e+02
1.358462333960353021e+02,2.526376999999999953e+02
1.334855616279069750e+02,2.526376999999999953e+02
1.360099046085949794e+02,2.526376999999999953e+02
1.360133154124457349e+02,2.526376999999999953e+02
1.361735758211546852e+02,2.526376999999999953e+02
1.360201399826288480e+02,2.526376999999999953e+02
1.363372470337143625e+02,2.526376999999999953e+02
1.363407052098408201e+02,2.526376999999999953e+02
1.365009182462740398e+02,2.526376999999999953e+02
1.360338009849362493e+02,2.526376999999999953e+02
1.366645894588337455e+02,2.526376999999999953e+02
1.366680950072358769e+02,2.526376999999999953e+02
1.368282606713934229e+02,2.526376999999999953e+02
1.366751091488129646e+02,2.526376999999999953e+02
1.369919318839531002e+02,2.526376999999999953e+02
1.369954848046309621e+02,2.526376999999999953e+02
1.371556030965128059e+02,2.526376999999999953e+02
1.360611705336426951e+02,2.526376999999999953e+02
1.373192743090724832e+02,2.526376999999999953e+02
1.373228746020260473e+02,2.526376999999999953e+02
1.374829455216321890e+02,2.526376999999999953e+02
1.373300783149971096e+02,2.526376999999999953e+02
1.376466167341918663e+02,2.526376999999999953e+02
1.376502643994211326e+02,2.526376999999999953e+02
1.378102879467515436e+02,2.526376999999999953e+02
1.373444982618771633e+02,2.526376999999999953e+02
1.379739591593112493e+02,2.526376999999999953e+02
1.379776541968162178e+02,2.526376999999999953e+02
1.381376303718709266e+02,2.526376999999999953e+02
1.379850474811812262e+02,2.526376999999999953e+02
1.383013015844306040e+02,2.526376999999999953e+02
1.383050439942112746e+02,2.526376999999999953e+02
1.384649727969903097e+02,2.526376999999999953e+02
2.381127299999999991e+02,4.216004599999999982e+02
1.386286440095499870e+02,2.526376999999999953e+02
1.386324337916063598e+02,2.526376999999999953e+02
1.387923152221096643e+02,2.526376999999999953e+02
1.386400166473653712e+02,2.526376999999999953e+02
1.389559864346693701e+02,2.526376999999999953e+02
1.389598235890014450e+02,2.526376999999999953e+02
1.391196576472290474e+02,2.526376999999999953e+02
1.386551955388180772e+02,2.526376999999999953e+02
1.392833288597887531e+02,2.526376999999999953e+02
1.392872133863965303e+02,2.526376999999999953e+02
1.394470000723484304e+02,2.526376999999999953e+02
1.392949858135495163e+02,2.526376999999999953e+02
1.396106712849081077e+02,2.526376999999999953e+02
1.396146031837916155e+02,2.526376999999999953e+02
1.397743424974677851e+02,2.526376999999999953e+02
1.386856061484918712e+02,2.526376999999999953e+02
1.399380137100274908e+02,2.526376999999999953e+02
1.399419929811866723e+02,2.526376999999999953e+02
1.401016849225871681e+02,2.526376999999999953e+02
1.399499549797336329e+02,2.526376999999999953e+02
1.402653561351468738e+02,2.526376999999999953e+02
1.402693827785817575e+02,2.526376999999999953e+02
1.404290273477065512e+02,2.526376999999999953e+02
1.399658928157589912e+02,2.526376999999999953e+02
1.405926985602662285e+02,2.526376999999999953e+02
1.405967725759768427e+02,2.526376999999999953e+02
1.407563697728259342e+02,2.526376999999999953e+02
1.406049241459177779e+02,2.526376999999999953e+02
1.409200409853856115e+02,2.526376999999999953e+02
1.409241623733719280e+02,2.526376999999999953e+02
1.410837121979452888e+02,2.526376999999999953e+02
1.387466395348837125e+02,2.526376999999999953e+02
1.412473834105049946e+02,2.526376999999999953e+02
1.412515521707670132e+02,2.526376999999999953e+02
1.414110546230646719e+02,2.526376999999999953e+02
1.412598933121018945e+02,2.526376999999999953e+02
1.415747258356243492e+02,2.526376999999999953e+02
1.415789419681620984e+02,2.526376999999999953e+02
1.417383970481840549e+02,2.526376999999999953e+02
1.412765900926998768e+02,2.526376999999999953e+02
1.419020682607437323e+02,2.526376999999999953e+02
1.419063317655571552e+02,2.526376999999999953e+02
1.420657394733034380e+02,2.526376999999999953e+02
1.419148624782860395e+02,2.526376999999999953e+02
1.422294106858631153e+02,2.526376999999999953e+02
1.422337215629522404e+02,2.526376999999999953e+02
1.423930818984227926e+02,2.526376999999999953e+02
1.413100417633410757e+02,2.526376999999999953e+02
1.425567531109824984e+02,2.526376999999999953e+02
1.425611113603473257e+02,2.526376999999999953e+02
1.427204243235421757e+02,2.526376999999999953e+02
1.425698316444701845e+02,2.526376999999999953e+02
1.428840955361018530e+02,2.526376999999999953e+02
1.428885011577424109e+02,2.526376999999999953e+02
1.430477667486615587e+02,2.526376999999999953e+02
1.425872873696407908e+02,2.526376999999999953e+02
1.432114379612212360e+02,2.526376999999999953e+02
1.432158909551374677e+02,2.526376999999999953e+02
1.433751091737809134e+02,2.526376999999999953e+02
1.432248008106543011e+02,2.526376999999999953e+02
1.435387803863406191e+02,2.526376999999999953e+02
1.435432807525325529e+02,2.526376999999999953e+02
1.437024515989002964e+02,2.526376999999999953e+02
2.403994800000000112e+02,4.494574000000000069e+02
1.438661228114600021e+02,2.526376999999999953e+02
1.438706705499276381e+02,2.526376999999999953e+02
1.440297940240196795e+02,2.526376999999999953e+02
1.438797699768384462e+02,2.526376999999999953e+02
1.441934652365793568e+02,2.526376999999999953e+02
1.441980603473227234e+02,2.526376999999999953e+02
1.443571364491390341e+02,2.526376999999999953e+02
1.438979846465816763e+02,2.526376999999999953e+02
1.445208076616987398e+02,2.526376999999999953e+02
1.445254501447178086e+02,2.526376999999999953e+02
1.446844788742584171e+02,2.526376999999999953e+02
1.445347391430225912e+02,2.526376999999999953e+02
1.448481500868181229e+02,2.526376999999999953e+02
1.448528399421128938e+02,2.526376999999999953e+02
1.450118212993778002e+02,2.526376999999999953e+02
1.439344773781902518e+02,2.526376999999999953e+02
1.451754925119374775e+02,2.526376999999999953e+02
1.451802297395079506e+02,2.526376999999999953e+02
1.453391637244971832e+02,2.526376999999999953e+02
1.451897083092067078e+02,2.526376999999999953e+02
1.455028349370568606e+02,2.526376999999999953e+02
1.455076195369030359e+02,2.526376999999999953e+02
1.456665061496165379e+02,2.526376999999999953e+02
1.452086819235225903e+02,2.526376999999999953e+02
1.458301773621762436e+02,2.526376999999999953e+02
1.458350093342981211e+02,2.526376999999999953e+02
1.459938485747359209e+02,2.526376999999999953e+02
1.458446774753908528e+02,2.526376999999999953e+02
1.461575197872955982e+02,2.526376999999999953e+02
1.461623991316932063e+02,2.526376999999999953e+02
1.463211909998553040e+02,2.526376999999999953e+02
1.440077174418604500e+02,2.526376999999999953e+02
1.464848622124149813e+02,2.526376999999999953e+02
1.464897889290882631e+02,2.526376999999999953e+02
1.466485334249746870e+02,2.526376999999999953e+02
1.464996466415749978e+02,2.526376999999999953e+02
1.468122046375343643e+02,2.526376999999999953e+02
1.468171787264833483e+02,2.526376999999999953e+02
1.469758758500940417e+02,2.526376999999999953e+02
1.465193792004635043e+02,2.526376999999999953e+02
1.471395470626537190e+02,2.526376999999999953e+02
1.471445685238784336e+02,2.526376999999999953e+02
1.473032182752134247e+02,2.526376999999999953e+02
1.471546158077591144e+02,2.526376999999999953e+02
1.474668894877731020e+02,2.526376999999999953e+02
1.474719583212735188e+02,2.526376999999999953e+02
1.476305607003328078e+02,2.526376999999999953e+02
1.465589129930394279e+02,2.526376999999999953e+02
1.477942319128924851e+02,2.526376999999999953e+02
1.477993481186686040e+02,2.526376999999999953e+02
1.479579031254521624e+02,2.526376999999999953e+02
1.478095849739432595e+02,2.526376999999999953e+02
1.481215743380118681e+02,2.526376999999999953e+02
1.481267379160636892e+02,2.526376999999999953e+02
1.482852455505715454e+02,2.526376999999999953e+02
1.478300764774043898e+02,2.526376999999999953e+02
1.484489167631312512e+02,2.526376999999999953e+02
1.484541277134587460e+02,2.526376999999999953e+02
1.486125879756909285e+02,2.526376999999999953e+02
1.484645541401274045e+02,2.526376999999999953e+02
1.487762591882506058e+02,2.526376999999999953e+02
1.487815175108538313e+02,2.526376999999999953e+02
1.489399304008102831e+02,2.526376999999999953e+02
2.437682499999999948e+02,4.781374500000000012e+02
1.491036016133699889e+02,2.526376999999999953e+02
1.491089073082489165e+02,2.526376999999999953e+02
1.492672728259296662e+02,2.526376999999999953e+02
1.491195233063115211e+02,2.526376999999999953e+02
1.494309440384893719e+02,2.526376999999999953e+02
1.494362971056440017e+02,2.526376999999999953e+02
1.495946152510490492e+02,2.526376999999999953e+02
1.491407737543453038e+02,2.526376999999999953e+02
1.497582864636087265e+02,2.526376999999999953e+02
1.497636869030390585e+02,2.526376999999999953e+02
1.499219576761684323e+02,2.526376999999999953e+02
1.497744924724956377e+02,2.526376999999999953e+02
1.500856288887281096e+02,2.526376999999999953e+02
1.500910767004341437e+02,2.526376999999999953e+02
1.502493001012877869e+02,2.526376999999999953e+02
1.491833486078886324e+02,2.526376999999999953e+02
1.504129713138474926e+02,2.526376999999999953e+02
1.504184664978292290e+02,2.526376999999999953e+02
1.505766425264071700e+02,2.526376999999999953e+02
1.504294616386797827e+02,2.526376999999999953e+02
1.507403137389668473e+02,2.526376999999999953e+02
1.507458562952243142e+02,2.526376999999999953e+02
1.509039849515265530e+02,2.526376999999999953e+02
1.504514710312861894e+02,2.526376999999999953e+02
1.510676561640862303e+02,2.526376999999999953e+02
1.510732460926193994e+02,2.526376999999999953e+02
1.512313273766459361e+02,2.526376999999999953e+02
1.510844308048639277e+02,2.526376999999999953e+02
1.513949985892056134e+02,2.526376999999999953e+02
1.514006358900144846e+02,2.526376999999999953e+02
1.515586698017652907e+02,2.526376999999999953e+02
1.492687953488372159e+02,2.526376999999999953e+02
1.517223410143249680e+02,2.526376999999999953e+02
1.517280256874095414e+02,2.526376999999999953e+02
1.518860122268846737e+02,2.526376999999999953e+02
1.517393999710480443e+02,2.526376999999999953e+02
1.520496834394443511e+02,2.526376999999999953e+02
1.520554154848046267e+02,2.526376999999999953e+02
1.522133546520040568e+02,2.526376999999999953e+02
1.517621683082271034e+02,2.526376999999999953e+02
1.523770258645637341e+02,2.526376999999999953e+02
1.523828052821997119e+02,2.526376999999999953e+02
1.525406970771234114e+02,2.526376999999999953e+02
1.523943691372321894e+02,2.526376999999999953e+02
1.527043682896831172e+02,2.526376999999999953e+02
1.527101950795947971e+02,2.526376999999999953e+02
1.528680395022427945e+02,2.526376999999999953e+02
1.518077842227378085e+02,2.526376999999999953e+02
1.530317107148025002e+02,2.526376999999999953e+02
1.530375848769898539e+02,2.526376999999999953e+02
1.531953819273621775e+02,2.526376999999999953e+02
1.530493383034163344e+02,2.526376999999999953e+02
1.533590531399218548e+02,2.526376999999999953e+02
1.533649746743849391e+02,2.526376999999999953e+02
1.535227243524815322e+02,2.526376999999999953e+02
1.530728655851680173e+02,2.526376999999999953e+02
1.536863955650412379e+02,2.526376999999999953e+02
1.536923644717800244e+02,2.526376999999999953e+02
1.538500667776009152e+02,2.526376999999999953e+02
1.537043074696004510e+02,2.526376999999999953e+02
1.540137379901606209e+02,2.526376999999999953e+02
1.540197542691751096e+02,2.526376999999999953e+02
1.541774092027202983e+02,2.526376999999999953e+02
2.477118199999999888e+02,5.003083500000000186e+02
1.543410804152799756e+02,2.526376999999999953e+02
1.543471440665701948e+02,2.526376999999999953e+02
1.545047516278396529e+02,2.526376999999999953e+02
1.543592766357845960e+02,2.526376999999999953e+02
1.546684228403993586e+02,2.526376999999999953e+02
1.546745338639652800e+02,2.526376999999999953e+02
1.548320940529590359e+02,2.526376999999999953e+02
1.543835628621089313e+02,2.526376999999999953e+02
1.549957652655187417e+02,2.526376999999999953e+02
1.550019236613603368e+02,2.526376999999999953e+02
1.551594364780784190e+02,2.526376999999999953e+02
1.550142458019687410e+02,2.526376999999999953e+02
1.553231076906380963e+02,2.526376999999999953e+02
1.553293134587554221e+02,2.526376999999999953e+02
1.554867789031978020e+02,2.526376999999999953e+02
1.544322198375870130e+02,2.526376999999999953e+02
1.556504501157574794e+02,2.526376999999999953e+02
1.556567032561505073e+02,2.526376999999999953e+02
1.558141213283171851e+02,2.526376999999999953e+02
1.556692149681528576e+02,2.526376999999999953e+02
1.559777925408768624e+02,2.526376999999999953e+02
1.559840930535455925e+02,2.526376999999999953e+02
1.561414637534365397e+02,2.526376999999999953e+02
1.556942601390498169e+02,2.526376999999999953e+02
1.563051349659962170e+02,2.526376999999999953e+02
1.563114828509406493e+02,2.526376999999999953e+02
1.564688061785559228e+02,2.526376999999999953e+02
1.563241841343370027e+02,2.526376999999999953e+02
1.566324773911156001e+02,2.526376999999999953e+02
1.566388726483357345e+02,2.526376999999999953e+02
1.567961486036753058e+02,2.526376999999999953e+02
1.545298732558139534e+02,2.526376999999999953e+02
1.569598198162349831e+02,2.526376999999999953e+02
1.569662624457308198e+02,2.526376999999999953e+02
1.571234910287946605e+02,2.526376999999999953e+02
1.569791533005211477e+02,2.526376999999999953e+02
1.572871622413543662e+02,2.526376999999999953e+02
1.572936522431259050e+02,2.526376999999999953e+02
1.574508334539140435e+02,2.526376999999999953e+02
1.570049574159907309e+02,2.526376999999999953e+02
1.576145046664737492e+02,2.526376999999999953e+02
1.576210420405209902e+02,2.526376999999999953e+02
1.577781758790334266e+02,2.526376999999999953e+02
1.576341224667052643e+02,2.526376999999999953e+02
1.579418470915931039e+02,2.526376999999999953e+02
1.579484318379160754e+02,2.526376999999999953e+02
1.581055183041527812e+02,2.526376999999999953e+02
1.570566554524361891e+02,2.526376999999999953e+02
1.582691895167124869e+02,2.526376999999999953e+02
1.582758216353111607e+02,2.526376999999999953e+02
1.584328607292721642e+02,2.526376999999999953e+02
1.582890916328894093e+02,2.526376999999999953e+02
1.585965319418318700e+02,2.526376999999999953e+02
1.586032114327062175e+02,2.526376999999999953e+02
1.587602031543915473e+02,2.526376999999999953e+02
1.583156546929316164e+02,2.526376999999999953e+02
1.589238743669512246e+02,2.526376999999999953e+02
1.589306012301013027e+02,2.526376999999999953e+02
1.590875455795109019e+02,2.526376999999999953e+02
1.589440607990735543e+02,2.526376999999999953e+02
1.592512167920706077e+02,2.526376999999999953e+02
1.592579910274963879e+02,2.526376999999999953e+02
1.594148880046302850e+02,2.526376999999999953e+02
2.502528700000000015e+02,5.153316700000000310e+02
1.595785592171899907e+02,2.305085400000000107e+02
1.595853808248914447e+02,2.305085400000000107e+02
1.597422304297496680e+02,2.305085400000000107e+02
1.595990299652576709e+02,2.305085400000000107e+02
1.599059016423093453e+02,2.305085400000000107e+02
1.599127706222865299e+02,2.305085400000000107e+02
1.600695728548690511e+02,2.305085400000000107e+02
1.596263519698725304e+02,2.305085400000000107e+02
1.602332440674287284e+02,2.305085400000000107e+02
1.602401604196816152e+02,2.305085400000000107e+02
1.603969152799884341e+02,2.305085400000000107e+02
1.602539991314417875e+02,2.305085400000000107e+02
1.605605864925481114e+02,2.305085400000000107e+02
1.605675502170767004e+02,2.305085400000000107e+02
1.607242577051077888e+02,2.305085400000000107e+02
1.596810910672853652e+02,2.305085400000000107e+02
1.608879289176674661e+02,2.305085400000000107e+02
1.608949400144717856e+02,2.305085400000000107e+02
1.610516001302271718e+02,2.305085400000000107e+02
1.609089682976259326e+02,2.305085400000000107e+02
1.612152713427868491e+02,2.305085400000000107e+02
1.612223298118668708e+02,2.305085400000000107e+02
1.613789425553465549e+02,2.305085400000000107e+02
1.609370492468134444e+02,2.305085400000000107e+02
1.615426137679062322e+02,2.305085400000000107e+02
1.615497196092619561e+02,2.305085400000000107e+02
1.617062849804659095e+02,2.305085400000000107e+02
1.615639374638100776e+02,2.305085400000000107e+02
1.618699561930256152e+02,2.305085400000000107e+02
1.618771094066570129e+02,2.305085400000000107e+02
1.620336274055852925e+02,2.305085400000000107e+02
1.597909511627906909e+02,2.305085400000000107e+02
1.621972986181449699e+02,2.305085400000000107e+02
1.622044992040520981e+02,2.305085400000000107e+02
1.623609698307046756e+02,2.305085400000000107e+02
1.622189066299941942e+02,2.305085400000000107e+02
1.625246410432643529e+02,2.305085400000000107e+02
1.625318890014471833e+02,2.305085400000000107e+02
1.626883122558240302e+02,2.305085400000000107e+02
1.622477465237543299e+02,2.305085400000000107e+02
1.628519834683837360e+02,2.305085400000000107e+02
1.628592787988422401e+02,2.305085400000000107e+02
1.630156546809434133e+02,2.305085400000000107e+02
1.628738757961783392e+02,2.305085400000000107e+02
1.631793258935031190e+02,2.305085400000000107e+02
1.631866685962373253e+02,2.305085400000000107e+02
1.633429971060627963e+02,2.305085400000000107e+02
1.623055266821345697e+02,2.305085400000000107e+02
1.635066683186224736e+02,2.305085400000000107e+02
1.635140583936324106e+02,2.305085400000000107e+02
1.636703395311821509e+02,2.305085400000000107e+02
1.635288449623624842e+02,2.305085400000000107e+02
1.638340107437418567e+02,2.305085400000000107e+02
1.638414481910274958e+02,2.305085400000000107e+02
1.639976819563015340e+02,2.305085400000000107e+02
1.635584438006952439e+02,2.305085400000000107e+02
1.641613531688612397e+02,2.305085400000000107e+02
1.641688379884225810e+02,2.305085400000000107e+02
1.643250243814209171e+02,2.305085400000000107e+02
1.641838141285466008e+02,2.305085400000000107e+02
1.644886955939805944e+02,2.305085400000000107e+02
1.644962277858176662e+02,2.305085400000000107e+02
1.646523668065403001e+02,2.305085400000000107e+02
2.489932000000000016e+02,5.205799600000000282e+02
1.648160380190999774e+02,2.305085400000000107e+02
1.648236175832127515e+02,2.305085400000000107e+02
1.649797092316596832e+02,2.305085400000000107e+02
1.648387832947307459e+02,2.305085400000000107e+02
1.651433804442193605e+02,2.305085400000000107e+02
1.651510073806078083e+02,2.305085400000000107e+02
1.653070516567790378e+02,2.305085400000000107e+02
1.648691410776361295e+02,2.305085400000000107e+02
1.654707228693387151e+02,2.305085400000000107e+02
1.654783971780028935e+02,2.305085400000000107e+02
1.656343940818984208e+02,2.305085400000000107e+02
1.654937524609148909e+02,2.305085400000000107e+02
1.657980652944580982e+02,2.305085400000000107e+02
1.658057869753979787e+02,2.305085400000000107e+02
1.659617365070178039e+02,2.305085400000000107e+02
1.649299622969837742e+02,2.305085400000000107e+02
1.661254077195774812e+02,2.305085400000000107e+02
1.661331767727930639e+02,2.305085400000000107e+02
1.662890789321371585e+02,2.305085400000000107e+02
1.661487216270990075e+02,2.305085400000000107e+02
1.664527501446968643e+02,2.305085400000000107e+02
1.664605665701881207e+02,2.305085400000000107e+02
1.666164213572565416e+02,2.305085400000000107e+02
1.661798383545770434e+02,2.305085400000000107e+02
1.667800925698162189e+02,2.305085400000000107e+02
1.667879563675832060e+02,2.305085400000000107e+02
1.669437637823759246e+02,2.305085400000000107e+02
1.668036907932831525e+02,2.305085400000000107e+02
1.671074349949356019e+02,2.305085400000000107e+02
1.671153461649782912e+02,2.305085400000000107e+02
1.672711062074952792e+02,2.305085400000000107e+02
1.650520290697674568e+02,2.305085400000000107e+02
1.674347774200549850e+02,2.305085400000000107e+02
1.674427359623733764e+02,2.305085400000000107e+02
1.675984486326146623e+02,2.305085400000000107e+02
1.674586599594672975e+02,2.305085400000000107e+02
1.677621198451743680e+02,2.305085400000000107e+02
1.677701257597684616e+02,2.305085400000000107e+02
1.679257910577340454e+02,2.305085400000000107e+02
1.674905356315179574e+02,2.305085400000000107e+02
1.680894622702937227e+02,2.305085400000000107e+02
1.680975155571635469e+02,2.305085400000000107e+02
1.682531334828534000e+02,2.305085400000000107e+02
1.681136291256514141e+02,2.305085400000000107e+02
1.684168046954131057e+02,2.305085400000000107e+02
1.684249053545586037e+02,2.305085400000000107e+02
1.685804759079727830e+02,2.305085400000000107e+02
1.675543979118329503e+02,2.305085400000000107e+02
1.687441471205324888e+02,2.305085400000000107e+02
1.687522951519536889e+02,2.305085400000000107e+02
1.689078183330921661e+02,2.305085400000000107e+02
1.687685982918355592e+02,2.305085400000000107e+02
1.690714895456518434e+02,2.305085400000000107e+02
1.690796849493487741e+02,2.305085400000000107e+02
1.692351607582115491e+02,2.305085400000000107e+02
1.688012329084588714e+02,2.305085400000000107e+02
1.693988319707712265e+02,2.305085400000000107e+02
1.694070747467438594e+02,2.305085400000000107e+02
1.695625031833309322e+02,2.305085400000000107e+02
1.694235674580197042e+02,2.305085400000000107e+02
1.697261743958906095e+02,2.305085400000000107e+02
1.697344645441389162e+02,2.305085400000000107e+02
1.698898456084502868e+02,2.305085400000000107e+02
2.483969999999999914e+02,5.214277299999999968e+02
1.700535168210099641e+02,2.305085400000000107e+02
1.700618543415340014e+02,2.305085400000000107e+02
1.702171880335696699e+02,2.305085400000000107e+02
1.700785366242038208e+02,2.305085400000000107e+02
1.703808592461293472e+02,2.305085400000000107e+02
1.703892441389290866e+02,2.305085400000000107e+02
1.705445304586890529e+02,2.305085400000000107e+02
1.701119301853997570e+02,2.305085400000000107e+02
1.707082016712487302e+02,2.305085400000000107e+02
1.707166339363241718e+02,2.305085400000000107e+02
1.708718728838084076e+02,2.305085400000000107e+02
1.707335057903879374e+02,2.305085400000000107e+02
1.710355440963680849e+02,2.305085400000000107e+02
1.710440237337192571e+02,2.305085400000000107e+02
1.711992153089277906e+02,2.305085400000000107e+02
1.701788335266821264e+02,2.305085400000000107e+02
1.713628865214874679e+02,2.305085400000000107e+02
1.713714135311143423e+02,2.305085400000000107e+02
1.715265577340471737e+02,2.305085400000000107e+02
1.713884749565720824e+02,2.305085400000000107e+02
1.716902289466068510e+02,2.305085400000000107e+02
1.716988033285093991e+02,2.305085400000000107e+02
1.718539001591665283e+02,2.305085400000000107e+02
1.714226274623406709e+02,2.305085400000000107e+02
1.720175713717262340e+02,2.305085400000000107e+02
1.720261931259044843e+02,2.305085400000000107e+02
1.721812425842859113e+02,2.305085400000000107e+02
1.720434441227562274e+02,2.305085400000000107e+02
1.723449137968456171e+02,2.305085400000000107e+02
1.723535829232995695e+02,2.305085400000000107e+02
1.725085850094052944e+02,2.305085400000000107e+02
1.703131069767441943e+02,2.305085400000000107e+02
1.726722562219649717e+02,2.305085400000000107e+02
1.726809727206946548e+02,2.305085400000000107e+02
1.728359274345246490e+02,2.305085400000000107e+02
1.726984132889403440e+02,2.305085400000000107e+02
1.729995986470843548e+02,2.305085400000000107e+02
1.730083625180897116e+02,2.305085400000000107e+02
1.731632698596440321e+02,2.305085400000000107e+02
1.727333247392815565e+02,2.305085400000000107e+02
1.733269410722037378e+02,2.305085400000000107e+02
1.733357523154847968e+02,2.305085400000000107e+02
1.734906122847634151e+02,2.305085400000000107e+02
1.733533824551244891e+02,2.305085400000000107e+02
1.736542834973230924e+02,2.305085400000000107e+02
1.736631421128798820e+02,2.305085400000000107e+02
1.738179547098827982e+02,2.305085400000000107e+02
1.728032691415313309e+02,2.305085400000000107e+02
1.739816259224424755e+02,2.305085400000000107e+02
1.739905319102749672e+02,2.305085400000000107e+02
1.741452971350021812e+02,2.305085400000000107e+02
1.740083516213086341e+02,2.305085400000000107e+02
1.743089683475618585e+02,2.305085400000000107e+02
1.743179217076700525e+02,2.305085400000000107e+02
1.744726395601215359e+02,2.305085400000000107e+02
1.740440220162224705e+02,2.305085400000000107e+02
1.746363107726812132e+02,2.305085400000000107e+02
1.746453115050651377e+02,2.305085400000000107e+02
1.747999819852409189e+02,2.305085400000000107e+02
1.746633207874927507e+02,2.305085400000000107e+02
1.749636531978005962e+02,2.305085400000000107e+02
1.749727013024601945e+02,2.305085400000000107e+02
1.751273244103603020e+02,2.305085400000000107e+02
2.483969999999999914e+02,5.214277299999999968e+02
1.752909956229199793e+02,2.305085400000000107e+02
1.753000910998552797e+02,2.305085400000000107e+02
1.754546668354796566e+02,2.305085400000000107e+02
1.753182899536768957e+02,2.305085400000000107e+02
1.756183380480393339e+02,2.305085400000000107e+02
1.756274808972503649e+02,2.305085400000000107e+02
1.757820092605990396e+02,2.305085400000000107e+02
1.753547192931633845e+02,2.305085400000000107e+02
1.759456804731587169e+02,2.305085400000000107e+02
1.759548706946454502e+02,2.305085400000000107e+02
1.761093516857184227e+02,2.305085400000000107e+02
1.759732591198610407e+02,2.305085400000000107e+02
1.762730228982781000e+02,2.305085400000000107e+02
1.762822604920405070e+02,2.305085400000000107e+02
1.764366941108377773e+02,2.305085400000000107e+02
1.754277047563805070e+02,2.305085400000000107e+02
1.766003653233974546e+02,2.305085400000000107e+02
1.766096502894355922e+02,2.305085400000000107e+02
1.767640365359571604e+02,2.305085400000000107e+02
1.766282282860451573e+02,2.305085400000000107e+02
1.769277077485168661e+02,2.305085400000000107e+02
1.769370400868306774e+02,2.305085400000000107e+02
1.770913789610765434e+02,2.305085400000000107e+02
1.766654165701042984e+02,2.305085400000000107e+02
1.772550501736362207e+02,2.305085400000000107e+02
1.772644298842257626e+02,2.305085400000000107e+02
1.774187213861958980e+02,2.305085400000000107e+02
1.772831974522293024e+02,2.305085400000000107e+02
1.775823925987556038e+02,2.305085400000000107e+02
1.775918196816208479e+02,2.305085400000000107e+02
1.777460638113152811e+02,2.305085400000000107e+02
1.755741848837209318e+02,2.305085400000000107e+02
1.779097350238749868e+02,2.305085400000000107e+02
1.779192094790159331e+02,2.305085400000000107e+02
1.780734062364346642e+02,2.305085400000000107e+02
1.779381666184134474e+02,2.305085400000000107e+02
1.782370774489943415e+02,2.305085400000000107e+02
1.782465992764110183e+02,2.305085400000000107e+02
1.784007486615540188e+02,2.305085400000000107e+02
1.779761138470451840e+02,2.305085400000000107e+02
1.785644198741137245e+02,2.305085400000000107e+02
1.785739890738060751e+02,2.305085400000000107e+02
1.787280910866734303e+02,2.305085400000000107e+02
1.785931357845975640e+02,2.305085400000000107e+02
1.788917622992331076e+02,2.305085400000000107e+02
1.789013788712011603e+02,2.305085400000000107e+02
1.790554335117927849e+02,2.305085400000000107e+02
1.780521403712297115e+02,2.305085400000000107e+02
1.792191047243524622e+02,2.305085400000000107e+02
1.792287686685962456e+02,2.305085400000000107e+02
1.793827759369121679e+02,2.305085400000000107e+02
1.792481049507817090e+02,2.305085400000000107e+02
1.795464471494718453e+02,2.305085400000000107e+02
1.795561584659913024e+02,2.305085400000000107e+02
1.797101183620315510e+02,2.305085400000000107e+02
1.792868111239860696e+02,2.305085400000000107e+02
1.798737895745912283e+02,2.305085400000000107e+02
1.798835482633863876e+02,2.305085400000000107e+02
1.800374607871509056e+02,2.305085400000000107e+02
1.799030741169658540e+02,2.305085400000000107e+02
1.802011319997105829e+02,2.305085400000000107e+02
1.802109380607814728e+02,2.305085400000000107e+02
1.803648032122702887e+02,2.305085400000000107e+02
1.124412499999999966e+02,3.206259800000000268e+02
1.805284744248299944e+02,2.305085400000000107e+02
1.805383278581765580e+02,2.305085400000000107e+02
1.806921456373896717e+02,2.305085400000000107e+02
1.805580432831499706e+02,2.305085400000000107e+02
1.808558168499493490e+02,2.305085400000000107e+02
1.808657176555716433e+02,2.305085400000000107e+02
1.810194880625090263e+02,2.305085400000000107e+02
1.805975084009269835e+02,2.305085400000000107e+02
1.811831592750687037e+02,2.305085400000000107e+02
1.811931074529667285e+02,2.305085400000000107e+02
1.813468304876284094e+02,2.305085400000000107e+02
1.812130124493340873e+02,2.305085400000000107e+02
1.815105017001881151e+02,2.305085400000000107e+02
1.815204972503618137e+02,2.305085400000000107e+02
1.816741729127477925e+02,2.305085400000000107e+02
1.806765759860788876e+02,2.305085400000000107e+02
1.818378441253074698e+02,2.305085400000000107e+02
1.818478870477568705e+02,2.305085400000000107e+02
1.820015153378671471e+02,2.305085400000000107e+02
1.818679816155182323e+02,2.305085400000000107e+02
1.821651865504268528e+02,2.305085400000000107e+02
1.821752768451519557e+02,2.305085400000000107e+02
1.823288577629865301e+02,2.305085400000000107e+02
1.819082056778678975e+02,2.305085400000000107e+02
1.824925289755462359e+02,2.305085400000000107e+02
1.825026666425470410e+02,2.305085400000000107e+02
1.826562001881059132e+02,2.305085400000000107e+02
1.825229507817023773e+02,2.305085400000000107e+02
1.828198714006655905e+02,2.305085400000000107e+02
1.828300564399420978e+02,2.305085400000000107e+02
1.829835426132252678e+02,2.305085400000000107e+02
1.808352627906976693e+02,2.305085400000000107e+02
1.831472138257849736e+02,2.305085400000000107e+02
1.831574462373371830e+02,2.305085400000000107e+02
1.833108850383446793e+02,2.305085400000000107e+02
1.831779199478864939e+02,2.305085400000000107e+02
1.834745562509043566e+02,2.305085400000000107e+02
1.834848360347322682e+02,2.305085400000000107e+02
1.836382274634640339e+02,2.305085400000000107e+02
1.832189029548088115e+02,2.305085400000000107e+02
1.838018986760237112e+02,2.305085400000000107e+02
1.838122258321273534e+02,2.305085400000000107e+02
1.839655698885834170e+02,2.305085400000000107e+02
1.838328891140706389e+02,2.305085400000000107e+02
1.841292411011430943e+02,2.305085400000000107e+02
1.841396156295224387e+02,2.305085400000000107e+02
1.842929123137028000e+02,2.305085400000000107e+02
1.833010116009280637e+02,2.305085400000000107e+02
1.844565835262624773e+02,2.305085400000000107e+02
1.844670054269175239e+02,2.305085400000000107e+02
1.846202547388221546e+02,2.305085400000000107e+02
1.844878582802547839e+02,2.305085400000000107e+02
1.847839259513818320e+02,2.305085400000000107e+02
1.847943952243126091e+02,2.305085400000000107e+02
1.849475971639415377e+02,2.305085400000000107e+02
1.845296002317496971e+02,2.305085400000000107e+02
1.851112683765012434e+02,2.305085400000000107e+02
1.851217850217076659e+02,2.305085400000000107e+02
1.852749395890609208e+02,2.305085400000000107e+02
1.851428274464389006e+02,2.305085400000000107e+02
1.854386108016205981e+02,2.305085400000000107e+02
1.854491748191027511e+02,2.305085400000000107e+02
1.856022820141802754e+02,2.305085400000000107e+02
1.197302099999999996e+02,2.867160600000000272e+02
1.857659532267399527e+02,2.305085400000000107e+02
1.857765646164978364e+02,2.305085400000000107e+02
1.859296244392996584e+02,2.305085400000000107e+02
1.857977966126230456e+02,2.305085400000000107e+02
1.860932956518593642e+02,2.305085400000000107e+02
1.861039544138928932e+02,2.305085400000000107e+02
1.862569668644190415e+02,2.305085400000000107e+02
1.858402975086906110e+02,2.305085400000000107e+02
1.864206380769787188e+02,2.305085400000000107e+02
1.864313442112879784e+02,2.305085400000000107e+02
1.865843092895383961e+02,2.305085400000000107e+02
1.864527657788071906e+02,2.305085400000000107e+02
1.867479805020981019e+02,2.305085400000000107e+02
1.867587340086830636e+02,2.305085400000000107e+02
1.869116517146577792e+02,2.305085400000000107e+02
1.859254472157772682e+02,2.305085400000000107e+02
1.870753229272174849e+02,2.305085400000000107e+02
1.870861238060781488e+02,2.305085400000000107e+02
1.872389941397771622e+02,2.305085400000000107e+02
1.871077349449913072e+02,2.305085400000000107e+02
1.874026653523368395e+02,2.305085400000000107e+02
1.874135136034732341e+02,2.305085400000000107e+02
1.875663365648965168e+02,2.305085400000000107e+02
1.871509947856314966e+02,2.305085400000000107e+02
1.877300077774562226e+02,2.305085400000000107e+02
1.877409034008683193e+02,2.305085400000000107e+02
1.878936789900159283e+02,2.305085400000000107e+02
1.877627041111754522e+02,2.305085400000000107e+02
1.880573502025756056e+02,2.305085400000000107e+02
1.880682931982634045e+02,2.305085400000000107e+02
1.882210214151352830e+02,2.305085400000000107e+02
1.860963406976744068e+02,2.305085400000000107e+02
1.883846926276949603e+02,2.305085400000000107e+02
1.883956829956584613e+02,2.305085400000000107e+02
1.885483638402546376e+02,2.305085400000000107e+02
1.884176732773595973e+02,2.305085400000000107e+02
1.887120350528143433e+02,2.305085400000000107e+02
1.887230727930535465e+02,2.305085400000000107e+02
1.888757062653740491e+02,2.305085400000000107e+02
1.884616920625724106e+02,2.305085400000000107e+02
1.890393774779337264e+02,2.305085400000000107e+02
1.890504625904486318e+02,2.305085400000000107e+02
1.892030486904934037e+02,2.305085400000000107e+02
1.890726424435437139e+02,2.305085400000000107e+02
1.893667199030530810e+02,2.305085400000000107e+02
1.893778523878436886e+02,2.305085400000000107e+02
1.895303911156127867e+02,2.305085400000000107e+02
1.885498828306264443e+02,2.305085400000000107e+02
1.896940623281724640e+02,2.305085400000000107e+02
1.897052421852387738e+02,2.305085400000000107e+02
1.898577335407321698e+02,2.305085400000000107e+02
1.897276116097278589e+02,2.305085400000000107e+02
1.900214047532918471e+02,2.305085400000000107e+02
1.900326319826338590e+02,2.305085400000000107e+02
1.901850759658515244e+02,2.305085400000000107e+02
1.897723893395133246e+02,2.305085400000000107e+02
1.903487471784112017e+02,2.305085400000000107e+02
1.903600217800289442e+02,2.305085400000000107e+02
1.905124183909709075e+02,2.305085400000000107e+02
1.903825807759120039e+02,2.305085400000000107e+02
1.906760896035306132e+02,2.305085400000000107e+02
1.906874115774240295e+02,2.305085400000000107e+02
1.908397608160902905e+02,2.305085400000000107e+02
1.421559000000000026e+02,2.526376999999999953e+02
1.910034320286499678e+02,2.169338400000000036e+02
1.910148013748191147e+02,2.169338400000000036e+02
1.911671032412096451e+02,2.169338400000000036e+02
1.910375499420961205e+02,2.169338400000000036e+02
1.913307744537693509e+02,2.169338400000000036e+02
1.913421911722141999e+02,2.169338400000000036e+02
1.914944456663290282e+02,2.169338400000000036e+02
1.910830866164542385e+02,2.169338400000000036e+02
1.916581168788887339e+02,2.169338400000000036e+02
1.916695809696092851e+02,2.169338400000000036e+02
1.918217880914484113e+02,2.169338400000000036e+02
1.916925191082802371e+02,2.169338400000000036e+02
1.919854593040080886e+02,2.169338400000000036e+02
1.919969707670043420e+02,2.169338400000000036e+02
1.921491305165677659e+02,2.169338400000000036e+02
1.911743184454756488e+02,2.169338400000000036e+02
1.923128017291274716e+02,2.169338400000000036e+02
1.923243605643994272e+02,2.169338400000000036e+02
1.924764729416871774e+02,2.169338400000000036e+02
1.923474882744643821e+02,2.169338400000000036e+02
1.926401441542468547e+02,2.169338400000000036e+02
1.926517503617944840e+02,2.169338400000000036e+02
1.928038153668065320e+02,2.169338400000000036e+02
1.923937838933951241e+02,2.169338400000000036e+02
1.929674865793662093e+02,2.169338400000000036e+02
1.929791401591895692e+02,2.169338400000000036e+02
1.931311577919258866e+02,2.169338400000000036e+02
1.930024574406485272e+02,2.169338400000000036e+02
1.932948290044855923e+02,2.169338400000000036e+02
1.933065299565846544e+02,2.169338400000000036e+02
1.934585002170452981e+02,2.169338400000000036e+02
1.913574186046511727e+02,2.169338400000000036e+02
1.936221714296049754e+02,2.169338400000000036e+02
1.936339197539797397e+02,2.169338400000000036e+02
1.937858426421646527e+02,2.169338400000000036e+02
1.936574266068326438e+02,2.169338400000000036e+02
1.939495138547243300e+02,2.169338400000000036e+02
1.939613095513748249e+02,2.169338400000000036e+02
1.941131850672840358e+02,2.169338400000000036e+02
1.937044811703360097e+02,2.169338400000000036e+02
1.942768562798437131e+02,2.169338400000000036e+02
1.942886993487699101e+02,2.169338400000000036e+02
1.944405274924034188e+02,2.169338400000000036e+02
1.943123957730167888e+02,2.169338400000000036e+02
1.946041987049630961e+02,2.169338400000000036e+02
1.946160891461649953e+02,2.169338400000000036e+02
1.947678699175227734e+02,2.169338400000000036e+02
1.937987540603248249e+02,2.169338400000000036e+02
1.949315411300824508e+02,2.169338400000000036e+02
1.949434789435600806e+02,2.169338400000000036e+02
1.950952123426421565e+02,2.169338400000000036e+02
1.949673649392009338e+02,2.169338400000000036e+02
1.952588835552018622e+02,2.169338400000000036e+02
1.952708687409551374e+02,2.169338400000000036e+02
1.954225547677615396e+02,2.169338400000000036e+02
1.950151784472769236e+02,2.169338400000000036e+02
1.955862259803212169e+02,2.169338400000000036e+02
1.955982585383502226e+02,2.169338400000000036e+02
1.957498971928808942e+02,2.169338400000000036e+02
1.956223341053850504e+02,2.169338400000000036e+02
1.959135684054405999e+02,2.169338400000000036e+02
1.959256483357452794e+02,2.169338400000000036e+02
1.960772396180002772e+02,2.169338400000000036e+02
1.718405899999999917e+02,2.305085400000000107e+02
1.962409108305599830e+02,2.169338400000000036e+02
1.962530381331403646e+02,2.169338400000000036e+02
1.964045820431196603e+02,2.169338400000000036e+02
1.962773032715691954e+02,2.169338400000000036e+02
1.965682532556793376e+02,2.169338400000000036e+02
1.965804279305354498e+02,2.169338400000000036e+02
1.967319244682390149e+02,2.169338400000000036e+02
1.963258757242178376e+02,2.169338400000000036e+02
1.968955956807987207e+02,2.169338400000000036e+02
1.969078177279305351e+02,2.169338400000000036e+02
1.970592668933584264e+02,2.169338400000000036e+02
1.969322724377533405e+02,2.169338400000000036e+02
1.972229381059181037e+02,2.169338400000000036e+02
1.972352075253256203e+02,2.169338400000000036e+02
1.973866093184777810e+02,2.169338400000000036e+02
1.964231896751740010e+02,2.169338400000000036e+02
1.975502805310374583e+02,2.169338400000000036e+02
1.975625973227207055e+02,2.169338400000000036e+02
1.977139517435971356e+02,2.169338400000000036e+02
1.975872416039374571e+02,2.169338400000000036e+02
1.978776229561568414e+02,2.169338400000000036e+02
1.978899871201157907e+02,2.169338400000000036e+02
1.980412941687165471e+02,2.169338400000000036e+02
1.976365730011587516e+02,2.169338400000000036e+02
1.982049653812762244e+02,2.169338400000000036e+02
1.982173769175108760e+02,2.169338400000000036e+02
1.983686365938359017e+02,2.169338400000000036e+02
1.982422107701216021e+02,2.169338400000000036e+02
1.985323078063955791e+02,2.169338400000000036e+02
1.985447667149059328e+02,2.169338400000000036e+02
1.986959790189552848e+02,2.169338400000000036e+02
1.966184965116279102e+02,2.169338400000000036e+02
1.988596502315149621e+02,2.169338400000000036e+02
1.988721565123010180e+02,2.169338400000000036e+02
1.990233214440746679e+02,2.169338400000000036e+02
1.988971799363057471e+02,2.169338400000000036e+02
1.991869926566343452e+02,2.169338400000000036e+02
1.991995463096960748e+02,2.169338400000000036e+02
1.993506638691940225e+02,2.169338400000000036e+02
1.989472702780996656e+02,2.169338400000000036e+02
1.995143350817536998e+02,2.169338400000000036e+02
1.995269361070911600e+02,2.169338400000000036e+02
1.996780062943134055e+02,2.169338400000000036e+02
1.995521491024898637e+02,2.169338400000000036e+02
1.998416775068731113e+02,2.169338400000000036e+02
1.998543259044862452e+02,2.169338400000000036e+02
2.000053487194327886e+02,2.169338400000000036e+02
1.990476252900232055e+02,2.169338400000000036e+02
2.001690199319924659e+02,2.169338400000000036e+02
2.001817157018813305e+02,2.169338400000000036e+02
2.003326911445521432e+02,2.169338400000000036e+02
2.002071182686740087e+02,2.169338400000000036e+02
2.004963623571118490e+02,2.169338400000000036e+02
2.005091054992764157e+02,2.169338400000000036e+02
2.006600335696715263e+02,2.169338400000000036e+02
2.002579675550405511e+02,2.169338400000000036e+02
2.008237047822312320e+02,2.169338400000000036e+02
2.008364952966715009e+02,2.169338400000000036e+02
2.009873759947909093e+02,2.169338400000000036e+02
2.008620874348581538e+02,2.169338400000000036e+02
2.011510472073505866e+02,2.169338400000000036e+02
2.011638850940665861e+02,2.169338400000000036e+02
2.013147184199102639e+02,2.169338400000000036e+02
2.065176999999999907e+02,2.169338400000000036e+02
2.014783896324699697e+02,2.169338400000000036e+02
2.014912748914616714e+02,2.169338400000000036e+02
2.016420608450296754e+02,2.169338400000000036e+02
2.015170566010422704e+02,2.169338400000000036e+02
2.018057320575893527e+02,2.169338400000000036e+02
2.018186646888567282e+02,2.169338400000000036e+02
2.019694032701490300e+02,2.169338400000000036e+02
2.015686648319814367e+02,2.169338400000000036e+02
2.021330744827087074e+02,2.169338400000000036e+02
2.021460544862518134e+02,2.169338400000000036e+02
2.022967456952683847e+02,2.169338400000000036e+02
2.021720257672263870e+02,2.169338400000000036e+02
2.024604169078280904e+02,2.169338400000000036e+02
2.024734442836468986e+02,2.169338400000000036e+02
2.026240881203877962e+02,2.169338400000000036e+02
2.016720609048724100e+02,2.169338400000000036e+02
2.027877593329474735e+02,2.169338400000000036e+02
2.028008340810419554e+02,2.169338400000000036e+02
2.029514305455071508e+02,2.169338400000000036e+02
2.028269949334105320e+02,2.169338400000000036e+02
2.031151017580668281e+02,2.169338400000000036e+02
2.031282238784370406e+02,2.169338400000000036e+02
2.032787729706265338e+02,2.169338400000000036e+02
2.028793621089223507e+02,2.169338400000000036e+02
2.034424441831862111e+02,2.169338400000000036e+02
2.034556136758321259e+02,2.169338400000000036e+02
2.036061153957459169e+02,2.169338400000000036e+02
2.034819640995946770e+02,2.169338400000000036e+02
2.037697866083055942e+02,2.169338400000000036e+02
2.037830034732272111e+02,2.169338400000000036e+02
2.039334578208652715e+02,2.169338400000000036e+02
2.018795744186046477e+02,2.169338400000000036e+02
2.040971290334249488e+02,2.169338400000000036e+02
2.041103932706222963e+02,2.169338400000000036e+02
2.042608002459846546e+02,2.169338400000000036e+02
2.041369332657787936e+02,2.169338400000000036e+02
2.044244714585443603e+02,2.169338400000000036e+02
2.044377830680173815e+02,2.169338400000000036e+02
2.045881426711040376e+02,2.169338400000000036e+02
2.041900593858632647e+02,2.169338400000000036e+02
2.047518138836637149e+02,2.169338400000000036e+02
2.047651728654124668e+02,2.169338400000000036e+02
2.049154850962233922e+02,2.169338400000000036e+02
2.047919024319629386e+02,2.169338400000000036e+02
2.050791563087830696e+02,2.169338400000000036e+02
2.050925626628075236e+02,2.169338400000000036e+02
2.052428275213427753e+02,2.169338400000000036e+02
2.042964965197215861e+02,2.169338400000000036e+02
2.054064987339024810e+02,2.169338400000000036e+02
2.054199524602026088e+02,2.169338400000000036e+02
2.055701699464621584e+02,2.169338400000000036e+02
2.054468715981470837e+02,2.169338400000000036e+02
2.057338411590218357e+02,2.169338400000000036e+02
2.057473422575976940e+02,2.169338400000000036e+02
2.058975123715815130e+02,2.169338400000000036e+02
2.055007566628041786e+02,2.169338400000000036e+02
2.060611835841412187e+02,2.169338400000000036e+02
2.060747320549927508e+02,2.169338400000000036e+02
2.062248547967008960e+02,2.169338400000000036e+02
2.061018407643312003e+02,2.169338400000000036e+02
2.063885260092606018e+02,2.169338400000000036e+02
2.064021218523878360e+02,2.169338400000000036e+02
2.065521972218202791e+02,2.169338400000000036e+02
2.453432599999999866e+02,2.113400900000000036e+02
2.067158684343799564e+02,2.169338400000000036e+02
2.067295116497829213e+02,2.169338400000000036e+02
2.068795396469396337e+02,2.169338400000000036e+02
2.067568099305153453e+02,2.169338400000000036e+02
2.070432108594993394e+02,2.169338400000000036e+02
2.070569014471780065e+02,2.169338400000000036e+02
2.072068820720590452e+02,2.169338400000000036e+02
2.068114539397450642e+02,2.169338400000000036e+02
2.073705532846187225e+02,2.169338400000000036e+02
2.073842912445730917e+02,2.169338400000000036e+02
2.075342244971783998e+02,2.169338400000000036e+02
2.074117790966994903e+02,2.169338400000000036e+02
2.076978957097380771e+02,2.169338400000000036e+02
2.077116810419681769e+02,2.169338400000000036e+02
2.078615669222977829e+02,2.169338400000000036e+02
2.069209321345707622e+02,2.169338400000000036e+02
2.080252381348574602e+02,2.169338400000000036e+02
2.080390708393632622e+02,2.169338400000000036e+02
2.081889093474171659e+02,2.169338400000000036e+02
2.080667482628836069e+02,2.169338400000000036e+02
2.083525805599768432e+02,2.169338400000000036e+02
2.083664606367583190e+02,2.169338400000000036e+02
2.085162517725365205e+02,2.169338400000000036e+02
2.081221512166859782e+02,2.169338400000000036e+02
2.086799229850961979e+02,2.169338400000000036e+02
2.086938504341534042e+02,2.169338400000000036e+02
2.088435941976559036e+02,2.169338400000000036e+02
2.087217174290677519e+02,2.169338400000000036e+02
2.090072654102156093e+02,2.169338400000000036e+02
2.090212402315484894e+02,2.169338400000000036e+02
2.091709366227752867e+02,2.169338400000000036e+02
2.071406523255814136e+02,2.169338400000000036e+02
2.093346078353349640e+02,2.169338400000000036e+02
2.093486300289435462e+02,2.169338400000000036e+02
2.094982790478946413e+02,2.169338400000000036e+02
2.093766865952518970e+02,2.169338400000000036e+02
2.096619502604543186e+02,2.169338400000000036e+02
2.096760198263386314e+02,2.169338400000000036e+02
2.098256214730140243e+02,2.169338400000000036e+02
2.094328484936268637e+02,2.169338400000000036e+02
2.099892926855737301e+02,2.169338400000000036e+02
2.100034096237337167e+02,2.169338400000000036e+02
2.101529638981334074e+02,2.169338400000000036e+02
2.100316557614360136e+02,2.169338400000000036e+02
2.103166351106930847e+02,2.169338400000000036e+02
2.103307994211288019e+02,2.169338400000000036e+02
2.104803063232527620e+02,2.169338400000000036e+02
2.095453677494199383e+02,2.169338400000000036e+02
2.106439775358124677e+02,2.169338400000000036e+02
2.106581892185238871e+02,2.169338400000000036e+02
2.108076487483721451e+02,2.169338400000000036e+02
2.106866249276201586e+02,2.169338400000000036e+02
2.109713199609318508e+02,2.169338400000000036e+02
2.109855790159189723e+02,2.169338400000000036e+02
2.111349911734915281e+02,2.169338400000000036e+02
2.107435457705677777e+02,2.169338400000000036e+02
2.112986623860512054e+02,2.169338400000000036e+02
2.113129688133140576e+02,2.169338400000000036e+02
2.114623335986108827e+02,2.169338400000000036e+02
2.113415940938043036e+02,2.169338400000000036e+02
2.116260048111705885e+02,2.169338400000000036e+02
2.116403586107091144e+02,2.169338400000000036e+02
2.117896760237302942e+02,2.169338400000000036e+02
2.775753000000000270e+02,2.160013399999999990e+02
2.119533472362899715e+02,2.169338400000000036e+02
2.119677484081041996e+02,2.169338400000000036e+02
2.121170184488496488e+02,2.169338400000000036e+02
2.119965632599884202e+02,2.169338400000000036e+02
2.122806896614093262e+02,2.169338400000000036e+02
2.122951382054992848e+02,2.169338400000000036e+02
2.124443608739690319e+02,2.169338400000000036e+02
2.120542430475086917e+02,2.169338400000000036e+02
2.126080320865287092e+02,2.169338400000000036e+02
2.126225280028943416e+02,2.169338400000000036e+02
2.127717032990884150e+02,2.169338400000000036e+02
2.126515324261725368e+02,2.169338400000000036e+02
2.129353745116480923e+02,2.169338400000000036e+02
2.129499178002894269e+02,2.169338400000000036e+02
2.130990457242077696e+02,2.169338400000000036e+02
2.121698033642691428e+02,2.169338400000000036e+02
2.132627169367674469e+02,2.169338400000000036e+02
2.132773075976845121e+02,2.169338400000000036e+02
2.134263881493271526e+02,2.169338400000000036e+02
2.133065015923566818e+02,2.169338400000000036e+02
2.135900593618868584e+02,2.169338400000000036e+02
2.136046973950795973e+02,2.169338400000000036e+02
2.137537305744465357e+02,2.169338400000000036e+02
2.133649403244496057e+02,2.169338400000000036e+02
2.139174017870062130e+02,2.169338400000000036e+02
2.139320871924746825e+02,2.169338400000000036e+02
2.140810729995658903e+02,2.169338400000000036e+02
2.139614707585408269e+02,2.169338400000000036e+02
2.142447442121255676e+02,2.169338400000000036e+02
2.142594769898697677e+02,2.169338400000000036e+02
2.144084154246852734e+02,2.169338400000000036e+02
2.124017302325581511e+02,2.169338400000000036e+02
2.145720866372449791e+02,2.169338400000000036e+02
2.145868667872648530e+02,2.169338400000000036e+02
2.147357578498046564e+02,2.169338400000000036e+02
2.146164399247249435e+02,2.169338400000000036e+02
2.148994290623643337e+02,2.169338400000000036e+02
2.149142565846599382e+02,2.169338400000000036e+02
2.150631002749240110e+02,2.169338400000000036e+02
2.146756376013904912e+02,2.169338400000000036e+02
2.152267714874837168e+02,2.169338400000000036e+02
2.152416463820549950e+02,2.169338400000000036e+02
2.153904427000433941e+02,2.169338400000000036e+02
2.152714090909090885e+02,2.169338400000000036e+02
2.155541139126030998e+02,2.169338400000000036e+02
2.155690361794500802e+02,2.169338400000000036e+02
2.157177851251627771e+02,2.169338400000000036e+02
2.147942389791183473e+02,2.169338400000000036e+02
2.158814563377224545e+02,2.169338400000000036e+02
2.158964259768451370e+02,2.169338400000000036e+02
2.160451275502821318e+02,2.169338400000000036e+02
2.159263782570932335e+02,2.169338400000000036e+02
2.162087987628418375e+02,2.169338400000000036e+02
2.162238157742402223e+02,2.169338400000000036e+02
2.163724699754015433e+02,2.169338400000000036e+02
2.159863348783313768e+02,2.169338400000000036e+02
2.165361411879612206e+02,2.169338400000000036e+02
2.165512055716353075e+02,2.169338400000000036e+02
2.166998124005208979e+02,2.169338400000000036e+02
2.165813474232773501e+02,2.169338400000000036e+02
2.168634836130805752e+02,2.169338400000000036e+02
2.168785953690303927e+02,2.169338400000000036e+02
2.170271548256402809e+02,2.169338400000000036e+02
3.035691800000000171e+02,2.252056900000000041e+02
2.171908260381999582e+02,2.169338400000000036e+02
2.172059851664254779e+02,2.169338400000000036e+02
2.173544972507596640e+02,2.169338400000000036e+02
2.172363165894614951e+02,2.169338400000000036e+02
2.175181684633193413e+02,2.169338400000000036e+02
2.175333749638205632e+02,2.169338400000000036e+02
2.176818396758790186e+02,2.169338400000000036e+02
2.172970321552722908e+02,2.169338400000000036e+02
2.178455108884386959e+02,2.169338400000000036e+02
2.178607647612156484e+02,2.169338400000000036e+02
2.180091821009984017e+02,2.169338400000000036e+02
2.178912857556456402e+02,2.169338400000000036e+02
2.181728533135581074e+02,2.169338400000000036e+02
2.181881545586107336e+02,2.169338400000000036e+02
2.183365245261177847e+02,2.169338400000000036e+02
2.174186745939675234e+02,2.169338400000000036e+02
2.185001957386774620e+02,2.169338400000000036e+02
2.185155443560057904e+02,2.169338400000000036e+02
2.186638669512371393e+02,2.169338400000000036e+02
2.185462549218297568e+02,2.169338400000000036e+02
2.188275381637968167e+02,2.169338400000000036e+02
2.188429341534008756e+02,2.169338400000000036e+02
2.189912093763565224e+02,2.169338400000000036e+02
2.186077294322132047e+02,2.169338400000000036e+02
2.191548805889162281e+02,2.169338400000000036e+02
2.191703239507959324e+02,2.169338400000000036e+02
2.193185518014759054e+02,2.169338400000000036e+02
2.192012240880139018e+02,2.169338400000000036e+02
2.194822230140355828e+02,2.169338400000000036e+02
2.194977137481910177e+02,2.169338400000000036e+02
2.196458942265952601e+02,2.169338400000000036e+02
2.176628081395348886e+02,2.169338400000000036e+02
2.198095654391549658e+02,2.169338400000000036e+02
2.198251035455861029e+02,2.169338400000000036e+02
2.199732366517146431e+02,2.169338400000000036e+02
2.198561932541980468e+02,2.169338400000000036e+02
2.201369078642743489e+02,2.169338400000000036e+02
2.201524933429811881e+02,2.169338400000000036e+02
2.203005790768340262e+02,2.169338400000000036e+02
2.199184267091541187e+02,2.169338400000000036e+02
2.204642502893937035e+02,2.169338400000000036e+02
2.204798831403762733e+02,2.169338400000000036e+02
2.206279215019533808e+02,2.169338400000000036e+02
2.205111624203821634e+02,2.169338400000000036e+02
2.207915927145130865e+02,2.169338400000000036e+02
2.208072729377713586e+02,2.169338400000000036e+02
2.209552639270727923e+02,2.169338400000000036e+02
2.200431102088166995e+02,2.169338400000000036e+02
2.211189351396324696e+02,2.169338400000000036e+02
2.211346627351664438e+02,2.169338400000000036e+02
2.212826063521921469e+02,2.169338400000000036e+02
2.211661315865663084e+02,2.169338400000000036e+02
2.214462775647518242e+02,2.169338400000000036e+02
2.214620525325615290e+02,2.169338400000000036e+02
2.216099487773115015e+02,2.169338400000000036e+02
2.212291239860950043e+02,2.169338400000000036e+02
2.217736199898712073e+02,2.169338400000000036e+02
2.217894423299565858e+02,2.169338400000000036e+02
2.219372912024309130e+02,2.169338400000000036e+02
2.218211007527504535e+02,2.169338400000000036e+02
2.221009624149905903e+02,2.169338400000000036e+02
2.221168321273516710e+02,2.169338400000000036e+02
2.222646336275502676e+02,2.169338400000000036e+02
3.199408599999999865e+02,2.353264200000000130e+02
2.224283048401099450e+02,3.896882299999999759e+02
2.224442219247467278e+02,3.896882299999999759e+02
2.225919760526696507e+02,3.896882299999999759e+02
2.224760699189345701e+02,3.896882299999999759e+02
2.227556472652293280e+02,3.896882299999999759e+02
2.227716117221418131e+02,3.896882299999999759e+02
2.229193184777890338e+02,3.896882299999999759e+02
2.225398212630359183e+02,3.896882299999999759e+02
2.230829896903487111e+02,3.896882299999999759e+02
2.230990015195368983e+02,3.896882299999999759e+02
2.232466609029083884e+02,3.896882299999999759e+02
2.231310390851186867e+02,3.896882299999999759e+02
2.234103321154680657e+02,3.896882299999999759e+02
2.234263913169319835e+02,3.896882299999999759e+02
2.235740033280277714e+02,3.896882299999999759e+02
2.226675458236658756e+02,3.896882299999999759e+02
2.237376745405874772e+02,3.896882299999999759e+02
2.237537811143270687e+02,3.896882299999999759e+02
2.239013457531471545e+02,3.896882299999999759e+02
2.237860082513028317e+02,3.896882299999999759e+02
2.240650169657068318e+02,3.896882299999999759e+02
2.240811709117221540e+02,3.896882299999999759e+02
2.242286881782665091e+02,3.896882299999999759e+02
2.238505185399768038e+02,3.896882299999999759e+02
2.243923593908262148e+02,3.896882299999999759e+02
2.244085607091172392e+02,3.896882299999999759e+02
2.245560306033858922e+02,3.896882299999999759e+02
2.244409774174869767e+02,3.896882299999999759e+02
2.247197018159455979e+02,3.896882299999999759e+02
2.247359505065123244e+02,3.896882299999999759e+02
2.248833730285052752e+02,3.896882299999999759e+02
2.229238860465116261e+02,3.896882299999999759e+02
2.250470442410649525e+02,3.896882299999999759e+02
2.250633403039073812e+02,3.896882299999999759e+02
2.252107154536246298e+02,3.896882299999999759e+02
2.250959465836710933e+02,3.896882299999999759e+02
2.253743866661843356e+02,3.896882299999999759e+02
2.253907301013024664e+02,3.896882299999999759e+02
2.255380578787440413e+02,3.896882299999999759e+02
2.251612158169177178e+02,3.896882299999999759e+02
2.257017290913037186e+02,3.896882299999999759e+02
2.257181198986975232e+02,3.896882299999999759e+02
2.258654003038633959e+02,3.896882299999999759e+02
2.257509157498552383e+02,3.896882299999999759e+02
2.260290715164230733e+02,3.896882299999999759e+02
2.260455096960926085e+02,3.896882299999999759e+02
2.261927427289827506e+02,3.896882299999999759e+02
2.252919814385150801e+02,3.896882299999999759e+02
2.263564139415424563e+02,3.896882299999999759e+02
2.263728994934876937e+02,3.896882299999999759e+02
2.265200851541021621e+02,3.896882299999999759e+02
2.264058849160393834e+02,3.896882299999999759e+02
2.266837563666618394e+02,3.896882299999999759e+02
2.267002892908827789e+02,3.896882299999999759e+02
2.268474275792215167e+02,3.896882299999999759e+02
2.264719130938586318e+02,3.896882299999999759e+02
2.270110987917811940e+02,3.896882299999999759e+02
2.270276790882778641e+02,3.896882299999999759e+02
2.271747700043408997e+02,3.896882299999999759e+02
2.270608540822235000e+02,3.896882299999999759e+02
2.273384412169005770e+02,3.896882299999999759e+02
2.273550688856729494e+02,3.896882299999999759e+02
2.275021124294602828e+02,3.896882299999999759e+02
3.313702700000000050e+02,2.477692900000000122e+02
2.276657836420199601e+02,3.896882299999999759e+02
2.276824586830680346e+02,3.896882299999999759e+02
2.278294548545796374e+02,3.896882299999999759e+02
2.277158232484076450e+02,3.896882299999999759e+02
2.279931260671393147e+02,3.896882299999999759e+02
2.280098484804631198e+02,3.896882299999999759e+02
2.281567972796990205e+02,3.896882299999999759e+02
2.277826103707995458e+02,3.896882299999999759e+02
2.283204684922587262e+02,3.896882299999999759e+02
2.283372382778581766e+02,3.896882299999999759e+02
2.284841397048184035e+02,3.896882299999999759e+02
2.283707924145917900e+02,3.896882299999999759e+02
2.286478109173780808e+02,3.896882299999999759e+02
2.286646280752532618e+02,3.896882299999999759e+02
2.288114821299377581e+02,3.896882299999999759e+02
2.279164170533642846e+02,3.896882299999999759e+02
2.289751533424974639e+02,3.896882299999999759e+02
2.289920178726483471e+02,3.896882299999999759e+02
2.291388245550571412e+02,3.896882299999999759e+02
2.290257615807759066e+02,3.896882299999999759e+02
2.293024957676168469e+02,3.896882299999999759e+02
2.293194076700434039e+02,3.896882299999999759e+02
2.294661669801765242e+02,3.896882299999999759e+02
2.290933076477404313e+02,3.896882299999999759e+02
2.296298381927362016e+02,3.896882299999999759e+02
2.296467974674384891e+02,3.896882299999999759e+02
2.297935094052958789e+02,3.896882299999999759e+02
2.296807307469600516e+02,3.896882299999999759e+02
2.299571806178555846e+02,3.896882299999999759e+02
2.299741872648335743e+02,3.896882299999999759e+02
2.301208518304152904e+02,3.896882299999999759e+02
2.281849639534883636e+02,3.896882299999999759e+02
2.302845230429749677e+02,3.896882299999999759e+02
2.303015770622286595e+02,3.896882299999999759e+02
2.304481942555346450e+02,3.896882299999999759e+02
2.303356999131441967e+02,3.896882299999999759e+02
2.306118654680943223e+02,3.896882299999999759e+02
2.306289668596237448e+02,3.896882299999999759e+02
2.307755366806539996e+02,3.896882299999999759e+02
2.304040049246813169e+02,3.896882299999999759e+02
2.309392078932137053e+02,3.896882299999999759e+02
2.309563566570188300e+02,3.896882299999999759e+02
2.311028791057734111e+02,3.896882299999999759e+02
2.309906690793283133e+02,3.896882299999999759e+02
2.312665503183330884e+02,3.896882299999999759e+02
2.312837464544139152e+02,3.896882299999999759e+02
2.314302215308927657e+02,3.896882299999999759e+02
2.305408526682134607e+02,3.896882299999999759e+02
2.315938927434524430e+02,3.896882299999999759e+02
2.316111362518089720e+02,3.896882299999999759e+02
2.317575639560121488e+02,3.896882299999999759e+02
2.316456382455124583e+02,3.896882299999999759e+02
2.319212351685718261e+02,3.896882299999999759e+02
2.319385260492040572e+02,3.896882299999999759e+02
2.320849063811315318e+02,3.896882299999999759e+02
2.317147022016222309e+02,3.896882299999999759e+02
2.322485775936912091e+02,3.896882299999999759e+02
2.322659158465991425e+02,3.896882299999999759e+02
2.324122488062508864e+02,3.896882299999999759e+02
2.323006074116966033e+02,3.896882299999999759e+02
2.325759200188105638e+02,3.896882299999999759e+02
2.325933056439941993e+02,3.896882299999999759e+02
2.327395912313702695e+02,3.896882299999999759e+02
3.397307999999999879e+02,2.732910200000000032e+02
2.329032624439299752e+02,3.896882299999999759e+02
2.329206954413892845e+02,3.896882299999999759e+02
2.330669336564896525e+02,3.896882299999999759e+02
2.329555765778807199e+02,3.896882299999999759e+02
2.332306048690493299e+02,3.896882299999999759e+02
2.332480852387843697e+02,3.896882299999999759e+02
2.333942760816090072e+02,3.896882299999999759e+02
2.330253994785631448e+02,3.896882299999999759e+02
2.335579472941687129e+02,3.896882299999999759e+02
2.335754750361794549e+02,3.896882299999999759e+02
2.337216185067283902e+02,3.896882299999999759e+02
2.336105457440648365e+02,3.896882299999999759e+02
2.338852897192880960e+02,3.896882299999999759e+02
2.339028648335745402e+02,3.896882299999999759e+02
2.340489609318477733e+02,3.896882299999999759e+02
2.331652882830626368e+02,3.896882299999999759e+02
2.342126321444074506e+02,3.896882299999999759e+02
2.342302546309696254e+02,3.896882299999999759e+02
2.343763033569671279e+02,3.896882299999999759e+02
2.342655149102489816e+02,3.896882299999999759e+02
2.345399745695268336e+02,3.896882299999999759e+02
2.345576444283647106e+02,3.896882299999999759e+02
2.347036457820865394e+02,3.896882299999999759e+02
2.343360967555040588e+02,3.896882299999999759e+02
2.348673169946462167e+02,3.896882299999999759e+02
2.348850342257597674e+02,3.896882299999999759e+02
2.350309882072058940e+02,3.896882299999999759e+02
2.349204840764331266e+02,3.896882299999999759e+02
2.351946594197655713e+02,3.896882299999999759e+02
2.352124240231548526e+02,3.896882299999999759e+02
2.353583306323252486e+02,3.896882299999999759e+02
2.334460418604651295e+02,3.896882299999999759e+02
2.355220018448849544e+02,3.896882299999999759e+02
2.355398138205499379e+02,3.896882299999999759e+02
2.356856730574446601e+02,3.896882299999999759e+02
2.355754532426172432e+02,3.896882299999999759e+02
2.358493442700043374e+02,3.896882299999999759e+02
2.358672036179449947e+02,3.896882299999999759e+02
2.360130154825640147e+02,3.896882299999999759e+02
2.356467940324449444e+02,3.896882299999999759e+02
2.361766866951236921e+02,3.896882299999999759e+02
2.361945934153400799e+02,3.896882299999999759e+02
2.363403579076833978e+02,3.896882299999999759e+02
2.362304224088013882e+02,3.896882299999999759e+02
2.365040291202430751e+02,3.896882299999999759e+02
2.365219832127351651e+02,3.896882299999999759e+02
2.366677003328027808e+02,3.896882299999999759e+02
2.357897238979118413e+02,3.896882299999999759e+02
2.368313715453624582e+02,3.896882299999999759e+02
2.368493730101302503e+02,3.896882299999999759e+02
2.369950427579221355e+02,3.896882299999999759e+02
2.368853915749855332e+02,3.896882299999999759e+02
2.371587139704818128e+02,3.896882299999999759e+02
2.371767628075253356e+02,3.896882299999999759e+02
2.373223851830415185e+02,3.896882299999999759e+02
2.369574913093858584e+02,3.896882299999999759e+02
2.374860563956012243e+02,3.896882299999999759e+02
2.375041526049204208e+02,3.896882299999999759e+02
2.376497276081609016e+02,3.896882299999999759e+02
2.375403607411696498e+02,3.896882299999999759e+02
2.378133988207205789e+02,4.216004599999999982e+02
2.378315424023155060e+02,4.216004599999999982e+02
2.379770700332802562e+02,4.216004599999999982e+02
3.350500799999999799e+02,2.974232200000000148e+02
2.381407412458399619e+02,4.216004599999999982e+02
2.381589321997105628e+02,4.216004599999999982e+02
2.383044124583996393e+02,4.216004599999999982e+02
2.381953299073537949e+02,4.216004599999999982e+02
2.384680836709593450e+02,4.216004599999999982e+02
2.384863219971056481e+02,4.216004599999999982e+02
2.386317548835190223e+02,4.216004599999999982e+02
2.382681885863267439e+02,4.216004599999999982e+02
2.387954260960786996e+02,4.216004599999999982e+02
2.388137117945007333e+02,4.216004599999999982e+02
2.389590973086383769e+02,4.216004599999999982e+02
2.388502990735379399e+02,4.216004599999999982e+02
2.391227685211980827e+02,4.216004599999999982e+02
2.391411015918957901e+02,4.216004599999999982e+02
2.392864397337577600e+02,4.216004599999999982e+02
2.384141595127610174e+02,4.216004599999999982e+02
2.394501109463174657e+02,3.564022199999999998e+02
2.394684913892908753e+02,3.564022199999999998e+02
2.396137821588771430e+02,3.564022199999999998e+02
2.395052682397220565e+02,3.564022199999999998e+02
2.397774533714368204e+02,3.564022199999999998e+02
2.397958811866859605e+02,3.564022199999999998e+02
2.399411245839964977e+02,3.564022199999999998e+02
2.395788858632676579e+02,3.564022199999999998e+02
2.401047957965562034e+02,4.494574000000000069e+02
2.401232709840810458e+02,4.494574000000000069e+02
2.402684670091159091e+02,4.494574000000000069e+02
2.401602374059062015e+02,4.494574000000000069e+02
2.404321382216755865e+02,4.494574000000000069e+02
2.404506607814761310e+02,4.494574000000000069e+02
2.405958094342352638e+02,4.494574000000000069e+02
2.387071197674418670e+02,4.216004599999999982e+02
2.407594806467949411e+02,4.494574000000000069e+02
2.407780505788712162e+02,4.494574000000000069e+02
2.409231518593546468e+02,4.494574000000000069e+02
2.408152065720903181e+02,4.494574000000000069e+02
2.410868230719143241e+02,4.494574000000000069e+02
2.411054403762662730e+02,4.494574000000000069e+02
2.412504942844740299e+02,4.494574000000000069e+02
2.408895831402085719e+02,4.494574000000000069e+02
2.414141654970337072e+02,4.494574000000000069e+02
2.414328301736613582e+02,4.494574000000000069e+02
2.415778367095933845e+02,4.494574000000000069e+02
2.414701757382744631e+02,4.494574000000000069e+02
2.417415079221530902e+02,4.494574000000000069e+02
2.417602199710564435e+02,4.494574000000000069e+02
2.419051791347127676e+02,4.494574000000000069e+02
2.410385951276102219e+02,4.494574000000000069e+02
2.420688503472724449e+02,4.494574000000000069e+02
2.420876097684515287e+02,4.494574000000000069e+02
2.422325215598321506e+02,4.494574000000000069e+02
2.421251449044586082e+02,4.494574000000000069e+02
2.423961927723918279e+02,4.494574000000000069e+02
2.424149995658466139e+02,4.494574000000000069e+02
2.425598639849515052e+02,4.494574000000000069e+02
2.422002804171494574e+02,4.494574000000000069e+02
2.427235351975112110e+02,4.494574000000000069e+02
2.427423893632416707e+02,4.494574000000000069e+02
2.428872064100708883e+02,4.494574000000000069e+02
2.427801140706427248e+02,4.494574000000000069e+02
2.430508776226305656e+02,4.494574000000000069e+02
2.430697791606367559e+02,4.494574000000000069e+02
2.432145488351902713e+02,4.494574000000000069e+02
3.228011500000000069e+02,3.301462399999999775e+02
2.433782200477499487e+02,4.781374500000000012e+02
2.433971689580318412e+02,4.781374500000000012e+02
2.435418912603096544e+02,4.781374500000000012e+02
2.434350832368268698e+02,4.781374500000000012e+02
2.437055624728693317e+02,4.781374500000000012e+02
2.437245587554269264e+02,4.781374500000000012e+02
2.438692336854290090e+02,4.781374500000000012e+02
2.435109776940903714e+02,4.781374500000000012e+02
2.440329048979887148e+02,4.781374500000000012e+02
2.440519485528220116e+02,4.781374500000000012e+02
2.441965761105483921e+02,4.781374500000000012e+02
2.440900524030110148e+02,4.781374500000000012e+02
2.443602473231080694e+02,4.781374500000000012e+02
2.443793383502170968e+02,4.781374500000000012e+02
2.445239185356677751e+02,4.781374500000000012e+02
2.436630307424593980e+02,4.781374500000000012e+02
2.446875897482274524e+02,2.113400900000000036e+02
2.447067281476121536e+02,2.113400900000000036e+02
2.448512609607871298e+02,2.113400900000000036e+02
2.447450215691951314e+02,2.113400900000000036e+02
2.450149321733468355e+02,2.113400900000000036e+02
2.450341179450072389e+02,2.113400900000000036e+02
2.451786033859065128e+02,2.113400900000000036e+02
2.448216749710312854e+02,2.113400900000000036e+02
2.453422745984661901e+02,2.113400900000000036e+02
2.453615077424023241e+02,2.113400900000000036e+02
2.455059458110258959e+02,2.113400900000000036e+02
2.453999907353792764e+02,2.113400900000000036e+02
2.456696170235855732e+02,3.201844500000000266e+02
2.456888975397974093e+02,3.201844500000000266e+02
2.458332882361452789e+02,3.201844500000000266e+02
2.439681976744186045e+02,4.781374500000000012e+02
2.459969594487049562e+02,3.201844500000000266e+02
2.460162873371924945e+02,3.201844500000000266e+02
2.461606306612646335e+02,3.201844500000000266e+02
2.460549599015634215e+02,3.201844500000000266e+02
2.463243018738243393e+02,3.201844500000000266e+02
2.463436771345875513e+02,3.201844500000000266e+02
2.464879730863840166e+02,3.201844500000000266e+02
2.461323722479721710e+02,3.201844500000000266e+02
2.466516442989436939e+02,3.161834699999999998e+02
2.466710669319826366e+02,3.161834699999999998e+02
2.468153155115033996e+02,3.161834699999999998e+02
2.467099290677475381e+02,3.161834699999999998e+02
2.469789867240630770e+02,3.161834699999999998e+02
2.469984567293777218e+02,3.161834699999999998e+02
2.471426579366227543e+02,3.161834699999999998e+02
2.462874663573086025e+02,3.201844500000000266e+02
2.473063291491824600e+02,5.003083500000000186e+02
2.473258465267728070e+02,5.003083500000000186e+02
2.474700003617421373e+02,5.003083500000000186e+02
2.473648982339316831e+02,5.003083500000000186e+02
2.476336715743018146e+02,5.003083500000000186e+02
2.476532363241678922e+02,5.003083500000000186e+02
2.477973427868615204e+02,5.003083500000000186e+02
2.474430695249130849e+02,5.003083500000000186e+02
2.479610139994211977e+02,5.003083500000000186e+02
2.479806261215629490e+02,5.003083500000000186e+02
2.481246852119808750e+02,5.003083500000000186e+02
2.480198674001157997e+02,5.003083500000000186e+02
2.482883564245405807e+02,5.214277299999999968e+02
2.483080159189580343e+02,5.214277299999999968e+02
2.484520276371002581e+02,5.214277299999999968e+02
3.099125000000000227e+02,3.596435500000000047e+02
2.486156988496599638e+02,5.205799600000000282e+02
2.486354057163531195e+02,5.205799600000000282e+02
2.487793700622196411e+02,5.205799600000000282e+02
2.486748365662999447e+02,5.205799600000000282e+02
2.489430412747793184e+02,5.205799600000000282e+02
2.489627955137482047e+02,5.205799600000000282e+02
2.491067124873390242e+02,5.205799600000000282e+02
2.487537668018539989e+02,5.205799600000000282e+02
2.492703836998987015e+02,5.205799600000000282e+02
2.492901853111432899e+02,5.205799600000000282e+02
2.494340549124583788e+02,5.205799600000000282e+02
2.493298057324840897e+02,5.205799600000000282e+02
2.495977261250180845e+02,5.205799600000000282e+02
2.496175751085383467e+02,5.205799600000000282e+02
2.497613973375777618e+02,5.205799600000000282e+02
2.489119019721577786e+02,5.205799600000000282e+02
2.499250685501374392e+02,5.153316700000000310e+02
2.499449649059334320e+02,5.153316700000000310e+02
2.500887397626971449e+02,5.153316700000000310e+02
2.499847748986682063e+02,5.153316700000000310e+02
2.502524109752568222e+02,5.153316700000000310e+02
2.502723547033285172e+02,5.153316700000000310e+02
2.504160821878164995e+02,5.153316700000000310e+02
2.500644640787948845e+02,5.153316700000000310e+02
2.505797534003762053e+02,5.153316700000000310e+02
2.505997445007236024e+02,5.153316700000000310e+02
2.507434246129358826e+02,5.153316700000000310e+02
2.506397440648523514e+02,5.153316700000000310e+02
2.509070958254955883e+02,5.153316700000000310e+02
2.509271342981186876e+02,5.153316700000000310e+02
2.510707670380552656e+02,5.153316700000000310e+02
2.492292755813953420e+02,5.205799600000000282e+02
2.512344382506149429e+02,5.153316700000000310e+02
2.512545240955137444e+02,5.153316700000000310e+02
2.513981094631746487e+02,5.153316700000000310e+02
2.512947132310364680e+02,5.153316700000000310e+02
2.515617806757343260e+02,5.153316700000000310e+02
2.515819138929088297e+02,5.153316700000000310e+02
2.517254518882940033e+02,5.153316700000000310e+02
2.513751613557357985e+02,5.153316700000000310e+02
2.518891231008537090e+02,5.153316700000000310e+02
2.519093036903039149e+02,5.153316700000000310e+02
2.520527943134133864e+02,5.153316700000000310e+02
2.519496823972206130e+02,5.153316700000000310e+02
2.522164655259730637e+02,5.153316700000000310e+02
2.522366934876990001e+02,5.153316700000000310e+02
2.523801367385327694e+02,5.153316700000000310e+02
2.515363375870069547e+02,5.153316700000000310e+02
2.525438079510924467e+02,5.153316700000000310e+02
2.525640832850940853e+02,5.153316700000000310e+02
2.527074791636521240e+02,5.153316700000000310e+02
2.526046515634047580e+02,5.153316700000000310e+02
2.528711503762118298e+02,5.153316700000000310e+02
2.528914730824891421e+02,5.153316700000000310e+02
2.530348215887715071e+02,5.153316700000000310e+02
2.526858586326767124e+02,5.153316700000000310e+02
2.531984928013312128e+02,5.153316700000000310e+02
2.532188628798842274e+02,5.153316700000000310e+02
2.533621640138908901e+02,5.153316700000000310e+02
2.532596207295888746e+02,5.153316700000000310e+02
2.535258352264505675e+02,5.153316700000000310e+02
2.535462526772793126e+02,5.153316700000000310e+02
2.536895064390102732e+02,5.153316700000000310e+02
2.985706999999999880e+02,3.852867400000000089e+02
2.538531776515699505e+02,5.153316700000000310e+02
2.538736424746743978e+02,5.153316700000000310e+02
2.540168488641296278e+02,5.153316700000000310e+02
2.539145898957730196e+02,5.153316700000000310e+02
2.541805200766893336e+02,5.153316700000000310e+02
2.542010322720694830e+02,5.153316700000000310e+02
2.543441912892490109e+02,5.153316700000000310e+02
2.539965559096175980e+02,5.153316700000000310e+02
2.545078625018086882e+02,5.153316700000000310e+02
2.545284220694645398e+02,5.153316700000000310e+02
2.546715337143683939e+02,5.153316700000000310e+02
2.545695590619571647e+02,5.153316700000000310e+02
2.548352049269280712e+02,5.153316700000000310e+02
2.548558118668596251e+02,5.153316700000000310e+02
2.549988761394877486e+02,5.153316700000000310e+02
2.541607732018561592e+02,5.153316700000000310e+02
2.551625473520474543e+02,5.153316700000000310e+02
2.551832016642547103e+02,5.153316700000000310e+02
2.553262185646071316e+02,5.153316700000000310e+02
2.552245282281412813e+02,5.153316700000000310e+02
2.554898897771668373e+02,5.153316700000000310e+02
2.555105914616497955e+02,5.153316700000000310e+02
2.556535609897265147e+02,5.153316700000000310e+02
2.553072531865585120e+02,5.153316700000000310e+02
2.558172322022861920e+02,5.153316700000000310e+02
2.558379812590448807e+02,5.153316700000000310e+02
2.559809034148458977e+02,5.153316700000000310e+02
2.558794973943254263e+02,5.153316700000000310e+02
2.561445746274055750e+02,5.153316700000000310e+02
2.561653710564399375e+02,5.153316700000000310e+02
2.563082458399652523e+02,5.153316700000000310e+02
2.544903534883721079e+02,5.153316700000000310e+02
2.564719170525249865e+02,5.153316700000000310e+02
2.564927608538350228e+02,5.153316700000000310e+02
2.566355882650846070e+02,5.153316700000000310e+02
2.565344665605095997e+02,5.153316700000000310e+02
2.567992594776443411e+02,5.153316700000000310e+02
2.568201506512301080e+02,5.153316700000000310e+02
2.569629306902040184e+02,5.153316700000000310e+02
2.566179504634993691e+02,5.153316700000000310e+02
2.571266019027636958e+02,5.153316700000000310e+02
2.571475404486251932e+02,5.153316700000000310e+02
2.572902731153233731e+02,5.153316700000000310e+02
2.571894357266936595e+02,5.153316700000000310e+02
2.574539443278830504e+02,5.153316700000000310e+02
2.574749302460202784e+02,5.153316700000000310e+02
2.576176155404427845e+02,5.153316700000000310e+02
2.567852088167053353e+02,5.153316700000000310e+02
2.577812867530024619e+02,5.153316700000000310e+02
2.578023200434153068e+02,5.153316700000000310e+02
2.579449579655621392e+02,5.153316700000000310e+02
2.578444048928778329e+02,5.153316700000000310e+02
2.581086291781218165e+02,5.153316700000000310e+02
2.581297098408103921e+02,5.153316700000000310e+02
2.582723003906814938e+02,5.153316700000000310e+02
2.579286477404402831e+02,5.153316700000000310e+02
2.584359716032412280e+02,5.153316700000000310e+02
2.584570996382054773e+02,5.153316700000000310e+02
2.585996428158008484e+02,5.153316700000000310e+02
2.584993740590619495e+02,5.153316700000000310e+02
2.587633140283605826e+02,5.153316700000000310e+02
2.587844894356005625e+02,5.153316700000000310e+02
2.589269852409202599e+02,5.153316700000000310e+02
2.909136700000000246e+02,3.987599999999999909e+02
2.590906564534799372e+02,5.153316700000000310e+02
2.591118792329956477e+02,5.153316700000000310e+02
2.592543276660396714e+02,5.153316700000000310e+02
2.591543432252460661e+02,5.153316700000000310e+02
2.594179988785992919e+02,5.153316700000000310e+02
2.594392690303907330e+02,5.153316700000000310e+02
2.595816700911590260e+02,5.153316700000000310e+02
2.592393450173811971e+02,5.153316700000000310e+02
2.597453413037187033e+02,5.153316700000000310e+02
2.597666588277858182e+02,5.153316700000000310e+02
2.599090125162783806e+02,5.153316700000000310e+02
2.598093123914302396e+02,5.153316700000000310e+02
2.600726837288381148e+02,5.153316700000000310e+02
2.600940486251809034e+02,5.153316700000000310e+02
2.602363549413977353e+02,5.153316700000000310e+02
2.594096444315545114e+02,5.153316700000000310e+02
2.604000261539574694e+02,5.153316700000000310e+02
2.604214384225759886e+02,5.153316700000000310e+02
2.605636973665171467e+02,5.153316700000000310e+02
2.604642815576143562e+02,5.153316700000000310e+02
2.607273685790768241e+02,5.153316700000000310e+02
2.607488282199710738e+02,5.153316700000000310e+02
2.608910397916365014e+02,5.153316700000000310e+02
2.605500422943221110e+02,5.153316700000000310e+02
2.610547110041961787e+02,5.153316700000000310e+02
2.610762180173661591e+02,5.153316700000000310e+02
2.612183822167559129e+02,5.153316700000000310e+02
2.611192507237984728e+02,5.153316700000000310e+02
2.613820534293155333e+02,5.153316700000000310e+02
2.614036078147612443e+02,5.153316700000000310e+02
2.615457246418752675e+02,5.153316700000000310e+02
2.597514313953488454e+02,5.153316700000000310e+02
2.617093958544349448e+02,5.153316700000000310e+02
2.617309976121563295e+02,5.153316700000000310e+02
2.618730670669946221e+02,5.153316700000000310e+02
2.617742198899826462e+02,5.153316700000000310e+02
2.620367382795543563e+02,5.153316700000000310e+02
2.620583874095514147e+02,5.153316700000000310e+02
2.622004094921139767e+02,5.153316700000000310e+02
2.618607395712630250e+02,5.153316700000000310e+02
2.623640807046737109e+02,5.153316700000000310e+02
2.623857772069465000e+02,5.153316700000000310e+02
2.625277519172333882e+02,5.153316700000000310e+02
2.624291890561667628e+02,5.153316700000000310e+02
2.626914231297930655e+02,5.153316700000000310e+02
2.627131670043415284e+02,5.153316700000000310e+02
2.628550943423527997e+02,5.153316700000000310e+02
2.620340800464036874e+02,5.153316700000000310e+02
2.630187655549124202e+02,5.153316700000000310e+02
2.630405568017366136e+02,5.153316700000000310e+02
2.631824367674721543e+02,5.153316700000000310e+02
2.630841582223508794e+02,5.153316700000000310e+02
2.633461079800318316e+02,5.153316700000000310e+02
2.633679465991316988e+02,5.153316700000000310e+02
2.635097791925915089e+02,5.153316700000000310e+02
2.631714368482039390e+02,5.153316700000000310e+02
2.636734504051511863e+02,5.153316700000000310e+02
2.636953363965267840e+02,5.153316700000000310e+02
2.638371216177108636e+02,5.153316700000000310e+02
2.637391273885350529e+02,5.153316700000000310e+02
2.640007928302705977e+02,5.153316700000000310e+02
2.640227261939218693e+02,5.153316700000000310e+02
2.641644640428302182e+02,5.153316700000000310e+02
2.883839699999999766e+02,4.043475300000000061e+02
2.643281352553899524e+02,5.187622000000000071e+02
2.643501159913168976e+02,5.187622000000000071e+02
2.644918064679496297e+02,5.187622000000000071e+02
2.643940965547191695e+02,5.187622000000000071e+02
2.646554776805093070e+02,5.187622000000000071e+02
2.646775057887119829e+02,5.187622000000000071e+02
2.648191488930690412e+02,5.187622000000000071e+02
2.644821341251448530e+02,5.187622000000000071e+02
2.649828201056286616e+02,5.187622000000000071e+02
2.650048955861070681e+02,5.187622000000000071e+02
2.651464913181883958e+02,5.187622000000000071e+02
2.650490657209032861e+02,5.187622000000000071e+02
2.653101625307480731e+02,5.187622000000000071e+02
2.653322853835021533e+02,5.187622000000000071e+02
2.654738337433077504e+02,5.187622000000000071e+02
2.646585156612528635e+02,5.187622000000000071e+02
2.656375049558674846e+02,5.187622000000000071e+02
2.656596751808972385e+02,5.187622000000000071e+02
2.658011761684271050e+02,5.187622000000000071e+02
2.657040348870874595e+02,5.187622000000000071e+02
2.659648473809868392e+02,5.187622000000000071e+02
2.659870649782923238e+02,5.187622000000000071e+02
2.661285185935465165e+02,5.187622000000000071e+02
2.657928314020857670e+02,5.187622000000000071e+02
2.662921898061061938e+02,5.187622000000000071e+02
2.663144547756874090e+02,5.187622000000000071e+02
2.664558610186658711e+02,5.187622000000000071e+02
2.663590040532715761e+02,5.187622000000000071e+02
2.666195322312255485e+02,5.187622000000000071e+02
2.666418445730824942e+02,5.187622000000000071e+02
2.667832034437852826e+02,5.187622000000000071e+02
2.650125093023256113e+02,5.187622000000000071e+02
2.669468746563449031e+02,5.187622000000000071e+02
2.669692343704775794e+02,5.187622000000000071e+02
2.671105458689046372e+02,5.187622000000000071e+02
2.670139732194556927e+02,5.187622000000000071e+02
2.672742170814643146e+02,5.187622000000000071e+02
2.672966241678726647e+02,5.187622000000000071e+02
2.674378882940239919e+02,5.187622000000000071e+02
2.671035286790266809e+02,5.187622000000000071e+02
2.676015595065837260e+02,5.187622000000000071e+02
2.676240139652677499e+02,5.187622000000000071e+02
2.677652307191433465e+02,5.187622000000000071e+02
2.676689423856398662e+02,5.187622000000000071e+02
2.679289019317030807e+02,5.187622000000000071e+02
2.679514037626628351e+02,5.187622000000000071e+02
2.680925731442627580e+02,5.187622000000000071e+02
2.672829512761020965e+02,5.187622000000000071e+02
2.682562443568224353e+02,5.187622000000000071e+02
2.682787935600579203e+02,5.187622000000000071e+02
2.684199155693821695e+02,5.187622000000000071e+02
2.683239115518239828e+02,5.187622000000000071e+02
2.685835867819417899e+02,5.187622000000000071e+02
2.686061833574530056e+02,5.187622000000000071e+02
2.687472579945015241e+02,5.187622000000000071e+02
2.684142259559675381e+02,5.187622000000000071e+02
2.689109292070612014e+02,5.187622000000000071e+02
2.689335731548480908e+02,5.187622000000000071e+02
2.690746004196208787e+02,5.187622000000000071e+02
2.689788807180080994e+02,5.187622000000000071e+02
2.692382716321805560e+02,5.187622000000000071e+02
2.692609629522431760e+02,5.187622000000000071e+02
2.694019428447402333e+02,5.187622000000000071e+02
2.898050799999999754e+02,4.061952999999999747e+02
2.695656140572999675e+02,5.187622000000000071e+02
2.695883527496382044e+02,5.187622000000000071e+02
2.697292852698596448e+02,5.187622000000000071e+02
2.696338498841922728e+02,5.187622000000000071e+02
2.698929564824193221e+02,5.187622000000000071e+02
2.699157425470332896e+02,5.187622000000000071e+02
2.700566276949789994e+02,5.187622000000000071e+02
2.697249232329084521e+02,5.187622000000000071e+02
2.702202989075386768e+02,5.187622000000000071e+02
2.702431323444283748e+02,5.187622000000000071e+02
2.703839701200984109e+02,5.187622000000000071e+02
2.702888190503763894e+02,5.187622000000000071e+02
2.705476413326580314e+02,5.187622000000000071e+02
2.705705221418234601e+02,5.187622000000000071e+02
2.707113125452177655e+02,5.187622000000000071e+02
2.699073868909512726e+02,5.187622000000000071e+02
2.708749837577774429e+02,5.187622000000000071e+02
2.708979119392185453e+02,5.187622000000000071e+02
2.710386549703371202e+02,5.187622000000000071e+02
2.709437882165605060e+02,5.187622000000000071e+02
2.712023261828968543e+02,5.187622000000000071e+02
2.712253017366135737e+02,5.187622000000000071e+02
2.713659973954564748e+02,5.187622000000000071e+02
2.710356205098493660e+02,5.187622000000000071e+02
2.715296686080162090e+02,5.187622000000000071e+02
2.715526915340086589e+02,5.187622000000000071e+02
2.716933398205758863e+02,5.187622000000000071e+02
2.715987573827446795e+02,5.187622000000000071e+02
2.718570110331355636e+02,5.187622000000000071e+02
2.718800813314037441e+02,5.187622000000000071e+02
2.720206822456952978e+02,5.187622000000000071e+02
2.702735872093023772e+02,5.187622000000000071e+02
2.721843534582549182e+02,5.191452600000000075e+02
2.722074711287988293e+02,5.191452600000000075e+02
2.723480246708146524e+02,5.191452600000000075e+02
2.722537265489287392e+02,5.191452600000000075e+02
2.725116958833743297e+02,5.191452600000000075e+02
2.725348609261939146e+02,5.191452600000000075e+02
2.726753670959340070e+02,5.191452600000000075e+02
2.723463177867902232e+02,5.191452600000000075e+02
2.728390383084936843e+02,5.191452600000000075e+02
2.728622507235889998e+02,5.191452600000000075e+02
2.730027095210533616e+02,5.191452600000000075e+02
2.729086957151129127e+02,5.191452600000000075e+02
2.731663807336130958e+02,5.191452600000000075e+02
2.731896405209840850e+02,5.191452600000000075e+02
2.733300519461727163e+02,5.191452600000000075e+02
2.725318225058005055e+02,5.191452600000000075e+02
2.734937231587324504e+02,5.191452600000000075e+02
2.735170303183791702e+02,5.191452600000000075e+02
2.736573943712921277e+02,5.191452600000000075e+02
2.735636648812970861e+02,5.191452600000000075e+02
2.738210655838518051e+02,5.191452600000000075e+02
2.738444201157742555e+02,5.191452600000000075e+02
2.739847367964115392e+02,5.191452600000000075e+02
2.736570150637311372e+02,5.191452600000000075e+02
2.741484080089711597e+02,5.191452600000000075e+02
2.741718099131693407e+02,5.191452600000000075e+02
2.743120792215308938e+02,5.191452600000000075e+02
2.742186340474811459e+02,5.191452600000000075e+02
2.744757504340905712e+02,5.191452600000000075e+02
2.744991997105644259e+02,5.191452600000000075e+02
2.746394216466502485e+02,5.191452600000000075e+02
3.008884300000000280e+02,4.071572300000000268e+02
2.748030928592099826e+02,2.160013399999999990e+02
2.748265895079595111e+02,2.160013399999999990e+02
2.749667640717696031e+02,2.160013399999999990e+02
2.748736032136653193e+02,2.160013399999999990e+02
2.751304352843293373e+02,2.160013399999999990e+02
2.751539793053545964e+02,2.160013399999999990e+02
2.752941064968890146e+02,2.160013399999999990e+02
2.749677123406720511e+02,2.160013399999999990e+02
2.754577777094486919e+02,2.160013399999999990e+02
2.754813691027496816e+02,2.160013399999999990e+02
2.756214489220083692e+02,2.160013399999999990e+02
2.755285723798494928e+02,2.160013399999999990e+02
2.757851201345680465e+02,2.160013399999999990e+02
2.758087589001447668e+02,2.160013399999999990e+02
2.759487913471277807e+02,2.160013399999999990e+02
2.751562581206496816e+02,2.160013399999999990e+02
2.761124625596874012e+02,2.160013399999999990e+02
2.761361486975397952e+02,2.160013399999999990e+02
2.762761337722471353e+02,2.160013399999999990e+02
2.761835415460335525e+02,2.160013399999999990e+02
2.764398049848068126e+02,2.160013399999999990e+02
2.764635384949348804e+02,2.160013399999999990e+02
2.766034761973664899e+02,2.160013399999999990e+02
2.762784096176129651e+02,2.160013399999999990e+02
2.767671474099262241e+02,2.160013399999999990e+02
2.767909282923299656e+02,2.160013399999999990e+02
2.769308186224858446e+02,2.160013399999999990e+02
2.768385107122177260e+02,2.160013399999999990e+02
2.770944898350455787e+02,2.160013399999999990e+02
2.771183180897250509e+02,2.160013399999999990e+02
2.772581610476052560e+02,2.160013399999999990e+02
2.755346651162790863e+02,2.160013399999999990e+02
2.774218322601649334e+02,2.160013399999999990e+02
2.774457078871201361e+02,2.160013399999999990e+02
2.775855034727246675e+02,2.160013399999999990e+02
2.774934798784018994e+02,2.160013399999999990e+02
2.777491746852842880e+02,2.160013399999999990e+02
2.777730976845151645e+02,2.160013399999999990e+02
2.779128458978440221e+02,2.160013399999999990e+02
2.775891068945538791e+02,2.160013399999999990e+02
2.780765171104036995e+02,2.160013399999999990e+02
2.781004874819102497e+02,2.160013399999999990e+02
2.782401883229633768e+02,2.160013399999999990e+02
2.781484490445859592e+02,2.160013399999999990e+02
2.784038595355230541e+02,2.160013399999999990e+02
2.784278772793053349e+02,2.160013399999999990e+02
2.785675307480827314e+02,2.160013399999999990e+02
2.777806937354988577e+02,2.160013399999999990e+02
2.787312019606424656e+02,2.160013399999999990e+02
2.787552670767004201e+02,2.160013399999999990e+02
2.788948731732021429e+02,2.160013399999999990e+02
2.788034182107701326e+02,2.160013399999999990e+02
2.790585443857618202e+02,2.160013399999999990e+02
2.790826568740955054e+02,2.160013399999999990e+02
2.792222155983214975e+02,2.160013399999999990e+02
2.788998041714947931e+02,2.160013399999999990e+02
2.793858868108811748e+02,2.160013399999999990e+02
2.794100466714905906e+02,2.160013399999999990e+02
2.795495580234409090e+02,2.160013399999999990e+02
2.794583873769542492e+02,2.160013399999999990e+02
2.797132292360005295e+02,2.160013399999999990e+02
2.797374364688856758e+02,2.160013399999999990e+02
2.798769004485602636e+02,2.160013399999999990e+02
3.247520400000000222e+02,4.081091299999999933e+02
2.800405716611199409e+02,5.223600000000000136e+02
2.800648262662807610e+02,5.223600000000000136e+02
2.802042428736796182e+02,5.223600000000000136e+02
2.801133565431383659e+02,5.223600000000000136e+02
2.803679140862393524e+02,5.223600000000000136e+02
2.803922160636758463e+02,5.223600000000000136e+02
2.805315852987989729e+02,5.223600000000000136e+02
2.802105014484357071e+02,5.223600000000000136e+02
2.806952565113587070e+02,5.223600000000000136e+02
2.807196058610709315e+02,5.223600000000000136e+02
2.808589277239183843e+02,5.223600000000000136e+02
2.807683257093225393e+02,5.223600000000000136e+02
2.810225989364780617e+02,5.223600000000000136e+02
2.810469956584660167e+02,5.223600000000000136e+02
2.811862701490377390e+02,5.223600000000000136e+02
2.804051293503480338e+02,5.223600000000000136e+02
2.813499413615974163e+02,5.223600000000000136e+02
2.813743854558611019e+02,5.223600000000000136e+02
2.815136125741571504e+02,5.223600000000000136e+02
2.814232948755066559e+02,5.223600000000000136e+02
2.816772837867168278e+02,5.223600000000000136e+02
2.817017752532561872e+02,5.223600000000000136e+02
2.818409549992765051e+02,5.223600000000000136e+02
2.815211987253766210e+02,5.223600000000000136e+02
2.820046262118361824e+02,5.223600000000000136e+02
2.820291650506512724e+02,5.223600000000000136e+02
2.821682974243958597e+02,5.223600000000000136e+02
2.820782640416907725e+02,5.223600000000000136e+02
2.823319686369555939e+02,5.223600000000000136e+02
2.823565548480463576e+02,5.223600000000000136e+02
2.824956398495152143e+02,5.223600000000000136e+02
2.807957430232557954e+02,5.223600000000000136e+02
2.826593110620749485e+02,5.223600000000000136e+02
2.826839446454413860e+02,5.223600000000000136e+02
2.828229822746346258e+02,5.223600000000000136e+02
2.827332332078749459e+02,5.223600000000000136e+02
2.829866534871943031e+02,5.223600000000000136e+02
2.830113344428364712e+02,5.223600000000000136e+02
2.831503246997540373e+02,5.223600000000000136e+02
2.828318960023174782e+02,5.223600000000000136e+02
2.833139959123136578e+02,5.223600000000000136e+02
2.833387242402315565e+02,5.223600000000000136e+02
2.834776671248733919e+02,5.223600000000000136e+02
2.833882023740590625e+02,5.223600000000000136e+02
2.836413383374330692e+02,5.223600000000000136e+02
2.836661140376266417e+02,5.223600000000000136e+02
2.838050095499927465e+02,5.223600000000000136e+02
2.830295649651972099e+02,5.223600000000000136e+02
2.839686807625524807e+02,5.223600000000000136e+02
2.839935038350217269e+02,5.223600000000000136e+02
2.841323519751121012e+02,5.223600000000000136e+02
2.840431715402431792e+02,5.223600000000000136e+02
2.842960231876718353e+02,5.223600000000000136e+02
2.843208936324167553e+02,5.223600000000000136e+02
2.844596944002315126e+02,5.223600000000000136e+02
2.841425932792583922e+02,5.223600000000000136e+02
2.846233656127911900e+02,5.223600000000000136e+02
2.846482834298118405e+02,5.223600000000000136e+02
2.847870368253508673e+02,5.223600000000000136e+02
2.846981407064273526e+02,5.223600000000000136e+02
2.849507080379105446e+02,5.223600000000000136e+02
2.849756732272069257e+02,5.223600000000000136e+02
2.851143792504702787e+02,5.223600000000000136e+02
3.542463399999999751e+02,4.099657000000000266e+02
2.852780504630298992e+02,4.043475300000000061e+02
2.853030630246020110e+02,4.043475300000000061e+02
2.854417216755896334e+02,4.043475300000000061e+02
2.853531098726114692e+02,4.043475300000000061e+02
2.856053928881493107e+02,4.043475300000000061e+02
2.856304528219970962e+02,4.043475300000000061e+02
2.857690641007089880e+02,4.043475300000000061e+02
2.854532905561993061e+02,4.043475300000000061e+02
2.859327353132687222e+02,4.043475300000000061e+02
2.859578426193921814e+02,4.043475300000000061e+02
2.860964065258283426e+02,4.043475300000000061e+02
2.860080790387955858e+02,4.043475300000000061e+02
2.862600777383880768e+02,4.043475300000000061e+02
2.862852324167872666e+02,4.043475300000000061e+02
2.864237489509477541e+02,4.043475300000000061e+02
2.856540005800463859e+02,4.043475300000000061e+02
2.865874201635074314e+02,4.043475300000000061e+02
2.866126222141823519e+02,4.043475300000000061e+02
2.867510913760671656e+02,4.043475300000000061e+02
2.866630482049797592e+02,4.043475300000000061e+02
2.869147625886267861e+02,4.043475300000000061e+02
2.869400120115774371e+02,4.043475300000000061e+02
2.870784338011865202e+02,4.043475300000000061e+02
2.867639878331401633e+02,4.043475300000000061e+02
2.872421050137461975e+02,4.043475300000000061e+02
2.872674018089725223e+02,4.043475300000000061e+02
2.874057762263058748e+02,4.043475300000000061e+02
2.873180173711638759e+02,4.043475300000000061e+02
2.875694474388655522e+02,4.043475300000000061e+02
2.875947916063676075e+02,4.043475300000000061e+02
2.877331186514252295e+02,4.043475300000000061e+02
2.860568209302325613e+02,4.043475300000000061e+02
2.878967898639849636e+02,4.043475300000000061e+02
2.879221814037626928e+02,4.043475300000000061e+02
2.880604610765445841e+02,4.043475300000000061e+02
2.879729865373479925e+02,4.043475300000000061e+02
2.882241322891043183e+02,4.043475300000000061e+02
2.882495712011577780e+02,4.043475300000000061e+02
2.883878035016639956e+02,4.043475300000000061e+02
2.880746851100810773e+02,4.043475300000000061e+02
2.885514747142236729e+02,4.043475300000000061e+02
2.885769609985528632e+02,4.043475300000000061e+02
2.887151459267834070e+02,4.043475300000000061e+02
2.886279557035321659e+02,4.043475300000000061e+02
2.888788171393430275e+02,4.043475300000000061e+02
2.889043507959479484e+02,4.043475300000000061e+02
2.890424883519027617e+02,4.043475300000000061e+02
2.882784361948955620e+02,4.043475300000000061e+02
2.892061595644624390e+02,4.061952999999999747e+02
2.892317405933429768e+02,4.061952999999999747e+02
2.893698307770221163e+02,4.061952999999999747e+02
2.892829248697162825e+02,4.061952999999999747e+02
2.895335019895818505e+02,4.061952999999999747e+02
2.895591303907380620e+02,4.061952999999999747e+02
2.896971732021414709e+02,4.061952999999999747e+02
2.893853823870219912e+02,4.061952999999999747e+02
2.898608444147012051e+02,4.061952999999999747e+02
2.898865201881331473e+02,4.061952999999999747e+02
2.900245156272608824e+02,4.061952999999999747e+02
2.899378940359003991e+02,4.061952999999999747e+02
2.901881868398205597e+02,4.061952999999999747e+02
2.902139099855282325e+02,4.061952999999999747e+02
2.903518580523802370e+02,4.061952999999999747e+02
3.798815299999999979e+02,4.143712199999999939e+02
2.905155292649399144e+02,3.987599999999999909e+02
2.905412997829233177e+02,3.987599999999999909e+02
2.906792004774996485e+02,3.987599999999999909e+02
2.905928632020845725e+02,3.987599999999999909e+02
2.908428716900593258e+02,3.987599999999999909e+02
2.908686895803183461e+02,3.987599999999999909e+02
2.910065429026190031e+02,3.987599999999999909e+02
2.906960796639629052e+02,3.987599999999999909e+02
2.911702141151786805e+02,3.987599999999999909e+02
2.911960793777134313e+02,3.987599999999999909e+02
2.913338853277383578e+02,3.987599999999999909e+02
2.912478323682686892e+02,3.987599999999999909e+02
2.914975565402980919e+02,3.987599999999999909e+02
2.915234691751085165e+02,3.987599999999999909e+02
2.916612277528577124e+02,3.987599999999999909e+02
2.909028718097447950e+02,3.987599999999999909e+02
2.918248989654174466e+02,3.987599999999999909e+02
2.918508589725036018e+02,3.987599999999999909e+02
2.919885701779771239e+02,3.987599999999999909e+02
2.919028015344528058e+02,3.987599999999999909e+02
2.921522413905368012e+02,3.987599999999999909e+02
2.921782487698986870e+02,3.987599999999999909e+02
2.923159126030965353e+02,3.987599999999999909e+02
2.920067769409038192e+02,3.987599999999999909e+02
2.924795838156561558e+02,3.987599999999999909e+02
2.925056385672937722e+02,3.987599999999999909e+02
2.926432550282158900e+02,3.987599999999999909e+02
2.925577707006369792e+02,3.987599999999999909e+02
2.928069262407755673e+02,3.987599999999999909e+02
2.928330283646888574e+02,3.987599999999999909e+02
2.929705974533352446e+02,3.987599999999999909e+02
2.913178988372093272e+02,3.987599999999999909e+02
2.931342686658949788e+02,3.987599999999999909e+02
2.931604181620839427e+02,3.987599999999999909e+02
2.932979398784545992e+02,3.987599999999999909e+02
2.932127398668210390e+02,3.987599999999999909e+02
2.934616110910143334e+02,3.987599999999999909e+02
2.934878079594790279e+02,3.987599999999999909e+02
2.936252823035740107e+02,3.987599999999999909e+02
2.933174742178447332e+02,3.987599999999999909e+02
2.937889535161336880e+02,3.987599999999999909e+02
2.938151977568741131e+02,3.987599999999999909e+02
2.939526247286933653e+02,3.987599999999999909e+02
2.938677090330052124e+02,3.987599999999999909e+02
2.941162959412530427e+02,3.987599999999999909e+02
2.941425875542691983e+02,3.987599999999999909e+02
2.942799671538127768e+02,3.987599999999999909e+02
2.935273074245939711e+02,3.987599999999999909e+02
2.944436383663723973e+02,3.987599999999999909e+02
2.944699773516642836e+02,3.987599999999999909e+02
2.946073095789321314e+02,3.987599999999999909e+02
2.945226781991893859e+02,3.987599999999999909e+02
2.947709807914918088e+02,3.987599999999999909e+02
2.947973671490593688e+02,3.987599999999999909e+02
2.949346520040514861e+02,3.987599999999999909e+02
2.946281714947856472e+02,3.987599999999999909e+02
2.950983232166112202e+02,3.987599999999999909e+02
2.951247569464544540e+02,3.987599999999999909e+02
2.952619944291708407e+02,3.987599999999999909e+02
2.951776473653734456e+02,3.987599999999999909e+02
2.954256656417305749e+02,3.987599999999999909e+02
2.954521467438495392e+02,3.987599999999999909e+02
2.955893368542902522e+02,3.987599999999999909e+02
4.017407499999999914e+02,4.223301999999999907e+02
2.957530080668499295e+02,3.852867400000000089e+02
2.957795365412446245e+02,3.852867400000000089e+02
2.959166792794096636e+02,3.852867400000000089e+02
2.958326165315576191e+02,3.852867400000000089e+02
2.960803504919692841e+02,3.852867400000000089e+02
2.961069263386396528e+02,3.852867400000000089e+02
2.962440217045290183e+02,3.852867400000000089e+02
2.959388687717265611e+02,3.852867400000000089e+02
2.964076929170886956e+02,3.852867400000000089e+02
2.964343161360347381e+02,3.852867400000000089e+02
2.965713641296483729e+02,3.852867400000000089e+02
2.964875856977417925e+02,3.852867400000000089e+02
2.967350353422080502e+02,3.852867400000000089e+02
2.967617059334298233e+02,3.852867400000000089e+02
2.968987065547677275e+02,3.852867400000000089e+02
2.961517430394432040e+02,3.852867400000000089e+02
2.970623777673274617e+02,3.852867400000000089e+02
2.970890957308249085e+02,3.852867400000000089e+02
2.972260489798870822e+02,3.852867400000000089e+02
2.971425548639258523e+02,3.852867400000000089e+02
2.973897201924468163e+02,3.852867400000000089e+02
2.974164855282199937e+02,3.852867400000000089e+02
2.975533914050064936e+02,3.852867400000000089e+02
2.972495660486674183e+02,3.852867400000000089e+02
2.977170626175661710e+02,3.852867400000000089e+02
2.977438753256150221e+02,3.852867400000000089e+02
2.978807338301259051e+02,3.852867400000000089e+02
2.977975240301100257e+02,3.852867400000000089e+02
2.980444050426855256e+02,3.852867400000000089e+02
2.980712651230101073e+02,3.852867400000000089e+02
2.982080762552452597e+02,3.852867400000000089e+02
2.965789767441860931e+02,3.852867400000000089e+02
2.983717474678049371e+02,3.852867400000000089e+02
2.983986549204051926e+02,3.852867400000000089e+02
2.985354186803646144e+02,3.852867400000000089e+02
2.984524931962941992e+02,3.852867400000000089e+02
2.986990898929243485e+02,3.852867400000000089e+02
2.987260447178002778e+02,3.852867400000000089e+02
2.988627611054839690e+02,3.852867400000000089e+02
2.985602633256083323e+02,3.852867400000000089e+02
2.990264323180437032e+02,3.852867400000000089e+02
2.990534345151953630e+02,3.852867400000000089e+02
2.991901035306033805e+02,3.852867400000000089e+02
2.991074623624782589e+02,3.852867400000000089e+02
2.993537747431630578e+02,3.852867400000000089e+02
2.993808243125904482e+02,3.852867400000000089e+02
2.995174459557227351e+02,3.852867400000000089e+02
2.987761786542923801e+02,3.852867400000000089e+02
2.996811171682824124e+02,5.260470000000000255e+02
2.997082141099855335e+02,5.260470000000000255e+02
2.998447883808421466e+02,5.260470000000000255e+02
2.997624315286624324e+02,5.260470000000000255e+02
3.000084595934017671e+02,5.260470000000000255e+02
3.000356039073806187e+02,5.260470000000000255e+02
3.001721308059615012e+02,5.260470000000000255e+02
2.998709606025492462e+02,5.260470000000000255e+02
3.003358020185211785e+02,5.260470000000000255e+02
3.003629937047757039e+02,5.260470000000000255e+02
3.004994732310808558e+02,5.260470000000000255e+02
3.004174006948465490e+02,5.260470000000000255e+02
3.006631444436405900e+02,4.071572300000000268e+02
3.006903835021707891e+02,4.071572300000000268e+02
3.008268156562002105e+02,4.071572300000000268e+02
4.137645999999999731e+02,4.324011199999999917e+02
3.009904868687599446e+02,4.071572300000000268e+02
3.010177732995658744e+02,4.071572300000000268e+02
3.011541580813196219e+02,4.071572300000000268e+02
3.010723698610306656e+02,4.071572300000000268e+02
3.013178292938792993e+02,4.071572300000000268e+02
3.013451630969609596e+02,4.071572300000000268e+02
3.014815005064390334e+02,4.071572300000000268e+02
3.011816578794901034e+02,4.071572300000000268e+02
3.016451717189986539e+02,4.071572300000000268e+02
3.016725528943560448e+02,4.071572300000000268e+02
3.018088429315583880e+02,4.071572300000000268e+02
3.017273390272148390e+02,4.071572300000000268e+02
3.019725141441180654e+02,4.071572300000000268e+02
3.019999426917511300e+02,4.071572300000000268e+02
3.021361853566777427e+02,4.071572300000000268e+02
3.014006142691415562e+02,4.071572300000000268e+02
3.022998565692374200e+02,4.071572300000000268e+02
3.023273324891462153e+02,4.071572300000000268e+02
3.024635277817970973e+02,4.071572300000000268e+02
3.023823081933989556e+02,4.071572300000000268e+02
3.026271989943568315e+02,4.071572300000000268e+02
3.026547222865412436e+02,4.071572300000000268e+02
3.027908702069165088e+02,4.071572300000000268e+02
3.024923551564310173e+02,4.071572300000000268e+02
3.029545414194761861e+02,2.252056900000000041e+02
3.029821120839363289e+02,2.252056900000000041e+02
3.031182126320358634e+02,2.252056900000000041e+02
3.030372773595830722e+02,2.252056900000000041e+02
3.032818838445955407e+02,2.252056900000000041e+02
3.033095018813314141e+02,2.252056900000000041e+02
3.034455550571552749e+02,2.252056900000000041e+02
3.018400546511628022e+02,4.071572300000000268e+02
3.036092262697148954e+02,2.252056900000000041e+02
3.036368916787264993e+02,2.252056900000000041e+02
3.037728974822746295e+02,2.252056900000000041e+02
3.036922465257672457e+02,2.252056900000000041e+02
3.039365686948343068e+02,2.252056900000000041e+02
3.039642814761215845e+02,2.252056900000000041e+02
3.041002399073939841e+02,2.252056900000000041e+02
3.038030524333719313e+02,2.252056900000000041e+02
3.042639111199537183e+02,2.252056900000000041e+02
3.042916712735166129e+02,2.252056900000000041e+02
3.044275823325133388e+02,2.252056900000000041e+02
3.043472156919513623e+02,2.252056900000000041e+02
3.045912535450730729e+02,2.252056900000000041e+02
3.046190610709116982e+02,2.252056900000000041e+02
3.047549247576327502e+02,2.252056900000000041e+02
3.040250498839907323e+02,2.252056900000000041e+02
3.049185959701924276e+02,2.252056900000000041e+02
3.049464508683067834e+02,2.252056900000000041e+02
3.050822671827521617e+02,2.252056900000000041e+02
3.050021848581354789e+02,2.252056900000000041e+02
3.052459383953117822e+02,2.252056900000000041e+02
3.052738406657018686e+02,2.252056900000000041e+02
3.054096096078715163e+02,2.252056900000000041e+02
3.051137497103128453e+02,2.252056900000000041e+02
3.055732808204311937e+02,2.252056900000000041e+02
3.056012304630969538e+02,2.252056900000000041e+02
3.057369520329908710e+02,2.252056900000000041e+02
3.056571540243196523e+02,2.252056900000000041e+02
3.059006232455505483e+02,2.252056900000000041e+02
3.059286202604920391e+02,2.252056900000000041e+02
3.060642944581102256e+02,2.252056900000000041e+02
4.226298800000000142e+02,4.479440999999999917e+02
3.062279656706699598e+02,3.596435500000000047e+02
3.062560100578871243e+02,3.596435500000000047e+02
3.063916368832295802e+02,3.596435500000000047e+02
3.063121231905037689e+02,3.596435500000000047e+02
3.065553080957893144e+02,3.596435500000000047e+02
3.065833998552822095e+02,3.596435500000000047e+02
3.067189793083489917e+02,3.596435500000000047e+02
3.064244469872537593e+02,3.596435500000000047e+02
3.068826505209086690e+02,3.596435500000000047e+02
3.069107896526772947e+02,3.596435500000000047e+02
3.070463217334684032e+02,3.596435500000000047e+02
3.069670923566878855e+02,3.596435500000000047e+02
3.072099929460280237e+02,3.596435500000000047e+02
3.072381794500723800e+02,3.596435500000000047e+02
3.073736641585877578e+02,3.596435500000000047e+02
3.066494854988399084e+02,3.596435500000000047e+02
3.075373353711474351e+02,3.596435500000000047e+02
3.075655692474674652e+02,3.596435500000000047e+02
3.077010065837071124e+02,3.596435500000000047e+02
3.076220615228720590e+02,3.596435500000000047e+02
3.078646777962668466e+02,3.596435500000000047e+02
3.078929590448625504e+02,3.596435500000000047e+02
3.080283490088264671e+02,3.596435500000000047e+02
3.077351442641946733e+02,3.596435500000000047e+02
3.081920202213862012e+02,3.596435500000000047e+02
3.082203488422576356e+02,3.596435500000000047e+02
3.083556914339458785e+02,3.596435500000000047e+02
3.082770306890561756e+02,3.596435500000000047e+02
3.085193626465055559e+02,3.596435500000000047e+02
3.085477386396527208e+02,3.596435500000000047e+02
3.086830338590652332e+02,3.596435500000000047e+02
3.071011325581395113e+02,3.596435500000000047e+02
3.088467050716249105e+02,3.596435500000000047e+02
3.088751284370478061e+02,3.596435500000000047e+02
3.090103762841846446e+02,3.596435500000000047e+02
3.089319998552402922e+02,3.596435500000000047e+02
3.091740474967442651e+02,3.596435500000000047e+02
3.092025182344428345e+02,3.596435500000000047e+02
3.093377187093039993e+02,3.596435500000000047e+02
3.090458415411355872e+02,3.596435500000000047e+02
3.095013899218636766e+02,3.596435500000000047e+02
3.095299080318379197e+02,3.596435500000000047e+02
3.096650611344233539e+02,3.596435500000000047e+02
3.095869690214244656e+02,3.596435500000000047e+02
3.098287323469830881e+02,3.596435500000000047e+02
3.098572978292330049e+02,3.596435500000000047e+02
3.099924035595427085e+02,3.596435500000000047e+02
3.092739211136890845e+02,3.596435500000000047e+02
3.101560747721024427e+02,3.596435500000000047e+02
3.101846876266280901e+02,3.596435500000000047e+02
3.103197459846621200e+02,3.596435500000000047e+02
3.102419381876085822e+02,3.596435500000000047e+02
3.104834171972217973e+02,3.596435500000000047e+02
3.105120774240231754e+02,3.596435500000000047e+02
3.106470884097815315e+02,3.596435500000000047e+02
3.103565388180765012e+02,3.596435500000000047e+02
3.108107596223411520e+02,3.596435500000000047e+02
3.108394672214182037e+02,3.596435500000000047e+02
3.109744308349008861e+02,3.596435500000000047e+02
3.108969073537926988e+02,3.596435500000000047e+02
3.111381020474605634e+02,3.596435500000000047e+02
3.111668570188132890e+02,3.596435500000000047e+02
3.113017732600202407e+02,3.596435500000000047e+02
4.253394000000000119e+02,4.674524999999999864e+02
3.114654444725799181e+02,3.596435500000000047e+02
3.114942468162083742e+02,3.596435500000000047e+02
3.116291156851395954e+02,3.596435500000000047e+02
3.115518765199768723e+02,3.596435500000000047e+02
3.117927868976993295e+02,3.596435500000000047e+02
3.118216366136034594e+02,3.596435500000000047e+02
3.119564581102590068e+02,3.596435500000000047e+02
3.116672360950173584e+02,3.596435500000000047e+02
3.121201293228186842e+02,3.596435500000000047e+02
3.121490264109985446e+02,3.596435500000000047e+02
3.122838005353783615e+02,3.596435500000000047e+02
3.122068456861609889e+02,3.596435500000000047e+02
3.124474717479380388e+02,3.596435500000000047e+02
3.124764162083936299e+02,3.596435500000000047e+02
3.126111429604977729e+02,3.596435500000000047e+02
3.118983567285382605e+02,3.596435500000000047e+02
3.127748141730573934e+02,3.596435500000000047e+02
3.128038060057887151e+02,3.596435500000000047e+02
3.129384853856171276e+02,3.596435500000000047e+02
3.128618148523451055e+02,3.596435500000000047e+02
3.131021565981768049e+02,3.596435500000000047e+02
3.131311958031838003e+02,3.596435500000000047e+02
3.132658278107364822e+02,3.596435500000000047e+02
3.129779333719582723e+02,3.596435500000000047e+02
3.134294990232962164e+02,3.596435500000000047e+02
3.134585856005788855e+02,3.596435500000000047e+02
3.135931702358558368e+02,3.596435500000000047e+02
3.135167840185292789e+02,3.596435500000000047e+02
3.137568414484155710e+02,3.596435500000000047e+02
3.137859753979739708e+02,3.596435500000000047e+02
3.139205126609752483e+02,3.596435500000000047e+02
3.123622104651162772e+02,3.596435500000000047e+02
3.140841838735349256e+02,3.596435500000000047e+02
3.141133651953690560e+02,3.596435500000000047e+02
3.142478550860946029e+02,3.596435500000000047e+02
3.141717531847133387e+02,3.596435500000000047e+02
3.144115262986542803e+02,3.596435500000000047e+02
3.144407549927641412e+02,3.596435500000000047e+02
3.145751975112140144e+02,3.596435500000000047e+02
3.142886306488991863e+02,3.596435500000000047e+02
3.147388687237736917e+02,3.596435500000000047e+02
3.147681447901592264e+02,3.596435500000000047e+02
3.149025399363333690e+02,3.596435500000000047e+02
3.148267223508975121e+02,3.596435500000000047e+02
3.150662111488930464e+02,3.596435500000000047e+02
3.150955345875543117e+02,3.596435500000000047e+02
3.152298823614527237e+02,3.596435500000000047e+02
3.145227923433874366e+02,3.596435500000000047e+02
3.153935535740124578e+02,3.596435500000000047e+02
3.154229243849493969e+02,3.596435500000000047e+02
3.155572247865720783e+02,3.596435500000000047e+02
3.154816915170816856e+02,3.596435500000000047e+02
3.157208959991318125e+02,3.596435500000000047e+02
3.157503141823444253e+02,3.596435500000000047e+02
3.158845672116914898e+02,3.596435500000000047e+02
3.155993279258400435e+02,3.596435500000000047e+02
3.160482384242511671e+02,3.596435500000000047e+02
3.160777039797395105e+02,3.596435500000000047e+02
3.162119096368109012e+02,3.596435500000000047e+02
3.161366606832657453e+02,3.596435500000000047e+02
3.163755808493705217e+02,3.596435500000000047e+02
3.164050937771345957e+02,3.596435500000000047e+02
3.165392520619302559e+02,3.596435500000000047e+02
4.192368500000000040e+02,4.896893299999999840e+02
3.167029232744899332e+02,2.353264200000000130e+02
3.167324835745296809e+02,2.353264200000000130e+02
3.168665944870496105e+02,2.353264200000000130e+02
3.167916298494499188e+02,2.353264200000000130e+02
3.170302656996093447e+02,2.353264200000000130e+02
3.170598733719247662e+02,2.353264200000000130e+02
3.171939369121689651e+02,2.353264200000000130e+02
3.169100252027809574e+02,2.353264200000000130e+02
3.173576081247286993e+02,2.353264200000000130e+02
3.173872631693198514e+02,2.353264200000000130e+02
3.175212793372883766e+02,2.353264200000000130e+02
3.174465990156340922e+02,2.353264200000000130e+02
3.176849505498480539e+02,2.353264200000000130e+02
3.177146529667148798e+02,2.353264200000000130e+02
3.178486217624077312e+02,2.353264200000000130e+02
3.171472279582366696e+02,2.353264200000000130e+02
3.180122929749674086e+02,2.353264200000000130e+02
3.180420427641099650e+02,2.353264200000000130e+02
3.181759641875271427e+02,2.353264200000000130e+02
3.181015681818181520e+02,2.353264200000000130e+02
3.183396354000867632e+02,2.353264200000000130e+02
3.183694325615050502e+02,2.353264200000000130e+02
3.185033066126464973e+02,2.353264200000000130e+02
3.182207224797218714e+02,2.353264200000000130e+02
3.186669778252061747e+02,2.353264200000000130e+02
3.186968223589001354e+02,2.353264200000000130e+02
3.188306490377658520e+02,2.353264200000000130e+02
3.187565373480023254e+02,2.353264200000000130e+02
3.189943202503255861e+02,2.353264200000000130e+02
3.190242121562952207e+02,2.353264200000000130e+02
3.191579914628852066e+02,2.353264200000000130e+02
3.176232883720930431e+02,2.353264200000000130e+02
3.193216626754449408e+02,2.353264200000000130e+02
3.193516019536903059e+02,2.353264200000000130e+02
3.194853338880046181e+02,2.353264200000000130e+02
3.194115065141864989e+02,2.353264200000000130e+02
3.196490051005642954e+02,2.353264200000000130e+02
3.196789917510853911e+02,2.353264200000000130e+02
3.198126763131240295e+02,2.353264200000000130e+02
3.195314197566627854e+02,2.353264200000000130e+02
3.199763475256836500e+02,2.353264200000000130e+02
3.200063815484804763e+02,2.353264200000000130e+02
3.201400187382433842e+02,2.353264200000000130e+02
3.200664756803705586e+02,2.353264200000000130e+02
3.203036899508030615e+02,2.353264200000000130e+02
3.203337713458755616e+02,2.353264200000000130e+02
3.204673611633627388e+02,2.353264200000000130e+02
3.197716635730858457e+02,2.353264200000000130e+02
3.206310323759224161e+02,2.353264200000000130e+02
3.206611611432706468e+02,2.353264200000000130e+02
3.207947035884820934e+02,2.353264200000000130e+02
3.207214448465547321e+02,2.353264200000000130e+02
3.209583748010418276e+02,2.353264200000000130e+02
3.209885509406657320e+02,2.353264200000000130e+02
3.211220460136014481e+02,2.353264200000000130e+02
3.208421170336036994e+02,2.353264200000000130e+02
3.212857172261611822e+02,2.353264200000000130e+02
3.213159407380608172e+02,2.353264200000000130e+02
3.214493884387208595e+02,2.353264200000000130e+02
3.213764140127388487e+02,2.353264200000000130e+02
3.216130596512805369e+02,2.353264200000000130e+02
3.216433305354559025e+02,2.353264200000000130e+02
3.217767308638402710e+02,2.353264200000000130e+02
4.042994400000000041e+02,5.036992200000000253e+02
3.219404020763998915e+02,3.301462399999999775e+02
3.219707203328509877e+02,3.301462399999999775e+02
3.221040732889596256e+02,3.301462399999999775e+02
3.220313831789229653e+02,3.301462399999999775e+02
3.222677445015193030e+02,3.301462399999999775e+02
3.222981101302460729e+02,3.301462399999999775e+02
3.224314157140789803e+02,3.301462399999999775e+02
3.221528143105446134e+02,3.301462399999999775e+02
3.225950869266387144e+02,3.301462399999999775e+02
3.226254999276411013e+02,3.301462399999999775e+02
3.227587581391983349e+02,3.301462399999999775e+02
3.226863523451071387e+02,3.301462399999999775e+02
3.229224293517580691e+02,5.282535400000000436e+02
3.229528897250361865e+02,5.282535400000000436e+02
3.230861005643177464e+02,5.282535400000000436e+02
3.223960991879350786e+02,3.301462399999999775e+02
3.232497717768774237e+02,5.282535400000000436e+02
3.232802795224312717e+02,5.282535400000000436e+02
3.234134429894371010e+02,5.282535400000000436e+02
3.233413215112912553e+02,5.282535400000000436e+02
3.235771142019967783e+02,5.282535400000000436e+02
3.236076693198263570e+02,5.282535400000000436e+02
3.237407854145565125e+02,5.282535400000000436e+02
3.234635115874855273e+02,5.282535400000000436e+02
3.239044566271161898e+02,5.282535400000000436e+02
3.239350591172214422e+02,5.282535400000000436e+02
3.240681278396758671e+02,5.282535400000000436e+02
3.239962906774753719e+02,5.282535400000000436e+02
3.242317990522355444e+02,5.282535400000000436e+02
3.242624489146164706e+02,5.282535400000000436e+02
3.243954702647952217e+02,5.282535400000000436e+02
3.228843662790698090e+02,5.282535400000000436e+02
3.245591414773549559e+02,4.081091299999999933e+02
3.245898387120115558e+02,4.081091299999999933e+02
3.247228126899145764e+02,4.081091299999999933e+02
3.246512598436595454e+02,4.081091299999999933e+02
3.248864839024743105e+02,4.081091299999999933e+02
3.249172285094066410e+02,4.081091299999999933e+02
3.250501551150339878e+02,4.081091299999999933e+02
3.247742088644264413e+02,4.081091299999999933e+02
3.252138263275936652e+02,4.081091299999999933e+02
3.252446183068017262e+02,4.081091299999999933e+02
3.253774975401533993e+02,4.081091299999999933e+02
3.253062290098436620e+02,4.081091299999999933e+02
3.255411687527130198e+02,4.081091299999999933e+02
3.255720081041968115e+02,4.081091299999999933e+02
3.257048399652727539e+02,4.081091299999999933e+02
3.250205348027842547e+02,4.081091299999999933e+02
3.258685111778324313e+02,4.081091299999999933e+02
3.258993979015918967e+02,4.081091299999999933e+02
3.260321823903921086e+02,4.081091299999999933e+02
3.259611981760277786e+02,4.081091299999999933e+02
3.261958536029518427e+02,4.081091299999999933e+02
3.262267876989869819e+02,4.081091299999999933e+02
3.263595248155114632e+02,4.081091299999999933e+02
3.260849061413672985e+02,4.081091299999999933e+02
3.265231960280711974e+02,4.081091299999999933e+02
3.265541774963820671e+02,4.081091299999999933e+02
3.266868672406308747e+02,4.081091299999999933e+02
3.266161673422119520e+02,4.081091299999999933e+02
3.268505384531905520e+02,4.081091299999999933e+02
3.268815672937771524e+02,4.081091299999999933e+02
3.270142096657502293e+02,4.081091299999999933e+02
3.793090199999999754e+02,5.180914299999999457e+02
3.271778808783099066e+02,2.477692900000000122e+02
3.272089570911722376e+02,2.477692900000000122e+02
3.273415520908696408e+02,2.477692900000000122e+02
3.272711365083960686e+02,2.477692900000000122e+02
3.275052233034292613e+02,2.477692900000000122e+02
3.275363468885673228e+02,2.477692900000000122e+02
3.276688945159889954e+02,2.477692900000000122e+02
3.273956034183082124e+02,2.477692900000000122e+02
3.278325657285486727e+02,2.477692900000000122e+02
3.278637366859624080e+02,2.477692900000000122e+02
3.279962369411083500e+02,2.477692900000000122e+02
3.279261056745801852e+02,2.477692900000000122e+02
3.281599081536680842e+02,2.477692900000000122e+02
3.281911264833574933e+02,2.477692900000000122e+02
3.283235793662277047e+02,2.477692900000000122e+02
3.276449704176334308e+02,2.477692900000000122e+02
3.284872505787874388e+02,2.477692900000000122e+02
3.285185162807525785e+02,2.477692900000000122e+02
3.286509217913471161e+02,2.477692900000000122e+02
3.285810748407643587e+02,2.477692900000000122e+02
3.288145930039067935e+02,2.477692900000000122e+02
3.288459060781476637e+02,2.477692900000000122e+02
3.289782642164665276e+02,2.477692900000000122e+02
3.287063006952491264e+02,2.477692900000000122e+02
3.291419354290261481e+02,2.477692900000000122e+02
3.291732958755426921e+02,2.477692900000000122e+02
3.293056066415858822e+02,2.477692900000000122e+02
3.292360440069484753e+02,2.477692900000000122e+02
3.294692778541455596e+02,2.477692900000000122e+02
3.295006856729377773e+02,2.477692900000000122e+02
3.296329490667052369e+02,2.477692900000000122e+02
3.281454441860465181e+02,2.477692900000000122e+02
3.297966202792649142e+02,2.477692900000000122e+02
3.298280754703328626e+02,2.477692900000000122e+02
3.299602914918245915e+02,2.477692900000000122e+02
3.298910131731325919e+02,2.477692900000000122e+02
3.301239627043843257e+02,2.477692900000000122e+02
3.301554652677279478e+02,2.477692900000000122e+02
3.302876339169439461e+02,2.477692900000000122e+02
3.300169979721899836e+02,2.477692900000000122e+02
3.304513051295036803e+02,2.477692900000000122e+02
3.304828550651230330e+02,2.477692900000000122e+02
3.306149763420633576e+02,2.477692900000000122e+02
3.305459823393167653e+02,2.477692900000000122e+02
3.307786475546230349e+02,2.477692900000000122e+02
3.308102448625180614e+02,2.477692900000000122e+02
3.309423187671827691e+02,2.477692900000000122e+02
3.302694060324826069e+02,2.477692900000000122e+02
3.311059899797423896e+02,2.477692900000000122e+02
3.311376346599131466e+02,2.477692900000000122e+02
3.312696611923021237e+02,2.477692900000000122e+02
3.312009515055008819e+02,2.477692900000000122e+02
3.314333324048618010e+02,2.477692900000000122e+02
3.314650244573082318e+02,2.477692900000000122e+02
3.315970036174214783e+02,2.477692900000000122e+02
3.313276952491308975e+02,2.477692900000000122e+02
3.317606748299812125e+02,2.477692900000000122e+02
3.317924142547033171e+02,2.477692900000000122e+02
3.319243460425408330e+02,2.477692900000000122e+02
3.318559206716849985e+02,2.477692900000000122e+02
3.320880172551005671e+02,2.477692900000000122e+02
3.321198040520984023e+02,2.477692900000000122e+02
3.322516884676602444e+02,2.477692900000000122e+02
3.456398599999999988e+02,5.287201000000000022e+02
3.324153596802199218e+02,2.974232200000000148e+02
3.324471938494934875e+02,2.974232200000000148e+02
3.325790308927795991e+02,2.974232200000000148e+02
3.325108898378691720e+02,2.974232200000000148e+02
3.327427021053392764e+02,2.974232200000000148e+02
3.327745836468885727e+02,2.974232200000000148e+02
3.329063733178990105e+02,2.974232200000000148e+02
3.326383925260718115e+02,2.974232200000000148e+02
3.330700445304586310e+02,2.974232200000000148e+02
3.331019734442836580e+02,2.974232200000000148e+02
3.332337157430183652e+02,2.974232200000000148e+02
3.331658590040532886e+02,2.974232200000000148e+02
3.333973869555780425e+02,2.974232200000000148e+02
3.334293632416787432e+02,2.974232200000000148e+02
3.335610581681377198e+02,2.974232200000000148e+02
3.328938416473317830e+02,2.974232200000000148e+02
3.337247293806974540e+02,2.974232200000000148e+02
3.337567530390738284e+02,2.974232200000000148e+02
3.338884005932570744e+02,2.974232200000000148e+02
3.338208281702374052e+02,2.974232200000000148e+02
3.340520718058168086e+02,2.974232200000000148e+02
3.340841428364689136e+02,2.974232200000000148e+02
3.342157430183764859e+02,2.974232200000000148e+02
3.339490898030127255e+02,2.974232200000000148e+02
3.343794142309361632e+02,2.974232200000000148e+02
3.344115326338639989e+02,2.974232200000000148e+02
3.345430854434958974e+02,2.974232200000000148e+02
3.344757973364215786e+02,2.974232200000000148e+02
3.347067566560555179e+02,2.974232200000000148e+02
3.347389224312590841e+02,2.974232200000000148e+02
3.348704278686152520e+02,2.974232200000000148e+02
3.334065220930232272e+02,2.974232200000000148e+02
3.350340990811749293e+02,2.974232200000000148e+02
3.350663122286541693e+02,2.974232200000000148e+02
3.351977702937346066e+02,2.974232200000000148e+02
3.351307665026056384e+02,2.974232200000000148e+02
3.353614415062942840e+02,2.974232200000000148e+02
3.353937020260492545e+02,2.974232200000000148e+02
3.355251127188539613e+02,2.974232200000000148e+02
3.352597870799536395e+02,2.974232200000000148e+02
3.356887839314136954e+02,2.974232200000000148e+02
3.357210918234442829e+02,2.974232200000000148e+02
3.358524551439733727e+02,2.974232200000000148e+02
3.357857356687898118e+02,2.974232200000000148e+02
3.360161263565330501e+02,2.974232200000000148e+02
3.360484816208393681e+02,2.974232200000000148e+02
3.361797975690927274e+02,2.974232200000000148e+02
3.355182772621809590e+02,2.974232200000000148e+02
3.363434687816524047e+02,2.974232200000000148e+02
3.363758714182344534e+02,2.974232200000000148e+02
3.365071399942121388e+02,2.974232200000000148e+02
3.364407048349739853e+02,2.974232200000000148e+02
3.366708112067717593e+02,2.974232200000000148e+02
3.367032612156295386e+02,2.974232200000000148e+02
3.368344824193314935e+02,2.974232200000000148e+02
3.365704843568945535e+02,2.974232200000000148e+02
3.369981536318911708e+02,2.974232200000000148e+02
3.370306510130246238e+02,2.974232200000000148e+02
3.371618248444508481e+02,2.974232200000000148e+02
3.370956740011580450e+02,2.974232200000000148e+02
3.373254960570105823e+02,2.974232200000000148e+02
3.373580408104196522e+02,2.974232200000000148e+02
3.374891672695702027e+02,2.974232200000000148e+02
3.228777499999999918e+02,5.282535400000000436e+02
3.376528384821299369e+02,2.732910200000000032e+02
3.376854306078147374e+02,2.732910200000000032e+02
3.378165096946896142e+02,2.732910200000000032e+02
3.377506431673422185e+02,2.732910200000000032e+02
3.379801809072492915e+02,2.732910200000000032e+02
3.380128204052098226e+02,2.732910200000000032e+02
3.381438521198090257e+02,2.732910200000000032e+02
3.378811816338354674e+02,2.732910200000000032e+02
3.383075233323686462e+02,2.732910200000000032e+02
3.383402102026049079e+02,2.732910200000000032e+02
3.384711945449283803e+02,2.732910200000000032e+02
3.384056123335263919e+02,2.732910200000000032e+02
3.386348657574880576e+02,2.732910200000000032e+02
3.386675999999999931e+02,2.732910200000000032e+02
3.387985369700477349e+02,2.732910200000000032e+02
3.381427128770301351e+02,2.732910200000000032e+02
3.389622081826074123e+02,2.732910200000000032e+02
3.389949897973950783e+02,2.732910200000000032e+02
3.391258793951670896e+02,2.732910200000000032e+02
3.390605814997104517e+02,2.732910200000000032e+02
3.392895506077268237e+02,2.732910200000000032e+02
3.393223795947901635e+02,2.732910200000000032e+02
3.394532218202864442e+02,2.732910200000000032e+02
3.391918789107763814e+02,2.732910200000000032e+02
3.396168930328461784e+02,2.732910200000000032e+02
3.396497693921852488e+02,2.732910200000000032e+02
3.397805642454058557e+02,2.732910200000000032e+02
3.397155506658946251e+02,2.732910200000000032e+02
3.399442354579655330e+02,2.732910200000000032e+02
3.399771591895803340e+02,2.732910200000000032e+02
3.401079066705252671e+02,2.732910200000000032e+02
3.386675999999999931e+02,2.732910200000000032e+02
3.402715778830848876e+02,2.732910200000000032e+02
3.403045489869754192e+02,2.732910200000000032e+02
3.404352490956446218e+02,2.732910200000000032e+02
3.403705198320787986e+02,2.732910200000000032e+02
3.405989203082042991e+02,2.732910200000000032e+02
3.406319387843705044e+02,2.732910200000000032e+02
3.407625915207639764e+02,2.732910200000000032e+02
3.405025761877172386e+02,2.732910200000000032e+02
3.409262627333237106e+02,2.732910200000000032e+02
3.409593285817655897e+02,2.732910200000000032e+02
3.410899339458833310e+02,2.732910200000000032e+02
3.410254889982628583e+02,2.732910200000000032e+02
3.412536051584430652e+02,2.732910200000000032e+02
3.412867183791606749e+02,2.732910200000000032e+02
3.414172763710027425e+02,2.732910200000000032e+02
3.407671484918793681e+02,2.732910200000000032e+02
3.415809475835624198e+02,2.732910200000000032e+02
3.416141081765557601e+02,2.732910200000000032e+02
3.417446187961220971e+02,2.732910200000000032e+02
3.416804581644470318e+02,2.732910200000000032e+02
3.419082900086817745e+02,2.732910200000000032e+02
3.419414979739508453e+02,2.732910200000000032e+02
3.420719612212415086e+02,2.732910200000000032e+02
3.418132734646581525e+02,2.732910200000000032e+02
3.422356324338011291e+02,2.732910200000000032e+02
3.422688877713459306e+02,2.732910200000000032e+02
3.423993036463608632e+02,2.732910200000000032e+02
3.423354273306311484e+02,2.732910200000000032e+02
3.425629748589205406e+02,2.732910200000000032e+02
3.425962775687409589e+02,2.732910200000000032e+02
3.427266460714802179e+02,2.732910200000000032e+02
3.002748000000000275e+02,5.260470000000000255e+02
3.428903172840399520e+02,5.287201000000000022e+02
3.429236673661360442e+02,5.287201000000000022e+02
3.430539884965995725e+02,5.287201000000000022e+02
3.429903964968152650e+02,5.287201000000000022e+02
3.432176597091593067e+02,5.287201000000000022e+02
3.432510571635311294e+02,5.287201000000000022e+02
3.433813309217189840e+02,5.287201000000000022e+02
3.431239707415990665e+02,5.287201000000000022e+02
3.435450021342786613e+02,5.287201000000000022e+02
3.435784469609262146e+02,5.287201000000000022e+02
3.437086733468383954e+02,5.287201000000000022e+02
3.436453656629994384e+02,5.287201000000000022e+02
3.438723445593980159e+02,5.287201000000000022e+02
3.439058367583212998e+02,5.287201000000000022e+02
3.440360157719577501e+02,5.287201000000000022e+02
3.433915841067285442e+02,5.287201000000000022e+02
3.441996869845174274e+02,5.287201000000000022e+02
3.442332265557163282e+02,5.287201000000000022e+02
3.443633581970771047e+02,5.287201000000000022e+02
3.443003348291835550e+02,5.287201000000000022e+02
3.445270294096367820e+02,5.287201000000000022e+02
3.445606163531114134e+02,5.287201000000000022e+02
3.446907006221964593e+02,5.287201000000000022e+02
3.444346680185399237e+02,5.287201000000000022e+02
3.448543718347561935e+02,5.287201000000000022e+02
3.448880061505064987e+02,5.287201000000000022e+02
3.450180430473158708e+02,5.287201000000000022e+02
3.449553039953676716e+02,5.287201000000000022e+02
3.451817142598755481e+02,5.287201000000000022e+02
3.452153959479015839e+02,5.287201000000000022e+02
3.453453854724352254e+02,5.287201000000000022e+02
3.439286779069767590e+02,5.287201000000000022e+02
3.455090566849949028e+02,5.287201000000000022e+02
3.455427857452966691e+02,5.287201000000000022e+02
3.456727278975546369e+02,5.287201000000000022e+02
3.456102731615518451e+02,5.287201000000000022e+02
3.458363991101142574e+02,5.287201000000000022e+02
3.458701755426917543e+02,5.287201000000000022e+02
3.460000703226739915e+02,5.287201000000000022e+02
3.457453652954808376e+02,5.287201000000000022e+02
3.461637415352336689e+02,5.287201000000000022e+02
3.461975653400868396e+02,5.287201000000000022e+02
3.463274127477933462e+02,5.287201000000000022e+02
3.462652423277359617e+02,5.287201000000000022e+02
3.464910839603530803e+02,5.287201000000000022e+02
3.465249551374819248e+02,5.287201000000000022e+02
3.466547551729127008e+02,5.287201000000000022e+02
3.460160197215777771e+02,5.287201000000000022e+02
3.468184263854724350e+02,5.287201000000000022e+02
3.468523449348770100e+02,5.287201000000000022e+02
3.469820975980321123e+02,5.287201000000000022e+02
3.469202114939200783e+02,5.287201000000000022e+02
3.471457688105917896e+02,5.287201000000000022e+02
3.471797347322720952e+02,5.287201000000000022e+02
3.473094400231514669e+02,5.287201000000000022e+02
3.470560625724217516e+02,5.287201000000000022e+02
3.474731112357111442e+02,5.287201000000000022e+02
3.475071245296671805e+02,5.287201000000000022e+02
3.476367824482708784e+02,5.287201000000000022e+02
3.475751806601042517e+02,5.287201000000000022e+02
3.478004536608305557e+02,5.287201000000000022e+02
3.478345143270622657e+02,5.287201000000000022e+02
3.479641248733902330e+02,5.287201000000000022e+02
2.832958399999999983e+02,5.223600000000000136e+02
3.481277960859499103e+02,5.287201000000000022e+02
3.481619041244573509e+02,5.287201000000000022e+02
3.482914672985095876e+02,5.287201000000000022e+02
3.482301498262883683e+02,5.287201000000000022e+02
3.484551385110693218e+02,5.287201000000000022e+02
3.484892939218524361e+02,5.287201000000000022e+02
3.486188097236289423e+02,5.287201000000000022e+02
3.483667598493626656e+02,5.287201000000000022e+02
3.487824809361886764e+02,5.287201000000000022e+02
3.488166837192475214e+02,5.287201000000000022e+02
3.489461521487483537e+02,5.287201000000000022e+02
3.488851189924724849e+02,5.287201000000000022e+02
3.491098233613080311e+02,5.287201000000000022e+02
3.491440735166425497e+02,5.287201000000000022e+02
3.492734945738677652e+02,5.287201000000000022e+02
3.486404553364269532e+02,5.287201000000000022e+02
3.494371657864273857e+02,5.287201000000000022e+02
3.494714633140376350e+02,5.287201000000000022e+02
3.496008369989871198e+02,5.287201000000000022e+02
3.495400881586566584e+02,5.287201000000000022e+02
3.497645082115467972e+02,5.287201000000000022e+02
3.497988531114327202e+02,5.287201000000000022e+02
3.499281794241064745e+02,5.287201000000000022e+02
3.496774571263035796e+02,5.287201000000000022e+02
3.500918506366662086e+02,5.287201000000000022e+02
3.501262429088278054e+02,5.287201000000000022e+02
3.502555218492258291e+02,5.287201000000000022e+02
3.501950573248407750e+02,5.287201000000000022e+02
3.504191930617855633e+02,5.287201000000000022e+02
3.504536327062228906e+02,5.287201000000000022e+02
3.505828642743452406e+02,5.287201000000000022e+02
3.491897558139535249e+02,5.287201000000000022e+02
3.507465354869049179e+02,5.287201000000000022e+02
3.507810225036179190e+02,5.287201000000000022e+02
3.509102066994645952e+02,5.287201000000000022e+02
3.508500264910248916e+02,5.287201000000000022e+02
3.510738779120242725e+02,5.287201000000000022e+02
3.511084123010130043e+02,5.287201000000000022e+02
3.512375491245840067e+02,5.287201000000000022e+02
3.509881544032444936e+02,5.287201000000000022e+02
3.514012203371436271e+02,5.287201000000000022e+02
3.514358020984080895e+02,5.287201000000000022e+02
3.515648915497033613e+02,5.287201000000000022e+02
3.515049956572090650e+02,5.287201000000000022e+02
3.517285627622630386e+02,5.287201000000000022e+02
3.517631918958031747e+02,5.287201000000000022e+02
3.518922339748227159e+02,5.287201000000000022e+02
3.512648909512761293e+02,5.287201000000000022e+02
3.520559051873824501e+02,5.287201000000000022e+02
3.520905816931982599e+02,5.287201000000000022e+02
3.522195763999420706e+02,5.287201000000000022e+02
3.521599648233931816e+02,5.287201000000000022e+02
3.523832476125018047e+02,5.287201000000000022e+02
3.524179714905933452e+02,5.287201000000000022e+02
3.525469188250614820e+02,5.287201000000000022e+02
3.522988516801854075e+02,5.287201000000000022e+02
3.527105900376211594e+02,5.287201000000000022e+02
3.527453612879884304e+02,5.287201000000000022e+02
3.528742612501808935e+02,5.287201000000000022e+02
3.528149339895772982e+02,5.287201000000000022e+02
3.530379324627405140e+02,5.287201000000000022e+02
3.530727510853835156e+02,5.287201000000000022e+02
3.532016036753002481e+02,5.287201000000000022e+02
2.724670699999999783e+02,5.191452600000000075e+02
3.533652748878599255e+02,4.099657000000000266e+02
3.534001408827786008e+02,4.099657000000000266e+02
3.535289461004196028e+02,4.099657000000000266e+02
3.534699031557614717e+02,4.099657000000000266e+02
3.536926173129792801e+02,4.099657000000000266e+02
3.537275306801736861e+02,4.099657000000000266e+02
3.538562885255389574e+02,4.099657000000000266e+02
3.536095489571263215e+02,4.099657000000000266e+02
3.540199597380986916e+02,4.099657000000000266e+02
3.540549204775687713e+02,4.099657000000000266e+02
3.541836309506583120e+02,4.099657000000000266e+02
3.541248723219455883e+02,4.099657000000000266e+02
3.543473021632180462e+02,4.099657000000000266e+02
3.543823102749638565e+02,4.099657000000000266e+02
3.545109733757777235e+02,4.099657000000000266e+02
3.538893265661253054e+02,4.099657000000000266e+02
3.546746445883374008e+02,4.099657000000000266e+02
3.547097000723589417e+02,4.099657000000000266e+02
3.548383158008971350e+02,4.099657000000000266e+02
3.547798414881297049e+02,4.099657000000000266e+02
3.550019870134567554e+02,4.099657000000000266e+02
3.550370898697540269e+02,4.099657000000000266e+02
3.551656582260164896e+02,4.099657000000000266e+02
3.549202462340672355e+02,4.099657000000000266e+02
3.553293294385761669e+02,4.099657000000000266e+02
3.553644796671491122e+02,4.099657000000000266e+02
3.554930006511358442e+02,4.099657000000000266e+02
3.554348106543138783e+02,4.099657000000000266e+02
3.556566718636955784e+02,4.099657000000000266e+02
3.556918694645441406e+02,4.099657000000000266e+02
3.558203430762551989e+02,4.099657000000000266e+02
3.544508337209302908e+02,4.099657000000000266e+02
3.559840142888149330e+02,4.099657000000000266e+02
3.560192592619392258e+02,4.099657000000000266e+02
3.561476855013746103e+02,4.099657000000000266e+02
3.560897798204979381e+02,4.099657000000000266e+02
3.563113567139342877e+02,4.099657000000000266e+02
3.563466490593343110e+02,4.099657000000000266e+02
3.564750279264939650e+02,4.099657000000000266e+02
3.562309435110080926e+02,4.099657000000000266e+02
3.566386991390536423e+02,4.099657000000000266e+02
3.566740388567293962e+02,4.099657000000000266e+02
3.568023703516133764e+02,4.099657000000000266e+02
3.567447489866821115e+02,4.099657000000000266e+02
3.569660415641730538e+02,4.099657000000000266e+02
3.570014286541244815e+02,4.099657000000000266e+02
3.571297127767327311e+02,4.099657000000000266e+02
3.565137621809744815e+02,4.099657000000000266e+02
3.572933839892924084e+02,4.099657000000000266e+02
3.573288184515195098e+02,4.099657000000000266e+02
3.574570552018520857e+02,4.099657000000000266e+02
3.573997181528662850e+02,4.099657000000000266e+02
3.576207264144118199e+02,4.099657000000000266e+02
3.576562082489145951e+02,4.099657000000000266e+02
3.577843976269714403e+02,4.099657000000000266e+02
3.575416407879490066e+02,4.099657000000000266e+02
3.579480688395311745e+02,4.099657000000000266e+02
3.579835980463096803e+02,4.099657000000000266e+02
3.581117400520908518e+02,4.099657000000000266e+02
3.580546873190503447e+02,4.099657000000000266e+02
3.582754112646505291e+02,4.099657000000000266e+02
3.583109878437047655e+02,4.099657000000000266e+02
3.584390824772102633e+02,4.099657000000000266e+02
2.713895299999999793e+02,5.187622000000000071e+02
3.586027536897698837e+02,4.099657000000000266e+02
3.586383776410998507e+02,4.099657000000000266e+02
3.587664249023296179e+02,4.099657000000000266e+02
3.587096564852345182e+02,4.099657000000000266e+02
3.589300961148892952e+02,4.099657000000000266e+02
3.589657674384949360e+02,4.099657000000000266e+02
3.590937673274489725e+02,4.099657000000000266e+02
3.588523380648898637e+02,4.099657000000000266e+02
3.592574385400087067e+02,4.099657000000000266e+02
3.592931572358900212e+02,4.099657000000000266e+02
3.594211097525683272e+02,4.099657000000000266e+02
3.593646256514186916e+02,4.099657000000000266e+02
3.595847809651280613e+02,4.099657000000000266e+02
3.596205470332851064e+02,4.099657000000000266e+02
3.597484521776877386e+02,4.099657000000000266e+02
3.591381977958236575e+02,4.099657000000000266e+02
3.599121233902474160e+02,4.099657000000000266e+02
3.599479368306801916e+02,4.099657000000000266e+02
3.600757946028070933e+02,4.099657000000000266e+02
3.600195948176027514e+02,4.099657000000000266e+02
3.602394658153667706e+02,4.099657000000000266e+02
3.602753266280752769e+02,4.099657000000000266e+02
3.604031370279265047e+02,4.099657000000000266e+02
3.601630353418307777e+02,4.099657000000000266e+02
3.605668082404861252e+02,4.099657000000000266e+02
3.606027164254703621e+02,4.099657000000000266e+02
3.607304794530458594e+02,4.099657000000000266e+02
3.606745639837869248e+02,4.099657000000000266e+02
3.608941506656055367e+02,4.099657000000000266e+02
3.609301062228654473e+02,4.099657000000000266e+02
3.610578218781652140e+02,4.099657000000000266e+02
3.597119116279069999e+02,4.099657000000000266e+02
3.612214930907249482e+02,4.099657000000000266e+02
3.612574960202605325e+02,4.099657000000000266e+02
3.613851643032845686e+02,4.099657000000000266e+02
3.613295331499710983e+02,4.099657000000000266e+02
3.615488355158443028e+02,4.099657000000000266e+02
3.615848858176556178e+02,4.099657000000000266e+02
3.617125067284039801e+02,4.099657000000000266e+02
3.614737326187716917e+02,4.099657000000000266e+02
3.618761779409636574e+02,4.099657000000000266e+02
3.619122756150507030e+02,4.099657000000000266e+02
3.620398491535233916e+02,4.099657000000000266e+02
3.619845023161551580e+02,4.099657000000000266e+02
3.622035203660830120e+02,4.099657000000000266e+02
3.622396654124457314e+02,4.099657000000000266e+02
3.623671915786427462e+02,4.099657000000000266e+02
3.617626334106728336e+02,4.099657000000000266e+02
3.625308627912024235e+02,4.099657000000000266e+02
3.625670552098408166e+02,4.099657000000000266e+02
3.626945340037621008e+02,4.099657000000000266e+02
3.626394714823393315e+02,4.099657000000000266e+02
3.628582052163217782e+02,4.099657000000000266e+02
3.628944450072359018e+02,4.099657000000000266e+02
3.630218764288814555e+02,4.099657000000000266e+02
3.627844298957126057e+02,4.099657000000000266e+02
3.631855476414411896e+02,4.099657000000000266e+02
3.632218348046309870e+02,4.099657000000000266e+02
3.633492188540008101e+02,4.099657000000000266e+02
3.632944406485234481e+02,4.099657000000000266e+02
3.635128900665605443e+02,4.099657000000000266e+02
3.635492246020260723e+02,4.099657000000000266e+02
3.636765612791202216e+02,4.099657000000000266e+02
2.713895299999999793e+02,5.187622000000000071e+02
3.638402324916798989e+02,4.099657000000000266e+02
3.638766143994211006e+02,4.099657000000000266e+02
3.640039037042396330e+02,4.099657000000000266e+02
3.639494098147075647e+02,4.099657000000000266e+02
3.641675749167992535e+02,4.099657000000000266e+02
3.642040041968161859e+02,4.099657000000000266e+02
3.643312461293589877e+02,4.099657000000000266e+02
3.640951271726535197e+02,4.099657000000000266e+02
3.644949173419186650e+02,4.099657000000000266e+02
3.645313939942112711e+02,4.099657000000000266e+02
3.646585885544783423e+02,4.099657000000000266e+02
3.646043789808917381e+02,4.099657000000000266e+02
3.648222597670380765e+02,4.099657000000000266e+02
3.648587837916063563e+02,4.099657000000000266e+02
3.649859309795976969e+02,4.099657000000000266e+02
3.643870690255220097e+02,4.099657000000000266e+02
3.651496021921574311e+02,4.099657000000000266e+02
3.651861735890014415e+02,4.099657000000000266e+02
3.653132734047171084e+02,4.099657000000000266e+02
3.652593481470758547e+02,4.099657000000000266e+02
3.654769446172767857e+02,4.099657000000000266e+02
3.655135633863965268e+02,4.099657000000000266e+02
3.656406158298364630e+02,4.099657000000000266e+02
3.654058244495944336e+02,4.099657000000000266e+02
3.658042870423961404e+02,4.099657000000000266e+02
3.658409531837916120e+02,4.099657000000000266e+02
3.659679582549558745e+02,4.099657000000000266e+02
3.659143173132599713e+02,4.099657000000000266e+02
3.661316294675154950e+02,4.099657000000000266e+02
3.661683429811866972e+02,4.099657000000000266e+02
3.662953006800752291e+02,4.099657000000000266e+02
3.649729895348837090e+02,4.099657000000000266e+02
3.664589718926349065e+02,4.099657000000000266e+02
3.664957327785817824e+02,4.099657000000000266e+02
3.666226431051945838e+02,4.099657000000000266e+02
3.665692864794441448e+02,4.099657000000000266e+02
3.667863143177543179e+02,4.099657000000000266e+02
3.668231225759768677e+02,4.099657000000000266e+02
3.669499855303139384e+02,4.099657000000000266e+02
3.667165217265353476e+02,4.099657000000000266e+02
3.671136567428736726e+02,4.099657000000000266e+02
3.671505123733719529e+02,4.099657000000000266e+02
3.672773279554333499e+02,4.099657000000000266e+02
3.672242556456282614e+02,4.099657000000000266e+02
3.674409991679930272e+02,4.099657000000000266e+02
3.674779021707670381e+02,4.099657000000000266e+02
3.676046703805527613e+02,4.099657000000000266e+02
3.670115046403712427e+02,4.099657000000000266e+02
3.677683415931123818e+02,4.099657000000000266e+02
3.678052919681621233e+02,4.099657000000000266e+02
3.679320128056721160e+02,4.099657000000000266e+02
3.678792248118123780e+02,4.099657000000000266e+02
3.680956840182317933e+02,4.099657000000000266e+02
3.681326817655572086e+02,4.099657000000000266e+02
3.682593552307914706e+02,4.099657000000000266e+02
3.680272190034762616e+02,4.099657000000000266e+02
3.684230264433511479e+02,4.099657000000000266e+02
3.684600715629522938e+02,4.099657000000000266e+02
3.685866976559108252e+02,4.099657000000000266e+02
3.685341939779965514e+02,4.099657000000000266e+02
3.687503688684705594e+02,4.099657000000000266e+02
3.687874613603473790e+02,4.099657000000000266e+02
3.689140400810301799e+02,4.099657000000000266e+02
5.472997000000000298e+02,4.530130599999999959e+02
3.690777112935899140e+02,5.180914299999999457e+02
3.691148511577424642e+02,5.180914299999999457e+02
3.692413825061496482e+02,5.180914299999999457e+02
3.691891631441806112e+02,5.180914299999999457e+02
3.694050537187092687e+02,5.180914299999999457e+02
3.694422409551375495e+02,5.180914299999999457e+02
3.695687249312690028e+02,5.180914299999999457e+02
3.693379162804171756e+02,5.180914299999999457e+02
3.697323961438286233e+02,5.180914299999999457e+02
3.697696307525325210e+02,5.180914299999999457e+02
3.698960673563883574e+02,5.180914299999999457e+02
3.698441323103647846e+02,5.180914299999999457e+02
3.700597385689480916e+02,5.180914299999999457e+02
3.700970205499276062e+02,5.180914299999999457e+02
3.702234097815077121e+02,5.180914299999999457e+02
3.696359402552204756e+02,5.180914299999999457e+02
3.703870809940674462e+02,5.180914299999999457e+02
3.704244103473226915e+02,5.180914299999999457e+02
3.705507522066270667e+02,5.180914299999999457e+02
3.704991014765489581e+02,5.180914299999999457e+02
3.707144234191868009e+02,5.180914299999999457e+02
3.707518001447177767e+02,5.180914299999999457e+02
3.708780946317464213e+02,5.180914299999999457e+02
3.706486135573580896e+02,5.180914299999999457e+02
3.710417658443061555e+02,5.180914299999999457e+02
3.710791899421128619e+02,5.180914299999999457e+02
3.712054370568658896e+02,5.180914299999999457e+02
3.711540706427330178e+02,5.180914299999999457e+02
3.713691082694255101e+02,5.180914299999999457e+02
3.714065797395079471e+02,5.180914299999999457e+02
3.715327794819852443e+02,5.180914299999999457e+02
3.702340674418604749e+02,5.180914299999999457e+02
3.716964506945448647e+02,5.180914299999999457e+02
3.717339695369030323e+02,5.180914299999999457e+02
3.718601219071045989e+02,5.180914299999999457e+02
3.718090398089171913e+02,5.180914299999999457e+02
3.720237931196643331e+02,5.180914299999999457e+02
3.720613593342981176e+02,5.180914299999999457e+02
3.721874643322239535e+02,5.180914299999999457e+02
3.719593108342988899e+02,5.180914299999999457e+02
3.723511355447836877e+02,5.180914299999999457e+02
3.723887491316932028e+02,5.180914299999999457e+02
3.725148067573433082e+02,5.180914299999999457e+02
3.724640089751013647e+02,5.180914299999999457e+02
3.726784779699030423e+02,5.180914299999999457e+02
3.727161389290882880e+02,5.180914299999999457e+02
3.728421491824627765e+02,5.180914299999999457e+02
3.722603758700696517e+02,5.180914299999999457e+02
3.730058203950223970e+02,5.180914299999999457e+02
3.730435287264833732e+02,5.180914299999999457e+02
3.731694916075821311e+02,5.180914299999999457e+02
3.731189781412854245e+02,5.180914299999999457e+02
3.733331628201417516e+02,5.180914299999999457e+02
3.733709185238784585e+02,5.180914299999999457e+02
3.734968340327014857e+02,5.180914299999999457e+02
3.732700081112398038e+02,5.180914299999999457e+02
3.736605052452611062e+02,5.180914299999999457e+02
3.736983083212735437e+02,5.180914299999999457e+02
3.738241764578208404e+02,5.180914299999999457e+02
3.737739473074695979e+02,5.180914299999999457e+02
3.739878476703805745e+02,5.180914299999999457e+02
3.740256981186686289e+02,5.180914299999999457e+02
3.741515188829401950e+02,5.180914299999999457e+02
5.472997000000000298e+02,4.530130599999999959e+02
3.743151900954999292e+02,5.180914299999999457e+02
3.743530879160637141e+02,5.180914299999999457e+02
3.744788613080595496e+02,5.180914299999999457e+02
3.744289164736537714e+02,5.180914299999999457e+02
3.746425325206192838e+02,5.180914299999999457e+02
3.746804777134587994e+02,5.180914299999999457e+02
3.748062037331790179e+02,5.180914299999999457e+02
3.745807053881807178e+02,5.180914299999999457e+02
3.749698749457386384e+02,5.180914299999999457e+02
3.750078675108538846e+02,5.180914299999999457e+02
3.751335461582983726e+02,5.180914299999999457e+02
3.750838856398378311e+02,5.180914299999999457e+02
3.752972173708579930e+02,5.180914299999999457e+02
3.753352573082489698e+02,5.180914299999999457e+02
3.754608885834177272e+02,5.180914299999999457e+02
3.748848114849188278e+02,5.180914299999999457e+02
3.756245597959774614e+02,5.180914299999999457e+02
3.756626471056440550e+02,5.180914299999999457e+02
3.757882310085370818e+02,5.180914299999999457e+02
3.757388548060220046e+02,5.180914299999999457e+02
3.759519022210968160e+02,5.180914299999999457e+02
3.759900369030391403e+02,5.180914299999999457e+02
3.761155734336564365e+02,5.180914299999999457e+02
3.758914026651216318e+02,5.180914299999999457e+02
3.762792446462161706e+02,5.180914299999999457e+02
3.763174267004342255e+02,5.180914299999999457e+02
3.764429158587757911e+02,5.180914299999999457e+02
3.763938239722061780e+02,5.180914299999999457e+02
3.766065870713355253e+02,5.180914299999999457e+02
3.766448164978291970e+02,5.180914299999999457e+02
3.767702582838952594e+02,5.180914299999999457e+02
3.754951453488372408e+02,5.180914299999999457e+02
3.769339294964548799e+02,5.180914299999999457e+02
3.769722062952242823e+02,5.180914299999999457e+02
3.770976007090146140e+02,5.180914299999999457e+02
3.770487931383902378e+02,5.180914299999999457e+02
3.772612719215742345e+02,5.180914299999999457e+02
3.772995960926193675e+02,5.180914299999999457e+02
3.774249431341339687e+02,5.180914299999999457e+02
3.772020999420625458e+02,5.180914299999999457e+02
3.775886143466937028e+02,5.180914299999999457e+02
3.776269858900144527e+02,5.180914299999999457e+02
3.777522855592533233e+02,5.180914299999999457e+02
3.777037623045744112e+02,5.180914299999999457e+02
3.779159567718130575e+02,5.180914299999999457e+02
3.779543756874095379e+02,5.180914299999999457e+02
3.780796279843726779e+02,5.180914299999999457e+02
3.775092470997680039e+02,5.180914299999999457e+02
3.782432991969324121e+02,5.180914299999999457e+02
3.782817654848046232e+02,5.180914299999999457e+02
3.784069704094921462e+02,5.180914299999999457e+02
3.783587314707585847e+02,5.180914299999999457e+02
3.785706416220517667e+02,5.180914299999999457e+02
3.786091552821997084e+02,5.180914299999999457e+02
3.787343128346115009e+02,5.180914299999999457e+02
3.785127972190034598e+02,5.180914299999999457e+02
3.788979840471711213e+02,5.180914299999999457e+02
3.789365450795947936e+02,5.180914299999999457e+02
3.790616552597308555e+02,5.180914299999999457e+02
3.790137006369426445e+02,5.180914299999999457e+02
3.792253264722905897e+02,5.180914299999999457e+02
3.792639348769898788e+02,5.180914299999999457e+02
3.793889976848502101e+02,5.180914299999999457e+02
5.450286999999999580e+02,4.277823500000000081e+02
3.795526688974099443e+02,4.143712199999999939e+02
3.795913246743849641e+02,4.143712199999999939e+02
3.797163401099695648e+02,4.143712199999999939e+02
3.796686698031268179e+02,4.143712199999999939e+02
3.798800113225292989e+02,4.143712199999999939e+02
3.799187144717800493e+02,4.143712199999999939e+02
3.800436825350889194e+02,4.143712199999999939e+02
3.798234944959443737e+02,4.143712199999999939e+02
3.802073537476486536e+02,4.143712199999999939e+02
3.802461042691751345e+02,4.143712199999999939e+02
3.803710249602083877e+02,4.143712199999999939e+02
3.803236389693109913e+02,4.143712199999999939e+02
3.805346961727680082e+02,4.143712199999999939e+02
3.805734940665702197e+02,4.143712199999999939e+02
3.806983673853277423e+02,4.143712199999999939e+02
3.801336827146171800e+02,4.143712199999999939e+02
3.808620385978873628e+02,4.143712199999999939e+02
3.809008838639653050e+02,4.143712199999999939e+02
3.810257098104470970e+02,4.143712199999999939e+02
3.809786081354950511e+02,4.143712199999999939e+02
3.811893810230068311e+02,4.143712199999999939e+02
3.812282736613603902e+02,4.143712199999999939e+02
3.813530522355664516e+02,4.143712199999999939e+02
3.811341917728852877e+02,4.143712199999999939e+02
3.815167234481261858e+02,4.143712199999999939e+02
3.815556634587554754e+02,4.143712199999999939e+02
3.816803946606858062e+02,4.143712199999999939e+02
3.816335773016792245e+02,4.143712199999999939e+02
3.818440658732455404e+02,4.143712199999999939e+02
3.818830532561505606e+02,4.143712199999999939e+02
3.820077370858052745e+02,4.143712199999999939e+02
3.807562232558140067e+02,4.143712199999999939e+02
3.821714082983648950e+02,4.143712199999999939e+02
3.822104430535456459e+02,4.143712199999999939e+02
3.823350795109246292e+02,4.143712199999999939e+02
3.822885464678633980e+02,4.143712199999999939e+02
3.824987507234842496e+02,4.143712199999999939e+02
3.825378328509407311e+02,4.143712199999999939e+02
3.826624219360439838e+02,4.143712199999999939e+02
3.824448890498262017e+02,4.143712199999999939e+02
3.828260931486036043e+02,4.143712199999999939e+02
3.828652226483358163e+02,4.143712199999999939e+02
3.829897643611633384e+02,4.143712199999999939e+02
3.829435156340474578e+02,4.143712199999999939e+02
3.831534355737230726e+02,4.143712199999999939e+02
3.831926124457307878e+02,4.143712199999999939e+02
3.833171067862826931e+02,4.143712199999999939e+02
3.827581183294663560e+02,4.143712199999999939e+02
3.834807779988424272e+02,4.143712199999999939e+02
3.835200022431258731e+02,4.143712199999999939e+02
3.836444492114020477e+02,4.143712199999999939e+02
3.835984848002316312e+02,4.143712199999999939e+02
3.838081204239617819e+02,4.143712199999999939e+02
3.838473920405209583e+02,4.143712199999999939e+02
3.839717916365215160e+02,4.143712199999999939e+02
3.837555863267671157e+02,4.143712199999999939e+02
3.841354628490811365e+02,4.143712199999999939e+02
3.841747818379160435e+02,4.143712199999999939e+02
3.842991340616408706e+02,4.143712199999999939e+02
3.842534539664158046e+02,4.143712199999999939e+02
3.844628052742004911e+02,4.143712199999999939e+02
3.845021716353111287e+02,4.143712199999999939e+02
3.846264764867602253e+02,4.143712199999999939e+02
5.424884600000000319e+02,4.172496300000000247e+02
3.847901476993199594e+02,4.143712199999999939e+02
3.848295614327062140e+02,4.143712199999999939e+02
3.849538189118795799e+02,4.143712199999999939e+02
3.849084231325998644e+02,4.143712199999999939e+02
3.851174901244393141e+02,4.143712199999999939e+02
3.851569512301012992e+02,4.143712199999999939e+02
3.852811613369989345e+02,4.143712199999999939e+02
3.850662836037080297e+02,4.143712199999999939e+02
3.854448325495586687e+02,4.143712199999999939e+02
3.854843410274963844e+02,4.143712199999999939e+02
3.856085037621182892e+02,4.143712199999999939e+02
3.855633922987840378e+02,4.143712199999999939e+02
3.857721749746780233e+02,4.143712199999999939e+02
3.858117308248914696e+02,4.143712199999999939e+02
3.859358461872377575e+02,4.143712199999999939e+02
3.853825539443155321e+02,4.143712199999999939e+02
3.860995173997973779e+02,4.143712199999999939e+02
3.861391206222865549e+02,4.143712199999999939e+02
3.862631886123571121e+02,4.143712199999999939e+02
3.862183614649682113e+02,4.143712199999999939e+02
3.864268598249167326e+02,4.143712199999999939e+02
3.864665104196816401e+02,4.143712199999999939e+02
3.865905310374764667e+02,4.143712199999999939e+02
3.863769808806488300e+02,4.143712199999999939e+02
3.867542022500362009e+02,4.143712199999999939e+02
3.867939002170767253e+02,4.143712199999999939e+02
3.869178734625958214e+02,4.143712199999999939e+02
3.868733306311522711e+02,4.143712199999999939e+02
3.870815446751555555e+02,4.143712199999999939e+02
3.871212900144718105e+02,4.143712199999999939e+02
3.872452158877151760e+02,4.143712199999999939e+02
3.860173011627906590e+02,4.143712199999999939e+02
3.874088871002749102e+02,4.143712199999999939e+02
3.874486798118668958e+02,4.143712199999999939e+02
3.875725583128346443e+02,4.143712199999999939e+02
3.875282997973364445e+02,4.143712199999999939e+02
3.877362295253942648e+02,4.143712199999999939e+02
3.877760696092619810e+02,4.143712199999999939e+02
3.878999007379539989e+02,4.143712199999999939e+02
3.876876781575897439e+02,4.143712199999999939e+02
3.880635719505136194e+02,4.143712199999999939e+02
3.881034594066570662e+02,4.143712199999999939e+02
3.882272431630733536e+02,4.143712199999999939e+02
3.881832689635206179e+02,4.143712199999999939e+02
3.883909143756329740e+02,4.143712199999999939e+02
3.884308492040521514e+02,4.143712199999999939e+02
3.885545855881927082e+02,4.143712199999999939e+02
3.880069895591647082e+02,4.143712199999999939e+02
3.887182568007524424e+02,4.143712199999999939e+02
3.887582390014472367e+02,4.143712199999999939e+02
3.888819280133120628e+02,4.143712199999999939e+02
3.888382381297046777e+02,4.143712199999999939e+02
3.890455992258717970e+02,4.143712199999999939e+02
3.890856287988423219e+02,4.143712199999999939e+02
3.892092704384314175e+02,4.143712199999999939e+02
3.889983754345306579e+02,4.143712199999999939e+02
3.893729416509911516e+02,4.143712199999999939e+02
3.894130185962374071e+02,4.143712199999999939e+02
3.895366128635508858e+02,4.143712199999999939e+02
3.894932072958888511e+02,4.143712199999999939e+02
3.897002840761105062e+02,4.143712199999999939e+02
3.897404083936323786e+02,4.143712199999999939e+02
3.898639552886702404e+02,4.143712199999999939e+02
5.391114499999999907e+02,4.105167200000000207e+02
3.900276265012298609e+02,4.223301999999999907e+02
3.900677981910274639e+02,4.223301999999999907e+02
3.901912977137895950e+02,4.223301999999999907e+02
3.901481764620729109e+02,4.223301999999999907e+02
3.903549689263493292e+02,4.223301999999999907e+02
3.903951879884225491e+02,4.223301999999999907e+02
3.905186401389089497e+02,4.223301999999999907e+02
3.903090727114715719e+02,4.223301999999999907e+02
3.906823113514686838e+02,4.223301999999999907e+02
3.907225777858176343e+02,4.223301999999999907e+02
3.908459825640283043e+02,4.223301999999999907e+02
3.908031456282570844e+02,4.223301999999999907e+02
3.910096537765880385e+02,4.223301999999999907e+02
3.910499675832127195e+02,4.223301999999999907e+02
3.911733249891477726e+02,4.223301999999999907e+02
3.906314251740138843e+02,4.223301999999999907e+02
3.913369962017073931e+02,4.223301999999999907e+02
3.913773573806078048e+02,4.223301999999999907e+02
3.915006674142671272e+02,4.223301999999999907e+02
3.914581147944412578e+02,4.223301999999999907e+02
3.916643386268267477e+02,4.223301999999999907e+02
3.917047471780028900e+02,4.223301999999999907e+02
3.918280098393864819e+02,4.223301999999999907e+02
3.916197699884124859e+02,4.223301999999999907e+02
3.919916810519461023e+02,4.223301999999999907e+02
3.920321369753979752e+02,4.223301999999999907e+02
3.921553522645058365e+02,4.223301999999999907e+02
3.921130839606253176e+02,4.223301999999999907e+02
3.923190234770655707e+02,4.223301999999999907e+02
3.923595267727930604e+02,4.223301999999999907e+02
3.924826946896251911e+02,4.223301999999999907e+02
3.912783790697674249e+02,4.223301999999999907e+02
3.926463659021849253e+02,4.223301999999999907e+02
3.926869165701881457e+02,4.223301999999999907e+02
3.928100371147445458e+02,4.223301999999999907e+02
3.927680531268094910e+02,4.223301999999999907e+02
3.929737083273042799e+02,4.223301999999999907e+02
3.930143063675832309e+02,4.223301999999999907e+02
3.931373795398640141e+02,4.223301999999999907e+02
3.929304672653533999e+02,4.223301999999999907e+02
3.933010507524236345e+02,4.223301999999999907e+02
3.933416961649783161e+02,4.223301999999999907e+02
3.934647219649833687e+02,4.223301999999999907e+02
3.934230222929936645e+02,4.223301999999999907e+02
3.936283931775429892e+02,4.223301999999999907e+02
3.936690859623734013e+02,4.223301999999999907e+02
3.937920643901027233e+02,4.223301999999999907e+02
3.932558607888631741e+02,4.223301999999999907e+02
3.939557356026624575e+02,4.223301999999999907e+02
3.939964757597684866e+02,4.223301999999999907e+02
3.941194068152220780e+02,4.223301999999999907e+02
3.940779914591777242e+02,4.223301999999999907e+02
3.942830780277818121e+02,4.223301999999999907e+02
3.943238655571635718e+02,4.223301999999999907e+02
3.944467492403414326e+02,4.223301999999999907e+02
3.942411645422943138e+02,4.223301999999999907e+02
3.946104204529011668e+02,4.223301999999999907e+02
3.946512553545586570e+02,4.223301999999999907e+02
3.947740916654607872e+02,4.223301999999999907e+02
3.947329606253618977e+02,4.223301999999999907e+02
3.949377628780205214e+02,4.223301999999999907e+02
3.949786451519537422e+02,4.223301999999999907e+02
3.951014340905802555e+02,4.223301999999999907e+02
5.338505999999999858e+02,4.049057599999999866e+02
3.952651053031398760e+02,4.223301999999999907e+02
3.953060349493488275e+02,4.223301999999999907e+02
3.954287765156996102e+02,4.223301999999999907e+02
3.953879297915460711e+02,4.223301999999999907e+02
3.955924477282592306e+02,4.223301999999999907e+02
3.956334247467439127e+02,4.223301999999999907e+02
3.957561189408189648e+02,4.223301999999999907e+02
3.955518618192352278e+02,4.223301999999999907e+02
3.959197901533786990e+02,4.223301999999999907e+02
3.959608145441389979e+02,4.223301999999999907e+02
3.960834613659383194e+02,4.223301999999999907e+02
3.960428989577301309e+02,4.223301999999999907e+02
3.962471325784980536e+02,4.223301999999999907e+02
3.962882043415339695e+02,4.223301999999999907e+02
3.964108037910576741e+02,4.223301999999999907e+02
3.958802964037123502e+02,4.223301999999999907e+02
3.965744750036174082e+02,4.223301999999999907e+02
3.966155941389290547e+02,4.223301999999999907e+02
3.967381462161771424e+02,4.223301999999999907e+02
3.966978681239143043e+02,4.223301999999999907e+02
3.969018174287367628e+02,4.223301999999999907e+02
3.969429839363241399e+02,4.223301999999999907e+02
3.970654886412964970e+02,4.223301999999999907e+02
3.968625590961761418e+02,4.223301999999999907e+02
3.972291598538561175e+02,4.223301999999999907e+02
3.972703737337192251e+02,4.223301999999999907e+02
3.973928310664158516e+02,4.223301999999999907e+02
3.973528372900984778e+02,4.223301999999999907e+02
3.975565022789754721e+02,4.223301999999999907e+02
3.975977635311143104e+02,4.223301999999999907e+02
3.977201734915352063e+02,4.223301999999999907e+02
3.965394569767441908e+02,4.223301999999999907e+02
3.978838447040949404e+02,4.223301999999999907e+02
3.979251533285093956e+02,4.223301999999999907e+02
3.980475159166545609e+02,4.223301999999999907e+02
3.980078064562825375e+02,4.223301999999999907e+02
3.982111871292142951e+02,4.223301999999999907e+02
3.982525431259044808e+02,4.223301999999999907e+02
3.983748583417739155e+02,4.223301999999999907e+02
3.981732563731170558e+02,4.223301999999999907e+02
3.985385295543336497e+02,4.223301999999999907e+02
3.985799329232995660e+02,4.223301999999999907e+02
3.987022007668933838e+02,4.223301999999999907e+02
3.986627756224667110e+02,4.223301999999999907e+02
3.988658719794530043e+02,4.223301999999999907e+02
3.989073227206946513e+02,4.223301999999999907e+02
3.990295431920127385e+02,4.223301999999999907e+02
3.985047320185615263e+02,4.223301999999999907e+02
3.991932144045723589e+02,4.223301999999999907e+02
3.992347125180897365e+02,4.223301999999999907e+02
3.993568856171320931e+02,4.223301999999999907e+02
3.993177447886508844e+02,4.223301999999999907e+02
3.995205568296918273e+02,4.223301999999999907e+02
3.995621023154848217e+02,4.223301999999999907e+02
3.996842280422514477e+02,4.223301999999999907e+02
3.994839536500579698e+02,4.223301999999999907e+02
3.998478992548111819e+02,4.223301999999999907e+02
3.998894921128799069e+02,4.223301999999999907e+02
4.000115704673708024e+02,4.223301999999999907e+02
3.999727139548349442e+02,4.223301999999999907e+02
4.001752416799305365e+02,4.223301999999999907e+02
4.002168819102749922e+02,4.223301999999999907e+02
4.003389128924901570e+02,4.223301999999999907e+02
5.192558000000000220e+02,4.002198500000000081e+02
4.005025841050498911e+02,4.223301999999999907e+02
4.005442717076700774e+02,4.223301999999999907e+02
4.006662553176096253e+02,4.223301999999999907e+02
4.006276831210191176e+02,4.223301999999999907e+02
4.008299265301692458e+02,4.223301999999999907e+02
4.008716615050651626e+02,4.223301999999999907e+02
4.009935977427289799e+02,4.223301999999999907e+02
4.007946509269987700e+02,4.223301999999999907e+02
4.011572689552886004e+02,4.223301999999999907e+02
4.011990513024602478e+02,4.223301999999999907e+02
4.013209401678483346e+02,4.223301999999999907e+02
4.012826522872032911e+02,4.223301999999999907e+02
4.014846113804080687e+02,4.223301999999999907e+02
4.015264410998553331e+02,4.223301999999999907e+02
4.016482825929676892e+02,4.223301999999999907e+02
4.011291676334107024e+02,4.223301999999999907e+02
4.018119538055274234e+02,4.223301999999999907e+02
4.018538308972504183e+02,4.223301999999999907e+02
4.019756250180870438e+02,4.223301999999999907e+02
4.019376214533873508e+02,4.223301999999999907e+02
4.021392962306467780e+02,4.223301999999999907e+02
4.021812206946455035e+02,4.223301999999999907e+02
4.023029674432065121e+02,4.223301999999999907e+02
4.021053482039396840e+02,4.223301999999999907e+02
4.024666386557661326e+02,4.223301999999999907e+02
4.025086104920405887e+02,4.223301999999999907e+02
4.026303098683258668e+02,4.223301999999999907e+02
4.025925906195715243e+02,4.223301999999999907e+02
4.027939810808854872e+02,4.223301999999999907e+02
4.028360002894356739e+02,4.223301999999999907e+02
4.029576522934452214e+02,4.223301999999999907e+02
4.018005348837209567e+02,4.223301999999999907e+02
4.031213235060049556e+02,5.036992200000000253e+02
4.031633900868306455e+02,5.036992200000000253e+02
4.032849947185645760e+02,5.036992200000000253e+02
4.032475597857556977e+02,5.036992200000000253e+02
4.034486659311243102e+02,5.036992200000000253e+02
4.034907798842257307e+02,5.036992200000000253e+02
4.036123371436839307e+02,5.036992200000000253e+02
4.034160454808805980e+02,5.036992200000000253e+02
4.037760083562436648e+02,5.036992200000000253e+02
4.038181696816208159e+02,5.036992200000000253e+02
4.039396795688032853e+02,5.036992200000000253e+02
4.039025289519397575e+02,5.036992200000000253e+02
4.041033507813630195e+02,5.036992200000000253e+02
4.041455594790159012e+02,5.036992200000000253e+02
4.042670219939227536e+02,5.036992200000000253e+02
4.037536032482598785e+02,5.036992200000000253e+02
4.044306932064823741e+02,5.036992200000000253e+02
4.044729492764109864e+02,5.036992200000000253e+02
4.045943644190421082e+02,5.036992200000000253e+02
4.045574981181239309e+02,5.036992200000000253e+02
4.047580356316017287e+02,5.036992200000000253e+02
4.048003390738060716e+02,5.036992200000000253e+02
4.049217068441614629e+02,5.036992200000000253e+02
4.047267427578215120e+02,5.036992200000000253e+02
4.050853780567211970e+02,5.036992200000000253e+02
4.051277288712011568e+02,5.036992200000000253e+02
4.052490492692808175e+02,5.036992200000000253e+02
4.052124672843081044e+02,5.036992200000000253e+02
4.054127204818405517e+02,5.036992200000000253e+02
4.054551186685962421e+02,5.036992200000000253e+02
4.055763916944001721e+02,5.036992200000000253e+02
5.016851800000000026e+02,4.001661399999999844e+02
4.057400629069599063e+02,5.036992200000000253e+02
4.057825084659913273e+02,5.036992200000000253e+02
4.059037341195196404e+02,5.036992200000000253e+02
4.058674364504921641e+02,5.036992200000000253e+02
4.060674053320792609e+02,5.036992200000000253e+02
4.061098982633864125e+02,5.036992200000000253e+02
4.062310765446389951e+02,5.036992200000000253e+02
4.060374400347624260e+02,5.036992200000000253e+02
4.063947477571986155e+02,5.036992200000000253e+02
4.064372880607814977e+02,5.036992200000000253e+02
4.065584189697583497e+02,5.036992200000000253e+02
4.065224056166763376e+02,5.036992200000000253e+02
4.067220901823179702e+02,5.036992200000000253e+02
4.067646778581765830e+02,5.036992200000000253e+02
4.068857613948777043e+02,5.036992200000000253e+02
4.063780388631090545e+02,5.036992200000000253e+02
4.070494326074374385e+02,5.036992200000000253e+02
4.070920676555716682e+02,5.036992200000000253e+02
4.072131038199970590e+02,5.036992200000000253e+02
4.071773747828605110e+02,5.036992200000000253e+02
4.073767750325567931e+02,5.036992200000000253e+02
4.074194574529667534e+02,5.036992200000000253e+02
4.075404462451164136e+02,5.036992200000000253e+02
4.073481373117033399e+02,5.036992200000000253e+02
4.077041174576761478e+02,5.036992200000000253e+02
4.077468472503618386e+02,5.036992200000000253e+02
4.078677886702358819e+02,5.036992200000000253e+02
4.078323439490445708e+02,5.036992200000000253e+02
4.080314598827955024e+02,5.036992200000000253e+02
4.080742370477569239e+02,5.036992200000000253e+02
4.081951310953552365e+02,5.036992200000000253e+02
4.070616127906977226e+02,5.036992200000000253e+02
4.083588023079148570e+02,5.036992200000000253e+02
4.084016268451520091e+02,5.036992200000000253e+02
4.085224735204745912e+02,5.036992200000000253e+02
4.084873131152287442e+02,5.036992200000000253e+02
4.086861447330343253e+02,5.036992200000000253e+02
4.087290166425470943e+02,5.036992200000000253e+02
4.088498159455939458e+02,5.036992200000000253e+02
4.086588345886442539e+02,5.036992200000000253e+02
4.090134871581536800e+02,5.036992200000000253e+02
4.090564064399421795e+02,5.036992200000000253e+02
4.091771583707133004e+02,5.036992200000000253e+02
4.091422822814129177e+02,5.036992200000000253e+02
4.093408295832730346e+02,5.036992200000000253e+02
4.093837962373372648e+02,5.036992200000000253e+02
4.095045007958326551e+02,5.036992200000000253e+02
4.090024744779582306e+02,5.036992200000000253e+02
4.096681720083923892e+02,5.036992200000000253e+02
4.097111860347322363e+02,5.036992200000000253e+02
4.098318432209521234e+02,5.036992200000000253e+02
4.097972514475969774e+02,5.036992200000000253e+02
4.099955144335117438e+02,5.036992200000000253e+02
4.100385758321273215e+02,5.036992200000000253e+02
4.101591856460714780e+02,5.036992200000000253e+02
4.099695318655851679e+02,5.036992200000000253e+02
4.103228568586310985e+02,5.036992200000000253e+02
4.103659656295224067e+02,5.036992200000000253e+02
4.104865280711908326e+02,5.036992200000000253e+02
4.104522206137811509e+02,5.036992200000000253e+02
4.106501992837505668e+02,5.036992200000000253e+02
4.106933554269174920e+02,5.036992200000000253e+02
4.108138704963101873e+02,5.036992200000000253e+02
4.865847800000000234e+02,4.054068599999999947e+02
4.109775417088699214e+02,4.324011199999999917e+02
4.110207452243125772e+02,4.324011199999999917e+02
4.111412129214295419e+02,4.324011199999999917e+02
4.111071897799652106e+02,4.324011199999999917e+02
4.113048841339892761e+02,4.324011199999999917e+02
4.113481350217076624e+02,4.324011199999999917e+02
4.114685553465490102e+02,4.324011199999999917e+02
4.112802291425260819e+02,4.324011199999999917e+02
4.116322265591086307e+02,4.324011199999999917e+02
4.116755248191027476e+02,4.324011199999999917e+02
4.117958977716683648e+02,4.324011199999999917e+02
4.117621589461493841e+02,4.324011199999999917e+02
4.119595689842279853e+02,4.324011199999999917e+02
4.120029146164978329e+02,4.324011199999999917e+02
4.121232401967877195e+02,4.324011199999999917e+02
4.116269100928074067e+02,4.324011199999999917e+02
4.122869114093474536e+02,4.324011199999999917e+02
4.123303044138929181e+02,4.324011199999999917e+02
4.124505826219070741e+02,4.324011199999999917e+02
4.124171281123335575e+02,4.324011199999999917e+02
4.126142538344668083e+02,4.324011199999999917e+02
4.126576942112880033e+02,4.324011199999999917e+02
4.127779250470264287e+02,4.324011199999999917e+02
4.125909264194669959e+02,4.324011199999999917e+02
4.129415962595861629e+02,4.324011199999999917e+02
4.129850840086830885e+02,4.324011199999999917e+02
4.131052674721457834e+02,4.324011199999999917e+02
4.130720972785176173e+02,4.324011199999999917e+02
4.132689386847055175e+02,4.324011199999999917e+02
4.133124738060781738e+02,4.324011199999999917e+02
4.134326098972652517e+02,4.324011199999999917e+02
4.123226906976744885e+02,4.324011199999999917e+02
4.135962811098248721e+02,4.324011199999999917e+02
4.136398636034732590e+02,4.324011199999999917e+02
4.137599523223846063e+02,4.324011199999999917e+02
4.137270664447017907e+02,4.324011199999999917e+02
4.139236235349442268e+02,4.324011199999999917e+02
4.139672534008683442e+02,4.324011199999999917e+02
4.140872947475039609e+02,4.324011199999999917e+02
4.139016236964079098e+02,4.324011199999999917e+02
4.142509659600636951e+02,4.324011199999999917e+02
4.142946431982634294e+02,4.324011199999999917e+02
4.144146371726233156e+02,4.324011199999999917e+02
4.143820356108859642e+02,4.324011199999999917e+02
4.145783083851830497e+02,4.324011199999999917e+02
4.146220329956585147e+02,4.324011199999999917e+02
4.147419795977426702e+02,4.324011199999999917e+02
4.142513457076565828e+02,4.324011199999999917e+02
4.149056508103024044e+02,4.324011199999999917e+02
4.149494227930535999e+02,4.324011199999999917e+02
4.150693220228621385e+02,4.324011199999999917e+02
4.150370047770700239e+02,4.324011199999999917e+02
4.152329932354217590e+02,4.324011199999999917e+02
4.152768125904486851e+02,4.324011199999999917e+02
4.153966644479814931e+02,4.324011199999999917e+02
4.152123209733487101e+02,4.324011199999999917e+02
4.155603356605411136e+02,4.324011199999999917e+02
4.156042023878437703e+02,4.324011199999999917e+02
4.157240068731008478e+02,4.324011199999999917e+02
4.156919739432541974e+02,4.324011199999999917e+02
4.158876780856604682e+02,4.324011199999999917e+02
4.159315921852388556e+02,4.324011199999999917e+02
4.160513492982202024e+02,4.324011199999999917e+02
4.691985500000000116e+02,4.169804700000000253e+02
4.162150205107799366e+02,4.896893299999999840e+02
4.162589819826338271e+02,4.896893299999999840e+02
4.163786917233395570e+02,4.896893299999999840e+02
4.163469431094383708e+02,4.896893299999999840e+02
4.165423629358992912e+02,4.896893299999999840e+02
4.165863717800289123e+02,4.896893299999999840e+02
4.167060341484589117e+02,4.896893299999999840e+02
4.165230182502896241e+02,4.896893299999999840e+02
4.168697053610186458e+02,4.896893299999999840e+02
4.169137615774239976e+02,4.896893299999999840e+02
4.170333765735783800e+02,4.896893299999999840e+02
4.170019122756224306e+02,4.896893299999999840e+02
4.171970477861380004e+02,4.896893299999999840e+02
4.172411513748190828e+02,4.896893299999999840e+02
4.173607189986977346e+02,4.896893299999999840e+02
4.168757813225057589e+02,4.896893299999999840e+02
4.175243902112573551e+02,4.896893299999999840e+02
4.175685411722141680e+02,4.896893299999999840e+02
4.176880614238170892e+02,4.896893299999999840e+02
4.176568814418066040e+02,4.896893299999999840e+02
4.178517326363768234e+02,4.896893299999999840e+02
4.178959309696092532e+02,4.896893299999999840e+02
4.180154038489364439e+02,4.896893299999999840e+02
4.178337155272305381e+02,4.896893299999999840e+02
4.181790750614961780e+02,4.896893299999999840e+02
4.182233207670043384e+02,4.896893299999999840e+02
4.183427462740557985e+02,4.896893299999999840e+02
4.183118506079907775e+02,4.896893299999999840e+02
4.185064174866155327e+02,4.896893299999999840e+02
4.185507105643994237e+02,4.896893299999999840e+02
4.186700886991751531e+02,4.896893299999999840e+02
4.175837686046511408e+02,4.896893299999999840e+02
4.188337599117348873e+02,4.896893299999999840e+02
4.188781003617945089e+02,4.896893299999999840e+02
4.189974311242946214e+02,4.896893299999999840e+02
4.189668197741748372e+02,4.896893299999999840e+02
4.191611023368542419e+02,4.896893299999999840e+02
4.192054901591895941e+02,4.896893299999999840e+02
4.193247735494139761e+02,4.896893299999999840e+02
4.191444128041714521e+02,4.896893299999999840e+02
4.194884447619735965e+02,4.896893299999999840e+02
4.195328799565846793e+02,4.896893299999999840e+02
4.196521159745333307e+02,4.896893299999999840e+02
4.196217889403590107e+02,4.896893299999999840e+02
4.198157871870930649e+02,4.896893299999999840e+02
4.198602697539797646e+02,4.896893299999999840e+02
4.199794583996526853e+02,4.896893299999999840e+02
4.195002169373550487e+02,4.896893299999999840e+02
4.201431296122124195e+02,4.896893299999999840e+02
4.201876595513748498e+02,4.896893299999999840e+02
4.203068008247720400e+02,4.896893299999999840e+02
4.202767581065431841e+02,4.896893299999999840e+02
4.204704720373317741e+02,4.896893299999999840e+02
4.205150493487699350e+02,4.896893299999999840e+02
4.206341432498915083e+02,4.896893299999999840e+02
4.204551100811123661e+02,4.896893299999999840e+02
4.207978144624511287e+02,4.896893299999999840e+02
4.208424391461650202e+02,4.896893299999999840e+02
4.209614856750108629e+02,4.896893299999999840e+02
4.209317272727272439e+02,4.896893299999999840e+02
4.211251568875704834e+02,4.896893299999999840e+02
4.211698289435601055e+02,4.896893299999999840e+02
4.212888281001302175e+02,4.896893299999999840e+02
4.535189799999999991e+02,4.313915999999999826e+02
4.214524993126898380e+02,4.479440999999999917e+02
4.214972187409551907e+02,4.479440999999999917e+02
4.216161705252495722e+02,4.479440999999999917e+02
4.215866964389114173e+02,4.479440999999999917e+02
4.217798417378093063e+02,4.479440999999999917e+02
4.218246085383502759e+02,4.479440999999999917e+02
4.219435129503689268e+02,4.479440999999999917e+02
4.217658073580532800e+02,4.479440999999999917e+02
4.221071841629286610e+02,4.479440999999999917e+02
4.221519983357453611e+02,4.479440999999999917e+02
4.222708553754882814e+02,4.479440999999999917e+02
4.222416656050955908e+02,4.479440999999999917e+02
4.224345265880480156e+02,4.479440999999999917e+02
4.224793881331404464e+02,4.479440999999999917e+02
4.225981978006077497e+02,4.479440999999999917e+02
4.221246525522042248e+02,4.479440999999999917e+02
4.227618690131673702e+02,4.479440999999999917e+02
4.228067779305354179e+02,4.479440999999999917e+02
4.229255402257271044e+02,4.479440999999999917e+02
4.228966347712796505e+02,4.479440999999999917e+02
4.230892114382867248e+02,4.479440999999999917e+02
4.231341677279305031e+02,4.479440999999999917e+02
4.232528826508464590e+02,4.479440999999999917e+02
4.230765046349941940e+02,4.479440999999999917e+02
4.234165538634061932e+02,4.479440999999999917e+02
4.234615575253255884e+02,4.479440999999999917e+02
4.235802250759658136e+02,4.479440999999999917e+02
4.235516039374638240e+02,4.479440999999999917e+02
4.237438962885255478e+02,4.479440999999999917e+02
4.237889473227206736e+02,4.479440999999999917e+02
4.239075675010851683e+02,4.479440999999999917e+02
4.228448465116279067e+02,4.479440999999999917e+02
4.240712387136449024e+02,4.674524999999999864e+02
4.241163371201157588e+02,4.674524999999999864e+02
4.242349099262046366e+02,4.674524999999999864e+02
4.242065731036479974e+02,4.674524999999999864e+02
4.243985811387642570e+02,4.674524999999999864e+02
4.244437269175108440e+02,4.674524999999999864e+02
4.245622523513239912e+02,4.674524999999999864e+02
4.243872019119351080e+02,4.674524999999999864e+02
4.247259235638836117e+02,4.674524999999999864e+02
4.247711167149059293e+02,4.674524999999999864e+02
4.248895947764433458e+02,4.674524999999999864e+02
4.248615422698320572e+02,4.674524999999999864e+02
4.250532659890029663e+02,4.674524999999999864e+02
4.250985065123010145e+02,4.674524999999999864e+02
4.252169372015627005e+02,4.674524999999999864e+02
4.247490881670534009e+02,4.674524999999999864e+02
4.253806084141224346e+02,4.674524999999999864e+02
4.254258963096960997e+02,4.674524999999999864e+02
4.255442796266820551e+02,4.674524999999999864e+02
4.255165114360162306e+02,4.674524999999999864e+02
4.257079508392417893e+02,4.674524999999999864e+02
4.257532861070911849e+02,4.674524999999999864e+02
4.258716220518014097e+02,4.674524999999999864e+02
4.256978991888760220e+02,4.674524999999999864e+02
4.260352932643611439e+02,4.674524999999999864e+02
4.260806759044862702e+02,4.674524999999999864e+02
4.261989644769208780e+02,4.674524999999999864e+02
4.261714806022004041e+02,4.674524999999999864e+02
4.263626356894804985e+02,4.674524999999999864e+02
4.264080657018813554e+02,4.674524999999999864e+02
4.265263069020402327e+02,4.674524999999999864e+02
4.444142499999999814e+02,4.432429200000000264e+02
4.266899781145998531e+02,4.674524999999999864e+02
4.267354554992764406e+02,4.674524999999999864e+02
4.268536493271595873e+02,4.674524999999999864e+02
4.268264497683844638e+02,4.674524999999999864e+02
4.270173205397193215e+02,4.674524999999999864e+02
4.270628452966715258e+02,4.674524999999999864e+02
4.271809917522789419e+02,4.674524999999999864e+02
4.270085964658169360e+02,4.674524999999999864e+02
4.273446629648386761e+02,4.674524999999999864e+02
4.273902350940666111e+02,4.674524999999999864e+02
4.275083341773982966e+02,4.674524999999999864e+02
4.274814189345686373e+02,4.674524999999999864e+02
4.276720053899580307e+02,4.674524999999999864e+02
4.277176248914616963e+02,4.674524999999999864e+02
4.278356766025176512e+02,4.674524999999999864e+02
4.273735237819025770e+02,4.674524999999999864e+02
4.279993478150773853e+02,4.674524999999999864e+02
4.280450146888567815e+02,4.674524999999999864e+02
4.281630190276371195e+02,4.674524999999999864e+02
4.281363881007528107e+02,4.674524999999999864e+02
4.283266902401967400e+02,4.674524999999999864e+02
4.283724044862518667e+02,4.674524999999999864e+02
4.284903614527564741e+02,4.674524999999999864e+02
4.283192937427578499e+02,4.674524999999999864e+02
4.286540326653160946e+02,4.674524999999999864e+02
4.286997942836469520e+02,4.674524999999999864e+02
4.288177038778758288e+02,4.674524999999999864e+02
4.287913572669368705e+02,4.674524999999999864e+02
4.289813750904355629e+02,4.674524999999999864e+02
4.290271840810420372e+02,4.674524999999999864e+02
4.291450463029951834e+02,4.674524999999999864e+02
4.281059244186046726e+02,4.674524999999999864e+02
4.293087175155549176e+02,4.674524999999999864e+02
4.293545738784371224e+02,4.674524999999999864e+02
4.294723887281145380e+02,4.674524999999999864e+02
4.294463264331210439e+02,4.674524999999999864e+02
4.296360599406742722e+02,4.674524999999999864e+02
4.296819636758320939e+02,4.674524999999999864e+02
4.297997311532340063e+02,4.674524999999999864e+02
4.296299910196987639e+02,4.674524999999999864e+02
4.299634023657936268e+02,4.674524999999999864e+02
4.300093534732271792e+02,4.674524999999999864e+02
4.301270735783533610e+02,4.674524999999999864e+02
4.301012955993052174e+02,4.674524999999999864e+02
4.302907447909129814e+02,4.674524999999999864e+02
4.303367432706222644e+02,4.674524999999999864e+02
4.304544160034727156e+02,4.674524999999999864e+02
4.299979593967517530e+02,4.674524999999999864e+02
4.306180872160323361e+02,4.674524999999999864e+02
4.306641330680173496e+02,4.674524999999999864e+02
4.307817584285920702e+02,4.674524999999999864e+02
4.307562647654892771e+02,4.674524999999999864e+02
4.309454296411518044e+02,4.674524999999999864e+02
4.309915228654124348e+02,4.674524999999999864e+02
4.311091008537114249e+02,4.674524999999999864e+02
4.309406882966395642e+02,4.674524999999999864e+02
4.312727720662711590e+02,4.674524999999999864e+02
4.313189126628075201e+02,4.674524999999999864e+02
4.314364432788307795e+02,4.674524999999999864e+02
4.314112339316734506e+02,4.674524999999999864e+02
4.316001144913905136e+02,4.674524999999999864e+02
4.316463024602026053e+02,4.674524999999999864e+02
4.317637857039502478e+02,4.674524999999999864e+02
4.375154999999999745e+02,4.629550800000000095e+02
4.319274569165098683e+02,4.629550800000000095e+02
4.319736922575976905e+02,4.629550800000000095e+02
4.320911281290696024e+02,4.629550800000000095e+02
4.320662030978575103e+02,4.629550800000000095e+02
4.322547993416292229e+02,4.629550800000000095e+02
4.323010820549927757e+02,4.629550800000000095e+02
4.324184705541889571e+02,4.629550800000000095e+02
4.322513855735804782e+02,4.629550800000000095e+02
4.325821417667486912e+02,4.629550800000000095e+02
4.326284718523878610e+02,4.629550800000000095e+02
4.327458129793083117e+02,4.629550800000000095e+02
4.327211722640416838e+02,4.629550800000000095e+02
4.329094841918680459e+02,4.629550800000000095e+02
4.329558616497829462e+02,4.629550800000000095e+02
4.330731554044276663e+02,4.629550800000000095e+02
4.326223950116009291e+02,4.629550800000000095e+02
4.332368266169874005e+02,4.629550800000000095e+02
4.332832514471780314e+02,4.629550800000000095e+02
4.334004978295470210e+02,4.629550800000000095e+02
4.333761414302258572e+02,4.629550800000000095e+02
4.335641690421067551e+02,4.629550800000000095e+02
4.336106412445731166e+02,4.629550800000000095e+02
4.337278402546664893e+02,4.629550800000000095e+02
4.335620828505213922e+02,4.629550800000000095e+02
4.338915114672261097e+02,4.629550800000000095e+02
4.339380310419682019e+02,4.629550800000000095e+02
4.340551826797858439e+02,4.629550800000000095e+02
4.340311105964099170e+02,4.629550800000000095e+02
4.342188538923454644e+02,4.629550800000000095e+02
4.342654208393632871e+02,4.629550800000000095e+02
4.343825251049051985e+02,4.629550800000000095e+02
4.333670023255814385e+02,4.629550800000000095e+02
4.345461963174649327e+02,4.629550800000000095e+02
4.345928106367583723e+02,4.629550800000000095e+02
4.347098675300245532e+02,4.629550800000000095e+02
4.346860797625940904e+02,4.629550800000000095e+02
4.348735387425842873e+02,4.629550800000000095e+02
4.349202004341534575e+02,4.629550800000000095e+02
4.350372099551439078e+02,4.629550800000000095e+02
4.348727801274623062e+02,4.629550800000000095e+02
4.352008811677036419e+02,4.629550800000000095e+02
4.352475902315485428e+02,4.629550800000000095e+02
4.353645523802633761e+02,4.629550800000000095e+02
4.353410489287782639e+02,4.629550800000000095e+02
4.355282235928229966e+02,4.629550800000000095e+02
4.355749800289436280e+02,4.629550800000000095e+02
4.356918948053827307e+02,4.629550800000000095e+02
4.352468306264501052e+02,4.629550800000000095e+02
4.358555660179423512e+02,4.629550800000000095e+02
4.359023698263387132e+02,4.629550800000000095e+02
4.360192372305020854e+02,4.629550800000000095e+02
4.359960180949623236e+02,4.629550800000000095e+02
4.361829084430618195e+02,4.629550800000000095e+02
4.362297596237336847e+02,4.629550800000000095e+02
4.363465796556214400e+02,4.629550800000000095e+02
4.361834774044032201e+02,4.629550800000000095e+02
4.365102508681811742e+02,4.629550800000000095e+02
4.365571494211287700e+02,4.629550800000000095e+02
4.366739220807407946e+02,4.629550800000000095e+02
4.366509872611464971e+02,4.629550800000000095e+02
4.368375932933005288e+02,4.629550800000000095e+02
4.368845392185238552e+02,4.629550800000000095e+02
4.370012645058601493e+02,4.629550800000000095e+02
4.423109000000000037e+02,4.822826000000000022e+02
4.371649357184198834e+02,4.629550800000000095e+02
4.372119290159189404e+02,4.629550800000000095e+02
4.373286069309796176e+02,4.629550800000000095e+02
4.373059564273306705e+02,4.629550800000000095e+02
4.374922781435392380e+02,4.629550800000000095e+02
4.375393188133140256e+02,4.629550800000000095e+02
4.376559493560989722e+02,4.629550800000000095e+02
4.374941746813441341e+02,4.629550800000000095e+02
4.378196205686585927e+02,4.629550800000000095e+02
4.378667086107091109e+02,4.629550800000000095e+02
4.379832917812183268e+02,4.629550800000000095e+02
4.379609255935147303e+02,4.629550800000000095e+02
4.381469629937780610e+02,4.629550800000000095e+02
4.381940984081041961e+02,4.629550800000000095e+02
4.383106342063376815e+02,4.629550800000000095e+02
4.378712662412992813e+02,4.629550800000000095e+02
4.384743054188974156e+02,4.629550800000000095e+02
4.385214882054992813e+02,4.629550800000000095e+02
4.386379766314570361e+02,4.629550800000000095e+02
4.386158947596989037e+02,4.629550800000000095e+02
4.388016478440167703e+02,4.629550800000000095e+02
4.388488780028943665e+02,4.629550800000000095e+02
4.389653190565765044e+02,4.629550800000000095e+02
4.388048719582850481e+02,4.629550800000000095e+02
4.391289902691361249e+02,4.629550800000000095e+02
4.391762678002894518e+02,4.629550800000000095e+02
4.392926614816958590e+02,4.629550800000000095e+02
4.392708639258830772e+02,4.629550800000000095e+02
4.394563326942554795e+02,4.629550800000000095e+02
4.395036575976845370e+02,4.629550800000000095e+02
4.396200039068152137e+02,4.629550800000000095e+02
4.386280802325582044e+02,4.629550800000000095e+02
4.397836751193748341e+02,4.822826000000000022e+02
4.398310473950796222e+02,4.822826000000000022e+02
4.399473463319345683e+02,4.822826000000000022e+02
4.399258330920671369e+02,4.822826000000000022e+02
4.401110175444943025e+02,4.822826000000000022e+02
4.401584371924747074e+02,4.822826000000000022e+02
4.402746887570539229e+02,4.822826000000000022e+02
4.401155692352259621e+02,4.822826000000000022e+02
4.404383599696136571e+02,4.822826000000000022e+02
4.404858269898697927e+02,4.822826000000000022e+02
4.406020311821732776e+02,4.822826000000000022e+02
4.405808022582513104e+02,4.822826000000000022e+02
4.407657023947330117e+02,4.822826000000000022e+02
4.408132167872648779e+02,4.822826000000000022e+02
4.409293736072927459e+02,4.822826000000000022e+02
4.404957018561484574e+02,4.822826000000000022e+02
4.410930448198523663e+02,4.822826000000000022e+02
4.411406065846599631e+02,4.822826000000000022e+02
4.412567160324121005e+02,4.822826000000000022e+02
4.412357714244354838e+02,4.822826000000000022e+02
4.414203872449717210e+02,4.822826000000000022e+02
4.414679963820550483e+02,4.822826000000000022e+02
4.415840584575314551e+02,4.822826000000000022e+02
4.414262665121668761e+02,4.822826000000000022e+02
4.417477296700911893e+02,4.822826000000000022e+02
4.417953861794501336e+02,4.822826000000000022e+02
4.419114008826508098e+02,4.822826000000000022e+02
4.418907405906195436e+02,4.822826000000000022e+02
4.420750720952105439e+02,4.822826000000000022e+02
4.421227759768452188e+02,4.822826000000000022e+02
4.422387433077701644e+02,4.822826000000000022e+02
4.579345000000000141e+02,4.970595700000000079e+02
4.424024145203298986e+02,4.432429200000000264e+02
4.424501657742403040e+02,4.432429200000000264e+02
4.425660857328895190e+02,4.432429200000000264e+02
4.425457097568037170e+02,4.432429200000000264e+02
4.427297569454492532e+02,4.432429200000000264e+02
4.427775555716352756e+02,4.432429200000000264e+02
4.428934281580089873e+02,4.432429200000000264e+02
4.427369637891077900e+02,4.432429200000000264e+02
4.430570993705686078e+02,4.432429200000000264e+02
4.431049453690303608e+02,4.432429200000000264e+02
4.432207705831283420e+02,4.432429200000000264e+02
4.432006789229878905e+02,4.432429200000000264e+02
4.433844417956879624e+02,4.432429200000000264e+02
4.434323351664254460e+02,4.432429200000000264e+02
4.435481130082476966e+02,4.432429200000000264e+02
4.431201374709977472e+02,4.432429200000000264e+02
4.437117842208074308e+02,4.432429200000000264e+02
4.437597249638205312e+02,4.432429200000000264e+02
4.438754554333670512e+02,4.432429200000000264e+02
4.438556480891719502e+02,4.432429200000000264e+02
4.440391266459267854e+02,4.432429200000000264e+02
4.440871147612156165e+02,4.432429200000000264e+02
4.442027978584864059e+02,4.432429200000000264e+02
4.440476610660487040e+02,4.432429200000000264e+02
4.443664690710461400e+02,4.432429200000000264e+02
4.444145045586107017e+02,4.432429200000000264e+02
4.445301402836058742e+02,4.432429200000000264e+02
4.445106172553561237e+02,4.432429200000000264e+02
4.446938114961654946e+02,4.432429200000000264e+02
4.447418943560057869e+02,4.432429200000000264e+02
4.448574827087252288e+02,4.432429200000000264e+02
4.438891581395348567e+02,4.432429200000000264e+02
4.450211539212848493e+02,4.432429200000000264e+02
4.450692841534008721e+02,4.432429200000000264e+02
4.451848251338445834e+02,4.432429200000000264e+02
4.451655864215402971e+02,4.432429200000000264e+02
4.453484963464043176e+02,4.432429200000000264e+02
4.453966739507959574e+02,4.432429200000000264e+02
4.455121675589639381e+02,4.432429200000000264e+02
4.453583583429895043e+02,4.432429200000000264e+02
4.456758387715236722e+02,4.432429200000000264e+02
4.457240637481910426e+02,4.432429200000000264e+02
4.458395099840832927e+02,4.432429200000000264e+02
4.458205555877243569e+02,4.432429200000000264e+02
4.460031811966430269e+02,4.432429200000000264e+02
4.460514535455861278e+02,4.432429200000000264e+02
4.461668524092026473e+02,4.432429200000000264e+02
4.457445730858469233e+02,4.432429200000000264e+02
4.463305236217623815e+02,4.432429200000000264e+02
4.463788433429812130e+02,4.432429200000000264e+02
4.464941948343221156e+02,4.432429200000000264e+02
4.464755247539085303e+02,4.432429200000000264e+02
4.466578660468817361e+02,4.432429200000000264e+02
4.467062331403762983e+02,4.432429200000000264e+02
4.468215372594414703e+02,4.432429200000000264e+02
4.466690556199304183e+02,4.432429200000000264e+02
4.469852084720010907e+02,4.432429200000000264e+02
4.470336229377713835e+02,4.432429200000000264e+02
4.471488796845608249e+02,4.432429200000000264e+02
4.471304939200927038e+02,4.432429200000000264e+02
4.473125508971205591e+02,4.432429200000000264e+02
4.473610127351664687e+02,4.432429200000000264e+02
4.474762221096801795e+02,4.432429200000000264e+02
4.867303499999999872e+02,5.114485999999999990e+02
4.476398933222399137e+02,4.313915999999999826e+02
4.476884025325615539e+02,4.313915999999999826e+02
4.478035645347995342e+02,4.313915999999999826e+02
4.477854630862767635e+02,4.313915999999999826e+02
4.479672357473592683e+02,4.313915999999999826e+02
4.480157923299566392e+02,4.313915999999999826e+02
4.481309069599190025e+02,4.313915999999999826e+02
4.479797528968713323e+02,4.313915999999999826e+02
4.482945781724786229e+02,4.313915999999999826e+02
4.483431821273517244e+02,4.313915999999999826e+02
4.484582493850383571e+02,4.313915999999999826e+02
4.484404322524609370e+02,4.313915999999999826e+02
4.486219205975979776e+02,4.313915999999999826e+02
4.486705719247468096e+02,4.313915999999999826e+02
4.487855918101577117e+02,4.313915999999999826e+02
4.483690087006960994e+02,4.313915999999999826e+02
4.489492630227173322e+02,4.313915999999999826e+02
4.489979617221418948e+02,4.313915999999999826e+02
4.491129342352770664e+02,4.313915999999999826e+02
4.490954014186451104e+02,4.313915999999999826e+02
4.492766054478368005e+02,4.313915999999999826e+02
4.493253515195369800e+02,4.313915999999999826e+02
4.494402766603964210e+02,4.313915999999999826e+02
4.492904501738122462e+02,4.313915999999999826e+02
4.496039478729561552e+02,4.313915999999999826e+02
4.496527413169319516e+02,4.313915999999999826e+02
4.497676190855157756e+02,4.313915999999999826e+02
4.497503705848291702e+02,4.313915999999999826e+02
4.499312902980755098e+02,4.313915999999999826e+02
4.499801311143270368e+02,4.313915999999999826e+02
4.500949615106352439e+02,4.313915999999999826e+02
4.491502360465116226e+02,4.313915999999999826e+02
4.502586327231948644e+02,4.313915999999999826e+02
4.503075209117221220e+02,4.313915999999999826e+02
4.504223039357545986e+02,4.313915999999999826e+02
4.504053397510133436e+02,4.313915999999999826e+02
4.505859751483142190e+02,4.313915999999999826e+02
4.506349107091172073e+02,4.313915999999999826e+02
4.507496463608739532e+02,4.313915999999999826e+02
4.506011474507531602e+02,4.313915999999999826e+02
4.509133175734336874e+02,4.313915999999999826e+02
4.509623005065122925e+02,4.313915999999999826e+02
4.510769887859933078e+02,4.313915999999999826e+02
4.510603089171975171e+02,4.313915999999999826e+02
4.512406599985530420e+02,4.313915999999999826e+02
4.512896903039073777e+02,4.313915999999999826e+02
4.514043312111126625e+02,4.313915999999999826e+02
4.509934443155452755e+02,4.313915999999999826e+02
4.515680024236723966e+02,4.313915999999999826e+02
4.516170801013024629e+02,4.313915999999999826e+02
4.517316736362320171e+02,4.313915999999999826e+02
4.517152780833815768e+02,4.313915999999999826e+02
4.518953448487917512e+02,4.313915999999999826e+02
4.519444698986975482e+02,4.313915999999999826e+02
4.520590160613514854e+02,4.313915999999999826e+02
4.519118447276940742e+02,4.313915999999999826e+02
4.522226872739111059e+02,4.313915999999999826e+02
4.522718596960926334e+02,4.313915999999999826e+02
4.523863584864708400e+02,4.313915999999999826e+02
4.523702472495657503e+02,4.313915999999999826e+02
4.525500296990304605e+02,4.313915999999999826e+02
4.525992494934877186e+02,4.313915999999999826e+02
4.527137009115901947e+02,4.313915999999999826e+02
5.187424300000000130e+02,5.160968000000000302e+02
4.528773721241499288e+02,4.313915999999999826e+02
4.529266392908828038e+02,4.313915999999999826e+02
4.530410433367095493e+02,4.313915999999999826e+02
4.530252164157498100e+02,4.313915999999999826e+02
4.532047145492692835e+02,4.313915999999999826e+02
4.532540290882778891e+02,4.313915999999999826e+02
4.533683857618289039e+02,4.313915999999999826e+02
4.532225420046349882e+02,4.313915999999999826e+02
4.535320569743886381e+02,4.313915999999999826e+02
4.535814188856729743e+02,4.313915999999999826e+02
4.536957281869483722e+02,4.313915999999999826e+02
4.536801855819339835e+02,4.313915999999999826e+02
4.538593993995079927e+02,4.313915999999999826e+02
4.539088086830680595e+02,4.313915999999999826e+02
4.540230706120677269e+02,4.313915999999999826e+02
4.536178799303944515e+02,4.313915999999999826e+02
4.541867418246273473e+02,4.313915999999999826e+02
4.542361984804631447e+02,4.313915999999999826e+02
4.543504130371870815e+02,4.313915999999999826e+02
4.543351547481181569e+02,4.313915999999999826e+02
4.545140842497467020e+02,4.313915999999999826e+02
4.545635882778582300e+02,4.313915999999999826e+02
4.546777554623064361e+02,4.313915999999999826e+02
4.545332392815759022e+02,4.313915999999999826e+02
4.548414266748661703e+02,4.313915999999999826e+02
4.548909780752533152e+02,4.313915999999999826e+02
4.550050978874257908e+02,4.313915999999999826e+02
4.549901239143022167e+02,4.313915999999999826e+02
4.551687690999855249e+02,4.313915999999999826e+02
4.552183678726484004e+02,4.313915999999999826e+02
4.553324403125451454e+02,4.313915999999999826e+02
4.544113139534883885e+02,4.313915999999999826e+02
4.554961115251048795e+02,4.970595700000000079e+02
4.555457576700434856e+02,4.970595700000000079e+02
4.556597827376646137e+02,4.970595700000000079e+02
4.556450930804863901e+02,4.970595700000000079e+02
4.558234539502242342e+02,4.970595700000000079e+02
4.558731474674385709e+02,4.970595700000000079e+02
4.559871251627839683e+02,4.970595700000000079e+02
4.558439365585168161e+02,4.970595700000000079e+02
4.561507963753435888e+02,4.970595700000000079e+02
4.562005372648335424e+02,4.970595700000000079e+02
4.563144675879033230e+02,4.970595700000000079e+02
4.563000622466705636e+02,4.970595700000000079e+02
4.564781388004630571e+02,4.970595700000000079e+02
4.565279270622286276e+02,4.970595700000000079e+02
4.566418100130226776e+02,4.970595700000000079e+02
4.562423155452436276e+02,4.970595700000000079e+02
4.568054812255824118e+02,4.970595700000000079e+02
4.568553168596237128e+02,4.970595700000000079e+02
4.569691524381420322e+02,4.970595700000000079e+02
4.569550314128546233e+02,4.970595700000000079e+02
4.571328236507017664e+02,4.970595700000000079e+02
4.571827066570187981e+02,4.970595700000000079e+02
4.572964948632615005e+02,4.970595700000000079e+02
4.571546338354577301e+02,4.970595700000000079e+02
4.574601660758211210e+02,4.970595700000000079e+02
4.575100964544138833e+02,4.970595700000000079e+02
4.576238372883808552e+02,4.970595700000000079e+02
4.576100005790387968e+02,4.970595700000000079e+02
4.577875085009404756e+02,4.970595700000000079e+02
4.578374862518089685e+02,4.970595700000000079e+02
4.579511797135002098e+02,4.970595700000000079e+02
5.491974000000000160e+02,5.123891599999999471e+02
4.581148509260598303e+02,4.970595700000000079e+02
4.581648760492040537e+02,4.970595700000000079e+02
4.582785221386195644e+02,4.970595700000000079e+02
4.582649697452229702e+02,4.970595700000000079e+02
4.584421933511792986e+02,4.970595700000000079e+02
4.584922658465991390e+02,4.970595700000000079e+02
4.586058645637389191e+02,4.970595700000000079e+02
4.584653311123986441e+02,4.970595700000000079e+02
4.587695357762986532e+02,4.970595700000000079e+02
4.588196556439942242e+02,4.970595700000000079e+02
4.589332069888582737e+02,4.970595700000000079e+02
4.589199389114070300e+02,4.970595700000000079e+02
4.590968782014180078e+02,4.970595700000000079e+02
4.591470454413893094e+02,4.970595700000000079e+02
4.592605494139777420e+02,4.970595700000000079e+02
4.588667511600928037e+02,4.970595700000000079e+02
4.594242206265373625e+02,4.970595700000000079e+02
4.594744352387843946e+02,4.970595700000000079e+02
4.595878918390970966e+02,4.970595700000000079e+02
4.595749080775912034e+02,4.970595700000000079e+02
4.597515630516567171e+02,4.970595700000000079e+02
4.598018250361794799e+02,4.970595700000000079e+02
4.599152342642164513e+02,4.970595700000000079e+02
4.597760283893394444e+02,4.970595700000000079e+02
4.600789054767761854e+02,4.970595700000000079e+02
4.601292148335745651e+02,4.970595700000000079e+02
4.602425766893358059e+02,4.970595700000000079e+02
4.602298772437753769e+02,4.970595700000000079e+02
4.604062479018955401e+02,4.970595700000000079e+02
4.604566046309696503e+02,4.970595700000000079e+02
4.605699191144551605e+02,4.970595700000000079e+02
4.596723918604651544e+02,4.970595700000000079e+02
4.607335903270148947e+02,4.970595700000000079e+02
4.607839944283647355e+02,4.970595700000000079e+02
4.608972615395745152e+02,4.970595700000000079e+02
4.608848464099594366e+02,4.970595700000000079e+02
4.610609327521342493e+02,4.970595700000000079e+02
4.611113842257598208e+02,4.970595700000000079e+02
4.612246039646939835e+02,4.970595700000000079e+02
4.610867256662803584e+02,4.970595700000000079e+02
4.613882751772536039e+02,4.970595700000000079e+02
4.614387740231549060e+02,4.970595700000000079e+02
4.615519463898133381e+02,4.970595700000000079e+02
4.615398155761436101e+02,4.970595700000000079e+02
4.617156176023729586e+02,4.970595700000000079e+02
4.617661638205499912e+02,4.970595700000000079e+02
4.618792888149326927e+02,4.970595700000000079e+02
4.614911867749419798e+02,4.970595700000000079e+02
4.620429600274924269e+02,4.970595700000000079e+02
4.620935536179450764e+02,4.970595700000000079e+02
4.622066312400520474e+02,4.970595700000000079e+02
4.621947847423277835e+02,4.970595700000000079e+02
4.623703024526117815e+02,4.970595700000000079e+02
4.624209434153401617e+02,4.970595700000000079e+02
4.625339736651714020e+02,4.970595700000000079e+02
4.623974229432212724e+02,4.970595700000000079e+02
4.626976448777311361e+02,4.970595700000000079e+02
4.627483332127351332e+02,4.970595700000000079e+02
4.628613160902908703e+02,4.970595700000000079e+02
4.628497539085118433e+02,4.970595700000000079e+02
4.630249873028504908e+02,4.970595700000000079e+02
4.630757230101302184e+02,4.970595700000000079e+02
4.631886585154102249e+02,4.970595700000000079e+02
5.726590599999999540e+02,5.028868400000000065e+02
4.633523297279698454e+02,4.169804700000000253e+02
4.634031128075253037e+02,4.169804700000000253e+02
4.635160009405295796e+02,4.169804700000000253e+02
4.635047230746960167e+02,4.169804700000000253e+02
4.636796721530892000e+02,4.169804700000000253e+02
4.637305026049203889e+02,4.169804700000000253e+02
4.638433433656489342e+02,4.169804700000000253e+02
4.637081202201621863e+02,4.169804700000000253e+02
4.640070145782086684e+02,4.169804700000000253e+02
4.640578924023154741e+02,4.169804700000000253e+02
4.641706857907682888e+02,4.169804700000000253e+02
4.641596922408801902e+02,4.169804700000000253e+02
4.643343570033280230e+02,4.169804700000000253e+02
4.643852821997105593e+02,4.169804700000000253e+02
4.644980282158876435e+02,4.169804700000000253e+02
4.641156223897911559e+02,4.169804700000000253e+02
4.646616994284473776e+02,4.169804700000000253e+02
4.647126719971056446e+02,4.169804700000000253e+02
4.648253706410071118e+02,4.169804700000000253e+02
4.648146614070642499e+02,4.169804700000000253e+02
4.649890418535667322e+02,4.169804700000000253e+02
4.650400617945007298e+02,4.169804700000000253e+02
4.651527130661264664e+02,4.169804700000000253e+02
4.650188174971031003e+02,4.169804700000000253e+02
4.653163842786860869e+02,4.169804700000000253e+02
4.653674515918958150e+02,4.169804700000000253e+02
4.654800554912458210e+02,4.169804700000000253e+02
4.654696305732484234e+02,4.169804700000000253e+02
4.656437267038055552e+02,4.169804700000000253e+02
4.656948413892909002e+02,4.169804700000000253e+02
4.658073979163651757e+02,4.169804700000000253e+02
4.649334697674419203e+02,4.169804700000000253e+02
4.659710691289249098e+02,4.169804700000000253e+02
4.660222311866859854e+02,4.169804700000000253e+02
4.661347403414845303e+02,4.169804700000000253e+02
4.661245997394325968e+02,4.169804700000000253e+02
4.662984115540442644e+02,4.169804700000000253e+02
4.663496209840810707e+02,4.169804700000000253e+02
4.664620827666038849e+02,4.169804700000000253e+02
4.663295147740440143e+02,4.169804700000000253e+02
4.666257539791636191e+02,4.169804700000000253e+02
4.666770107814761559e+02,4.169804700000000253e+02
4.667894251917233532e+02,4.169804700000000253e+02
4.667795689056166566e+02,4.169804700000000253e+02
4.669530964042829737e+02,4.169804700000000253e+02
4.670044005788712411e+02,4.169804700000000253e+02
4.671167676168427079e+02,4.169804700000000253e+02
4.667400580046403320e+02,4.169804700000000253e+02
4.672804388294023283e+02,4.169804700000000253e+02
4.673317903762663263e+02,4.169804700000000253e+02
4.674441100419620625e+02,4.169804700000000253e+02
4.674345380718008300e+02,4.169804700000000253e+02
4.676077812545217967e+02,4.169804700000000253e+02
4.676591801736614116e+02,4.169804700000000253e+02
4.677714524670814171e+02,4.169804700000000253e+02
4.676402120509849283e+02,4.169804700000000253e+02
4.679351236796411513e+02,4.169804700000000253e+02
4.679865699710564968e+02,4.169804700000000253e+02
4.680987948922007718e+02,4.169804700000000253e+02
4.680895072379850035e+02,4.169804700000000253e+02
4.682624661047605059e+02,4.169804700000000253e+02
4.683139597684515820e+02,4.169804700000000253e+02
4.684261373173202401e+02,4.169804700000000253e+02
5.874577000000000453e+02,4.852124000000000024e+02
4.685898085298798605e+02,4.169804700000000253e+02
4.686413495658466672e+02,4.169804700000000253e+02
4.687534797424395947e+02,4.169804700000000253e+02
4.687444764041690632e+02,4.169804700000000253e+02
4.689171509549992152e+02,4.169804700000000253e+02
4.689687393632417525e+02,4.169804700000000253e+02
4.690808221675589493e+02,4.169804700000000253e+02
4.689509093279258423e+02,4.169804700000000253e+02
4.692444933801186835e+02,4.169804700000000253e+02
4.692961291606367240e+02,4.169804700000000253e+02
4.694081645926783040e+02,4.169804700000000253e+02
4.693994455703532367e+02,4.169804700000000253e+02
4.695718358052380381e+02,4.169804700000000253e+02
4.696235189580318092e+02,4.169804700000000253e+02
4.697355070177976586e+02,4.169804700000000253e+02
4.693644936194896218e+02,4.169804700000000253e+02
4.698991782303573927e+02,4.169804700000000253e+02
4.699509087554268945e+02,4.169804700000000253e+02
4.700628494429170132e+02,4.169804700000000253e+02
4.700544147365374101e+02,4.169804700000000253e+02
4.702265206554767474e+02,4.169804700000000253e+02
4.702782985528219797e+02,4.169804700000000253e+02
4.703901918680364815e+02,4.169804700000000253e+02
4.702616066048667562e+02,4.169804700000000253e+02
4.705538630805961020e+02,4.169804700000000253e+02
4.706056883502170649e+02,4.169804700000000253e+02
4.707175342931558362e+02,4.169804700000000253e+02
4.707093839027214699e+02,4.169804700000000253e+02
4.708812055057154566e+02,4.169804700000000253e+02
4.709330781476121501e+02,4.169804700000000253e+02
4.710448767182751908e+02,4.169804700000000253e+02
4.701945476744185726e+02,4.169804700000000253e+02
4.712085479308349250e+02,4.169804700000000253e+02
4.712604679450072354e+02,4.169804700000000253e+02
4.713722191433945454e+02,4.169804700000000253e+02
4.713643530689056433e+02,4.169804700000000253e+02
4.715358903559542796e+02,4.169804700000000253e+02
4.715878577424023206e+02,4.169804700000000253e+02
4.716995615685139001e+02,4.169804700000000253e+02
4.715723038818076702e+02,4.169804700000000253e+02
4.718632327810736342e+02,4.169804700000000253e+02
4.719152475397974058e+02,4.169804700000000253e+02
4.720269039936333684e+02,4.169804700000000253e+02
4.720193222350898168e+02,4.169804700000000253e+02
4.721905752061929888e+02,4.169804700000000253e+02
4.722426373371924910e+02,4.169804700000000253e+02
4.723542464187527230e+02,4.169804700000000253e+02
4.719889292343387979e+02,4.169804700000000253e+02
4.725179176313123435e+02,4.169804700000000253e+02
4.725700271345875763e+02,4.169804700000000253e+02
4.726815888438720776e+02,4.169804700000000253e+02
4.726742914012738765e+02,4.169804700000000253e+02
4.728452600564316981e+02,4.169804700000000253e+02
4.728974169319826615e+02,4.169804700000000253e+02
4.730089312689914323e+02,4.169804700000000253e+02
4.728830011587485842e+02,4.169804700000000253e+02
4.731726024815511664e+02,4.169804700000000253e+02
4.732248067293777467e+02,4.169804700000000253e+02
4.733362736941107869e+02,4.169804700000000253e+02
4.733292605674580500e+02,4.169804700000000253e+02
4.734999449066705210e+02,4.169804700000000253e+02
4.735521965267728319e+02,4.169804700000000253e+02
4.736636161192301415e+02,4.169804700000000253e+02
6.009085000000000036e+02,4.491927499999999895e+02
4.738272873317898757e+02,4.403546000000000049e+02
4.738795863241679172e+02,4.403546000000000049e+02
4.739909585443496098e+02,4.403546000000000049e+02
4.739842297336421097e+02,4.403546000000000049e+02
4.741546297569092303e+02,4.403546000000000049e+02
4.742069761215630024e+02,4.403546000000000049e+02
4.743183009694689645e+02,4.403546000000000049e+02
4.741936984356893845e+02,4.403546000000000049e+02
4.744819721820285849e+02,4.403546000000000049e+02
4.745343659189580876e+02,4.403546000000000049e+02
4.746456433945883191e+02,4.403546000000000049e+02
4.746391988998262832e+02,4.403546000000000049e+02
4.748093146071480533e+02,4.403546000000000049e+02
4.748617557163531728e+02,4.403546000000000049e+02
4.749729858197076737e+02,4.403546000000000049e+02
4.746133648491879740e+02,4.403546000000000049e+02
4.751366570322674079e+02,4.610095200000000091e+02
4.751891455137482581e+02,4.610095200000000091e+02
4.753003282448270284e+02,4.610095200000000091e+02
4.752941680660104566e+02,4.610095200000000091e+02
4.754639994573867625e+02,4.610095200000000091e+02
4.755165353111433433e+02,4.610095200000000091e+02
4.756276706699463830e+02,4.610095200000000091e+02
4.755043957126302985e+02,4.610095200000000091e+02
4.757913418825061171e+02,4.610095200000000091e+02
4.758439251085384285e+02,4.610095200000000091e+02
4.759550130950658513e+02,4.610095200000000091e+02
4.759491372321945164e+02,4.610095200000000091e+02
4.761186843076254718e+02,4.610095200000000091e+02
4.761713149059334000e+02,4.610095200000000091e+02
4.762823555201852059e+02,4.610095200000000091e+02
4.754556255813953385e+02,4.610095200000000091e+02
4.764460267327448264e+02,4.610095200000000091e+02
4.764987047033284853e+02,4.610095200000000091e+02
4.766096979453045606e+02,4.610095200000000091e+02
4.766041063983786898e+02,4.610095200000000091e+02
4.767733691578642947e+02,4.610095200000000091e+02
4.768260945007235705e+02,4.610095200000000091e+02
4.769370403704239152e+02,4.610095200000000091e+02
4.768150929895712125e+02,4.610095200000000091e+02
4.771007115829836494e+02,4.610095200000000091e+02
4.771534842981186557e+02,4.610095200000000091e+02
4.772643827955432698e+02,4.610095200000000091e+02
4.772590755645628633e+02,4.610095200000000091e+02
4.774280540081030040e+02,4.610095200000000091e+02
4.774808740955137409e+02,4.610095200000000091e+02
4.775917252206627381e+02,4.610095200000000091e+02
4.772378004640371500e+02,4.610095200000000091e+02
4.777553964332223586e+02,4.610095200000000091e+02
4.778082638929088262e+02,4.610095200000000091e+02
4.779190676457820928e+02,4.610095200000000091e+02
4.779140447307469231e+02,4.610095200000000091e+02
4.780827388583417132e+02,4.610095200000000091e+02
4.781356536903039114e+02,4.610095200000000091e+02
4.782464100709014474e+02,4.610095200000000091e+02
4.781257902665121264e+02,4.610095200000000091e+02
4.784100812834611816e+02,4.610095200000000091e+02
4.784630434876989966e+02,4.610095200000000091e+02
4.785737524960208020e+02,4.610095200000000091e+02
4.785690138969310965e+02,4.610095200000000091e+02
4.787374237085805362e+02,4.610095200000000091e+02
4.787904332850940818e+02,4.610095200000000091e+02
4.789010949211401567e+02,4.610095200000000091e+02
6.023576000000000477e+02,4.199232200000000148e+02
4.790647661336998908e+02,4.610095200000000091e+02
4.791178230824891671e+02,4.610095200000000091e+02
4.792284373462595113e+02,4.610095200000000091e+02
4.792239830631152699e+02,4.610095200000000091e+02
4.793921085588192454e+02,4.610095200000000091e+02
4.794452128798842523e+02,4.610095200000000091e+02
4.795557797713789796e+02,4.610095200000000091e+02
4.794364875434530404e+02,4.610095200000000091e+02
4.797194509839386001e+02,4.610095200000000091e+02
4.797726026772793375e+02,4.610095200000000091e+02
4.798831221964983342e+02,4.610095200000000091e+02
4.798789522292993297e+02,4.610095200000000091e+02
4.800467934090579547e+02,4.610095200000000091e+02
4.800999924746744227e+02,4.610095200000000091e+02
4.802104646216176889e+02,4.610095200000000091e+02
4.798622360788863261e+02,4.610095200000000091e+02
4.803741358341774230e+02,4.610095200000000091e+02
4.804273822720695080e+02,4.610095200000000091e+02
4.805378070467370435e+02,4.610095200000000091e+02
4.805339213954835031e+02,4.610095200000000091e+02
4.807014782592967777e+02,4.610095200000000091e+02
4.807547720694645932e+02,4.610095200000000091e+02
4.808651494718563981e+02,4.610095200000000091e+02
4.807471848203939544e+02,4.610095200000000091e+02
4.810288206844161323e+02,4.610095200000000091e+02
4.810821618668596784e+02,4.610095200000000091e+02
4.811924918969758664e+02,4.610095200000000091e+02
4.811888905616676766e+02,4.610095200000000091e+02
4.813561631095354869e+02,4.610095200000000091e+02
4.814095516642547636e+02,4.610095200000000091e+02
4.815198343220952211e+02,4.610095200000000091e+02
4.807167034883721044e+02,4.610095200000000091e+02
4.816835055346548415e+02,4.610095200000000091e+02
4.817369414616498489e+02,4.610095200000000091e+02
4.818471767472145757e+02,4.610095200000000091e+02
4.818438597278517364e+02,4.610095200000000091e+02
4.820108479597741962e+02,4.610095200000000091e+02
4.820643312590449341e+02,4.610095200000000091e+02
4.821745191723339303e+02,4.610095200000000091e+02
4.820578820973348684e+02,4.610095200000000091e+02
4.823381903848936645e+02,4.610095200000000091e+02
4.823917210564400193e+02,4.610095200000000091e+02
4.825018615974532850e+02,4.610095200000000091e+02
4.824988288940359098e+02,4.610095200000000091e+02
4.826655328100130191e+02,4.610095200000000091e+02
4.827191108538349908e+02,4.610095200000000091e+02
4.828292040225726396e+02,4.610095200000000091e+02
4.824866716937355022e+02,4.610095200000000091e+02
4.829928752351323737e+02,4.610095200000000091e+02
4.830465006512300761e+02,4.610095200000000091e+02
4.831565464476921079e+02,4.610095200000000091e+02
4.831537980602200832e+02,4.610095200000000091e+02
4.833202176602517284e+02,4.610095200000000091e+02
4.833738904486251613e+02,4.610095200000000091e+02
4.834838888728114625e+02,4.610095200000000091e+02
4.833685793742757824e+02,4.610095200000000091e+02
4.836475600853710830e+02,4.610095200000000091e+02
4.837012802460202465e+02,4.610095200000000091e+02
4.838112312979308172e+02,4.610095200000000091e+02
4.838087672264041430e+02,4.610095200000000091e+02
4.839749025104905513e+02,4.610095200000000091e+02
4.840286700434153317e+02,4.610095200000000091e+02
4.841385737230501718e+02,4.610095200000000091e+02
5.969634399999999914e+02,4.015099999999999909e+02
4.843022449356099060e+02,4.054068599999999947e+02
4.843560598408104170e+02,4.054068599999999947e+02
4.844659161481695264e+02,4.054068599999999947e+02
4.844637363925883164e+02,4.054068599999999947e+02
4.846295873607292606e+02,4.054068599999999947e+02
4.846834496382055022e+02,4.054068599999999947e+02
4.847932585732888811e+02,4.054068599999999947e+02
4.846792766512166963e+02,4.054068599999999947e+02
4.849569297858486152e+02,4.054068599999999947e+02
4.850108394356005874e+02,4.054068599999999947e+02
4.851206009984083494e+02,4.054068599999999947e+02
4.851187055587724899e+02,4.054068599999999947e+02
4.852842722109679698e+02,4.054068599999999947e+02
4.853382292329956726e+02,4.054068599999999947e+02
4.854479434235277040e+02,4.054068599999999947e+02
4.851111073085846783e+02,4.054068599999999947e+02
4.856116146360873245e+02,4.054068599999999947e+02
4.856656190303907579e+02,4.054068599999999947e+02
4.857752858486470586e+02,4.054068599999999947e+02
4.857736747249565497e+02,4.054068599999999947e+02
4.859389570612067928e+02,4.054068599999999947e+02
4.859930088277858431e+02,4.054068599999999947e+02
4.861026282737664133e+02,4.054068599999999947e+02
4.859899739281576103e+02,4.054068599999999947e+02
4.862662994863261474e+02,4.054068599999999947e+02
4.863203986251809283e+02,4.054068599999999947e+02
4.864299706988857679e+02,4.054068599999999947e+02
4.864286438911407231e+02,4.054068599999999947e+02
4.865936419114455020e+02,4.054068599999999947e+02
4.866477884225760135e+02,4.054068599999999947e+02
4.867573131240052362e+02,5.114485999999999990e+02
4.859777813953488703e+02,4.054068599999999947e+02
4.869209843365648567e+02,4.112116700000000264e+02
4.869751782199710988e+02,4.112116700000000264e+02
4.870846555491245908e+02,4.112116700000000264e+02
4.870836130573248965e+02,4.112116700000000264e+02
4.872483267616842113e+02,4.112116700000000264e+02
4.873025680173661840e+02,4.112116700000000264e+02
4.874119979742439455e+02,4.112116700000000264e+02
4.873006712050985243e+02,4.112116700000000264e+02
4.875756691868035659e+02,4.112116700000000264e+02
4.876299578147612692e+02,4.112116700000000264e+02
4.877393403993633001e+02,4.112116700000000264e+02
4.877385822235089563e+02,4.112116700000000264e+02
4.879030116119230343e+02,4.112116700000000264e+02
4.879573476121563544e+02,4.112116700000000264e+02
4.880666828244826547e+02,4.112116700000000264e+02
4.877355429234338544e+02,4.112116700000000264e+02
4.882303540370423889e+02,4.112116700000000264e+02
4.882847374095514397e+02,4.112116700000000264e+02
4.883940252496020094e+02,4.112116700000000264e+02
4.883935513896931297e+02,4.112116700000000264e+02
4.885576964621617435e+02,4.112116700000000264e+02
4.886121272069465249e+02,4.112116700000000264e+02
4.887213676747214777e+02,4.112116700000000264e+02
4.886113684820393246e+02,4.112116700000000264e+02
4.888850388872810981e+02,4.112116700000000264e+02
4.889395170043416101e+02,4.112116700000000264e+02
4.890487100998408323e+02,4.112116700000000264e+02
4.890485205558773032e+02,4.112116700000000264e+02
4.892123813124004528e+02,4.112116700000000264e+02
4.892669068017365817e+02,4.112116700000000264e+02
4.893760525249601869e+02,4.112116700000000264e+02
5.872303500000000440e+02,3.887602499999999850e+02
4.895397237375199211e+02,4.112116700000000264e+02
4.895942965991316669e+02,4.112116700000000264e+02
4.897033949500795416e+02,4.112116700000000264e+02
4.897034897220613630e+02,4.112116700000000264e+02
4.898670661626392757e+02,4.112116700000000264e+02
4.899216863965267521e+02,4.112116700000000264e+02
4.900307373751988962e+02,4.112116700000000264e+02
4.899220657589802386e+02,4.112116700000000264e+02
4.901944085877586303e+02,4.112116700000000264e+02
4.902490761939218373e+02,4.112116700000000264e+02
4.903580798003183645e+02,4.112116700000000264e+02
4.903584588882455364e+02,4.112116700000000264e+02
4.905217510128779850e+02,4.112116700000000264e+02
4.905764659913169226e+02,4.112116700000000264e+02
4.906854222254377191e+02,4.112116700000000264e+02
4.903599785382830305e+02,4.112116700000000264e+02
4.908490934379973396e+02,4.112116700000000264e+02
4.909038557887120078e+02,4.112116700000000264e+02
4.910127646505570738e+02,4.112116700000000264e+02
4.910134280544297098e+02,4.112116700000000264e+02
4.911764358631166942e+02,4.112116700000000264e+02
4.912312455861070930e+02,4.112116700000000264e+02
4.913401070756764284e+02,4.112116700000000264e+02
4.912327630359211526e+02,4.112116700000000264e+02
4.915037782882361626e+02,4.112116700000000264e+02
4.915586353835021782e+02,4.112116700000000264e+02
4.916674495007957830e+02,4.112116700000000264e+02
4.916683972206137696e+02,4.112116700000000264e+02
4.918311207133555172e+02,4.112116700000000264e+02
4.918860251808972635e+02,4.112116700000000264e+02
4.919947919259151377e+02,4.112116700000000264e+02
4.912388593023256362e+02,4.112116700000000264e+02
4.921584631384748718e+02,4.112116700000000264e+02
4.922134149782923487e+02,4.112116700000000264e+02
4.923221343510346060e+02,4.112116700000000264e+02
4.923233663867979431e+02,4.112116700000000264e+02
4.924858055635942264e+02,4.112116700000000264e+02
4.925408047756874339e+02,4.112116700000000264e+02
4.926494767761539606e+02,4.112116700000000264e+02
4.925434603128620665e+02,4.112116700000000264e+02
4.928131479887135811e+02,4.112116700000000264e+02
4.928681945730825191e+02,4.112116700000000264e+02
4.929768192012733152e+02,4.112116700000000264e+02
4.929783355529821165e+02,4.112116700000000264e+02
4.931404904138330494e+02,4.112116700000000264e+02
4.931955843704776044e+02,4.112116700000000264e+02
4.933041616263926699e+02,4.112116700000000264e+02
4.929844141531323203e+02,4.112116700000000264e+02
4.934678328389524040e+02,4.112116700000000264e+02
4.935229741678726896e+02,4.112116700000000264e+02
4.936315040515120245e+02,4.112116700000000264e+02
4.936333047191661763e+02,4.112116700000000264e+02
4.937951752640717586e+02,4.112116700000000264e+02
4.938503639652677748e+02,4.112116700000000264e+02
4.939588464766313791e+02,4.112116700000000264e+02
4.938541575898029805e+02,4.112116700000000264e+02
4.941225176891911133e+02,4.112116700000000264e+02
4.941777537626628600e+02,4.112116700000000264e+02
4.942861889017508474e+02,4.112116700000000264e+02
4.942882738853503497e+02,4.112116700000000264e+02
4.944498601143104679e+02,4.112116700000000264e+02
4.945051435600579453e+02,4.112116700000000264e+02
4.946135313268702021e+02,4.112116700000000264e+02
5.639456000000000131e+02,3.773097000000000207e+02
4.947772025394298225e+02,3.991592999999999734e+02
4.948325333574530305e+02,3.991592999999999734e+02
4.949408737519895567e+02,3.991592999999999734e+02
4.949432430515344095e+02,3.991592999999999734e+02
4.951045449645492909e+02,3.991592999999999734e+02
4.951599231548481157e+02,3.991592999999999734e+02
4.952682161771089113e+02,3.991592999999999734e+02
4.951648548667438945e+02,3.991592999999999734e+02
4.954318873896686455e+02,3.991592999999999734e+02
4.954873129522432009e+02,3.991592999999999734e+02
4.955955586022282660e+02,3.991592999999999734e+02
4.955982122177185829e+02,3.991592999999999734e+02
4.957592298147880001e+02,3.991592999999999734e+02
4.958147027496382862e+02,3.991592999999999734e+02
4.959229010273477343e+02,3.991592999999999734e+02
4.956088497679814964e+02,3.991592999999999734e+02
4.960865722399073547e+02,3.991592999999999734e+02
4.961420925470332577e+02,3.991592999999999734e+02
4.962502434524670889e+02,3.991592999999999734e+02
4.962531813839027564e+02,3.991592999999999734e+02
4.964139146650267094e+02,3.991592999999999734e+02
4.964694823444283429e+02,3.991592999999999734e+02
4.965775858775864435e+02,3.991592999999999734e+02
4.964755521436848085e+02,3.991592999999999734e+02
4.967412570901460640e+02,3.991592999999999734e+02
4.967968721418234281e+02,3.991592999999999734e+02
4.969049283027057982e+02,3.991592999999999734e+02
4.969081505500868161e+02,3.991592999999999734e+02
4.970685995152655323e+02,3.991592999999999734e+02
4.971242619392185134e+02,3.991592999999999734e+02
4.972322707278251528e+02,3.991592999999999734e+02
4.964999372093024022e+02,3.991592999999999734e+02
4.973959419403848869e+02,3.991592999999999734e+02
4.974516517366135986e+02,3.991592999999999734e+02
4.975596131529445074e+02,3.991592999999999734e+02
4.975631197162709896e+02,3.991592999999999734e+02
4.977232843655042416e+02,3.991592999999999734e+02
4.977790415340086838e+02,3.991592999999999734e+02
4.978869555780639757e+02,3.991592999999999734e+02
4.977862494206257225e+02,3.991592999999999734e+02
4.980506267906235962e+02,3.991592999999999734e+02
4.981064313314037690e+02,3.991592999999999734e+02
4.982142980031833304e+02,3.991592999999999734e+02
4.982180888824551630e+02,3.991592999999999734e+02
4.983779692157429508e+02,3.991592999999999734e+02
4.984338211287988543e+02,3.991592999999999734e+02
4.985416404283026850e+02,3.991592999999999734e+02
4.982332853828306725e+02,3.991592999999999734e+02
4.987053116408624192e+02,3.991592999999999734e+02
4.987612109261939395e+02,3.991592999999999734e+02
4.988689828534220396e+02,3.991592999999999734e+02
4.988730580486392228e+02,3.991592999999999734e+02
4.990326540659817738e+02,3.991592999999999734e+02
4.990886007235890247e+02,3.991592999999999734e+02
4.991963252785413943e+02,3.991592999999999734e+02
4.990969466975666364e+02,3.991592999999999734e+02
4.993599964911011284e+02,3.991592999999999734e+02
4.994159905209841099e+02,3.991592999999999734e+02
4.995236677036607489e+02,3.991592999999999734e+02
4.995280272148233962e+02,3.991592999999999734e+02
4.996873389162204830e+02,3.991592999999999734e+02
4.997433803183791952e+02,3.991592999999999734e+02
4.998510101287802172e+02,3.991592999999999734e+02
5.416055999999999813e+02,3.782426800000000071e+02
5.000146813413398377e+02,4.001661399999999844e+02
5.000707701157742804e+02,4.001661399999999844e+02
5.001783525538995718e+02,4.001661399999999844e+02
5.001829963810075697e+02,4.001661399999999844e+02
5.003420237664591923e+02,4.001661399999999844e+02
5.003981599131693656e+02,4.001661399999999844e+02
5.005056949790189265e+02,4.001661399999999844e+02
5.004076439745075504e+02,4.001661399999999844e+02
5.006693661915786606e+02,4.001661399999999844e+02
5.007255497105644508e+02,4.001661399999999844e+02
5.008330374041382811e+02,4.001661399999999844e+02
5.008379655471916294e+02,4.001661399999999844e+02
5.009967086166980152e+02,4.001661399999999844e+02
5.010529395079595361e+02,4.001661399999999844e+02
5.011603798292576357e+02,4.001661399999999844e+02
5.008577209976798486e+02,4.001661399999999844e+02
5.013240510418173699e+02,4.001661399999999844e+02
5.013803293053546213e+02,4.001661399999999844e+02
5.014877222543771040e+02,4.001661399999999844e+02
5.014929347133758029e+02,4.001661399999999844e+02
5.016513934669367245e+02,4.001661399999999844e+02
5.017077191027497065e+02,4.001661399999999844e+02
5.018150646794964587e+02,4.001661399999999844e+02
5.017183412514484644e+02,4.001661399999999844e+02
5.019787358920560791e+02,4.001661399999999844e+02
5.020351089001447917e+02,4.001661399999999844e+02
5.021424071046158133e+02,4.001661399999999844e+02
5.021479038795599763e+02,4.001661399999999844e+02
5.023060783171755475e+02,4.001661399999999844e+02
5.023624986975398770e+02,4.001661399999999844e+02
5.024697495297351679e+02,4.001661399999999844e+02
5.017610151162790544e+02,4.001661399999999844e+02
5.026334207422949021e+02,4.001661399999999844e+02
5.026898884949348485e+02,4.001661399999999844e+02
5.027970919548545226e+02,4.001661399999999844e+02
5.028028730457440361e+02,4.001661399999999844e+02
5.029607631674142567e+02,4.001661399999999844e+02
5.030172782923299337e+02,4.001661399999999844e+02
5.031244343799738772e+02,4.001661399999999844e+02
5.030290385283892647e+02,4.001661399999999844e+02
5.032881055925336113e+02,4.001661399999999844e+02
5.033446680897250189e+02,4.001661399999999844e+02
5.034517768050933455e+02,4.001661399999999844e+02
5.034578422119282095e+02,4.001661399999999844e+02
5.036154480176529660e+02,4.001661399999999844e+02
5.036720578871201042e+02,4.001661399999999844e+02
5.037791192302127001e+02,4.001661399999999844e+02
5.034821566125290246e+02,4.001661399999999844e+02
5.039427904427723206e+02,4.001661399999999844e+02
5.039994476845151894e+02,4.001661399999999844e+02
5.041064616553320548e+02,4.001661399999999844e+02
5.041128113781123830e+02,4.001661399999999844e+02
5.042701328678917889e+02,4.001661399999999844e+02
5.043268374819102746e+02,4.001661399999999844e+02
5.044338040804514094e+02,4.001661399999999844e+02
5.043397358053301787e+02,4.001661399999999844e+02
5.045974752930111435e+02,4.001661399999999844e+02
5.046542272793053598e+02,4.001661399999999844e+02
5.047611465055707640e+02,4.001661399999999844e+02
5.047677805442964427e+02,4.001661399999999844e+02
5.049248177181304982e+02,4.001661399999999844e+02
5.049816170767004451e+02,4.001661399999999844e+02
5.050884889306902323e+02,4.001661399999999844e+02
5.182867999999999711e+02,3.872736800000000130e+02
5.052521601432498528e+02,4.001661399999999844e+02
5.053090068740955303e+02,4.001661399999999844e+02
5.054158313558095870e+02,4.001661399999999844e+02
5.054227497104806162e+02,4.001661399999999844e+02
5.055795025683692074e+02,4.001661399999999844e+02
5.056363966714906155e+02,4.001661399999999844e+02
5.057431737809289416e+02,4.001661399999999844e+02
5.056504330822710926e+02,4.001661399999999844e+02
5.059068449934885621e+02,4.001661399999999844e+02
5.059637864688857007e+02,4.001661399999999844e+02
5.060705162060482962e+02,4.001661399999999844e+02
5.060777188766647896e+02,4.001661399999999844e+02
5.062341874186080304e+02,4.001661399999999844e+02
5.062911762662807860e+02,4.001661399999999844e+02
5.063978586311676509e+02,4.001661399999999844e+02
5.061065922273782007e+02,4.001661399999999844e+02
5.065615298437273850e+02,4.001661399999999844e+02
5.066185660636758712e+02,4.001661399999999844e+02
5.067252010562870055e+02,4.001661399999999844e+02
5.067326880428488494e+02,4.001661399999999844e+02
5.068888722688467396e+02,4.001661399999999844e+02
5.069459558610709564e+02,4.001661399999999844e+02
5.070525434814064738e+02,4.001661399999999844e+02
5.069611303592120066e+02,4.001661399999999844e+02
5.072162146939660943e+02,4.001661399999999844e+02
5.072733456584660416e+02,4.001661399999999844e+02
5.073798859065258284e+02,4.001661399999999844e+02
5.073876572090330228e+02,4.001661399999999844e+02
5.075435571190854489e+02,4.001661399999999844e+02
5.076007354558611269e+02,4.001661399999999844e+02
5.077072283316451831e+02,4.001661399999999844e+02
5.070220930232558203e+02,4.001661399999999844e+02
5.078708995442049172e+02,4.001661399999999844e+02
5.079281252532562121e+02,4.001661399999999844e+02
5.080345707567645377e+02,4.001661399999999844e+02
5.080426263752171963e+02,4.001661399999999844e+02
5.081982419693242718e+02,4.001661399999999844e+02
5.082555150506512973e+02,4.001661399999999844e+02
5.083619131818838923e+02,4.001661399999999844e+02
5.082718276361529206e+02,4.001661399999999844e+02
5.085255843944436265e+02,4.001661399999999844e+02
5.085829048480463825e+02,4.001661399999999844e+02
5.086892556070032470e+02,4.001661399999999844e+02
5.086975955414012560e+02,4.001661399999999844e+02
5.088529268195629811e+02,4.001661399999999844e+02
5.089102946454414678e+02,4.001661399999999844e+02
5.090165980321227153e+02,4.001661399999999844e+02
5.087310278422273768e+02,4.001661399999999844e+02
5.091802692446823357e+02,4.001661399999999844e+02
5.092376844428364393e+02,4.001661399999999844e+02
5.093439404572420699e+02,4.001661399999999844e+02
5.093525647075854295e+02,4.001661399999999844e+02
5.095076116698016904e+02,4.001661399999999844e+02
5.095650742402315245e+02,4.001661399999999844e+02
5.096712828823614245e+02,4.001661399999999844e+02
5.095825249130938346e+02,4.001661399999999844e+02
5.098349540949211587e+02,4.001661399999999844e+02
5.098924640376266098e+02,4.001661399999999844e+02
5.099986253074807792e+02,4.001661399999999844e+02
5.100075338737696029e+02,4.001661399999999844e+02
5.101622965200405133e+02,4.001661399999999844e+02
5.102198538350216950e+02,4.001661399999999844e+02
5.103259677326001338e+02,4.001661399999999844e+02
4.982721599999999853e+02,3.991592999999999734e+02
5.104896389451598679e+02,3.872736800000000130e+02
5.105472436324167802e+02,3.872736800000000130e+02
5.106533101577196021e+02,3.872736800000000130e+02
5.106625030399536627e+02,3.872736800000000130e+02
5.108169813702792226e+02,3.872736800000000130e+02
5.108746334298118654e+02,3.872736800000000130e+02
5.109806525828389567e+02,3.872736800000000130e+02
5.108932221900347486e+02,3.872736800000000130e+02
5.111443237953985772e+02,3.872736800000000130e+02
5.112020232272069507e+02,3.872736800000000130e+02
5.113079950079583114e+02,3.872736800000000130e+02
5.113174722061378361e+02,3.872736800000000130e+02
5.114716662205180455e+02,3.872736800000000130e+02
5.115294130246020359e+02,3.872736800000000130e+02
5.116353374330776660e+02,3.872736800000000130e+02
5.113554634570765529e+02,3.872736800000000130e+02
5.117990086456374002e+02,3.872736800000000130e+02
5.118568028219971211e+02,3.872736800000000130e+02
5.119626798581970206e+02,3.872736800000000130e+02
5.119724413723220096e+02,3.872736800000000130e+02
5.121263510707567548e+02,3.872736800000000130e+02
5.121841926193922063e+02,3.872736800000000130e+02
5.122900222833163753e+02,3.872736800000000130e+02
5.122039194669756625e+02,3.872736800000000130e+02
5.124536934958761094e+02,3.872736800000000130e+02
5.125115824167872915e+02,3.872736800000000130e+02
5.126173647084358436e+02,3.872736800000000130e+02
5.126274105385060693e+02,3.872736800000000130e+02
5.127810359209954640e+02,3.872736800000000130e+02
5.128389722141823768e+02,3.872736800000000130e+02
5.129447071335551982e+02,3.872736800000000130e+02
5.122831709302325862e+02,3.872736800000000130e+02
5.131083783461148187e+02,3.872736800000000130e+02
5.131663620115774620e+02,3.872736800000000130e+02
5.132720495586745528e+02,3.872736800000000130e+02
5.132823797046902428e+02,3.872736800000000130e+02
5.134357207712342870e+02,3.872736800000000130e+02
5.134937518089725472e+02,3.872736800000000130e+02
5.135993919837939075e+02,3.872736800000000130e+02
5.135146167439165765e+02,3.872736800000000130e+02
5.137630631963536416e+02,3.872736800000000130e+02
5.138211416063676324e+02,3.872736800000000130e+02
5.139267344089132621e+02,3.872736800000000130e+02
5.139373488708744162e+02,3.872736800000000130e+02
5.140904056214729962e+02,3.872736800000000130e+02
5.141485314037627177e+02,3.872736800000000130e+02
5.142540768340327304e+02,3.872736800000000130e+02
5.139798990719257290e+02,3.872736800000000130e+02
5.144177480465923509e+02,3.872736800000000130e+02
5.144759212011578029e+02,3.872736800000000130e+02
5.145814192591520850e+02,3.872736800000000130e+02
5.145923180370584760e+02,3.872736800000000130e+02
5.147450904717117055e+02,3.872736800000000130e+02
5.148033109985528881e+02,3.872736800000000130e+02
5.149087616842714397e+02,3.872736800000000130e+02
5.148253140208574905e+02,3.872736800000000130e+02
5.150724328968310601e+02,3.872736800000000130e+02
5.151307007959479733e+02,3.872736800000000130e+02
5.152361041093907943e+02,3.872736800000000130e+02
5.152472872032426494e+02,3.872736800000000130e+02
5.153997753219505285e+02,3.872736800000000130e+02
5.154580905933430586e+02,3.872736800000000130e+02
5.155634465345101489e+02,3.872736800000000130e+02
4.871838999999999942e+02,4.112116700000000264e+02
5.157271177470698831e+02,3.872736800000000130e+02
5.157854803907380301e+02,3.872736800000000130e+02
5.158907889596295036e+02,3.872736800000000130e+02
5.159022563694267092e+02,3.872736800000000130e+02
5.160544601721892377e+02,3.872736800000000130e+02
5.161128701881331153e+02,3.872736800000000130e+02
5.162181313847489719e+02,3.872736800000000130e+02
5.161360112977984045e+02,3.872736800000000130e+02
5.163818025973085923e+02,3.872736800000000130e+02
5.164402599855282006e+02,3.872736800000000130e+02
5.165454738098683265e+02,3.872736800000000130e+02
5.165572255356108826e+02,3.872736800000000130e+02
5.167091450224279470e+02,3.872736800000000130e+02
5.167676497829232858e+02,3.872736800000000130e+02
5.168728162349876811e+02,3.872736800000000130e+02
5.166043346867749051e+02,3.872736800000000130e+02
5.170364874475474153e+02,3.872736800000000130e+02
5.170950395803183710e+02,3.872736800000000130e+02
5.172001586601070358e+02,3.872736800000000130e+02
5.172121947017950561e+02,3.872736800000000130e+02
5.173638298726667699e+02,3.872736800000000130e+02
5.174224293777134562e+02,3.872736800000000130e+02
5.175275010852263904e+02,3.872736800000000130e+02
5.174467085747392048e+02,3.872736800000000130e+02
5.176911722977861245e+02,3.872736800000000130e+02
5.177498191751085415e+02,3.872736800000000130e+02
5.178548435103457450e+02,3.872736800000000130e+02
5.178671638679791158e+02,3.872736800000000130e+02
5.180185147229054792e+02,3.872736800000000130e+02
5.180772089725036267e+02,3.872736800000000130e+02
5.181821859354652133e+02,3.872736800000000130e+02
5.175442488372093521e+02,3.872736800000000130e+02
5.183458571480248338e+02,5.160968000000000302e+02
5.184045987698987119e+02,5.160968000000000302e+02
5.185095283605845680e+02,5.160968000000000302e+02
5.185221330341632893e+02,5.160968000000000302e+02
5.186731995731441884e+02,5.160968000000000302e+02
5.187319885672937971e+02,5.160968000000000302e+02
5.188368707857039226e+02,5.160968000000000302e+02
5.187574058516801188e+02,5.160968000000000302e+02
5.190005419982636568e+02,4.002198500000000081e+02
5.190593783646888824e+02,4.002198500000000081e+02
5.191642132108232772e+02,4.002198500000000081e+02
5.191771022003474627e+02,4.002198500000000081e+02
5.193278844233830114e+02,4.002198500000000081e+02
5.193867681620839676e+02,4.002198500000000081e+02
5.194915556359426319e+02,4.002198500000000081e+02
5.192287703016241949e+02,4.002198500000000081e+02
5.196552268485023660e+02,4.002198500000000081e+02
5.197141579594790528e+02,4.002198500000000081e+02
5.198188980610621002e+02,4.002198500000000081e+02
5.198320713665315225e+02,4.002198500000000081e+02
5.199825692736217206e+02,4.002198500000000081e+02
5.200415477568741380e+02,4.002198500000000081e+02
5.201462404861814548e+02,4.002198500000000081e+02
5.200681031286210327e+02,4.002198500000000081e+02
5.203099116987410753e+02,4.002198500000000081e+02
5.203689375542692233e+02,4.002198500000000081e+02
5.204735829113008094e+02,4.002198500000000081e+02
5.204870405327156959e+02,4.002198500000000081e+02
5.206372541238604299e+02,4.002198500000000081e+02
5.206963273516643085e+02,4.002198500000000081e+02
5.208009253364201641e+02,4.002198500000000081e+02
4.746350699999999847e+02,4.403546000000000049e+02
5.209645965489798982e+02,4.002198500000000081e+02
5.210237171490593937e+02,4.002198500000000081e+02
5.211282677615395187e+02,4.002198500000000081e+02
5.211420096988998694e+02,4.002198500000000081e+02
5.212919389740992528e+02,4.002198500000000081e+02
5.213511069464544789e+02,4.002198500000000081e+02
5.214556101866588733e+02,4.002198500000000081e+02
5.213788004055619467e+02,4.002198500000000081e+02
5.216192813992186075e+02,4.002198500000000081e+02
5.216784967438495642e+02,4.002198500000000081e+02
5.217829526117783416e+02,4.002198500000000081e+02
5.217969788650839291e+02,4.002198500000000081e+02
5.219466238243379621e+02,4.002198500000000081e+02
5.220058865412446494e+02,4.002198500000000081e+02
5.221102950368976963e+02,4.002198500000000081e+02
5.218532059164733710e+02,4.002198500000000081e+02
5.222739662494573167e+02,4.002198500000000081e+02
5.223332763386397346e+02,4.002198500000000081e+02
5.224376374620170509e+02,4.002198500000000081e+02
5.224519480312681026e+02,4.002198500000000081e+02
5.226013086745767851e+02,4.002198500000000081e+02
5.226606661360347061e+02,4.002198500000000081e+02
5.227649798871364055e+02,4.002198500000000081e+02
5.226894976825028607e+02,4.002198500000000081e+02
5.229286510996961397e+02,4.002198500000000081e+02
5.229880559334297914e+02,4.002198500000000081e+02
5.230923223122557602e+02,4.002198500000000081e+02
5.231069171974522760e+02,4.002198500000000081e+02
5.232559935248154943e+02,4.002198500000000081e+02
5.233154457308248766e+02,4.002198500000000081e+02
5.234196647373752285e+02,4.002198500000000081e+02
5.228053267441861180e+02,4.002198500000000081e+02
5.235833359499348489e+02,4.002198500000000081e+02
5.236428355282199618e+02,4.002198500000000081e+02
5.237470071624945831e+02,4.002198500000000081e+02
5.237618863636363358e+02,4.002198500000000081e+02
5.239106783750542036e+02,4.002198500000000081e+02
5.239702253256150470e+02,4.002198500000000081e+02
5.240743495876139377e+02,4.002198500000000081e+02
5.240001949594437747e+02,4.002198500000000081e+02
5.242380208001735582e+02,4.002198500000000081e+02
5.242976151230101323e+02,4.002198500000000081e+02
5.244016920127332924e+02,4.002198500000000081e+02
5.244168555298205092e+02,4.002198500000000081e+02
5.245653632252930265e+02,4.002198500000000081e+02
5.246250049204052175e+02,4.002198500000000081e+02
5.247290344378526470e+02,4.002198500000000081e+02
5.244776415313225471e+02,4.002198500000000081e+02
5.248927056504123811e+02,4.002198500000000081e+02
5.249523947178003027e+02,4.002198500000000081e+02
5.250563768629720016e+02,4.002198500000000081e+02
5.250718246960046827e+02,4.002198500000000081e+02
5.252200480755317358e+02,4.002198500000000081e+02
5.252797845151953879e+02,4.002198500000000081e+02
5.253837192880914699e+02,4.002198500000000081e+02
5.253108922363846887e+02,4.002198500000000081e+02
5.255473905006510904e+02,4.002198500000000081e+02
5.256071743125904732e+02,4.002198500000000081e+02
5.257110617132108246e+02,4.002198500000000081e+02
5.257267938621887424e+02,4.002198500000000081e+02
5.258747329257704450e+02,4.002198500000000081e+02
5.259345641099855584e+02,4.002198500000000081e+02
5.260384041383301792e+02,4.002198500000000081e+02
4.753231200000000172e+02,4.610095200000000091e+02
5.262020753508899134e+02,4.049057599999999866e+02
5.262619539073806436e+02,4.049057599999999866e+02
5.263657465634495338e+02,4.049057599999999866e+02
5.263817630283729159e+02,4.049057599999999866e+02
5.265294177760092680e+02,4.049057599999999866e+02
5.265893437047757288e+02,4.049057599999999866e+02
5.266930889885688885e+02,4.049057599999999866e+02
5.266215895133256026e+02,4.049057599999999866e+02
5.268567602011286226e+02,4.049057599999999866e+02
5.269167335021708141e+02,4.049057599999999866e+02
5.270204314136882431e+02,4.049057599999999866e+02
5.270367321945570893e+02,4.049057599999999866e+02
5.271841026262479772e+02,4.049057599999999866e+02
5.272441232995658993e+02,4.049057599999999866e+02
5.273477738388077114e+02,4.049057599999999866e+02
5.271020771461717231e+02,4.049057599999999866e+02
5.275114450513673319e+02,4.049057599999999866e+02
5.275715130969609845e+02,4.049057599999999866e+02
5.276751162639270660e+02,4.049057599999999866e+02
5.276917013607411491e+02,4.049057599999999866e+02
5.278387874764866865e+02,4.049057599999999866e+02
5.278989028943560697e+02,4.049057599999999866e+02
5.280024586890464207e+02,4.049057599999999866e+02
5.279322867902665166e+02,4.049057599999999866e+02
5.281661299016061548e+02,4.049057599999999866e+02
5.282262926917511550e+02,4.049057599999999866e+02
5.283298011141657753e+02,4.049057599999999866e+02
5.283466705269253225e+02,4.049057599999999866e+02
5.284934723267255094e+02,4.049057599999999866e+02
5.285536824891462402e+02,4.049057599999999866e+02
5.286571435392851299e+02,4.049057599999999866e+02
5.280664046511627703e+02,4.049057599999999866e+02
5.288208147518448641e+02,4.049057599999999866e+02
5.288810722865413254e+02,4.049057599999999866e+02
5.289844859644045982e+02,4.049057599999999866e+02
5.290016396931094960e+02,4.049057599999999866e+02
5.291481571769642187e+02,4.049057599999999866e+02
5.292084620839362969e+02,4.049057599999999866e+02
5.293118283895239529e+02,4.049057599999999866e+02
5.292429840672074306e+02,4.049057599999999866e+02
5.294754996020835733e+02,4.049057599999999866e+02
5.295358518813313822e+02,4.049057599999999866e+02
5.296391708146433075e+02,4.049057599999999866e+02
5.296566088592935557e+02,4.049057599999999866e+02
5.298028420272029280e+02,4.049057599999999866e+02
5.298632416787264674e+02,4.049057599999999866e+02
5.299665132397626621e+02,4.049057599999999866e+02
5.297265127610208992e+02,4.049057599999999866e+02
5.301301844523223963e+02,4.049057599999999866e+02
5.301906314761215526e+02,4.049057599999999866e+02
5.302938556648820168e+02,4.049057599999999866e+02
5.303115780254777292e+02,4.049057599999999866e+02
5.304575268774417509e+02,4.049057599999999866e+02
5.305180212735166378e+02,4.049057599999999866e+02
5.306211980900013714e+02,4.049057599999999866e+02
5.305536813441483446e+02,4.049057599999999866e+02
5.307848693025611055e+02,4.049057599999999866e+02
5.308454110709117231e+02,4.049057599999999866e+02
5.309485405151208397e+02,4.049057599999999866e+02
5.309665471916619026e+02,4.049057599999999866e+02
5.311122117276804602e+02,4.049057599999999866e+02
5.311728008683068083e+02,4.049057599999999866e+02
5.312758829402401943e+02,4.049057599999999866e+02
4.753231200000000172e+02,4.610095200000000091e+02
5.314395541527998148e+02,4.049057599999999866e+02
5.315001906657018935e+02,4.049057599999999866e+02
5.316032253653595490e+02,4.049057599999999866e+02
5.316215163578459624e+02,4.049057599999999866e+02
5.317668965779192831e+02,4.049057599999999866e+02
5.318275804630969787e+02,4.049057599999999866e+02
5.319305677904789036e+02,4.049057599999999866e+02
5.318643786210891449e+02,4.049057599999999866e+02
5.320942390030386377e+02,4.049057599999999866e+02
5.321549702604920640e+02,4.049057599999999866e+02
5.322579102155982582e+02,4.049057599999999866e+02
5.322764855240301358e+02,4.049057599999999866e+02
5.324215814281579924e+02,4.049057599999999866e+02
5.324823600578871492e+02,4.049057599999999866e+02
5.325852526407176128e+02,4.049057599999999866e+02
5.323509483758700753e+02,4.049057599999999866e+02
5.327489238532773470e+02,4.049057599999999866e+02
5.328097498552822344e+02,4.049057599999999866e+02
5.329125950658370812e+02,4.049057599999999866e+02
5.329314546902143093e+02,4.049057599999999866e+02
5.330762662783967016e+02,4.049057599999999866e+02
5.331371396526773196e+02,4.049057599999999866e+02
5.332399374909564358e+02,4.049057599999999866e+02
5.331750758980300589e+02,4.049057599999999866e+02
5.334036087035160563e+02,4.049057599999999866e+02
5.334645294500724049e+02,4.049057599999999866e+02
5.335672799160757904e+02,4.049057599999999866e+02
5.335864238563983690e+02,4.049057599999999866e+02
5.337309511286355246e+02,4.049057599999999866e+02
5.337919192474674901e+02,4.049057599999999866e+02
5.338946223411951451e+02,4.049057599999999866e+02
5.333274825581395362e+02,4.049057599999999866e+02
5.340582935537548792e+02,4.049057599999999866e+02
5.341193090448625753e+02,4.049057599999999866e+02
5.342219647663144997e+02,4.049057599999999866e+02
5.342413930225825425e+02,4.049057599999999866e+02
5.343856359788742338e+02,4.049057599999999866e+02
5.344466988422576605e+02,4.049057599999999866e+02
5.345493071914339680e+02,4.049057599999999866e+02
5.344857731749709728e+02,4.049057599999999866e+02
5.347129784039935885e+02,4.049057599999999866e+02
5.347740886396527458e+02,4.049057599999999866e+02
5.348766496165533226e+02,4.049057599999999866e+02
5.348963621887667159e+02,4.049057599999999866e+02
5.350403208291129431e+02,4.049057599999999866e+02
5.351014784370478310e+02,4.049057599999999866e+02
5.352039920416726773e+02,4.049057599999999866e+02
5.349753839907192514e+02,4.049057599999999866e+02
5.353676632542324114e+02,4.049057599999999866e+02
5.354288682344429162e+02,4.049057599999999866e+02
5.355313344667920319e+02,4.049057599999999866e+02
5.355513313549507757e+02,4.049057599999999866e+02
5.356950056793517660e+02,4.049057599999999866e+02
5.357562580318378878e+02,4.049057599999999866e+02
5.358586768919113865e+02,4.049057599999999866e+02
5.357964704519118868e+02,4.049057599999999866e+02
5.360223481044711207e+02,4.049057599999999866e+02
5.360836478292329730e+02,4.049057599999999866e+02
5.361860193170307411e+02,4.049057599999999866e+02
5.362063005211349491e+02,4.049057599999999866e+02
5.363496905295904753e+02,4.049057599999999866e+02
5.364110376266280582e+02,4.049057599999999866e+02
5.365133617421502095e+02,4.049057599999999866e+02
6.952514999999999645e+02,4.983266600000000039e+02
5.366770329547098299e+02,4.105167200000000207e+02
5.367384274240231434e+02,4.105167200000000207e+02
5.368407041672695641e+02,4.105167200000000207e+02
5.368612696873190089e+02,4.105167200000000207e+02
5.370043753798291846e+02,4.105167200000000207e+02
5.370658172214182287e+02,4.105167200000000207e+02
5.371680465923889187e+02,4.105167200000000207e+02
5.371071677288528008e+02,4.105167200000000207e+02
5.373317178049486529e+02,4.105167200000000207e+02
5.373932070188133139e+02,4.105167200000000207e+02
5.374953890175082734e+02,4.105167200000000207e+02
5.375162388535031823e+02,4.105167200000000207e+02
5.376590602300680075e+02,4.105167200000000207e+02
5.377205968162083991e+02,4.105167200000000207e+02
5.378227314426276280e+02,4.105167200000000207e+02
5.375998196055684275e+02,4.105167200000000207e+02
5.379864026551873621e+02,4.105167200000000207e+02
5.380479866136034843e+02,4.105167200000000207e+02
5.381500738677470963e+02,4.105167200000000207e+02
5.381712080196873558e+02,4.105167200000000207e+02
5.383137450803067168e+02,4.105167200000000207e+02
5.383753764109985696e+02,4.105167200000000207e+02
5.384774162928664509e+02,4.105167200000000207e+02
5.384178650057937148e+02,4.105167200000000207e+02
5.386410875054260714e+02,4.105167200000000207e+02
5.387027662083936548e+02,4.105167200000000207e+02
5.388047587179858056e+02,4.105167200000000207e+02
5.388261771858714155e+02,4.105167200000000207e+02
5.389684299305454260e+02,4.105167200000000207e+02
5.390301560057887400e+02,4.105167200000000207e+02
5.391321011431051602e+02,4.105167200000000207e+02
5.385885604651163021e+02,4.105167200000000207e+02
5.392957723556648943e+02,4.105167200000000207e+02
5.393575458031838252e+02,4.105167200000000207e+02
5.394594435682245148e+02,4.105167200000000207e+02
5.394811463520555890e+02,4.105167200000000207e+02
5.396231147807842490e+02,4.105167200000000207e+02
5.396849356005789105e+02,4.105167200000000207e+02
5.397867859933438694e+02,4.105167200000000207e+02
5.397285622827346288e+02,4.105167200000000207e+02
5.399504572059036036e+02,4.105167200000000207e+02
5.400123253979739957e+02,4.105167200000000207e+02
5.401141284184633378e+02,4.105167200000000207e+02
5.401361155182397624e+02,4.105167200000000207e+02
5.402777996310229582e+02,4.105167200000000207e+02
5.403397151953690809e+02,4.105167200000000207e+02
5.404414708435826924e+02,4.105167200000000207e+02
5.402242552204176036e+02,4.105167200000000207e+02
5.406051420561423129e+02,3.782426800000000071e+02
5.406671049927641661e+02,3.782426800000000071e+02
5.407688132687020470e+02,3.782426800000000071e+02
5.407910846844238222e+02,3.782426800000000071e+02
5.409324844812617812e+02,3.782426800000000071e+02
5.409944947901592514e+02,3.782426800000000071e+02
5.410961556938214017e+02,3.782426800000000071e+02
5.410392595596755427e+02,3.782426800000000071e+02
5.412598269063811358e+02,3.782426800000000071e+02
5.413218845875543366e+02,3.782426800000000071e+02
5.414234981189407563e+02,3.782426800000000071e+02
5.414460538506079956e+02,3.782426800000000071e+02
5.415871693315004904e+02,3.782426800000000071e+02
5.416492743849494218e+02,3.782426800000000071e+02
5.417508405440601109e+02,3.782426800000000071e+02
6.952514999999999645e+02,4.983266600000000039e+02
5.419145117566198451e+02,4.172496300000000247e+02
5.419766641823445070e+02,4.172496300000000247e+02
5.420781829691795792e+02,4.172496300000000247e+02
5.421010230167921691e+02,4.172496300000000247e+02
5.422418541817391997e+02,4.172496300000000247e+02
5.423040539797394786e+02,4.172496300000000247e+02
5.424055253942989339e+02,4.172496300000000247e+02
5.423499568366164567e+02,4.172496300000000247e+02
5.425691966068585543e+02,4.172496300000000247e+02
5.426314437771345638e+02,4.172496300000000247e+02
5.427328678194182885e+02,4.172496300000000247e+02
5.427559921829762288e+02,4.172496300000000247e+02
5.428965390319780226e+02,4.172496300000000247e+02
5.429588335745296490e+02,4.172496300000000247e+02
5.430602102445376431e+02,4.172496300000000247e+02
5.428486908352668934e+02,4.172496300000000247e+02
5.432238814570973773e+02,4.277823500000000081e+02
5.432862233719247342e+02,4.277823500000000081e+02
5.433875526696569978e+02,4.277823500000000081e+02
5.434109613491604023e+02,4.277823500000000081e+02
5.435512238822167319e+02,4.277823500000000081e+02
5.436136131693198195e+02,4.277823500000000081e+02
5.437148950947764661e+02,4.277823500000000081e+02
5.436606541135573707e+02,4.277823500000000081e+02
5.438785663073360865e+02,4.277823500000000081e+02
5.439410029667149047e+02,4.277823500000000081e+02
5.440422375198958207e+02,4.277823500000000081e+02
5.440659305153445757e+02,4.277823500000000081e+02
5.442059087324554412e+02,4.277823500000000081e+02
5.442683927641099899e+02,4.277823500000000081e+02
5.443695799450151753e+02,4.277823500000000081e+02
5.438496383720930680e+02,4.277823500000000081e+02
5.445332511575749095e+02,4.277823500000000081e+02
5.445957825615050751e+02,4.277823500000000081e+02
5.446969223701345300e+02,4.277823500000000081e+02
5.447208996815286355e+02,4.277823500000000081e+02
5.448605935826942641e+02,4.277823500000000081e+02
5.449231723589001604e+02,4.277823500000000081e+02
5.450242647952538846e+02,4.277823500000000081e+02
5.449713513904982847e+02,4.277823500000000081e+02
5.451879360078136187e+02,4.277823500000000081e+02
5.452505621562952456e+02,4.277823500000000081e+02
5.453516072203732392e+02,4.277823500000000081e+02
5.453758688477128089e+02,4.277823500000000081e+02
5.455152784329329734e+02,4.277823500000000081e+02
5.455779519536903308e+02,4.277823500000000081e+02
5.456789496454927075e+02,4.277823500000000081e+02
5.454731264501160695e+02,4.277823500000000081e+02
5.458426208580523280e+02,4.277823500000000081e+02
5.459053417510854160e+02,4.277823500000000081e+02
5.460062920706120622e+02,4.277823500000000081e+02
5.460308380138969824e+02,4.277823500000000081e+02
5.461699632831716826e+02,4.277823500000000081e+02
5.462327315484805013e+02,4.277823500000000081e+02
5.463336344957314168e+02,4.277823500000000081e+02
5.462820486674391987e+02,4.277823500000000081e+02
5.464973057082911509e+02,4.277823500000000081e+02
5.465601213458755865e+02,4.277823500000000081e+02
5.466609769208507714e+02,4.277823500000000081e+02
5.466858071800810421e+02,4.277823500000000081e+02
5.468246481334105056e+02,4.277823500000000081e+02
5.468875111432706717e+02,4.277823500000000081e+02
5.469883193459701261e+02,4.277823500000000081e+02
6.994062500000000000e+02,4.956889600000000087e+02
5.471519905585298602e+02,4.530130599999999959e+02
5.472149009406657569e+02,4.530130599999999959e+02
5.473156617710895944e+02,4.530130599999999959e+02
5.473407763462652156e+02,4.530130599999999959e+02
5.474793329836492148e+02,4.530130599999999959e+02
5.475422907380608422e+02,4.530130599999999959e+02
5.476430041962089490e+02,4.530130599999999959e+02
5.475927459443799989e+02,4.530130599999999959e+02
5.478066754087685695e+02,4.530130599999999959e+02
5.478696805354559274e+02,4.530130599999999959e+02
5.479703466213283036e+02,4.530130599999999959e+02
5.479957455124493890e+02,4.530130599999999959e+02
5.481340178338879241e+02,4.530130599999999959e+02
5.481970703328510126e+02,4.530130599999999959e+02
5.482976890464476583e+02,4.530130599999999959e+02
5.480975620649652456e+02,4.530130599999999959e+02
5.484613602590073924e+02,5.123891599999999471e+02
5.485244601302460978e+02,5.123891599999999471e+02
5.486250314715670129e+02,5.123891599999999471e+02
5.486507146786334488e+02,5.123891599999999471e+02
5.487887026841267470e+02,5.123891599999999471e+02
5.488518499276411831e+02,5.123891599999999471e+02
5.489523738966863675e+02,5.123891599999999471e+02
5.489034432213209129e+02,5.123891599999999471e+02
5.491160451092461017e+02,5.123891599999999471e+02
5.491792397250361546e+02,5.123891599999999471e+02
5.492797163218058358e+02,5.123891599999999471e+02
5.493056838448176222e+02,5.123891599999999471e+02
5.494433875343654563e+02,5.123891599999999471e+02
5.495066295224312398e+02,5.123891599999999471e+02
5.496070587469251905e+02,5.123891599999999471e+02
5.491107162790698339e+02,5.123891599999999471e+02
5.497707299594848109e+02,5.123891599999999471e+02
5.498340193198263250e+02,5.123891599999999471e+02
5.499344011720445451e+02,5.123891599999999471e+02
5.499606530110017957e+02,5.123891599999999471e+02
5.500980723846042793e+02,5.123891599999999471e+02
5.501614091172214103e+02,5.123891599999999471e+02
5.502617435971638997e+02,5.123891599999999471e+02
5.502141404982618269e+02,5.123891599999999471e+02
5.504254148097236339e+02,5.123891599999999471e+02
5.504887989146164955e+02,5.123891599999999471e+02
5.505890860222832544e+02,5.123891599999999471e+02
5.506156221771858554e+02,5.123891599999999471e+02
5.507527572348429885e+02,5.123891599999999471e+02
5.508161887120115807e+02,5.123891599999999471e+02
5.509164284474026090e+02,5.123891599999999471e+02
5.507219976798144216e+02,5.123891599999999471e+02
5.510800996599623431e+02,5.123891599999999471e+02
5.511435785094066659e+02,5.123891599999999471e+02
5.512437708725220773e+02,5.123891599999999471e+02
5.512705913433700289e+02,5.123891599999999471e+02
5.514074420850816978e+02,5.123891599999999471e+02
5.514709683068017512e+02,5.123891599999999471e+02
5.515711132976414319e+02,5.123891599999999471e+02
5.515248377752027409e+02,5.123891599999999471e+02
5.517347845102010524e+02,5.123891599999999471e+02
5.517983581041968364e+02,5.123891599999999471e+02
5.518984557227607866e+02,5.123891599999999471e+02
5.519255605095542023e+02,5.123891599999999471e+02
5.520621269353205207e+02,5.123891599999999471e+02
5.521257479015919216e+02,5.123891599999999471e+02
5.522257981478801412e+02,5.123891599999999471e+02
7.186085000000000491e+02,4.824539800000000014e+02
5.523894693604398753e+02,5.123891599999999471e+02
5.524531376989870068e+02,5.123891599999999471e+02
5.525531405729994958e+02,5.123891599999999471e+02
5.525805296757382621e+02,5.123891599999999471e+02
5.527168117855592300e+02,5.123891599999999471e+02
5.527805274963820921e+02,5.123891599999999471e+02
5.528804829981189641e+02,5.123891599999999471e+02
5.528355350521436549e+02,5.123891599999999471e+02
5.530441542106785846e+02,5.123891599999999471e+02
5.531079172937771773e+02,5.123891599999999471e+02
5.532078254232383188e+02,5.123891599999999471e+02
5.532354988419224355e+02,5.123891599999999471e+02
5.533714966357979392e+02,5.123891599999999471e+02
5.534353070911722625e+02,5.123891599999999471e+02
5.535351678483576734e+02,5.123891599999999471e+02
5.533464332946635977e+02,5.123891599999999471e+02
5.536988390609172939e+02,5.123891599999999471e+02
5.537626968885673477e+02,5.123891599999999471e+02
5.538625102734770280e+02,5.123891599999999471e+02
5.538904680081066090e+02,5.123891599999999471e+02
5.540261814860367622e+02,5.123891599999999471e+02
5.540900866859624330e+02,5.123891599999999471e+02
5.541898526985963827e+02,5.123891599999999471e+02
5.541462323290845688e+02,5.123891599999999471e+02
5.543535239111561168e+02,5.123891599999999471e+02
5.544174764833575182e+02,5.123891599999999471e+02
5.545171951237157373e+02,5.123891599999999471e+02
5.545454371742906687e+02,5.123891599999999471e+02
5.546808663362754714e+02,5.123891599999999471e+02
5.547448662807526034e+02,5.123891599999999471e+02
5.548445375488352056e+02,5.123891599999999471e+02
5.543717941860464862e+02,5.123891599999999471e+02
5.550082087613948261e+02,5.123891599999999471e+02
5.550722560781476886e+02,5.123891599999999471e+02
5.551718799739545602e+02,5.123891599999999471e+02
5.552004063404748422e+02,5.123891599999999471e+02
5.553355511865141807e+02,5.123891599999999471e+02
5.553996458755427739e+02,5.123891599999999471e+02
5.554992223990739149e+02,5.123891599999999471e+02
5.554569296060254828e+02,5.123891599999999471e+02
5.556628936116336490e+02,5.123891599999999471e+02
5.557270356729377454e+02,5.123891599999999471e+02
5.558265648241932695e+02,5.123891599999999471e+02
5.558553755066590156e+02,5.123891599999999471e+02
5.559902360367530036e+02,5.123891599999999471e+02
5.560544254703328306e+02,5.123891599999999471e+02
5.561539072493126241e+02,5.123891599999999471e+02
5.559708689095127738e+02,5.123891599999999471e+02
5.563175784618723583e+02,5.123891599999999471e+02
5.563818152677279159e+02,5.123891599999999471e+02
5.564812496744320924e+02,5.123891599999999471e+02
5.565103446728430754e+02,5.123891599999999471e+02
5.566449208869917129e+02,5.123891599999999471e+02
5.567092050651230011e+02,5.123891599999999471e+02
5.568085920995514471e+02,5.123891599999999471e+02
5.567676268829663968e+02,5.123891599999999471e+02
5.569722633121110675e+02,5.123891599999999471e+02
5.570365948625180863e+02,5.123891599999999471e+02
5.571359345246708017e+02,5.123891599999999471e+02
5.571653138390272488e+02,5.123891599999999471e+02
5.572996057372304222e+02,5.123891599999999471e+02
5.573639846599131715e+02,5.123891599999999471e+02
5.574632769497901563e+02,5.123891599999999471e+02
7.281866499999999860e+02,4.704511699999999905e+02
5.576269481623498905e+02,3.773097000000000207e+02
5.576913744573082568e+02,3.773097000000000207e+02
5.577906193749095110e+02,3.773097000000000207e+02
5.578202830052113086e+02,3.773097000000000207e+02
5.579542905874692451e+02,3.773097000000000207e+02
5.580187642547033420e+02,3.773097000000000207e+02
5.581179618000288656e+02,3.773097000000000207e+02
5.580783241599073108e+02,3.773097000000000207e+02
5.582816330125885997e+02,3.773097000000000207e+02
5.583461540520984272e+02,3.773097000000000207e+02
5.584453042251483339e+02,3.773097000000000207e+02
5.584752521713954820e+02,3.773097000000000207e+02
5.586089754377079544e+02,3.773097000000000207e+02
5.586735438494935124e+02,3.773097000000000207e+02
5.587726466502676885e+02,3.773097000000000207e+02
5.585953045243619499e+02,3.773097000000000207e+02
5.589363178628273090e+02,3.773097000000000207e+02
5.590009336468885977e+02,3.773097000000000207e+02
5.590999890753870432e+02,3.773097000000000207e+02
5.591302213375796555e+02,3.773097000000000207e+02
5.592636602879467773e+02,3.773097000000000207e+02
5.593283234442836829e+02,3.773097000000000207e+02
5.594273315005063978e+02,3.773097000000000207e+02
5.593890214368482248e+02,3.773097000000000207e+02
5.595910027130661319e+02,3.773097000000000207e+02
5.596557132416787681e+02,3.773097000000000207e+02
5.597546739256257524e+02,3.773097000000000207e+02
5.597851905037637152e+02,3.773097000000000207e+02
5.599183451381854866e+02,3.773097000000000207e+02
5.599831030390738533e+02,3.773097000000000207e+02
5.600820163507451070e+02,3.773097000000000207e+02
5.596328720930232521e+02,3.773097000000000207e+02
5.602456875633048412e+02,3.773097000000000207e+02
5.603104928364689385e+02,3.773097000000000207e+02
5.604093587758645754e+02,3.773097000000000207e+02
5.604401596699478887e+02,3.773097000000000207e+02
5.605730299884241958e+02,3.773097000000000207e+02
5.606378826338640238e+02,3.773097000000000207e+02
5.607367012009839300e+02,3.773097000000000207e+02
5.606997187137891387e+02,3.773097000000000207e+02
5.609003724135435505e+02,3.773097000000000207e+02
5.609652724312591090e+02,3.773097000000000207e+02
5.610640436261032846e+02,3.773097000000000207e+02
5.610951288361320621e+02,3.773097000000000207e+02
5.612277148386630188e+02,3.773097000000000207e+02
5.612926622286541942e+02,3.773097000000000207e+02
5.613913860512226393e+02,3.773097000000000207e+02
5.612197401392111260e+02,3.773097000000000207e+02
5.615550572637823734e+02,3.773097000000000207e+02
5.616200520260492794e+02,3.773097000000000207e+02
5.617187284763419939e+02,3.773097000000000207e+02
5.617500980023161219e+02,3.773097000000000207e+02
5.618823996889017280e+02,3.773097000000000207e+02
5.619474418234443647e+02,3.773097000000000207e+02
5.620460709014614622e+02,3.773097000000000207e+02
5.620104159907299390e+02,3.773097000000000207e+02
5.622097421140210827e+02,3.773097000000000207e+02
5.622748316208393362e+02,3.773097000000000207e+02
5.623734133265808168e+02,3.773097000000000207e+02
5.624050671685002953e+02,3.773097000000000207e+02
5.625370845391404373e+02,3.773097000000000207e+02
5.626022214182344214e+02,3.773097000000000207e+02
5.627007557517001715e+02,3.773097000000000207e+02
7.387895499999999629e+02,4.473504599999999982e+02
5.628644269642597919e+02,3.773097000000000207e+02
5.629296112156295067e+02,3.773097000000000207e+02
5.630280981768195261e+02,3.773097000000000207e+02
5.630600363346844688e+02,3.773097000000000207e+02
5.631917693893792602e+02,3.773097000000000207e+02
5.632570010130245919e+02,3.773097000000000207e+02
5.633554406019388807e+02,3.773097000000000207e+02
5.633211132676708530e+02,3.773097000000000207e+02
5.635191118144986149e+02,3.773097000000000207e+02
5.635843908104196771e+02,3.773097000000000207e+02
5.636827830270582353e+02,3.773097000000000207e+02
5.637150055008685285e+02,3.773097000000000207e+02
5.638464542396179695e+02,3.773097000000000207e+02
5.639117806078147623e+02,3.773097000000000207e+02
5.640101254521777037e+02,3.773097000000000207e+02
5.638441757540603021e+02,3.773097000000000207e+02
5.641737966647373241e+02,3.773097000000000207e+02
5.642391704052098476e+02,3.773097000000000207e+02
5.643374678772970583e+02,3.773097000000000207e+02
5.643699746670527020e+02,3.773097000000000207e+02
5.645011390898566788e+02,3.773097000000000207e+02
5.645665602026049328e+02,3.773097000000000207e+02
5.646648103024164129e+02,3.773097000000000207e+02
5.646318105446117670e+02,3.773097000000000207e+02
5.648284815149761471e+02,3.773097000000000207e+02
5.648939500000000180e+02,3.773097000000000207e+02
5.649921527275357676e+02,3.773097000000000207e+02
5.650249438332368754e+02,3.773097000000000207e+02
5.651558239400955017e+02,3.773097000000000207e+02
5.652213397973951032e+02,3.773097000000000207e+02
5.653194951526551222e+02,3.773097000000000207e+02
5.648939500000000180e+02,3.773097000000000207e+02
5.654831663652148563e+02,3.773097000000000207e+02
5.655487295947901885e+02,3.773097000000000207e+02
5.656468375777744768e+02,3.773097000000000207e+02
5.656799129994209352e+02,3.773097000000000207e+02
5.658105087903342110e+02,3.773097000000000207e+02
5.658761193921852737e+02,3.773097000000000207e+02
5.659741800028939451e+02,3.773097000000000207e+02
5.659425078215526810e+02,3.773097000000000207e+02
5.661378512154535656e+02,3.773097000000000207e+02
5.662035091895803589e+02,3.773097000000000207e+02
5.663015224280132998e+02,3.773097000000000207e+02
5.663348821656051086e+02,3.773097000000000207e+02
5.664651936405729202e+02,3.773097000000000207e+02
5.665308989869754441e+02,3.773097000000000207e+02
5.666288648531326544e+02,3.773097000000000207e+02
5.664686113689094782e+02,3.773097000000000207e+02
5.667925360656923885e+02,3.773097000000000207e+02
5.668582887843705294e+02,3.773097000000000207e+02
5.669562072782520090e+02,3.773097000000000207e+02
5.669898513317892821e+02,3.773097000000000207e+02
5.671198784908117432e+02,3.773097000000000207e+02
5.671856785817656146e+02,3.773097000000000207e+02
5.672835497033713636e+02,3.773097000000000207e+02
5.672532050984935950e+02,3.773097000000000207e+02
5.674472209159310978e+02,3.773097000000000207e+02
5.675130683791606998e+02,3.773097000000000207e+02
5.676108921284908320e+02,3.773097000000000207e+02
5.676448204979733418e+02,3.773097000000000207e+02
5.677745633410504524e+02,3.773097000000000207e+02
5.678404581765557850e+02,3.773097000000000207e+02
5.679382345536101866e+02,3.773097000000000207e+02
7.419299300000000130e+02,4.276775999999999840e+02
5.681019057661698071e+02,5.028868400000000065e+02
5.681678479739508703e+02,5.028868400000000065e+02
5.682655769787295412e+02,5.028868400000000065e+02
5.682997896641575153e+02,5.028868400000000065e+02
5.684292481912892754e+02,5.028868400000000065e+02
5.684952377713459555e+02,5.028868400000000065e+02
5.685929194038488959e+02,5.028868400000000065e+02
5.685639023754345089e+02,5.028868400000000065e+02
5.687565906164086300e+02,5.028868400000000065e+02
5.688226275687410407e+02,5.028868400000000065e+02
5.689202618289682505e+02,5.028868400000000065e+02
5.689547588303416887e+02,5.028868400000000065e+02
5.690839330415279846e+02,5.028868400000000065e+02
5.691500173661360122e+02,5.028868400000000065e+02
5.692476042540876051e+02,5.028868400000000065e+02
5.690930469837587680e+02,5.028868400000000065e+02
5.694112754666473393e+02,5.028868400000000065e+02
5.694774071635310975e+02,5.028868400000000065e+02
5.695749466792070734e+02,5.028868400000000065e+02
5.696097279965257485e+02,5.028868400000000065e+02
5.697386178917666939e+02,5.028868400000000065e+02
5.698047969609261827e+02,5.028868400000000065e+02
5.699022891043264281e+02,5.028868400000000065e+02
5.698745996523754229e+02,5.028868400000000065e+02
5.700659603168860485e+02,5.028868400000000065e+02
5.701321867583212679e+02,5.028868400000000065e+02
5.702296315294457827e+02,5.028868400000000065e+02
5.702646971627099219e+02,5.028868400000000065e+02
5.703933027420055168e+02,5.028868400000000065e+02
5.704595765557163531e+02,5.028868400000000065e+02
5.705569739545651373e+02,5.028868400000000065e+02
5.701550279069767839e+02,5.028868400000000065e+02
5.707206451671248715e+02,5.028868400000000065e+02
5.707869663531114384e+02,5.028868400000000065e+02
5.708843163796844919e+02,5.028868400000000065e+02
5.709196663288940954e+02,5.028868400000000065e+02
5.710479875922442261e+02,5.028868400000000065e+02
5.711143561505065236e+02,5.028868400000000065e+02
5.712116588048039603e+02,5.028868400000000065e+02
5.711852969293163369e+02,5.028868400000000065e+02
5.713753300173635807e+02,5.028868400000000065e+02
5.714417459479016088e+02,5.028868400000000065e+02
5.715390012299233149e+02,5.028868400000000065e+02
5.715746354950781551e+02,5.028868400000000065e+02
5.717026724424829354e+02,5.028868400000000065e+02
5.717691357452966940e+02,5.028868400000000065e+02
5.718663436550426695e+02,5.028868400000000065e+02
5.717174825986079441e+02,5.028868400000000065e+02
5.720300148676022900e+02,5.028868400000000065e+02
5.720965255426917793e+02,5.028868400000000065e+02
5.721936860801620242e+02,5.028868400000000065e+02
5.722296046612623286e+02,5.028868400000000065e+02
5.723573572927217583e+02,5.028868400000000065e+02
5.724239153400868645e+02,5.028868400000000065e+02
5.725210285052813788e+02,5.028868400000000065e+02
5.724959942062572509e+02,5.028868400000000065e+02
5.726846997178411129e+02,5.028868400000000065e+02
5.727513051374819497e+02,5.028868400000000065e+02
5.728483709304007334e+02,5.028868400000000065e+02
5.728845738274465020e+02,5.028868400000000065e+02
5.730120421429604676e+02,5.028868400000000065e+02
5.730786949348770349e+02,5.028868400000000065e+02
5.731757133555202017e+02,5.028868400000000065e+02
7.396842699999999695e+02,4.137313199999999824e+02
5.733393845680798222e+02,5.028868400000000065e+02
5.734060847322721202e+02,5.028868400000000065e+02
5.735030557806395564e+02,5.028868400000000065e+02
5.735395429936305618e+02,5.028868400000000065e+02
5.736667269931991768e+02,5.028868400000000065e+02
5.737334745296672054e+02,5.028868400000000065e+02
5.738303982057589110e+02,5.028868400000000065e+02
5.738066914831981649e+02,5.028868400000000065e+02
5.739940694183186451e+02,5.028868400000000065e+02
5.740608643270622906e+02,5.028868400000000065e+02
5.741577406308782656e+02,5.028868400000000065e+02
5.741945121598147352e+02,5.028868400000000065e+02
5.743214118434379998e+02,5.028868400000000065e+02
5.743882541244573758e+02,5.028868400000000065e+02
5.744850830559976202e+02,5.028868400000000065e+02
5.743419182134571201e+02,5.028868400000000065e+02
5.746487542685573544e+02,5.028868400000000065e+02
5.747156439218524611e+02,5.028868400000000065e+02
5.748124254811169749e+02,5.028868400000000065e+02
5.748494813259989087e+02,5.028868400000000065e+02
5.749760966936767090e+02,5.028868400000000065e+02
5.750430337192475463e+02,5.028868400000000065e+02
5.751397679062364432e+02,5.028868400000000065e+02
5.751173887601390788e+02,5.028868400000000065e+02
5.753034391187960637e+02,5.028868400000000065e+02
5.753704235166426315e+02,5.028868400000000065e+02
5.754671103313557978e+02,5.028868400000000065e+02
5.755044504921829684e+02,5.028868400000000065e+02
5.756307815439154183e+02,5.028868400000000065e+02
5.756978133140376030e+02,5.028868400000000065e+02
5.757944527564751525e+02,5.028868400000000065e+02
5.754161058139535498e+02,5.028868400000000065e+02
5.759581239690348866e+02,5.028868400000000065e+02
5.760252031114326883e+02,5.028868400000000065e+02
5.761217951815945071e+02,5.028868400000000065e+02
5.761594196583671419e+02,5.028868400000000065e+02
5.762854663941542412e+02,5.028868400000000065e+02
5.763525929088277735e+02,5.028868400000000065e+02
5.764491376067138617e+02,5.028868400000000065e+02
5.764280860370798791e+02,5.028868400000000065e+02
5.766128088192735959e+02,5.028868400000000065e+02
5.766799827062228587e+02,5.028868400000000065e+02
5.767764800318333300e+02,5.028868400000000065e+02
5.768143888245513153e+02,5.028868400000000065e+02
5.769401512443929505e+02,5.028868400000000065e+02
5.770073725036179439e+02,5.028868400000000065e+02
5.771038224569526847e+02,5.028868400000000065e+02
5.769663538283062962e+02,5.028868400000000065e+02
5.772674936695123051e+02,5.028868400000000065e+02
5.773347623010130292e+02,5.028868400000000065e+02
5.774311648820720393e+02,5.028868400000000065e+02
5.774693579907353751e+02,5.028868400000000065e+02
5.775948360946317734e+02,5.028868400000000065e+02
5.776621520984081144e+02,5.028868400000000065e+02
5.777585073071913939e+02,5.028868400000000065e+02
5.777387833140207931e+02,5.028868400000000065e+02
5.779221785197511281e+02,5.028868400000000065e+02
5.779895418958031996e+02,5.028868400000000065e+02
5.780858497323107485e+02,5.028868400000000065e+02
5.781243271569195485e+02,5.028868400000000065e+02
5.782495209448704827e+02,5.028868400000000065e+02
5.783169316931982848e+02,5.028868400000000065e+02
5.784131921574301032e+02,5.028868400000000065e+02
7.353007000000000062e+02,4.040561500000000024e+02
5.785768633699898373e+02,3.887602499999999850e+02
5.786443214905933701e+02,3.887602499999999850e+02
5.787405345825495715e+02,3.887602499999999850e+02
5.787792963231036083e+02,3.887602499999999850e+02
5.789042057951091920e+02,3.887602499999999850e+02
5.789717112879884553e+02,3.887602499999999850e+02
5.790678770076689261e+02,3.887602499999999850e+02
5.790494805909617071e+02,3.887602499999999850e+02
5.792315482202285466e+02,3.887602499999999850e+02
5.792991010853835405e+02,3.887602499999999850e+02
5.793952194327882808e+02,3.887602499999999850e+02
5.794342654892877817e+02,3.887602499999999850e+02
5.795588906453480149e+02,3.887602499999999850e+02
5.796264908827786257e+02,3.887602499999999850e+02
5.797225618579076354e+02,3.887602499999999850e+02
5.795907894431554723e+02,3.887602499999999850e+02
5.798862330704673695e+02,3.887602499999999850e+02
5.799538806801737110e+02,3.887602499999999850e+02
5.800499042830269900e+02,3.887602499999999850e+02
5.800892346554719552e+02,3.887602499999999850e+02
5.802135754955867242e+02,3.887602499999999850e+02
5.802812704775687962e+02,3.887602499999999850e+02
5.803772467081464583e+02,3.887602499999999850e+02
5.803601778679026211e+02,3.887602499999999850e+02
5.805409179207060788e+02,3.887602499999999850e+02
5.806086602749638814e+02,3.887602499999999850e+02
5.807045891332658130e+02,3.887602499999999850e+02
5.807442038216560150e+02,3.887602499999999850e+02
5.808682603458254334e+02,3.887602499999999850e+02
5.809360500723589666e+02,3.887602499999999850e+02
5.810319315583851676e+02,3.887602499999999850e+02
5.806771837209303158e+02,3.887602499999999850e+02
5.811956027709447881e+02,3.887602499999999850e+02
5.812634398697540519e+02,3.887602499999999850e+02
5.813592739835045222e+02,3.887602499999999850e+02
5.813991729878401884e+02,3.887602499999999850e+02
5.815229451960642564e+02,3.887602499999999850e+02
5.815908296671491371e+02,3.887602499999999850e+02
5.816866164086238769e+02,3.887602499999999850e+02
5.816708751448435351e+02,3.887602499999999850e+02
5.818502876211836110e+02,3.887602499999999850e+02
5.819182194645442223e+02,3.887602499999999850e+02
5.820139588337432315e+02,3.887602499999999850e+02
5.820541421540243618e+02,3.887602499999999850e+02
5.821776300463029656e+02,3.887602499999999850e+02
5.822456092619391939e+02,3.887602499999999850e+02
5.823413012588626998e+02,3.887602499999999850e+02
5.822152250580046484e+02,3.887602499999999850e+02
5.825049724714223203e+02,3.887602499999999850e+02
5.825729990593342791e+02,3.887602499999999850e+02
5.826686436839820544e+02,3.887602499999999850e+02
5.827091113202084216e+02,3.887602499999999850e+02
5.828323148965416749e+02,3.887602499999999850e+02
5.829003888567293643e+02,3.887602499999999850e+02
5.829959861091014091e+02,3.887602499999999850e+02
5.829815724217844490e+02,3.887602499999999850e+02
5.831596573216611432e+02,3.887602499999999850e+02
5.832277786541244495e+02,3.887602499999999850e+02
5.833233285342207637e+02,3.887602499999999850e+02
5.833640804863925950e+02,3.887602499999999850e+02
5.834869997467804978e+02,3.887602499999999850e+02
5.835551684515195348e+02,3.887602499999999850e+02
5.836506709593401183e+02,3.887602499999999850e+02
7.264786000000000286e+02,3.957842999999999734e+02
5.838143421718998525e+02,3.887602499999999850e+02
5.838825582489146200e+02,3.887602499999999850e+02
5.839780133844594729e+02,3.887602499999999850e+02
5.840190496525767685e+02,3.887602499999999850e+02
5.841416845970192071e+02,3.887602499999999850e+02
5.842099480463097052e+02,3.887602499999999850e+02
5.843053558095789413e+02,3.887602499999999850e+02
5.842922696987253630e+02,3.887602499999999850e+02
5.844690270221385617e+02,3.887602499999999850e+02
5.845373378437047904e+02,3.887602499999999850e+02
5.846326982346982959e+02,3.887602499999999850e+02
5.846740188187608283e+02,3.887602499999999850e+02
5.847963694472579164e+02,3.887602499999999850e+02
5.848647276410998757e+02,3.887602499999999850e+02
5.849600406598176505e+02,3.887602499999999850e+02
5.848396606728538245e+02,3.887602499999999850e+02
5.851237118723773847e+02,3.887602499999999850e+02
5.851921174384949609e+02,3.887602499999999850e+02
5.852873830849370052e+02,3.887602499999999850e+02
5.853289879849450017e+02,3.887602499999999850e+02
5.854510542974967393e+02,3.887602499999999850e+02
5.855195072358900461e+02,3.887602499999999850e+02
5.856147255100563598e+02,3.887602499999999850e+02
5.856029669756662770e+02,3.887602499999999850e+02
5.857783967226160939e+02,3.887602499999999850e+02
5.858468970332851313e+02,3.887602499999999850e+02
5.859420679351758281e+02,3.887602499999999850e+02
5.859839571511291751e+02,3.887602499999999850e+02
5.861057391477354486e+02,3.887602499999999850e+02
5.861742868306802166e+02,3.887602499999999850e+02
5.862694103602951827e+02,3.887602499999999850e+02
5.859382616279069680e+02,3.887602499999999850e+02
5.864330815728548032e+02,3.887602499999999850e+02
5.865016766280753018e+02,3.887602499999999850e+02
5.865967527854145374e+02,3.887602499999999850e+02
5.866389263173132349e+02,3.887602499999999850e+02
5.867604239979741578e+02,3.887602499999999850e+02
5.868290664254703870e+02,3.887602499999999850e+02
5.869240952105338920e+02,3.887602499999999850e+02
5.869136642526071910e+02,3.887602499999999850e+02
5.870877664230936261e+02,3.887602499999999850e+02
5.871564562228654722e+02,3.887602499999999850e+02
5.872514376356532466e+02,3.887602499999999850e+02
5.872938954834974083e+02,3.887602499999999850e+02
5.874151088482129808e+02,4.852124000000000024e+02
5.874838460202605575e+02,4.852124000000000024e+02
5.875787800607726012e+02,4.852124000000000024e+02
5.874640962877030006e+02,4.852124000000000024e+02
5.877424512733323354e+02,4.852124000000000024e+02
5.878112358176556427e+02,4.852124000000000024e+02
5.879061224858920696e+02,4.852124000000000024e+02
5.879488646496815818e+02,4.852124000000000024e+02
5.880697936984516900e+02,4.852124000000000024e+02
5.881386256150507279e+02,4.852124000000000024e+02
5.882334649110114242e+02,4.852124000000000024e+02
5.882243615295481050e+02,4.852124000000000024e+02
5.883971361235710447e+02,4.852124000000000024e+02
5.884660154124458131e+02,4.852124000000000024e+02
5.885608073361307788e+02,4.852124000000000024e+02
5.886038338158656416e+02,4.852124000000000024e+02
5.887244785486905130e+02,4.852124000000000024e+02
5.887934052098407847e+02,4.852124000000000024e+02
5.888881497612501335e+02,4.852124000000000024e+02
7.120592000000000326e+02,3.908972200000000043e+02
5.890518209738098676e+02,4.852124000000000024e+02
5.891207950072358699e+02,4.852124000000000024e+02
5.892154921863694881e+02,4.852124000000000024e+02
5.892588029820498150e+02,4.852124000000000024e+02
5.893791633989292222e+02,4.852124000000000024e+02
5.894481848046309551e+02,4.852124000000000024e+02
5.895428346114889564e+02,4.852124000000000024e+02
5.895350588064890189e+02,4.852124000000000024e+02
5.897065058240485769e+02,4.852124000000000024e+02
5.897755746020260403e+02,4.852124000000000024e+02
5.898701770366083110e+02,4.852124000000000024e+02
5.899137721482339884e+02,4.852124000000000024e+02
5.900338482491679315e+02,4.852124000000000024e+02
5.901029643994211256e+02,4.852124000000000024e+02
5.901975194617276657e+02,4.852124000000000024e+02
5.900885319025521767e+02,4.852124000000000024e+02
5.903611906742872861e+02,4.852124000000000024e+02
5.904303541968162108e+02,4.852124000000000024e+02
5.905248618868470203e+02,4.852124000000000024e+02
5.905687413144180482e+02,4.852124000000000024e+02
5.906885330994067544e+02,4.852124000000000024e+02
5.907577439942112960e+02,4.852124000000000024e+02
5.908522043119663749e+02,4.852124000000000024e+02
5.908457560834298192e+02,4.852124000000000024e+02
5.910158755245261091e+02,4.852124000000000024e+02
5.910851337916063812e+02,4.852124000000000024e+02
5.911795467370857295e+02,4.852124000000000024e+02
5.912237104806022217e+02,4.852124000000000024e+02
5.913432179496454637e+02,4.852124000000000024e+02
5.914125235890014665e+02,4.852124000000000024e+02
5.915068891622051979e+02,4.852124000000000024e+02
5.911993395348837339e+02,4.852124000000000024e+02
5.916705603747648183e+02,4.852124000000000024e+02
5.917399133863965517e+02,4.852124000000000024e+02
5.918342315873245525e+02,4.852124000000000024e+02
5.918786796467863951e+02,4.852124000000000024e+02
5.919979027998841730e+02,4.852124000000000024e+02
5.920673031837916369e+02,4.852124000000000024e+02
5.921615740124439071e+02,4.852124000000000024e+02
5.921564533603707332e+02,4.852124000000000024e+02
5.923252452250036413e+02,4.852124000000000024e+02
5.923946929811867221e+02,4.852124000000000024e+02
5.924889164375632618e+02,4.852124000000000024e+02
5.925336488129704549e+02,4.852124000000000024e+02
5.926525876501229959e+02,4.852124000000000024e+02
5.927220827785818074e+02,4.852124000000000024e+02
5.928162588626826164e+02,4.852124000000000024e+02
5.927129675174014665e+02,4.852124000000000024e+02
5.929799300752423505e+02,4.852124000000000024e+02
5.930494725759768926e+02,4.852124000000000024e+02
5.931436012878019710e+02,4.852124000000000024e+02
5.931886179791546283e+02,4.852124000000000024e+02
5.933072725003617052e+02,4.852124000000000024e+02
5.933768623733719778e+02,4.852124000000000024e+02
5.934709437129214393e+02,4.852124000000000024e+02
5.934671506373116472e+02,4.852124000000000024e+02
5.936346149254810598e+02,4.852124000000000024e+02
5.937042521707670630e+02,4.852124000000000024e+02
5.937982861380407940e+02,4.852124000000000024e+02
5.938435871453388017e+02,4.852124000000000024e+02
5.939619573506004144e+02,4.852124000000000024e+02
5.940316419681621483e+02,4.852124000000000024e+02
5.941256285631601486e+02,4.852124000000000024e+02
6.964961499999999432e+02,3.926552699999999732e+02
5.942892997757198827e+02,4.015099999999999909e+02
5.943590317655572335e+02,4.015099999999999909e+02
5.944529709882795032e+02,4.015099999999999909e+02
5.944985563115228615e+02,4.015099999999999909e+02
5.946166422008392374e+02,4.015099999999999909e+02
5.946864215629523187e+02,4.015099999999999909e+02
5.947803134133988578e+02,4.015099999999999909e+02
5.947778479142525612e+02,4.015099999999999909e+02
5.949439846259585920e+02,4.015099999999999909e+02
5.950138113603474039e+02,4.015099999999999909e+02
5.951076558385183262e+02,4.015099999999999909e+02
5.951535254777070350e+02,4.015099999999999909e+02
5.952713270510779466e+02,4.015099999999999909e+02
5.953412011577424892e+02,4.015099999999999909e+02
5.954349982636376808e+02,4.015099999999999909e+02
5.953374031322506426e+02,4.015099999999999909e+02
5.955986694761973013e+02,4.015099999999999909e+02
5.956685909551374607e+02,4.015099999999999909e+02
5.957623406887570354e+02,4.015099999999999909e+02
5.958084946438912084e+02,4.015099999999999909e+02
5.959260119013166559e+02,4.015099999999999909e+02
5.959959807525325459e+02,4.015099999999999909e+02
5.960896831138763901e+02,4.015099999999999909e+02
5.960885451911934751e+02,4.015099999999999909e+02
5.962533543264361242e+02,4.015099999999999909e+02
5.963233705499276311e+02,4.015099999999999909e+02
5.964170255389957447e+02,4.015099999999999909e+02
5.964634638100752682e+02,4.015099999999999909e+02
5.965806967515554788e+02,4.015099999999999909e+02
5.966507603473227164e+02,4.015099999999999909e+02
5.967443679641150993e+02,4.015099999999999909e+02
5.964604174418604998e+02,4.015099999999999909e+02
5.969080391766748335e+02,4.015099999999999909e+02
5.969781501447178016e+02,4.015099999999999909e+02
5.970717103892345676e+02,4.015099999999999909e+02
5.971184329762594416e+02,4.015099999999999909e+02
5.972353816017941881e+02,4.015099999999999909e+02
5.973055399421128868e+02,4.015099999999999909e+02
5.973990528143539223e+02,4.015099999999999909e+02
5.973992424681343891e+02,4.015099999999999909e+02
5.975627240269135427e+02,4.015099999999999909e+02
5.976329297395079720e+02,4.015099999999999909e+02
5.977263952394732769e+02,4.015099999999999909e+02
5.977734021424436150e+02,4.015099999999999909e+02
5.978900664520330110e+02,4.015099999999999909e+02
5.979603195369030573e+02,4.015099999999999909e+02
5.980537376645926315e+02,4.015099999999999909e+02
5.979618387470998186e+02,4.015099999999999909e+02
5.982174088771523657e+02,4.015099999999999909e+02
5.982877093342981425e+02,4.015099999999999909e+02
5.983810800897119861e+02,4.015099999999999909e+02
5.984283713086276748e+02,4.015099999999999909e+02
5.985447513022717203e+02,4.015099999999999909e+02
5.986150991316932277e+02,4.015099999999999909e+02
5.987084225148313408e+02,4.015099999999999909e+02
5.987099397450753031e+02,4.015099999999999909e+02
5.988720937273910749e+02,4.015099999999999909e+02
5.989424889290883129e+02,4.015099999999999909e+02
5.990357649399508091e+02,4.015099999999999909e+02
5.990833404748118483e+02,4.015099999999999909e+02
5.991994361525104296e+02,4.015099999999999909e+02
5.992698787264833982e+02,4.015099999999999909e+02
5.993631073650701637e+02,4.015099999999999909e+02
6.804516599999999471e+02,3.983343499999999722e+02
5.995267785776297842e+02,4.491927499999999895e+02
5.995972685238784834e+02,4.491927499999999895e+02
5.996904497901895184e+02,4.491927499999999895e+02
5.997383096409959080e+02,4.491927499999999895e+02
5.998541210027492525e+02,4.491927499999999895e+02
5.999246583212735686e+02,4.491927499999999895e+02
6.000177922153088730e+02,4.491927499999999895e+02
6.000206370220162171e+02,4.491927499999999895e+02
6.001814634278686071e+02,4.491927499999999895e+02
6.002520481186686538e+02,4.491927499999999895e+02
6.003451346404282276e+02,4.491927499999999895e+02
6.003932788071800815e+02,4.491927499999999895e+02
6.005088058529879618e+02,4.491927499999999895e+02
6.005794379160637391e+02,4.491927499999999895e+02
6.006724770655476959e+02,4.491927499999999895e+02
6.005862743619489947e+02,4.491927499999999895e+02
6.008361482781073164e+02,4.491927499999999895e+02
6.009068277134588243e+02,4.491927499999999895e+02
6.009998194906670506e+02,4.491927499999999895e+02
6.010482479733642549e+02,4.491927499999999895e+02
6.011634907032266710e+02,4.199232200000000148e+02
6.012342175108539095e+02,4.199232200000000148e+02
6.013271619157864052e+02,4.199232200000000148e+02
6.013313342989571311e+02,4.199232200000000148e+02
6.014908331283461393e+02,4.199232200000000148e+02
6.015616073082489947e+02,4.199232200000000148e+02
6.016545043409057598e+02,4.199232200000000148e+02
6.017032171395483147e+02,4.199232200000000148e+02
6.018181755534654940e+02,4.199232200000000148e+02
6.018889971056440800e+02,4.199232200000000148e+02
6.019818467660251144e+02,4.199232200000000148e+02
6.017214953488372657e+02,4.199232200000000148e+02
6.021455179785848486e+02,4.199232200000000148e+02
6.022163869030390515e+02,4.199232200000000148e+02
6.023091891911444691e+02,4.199232200000000148e+02
6.023581863057324881e+02,4.199232200000000148e+02
6.024728604037042032e+02,4.199232200000000148e+02
6.025437767004341367e+02,4.199232200000000148e+02
6.026365316162639374e+02,4.199232200000000148e+02
6.026420315758980450e+02,4.199232200000000148e+02
6.028002028288235579e+02,4.199232200000000148e+02
6.028711664978292220e+02,4.199232200000000148e+02
6.029638740413832920e+02,4.199232200000000148e+02
6.030131554719166616e+02,4.199232200000000148e+02
6.031275452539429125e+02,4.199232200000000148e+02
6.031985562952243072e+02,4.199232200000000148e+02
6.032912164665026467e+02,4.199232200000000148e+02
6.032107099767981708e+02,4.199232200000000148e+02
6.034548876790623808e+02,4.199232200000000148e+02
6.035259460926193924e+02,4.199232200000000148e+02
6.036185588916220013e+02,4.199232200000000148e+02
6.036681246381007213e+02,4.199232200000000148e+02
6.037822301041817354e+02,4.199232200000000148e+02
6.038533358900144776e+02,4.199232200000000148e+02
6.039459013167413559e+02,4.199232200000000148e+02
6.039527288528389590e+02,4.199232200000000148e+02
6.041095725293010901e+02,4.199232200000000148e+02
6.041807256874095629e+02,4.199232200000000148e+02
6.042732437418608242e+02,4.199232200000000148e+02
6.043230938042848948e+02,4.199232200000000148e+02
6.044369149544204447e+02,4.199232200000000148e+02
6.045081154848046481e+02,4.199232200000000148e+02
6.046005861669801789e+02,4.199232200000000148e+02
6.683950999999999567e+02,4.066057000000000130e+02
6.047642573795397993e+02,4.199232200000000148e+02
6.048355052821997333e+02,4.199232200000000148e+02
6.049279285920995335e+02,4.199232200000000148e+02
6.049780629704690682e+02,4.199232200000000148e+02
6.050915998046591540e+02,4.199232200000000148e+02
6.051628950795948185e+02,4.199232200000000148e+02
6.052552710172188881e+02,4.199232200000000148e+02
6.052634261297797593e+02,4.199232200000000148e+02
6.054189422297786223e+02,4.199232200000000148e+02
6.054902848769899038e+02,4.199232200000000148e+02
6.055826134423382427e+02,4.199232200000000148e+02
6.056330321366531280e+02,4.199232200000000148e+02
6.057462846548979769e+02,4.199232200000000148e+02
6.058176746743849890e+02,4.199232200000000148e+02
6.059099558674575974e+02,4.199232200000000148e+02
6.058351455916473469e+02,4.199232200000000148e+02
6.060736270800173315e+02,4.199232200000000148e+02
6.061450644717800742e+02,4.199232200000000148e+02
6.062372982925770657e+02,4.199232200000000148e+02
6.062880013028373014e+02,4.199232200000000148e+02
6.064009695051366862e+02,4.199232200000000148e+02
6.064724542691751594e+02,4.199232200000000148e+02
6.065646407176964203e+02,4.199232200000000148e+02
6.065741234067206733e+02,4.199232200000000148e+02
6.067283119302560408e+02,4.199232200000000148e+02
6.067998440665702446e+02,4.199232200000000148e+02
6.068919831428157750e+02,4.199232200000000148e+02
6.069429704690214749e+02,4.199232200000000148e+02
6.070556543553755091e+02,4.199232200000000148e+02
6.071272338639653299e+02,4.199232200000000148e+02
6.072193255679351296e+02,4.199232200000000148e+02
6.069825732558140317e+02,4.199232200000000148e+02
6.073829967804948637e+02,4.199232200000000148e+02
6.074546236613604151e+02,4.199232200000000148e+02
6.075466679930544842e+02,4.199232200000000148e+02
6.075979396352055346e+02,4.199232200000000148e+02
6.077103392056142184e+02,4.199232200000000148e+02
6.077820134587555003e+02,4.199232200000000148e+02
6.078740104181738388e+02,4.199232200000000148e+02
6.078848206836615873e+02,4.199232200000000148e+02
6.080376816307335730e+02,4.199232200000000148e+02
6.081094032561505855e+02,4.199232200000000148e+02
6.082013528432933072e+02,4.199232200000000148e+02
6.082529088013897081e+02,4.199232200000000148e+02
6.083650240558529276e+02,4.199232200000000148e+02
6.084367930535456708e+02,4.199232200000000148e+02
6.085286952684126618e+02,4.199232200000000148e+02
6.084595812064965230e+02,4.199232200000000148e+02
6.086923664809722823e+02,4.199232200000000148e+02
6.087641828509406423e+02,4.199232200000000148e+02
6.088560376935320164e+02,4.199232200000000148e+02
6.089078779675738815e+02,4.199232200000000148e+02
6.090197089060917506e+02,4.199232200000000148e+02
6.090915726483357275e+02,4.199232200000000148e+02
6.091833801186513710e+02,4.199232200000000148e+02
6.091955179606025013e+02,4.199232200000000148e+02
6.093470513312111052e+02,4.199232200000000148e+02
6.094189624457308128e+02,4.199232200000000148e+02
6.095107225437707257e+02,4.199232200000000148e+02
6.095628471337579413e+02,4.199232200000000148e+02
6.096743937563304598e+02,4.199232200000000148e+02
6.097463522431258980e+02,4.199232200000000148e+02
6.098380649688901940e+02,4.199232200000000148e+02
6.586526000000000067e+02,4.233955000000000268e+02
6.100017361814498145e+02,4.199232200000000148e+02
6.100737420405209832e+02,4.199232200000000148e+02
6.101654073940095486e+02,4.199232200000000148e+02
6.102178162999421147e+02,4.199232200000000148e+02
6.103290786065691691e+02,4.199232200000000148e+02
6.104011318379160684e+02,4.199232200000000148e+02
6.104927498191289033e+02,4.199232200000000148e+02
6.105062152375434152e+02,4.199232200000000148e+02
6.106564210316886374e+02,4.199232200000000148e+02
6.107285216353111537e+02,4.199232200000000148e+02
6.108200922442482579e+02,4.199232200000000148e+02
6.108727854661262882e+02,4.199232200000000148e+02
6.109837634568079920e+02,4.199232200000000148e+02
6.110559114327062389e+02,4.199232200000000148e+02
6.111474346693676125e+02,4.199232200000000148e+02
6.110840168213456991e+02,4.199232200000000148e+02
6.113111058819273467e+02,4.199232200000000148e+02
6.113833012301013241e+02,4.199232200000000148e+02
6.114747770944869671e+02,4.199232200000000148e+02
6.115277546323103479e+02,4.199232200000000148e+02
6.116384483070467013e+02,4.199232200000000148e+02
6.117106910274964093e+02,4.199232200000000148e+02
6.118021195196064355e+02,4.199232200000000148e+02
6.118169125144843292e+02,4.199232200000000148e+02
6.119657907321660559e+02,4.199232200000000148e+02
6.120380808248914946e+02,4.199232200000000148e+02
6.121294619447257901e+02,4.199232200000000148e+02
6.121827237984945214e+02,4.199232200000000148e+02
6.122931331572854106e+02,4.199232200000000148e+02
6.123654706222865798e+02,4.199232200000000148e+02
6.124568043698451447e+02,4.199232200000000148e+02
6.122436511627906839e+02,4.199232200000000148e+02
6.126204755824048789e+02,4.199232200000000148e+02
6.126928604196816650e+02,4.199232200000000148e+02
6.127841467949644993e+02,4.199232200000000148e+02
6.128376929646786948e+02,4.199232200000000148e+02
6.129478180075242335e+02,4.199232200000000148e+02
6.130202502170767502e+02,4.199232200000000148e+02
6.131114892200838540e+02,4.199232200000000148e+02
6.131276097914252432e+02,4.199232200000000148e+02
6.132751604326435881e+02,4.199232200000000148e+02
6.133476400144718355e+02,4.199232200000000148e+02
6.134388316452033223e+02,4.199232200000000148e+02
6.134926621308627546e+02,4.199232200000000148e+02
6.136025028577629428e+02,4.199232200000000148e+02
6.136750298118669207e+02,4.199232200000000148e+02
6.137661740703226769e+02,4.199232200000000148e+02
6.137084524361948752e+02,4.199232200000000148e+02
6.139298452828822974e+02,4.199232200000000148e+02
6.140024196092620059e+02,4.199232200000000148e+02
6.140935164954420316e+02,4.199232200000000148e+02
6.141476312970469280e+02,4.199232200000000148e+02
6.142571877080016520e+02,4.199232200000000148e+02
6.143298094066570911e+02,4.199232200000000148e+02
6.144208589205613862e+02,4.199232200000000148e+02
6.144383070683661572e+02,4.199232200000000148e+02
6.145845301331211203e+02,4.199232200000000148e+02
6.146571992040521764e+02,4.199232200000000148e+02
6.147482013456807408e+02,4.199232200000000148e+02
6.148026004632311015e+02,4.199232200000000148e+02
6.149118725582404750e+02,4.199232200000000148e+02
6.149845890014472616e+02,4.199232200000000148e+02
6.150755437708000954e+02,4.199232200000000148e+02
6.572545000000000073e+02,4.369866999999999848e+02
6.152392149833598296e+02,4.199232200000000148e+02
6.153119787988422331e+02,4.199232200000000148e+02
6.154028861959195638e+02,4.199232200000000148e+02
6.154575696294151612e+02,4.199232200000000148e+02
6.155665574084791842e+02,4.199232200000000148e+02
6.156393685962373183e+02,4.199232200000000148e+02
6.157302286210389184e+02,4.199232200000000148e+02
6.157490043453070712e+02,4.199232200000000148e+02
6.158938998335985389e+02,4.199232200000000148e+02
6.159667583936324036e+02,4.199232200000000148e+02
6.160575710461582730e+02,4.199232200000000148e+02
6.161125387955993347e+02,4.199232200000000148e+02
6.162212422587180072e+02,4.199232200000000148e+02
6.162941481910274888e+02,4.199232200000000148e+02
6.163849134712776277e+02,4.199232200000000148e+02
6.163328880510440513e+02,4.199232200000000148e+02
6.165485846838373618e+02,4.199232200000000148e+02
6.166215379884225740e+02,4.199232200000000148e+02
6.167122558963969823e+02,4.199232200000000148e+02
6.167675079617835081e+02,4.199232200000000148e+02
6.168759271089567164e+02,4.199232200000000148e+02
6.169489277858176592e+02,4.199232200000000148e+02
6.170395983215163369e+02,4.199232200000000148e+02
6.170597016222479851e+02,4.199232200000000148e+02
6.172032695340760711e+02,4.199232200000000148e+02
6.172763175832127445e+02,4.199232200000000148e+02
6.173669407466358052e+02,4.199232200000000148e+02
6.174224771279675679e+02,4.199232200000000148e+02
6.175306119591954257e+02,4.199232200000000148e+02
6.176037073806078297e+02,4.199232200000000148e+02
6.176942831717551599e+02,4.199232200000000148e+02
6.175047290697674498e+02,4.199232200000000148e+02
6.178579543843147803e+02,4.199232200000000148e+02
6.179310971780029149e+02,4.199232200000000148e+02
6.180216255968745145e+02,4.199232200000000148e+02
6.180774462941517413e+02,4.199232200000000148e+02
6.181852968094342486e+02,4.199232200000000148e+02
6.182584869753980001e+02,4.199232200000000148e+02
6.183489680219938691e+02,4.199232200000000148e+02
6.183703988991888991e+02,4.199232200000000148e+02
6.185126392345536033e+02,4.199232200000000148e+02
6.185858767727930854e+02,4.199232200000000148e+02
6.186763104471132237e+02,4.199232200000000148e+02
6.187324154603359148e+02,4.199232200000000148e+02
6.188399816596729579e+02,4.199232200000000148e+02
6.189132665701881706e+02,4.199232200000000148e+02
6.190036528722326921e+02,4.199232200000000148e+02
6.189573236658933411e+02,4.199232200000000148e+02
6.191673240847923125e+02,4.199232200000000148e+02
6.192406563675832558e+02,4.199232200000000148e+02
6.193309952973520467e+02,4.199232200000000148e+02
6.193873846265199745e+02,4.199232200000000148e+02
6.194946665099116672e+02,4.199232200000000148e+02
6.195680461649783410e+02,4.199232200000000148e+02
6.196583377224714013e+02,4.199232200000000148e+02
6.196810961761296994e+02,4.199232200000000148e+02
6.198220089350310218e+02,4.199232200000000148e+02
6.198954359623734263e+02,4.199232200000000148e+02
6.199856801475907560e+02,4.199232200000000148e+02
6.200423537927041480e+02,4.199232200000000148e+02
6.201493513601504901e+02,4.199232200000000148e+02
6.202228257597685115e+02,4.199232200000000148e+02
6.203130225727101106e+02,4.199232200000000148e+02
6.616086000000000240e+02,4.441734599999999773e+02
6.204766937852698447e+02,4.199232200000000148e+02
6.205502155571635967e+02,4.199232200000000148e+02
6.206403649978294652e+02,4.199232200000000148e+02
6.206973229588882077e+02,4.199232200000000148e+02
6.208040362103891994e+02,4.199232200000000148e+02
6.208776053545586819e+02,4.199232200000000148e+02
6.209677074229489335e+02,4.199232200000000148e+02
6.209917934530706134e+02,4.199232200000000148e+02
6.211313786355085540e+02,4.199232200000000148e+02
6.212049951519537672e+02,4.199232200000000148e+02
6.212950498480682882e+02,4.199232200000000148e+02
6.213522921250723812e+02,4.199232200000000148e+02
6.214587210606279086e+02,4.199232200000000148e+02
6.215323849493488524e+02,4.199232200000000148e+02
6.216223922731876428e+02,4.199232200000000148e+02
6.215817592807425171e+02,4.199232200000000148e+02
6.217860634857473769e+02,4.199232200000000148e+02
6.218597747467439376e+02,4.199232200000000148e+02
6.219497346983069974e+02,4.199232200000000148e+02
6.220072612912565546e+02,4.199232200000000148e+02
6.221134059108667316e+02,4.199232200000000148e+02
6.221871645441389092e+02,4.199232200000000148e+02
6.222770771234263520e+02,4.199232200000000148e+02
6.223024907300115274e+02,4.199232200000000148e+02
6.224407483359860862e+02,4.199232200000000148e+02
6.225145543415339944e+02,4.199232200000000148e+02
6.226044195485458204e+02,4.199232200000000148e+02
6.226622304574406144e+02,4.199232200000000148e+02
6.227680907611054408e+02,4.199232200000000148e+02
6.228419441389290796e+02,4.199232200000000148e+02
6.229317619736651750e+02,4.199232200000000148e+02
6.227658069767442157e+02,4.199232200000000148e+02
6.230954331862247955e+02,4.199232200000000148e+02
6.231693339363241648e+02,4.199232200000000148e+02
6.232591043987845296e+02,4.199232200000000148e+02
6.233171996236247878e+02,4.199232200000000148e+02
6.234227756113441501e+02,4.199232200000000148e+02
6.234967237337192500e+02,4.199232200000000148e+02
6.235864468239038843e+02,4.199232200000000148e+02
6.236131880069524414e+02,4.199232200000000148e+02
6.237501180364636184e+02,4.199232200000000148e+02
6.238241135311143353e+02,4.199232200000000148e+02
6.239137892490232389e+02,4.199232200000000148e+02
6.239721687898089613e+02,4.199232200000000148e+02
6.240774604615829730e+02,4.199232200000000148e+02
6.241515033285094205e+02,4.199232200000000148e+02
6.242411316741425935e+02,4.199232200000000148e+02
6.242061948955916932e+02,4.199232200000000148e+02
6.244048028867023277e+02,4.199232200000000148e+02
6.244788931259045057e+02,4.199232200000000148e+02
6.245684740992619481e+02,4.199232200000000148e+02
6.246271379559930210e+02,4.199232200000000148e+02
6.247321453118216823e+02,4.199232200000000148e+02
6.248062829232995909e+02,4.199232200000000148e+02
6.248958165243814165e+02,4.199232200000000148e+02
6.249238852838933553e+02,4.199232200000000148e+02
6.250594877369410369e+02,4.199232200000000148e+02
6.251336727206946762e+02,4.199232200000000148e+02
6.252231589495007711e+02,4.199232200000000148e+02
6.252821071221771945e+02,4.199232200000000148e+02
6.253868301620603916e+02,4.199232200000000148e+02
6.254610625180897614e+02,4.199232200000000148e+02
6.255505013746201257e+02,4.199232200000000148e+02
6.724401000000000295e+02,4.520869000000000142e+02
6.257141725871797462e+02,5.391347700000000032e+02
6.257884523154848466e+02,5.391347700000000032e+02
6.258778437997394803e+02,5.391347700000000032e+02
6.259370762883612542e+02,5.391347700000000032e+02
6.260415150122992145e+02,5.391347700000000032e+02
6.261158421128799318e+02,5.391347700000000032e+02
6.262051862248588350e+02,5.391347700000000032e+02
6.262345825608342693e+02,5.391347700000000032e+02
6.263688574374185691e+02,5.391347700000000032e+02
6.264432319102750171e+02,5.391347700000000032e+02
6.265325286499781896e+02,5.391347700000000032e+02
6.265920454545454277e+02,5.391347700000000032e+02
6.266961998625379238e+02,5.391347700000000032e+02
6.267706217076701023e+02,5.391347700000000032e+02
6.268598710750976579e+02,5.391347700000000032e+02
6.268306305104408693e+02,5.391347700000000032e+02
6.270235422876572784e+02,5.391347700000000032e+02
6.270980115050650738e+02,5.391347700000000032e+02
6.271872135002170126e+02,5.391347700000000032e+02
6.272470146207296011e+02,5.391347700000000032e+02
6.273508847127766330e+02,5.391347700000000032e+02
6.274254013024601591e+02,5.391347700000000032e+02
6.275145559253363672e+02,5.391347700000000032e+02
6.275452798377751833e+02,5.391347700000000032e+02
6.276782271378961013e+02,5.391347700000000032e+02
6.277527910998552443e+02,5.391347700000000032e+02
6.278418983504557218e+02,5.391347700000000032e+02
6.279019837869136609e+02,5.391347700000000032e+02
6.280055695630154560e+02,5.391347700000000032e+02
6.280801808972503295e+02,5.391347700000000032e+02
6.281692407755750764e+02,5.391347700000000032e+02
6.280268848837209816e+02,5.391347700000000032e+02
6.283329119881348106e+02,5.391347700000000032e+02
6.284075706946454147e+02,5.391347700000000032e+02
6.284965832006944311e+02,5.391347700000000032e+02
6.285569529530978343e+02,5.391347700000000032e+02
6.286602544132541652e+02,5.391347700000000032e+02
6.287349604920405000e+02,5.391347700000000032e+02
6.288239256258138994e+02,5.391347700000000032e+02
6.288559771147160973e+02,5.391347700000000032e+02
6.289875968383735199e+02,5.391347700000000032e+02
6.290623502894355852e+02,5.391347700000000032e+02
6.291512680509332540e+02,5.391347700000000032e+02
6.292119221192820078e+02,5.391347700000000032e+02
6.293149392634928745e+02,5.391347700000000032e+02
6.293897400868306704e+02,5.391347700000000032e+02
6.294786104760526086e+02,5.391347700000000032e+02
6.294550661252900454e+02,5.391347700000000032e+02
6.296422816886123428e+02,5.391347700000000032e+02
6.297171298842257556e+02,5.391347700000000032e+02
6.298059529011719633e+02,5.391347700000000032e+02
6.298668912854660675e+02,5.391347700000000032e+02
6.299696241137316974e+02,5.391347700000000032e+02
6.300445196816208409e+02,5.391347700000000032e+02
6.301332953262913179e+02,5.391347700000000032e+02
6.301666743916570113e+02,5.391347700000000032e+02
6.302969665388510521e+02,5.391347700000000032e+02
6.303719094790159261e+02,5.391347700000000032e+02
6.304606377514107862e+02,5.391347700000000032e+02
6.305218604516502410e+02,5.391347700000000032e+02
6.306243089639704067e+02,5.391347700000000032e+02
6.306992992764110113e+02,5.391347700000000032e+02
6.307879801765301409e+02,5.391347700000000032e+02
6.831937000000000353e+02,4.598288600000000201e+02
6.309516513890897613e+02,5.391347700000000032e+02
6.310266890738060965e+02,5.391347700000000032e+02
6.311153226016494955e+02,5.391347700000000032e+02
6.311768296178344144e+02,5.391347700000000032e+02
6.312789938142091160e+02,5.391347700000000032e+02
6.313540788712011818e+02,5.391347700000000032e+02
6.314426650267688501e+02,5.391347700000000032e+02
6.314773716685978115e+02,5.391347700000000032e+02
6.316063362393285843e+02,5.391347700000000032e+02
6.316814686685962670e+02,5.391347700000000032e+02
6.317700074518882047e+02,5.391347700000000032e+02
6.318317987840184742e+02,5.391347700000000032e+02
6.319336786644479389e+02,5.391347700000000032e+02
6.320088584659913522e+02,5.391347700000000032e+02
6.320973498770075594e+02,5.391347700000000032e+02
6.320795017401392215e+02,5.391347700000000032e+02
6.322610210895672935e+02,5.391347700000000032e+02
6.323362482633864374e+02,5.391347700000000032e+02
6.324246923021270277e+02,5.391347700000000032e+02
6.324867679502026476e+02,5.391347700000000032e+02
6.325883635146866482e+02,5.391347700000000032e+02
6.326636380607815227e+02,5.391347700000000032e+02
6.327520347272463823e+02,5.391347700000000032e+02
6.327880689455387255e+02,5.391347700000000032e+02
6.329157059398060028e+02,5.391347700000000032e+02
6.329910278581766079e+02,5.391347700000000032e+02
6.330793771523657369e+02,5.391347700000000032e+02
6.331417371163868211e+02,5.391347700000000032e+02
6.332430483649254711e+02,5.391347700000000032e+02
6.333184176555716931e+02,5.391347700000000032e+02
6.334067195774850916e+02,5.391347700000000032e+02
6.332879627906976339e+02,5.391347700000000032e+02
6.335703907900448257e+02,5.391347700000000032e+02
6.336458074529666646e+02,5.391347700000000032e+02
6.337340620026044462e+02,5.391347700000000032e+02
6.337967062825708808e+02,5.391347700000000032e+02
6.338977332151641804e+02,5.391347700000000032e+02
6.339731972503617499e+02,5.391347700000000032e+02
6.340614044277238008e+02,5.391347700000000032e+02
6.340987662224796395e+02,5.391347700000000032e+02
6.342250756402835350e+02,5.391347700000000032e+02
6.343005870477568351e+02,5.391347700000000032e+02
6.343887468528432692e+02,5.391347700000000032e+02
6.344516754487550543e+02,5.391347700000000032e+02
6.345524180654028896e+02,5.391347700000000032e+02
6.346279768451519203e+02,5.391347700000000032e+02
6.347160892779626238e+02,5.391347700000000032e+02
6.347039373549883976e+02,5.391347700000000032e+02
6.348797604905222443e+02,5.391347700000000032e+02
6.349553666425470055e+02,5.391347700000000032e+02
6.350434317030819784e+02,5.391347700000000032e+02
6.351066446149392277e+02,5.391347700000000032e+02
6.352071029156417126e+02,5.391347700000000032e+02
6.352827564399420908e+02,5.391347700000000032e+02
6.353707741282013330e+02,5.391347700000000032e+02
6.354094634994205535e+02,5.391347700000000032e+02
6.355344453407610672e+02,5.391347700000000032e+02
6.356101462373371760e+02,5.391347700000000032e+02
6.356981165533206877e+02,5.391347700000000032e+02
6.357616137811232875e+02,5.391347700000000032e+02
6.358617877658804218e+02,5.391347700000000032e+02
6.359375360347322612e+02,5.391347700000000032e+02
6.360254589784401560e+02,5.391347700000000032e+02
6.920118400000000065e+02,4.683197000000000116e+02
6.361891301909997765e+02,5.391347700000000032e+02
6.362649258321273464e+02,5.391347700000000032e+02
6.363528014035595106e+02,5.391347700000000032e+02
6.364165829473074609e+02,5.391347700000000032e+02
6.365164726161191311e+02,5.391347700000000032e+02
6.365923156295224317e+02,5.391347700000000032e+02
6.366801438286788652e+02,5.391347700000000032e+02
6.367201607763614675e+02,5.391347700000000032e+02
6.368438150412385994e+02,5.391347700000000032e+02
6.369197054269175169e+02,5.391347700000000032e+02
6.370074862537982199e+02,5.391347700000000032e+02
6.370715521134916344e+02,5.391347700000000032e+02
6.371711574663579540e+02,5.391347700000000032e+02
6.372470952243126021e+02,5.391347700000000032e+02
6.373348286789175745e+02,5.391347700000000032e+02
6.373283729698375737e+02,5.391347700000000032e+02
6.374984998914773087e+02,5.391347700000000032e+02
6.375744850217076873e+02,5.391347700000000032e+02
6.376621711040369291e+02,5.391347700000000032e+02
6.377265212796756941e+02,5.391347700000000032e+02
6.378258423165966633e+02,5.391347700000000032e+02
6.379018748191027726e+02,5.391347700000000032e+02
6.379895135291563975e+02,5.391347700000000032e+02
6.380308580533023814e+02,5.391347700000000032e+02
6.381531847417160179e+02,5.391347700000000032e+02
6.382292646164978578e+02,5.391347700000000032e+02
6.383168559542757521e+02,5.391347700000000032e+02
6.383814904458598676e+02,5.391347700000000032e+02
6.384805271668353726e+02,5.391347700000000032e+02
6.385566544138929430e+02,5.391347700000000032e+02
6.386441983793951067e+02,5.391347700000000032e+02
6.385490406976743998e+02,5.391347700000000032e+02
6.388078695919548409e+02,5.391347700000000032e+02
6.388840442112880282e+02,5.391347700000000032e+02
6.389715408045144613e+02,5.391347700000000032e+02
6.390364596120440410e+02,5.391347700000000032e+02
6.391352120170741955e+02,5.391347700000000032e+02
6.392114340086831135e+02,5.391347700000000032e+02
6.392988832296338160e+02,5.391347700000000032e+02
6.393415553302432954e+02,5.391347700000000032e+02
6.394625544421935501e+02,5.391347700000000032e+02
6.395388238060781987e+02,5.391347700000000032e+02
6.396262256547532843e+02,5.391347700000000032e+02
6.396914287782281008e+02,5.391347700000000032e+02
6.397898968673129048e+02,5.391347700000000032e+02
6.398662136034732839e+02,5.391347700000000032e+02
6.399535680798726389e+02,5.391347700000000032e+02
6.399528085846867498e+02,5.391347700000000032e+02
6.401172392924322594e+02,5.391347700000000032e+02
6.401936034008683691e+02,5.391347700000000032e+02
6.402809105049919935e+02,5.391347700000000032e+02
6.403463979444122742e+02,5.391347700000000032e+02
6.404445817175516140e+02,5.391347700000000032e+02
6.405209931982633407e+02,5.391347700000000032e+02
6.406082529301113482e+02,5.391347700000000032e+02
6.406522526071842094e+02,5.391347700000000032e+02
6.407719241426710823e+02,5.391347700000000032e+02
6.408483829956584259e+02,5.391347700000000032e+02
6.409355953552307028e+02,5.391347700000000032e+02
6.410013671105964477e+02,5.391347700000000032e+02
6.410992665677904370e+02,5.391347700000000032e+02
6.411757727930535111e+02,5.391347700000000032e+02
6.412629377803500574e+02,5.391347700000000032e+02
7.007821999999999889e+02,4.856998300000000199e+02
6.414266089929097916e+02,5.391347700000000032e+02
6.415031625904485963e+02,5.391347700000000032e+02
6.415902802054695258e+02,5.391347700000000032e+02
6.416563362767805074e+02,5.391347700000000032e+02
6.417539514180291462e+02,5.391347700000000032e+02
6.418305523878436816e+02,5.391347700000000032e+02
6.419176226305888804e+02,5.391347700000000032e+02
6.419629498841251234e+02,5.391347700000000032e+02
6.420812938431485009e+02,5.391347700000000032e+02
6.421579421852387668e+02,5.391347700000000032e+02
6.422449650557082350e+02,5.391347700000000032e+02
6.423113054429646809e+02,5.391347700000000032e+02
6.424086362682679692e+02,5.391347700000000032e+02
6.424853319826338520e+02,5.391347700000000032e+02
6.425723074808275896e+02,5.391347700000000032e+02
6.425772441995359259e+02,5.391347700000000032e+02
6.427359786933873238e+02,5.391347700000000032e+02
6.428127217800289372e+02,5.391347700000000032e+02
6.428996499059469443e+02,5.391347700000000032e+02
6.429662746091488543e+02,5.391347700000000032e+02
6.430633211185066784e+02,5.391347700000000032e+02
6.431401115774240225e+02,5.391347700000000032e+02
6.432269923310662989e+02,5.391347700000000032e+02
6.432736471610660374e+02,5.391347700000000032e+02
6.433906635436260331e+02,5.391347700000000032e+02
6.434675013748191077e+02,5.391347700000000032e+02
6.435543347561857672e+02,5.391347700000000032e+02
6.436212437753329141e+02,5.391347700000000032e+02
6.437180059687453877e+02,5.391347700000000032e+02
6.437948911722141929e+02,5.391347700000000032e+02
6.438816771813051218e+02,5.391347700000000032e+02
6.438101186046511657e+02,5.391347700000000032e+02
6.440453483938647423e+02,5.391347700000000032e+02
6.441222809696092781e+02,5.391347700000000032e+02
6.442090196064244765e+02,5.391347700000000032e+02
6.442762129415170875e+02,5.391347700000000032e+02
6.443726908189842106e+02,5.391347700000000032e+02
6.444496707670043634e+02,5.391347700000000032e+02
6.445363620315438311e+02,5.391347700000000032e+02
6.445843444380069513e+02,5.391347700000000032e+02
6.447000332441035653e+02,5.391347700000000032e+02
6.447770605643994486e+02,5.391347700000000032e+02
6.448637044566631857e+02,5.391347700000000032e+02
6.449311821077012610e+02,5.391347700000000032e+02
6.450273756692229199e+02,5.391347700000000032e+02
6.451044503617945338e+02,5.391347700000000032e+02
6.451910468817826541e+02,5.391347700000000032e+02
6.452016798143851020e+02,5.391347700000000032e+02
6.453547180943422745e+02,5.391347700000000032e+02
6.454318401591896190e+02,5.391347700000000032e+02
6.455183893069020087e+02,5.391347700000000032e+02
6.455861512738853207e+02,5.391347700000000032e+02
6.456820605194616292e+02,5.391347700000000032e+02
6.457592299565847043e+02,5.391347700000000032e+02
6.458457317320213633e+02,5.391347700000000032e+02
6.458950417149477516e+02,5.391347700000000032e+02
6.460094029445810975e+02,5.391347700000000032e+02
6.460866197539797895e+02,5.391347700000000032e+02
6.461730741571407179e+02,5.391347700000000032e+02
6.462411204400694942e+02,5.391347700000000032e+02
6.463367453697004521e+02,5.391347700000000032e+02
6.464140095513748747e+02,5.391347700000000032e+02
6.465004165822600726e+02,5.391347700000000032e+02
7.063409000000000333e+02,5.020302699999999732e+02
6.466640877948198067e+02,5.391347700000000032e+02
6.467413993487699599e+02,5.391347700000000032e+02
6.468277590073794272e+02,5.391347700000000032e+02
6.468960896062536676e+02,5.391347700000000032e+02
6.469914302199391614e+02,5.391347700000000032e+02
6.470687891461649315e+02,5.391347700000000032e+02
6.471551014324988955e+02,5.391347700000000032e+02
6.472057389918886656e+02,5.391347700000000032e+02
6.473187726450585160e+02,5.391347700000000032e+02
6.473961789435600167e+02,5.391347700000000032e+02
6.474824438576182501e+02,5.391347700000000032e+02
6.475510587724377274e+02,5.391347700000000032e+02
6.476461150701778706e+02,5.391347700000000032e+02
6.477235687409551019e+02,5.391347700000000032e+02
6.478097862827376048e+02,5.391347700000000032e+02
6.478261154292343917e+02,5.391347700000000032e+02
6.479734574952973389e+02,5.391347700000000032e+02
6.480509585383501872e+02,5.391347700000000032e+02
6.481371287078569594e+02,5.391347700000000032e+02
6.482060279386219008e+02,5.391347700000000032e+02
6.483007999204166936e+02,5.391347700000000032e+02
6.483783483357452724e+02,5.391347700000000032e+02
6.484644711329763140e+02,5.391347700000000032e+02
6.485164362688295796e+02,5.391347700000000032e+02
6.486281423455360482e+02,5.391347700000000032e+02
6.487057381331403576e+02,5.391347700000000032e+02
6.487918135580957824e+02,5.391347700000000032e+02
6.488609971048059606e+02,5.391347700000000032e+02
6.489554847706554028e+02,5.391347700000000032e+02
6.490331279305354428e+02,5.391347700000000032e+02
6.491191559832151370e+02,5.391347700000000032e+02
6.490711965116279316e+02,5.391347700000000032e+02
6.492828271957747575e+02,5.391347700000000032e+02
6.493605177279305281e+02,5.391347700000000032e+02
6.494464984083344916e+02,5.391347700000000032e+02
6.495159662709901340e+02,5.391347700000000032e+02
6.496101696208941121e+02,5.391347700000000032e+02
6.496879075253256133e+02,5.593658400000000483e+02
6.497738408334538462e+02,5.593658400000000483e+02
6.498271335457704936e+02,5.593658400000000483e+02
6.499375120460135804e+02,5.593658400000000483e+02
6.500152973227206985e+02,5.593658400000000483e+02
6.501011832585732009e+02,5.593658400000000483e+02
6.501709354371743075e+02,5.593658400000000483e+02
6.502648544711329350e+02,5.593658400000000483e+02
6.503426871201157837e+02,5.593658400000000483e+02
6.504285256836925555e+02,5.593658400000000483e+02
6.504505510440835678e+02,5.593658400000000483e+02
6.505921968962522897e+02,5.593658400000000483e+02
6.506700769175108690e+02,5.593658400000000483e+02
6.507558681088120238e+02,5.593658400000000483e+02
6.508259046033583672e+02,5.593658400000000483e+02
6.509195393213716443e+02,5.593658400000000483e+02
6.509974667149059542e+02,5.593658400000000483e+02
6.510832105339313784e+02,5.593658400000000483e+02
6.511378308227114076e+02,5.593658400000000483e+02
6.512468817464909989e+02,5.593658400000000483e+02
6.513248565123010394e+02,5.593658400000000483e+02
6.514105529590507331e+02,5.593658400000000483e+02
6.514808737695425407e+02,5.593658400000000483e+02
6.515742241716104672e+02,5.593658400000000483e+02
6.516522463096961246e+02,5.593658400000000483e+02
6.517378953841700877e+02,5.593658400000000483e+02
7.078069500000000289e+02,5.251728500000000395e+02
6.519015665967298219e+02,5.247644000000000233e+02
6.519796361070912099e+02,5.247644000000000233e+02
6.520652378092894423e+02,5.247644000000000233e+02
6.521358429357267141e+02,5.247644000000000233e+02
6.522289090218491765e+02,5.247644000000000233e+02
6.523070259044862951e+02,5.247644000000000233e+02
6.523925802344087970e+02,5.247644000000000233e+02
6.524485280996523215e+02,5.247644000000000233e+02
6.525562514469685311e+02,5.247644000000000233e+02
6.526344157018813803e+02,5.247644000000000233e+02
6.527199226595282653e+02,5.247644000000000233e+02
6.527908121019107739e+02,5.247644000000000233e+02
6.528835938720878858e+02,5.247644000000000233e+02
6.529618054992764655e+02,5.247644000000000233e+02
6.530472650846476199e+02,5.247644000000000233e+02
6.530749866589327439e+02,5.247644000000000233e+02
6.532109362972072404e+02,5.247644000000000233e+02
6.532891952966715508e+02,5.247644000000000233e+02
6.533746075097669745e+02,5.247644000000000233e+02
6.534457812680949473e+02,5.247644000000000233e+02
6.535382787223267087e+02,5.795226000000000113e+02
6.536165850940665223e+02,5.795226000000000113e+02
6.537019499348863292e+02,5.795226000000000113e+02
6.537592253765932355e+02,5.795226000000000113e+02
6.538656211474460633e+02,5.795226000000000113e+02
6.539439748914616075e+02,5.795226000000000113e+02
6.540292923600056838e+02,5.795226000000000113e+02
6.541007504342791208e+02,5.795226000000000113e+02
6.541929635725654180e+02,5.795226000000000113e+02
6.542713646888566927e+02,5.795226000000000113e+02
6.543566347851251521e+02,5.795226000000000113e+02
6.543322744186046975e+02,5.795226000000000113e+02
6.545203059976847726e+02,5.795226000000000113e+02
6.545987544862517780e+02,5.795226000000000113e+02
6.546839772102445068e+02,5.795226000000000113e+02
6.547557196004631805e+02,5.795226000000000113e+02
6.548476484228041272e+02,5.795226000000000113e+02
6.549261442836468632e+02,5.795226000000000113e+02
6.550113196353638614e+02,5.795226000000000113e+02
6.550699226535341495e+02,5.795226000000000113e+02
6.551749908479234819e+02,5.795226000000000113e+02
6.552535340810419484e+02,5.795226000000000113e+02
6.553386620604832160e+02,5.795226000000000113e+02
6.554106887666473540e+02,5.795226000000000113e+02
6.555023332730429502e+02,5.795226000000000113e+02
6.555809238784370336e+02,5.795226000000000113e+02
6.556660044856025706e+02,5.795226000000000113e+02
6.556994222737819200e+02,5.795226000000000113e+02
6.558296756981623048e+02,5.795226000000000113e+02
6.559083136758321189e+02,5.795226000000000113e+02
6.559933469107219253e+02,5.795226000000000113e+02
6.560656579328315274e+02,5.795226000000000113e+02
6.561570181232816594e+02,5.795226000000000113e+02
6.562357034732272041e+02,5.795226000000000113e+02
6.563206893358413936e+02,5.795226000000000113e+02
6.563806199304750635e+02,5.795226000000000113e+02
6.564843605484010141e+02,5.795226000000000113e+02
6.565630932706222893e+02,5.795226000000000113e+02
6.566480317609607482e+02,5.795226000000000113e+02
6.567206270990155872e+02,5.795226000000000113e+02
6.568117029735203687e+02,5.795226000000000113e+02
6.568904830680173745e+02,5.795226000000000113e+02
6.569753741860801028e+02,5.795226000000000113e+02
7.058352999999999611e+02,5.476563999999999623e+02
6.571390453986398370e+02,4.369866999999999848e+02
6.572178728654124598e+02,4.369866999999999848e+02
6.573027166111994575e+02,4.369866999999999848e+02
6.573755962651997606e+02,4.369866999999999848e+02
6.574663878237591916e+02,4.369866999999999848e+02
6.575452626628075450e+02,4.369866999999999848e+02
6.576300590363188121e+02,4.369866999999999848e+02
6.576913172074159775e+02,4.369866999999999848e+02
6.577937302488785463e+02,4.233955000000000268e+02
6.578726524602026302e+02,4.233955000000000268e+02
6.579574014614382804e+02,4.233955000000000268e+02
6.580305654313839341e+02,4.233955000000000268e+02
6.581210726739979009e+02,4.233955000000000268e+02
6.582000422575977154e+02,4.233955000000000268e+02
6.582847438865576351e+02,4.233955000000000268e+02
6.583238578886310961e+02,4.233955000000000268e+02
6.584484150991172555e+02,4.233955000000000268e+02
6.585274320549928007e+02,4.233955000000000268e+02
6.586120863116769897e+02,4.233955000000000268e+02
6.586855345975679938e+02,4.233955000000000268e+02
6.587757575242366102e+02,4.233955000000000268e+02
6.588548218523878859e+02,4.233955000000000268e+02
6.589394287367963443e+02,4.233955000000000268e+02
6.590020144843568914e+02,4.233955000000000268e+02
6.591030999493560785e+02,4.233955000000000268e+02
6.591822116497829711e+02,4.233955000000000268e+02
6.592667711619156989e+02,4.233955000000000268e+02
6.593405037637521673e+02,4.233955000000000268e+02
6.594304423744754331e+02,4.233955000000000268e+02
6.595096014471780563e+02,4.233955000000000268e+02
6.595941135870350536e+02,4.233955000000000268e+02
6.595933523255813498e+02,4.233955000000000268e+02
6.597577847995947877e+02,4.441734599999999773e+02
6.598369912445731416e+02,4.441734599999999773e+02
6.599214560121545219e+02,4.441734599999999773e+02
6.599954729299363407e+02,4.441734599999999773e+02
6.600851272247141424e+02,4.441734599999999773e+02
6.601643810419681131e+02,4.441734599999999773e+02
6.602487984372738765e+02,4.441734599999999773e+02
6.603127117612976917e+02,4.441734599999999773e+02
6.604124696498334970e+02,4.441734599999999773e+02
6.604917708393631983e+02,4.441734599999999773e+02
6.605761408623932311e+02,4.441734599999999773e+02
6.606504420961204005e+02,4.441734599999999773e+02
6.607398120749529653e+02,4.441734599999999773e+02
6.608191606367582835e+02,4.441734599999999773e+02
6.609034832875125858e+02,4.441734599999999773e+02
6.609482935034802722e+02,4.441734599999999773e+02
6.610671545000723199e+02,4.441734599999999773e+02
6.611465504341533688e+02,4.441734599999999773e+02
6.612308257126319404e+02,4.441734599999999773e+02
6.613054112623045739e+02,4.441734599999999773e+02
6.613944969251916746e+02,4.441734599999999773e+02
6.614739402315484540e+02,4.441734599999999773e+02
6.615581681377512950e+02,4.441734599999999773e+02
6.616234090382386057e+02,4.441734599999999773e+02
6.617218393503110292e+02,4.441734599999999773e+02
6.618013300289435392e+02,4.441734599999999773e+02
6.618855105628707634e+02,4.441734599999999773e+02
6.619603804284887474e+02,4.441734599999999773e+02
6.620491817754303838e+02,4.441734599999999773e+02
6.621287198263386244e+02,4.441734599999999773e+02
6.622128529879901180e+02,4.441734599999999773e+02
7.006233499999999594e+02,5.717680699999999661e+02
6.623765242005497385e+02,5.136939999999999600e+02
6.624561096237337097e+02,5.136939999999999600e+02
6.625401954131094726e+02,5.136939999999999600e+02
6.626153495946728071e+02,5.136939999999999600e+02
6.627038666256692068e+02,5.136939999999999600e+02
6.627834994211287949e+02,5.136939999999999600e+02
6.628675378382288272e+02,5.136939999999999600e+02
6.629341063151795197e+02,5.136939999999999600e+02
6.630312090507885614e+02,5.136939999999999600e+02
6.631108892185238801e+02,5.136939999999999600e+02
6.631948802633481819e+02,5.136939999999999600e+02
6.632703187608569806e+02,5.136939999999999600e+02
6.633585514759079160e+02,5.136939999999999600e+02
6.634382790159189653e+02,5.136939999999999600e+02
6.635222226884676502e+02,5.136939999999999600e+02
6.635727291183294483e+02,5.136939999999999600e+02
6.636858939010272707e+02,5.995616499999999860e+02
6.637656688133140506e+02,5.995616499999999860e+02
6.638495651135870048e+02,5.995616499999999860e+02
6.639252879270411540e+02,5.995616499999999860e+02
6.640132363261466253e+02,5.995616499999999860e+02
6.640930586107091358e+02,5.995616499999999860e+02
6.641769075387063594e+02,5.995616499999999860e+02
6.642448035921204337e+02,5.995616499999999860e+02
6.643405787512659799e+02,5.995616499999999860e+02
6.644204484081042210e+02,5.995616499999999860e+02
6.645042499638257141e+02,5.995616499999999860e+02
6.645802570932252138e+02,5.995616499999999860e+02
6.646679211763854482e+02,5.995616499999999860e+02
6.647478382054993062e+02,5.995616499999999860e+02
6.648315923889450687e+02,5.995616499999999860e+02
6.648544302325581157e+02,5.995616499999999860e+02
6.649952636015048029e+02,5.995616499999999860e+02
6.650752280028943915e+02,5.995616499999999860e+02
6.651589348140644233e+02,5.995616499999999860e+02
6.652352262594093872e+02,5.995616499999999860e+02
6.653226060266241575e+02,5.995616499999999860e+02
6.654026178002894767e+02,5.995616499999999860e+02
6.654862772391838917e+02,5.995616499999999860e+02
6.655555008690613477e+02,5.995616499999999860e+02
6.656499484517435121e+02,5.995616499999999860e+02
6.657300075976845619e+02,5.995616499999999860e+02
6.658136196643032463e+02,5.995616499999999860e+02
6.658901954255935607e+02,5.995616499999999860e+02
6.659772908768628668e+02,5.995616499999999860e+02
6.660573973950796471e+02,5.995616499999999860e+02
6.661409620894226009e+02,5.995616499999999860e+02
6.661971647331786244e+02,5.995616499999999860e+02
6.663046333019823351e+02,5.995616499999999860e+02
6.663847871924747324e+02,5.995616499999999860e+02
6.664683045145419555e+02,5.995616499999999860e+02
6.665451645917776204e+02,5.995616499999999860e+02
6.666319757271016897e+02,5.995616499999999860e+02
6.667121769898698176e+02,5.995616499999999860e+02
6.667956469396613102e+02,5.995616499999999860e+02
6.668661981460022616e+02,5.995616499999999860e+02
6.669593181522210443e+02,5.995616499999999860e+02
6.670395667872647891e+02,5.995616499999999860e+02
6.671229893647806648e+02,5.995616499999999860e+02
6.672001337579617939e+02,5.995616499999999860e+02
6.672866605773403990e+02,5.995616499999999860e+02
6.673669565846598744e+02,5.995616499999999860e+02
6.674503317899001331e+02,5.995616499999999860e+02
6.938678999999999633e+02,5.955362499999999955e+02
6.676140030024597536e+02,4.066057000000000130e+02
6.676943463820549596e+02,4.066057000000000130e+02
6.677776742150194877e+02,4.066057000000000130e+02
6.678551029241458536e+02,4.066057000000000130e+02
6.679413454275791082e+02,4.066057000000000130e+02
6.680217361794500448e+02,4.066057000000000130e+02
6.681050166401388424e+02,4.066057000000000130e+02
6.681768954229431756e+02,4.066057000000000130e+02
6.682686878526985765e+02,4.066057000000000130e+02
6.683491259768451300e+02,4.066057000000000130e+02
6.684323590652581970e+02,4.066057000000000130e+02
6.685100720903300271e+02,4.066057000000000130e+02
6.685960302778179312e+02,4.066057000000000130e+02
6.686765157742402153e+02,4.066057000000000130e+02
6.687597014903775516e+02,4.066057000000000130e+02
6.688216003480278005e+02,4.066057000000000130e+02
6.689233727029372858e+02,4.066057000000000130e+02
6.690039055716353005e+02,4.066057000000000130e+02
6.690870439154970200e+02,4.066057000000000130e+02
6.691650412565142005e+02,4.066057000000000130e+02
6.692507151280566404e+02,4.066057000000000130e+02
6.693312953690303857e+02,4.066057000000000130e+02
6.694143863406163746e+02,4.066057000000000130e+02
6.694875926998840896e+02,4.066057000000000130e+02
6.695780575531759951e+02,4.066057000000000130e+02
6.696586851664254709e+02,4.066057000000000130e+02
6.697417287657357292e+02,4.066057000000000130e+02
6.698200104226982603e+02,4.066057000000000130e+02
6.699053999782954634e+02,4.066057000000000130e+02
6.699860749638205561e+02,4.066057000000000130e+02
6.700690711908550838e+02,4.066057000000000130e+02
6.701155081395348816e+02,4.066057000000000130e+02
6.702327424034148180e+02,4.520869000000000142e+02
6.703134647612156414e+02,4.520869000000000142e+02
6.703964136159744385e+02,4.520869000000000142e+02
6.704749795888824337e+02,4.520869000000000142e+02
6.705600848285341726e+02,4.520869000000000142e+02
6.706408545586107266e+02,4.520869000000000142e+02
6.707237560410937931e+02,4.520869000000000142e+02
6.707982899768250036e+02,4.520869000000000142e+02
6.708874272536535273e+02,4.520869000000000142e+02
6.709682443560058118e+02,4.520869000000000142e+02
6.710510984662132614e+02,4.520869000000000142e+02
6.711299487550666072e+02,4.520869000000000142e+02
6.712147696787728819e+02,4.520869000000000142e+02
6.712956341534008970e+02,4.520869000000000142e+02
6.713784408913326160e+02,4.520869000000000142e+02
6.714460359628769766e+02,4.520869000000000142e+02
6.715421121038922365e+02,4.520869000000000142e+02
6.716230239507959823e+02,4.520869000000000142e+02
6.717057833164519707e+02,4.520869000000000142e+02
6.717849179212506670e+02,4.520869000000000142e+02
6.718694545290117048e+02,4.520869000000000142e+02
6.719504137481910675e+02,4.520869000000000142e+02
6.720331257415713253e+02,4.520869000000000142e+02
6.721089872537659176e+02,4.520869000000000142e+02
6.721967969541310595e+02,4.520869000000000142e+02
6.722778035455861527e+02,4.520869000000000142e+02
6.723604681666906799e+02,4.520869000000000142e+02
6.724398870874348404e+02,4.520869000000000142e+02
6.725241393792504141e+02,4.520869000000000142e+02
6.726051933429812379e+02,4.520869000000000142e+02
6.726878105918101483e+02,4.520869000000000142e+02
6.892386500000000069e+02,6.047904999999999518e+02
6.728514818043697687e+02,6.078750999999999749e+02
6.729325831403763232e+02,6.078750999999999749e+02
6.730151530169295029e+02,6.078750999999999749e+02
6.730948562536190138e+02,6.078750999999999749e+02
6.731788242294891234e+02,6.078750999999999749e+02
6.732599729377714084e+02,6.078750999999999749e+02
6.733424954420488575e+02,6.078750999999999749e+02
6.734196845307068315e+02,6.078750999999999749e+02
6.735061666546084780e+02,6.078750999999999749e+02
6.735873627351663799e+02,6.078750999999999749e+02
6.736698378671682121e+02,6.078750999999999749e+02
6.737498254198030736e+02,6.078750999999999749e+02
6.738335090797279463e+02,6.078750999999999749e+02
6.739147525325614652e+02,6.078750999999999749e+02
6.739971802922875668e+02,6.078750999999999749e+02
6.740704715777262663e+02,6.078750999999999749e+02
6.741608515048473009e+02,6.078750999999999749e+02
6.742421423299565504e+02,6.078750999999999749e+02
6.743245227174069214e+02,6.078750999999999749e+02
6.744047945859872470e+02,6.078750999999999749e+02
6.744881939299666556e+02,6.078750999999999749e+02
6.745695321273516356e+02,6.078750999999999749e+02
6.746518651425263897e+02,6.078750999999999749e+02
6.747303818076476318e+02,6.078750999999999749e+02
6.748155363550860102e+02,6.078750999999999749e+02
6.748969219247467208e+02,6.078750999999999749e+02
6.749792075676457443e+02,6.078750999999999749e+02
6.750597637521714205e+02,6.078750999999999749e+02
6.751428787802053648e+02,6.078750999999999749e+02
6.752243117221418061e+02,6.078750999999999749e+02
6.753065499927650990e+02,6.078750999999999749e+02
6.753765860465116475e+02,6.078750999999999749e+02
6.754702212053248331e+02,6.078750999999999749e+02
6.755517015195368913e+02,6.078750999999999749e+02
6.756338924178844536e+02,6.078750999999999749e+02
6.757147329183554803e+02,6.078750999999999749e+02
6.757975636304441878e+02,6.078750999999999749e+02
6.758790913169319765e+02,6.078750999999999749e+02
6.759612348430038082e+02,6.078750999999999749e+02
6.760410790845885458e+02,6.078750999999999749e+02
6.761249060555635424e+02,6.078750999999999749e+02
6.762064811143270617e+02,6.078750999999999749e+02
6.762885772681231629e+02,6.078750999999999749e+02
6.763697020845396537e+02,6.078750999999999749e+02
6.764522484806828970e+02,6.078750999999999749e+02
6.765338709117221470e+02,6.078750999999999749e+02
6.766159196932426312e+02,6.078750999999999749e+02
6.766949071925754424e+02,6.078750999999999749e+02
6.767795909058022517e+02,6.078750999999999749e+02
6.768612607091172322e+02,6.078750999999999749e+02
6.769432621183619858e+02,6.078750999999999749e+02
6.770246712507238271e+02,6.078750999999999749e+02
6.771069333309216063e+02,6.078750999999999749e+02
6.771886505065123174e+02,6.078750999999999749e+02
6.772706045434813404e+02,6.078750999999999749e+02
6.773517763615294598e+02,6.078750999999999749e+02
6.774342757560410746e+02,6.078750999999999749e+02
6.775160403039074026e+02,6.078750999999999749e+02
6.775979469686006951e+02,6.078750999999999749e+02
6.776796404169078869e+02,6.078750999999999749e+02
6.777616181811604292e+02,6.078750999999999749e+02
6.778434301013024879e+02,6.078750999999999749e+02
6.779252893937200497e+02,6.078750999999999749e+02
6.830928000000000111e+02,6.081290000000000191e+02
6.780889606062797839e+02,3.983343499999999722e+02
6.781708198986975731e+02,3.983343499999999722e+02
6.782526318188395180e+02,3.983343499999999722e+02
6.783346095830920603e+02,3.983343499999999722e+02
6.784163030313991385e+02,3.983343499999999722e+02
6.784982096960926583e+02,3.983343499999999722e+02
6.785799742439588726e+02,3.983343499999999722e+02
6.786624736384703738e+02,3.983343499999999722e+02
6.787436454565184931e+02,3.983343499999999722e+02
6.788255994934877435e+02,3.983343499999999722e+02
6.789073166690782273e+02,3.983343499999999722e+02
6.789895787492762338e+02,3.983343499999999722e+02
6.790709878816379614e+02,3.983343499999999722e+02
6.791529892908828288e+02,3.983343499999999722e+02
6.792346590941975819e+02,3.983343499999999722e+02
6.793193428074246185e+02,3.983343499999999722e+02
6.793983303067573161e+02,3.983343499999999722e+02
6.794803790882779140e+02,3.983343499999999722e+02
6.795620015193169365e+02,3.983343499999999722e+02
6.796445479154602936e+02,3.983343499999999722e+02
6.797256727318766707e+02,3.983343499999999722e+02
6.798077688856729992e+02,3.983343499999999722e+02
6.798893439444362912e+02,3.983343499999999722e+02
6.799731709154112878e+02,3.983343499999999722e+02
6.800530151569960253e+02,3.983343499999999722e+02
6.801351586830679707e+02,3.983343499999999722e+02
6.802166863695557595e+02,3.983343499999999722e+02
6.802995170816444670e+02,3.983343499999999722e+02
6.803803575821153800e+02,3.983343499999999722e+02
6.804625484804630560e+02,3.983343499999999722e+02
6.805440287946751141e+02,3.983343499999999722e+02
6.806376639534884134e+02,3.983343499999999722e+02
6.807077000072347346e+02,3.983343499999999722e+02
6.807899382778581412e+02,3.983343499999999722e+02
6.808713712197944687e+02,3.983343499999999722e+02
6.809544862478286404e+02,3.983343499999999722e+02
6.810350424323542029e+02,3.983343499999999722e+02
6.811173280752532264e+02,3.983343499999999722e+02
6.811987136449138234e+02,3.983343499999999722e+02
6.812838681923522017e+02,3.983343499999999722e+02
6.813623848574735575e+02,3.983343499999999722e+02
6.814447178726483116e+02,3.983343499999999722e+02
6.815260560700331780e+02,3.983343499999999722e+02
6.816094554140127002e+02,3.983343499999999722e+02
6.816897272825929122e+02,3.983343499999999722e+02
6.817721076700433969e+02,3.983343499999999722e+02
6.818533984951526463e+02,3.983343499999999722e+02
6.819437784222737946e+02,6.081290000000000191e+02
6.820170697077122668e+02,6.081290000000000191e+02
6.820994974674384821e+02,6.081290000000000191e+02
6.821807409202720009e+02,6.081290000000000191e+02
6.822644245801968736e+02,6.081290000000000191e+02
6.823444121328316214e+02,6.081290000000000191e+02
6.824268872648335673e+02,6.081290000000000191e+02
6.825080833453913556e+02,6.081290000000000191e+02
6.825945654692931157e+02,6.081290000000000191e+02
6.826717545579509761e+02,6.081290000000000191e+02
6.827542770622286525e+02,6.081290000000000191e+02
6.828354257705107102e+02,6.081290000000000191e+02
6.829193937463810471e+02,6.081290000000000191e+02
6.829990969830704444e+02,6.081290000000000191e+02
6.830816668596237378e+02,6.081290000000000191e+02
6.831627681956300648e+02,4.598288600000000201e+02
6.734972999999999956e+02,6.078750999999999749e+02
6.833264394081897990e+02,5.015449199999999905e+02
6.834090566570188230e+02,5.015449199999999905e+02
6.834901106207494195e+02,5.015449199999999905e+02
6.835743629125651069e+02,5.015449199999999905e+02
6.836537818333091536e+02,5.015449199999999905e+02
6.837364464544139082e+02,5.015449199999999905e+02
6.838174530458688878e+02,5.015449199999999905e+02
6.839052627462340297e+02,5.015449199999999905e+02
6.839811242584285083e+02,5.015449199999999905e+02
6.840638362518089934e+02,5.015449199999999905e+02
6.841447954709882424e+02,5.015449199999999905e+02
6.842293320787492803e+02,5.015449199999999905e+02
6.843084666835478629e+02,5.015449199999999905e+02
6.843912260492040787e+02,5.015449199999999905e+02
6.844721378961075970e+02,5.015449199999999905e+02
6.845682140371229707e+02,5.015449199999999905e+02
6.846358091086673312e+02,5.015449199999999905e+02
6.847186158465991639e+02,5.015449199999999905e+02
6.847994803212269517e+02,5.015449199999999905e+02
6.848843012449334537e+02,5.015449199999999905e+02
6.849631515337866858e+02,5.015449199999999905e+02
6.850460056439942491e+02,5.015449199999999905e+02
6.851268227463463063e+02,5.015449199999999905e+02
6.852159600231749437e+02,5.015449199999999905e+02
6.852904939589060405e+02,5.015449199999999905e+02
6.853733954413893343e+02,5.015449199999999905e+02
6.854541651714656609e+02,5.015449199999999905e+02
6.855392704111175135e+02,5.015449199999999905e+02
6.856178363840253951e+02,5.015449199999999905e+02
6.857007852387844196e+02,5.015449199999999905e+02
6.857815075965851292e+02,5.015449199999999905e+02
6.858987418604651793e+02,5.015449199999999905e+02
6.859451788091447497e+02,5.015449199999999905e+02
6.860281750361795048e+02,5.015449199999999905e+02
6.861088500217044839e+02,5.015449199999999905e+02
6.861942395773016869e+02,5.015449199999999905e+02
6.862725212342641044e+02,5.015449199999999905e+02
6.863555648335745900e+02,5.015449199999999905e+02
6.864361924468238385e+02,5.015449199999999905e+02
6.865266573001158577e+02,5.015449199999999905e+02
6.865998636593835727e+02,5.015449199999999905e+02
6.866829546309695615e+02,5.015449199999999905e+02
6.867635348719431931e+02,5.015449199999999905e+02
6.868492087434858604e+02,5.015449199999999905e+02
6.869272060845029273e+02,5.015449199999999905e+02
6.870103444283646468e+02,5.015449199999999905e+02
6.870908772970625478e+02,5.015449199999999905e+02
6.871926496519721468e+02,5.015449199999999905e+02
6.872545485096222819e+02,5.015449199999999905e+02
6.873377342257597320e+02,5.015449199999999905e+02
6.874182197221820161e+02,5.015449199999999905e+02
6.875041779096699202e+02,5.015449199999999905e+02
6.875818909347416366e+02,5.015449199999999905e+02
6.876651240231548172e+02,5.015449199999999905e+02
6.877455621473013707e+02,5.015449199999999905e+02
6.878373545770567716e+02,5.015449199999999905e+02
6.879092333598609912e+02,5.015449199999999905e+02
6.879925138205499024e+02,5.015449199999999905e+02
6.880729045724207253e+02,5.015449199999999905e+02
6.881591470758540936e+02,5.015449199999999905e+02
6.882365757849803458e+02,5.015449199999999905e+02
6.883199036179449877e+02,5.015449199999999905e+02
6.884002469975400800e+02,5.015449199999999905e+02
6.650121000000000322e+02,5.995616499999999860e+02
6.885639182100998141e+02,6.047904999999999518e+02
6.886472934153400729e+02,6.047904999999999518e+02
6.887275894226594346e+02,6.047904999999999518e+02
6.888141162420382670e+02,6.047904999999999518e+02
6.888912606352191688e+02,6.047904999999999518e+02
6.889746832127351581e+02,6.047904999999999518e+02
6.890549318477787892e+02,6.047904999999999518e+02
6.891480518539975719e+02,6.047904999999999518e+02
6.892186030603385234e+02,6.047904999999999518e+02
6.893020730101302433e+02,6.047904999999999518e+02
6.893822742728982575e+02,6.047904999999999518e+02
6.894690854082223268e+02,6.047904999999999518e+02
6.895459454854578780e+02,6.047904999999999518e+02
6.896294628075253286e+02,6.047904999999999518e+02
6.897096166980176122e+02,6.047904999999999518e+02
6.898170852668213229e+02,6.047904999999999518e+02
6.898732879105772327e+02,6.047904999999999518e+02
6.899568526049204138e+02,6.047904999999999518e+02
6.900369591231369668e+02,6.047904999999999518e+02
6.901240545744065003e+02,6.047904999999999518e+02
6.902006303356967010e+02,6.047904999999999518e+02
6.902842424023154990e+02,6.047904999999999518e+02
6.903643015482563214e+02,6.047904999999999518e+02
6.904587491309384859e+02,6.047904999999999518e+02
6.905279727608160556e+02,6.047904999999999518e+02
6.906116321997105842e+02,6.047904999999999518e+02
6.906916439733756761e+02,6.047904999999999518e+02
6.907790237405905600e+02,6.047904999999999518e+02
6.908553151859354102e+02,6.047904999999999518e+02
6.909390219971056695e+02,6.047904999999999518e+02
6.910189863984951444e+02,6.047904999999999518e+02
6.911598197674418316e+02,4.683197000000000116e+02
6.911826576110547649e+02,4.683197000000000116e+02
6.912664117945007547e+02,4.683197000000000116e+02
6.913463288236144990e+02,4.683197000000000116e+02
6.914339929067747335e+02,4.683197000000000116e+02
6.915100000361741195e+02,4.683197000000000116e+02
6.915938015918958399e+02,4.683197000000000116e+02
6.916736712487338536e+02,4.683197000000000116e+02
6.917694464078793999e+02,4.683197000000000116e+02
6.918373424612934741e+02,4.683197000000000116e+02
6.919211913892909251e+02,4.683197000000000116e+02
6.920010136738532083e+02,4.683197000000000116e+02
6.920889620729589069e+02,4.683197000000000116e+02
6.921646848864129424e+02,4.683197000000000116e+02
6.922485811866860104e+02,4.683197000000000116e+02
6.923283560989725629e+02,4.683197000000000116e+02
6.924415208816704990e+02,4.683197000000000116e+02
6.924920273115322971e+02,4.683197000000000116e+02
6.925759709840810956e+02,4.683197000000000116e+02
6.926556985240919175e+02,4.683197000000000116e+02
6.927439312391429667e+02,4.683197000000000116e+02
6.928193697366516517e+02,4.683197000000000116e+02
6.929033607814761808e+02,4.683197000000000116e+02
6.929830409492113859e+02,4.683197000000000116e+02
6.930801436848203139e+02,4.683197000000000116e+02
6.931467121617710063e+02,4.683197000000000116e+02
6.932307505788712660e+02,4.683197000000000116e+02
6.933103833743307405e+02,4.683197000000000116e+02
6.933989004053271401e+02,4.683197000000000116e+02
6.934740545868903610e+02,4.683197000000000116e+02
6.935581403762662376e+02,4.683197000000000116e+02
6.936377257994500951e+02,4.683197000000000116e+02
6.547228999999999814e+02,5.795226000000000113e+02
6.938013970120098293e+02,5.955362499999999955e+02
6.938855301736613228e+02,5.955362499999999955e+02
6.939650682245694497e+02,5.955362499999999955e+02
6.940538695715113136e+02,5.955362499999999955e+02
6.941287394371291839e+02,5.955362499999999955e+02
6.942129199710564080e+02,5.955362499999999955e+02
6.942924106496888044e+02,5.955362499999999955e+02
6.943908409617612278e+02,5.955362499999999955e+02
6.944560818622485385e+02,5.955362499999999955e+02
6.945403097684514933e+02,5.955362499999999955e+02
6.946197530748081590e+02,5.955362499999999955e+02
6.947088387376953733e+02,5.955362499999999955e+02
6.947834242873678932e+02,5.955362499999999955e+02
6.948676995658465785e+02,5.955362499999999955e+02
6.949470954999276273e+02,5.955362499999999955e+02
6.950659564965196751e+02,4.983266600000000039e+02
6.951107667124872478e+02,4.983266600000000039e+02
6.951950893632416637e+02,4.983266600000000039e+02
6.952744379250469819e+02,4.983266600000000039e+02
6.953638079038795468e+02,4.983266600000000039e+02
6.954381091376066024e+02,4.983266600000000039e+02
6.955224791606367489e+02,4.983266600000000039e+02
6.956017803501663366e+02,4.983266600000000039e+02
6.957015382387021418e+02,4.983266600000000039e+02
6.957654515627260707e+02,4.983266600000000039e+02
6.958498689580318342e+02,4.983266600000000039e+02
6.959291227752856912e+02,4.983266600000000039e+02
6.960187770700637202e+02,4.983266600000000039e+02
6.960927939878454254e+02,4.983266600000000039e+02
6.961772587554269194e+02,4.983266600000000039e+02
6.962564652004050458e+02,4.983266600000000039e+02
6.964208976744185975e+02,3.926552699999999732e+02
6.964201364129647800e+02,3.926552699999999732e+02
6.965046485528220046e+02,3.926552699999999732e+02
6.965838076255245142e+02,3.926552699999999732e+02
6.966737462362477800e+02,3.926552699999999732e+02
6.967474788380841346e+02,3.926552699999999732e+02
6.968320383502170898e+02,3.926552699999999732e+02
6.969111500506438688e+02,3.926552699999999732e+02
6.970122355156430558e+02,3.926552699999999732e+02
6.970748212632034893e+02,3.926552699999999732e+02
6.971594281476121751e+02,3.926552699999999732e+02
6.972384924757632234e+02,3.926552699999999732e+02
6.973287154024319534e+02,3.926552699999999732e+02
6.974021636883228439e+02,3.926552699999999732e+02
6.974868179450072603e+02,3.926552699999999732e+02
6.975658349008825780e+02,3.926552699999999732e+02
6.976903921113689648e+02,3.926552699999999732e+02
6.977295061134423122e+02,3.926552699999999732e+02
6.978142077424023455e+02,3.926552699999999732e+02
6.978931773260019327e+02,3.926552699999999732e+02
6.979836845686161269e+02,3.926552699999999732e+02
6.980568485385616668e+02,3.926552699999999732e+02
6.981415975397974307e+02,3.926552699999999732e+02
6.982205197511212873e+02,3.926552699999999732e+02
6.983229327925839698e+02,3.926552699999999732e+02
6.983841909636810215e+02,3.926552699999999732e+02
6.984689873371925160e+02,3.926552699999999732e+02
6.985478621762407556e+02,3.926552699999999732e+02
6.986386537348001866e+02,3.926552699999999732e+02
6.987115333888003761e+02,3.926552699999999732e+02
6.987963771345876012e+02,3.926552699999999732e+02
6.988752046013601102e+02,3.926552699999999732e+02
6.497047000000000025e+02,5.593658400000000483e+02
6.990388758139197307e+02,4.956889600000000087e+02
6.991237669319826864e+02,4.956889600000000087e+02
6.992025470264794649e+02,4.956889600000000087e+02
6.992936229009843601e+02,4.956889600000000087e+02
6.993662182390391990e+02,4.956889600000000087e+02
6.994511567293777716e+02,4.956889600000000087e+02
6.995298894515988195e+02,4.956889600000000087e+02
6.996336300695248838e+02,4.956889600000000087e+02
6.996935606641585537e+02,4.956889600000000087e+02
6.997785465267728569e+02,4.956889600000000087e+02
6.998572318767181741e+02,4.956889600000000087e+02
6.999485920671685335e+02,4.956889600000000087e+02
7.000209030892779083e+02,4.956889600000000087e+02
7.001059363241678284e+02,4.956889600000000087e+02
7.001845743018375288e+02,4.956889600000000087e+02
7.003148277262181409e+02,5.717680699999999661e+02
7.003482455143972629e+02,5.717680699999999661e+02
7.004333261215629136e+02,5.717680699999999661e+02
7.005119167269569971e+02,5.717680699999999661e+02
7.006035612333525933e+02,5.717680699999999661e+02
7.006755879395166176e+02,5.717680699999999661e+02
7.007607159189579988e+02,4.856998300000000199e+02
7.008392591520763517e+02,4.856998300000000199e+02
7.009443273464657977e+02,4.856998300000000199e+02
7.010029303646359722e+02,4.856998300000000199e+02
7.010881057163530841e+02,4.856998300000000199e+02
7.011666015771957063e+02,4.856998300000000199e+02
7.012585303995367667e+02,4.856998300000000199e+02
7.013302727897554405e+02,4.856998300000000199e+02
7.014154955137481693e+02,4.856998300000000199e+02
7.014939440023150610e+02,4.856998300000000199e+02
7.016819755813953634e+02,4.856998300000000199e+02
7.016576152148747951e+02,4.856998300000000199e+02
7.017428853111432545e+02,4.856998300000000199e+02
7.018212864274344156e+02,4.856998300000000199e+02
7.019134995657209402e+02,4.856998300000000199e+02
7.019849576399941498e+02,4.856998300000000199e+02
7.020702751085383397e+02,4.856998300000000199e+02
7.021486288525538839e+02,4.856998300000000199e+02
7.022550246234067117e+02,4.856998300000000199e+02
7.023123000651135044e+02,4.856998300000000199e+02
7.023976649059334250e+02,4.856998300000000199e+02
7.024759712776732385e+02,4.856998300000000199e+02
7.025684687319049999e+02,4.856998300000000199e+02
7.026396424902328590e+02,4.856998300000000199e+02
7.027250547033285102e+02,4.856998300000000199e+02
7.028033137027925932e+02,4.856998300000000199e+02
7.029392633410673170e+02,4.856998300000000199e+02
7.029669849153523273e+02,4.856998300000000199e+02
7.030524445007235954e+02,4.856998300000000199e+02
7.031306561279119478e+02,4.856998300000000199e+02
7.032234378980891734e+02,4.856998300000000199e+02
7.032943273404716820e+02,4.856998300000000199e+02
7.033798342981186806e+02,4.856998300000000199e+02
7.034579985530313024e+02,4.856998300000000199e+02
7.035657219003475120e+02,4.856998300000000199e+02
7.036216697655910366e+02,4.856998300000000199e+02
7.037072240955137659e+02,4.856998300000000199e+02
7.037853409781506571e+02,4.856998300000000199e+02
7.038784070642733468e+02,4.856998300000000199e+02
7.039490121907103912e+02,4.856998300000000199e+02
7.040346138929088511e+02,4.856998300000000199e+02
7.041126834032701254e+02,4.856998300000000199e+02
6.496037000000000035e+02,5.391347700000000032e+02
7.042763546158297459e+02,5.476563999999999623e+02
7.043620036903039363e+02,5.476563999999999623e+02
7.044400258283894800e+02,5.476563999999999623e+02
7.045333762304574066e+02,5.476563999999999623e+02
7.046036970409491005e+02,5.476563999999999623e+02
7.046893934876990215e+02,5.476563999999999623e+02
7.047673682535088346e+02,5.476563999999999623e+02
7.048764191772884260e+02,5.476563999999999623e+02
7.049310394660685688e+02,5.476563999999999623e+02
7.050167832850941068e+02,5.476563999999999623e+02
7.050947106786281893e+02,5.476563999999999623e+02
7.051883453966415800e+02,5.476563999999999623e+02
7.052583818911879234e+02,5.476563999999999623e+02
7.053441730824891920e+02,5.476563999999999623e+02
7.054220531037475439e+02,5.476563999999999623e+02
7.055636989559164931e+02,5.476563999999999623e+02
7.055857243163072781e+02,5.476563999999999623e+02
7.056715628798842772e+02,5.476563999999999623e+02
7.057493955288670122e+02,5.476563999999999623e+02
7.058433145628257535e+02,5.476563999999999623e+02
7.059130667414266327e+02,5.476563999999999623e+02
7.059989526772793624e+02,5.476563999999999623e+02
7.060767379539863668e+02,5.476563999999999623e+02
7.061871164542293400e+02,5.020302699999999732e+02
7.062404091665459873e+02,5.020302699999999732e+02
7.063263424746744477e+02,5.020302699999999732e+02
7.064040803791057215e+02,5.020302699999999732e+02
7.064982837290098132e+02,5.020302699999999732e+02
7.065677515916653419e+02,5.020302699999999732e+02
7.066537322720694192e+02,5.020302699999999732e+02
7.067314228042250761e+02,5.020302699999999732e+02
7.069430534883721293e+02,5.020302699999999732e+02
7.068950940167848103e+02,5.020302699999999732e+02
7.069811220694645044e+02,5.020302699999999732e+02
7.070587652293444307e+02,5.020302699999999732e+02
7.071532528951939867e+02,5.020302699999999732e+02
7.072224364419041649e+02,5.020302699999999732e+02
7.073085118668595896e+02,5.020302699999999732e+02
7.073861076544637854e+02,5.020302699999999732e+02
7.074978137311702540e+02,5.251728500000000395e+02
7.075497788670235195e+02,5.251728500000000395e+02
7.076359016642546749e+02,5.251728500000000395e+02
7.077134500795832537e+02,5.251728500000000395e+02
7.078082220613781601e+02,5.251728500000000395e+02
7.078771212921428742e+02,5.251728500000000395e+02
7.079632914616497601e+02,5.251728500000000395e+02
7.080407925047026083e+02,5.251728500000000395e+02
7.081881345707656692e+02,5.251728500000000395e+02
7.082044637172622288e+02,5.251728500000000395e+02
7.082906812590448453e+02,5.251728500000000395e+02
7.083681349298219629e+02,5.251728500000000395e+02
7.084631912275622199e+02,5.251728500000000395e+02
7.085318061423816971e+02,5.251728500000000395e+02
7.086180710564399305e+02,5.251728500000000395e+02
7.086954773549413176e+02,5.251728500000000395e+02
7.088085110081111679e+02,5.251728500000000395e+02
7.088591485675010517e+02,5.251728500000000395e+02
7.089454608538350158e+02,5.251728500000000395e+02
7.090228197800606722e+02,5.251728500000000395e+02
7.091181603937463933e+02,5.251728500000000395e+02
7.091864909926204064e+02,5.251728500000000395e+02
7.092728506512301010e+02,5.251728500000000395e+02
7.093501622051800268e+02,5.251728500000000395e+02
6.531382999999999583e+02,5.247644000000000233e+02
7.095138334177397610e+02,4.904500699999999824e+02
7.096002404486251862e+02,4.904500699999999824e+02
7.096775046302994951e+02,4.904500699999999824e+02
7.097731295599304531e+02,4.904500699999999824e+02
7.098411758428591156e+02,4.904500699999999824e+02
7.099276302460202714e+02,4.904500699999999824e+02
7.100048470554188498e+02,4.904500699999999824e+02
7.101192082850520819e+02,4.904500699999999824e+02
7.101685182679784702e+02,4.904500699999999824e+02
7.102550200434153567e+02,4.904500699999999824e+02
7.103321894805382044e+02,4.904500699999999824e+02
7.104280987261146265e+02,4.904500699999999824e+02
7.104958606930979386e+02,4.904500699999999824e+02
7.105824098408104419e+02,4.904500699999999824e+02
7.106595319056575590e+02,4.904500699999999824e+02
7.108125701856148453e+02,4.904500699999999824e+02
7.108232031182172932e+02,4.904500699999999824e+02
7.109097996382055271e+02,4.904500699999999824e+02
7.109868743307769137e+02,4.904500699999999824e+02
7.110830678922988000e+02,4.904500699999999824e+02
7.111505455433366478e+02,4.904500699999999824e+02
7.112371894356006123e+02,4.904500699999999824e+02
7.113142167558963820e+02,4.904500699999999824e+02
7.114299055619929959e+02,4.904500699999999824e+02
7.114778879684560025e+02,4.904500699999999824e+02
7.115645792329956976e+02,4.904500699999999824e+02
7.116415591810157366e+02,4.904500699999999824e+02
7.117380370584828597e+02,4.904500699999999824e+02
7.118052303935753571e+02,4.904500699999999824e+02
7.118919690303907828e+02,4.904500699999999824e+02
7.119689016061350912e+02,4.904500699999999824e+02
7.122041313953488952e+02,3.908972200000000043e+02
7.121325728186948254e+02,3.908972200000000043e+02
7.122193588277858680e+02,3.908972200000000043e+02
7.122962440312544459e+02,3.908972200000000043e+02
7.123930062246670332e+02,3.908972200000000043e+02
7.124599152438141800e+02,3.908972200000000043e+02
7.125467486251809532e+02,3.908972200000000043e+02
7.126235864563738005e+02,3.908972200000000043e+02
7.127406028389339099e+02,3.908972200000000043e+02
7.127872576689335347e+02,3.908972200000000043e+02
7.128741384225760385e+02,3.908972200000000043e+02
7.129509288814931551e+02,3.908972200000000043e+02
7.130479753908512066e+02,3.908972200000000043e+02
7.131146000940528893e+02,3.908972200000000043e+02
7.132015282199711237e+02,3.908972200000000043e+02
7.132782713066126234e+02,3.908972200000000043e+02
7.134370058004640214e+02,3.908972200000000043e+02
7.134419425191722439e+02,3.908972200000000043e+02
7.135289180173660952e+02,3.908972200000000043e+02
7.136056137317319781e+02,3.908972200000000043e+02
7.137029445570352664e+02,3.908972200000000043e+02
7.137692849442915985e+02,3.908972200000000043e+02
7.138563078147611805e+02,3.908972200000000043e+02
7.139329561568513327e+02,3.908972200000000043e+02
7.140513001158748239e+02,3.908972200000000043e+02
7.140966273694110669e+02,3.908972200000000043e+02
7.141836976121562657e+02,3.908972200000000043e+02
7.142602985819706873e+02,3.908972200000000043e+02
7.143579137232194398e+02,3.908972200000000043e+02
7.144239697945304215e+02,3.908972200000000043e+02
7.145110874095513509e+02,3.908972200000000043e+02
7.145876410070900420e+02,3.908972200000000043e+02
6.628736999999999853e+02,5.136939999999999600e+02
7.147513122196497761e+02,4.824539800000000014e+02
7.148384772069464361e+02,4.824539800000000014e+02
7.149149834322095103e+02,4.824539800000000014e+02
7.150128828894036133e+02,4.824539800000000014e+02
7.150786546447691308e+02,4.824539800000000014e+02
7.151658670043415214e+02,4.824539800000000014e+02
7.152423258573288649e+02,4.824539800000000014e+02
7.153619973928157378e+02,4.824539800000000014e+02
7.154059970698884854e+02,4.824539800000000014e+02
7.154932568017366066e+02,4.824539800000000014e+02
7.155696682824482195e+02,4.824539800000000014e+02
7.156678520555876730e+02,4.824539800000000014e+02
7.157333394950078400e+02,4.824539800000000014e+02
7.158206465991316918e+02,4.824539800000000014e+02
7.158970107075675742e+02,4.824539800000000014e+02
7.160614414153131975e+02,4.824539800000000014e+02
7.160606819201273083e+02,4.824539800000000014e+02
7.161480363965267770e+02,4.824539800000000014e+02
7.162243531326869288e+02,4.824539800000000014e+02
7.163228212217718465e+02,4.824539800000000014e+02
7.163880243452466630e+02,4.824539800000000014e+02
7.164754261939218623e+02,4.824539800000000014e+02
7.165516955578062834e+02,4.824539800000000014e+02
7.166726946697566518e+02,4.824539800000000014e+02
7.167153667703660176e+02,4.824539800000000014e+02
7.168028159913169475e+02,4.824539800000000014e+02
7.168790379829257517e+02,4.824539800000000014e+02
7.169777903879560199e+02,4.824539800000000014e+02
7.170427091954853722e+02,4.824539800000000014e+02
7.171302057887120327e+02,4.824539800000000014e+02
7.172063804080451064e+02,4.824539800000000014e+02
7.174652093023255475e+02,4.824539800000000014e+02
7.173700516206047268e+02,4.824539800000000014e+02
7.174575955861071179e+02,4.824539800000000014e+02
7.175337228331644610e+02,4.824539800000000014e+02
7.176327595541400797e+02,4.824539800000000014e+02
7.176973940457241952e+02,4.824539800000000014e+02
7.177849853835022031e+02,4.824539800000000014e+02
7.178610652582838156e+02,4.824539800000000014e+02
7.179833919466974521e+02,4.824539800000000014e+02
7.180247364708435498e+02,4.824539800000000014e+02
7.181123751808972884e+02,4.824539800000000014e+02
7.181884076834031703e+02,4.824539800000000014e+02
7.182877287203242531e+02,4.824539800000000014e+02
7.183520788959629044e+02,4.824539800000000014e+02
7.184397649782923736e+02,4.824539800000000014e+02
7.185157501085225249e+02,4.824539800000000014e+02
7.186858770301623736e+02,4.824539800000000014e+02
7.186794213210822591e+02,4.824539800000000014e+02
7.187671547756874588e+02,4.824539800000000014e+02
7.188430925336419932e+02,4.824539800000000014e+02
7.189426978865084266e+02,4.824539800000000014e+02
7.190067637462016137e+02,4.824539800000000014e+02
7.190945445730825440e+02,4.824539800000000014e+02
7.191704349587613478e+02,4.824539800000000014e+02
7.192940892236383661e+02,4.824539800000000014e+02
7.193341061713209683e+02,4.824539800000000014e+02
7.194219343704776293e+02,4.824539800000000014e+02
7.194977773838807025e+02,4.824539800000000014e+02
7.195976670526924863e+02,4.824539800000000014e+02
7.196614485964404366e+02,4.824539800000000014e+02
7.197493241678727145e+02,4.824539800000000014e+02
7.198251198090000571e+02,4.824539800000000014e+02
6.832186000000000377e+02,5.015449199999999905e+02
7.199887910215597913e+02,3.957842999999999734e+02
7.200767139652676860e+02,3.957842999999999734e+02
7.201524622341194117e+02,3.957842999999999734e+02
7.202526362188766598e+02,3.957842999999999734e+02
7.203161334466791459e+02,3.957842999999999734e+02
7.204041037626627713e+02,3.957842999999999734e+02
7.204798046592388800e+02,3.957842999999999734e+02
7.206047865005792801e+02,3.957842999999999734e+02
7.206434758717985005e+02,3.957842999999999734e+02
7.207314935600578565e+02,3.957842999999999734e+02
7.208071470843582347e+02,3.957842999999999734e+02
7.209076053850608332e+02,3.957842999999999734e+02
7.209708182969178552e+02,3.957842999999999734e+02
7.210588833574529417e+02,3.957842999999999734e+02
7.211344895094775893e+02,3.957842999999999734e+02
7.213103126450115496e+02,3.957842999999999734e+02
7.212981607220372098e+02,3.957842999999999734e+02
7.213862731548480269e+02,3.957842999999999734e+02
7.214618319345969439e+02,3.957842999999999734e+02
7.215625745512448930e+02,3.957842999999999734e+02
7.216255031471566781e+02,3.957842999999999734e+02
7.217136629522431122e+02,3.957842999999999734e+02
7.217891743597162986e+02,3.957842999999999734e+02
7.219154837775201941e+02,3.957842999999999734e+02
7.219528455722760327e+02,3.957842999999999734e+02
7.220410527496381974e+02,3.957842999999999734e+02
7.221165167848356532e+02,3.957842999999999734e+02
7.222175437174290664e+02,3.957842999999999734e+02
7.222801879973953874e+02,3.957842999999999734e+02
7.223684425470332826e+02,3.957842999999999734e+02
7.224438592099551215e+02,3.957842999999999734e+02
7.227262872093023134e+02,3.957842999999999734e+02
7.226075304225147420e+02,3.957842999999999734e+02
7.226958323444283678e+02,3.957842999999999734e+02
7.227712016350744761e+02,3.957842999999999734e+02
7.228725128836132399e+02,3.957842999999999734e+02
7.229348728476340966e+02,3.957842999999999734e+02
7.230232221418234531e+02,3.957842999999999734e+02
7.230985440601938308e+02,3.957842999999999734e+02
7.232261810544611080e+02,3.957842999999999734e+02
7.232622152727535649e+02,3.957842999999999734e+02
7.233506119392185383e+02,3.957842999999999734e+02
7.234258864853131854e+02,3.957842999999999734e+02
7.235274820497972996e+02,3.957842999999999734e+02
7.235895576978729196e+02,3.957842999999999734e+02
7.236780017366136235e+02,3.957842999999999734e+02
7.237532289104325400e+02,3.957842999999999734e+02
7.239347482598608394e+02,3.957842999999999734e+02
7.239169001229922742e+02,3.957842999999999734e+02
7.240053915340087087e+02,3.957842999999999734e+02
7.240805713355520083e+02,3.957842999999999734e+02
7.241824512159814731e+02,3.957842999999999734e+02
7.242442425481116288e+02,3.957842999999999734e+02
7.243327813314037940e+02,3.957842999999999734e+02
7.244079137606713630e+02,3.957842999999999734e+02
7.245368783314020220e+02,3.957842999999999734e+02
7.245715849732309835e+02,3.957842999999999734e+02
7.246601711287988792e+02,3.957842999999999734e+02
7.247352561857907176e+02,3.957842999999999734e+02
7.248374203821656465e+02,3.957842999999999734e+02
7.248989273983503381e+02,3.957842999999999734e+02
7.249875609261939644e+02,3.957842999999999734e+02
7.250625986109100722e+02,3.957842999999999734e+02
7.109283400000000483e+02,4.904500699999999824e+02
7.252262698234698064e+02,3.957842999999999734e+02
7.253149507235890496e+02,3.957842999999999734e+02
7.253899410360294269e+02,3.957842999999999734e+02
7.254923895483497063e+02,3.957842999999999734e+02
7.255536122485891610e+02,3.957842999999999734e+02
7.256423405209841349e+02,3.957842999999999734e+02
7.257172834611487815e+02,3.957842999999999734e+02
7.258475756083429360e+02,3.957842999999999734e+02
7.258809546737085157e+02,3.957842999999999734e+02
7.259697303183792201e+02,3.957842999999999734e+02
7.260446258862682498e+02,3.957842999999999734e+02
7.261473587145338797e+02,3.957842999999999734e+02
7.262082970988278703e+02,3.957842999999999734e+02
7.262971201157743053e+02,3.957842999999999734e+02
7.263719683113876044e+02,3.957842999999999734e+02
7.265591838747100155e+02,3.957842999999999734e+02
7.265356395239472249e+02,3.957842999999999734e+02
7.266245099131692768e+02,3.957842999999999734e+02
7.266993107365069591e+02,3.957842999999999734e+02
7.268023278807180532e+02,3.957842999999999734e+02
7.268629819490666932e+02,3.957842999999999734e+02
7.269518997105643621e+02,3.957842999999999734e+02
7.270266531616263137e+02,3.957842999999999734e+02
7.271582728852838500e+02,3.957842999999999734e+02
7.271903243741860479e+02,3.957842999999999734e+02
7.272792895079594473e+02,3.957842999999999734e+02
7.273539955867456683e+02,3.957842999999999734e+02
7.274572970469021129e+02,3.957842999999999734e+02
7.275176667993054025e+02,3.957842999999999734e+02
7.276066793053545325e+02,3.957842999999999734e+02
7.276813380118650230e+02,3.957842999999999734e+02
7.279873651162790793e+02,4.704511699999999905e+02
7.278450092244247571e+02,4.704511699999999905e+02
7.279340691027496177e+02,4.704511699999999905e+02
7.280086804369844913e+02,4.704511699999999905e+02
7.281122662130862864e+02,4.704511699999999905e+02
7.281723516495441118e+02,4.704511699999999905e+02
7.282614589001447030e+02,4.704511699999999905e+02
7.283360228621038459e+02,4.704511699999999905e+02
7.284689701622247640e+02,4.704511699999999905e+02
7.284996940746634664e+02,4.704511699999999905e+02
7.285888486975397882e+02,4.704511699999999905e+02
7.286633652872232005e+02,4.704511699999999905e+02
7.287672353792704598e+02,4.704511699999999905e+02
7.288270364997829347e+02,4.704511699999999905e+02
7.289162384949348734e+02,4.704511699999999905e+02
7.289907077123425552e+02,4.704511699999999905e+02
7.291836194895591916e+02,4.704511699999999905e+02
7.291543789249022893e+02,4.704511699999999905e+02
7.292436282923299586e+02,4.704511699999999905e+02
7.293180501374619098e+02,4.704511699999999905e+02
7.294222045454545196e+02,4.704511699999999905e+02
7.294817213500216440e+02,4.704511699999999905e+02
7.295710180897250439e+02,4.704511699999999905e+02
7.296453925625813781e+02,4.704511699999999905e+02
7.297796674391656779e+02,4.704511699999999905e+02
7.298090637751409986e+02,4.704511699999999905e+02
7.298984078871201291e+02,4.704511699999999905e+02
7.299727349877007327e+02,4.704511699999999905e+02
7.300771737116386930e+02,4.704511699999999905e+02
7.301364062002603532e+02,4.704511699999999905e+02
7.302257976845152143e+02,4.704511699999999905e+02
7.303000774128200874e+02,4.704511699999999905e+02
7.420065299999999979e+02,4.766867700000000241e+02
7.304637486253797078e+02,4.040561500000000024e+02
7.305531874819102995e+02,4.040561500000000024e+02
7.306274198379394420e+02,4.040561500000000024e+02
7.307321428778228665e+02,4.040561500000000024e+02
7.307910910504991762e+02,4.040561500000000024e+02
7.308805772793053848e+02,4.040561500000000024e+02
7.309547622630587966e+02,4.040561500000000024e+02
7.310903647161065919e+02,4.040561500000000024e+02
7.311184334756185308e+02,4.040561500000000024e+02
7.312079670767004700e+02,4.040561500000000024e+02
7.312821046881781513e+02,4.040561500000000024e+02
7.313871120440069262e+02,4.040561500000000024e+02
7.314457759007378854e+02,4.040561500000000024e+02
7.315353568740955552e+02,4.040561500000000024e+02
7.316094471132976196e+02,4.040561500000000024e+02
7.318080551044083677e+02,4.040561500000000024e+02
7.317731183258572401e+02,4.040561500000000024e+02
7.318627466714906404e+02,4.040561500000000024e+02
7.319367895384169742e+02,4.040561500000000024e+02
7.320420812101910997e+02,4.040561500000000024e+02
7.321004607509765947e+02,4.040561500000000024e+02
7.321901364688857257e+02,4.040561500000000024e+02
7.322641319635363288e+02,4.040561500000000024e+02
7.324010619930475059e+02,4.040561500000000024e+02
7.324278031760960630e+02,4.040561500000000024e+02
7.325175262662808109e+02,4.040561500000000024e+02
7.325914743886556835e+02,4.040561500000000024e+02
7.326970503763751594e+02,4.040561500000000024e+02
7.327551456012154176e+02,4.040561500000000024e+02
7.328449160636758961e+02,4.040561500000000024e+02
7.329188168137750381e+02,4.040561500000000024e+02
7.332484430232558452e+02,4.040561500000000024e+02
7.330824880263347723e+02,4.040561500000000024e+02
7.331723058610708676e+02,4.040561500000000024e+02
7.332461592388943927e+02,4.040561500000000024e+02
7.333520195425593329e+02,4.040561500000000024e+02
7.334098304514541269e+02,4.040561500000000024e+02
7.334996956584659529e+02,4.040561500000000024e+02
7.335735016640138610e+02,4.040561500000000024e+02
7.337117592699883062e+02,4.040561500000000024e+02
7.337371728765734815e+02,4.040561500000000024e+02
7.338270854558610381e+02,4.040561500000000024e+02
7.339008440891332157e+02,4.040561500000000024e+02
7.340069887087435063e+02,4.040561500000000024e+02
7.340645153016928361e+02,4.040561500000000024e+02
7.341544752532561233e+02,4.040561500000000024e+02
7.342281865142525703e+02,4.040561500000000024e+02
7.344324907192575438e+02,4.040561500000000024e+02
7.343918577268123045e+02,4.040561500000000024e+02
7.344818650506512085e+02,4.040561500000000024e+02
7.345555289393719249e+02,4.040561500000000024e+02
7.346619578749275661e+02,4.040561500000000024e+02
7.347192001519316591e+02,4.040561500000000024e+02
7.348092548480462938e+02,4.040561500000000024e+02
7.348828713644912796e+02,4.040561500000000024e+02
7.350224565469292202e+02,4.040561500000000024e+02
7.350465425770510137e+02,4.040561500000000024e+02
7.351366446454413790e+02,4.040561500000000024e+02
7.352102137896107479e+02,4.040561500000000024e+02
7.353169270411117395e+02,4.040561500000000024e+02
7.353738850021703684e+02,4.040561500000000024e+02
7.354640344428364642e+02,4.040561500000000024e+02
7.355375562147301025e+02,4.040561500000000024e+02
7.751443000000000438e+02,4.558121300000000247e+02
7.357012274272897230e+02,4.473504599999999982e+02
7.357914242402315494e+02,4.473504599999999982e+02
7.358648986398494571e+02,4.473504599999999982e+02
7.359718962072959130e+02,4.473504599999999982e+02
7.360285698524091913e+02,4.473504599999999982e+02
7.361188140376266347e+02,4.473504599999999982e+02
7.361922410649688118e+02,4.473504599999999982e+02
7.363331538238701341e+02,4.473504599999999982e+02
7.363559122775285459e+02,4.473504599999999982e+02
7.364462038350217199e+02,4.473504599999999982e+02
7.365195834900881664e+02,4.473504599999999982e+02
7.366268653734799727e+02,4.473504599999999982e+02
7.366832547026479006e+02,4.473504599999999982e+02
7.367735936324168051e+02,4.473504599999999982e+02
7.368469259152075210e+02,4.473504599999999982e+02
7.370569263341067199e+02,4.473504599999999982e+02
7.370105971277672552e+02,4.473504599999999982e+02
7.371009834298118903e+02,4.473504599999999982e+02
7.371742683403269893e+02,4.473504599999999982e+02
7.372818345396641462e+02,4.473504599999999982e+02
7.373379395528866098e+02,4.473504599999999982e+02
7.374283732272069756e+02,4.473504599999999982e+02
7.375016107654463440e+02,4.473504599999999982e+02
7.376438511008110481e+02,4.473504599999999982e+02
7.376652819780059644e+02,4.473504599999999982e+02
7.377557630246020608e+02,4.473504599999999982e+02
7.378289531905656986e+02,4.473504599999999982e+02
7.379368037058483196e+02,4.473504599999999982e+02
7.379926244031254328e+02,4.473504599999999982e+02
7.380831528219971460e+02,4.473504599999999982e+02
7.381562956156850532e+02,4.473504599999999982e+02
7.385095209302326111e+02,4.473504599999999982e+02
7.383199668282447874e+02,4.473504599999999982e+02
7.384105426193922312e+02,4.473504599999999982e+02
7.384836380408044079e+02,4.473504599999999982e+02
7.385917728720323794e+02,4.473504599999999982e+02
7.386473092533641420e+02,4.473504599999999982e+02
7.387379324167873165e+02,4.473504599999999982e+02
7.388109804659238762e+02,4.473504599999999982e+02
7.389545483777519621e+02,4.473504599999999982e+02
7.389746516784834967e+02,4.473504599999999982e+02
7.390653222141824017e+02,4.473504599999999982e+02
7.391383228910432308e+02,4.473504599999999982e+02
7.392467420382165528e+02,4.473504599999999982e+02
7.393019941036028513e+02,4.473504599999999982e+02
7.393927120115774869e+02,4.473504599999999982e+02
7.394656653161625854e+02,4.473504599999999982e+02
7.396813619489558960e+02,4.137313199999999824e+02
7.396293365287222059e+02,4.137313199999999824e+02
7.397201018089725721e+02,4.137313199999999824e+02
7.397930077412819401e+02,4.137313199999999824e+02
7.399017112044007263e+02,4.137313199999999824e+02
7.399566789538416742e+02,4.137313199999999824e+02
7.400474916063675437e+02,4.137313199999999824e+02
7.401203501664012947e+02,4.137313199999999824e+02
7.402652456546928761e+02,4.137313199999999824e+02
7.402840213789610289e+02,4.137313199999999824e+02
7.403748814037626289e+02,4.137313199999999824e+02
7.404476925915206493e+02,4.137313199999999824e+02
7.405566803705847860e+02,4.137313199999999824e+02
7.406113638040803835e+02,4.137313199999999824e+02
7.407022712011577141e+02,4.137313199999999824e+02
7.407750350166401176e+02,4.137313199999999824e+02
7.997929699999999684e+02,4.304911000000000172e+02
7.409387062291997381e+02,4.276775999999999840e+02
7.410296609985527994e+02,4.276775999999999840e+02
7.411023774417594723e+02,4.276775999999999840e+02
7.412116495367689595e+02,4.276775999999999840e+02
7.412660486543190927e+02,4.276775999999999840e+02
7.413570507959478846e+02,4.276775999999999840e+02
7.414297198668788269e+02,4.276775999999999840e+02
7.415759429316337901e+02,4.276775999999999840e+02
7.415933910794385611e+02,4.276775999999999840e+02
7.416844405933429698e+02,4.276775999999999840e+02
7.417570622919981815e+02,4.276775999999999840e+02
7.418666187029531329e+02,4.276775999999999840e+02
7.419207335045579157e+02,4.276775999999999840e+02
7.420118303907380550e+02,4.766867700000000241e+02
7.420844047171175362e+02,4.766867700000000241e+02
7.423057975638050721e+02,4.766867700000000241e+02
7.422480759296772703e+02,4.766867700000000241e+02
7.423392201881331403e+02,4.766867700000000241e+02
7.424117471422368908e+02,4.766867700000000241e+02
7.425215878691371927e+02,4.766867700000000241e+02
7.425754183547966250e+02,4.766867700000000241e+02
7.426666099855282255e+02,4.766867700000000241e+02
7.427390895673563591e+02,4.766867700000000241e+02
7.428866402085747040e+02,4.766867700000000241e+02
7.429027607799159796e+02,4.766867700000000241e+02
7.429939997829233107e+02,4.766867700000000241e+02
7.430664319924757137e+02,4.766867700000000241e+02
7.431765570353213661e+02,4.766867700000000241e+02
7.432301032050353342e+02,4.766867700000000241e+02
7.433213895803183959e+02,4.766867700000000241e+02
7.433937744175950684e+02,4.766867700000000241e+02
7.437705988372093771e+02,4.766867700000000241e+02
7.435574456301548025e+02,4.766867700000000241e+02
7.436487793777134812e+02,4.766867700000000241e+02
7.437211168427144230e+02,4.766867700000000241e+02
7.438315262015055396e+02,4.766867700000000241e+02
7.438847880552741572e+02,4.766867700000000241e+02
7.439761691751085664e+02,4.766867700000000241e+02
7.440484592678337776e+02,4.766867700000000241e+02
7.441973374855156180e+02,4.766867700000000241e+02
7.442121304803935118e+02,4.766867700000000241e+02
7.443035589725036516e+02,4.766867700000000241e+02
7.443758016929532459e+02,4.766867700000000241e+02
7.444864953676895993e+02,4.766867700000000241e+02
7.445394729055128664e+02,4.766867700000000241e+02
7.446309487698987368e+02,4.766867700000000241e+02
7.447031441180726006e+02,4.766867700000000241e+02
7.449302331786542481e+02,4.766867700000000241e+02
7.448668153306322210e+02,4.766867700000000241e+02
7.449583385672938221e+02,4.766867700000000241e+02
7.450304865431919552e+02,4.766867700000000241e+02
7.451414645338737728e+02,4.766867700000000241e+02
7.451941577557516894e+02,4.766867700000000241e+02
7.452857283646889073e+02,4.766867700000000241e+02
7.453578289683113098e+02,4.766867700000000241e+02
7.455080347624565320e+02,4.766867700000000241e+02
7.455215001808710440e+02,4.766867700000000241e+02
7.456131181620839925e+02,4.766867700000000241e+02
7.456851713934306645e+02,4.766867700000000241e+02
7.457964337000579462e+02,4.766867700000000241e+02
7.458488426059903986e+02,4.766867700000000241e+02
7.459405079594790777e+02,4.766867700000000241e+02
7.460125138185500191e+02,4.766867700000000241e+02
8.087146000000000186e+02,4.174728999999999814e+02
7.461761850311097533e+02,4.766867700000000241e+02
7.462678977568741630e+02,4.766867700000000241e+02
7.463398562436694874e+02,4.766867700000000241e+02
7.464514028662420060e+02,4.766867700000000241e+02
7.465035274562291079e+02,4.766867700000000241e+02
7.465952875542691345e+02,4.766867700000000241e+02
7.466671986687888420e+02,4.766867700000000241e+02
7.468187320393974460e+02,4.766867700000000241e+02
7.468308698813484625e+02,4.766867700000000241e+02
7.469226773516642197e+02,4.766867700000000241e+02
7.469945410939081967e+02,4.766867700000000241e+02
7.471063720324261794e+02,4.766867700000000241e+02
7.471582123064679308e+02,4.766867700000000241e+02
7.472500671490593049e+02,4.766867700000000241e+02
7.473218835190275513e+02,4.766867700000000241e+02
7.475546687935035379e+02,4.766867700000000241e+02
7.474855547315872855e+02,4.766867700000000241e+02
7.475774569464543902e+02,4.766867700000000241e+02
7.476492259441469059e+02,4.766867700000000241e+02
7.477613411986103529e+02,4.766867700000000241e+02
7.478128971567066401e+02,4.766867700000000241e+02
7.479048467438494754e+02,4.766867700000000241e+02
7.479765683692663742e+02,4.766867700000000241e+02
7.481294293163382463e+02,4.766867700000000241e+02
7.481402395818259947e+02,4.766867700000000241e+02
7.482322365412445606e+02,4.766867700000000241e+02
7.483039107943857289e+02,4.766867700000000241e+02
7.484163103647944126e+02,4.766867700000000241e+02
7.484675820069453493e+02,4.766867700000000241e+02
7.485596263386396458e+02,4.766867700000000241e+02
7.486312532195050835e+02,4.766867700000000241e+02
7.490316767441860293e+02,4.766867700000000241e+02
7.487949244320647040e+02,4.766867700000000241e+02
7.488870161360347311e+02,4.766867700000000241e+02
7.489585956446244381e+02,4.766867700000000241e+02
7.490712795309785861e+02,4.766867700000000241e+02
7.491222668571841723e+02,4.766867700000000241e+02
7.492144059334298163e+02,4.766867700000000241e+02
7.492859380697437928e+02,4.766867700000000241e+02
7.494401265932791603e+02,4.766867700000000241e+02
7.494496092823035269e+02,4.766867700000000241e+02
7.495417957308249015e+02,4.766867700000000241e+02
7.496132804948631474e+02,4.766867700000000241e+02
7.497262486971627595e+02,4.766867700000000241e+02
7.497769517074228816e+02,4.766867700000000241e+02
7.498691855282199867e+02,4.766867700000000241e+02
7.499406229199826157e+02,4.766867700000000241e+02
7.501791044083527140e+02,4.766867700000000241e+02
7.501042941325422362e+02,4.766867700000000241e+02
7.501965753256150720e+02,4.766867700000000241e+02
7.502679653451019703e+02,4.766867700000000241e+02
7.503812178633468193e+02,4.766867700000000241e+02
7.504316365576615908e+02,4.766867700000000241e+02
7.505239651230101572e+02,4.766867700000000241e+02
7.505953077702213250e+02,4.766867700000000241e+02
7.507508238702200742e+02,4.766867700000000241e+02
7.507589789827810591e+02,4.766867700000000241e+02
7.508513549204052424e+02,4.766867700000000241e+02
7.509226501953406796e+02,4.766867700000000241e+02
7.510361870295309927e+02,4.766867700000000241e+02
7.510863214079004138e+02,4.766867700000000241e+02
7.511787447178003276e+02,4.766867700000000241e+02
7.512499926204600342e+02,4.766867700000000241e+02
8.087146000000000186e+02,4.174728999999999814e+02
7.514136638330197684e+02,4.766867700000000241e+02
7.515061345151954129e+02,4.766867700000000241e+02
7.515773350455793889e+02,4.766867700000000241e+02
7.516911561957150525e+02,4.766867700000000241e+02
7.517410062581391230e+02,4.766867700000000241e+02
7.518335243125904981e+02,4.766867700000000241e+02
7.519046774706988572e+02,4.766867700000000241e+02
7.520615211471609882e+02,4.766867700000000241e+02
7.520683486832584776e+02,4.766867700000000241e+02
7.521609141099855833e+02,4.766867700000000241e+02
7.522320198958182118e+02,4.766867700000000241e+02
7.523461253618992259e+02,4.766867700000000241e+02
7.523956911083778323e+02,4.766867700000000241e+02
7.524883039073806685e+02,4.766867700000000241e+02
7.525593623209375664e+02,4.766867700000000241e+02
7.528035400232018901e+02,4.766867700000000241e+02
7.527230335334973006e+02,4.766867700000000241e+02
7.528156937047757538e+02,4.766867700000000241e+02
7.528867047460569211e+02,4.766867700000000241e+02
7.530010945280833994e+02,4.766867700000000241e+02
7.530503759586166552e+02,4.766867700000000241e+02
7.531430835021707253e+02,4.766867700000000241e+02
7.532140471711762757e+02,4.766867700000000241e+02
7.533722184241019022e+02,4.766867700000000241e+02
7.533777183837360099e+02,4.766867700000000241e+02
7.534704732995658105e+02,4.766867700000000241e+02
7.535413895962957440e+02,4.766867700000000241e+02
7.536560636942674591e+02,4.766867700000000241e+02
7.537050608088553645e+02,4.766867700000000241e+02
7.537978630969608957e+02,4.766867700000000241e+02
7.538687320214150986e+02,4.766867700000000241e+02
7.542927546511627952e+02,4.766867700000000241e+02
7.540324032339747191e+02,4.766867700000000241e+02
7.541252528943559810e+02,4.766867700000000241e+02
7.541960744465344533e+02,4.766867700000000241e+02
7.543110328604516326e+02,4.766867700000000241e+02
7.543597456590940737e+02,4.766867700000000241e+02
7.544526426917510662e+02,4.766867700000000241e+02
7.545234168716538079e+02,4.766867700000000241e+02
7.546829157010428162e+02,4.766867700000000241e+02
7.546870880842135421e+02,4.766867700000000241e+02
7.547800324891461514e+02,4.766867700000000241e+02
7.548507592967731625e+02,4.766867700000000241e+02
7.549660020266358060e+02,4.766867700000000241e+02
7.550144305093328967e+02,4.766867700000000241e+02
7.551074222865412366e+02,4.766867700000000241e+02
7.551781017218925172e+02,4.766867700000000241e+02
7.554279756380510662e+02,4.766867700000000241e+02
7.553417729344522513e+02,4.766867700000000241e+02
7.554348120839363219e+02,4.766867700000000241e+02
7.555054441470119855e+02,4.766867700000000241e+02
7.556209711928198658e+02,4.766867700000000241e+02
7.556691153595716059e+02,4.766867700000000241e+02
7.557622018813314071e+02,4.766867700000000241e+02
7.558327865721313401e+02,4.766867700000000241e+02
7.559936129779837302e+02,4.766867700000000241e+02
7.559964577846909606e+02,4.766867700000000241e+02
7.560895916787264923e+02,4.766867700000000241e+02
7.561601289972506947e+02,4.766867700000000241e+02
7.562759403590040392e+02,4.766867700000000241e+02
7.563238002098104289e+02,4.766867700000000241e+02
7.564169814761215775e+02,4.766867700000000241e+02
7.564874714223700494e+02,4.766867700000000241e+02
8.781919599999999946e+02,4.707830799999999840e+02
7.566511426349297835e+02,4.558121300000000247e+02
7.567443712735166628e+02,4.558121300000000247e+02
7.568148138474894040e+02,4.558121300000000247e+02
7.569309095251882127e+02,4.558121300000000247e+02
7.569784850600491382e+02,4.558121300000000247e+02
7.570717610709117480e+02,4.558121300000000247e+02
7.571421562726088723e+02,4.558121300000000247e+02
7.573043102549246441e+02,4.558121300000000247e+02
7.573058274851684928e+02,4.558121300000000247e+02
7.573991508683068332e+02,4.558121300000000247e+02
7.574694986977282269e+02,4.558121300000000247e+02
7.575858786913722724e+02,4.558121300000000247e+02
7.576331699102878474e+02,4.558121300000000247e+02
7.577265406657019184e+02,4.558121300000000247e+02
7.577968411228475816e+02,4.558121300000000247e+02
7.580524112529002423e+02,4.558121300000000247e+02
7.579605123354072020e+02,4.558121300000000247e+02
7.580539304630970037e+02,4.558121300000000247e+02
7.581241835479669362e+02,4.558121300000000247e+02
7.582408478575564459e+02,4.558121300000000247e+02
7.582878547605266704e+02,4.558121300000000247e+02
7.583813202604920889e+02,4.558121300000000247e+02
7.584515259730862908e+02,4.558121300000000247e+02
7.586150075318655581e+02,4.558121300000000247e+02
7.586151971856460250e+02,4.558121300000000247e+02
7.587087100578871741e+02,4.558121300000000247e+02
7.587788683982056455e+02,4.558121300000000247e+02
7.588958170237406193e+02,4.558121300000000247e+02
7.589425396107653796e+02,4.558121300000000247e+02
7.590360998552822593e+02,4.558121300000000247e+02
7.591062108233251138e+02,4.558121300000000247e+02
7.595538325581395611e+02,4.558121300000000247e+02
7.592698820358847343e+02,4.558121300000000247e+02
7.593634896526773446e+02,4.558121300000000247e+02
7.594335532484444684e+02,4.558121300000000247e+02
7.595507861899246791e+02,4.558121300000000247e+02
7.595972244610040889e+02,4.558121300000000247e+02
7.596908794500724298e+02,4.558121300000000247e+02
7.597608956735638230e+02,4.558121300000000247e+02
7.599257048088064721e+02,4.558121300000000247e+02
7.599245668861235572e+02,4.558121300000000247e+02
7.600182692474674013e+02,4.558121300000000247e+02
7.600882380986831777e+02,4.558121300000000247e+02
7.602057553561088525e+02,4.558121300000000247e+02
7.602519093112429118e+02,4.558121300000000247e+02
7.603456590448624866e+02,4.558121300000000247e+02
7.604155805238025323e+02,4.558121300000000247e+02
7.606768468677494184e+02,4.558121300000000247e+02
7.605792517363622665e+02,4.558121300000000247e+02
7.606730488422575718e+02,4.558121300000000247e+02
7.607429229489218869e+02,4.558121300000000247e+02
7.608607245222930260e+02,4.558121300000000247e+02
7.609065941614816211e+02,4.558121300000000247e+02
7.610004386396526570e+02,4.558121300000000247e+02
7.610702653740413552e+02,4.558121300000000247e+02
7.612364020857473861e+02,4.558121300000000247e+02
7.612339365866009757e+02,4.558121300000000247e+02
7.613278284370477422e+02,4.558121300000000247e+02
7.613976077991607099e+02,4.558121300000000247e+02
7.615156936884770857e+02,4.558121300000000247e+02
7.615612790117203303e+02,4.558121300000000247e+02
7.616552182344428275e+02,4.558121300000000247e+02
7.617249502242800645e+02,4.558121300000000247e+02
8.781919599999999946e+02,4.707830799999999840e+02
7.618886214368397987e+02,4.558121300000000247e+02
7.619826080318379127e+02,4.558121300000000247e+02
7.620522926493994191e+02,4.558121300000000247e+02
7.621706628546612592e+02,4.558121300000000247e+02
7.622159638619591533e+02,4.558121300000000247e+02
7.623099978292329979e+02,4.558121300000000247e+02
7.623796350745187738e+02,4.558121300000000247e+02
7.625470993626881864e+02,4.558121300000000247e+02
7.625433062870785079e+02,4.558121300000000247e+02
7.626373876266280831e+02,4.558121300000000247e+02
7.627069774996382421e+02,4.558121300000000247e+02
7.628256320208454326e+02,4.558121300000000247e+02
7.628706487121978626e+02,4.558121300000000247e+02
7.629647774240231684e+02,4.558121300000000247e+02
7.630343199247575967e+02,4.558121300000000247e+02
7.633012824825985945e+02,4.558121300000000247e+02
7.631979911373172172e+02,4.558121300000000247e+02
7.632921672214182536e+02,4.558121300000000247e+02
7.633616623498769513e+02,4.558121300000000247e+02
7.634806011870294924e+02,4.558121300000000247e+02
7.635253335624365718e+02,4.558121300000000247e+02
7.636195570188133388e+02,4.558121300000000247e+02
7.636890047749963060e+02,4.558121300000000247e+02
7.638577966396291004e+02,4.558121300000000247e+02
7.638526759875560401e+02,4.558121300000000247e+02
7.639469468162084240e+02,4.558121300000000247e+02
7.640163472001156606e+02,4.558121300000000247e+02
7.641355703532136658e+02,4.558121300000000247e+02
7.641800184126753948e+02,4.558121300000000247e+02
7.642743366136035092e+02,4.558121300000000247e+02
7.643436896252350152e+02,4.558121300000000247e+02
7.648149104651163270e+02,4.558121300000000247e+02
7.645073608377947494e+02,4.558121300000000247e+02
7.646017264109985945e+02,4.558121300000000247e+02
7.646710320503544835e+02,4.558121300000000247e+02
7.647905395193978393e+02,4.558121300000000247e+02
7.648347032629141040e+02,4.558121300000000247e+02
7.649291162083936797e+02,4.558121300000000247e+02
7.649983744754738382e+02,4.558121300000000247e+02
7.651684939165700143e+02,4.558121300000000247e+02
7.651620456880334586e+02,4.558121300000000247e+02
7.652565060057887649e+02,4.558121300000000247e+02
7.653257169005931928e+02,4.558121300000000247e+02
7.654455086855818990e+02,4.558121300000000247e+02
7.654893881131529270e+02,4.558121300000000247e+02
7.655838958031838501e+02,4.558121300000000247e+02
7.656530593257125474e+02,4.558121300000000247e+02
7.659257180974477706e+02,4.558121300000000247e+02
7.658167305382722816e+02,4.558121300000000247e+02
7.659112856005789354e+02,4.558121300000000247e+02
7.659804017508319021e+02,4.558121300000000247e+02
7.661004778517660725e+02,4.558121300000000247e+02
7.661440729633916362e+02,4.558121300000000247e+02
7.662386753979740206e+02,4.558121300000000247e+02
7.663077441759512567e+02,4.558121300000000247e+02
7.664791911935109283e+02,4.558121300000000247e+02
7.664714153885109909e+02,4.558121300000000247e+02
7.665660651953689921e+02,4.558121300000000247e+02
7.666350866010707250e+02,4.558121300000000247e+02
7.667554470179502459e+02,4.558121300000000247e+02
7.667987578136303455e+02,4.558121300000000247e+02
7.668934549927640774e+02,4.558121300000000247e+02
7.669624290261900796e+02,4.558121300000000247e+02
8.781919599999999946e+02,4.707830799999999840e+02
7.671261002387497001e+02,4.558121300000000247e+02
7.672208447901591626e+02,4.558121300000000247e+02
7.672897714513094343e+02,4.558121300000000247e+02
7.674104161841343057e+02,4.558121300000000247e+02
7.674534426638691684e+02,4.558121300000000247e+02
7.675482345875542478e+02,4.558121300000000247e+02
7.676171138764287889e+02,4.558121300000000247e+02
7.677898884704518423e+02,4.558121300000000247e+02
7.677807850889885231e+02,4.558121300000000247e+02
7.678756243849493330e+02,4.558121300000000247e+02
7.679444563015481435e+02,4.558121300000000247e+02
7.680653853503184791e+02,4.558121300000000247e+02
7.681081275141078777e+02,4.558121300000000247e+02
7.682030141823444183e+02,4.558121300000000247e+02
7.682717987266676118e+02,4.558121300000000247e+02
7.685501537122969467e+02,4.558121300000000247e+02
7.684354699392272323e+02,4.558121300000000247e+02
7.685304039797395035e+02,4.558121300000000247e+02
7.685991411517869665e+02,4.558121300000000247e+02
7.687203545165026526e+02,4.558121300000000247e+02
7.687628123643465869e+02,4.558121300000000247e+02
7.688577937771345887e+02,4.558121300000000247e+02
7.689264835769063211e+02,4.558121300000000247e+02
7.691005857473927563e+02,4.558121300000000247e+02
7.690901547894660553e+02,4.558121300000000247e+02
7.691851835745296739e+02,4.558121300000000247e+02
7.692538260020256757e+02,4.558121300000000247e+02
7.693753236826867123e+02,4.558121300000000247e+02
7.694174972145854099e+02,4.558121300000000247e+02
7.695125733719247592e+02,4.558121300000000247e+02
7.695811684271450304e+02,4.558121300000000247e+02
7.700759883720930929e+02,4.558121300000000247e+02
7.697448396397047645e+02,4.558121300000000247e+02
7.698399631693198444e+02,4.558121300000000247e+02
7.699085108522643850e+02,4.558121300000000247e+02
7.700302928488708858e+02,4.558121300000000247e+02
7.700721820648241192e+02,4.558121300000000247e+02
7.701673529667149296e+02,4.558121300000000247e+02
7.702358532773838533e+02,4.558121300000000247e+02
7.704112830243336703e+02,4.558121300000000247e+02
7.703995244899434738e+02,4.558121300000000247e+02
7.704947427641100148e+02,4.558121300000000247e+02
7.705631957025032079e+02,4.558121300000000247e+02
7.706852620150550592e+02,4.558121300000000247e+02
7.707268669150628284e+02,4.558121300000000247e+02
7.708221325615051001e+02,4.558121300000000247e+02
7.708905381276225626e+02,4.558121300000000247e+02
7.711745893271461227e+02,4.558121300000000247e+02
7.710542093401822967e+02,4.558121300000000247e+02
7.711495223589001853e+02,4.558121300000000247e+02
7.712178805527419172e+02,4.558121300000000247e+02
7.713402311812391190e+02,4.558121300000000247e+02
7.713815517653016514e+02,4.558121300000000247e+02
7.714769121562952705e+02,4.558121300000000247e+02
7.715452229778612718e+02,4.558121300000000247e+02
7.717219803012745842e+02,4.558121300000000247e+02
7.717088941904210060e+02,4.558121300000000247e+02
7.718043019536903557e+02,4.558121300000000247e+02
7.718725654029807401e+02,4.558121300000000247e+02
7.719952003474232924e+02,4.558121300000000247e+02
7.720362366155403606e+02,4.558121300000000247e+02
7.721316917510854410e+02,4.558121300000000247e+02
7.721999078281000948e+02,4.558121300000000247e+02
8.922167399999999589e+02,4.379803499999999872e+02
7.723635790406597152e+02,4.558121300000000247e+02
7.724590815484805262e+02,4.558121300000000247e+02
7.725272502532194494e+02,4.558121300000000247e+02
7.726501695136074659e+02,4.558121300000000247e+02
7.726909214657790699e+02,4.558121300000000247e+02
7.727864713458756114e+02,4.558121300000000247e+02
7.728545926783388040e+02,4.558121300000000247e+02
7.730326775782154982e+02,4.558121300000000247e+02
7.730182638908985382e+02,4.558121300000000247e+02
7.731138611432705829e+02,4.558121300000000247e+02
7.731819351034581587e+02,4.558121300000000247e+02
7.733051386797915256e+02,4.558121300000000247e+02
7.733456063160178928e+02,4.558121300000000247e+02
7.734412509406656682e+02,4.558121300000000247e+02
7.735092775285775133e+02,4.558121300000000247e+02
7.737990249419954125e+02,4.558121300000000247e+02
7.736729487411372475e+02,4.558121300000000247e+02
7.737686407380607534e+02,4.558121300000000247e+02
7.738366199536969816e+02,4.558121300000000247e+02
7.739601078459756991e+02,4.558121300000000247e+02
7.740002911662566021e+02,4.558121300000000247e+02
7.740960305354558386e+02,4.558121300000000247e+02
7.741639623788163362e+02,4.558121300000000247e+02
7.743433748551564122e+02,4.558121300000000247e+02
7.743276335913759567e+02,4.558121300000000247e+02
7.744234203328509238e+02,4.558121300000000247e+02
7.744913048039356909e+02,4.558121300000000247e+02
7.746150770121597589e+02,4.558121300000000247e+02
7.746549760164954250e+02,4.558121300000000247e+02
7.747508101302460091e+02,4.558121300000000247e+02
7.748186472290550455e+02,4.558121300000000247e+02
7.753370662790697452e+02,4.558121300000000247e+02
7.749823184416147797e+02,4.558121300000000247e+02
7.750781999276410943e+02,4.558121300000000247e+02
7.751459896541744001e+02,4.558121300000000247e+02
7.752700461783439323e+02,4.558121300000000247e+02
7.753096608667341343e+02,4.558121300000000247e+02
7.754055897250361795e+02,4.558121300000000247e+02
7.754733320792937548e+02,4.558121300000000247e+02
7.756540721320973262e+02,4.558121300000000247e+02
7.756370032918534889e+02,4.558121300000000247e+02
7.757329795224312647e+02,4.558121300000000247e+02
7.758006745044132231e+02,4.558121300000000247e+02
7.759250153445281057e+02,4.558121300000000247e+02
7.759643457169728435e+02,4.558121300000000247e+02
7.760603693198263500e+02,4.558121300000000247e+02
7.761280169295325777e+02,4.558121300000000247e+02
7.764234605568445886e+02,4.558121300000000247e+02
7.762916881420921982e+02,4.558121300000000247e+02
7.763877591172214352e+02,4.558121300000000247e+02
7.764553593546519323e+02,4.558121300000000247e+02
7.765799845107121655e+02,4.558121300000000247e+02
7.766190305672116665e+02,4.558121300000000247e+02
7.767151489146165204e+02,4.558121300000000247e+02
7.767827017797712870e+02,4.558121300000000247e+02
7.769647694090381265e+02,4.558121300000000247e+02
7.769463729923310211e+02,4.558121300000000247e+02
7.770425387120116056e+02,4.558121300000000247e+02
7.771100442048906416e+02,4.558121300000000247e+02
7.772349536768963389e+02,4.558121300000000247e+02
7.772737154174503758e+02,4.558121300000000247e+02
7.773699285094066909e+02,4.558121300000000247e+02
7.774373866300101099e+02,4.558121300000000247e+02
8.895159999999999627e+02,4.197872300000000223e+02
7.776010578425697304e+02,4.558121300000000247e+02
7.776973183068017761e+02,4.558121300000000247e+02
7.777647290551294645e+02,4.558121300000000247e+02
7.778899228430805124e+02,4.558121300000000247e+02
7.779284002676890850e+02,4.558121300000000247e+02
7.780247081041968613e+02,4.558121300000000247e+02
7.780920714802488192e+02,4.558121300000000247e+02
7.782754666859790404e+02,4.558121300000000247e+02
7.782557426928085533e+02,4.558121300000000247e+02
7.783520979015919465e+02,4.558121300000000247e+02
7.784194139053681738e+02,4.558121300000000247e+02
7.785448920092645722e+02,4.558121300000000247e+02
7.785830851179279080e+02,4.558121300000000247e+02
7.786794876989870318e+02,4.558121300000000247e+02
7.787467563304875284e+02,4.558121300000000247e+02
7.790478961716937647e+02,4.558121300000000247e+02
7.789104275430472626e+02,4.558121300000000247e+02
7.790068774963821170e+02,4.558121300000000247e+02
7.790740987556068831e+02,4.558121300000000247e+02
7.791998611754487456e+02,4.558121300000000247e+02
7.792377699681666172e+02,4.558121300000000247e+02
7.793342672937772022e+02,4.558121300000000247e+02
7.794014411807263514e+02,4.558121300000000247e+02
7.795861639629199544e+02,4.558121300000000247e+02
7.795651123932859718e+02,4.558121300000000247e+02
7.796616570911721738e+02,4.558121300000000247e+02
7.797287836058457060e+02,4.558121300000000247e+02
7.798548303416329190e+02,4.558121300000000247e+02
7.798924548184053265e+02,4.558121300000000247e+02
7.799890468885672590e+02,4.558121300000000247e+02
7.800561260309650606e+02,4.558121300000000247e+02
7.805981441860465111e+02,4.558121300000000247e+02
7.802197972435247948e+02,4.558121300000000247e+02
7.803164366859623442e+02,4.558121300000000247e+02
7.803834684560844153e+02,4.558121300000000247e+02
7.805097995078169788e+02,4.558121300000000247e+02
7.805471396686441494e+02,4.558121300000000247e+02
7.806438264833574294e+02,4.558121300000000247e+02
7.807108108812037699e+02,4.558121300000000247e+02
7.808968612398608684e+02,4.558121300000000247e+02
7.808744820937635041e+02,4.558121300000000247e+02
7.809712162807525146e+02,4.558121300000000247e+02
7.810381533063232382e+02,4.558121300000000247e+02
7.811647686740011522e+02,4.558121300000000247e+02
7.812018245188828587e+02,4.558121300000000247e+02
7.812986060781475999e+02,4.558121300000000247e+02
7.813654957314425928e+02,4.558121300000000247e+02
7.816723317865429408e+02,4.558121300000000247e+02
7.815291669440022133e+02,4.558121300000000247e+02
7.816259958755426851e+02,4.558121300000000247e+02
7.816928381565619475e+02,4.558121300000000247e+02
7.818197378401853257e+02,4.558121300000000247e+02
7.818565093691215679e+02,4.558121300000000247e+02
7.819533856729377703e+02,4.558121300000000247e+02
7.820201805816813021e+02,4.558121300000000247e+02
7.822075585168017824e+02,4.558121300000000247e+02
7.821838517942410363e+02,4.558121300000000247e+02
7.822807754703328555e+02,4.558121300000000247e+02
7.823475230068006567e+02,4.558121300000000247e+02
7.824747070063693855e+02,4.558121300000000247e+02
7.825111942193603909e+02,4.558121300000000247e+02
7.826081652677279408e+02,4.558121300000000247e+02
7.826748654319200114e+02,4.558121300000000247e+02
8.841276000000000295e+02,4.040344200000000114e+02
7.828385366444797455e+02,4.841716299999999933e+02
7.829355550651230260e+02,4.841716299999999933e+02
7.830022078570394797e+02,4.841716299999999933e+02
7.831296761725535589e+02,4.841716299999999933e+02
7.831658790695991001e+02,4.841716299999999933e+02
7.832629448625181112e+02,4.841716299999999933e+02
7.833295502821588343e+02,4.841716299999999933e+02
7.835182557937426964e+02,4.841716299999999933e+02
7.834932214947184548e+02,4.841716299999999933e+02
7.835903346599131964e+02,4.841716299999999933e+02
7.836568927072781889e+02,4.841716299999999933e+02
7.837846453387377323e+02,4.841716299999999933e+02
7.838205639198379231e+02,4.841716299999999933e+02
7.839177244573082817e+02,4.841716299999999933e+02
7.839842351323975436e+02,4.841716299999999933e+02
7.842967674013921169e+02,4.841716299999999933e+02
7.841479063449572777e+02,4.841716299999999933e+02
7.842451142547033669e+02,4.841716299999999933e+02
7.843115775575168982e+02,4.841716299999999933e+02
7.844396145049217921e+02,4.841716299999999933e+02
7.844752487700766324e+02,4.841716299999999933e+02
7.845725040520984521e+02,4.841716299999999933e+02
7.846389199826362528e+02,4.841716299999999933e+02
7.848289530706836103e+02,4.841716299999999933e+02
7.848025911951959870e+02,4.841716299999999933e+02
7.848998938494935373e+02,4.841716299999999933e+02
7.849662624077557211e+02,4.841716299999999933e+02
7.850945836711059655e+02,4.841716299999999933e+02
7.851299336203153416e+02,4.841716299999999933e+02
7.852272836468886226e+02,4.841716299999999933e+02
7.852936048328750758e+02,4.841716299999999933e+02
7.858592220930232770e+02,4.841716299999999933e+02
7.854572760454346962e+02,4.841716299999999933e+02
7.855546734442837078e+02,4.841716299999999933e+02
7.856209472579944304e+02,4.841716299999999933e+02
7.857495528372901390e+02,4.841716299999999933e+02
7.857846184705541646e+02,4.841716299999999933e+02
7.858820632416787930e+02,4.841716299999999933e+02
7.859482896831137850e+02,4.841716299999999933e+02
7.861396503476245243e+02,4.841716299999999933e+02
7.861119608956735192e+02,4.841716299999999933e+02
7.862094530390738782e+02,4.841716299999999933e+02
7.862756321082331397e+02,4.841716299999999933e+02
7.864045220034741988e+02,4.841716299999999933e+02
7.864393033207928738e+02,4.841716299999999933e+02
7.865368428364688498e+02,4.841716299999999933e+02
7.866029745333526080e+02,4.841716299999999933e+02
7.869212030162412930e+02,4.841716299999999933e+02
7.867666457459122284e+02,4.841716299999999933e+02
7.868642326338639350e+02,4.841716299999999933e+02
7.869303169584719626e+02,4.841716299999999933e+02
7.870594911696583722e+02,4.841716299999999933e+02
7.870939881710315831e+02,4.841716299999999933e+02
7.871916224312590202e+02,4.841716299999999933e+02
7.872576593835913172e+02,4.841716299999999933e+02
7.874503476245654383e+02,4.841716299999999933e+02
7.874213305961509377e+02,4.841716299999999933e+02
7.875190122286541055e+02,4.841716299999999933e+02
7.875850018087106719e+02,4.841716299999999933e+02
7.877144603358425456e+02,4.841716299999999933e+02
7.877486730212704060e+02,4.841716299999999933e+02
7.878464020260491907e+02,4.841716299999999933e+02
7.879123442338300265e+02,4.841716299999999933e+02
8.772906500000000278e+02,3.961277999999999793e+02
7.880760154463897607e+02,4.841716299999999933e+02
7.881737918234442759e+02,4.841716299999999933e+02
7.882396866589493811e+02,4.841716299999999933e+02
7.883694295020266054e+02,4.841716299999999933e+02
7.884033578715091153e+02,4.841716299999999933e+02
7.885011816208393611e+02,4.841716299999999933e+02
7.885670290840688494e+02,4.841716299999999933e+02
7.887610449015063523e+02,4.841716299999999933e+02
7.887307002966284699e+02,4.841716299999999933e+02
7.888285714182344464e+02,4.841716299999999933e+02
7.888943715091882041e+02,4.841716299999999933e+02
7.890243986682107789e+02,4.841716299999999933e+02
7.890580427217478245e+02,4.841716299999999933e+02
7.891559612156295316e+02,4.841716299999999933e+02
7.892217139343075587e+02,4.841716299999999933e+02
7.895456386310904691e+02,4.841716299999999933e+02
7.893853851468672929e+02,4.841716299999999933e+02
7.894833510130246168e+02,4.841716299999999933e+02
7.895490563594269133e+02,4.841716299999999933e+02
7.896793678343949523e+02,4.841716299999999933e+02
7.897127275719866475e+02,4.841716299999999933e+02
7.898107408104197020e+02,4.841716299999999933e+02
7.898763987845462680e+02,4.841716299999999933e+02
7.900717421784472663e+02,4.841716299999999933e+02
7.900400699971060021e+02,4.841716299999999933e+02
7.901381306078147873e+02,4.841716299999999933e+02
7.902037412096657363e+02,4.841716299999999933e+02
7.903343370005790121e+02,4.841716299999999933e+02
7.903674124222253567e+02,4.841716299999999933e+02
7.904655204052098725e+02,4.841716299999999933e+02
7.905310836347850909e+02,4.841716299999999933e+02
7.911203000000000429e+02,4.841716299999999933e+02
7.906947548473447114e+02,4.841716299999999933e+02
7.907929102026049577e+02,4.841716299999999933e+02
7.908584260599044455e+02,4.841716299999999933e+02
7.909893061667631855e+02,4.841716299999999933e+02
7.910220972724640660e+02,4.841716299999999933e+02
7.911203000000000429e+02,4.841716299999999933e+02
7.911857684850238002e+02,4.841716299999999933e+02
7.913824394553880666e+02,4.841716299999999933e+02
7.913494396975835343e+02,4.841716299999999933e+02
7.914476897973951282e+02,4.841716299999999933e+02
7.915131109101431548e+02,4.841716299999999933e+02
7.916442753329473589e+02,4.841716299999999933e+02
7.916767821227028890e+02,4.841716299999999933e+02
7.917750795947902134e+02,4.841716299999999933e+02
7.918404533352625094e+02,4.841716299999999933e+02
7.921700742459396452e+02,4.841716299999999933e+02
7.920041245478222436e+02,4.841716299999999933e+02
7.921024693921852986e+02,4.841716299999999933e+02
7.921677957603819777e+02,4.841716299999999933e+02
7.922992444991314187e+02,4.841716299999999933e+02
7.923314669729415982e+02,4.841716299999999933e+02
7.924298591895803838e+02,4.841716299999999933e+02
7.924951381855013324e+02,4.841716299999999933e+02
7.926931367323289805e+02,4.841716299999999933e+02
7.926588093980609528e+02,4.841716299999999933e+02
7.927572489869754691e+02,4.841716299999999933e+02
7.928224806106206870e+02,4.841716299999999933e+02
7.929542136653155922e+02,4.841716299999999933e+02
7.929861518231804212e+02,4.841716299999999933e+02
7.930846387843704406e+02,4.841716299999999933e+02
7.931498230357400416e+02,4.841716299999999933e+02
8.631282300000000305e+02,3.918097000000000207e+02
7.933134942482997758e+02,4.841716299999999933e+02
7.934120285817655258e+02,4.841716299999999933e+02
7.934771654608593963e+02,4.841716299999999933e+02
7.936091828314996519e+02,4.841716299999999933e+02
7.936408366734191304e+02,4.841716299999999933e+02
7.937394183791606110e+02,4.841716299999999933e+02
7.938045078859787509e+02,4.841716299999999933e+02
7.940038340092698945e+02,4.841716299999999933e+02
7.939681790985384851e+02,4.841716299999999933e+02
7.940668081765556963e+02,4.841716299999999933e+02
7.941318503110982192e+02,4.841716299999999933e+02
7.942641519976838254e+02,4.841716299999999933e+02
7.942955215236578397e+02,4.841716299999999933e+02
7.943941979739507815e+02,4.841716299999999933e+02
7.944591927362175738e+02,4.841716299999999933e+02
7.947945098607888212e+02,4.841716299999999933e+02
7.946228639487771943e+02,4.841716299999999933e+02
7.947215877713458667e+02,4.841716299999999933e+02
7.947865351613369285e+02,4.841716299999999933e+02
7.949191211638679988e+02,4.841716299999999933e+02
7.949502063738966626e+02,4.841716299999999933e+02
7.950489775687409519e+02,4.841716299999999933e+02
7.951138775864562831e+02,4.841716299999999933e+02
7.953145312862108085e+02,4.585765400000000227e+02
7.952775487990160173e+02,4.585765400000000227e+02
7.953763673661360372e+02,4.585765400000000227e+02
7.954412200115756377e+02,4.585765400000000227e+02
7.955740903300520586e+02,4.585765400000000227e+02
7.956048912241353719e+02,4.585765400000000227e+02
7.957037571635311224e+02,4.585765400000000227e+02
7.957685624366951060e+02,4.585765400000000227e+02
7.963813779069768088e+02,4.585765400000000227e+02
7.959322336492547265e+02,4.585765400000000227e+02
7.960311469609262076e+02,4.585765400000000227e+02
7.960959048618144607e+02,4.585765400000000227e+02
7.962290594962362320e+02,4.585765400000000227e+02
7.962595760743740811e+02,4.585765400000000227e+02
7.963585367583212928e+02,4.585765400000000227e+02
7.964232472869338153e+02,4.585765400000000227e+02
7.966252285631517225e+02,4.585765400000000227e+02
7.965869184994934358e+02,4.585765400000000227e+02
7.966859265557163781e+02,4.585765400000000227e+02
7.967505897120531699e+02,4.585765400000000227e+02
7.968840286624204055e+02,4.585765400000000227e+02
7.969142609246129041e+02,4.585765400000000227e+02
7.970133163531114633e+02,4.585765400000000227e+02
7.970779321371725246e+02,4.585765400000000227e+02
7.974189454756381110e+02,4.969739999999999895e+02
7.972416033497322587e+02,4.969739999999999895e+02
7.973407061505065485e+02,4.969739999999999895e+02
7.974052745622918792e+02,4.969739999999999895e+02
7.975389978286044652e+02,4.969739999999999895e+02
7.975689457748516134e+02,4.969739999999999895e+02
7.976680959479016337e+02,4.969739999999999895e+02
7.977326169874113475e+02,4.969739999999999895e+02
7.979359258400926365e+02,4.969739999999999895e+02
7.978962881999709680e+02,4.969739999999999895e+02
7.979954857452967190e+02,4.969739999999999895e+02
7.980599594125307021e+02,4.969739999999999895e+02
7.981939669947886387e+02,4.969739999999999895e+02
7.982236306250903226e+02,4.969739999999999895e+02
7.983228755426918042e+02,4.969739999999999895e+02
7.983873018376500568e+02,4.969739999999999895e+02
8.447699000000000069e+02,3.961250000000000000e+02
7.985509730502097909e+02,4.304911000000000172e+02
7.986502653400868894e+02,4.304911000000000172e+02
7.987146442627694114e+02,4.304911000000000172e+02
7.988489361609728121e+02,4.304911000000000172e+02
7.988783154753291456e+02,4.304911000000000172e+02
7.989776551374819746e+02,4.304911000000000172e+02
7.990419866878887660e+02,4.304911000000000172e+02
7.992466231170335504e+02,4.304911000000000172e+02
7.992056579004485002e+02,4.304911000000000172e+02
7.993050449348770599e+02,4.304911000000000172e+02
7.993693291130082343e+02,4.304911000000000172e+02
7.995039053271568719e+02,4.304911000000000172e+02
7.995330003255678548e+02,4.304911000000000172e+02
7.996324347322720314e+02,4.304911000000000172e+02
7.996966715381275890e+02,4.304911000000000172e+02
8.000433810904872871e+02,4.304911000000000172e+02
7.998603427506872094e+02,4.304911000000000172e+02
7.999598245296671166e+02,4.304911000000000172e+02
8.000240139632469436e+02,4.304911000000000172e+02
8.001588744933410453e+02,4.304911000000000172e+02
8.001876851758065641e+02,4.304911000000000172e+02
8.002872143270622018e+02,4.304911000000000172e+02
8.003513563883662982e+02,4.304911000000000172e+02
8.005573203939744644e+02,4.304911000000000172e+02
8.005150276009260324e+02,4.304911000000000172e+02
8.006146041244572871e+02,4.304911000000000172e+02
8.006786988134856529e+02,4.304911000000000172e+02
8.008138436595252188e+02,4.304911000000000172e+02
8.008423700260453870e+02,4.304911000000000172e+02
8.009419939218523723e+02,4.304911000000000172e+02
8.010060412386050075e+02,4.304911000000000172e+02
8.016424558139534611e+02,4.304911000000000172e+02
8.011697124511647417e+02,4.304911000000000172e+02
8.012693837192474575e+02,4.304911000000000172e+02
8.013333836637244758e+02,4.304911000000000172e+02
8.014688128257092785e+02,4.304911000000000172e+02
8.014970548762840963e+02,4.304911000000000172e+02
8.015967735166425427e+02,4.304911000000000172e+02
8.016607260888438304e+02,4.304911000000000172e+02
8.018680176709153784e+02,4.304911000000000172e+02
8.018243973014034509e+02,4.304911000000000172e+02
8.019241633140376280e+02,4.304911000000000172e+02
8.019880685139631851e+02,4.304911000000000172e+02
8.021237819918934520e+02,4.304911000000000172e+02
8.021517397265229192e+02,4.304911000000000172e+02
8.022515531114327132e+02,4.304911000000000172e+02
8.023154109390825397e+02,4.304911000000000172e+02
8.026678167053364632e+02,4.304911000000000172e+02
8.024790821516422739e+02,4.304911000000000172e+02
8.025789429088277984e+02,4.304911000000000172e+02
8.026427533642018943e+02,4.304911000000000172e+02
8.027787511580776254e+02,4.304911000000000172e+02
8.028064245767616285e+02,4.304911000000000172e+02
8.029063327062228836e+02,4.304911000000000172e+02
8.029700957893212490e+02,4.304911000000000172e+02
8.031787149478562924e+02,4.304911000000000172e+02
8.031337670018809831e+02,4.304911000000000172e+02
8.032337225036179689e+02,4.304911000000000172e+02
8.032974382144407173e+02,4.304911000000000172e+02
8.034337203242616852e+02,4.304911000000000172e+02
8.034611094270003377e+02,4.304911000000000172e+02
8.035611123010130541e+02,4.304911000000000172e+02
8.036247806395600719e+02,4.304911000000000172e+02
8.264917000000000371e+02,4.082656200000000126e+02
8.037884518521196924e+02,4.174728999999999814e+02
8.038885020984081393e+02,4.174728999999999814e+02
8.039521230646794265e+02,4.174728999999999814e+02
8.040886894904458586e+02,4.174728999999999814e+02
8.041157942772391607e+02,4.174728999999999814e+02
8.042158918958032245e+02,4.174728999999999814e+02
8.042794654897987812e+02,4.174728999999999814e+02
8.044894122247972064e+02,4.174728999999999814e+02
8.044431367023585153e+02,4.174728999999999814e+02
8.045432816931983098e+02,4.174728999999999814e+02
8.046068079149181358e+02,4.174728999999999814e+02
8.047436586566300321e+02,4.174728999999999814e+02
8.047704791274778700e+02,4.174728999999999814e+02
8.048706714905933950e+02,4.174728999999999814e+02
8.049341503400376041e+02,4.174728999999999814e+02
8.052922523201856393e+02,4.174728999999999814e+02
8.050978215525972246e+02,4.174728999999999814e+02
8.051980612879884802e+02,4.174728999999999814e+02
8.052614927651569587e+02,4.174728999999999814e+02
8.053986278228140918e+02,4.174728999999999814e+02
8.054251639777165792e+02,4.174728999999999814e+02
8.055254510853835654e+02,4.174728999999999814e+02
8.055888351902763134e+02,4.174728999999999814e+02
8.058001095017380067e+02,4.174728999999999814e+02
8.057525064028359338e+02,4.174728999999999814e+02
8.058528408827786507e+02,4.174728999999999814e+02
8.059161776153956680e+02,4.174728999999999814e+02
8.060535969889982653e+02,4.174728999999999814e+02
8.060798488279554022e+02,4.174728999999999814e+02
8.061802306801736222e+02,4.174728999999999814e+02
8.062435200405150226e+02,4.174728999999999814e+02
8.069035337209302270e+02,4.174728999999999814e+02
8.064071912530747568e+02,4.174728999999999814e+02
8.065076204775687074e+02,4.174728999999999814e+02
8.065708624656343773e+02,4.174728999999999814e+02
8.067085661551824387e+02,4.174728999999999814e+02
8.067345336781941114e+02,4.174728999999999814e+02
8.068350102749637927e+02,4.174728999999999814e+02
8.068982048907538456e+02,4.174728999999999814e+02
8.071108067786789206e+02,4.174728999999999814e+02
8.070618761033134660e+02,4.174728999999999814e+02
8.071624000723588779e+02,4.174728999999999814e+02
8.072255473158732002e+02,4.174728999999999814e+02
8.073635353213664985e+02,4.174728999999999814e+02
8.073892185284328207e+02,4.174728999999999814e+02
8.074897898697539631e+02,4.174728999999999814e+02
8.075528897409925548e+02,4.174728999999999814e+02
8.079166879350348154e+02,4.174728999999999814e+02
8.077165609535522890e+02,4.174728999999999814e+02
8.078171796671490483e+02,4.174728999999999814e+02
8.078802321661119095e+02,4.174728999999999814e+02
8.080185044875506719e+02,4.174728999999999814e+02
8.080439033786716436e+02,4.174728999999999814e+02
8.081445694645441336e+02,4.174728999999999814e+02
8.082075745912312641e+02,4.174728999999999814e+02
8.084215040556198346e+02,4.174728999999999814e+02
8.083712458037909983e+02,4.174728999999999814e+02
8.084719592619392188e+02,4.174728999999999814e+02
8.085349170163506187e+02,4.174728999999999814e+02
8.086734736537348454e+02,4.174728999999999814e+02
8.086985882289103529e+02,4.174728999999999814e+02
8.087993490593343040e+02,5.069402999999999793e+02
8.088622594414700870e+02,5.069402999999999793e+02
8.093799000000000206e+02,4.287484000000000037e+02
8.090259306540297075e+02,4.287484000000000037e+02
8.091267388567293892e+02,4.287484000000000037e+02
8.091896018665894417e+02,4.287484000000000037e+02
8.093284428199189051e+02,4.287484000000000037e+02
8.093532730791490621e+02,4.287484000000000037e+02
8.094541286541244745e+02,4.287484000000000037e+02
8.095169442917087963e+02,4.287484000000000037e+02
8.097322013325607486e+02,4.287484000000000037e+02
8.096806155042685305e+02,4.287484000000000037e+02
8.097815184515195597e+02,4.287484000000000037e+02
8.098442867168281509e+02,4.287484000000000037e+02
8.099834119861030786e+02,4.287484000000000037e+02
8.100079579293878851e+02,4.287484000000000037e+02
8.101089082489146449e+02,4.287484000000000037e+02
8.101716291419475056e+02,4.287484000000000037e+02
8.105411235498839915e+02,4.287484000000000037e+02
8.103353003545072397e+02,4.287484000000000037e+02
8.104362980463097301e+02,4.287484000000000037e+02
8.104989715670669739e+02,4.287484000000000037e+02
8.106383811522872520e+02,4.287484000000000037e+02
8.106626427796265943e+02,4.287484000000000037e+02
8.107636878437048154e+02,4.287484000000000037e+02
8.108263139921863285e+02,4.287484000000000037e+02
8.110428986095016626e+02,4.287484000000000037e+02
8.109899852047459490e+02,4.287484000000000037e+02
8.110910776410999006e+02,4.287484000000000037e+02
8.111536564173056831e+02,4.287484000000000037e+02
8.112933503184713118e+02,4.287484000000000037e+02
8.113173276298654173e+02,4.287484000000000037e+02
8.114184674384949858e+02,4.287484000000000037e+02
8.114809988424250378e+02,4.287484000000000037e+02
8.121646116279069929e+02,4.287484000000000037e+02
8.116446700549847719e+02,4.287484000000000037e+02
8.117458572358900710e+02,4.287484000000000037e+02
8.118083412675443924e+02,4.287484000000000037e+02
8.119483194846554852e+02,4.287484000000000037e+02
8.119720124801041266e+02,4.287484000000000037e+02
8.120732470332851562e+02,4.287484000000000037e+02
8.121356836926637470e+02,4.287484000000000037e+02
8.123535958864425766e+02,4.287484000000000037e+02
8.122993549052234812e+02,4.287484000000000037e+02
8.124006368306802415e+02,4.287484000000000037e+02
8.124630261177832153e+02,4.287484000000000037e+02
8.126032886508396587e+02,4.287484000000000037e+02
8.126266973303428358e+02,4.287484000000000037e+02
8.127280266280753267e+02,4.287484000000000037e+02
8.127903685429025700e+02,4.287484000000000037e+02
8.131655591647331676e+02,4.287484000000000037e+02
8.129540397554621904e+02,4.287484000000000037e+02
8.130554164254702982e+02,4.287484000000000037e+02
8.131177109680219246e+02,4.287484000000000037e+02
8.132582578170237184e+02,4.287484000000000037e+02
8.132813821805816588e+02,4.287484000000000037e+02
8.133828062228653835e+02,4.287484000000000037e+02
8.134450533931412792e+02,4.287484000000000037e+02
8.136642931633834905e+02,4.287484000000000037e+02
8.136087246057010134e+02,4.287484000000000037e+02
8.137101960202604687e+02,4.287484000000000037e+02
8.137723958182606339e+02,4.287484000000000037e+02
8.139132269832078919e+02,4.287484000000000037e+02
8.139360670308203680e+02,4.287484000000000037e+02
8.140375858176555539e+02,4.287484000000000037e+02
8.140997382433801022e+02,4.287484000000000037e+02
7.956858499999999594e+02,4.585765400000000227e+02
8.142634094559397226e+02,4.287484000000000037e+02
8.143649756150506391e+02,4.287484000000000037e+02
8.144270806684994568e+02,4.287484000000000037e+02
8.145681961493920653e+02,4.287484000000000037e+02
8.145907518810590773e+02,4.287484000000000037e+02
8.146923654124457244e+02,4.287484000000000037e+02
8.147544230936188114e+02,4.287484000000000037e+02
8.149749904403244045e+02,4.287484000000000037e+02
8.149180943061784319e+02,4.287484000000000037e+02
8.150197552098408096e+02,4.287484000000000037e+02
8.150817655187381661e+02,4.287484000000000037e+02
8.152231653155761251e+02,4.287484000000000037e+02
8.152454367312979002e+02,4.287484000000000037e+02
8.153471450072358948e+02,4.287484000000000037e+02
8.154091079438575207e+02,4.287484000000000037e+02
8.157899947795823437e+02,4.287484000000000037e+02
8.155727791564172549e+02,4.287484000000000037e+02
8.156745348046309800e+02,4.287484000000000037e+02
8.157364503689768753e+02,4.287484000000000037e+02
8.158781344817602985e+02,4.287484000000000037e+02
8.159001215815366095e+02,4.287484000000000037e+02
8.160019246020260653e+02,4.287484000000000037e+02
8.160637927940963436e+02,4.287484000000000037e+02
8.162856877172653185e+02,4.287484000000000037e+02
8.162274640066559641e+02,4.287484000000000037e+02
8.163293143994211505e+02,4.287484000000000037e+02
8.163911352192156983e+02,4.287484000000000037e+02
8.165331036479443583e+02,4.287484000000000037e+02
8.165548064317753187e+02,4.287484000000000037e+02
8.166567041968162357e+02,4.287484000000000037e+02
8.167184776443350529e+02,4.287484000000000037e+02
8.174256895348837588e+02,4.287484000000000037e+02
8.168821488568947871e+02,4.287484000000000037e+02
8.169840939942113209e+02,4.287484000000000037e+02
8.170458200694544075e+02,4.287484000000000037e+02
8.171880728141285317e+02,4.287484000000000037e+02
8.172094912820141417e+02,4.287484000000000037e+02
8.173114837916064062e+02,4.287484000000000037e+02
8.173731624945737622e+02,4.287484000000000037e+02
8.175963849942062325e+02,4.287484000000000037e+02
8.175368337071334963e+02,4.287484000000000037e+02
8.176388735890014914e+02,4.287484000000000037e+02
8.177005049196931168e+02,4.287484000000000037e+02
8.178430419803127052e+02,4.287484000000000037e+02
8.178641761322528509e+02,4.287484000000000037e+02
8.179662633863965766e+02,4.287484000000000037e+02
8.180278473448125851e+02,4.287484000000000037e+02
8.184144303944315197e+02,4.287484000000000037e+02
8.181915185573722056e+02,4.287484000000000037e+02
8.182936531837916618e+02,4.287484000000000037e+02
8.183551897699319397e+02,4.287484000000000037e+02
8.184980111464967649e+02,4.287484000000000037e+02
8.185188609824915602e+02,4.287484000000000037e+02
8.186210429811867471e+02,4.287484000000000037e+02
8.186825321950512944e+02,4.287484000000000037e+02
8.189070822711471465e+02,4.287484000000000037e+02
8.188462034076110285e+02,4.287484000000000037e+02
8.189484327785818323e+02,4.287484000000000037e+02
8.190098746201706490e+02,4.287484000000000037e+02
8.191529803126809384e+02,4.287484000000000037e+02
8.191735458327303832e+02,4.287484000000000037e+02
8.192758225759769175e+02,4.287484000000000037e+02
8.193372170452900036e+02,4.287484000000000037e+02
7.940503999999999678e+02,4.841716299999999933e+02
8.195008882578497378e+02,4.082656200000000126e+02
8.196032123733718890e+02,4.082656200000000126e+02
8.196645594704094719e+02,4.082656200000000126e+02
8.198079494788651118e+02,4.082656200000000126e+02
8.198282306829690924e+02,4.082656200000000126e+02
8.199306021707669743e+02,4.082656200000000126e+02
8.199919018955288266e+02,4.082656200000000126e+02
8.202177795480879468e+02,4.082656200000000126e+02
8.201555731080884470e+02,4.082656200000000126e+02
8.202579919681620595e+02,4.082656200000000126e+02
8.203192443206481812e+02,4.082656200000000126e+02
8.204629186450491716e+02,4.082656200000000126e+02
8.204829155332078017e+02,4.082656200000000126e+02
8.205853817655571447e+02,4.082656200000000126e+02
8.206465867457675358e+02,4.082656200000000126e+02
8.210388660092806958e+02,4.082656200000000126e+02
8.208102579583272700e+02,4.082656200000000126e+02
8.209127715629522299e+02,4.082656200000000126e+02
8.209739291708868905e+02,4.082656200000000126e+02
8.211178878112333450e+02,4.082656200000000126e+02
8.211376003834466246e+02,4.082656200000000126e+02
8.212401613603473152e+02,4.082656200000000126e+02
8.213012715960062451e+02,4.082656200000000126e+02
8.215284768250288607e+02,4.082656200000000126e+02
8.214649428085659792e+02,4.082656200000000126e+02
8.215675511577424004e+02,4.082656200000000126e+02
8.216286140211257134e+02,4.082656200000000126e+02
8.217728569774175185e+02,4.082656200000000126e+02
8.217922852336853339e+02,4.082656200000000126e+02
8.218949409551374856e+02,4.082656200000000126e+02
8.219559564462450680e+02,4.082656200000000126e+02
8.226867674418605247e+02,4.082656200000000126e+02
8.221196276588046885e+02,4.082656200000000126e+02
8.222223307525325708e+02,4.082656200000000126e+02
8.222832988713644227e+02,4.082656200000000126e+02
8.224278261436015782e+02,4.082656200000000126e+02
8.224469700839241568e+02,4.082656200000000126e+02
8.225497205499276561e+02,4.082656200000000126e+02
8.226106412964837773e+02,4.082656200000000126e+02
8.228391741019697747e+02,4.082656200000000126e+02
8.227743125090435115e+02,4.082656200000000126e+02
8.228771103473227413e+02,4.082656200000000126e+02
8.229379837216031319e+02,4.082656200000000126e+02
8.230827953097857517e+02,4.082656200000000126e+02
8.231016549341628661e+02,4.082656200000000126e+02
8.232045001447178265e+02,4.082656200000000126e+02
8.232653261467226002e+02,4.082656200000000126e+02
8.236633016241299856e+02,4.082656200000000126e+02
8.234289973592822207e+02,4.082656200000000126e+02
8.235318899421129117e+02,4.082656200000000126e+02
8.235926685718419549e+02,4.082656200000000126e+02
8.237377644759699251e+02,4.082656200000000126e+02
8.237563397844015753e+02,4.082656200000000126e+02
8.238592797395079970e+02,4.082656200000000126e+02
8.239200109969613095e+02,4.082656200000000126e+02
8.241498713789106887e+02,4.082656200000000126e+02
8.240836822095209300e+02,4.082656200000000126e+02
8.241866695369030822e+02,4.082656200000000126e+02
8.242473534220806641e+02,4.082656200000000126e+02
8.243927336421539849e+02,4.082656200000000126e+02
8.244110246346403983e+02,4.082656200000000126e+02
8.245140593342981674e+02,4.082656200000000126e+02
8.245746958472000188e+02,4.082656200000000126e+02
7.976417000000000144e+02,4.969739999999999895e+02
8.247383670597597529e+02,4.082656200000000126e+02
8.248414491316932526e+02,4.082656200000000126e+02
8.249020382723193734e+02,4.082656200000000126e+02
8.250477028083381583e+02,4.082656200000000126e+02
8.250657094848791075e+02,4.082656200000000126e+02
8.251688389290883379e+02,4.082656200000000126e+02
8.252293806974388417e+02,4.082656200000000126e+02
8.254605686558516027e+02,4.082656200000000126e+02
8.253930519099984622e+02,4.082656200000000126e+02
8.254962287264834231e+02,4.082656200000000126e+02
8.255567231225581963e+02,4.082656200000000126e+02
8.257026719745223318e+02,4.082656200000000126e+02
8.257203943351178168e+02,4.082656200000000126e+02
8.258236185238785083e+02,4.082656200000000126e+02
8.258840655476775510e+02,4.082656200000000126e+02
8.262877372389791617e+02,4.082656200000000126e+02
8.260477367602372851e+02,4.082656200000000126e+02
8.261510083212734799e+02,4.082656200000000126e+02
8.262114079727969056e+02,4.082656200000000126e+02
8.263576411407063915e+02,4.082656200000000126e+02
8.263750791853566398e+02,4.082656200000000126e+02
8.264783981186685651e+02,4.082656200000000126e+02
8.265387503979162602e+02,4.082656200000000126e+02
8.267712659327925167e+02,4.082656200000000126e+02
8.267024216104759944e+02,4.082656200000000126e+02
8.268057879160636503e+02,4.082656200000000126e+02
8.268660928230356149e+02,4.082656200000000126e+02
8.270126103068905650e+02,4.082656200000000126e+02
8.270297640355953490e+02,4.082656200000000126e+02
8.271331777134587355e+02,4.082656200000000126e+02
8.271934352481550832e+02,4.082656200000000126e+02
8.279478453488371770e+02,4.082656200000000126e+02
8.273571064607147036e+02,4.082656200000000126e+02
8.274605675108538207e+02,4.082656200000000126e+02
8.275207776732744378e+02,4.082656200000000126e+02
8.276675794730747384e+02,4.082656200000000126e+02
8.276844488858340583e+02,4.082656200000000126e+02
8.277879573082489060e+02,4.082656200000000126e+02
8.278481200983937924e+02,4.082656200000000126e+02
8.280819632097334306e+02,4.082656200000000126e+02
8.280117913109535266e+02,4.082656200000000126e+02
8.281153471056439912e+02,4.082656200000000126e+02
8.281754625235131471e+02,4.082656200000000126e+02
8.283225486392587982e+02,4.082656200000000126e+02
8.283391337360728812e+02,4.082656200000000126e+02
8.284427369030390764e+02,4.082656200000000126e+02
8.285028049486325017e+02,4.082656200000000126e+02
8.289121728538283378e+02,4.082656200000000126e+02
8.286664761611922358e+02,4.082656200000000126e+02
8.287701267004341616e+02,4.082656200000000126e+02
8.288301473737519700e+02,4.082656200000000126e+02
8.289775178054429716e+02,4.082656200000000126e+02
8.289938185863115905e+02,4.082656200000000126e+02
8.290975164978292469e+02,4.082656200000000126e+02
8.291574897988713246e+02,4.082656200000000126e+02
8.293926604866743446e+02,4.082656200000000126e+02
8.293211610114309451e+02,4.082656200000000126e+02
8.294249062952243321e+02,4.082656200000000126e+02
8.294848322239906793e+02,4.082656200000000126e+02
8.296324869716271451e+02,4.082656200000000126e+02
8.296485034365502997e+02,4.082656200000000126e+02
8.297522960926194173e+02,4.082656200000000126e+02
8.298121746491100339e+02,4.082656200000000126e+02
8.087565299999999979e+02,5.069402999999999793e+02
8.299758458616697681e+02,5.125426999999999680e+02
8.300796858900145025e+02,5.125426999999999680e+02
8.301395170742293885e+02,5.125426999999999680e+02
8.302874561378112048e+02,5.125426999999999680e+02
8.303031882867891227e+02,5.125426999999999680e+02
8.304070756874095878e+02,5.125426999999999680e+02
8.304668594993487432e+02,5.125426999999999680e+02
8.307033577636152586e+02,5.125426999999999680e+02
8.306305307119084773e+02,5.125426999999999680e+02
8.307344654848046730e+02,5.125426999999999680e+02
8.307942019244682115e+02,5.125426999999999680e+02
8.309424253039953783e+02,5.125426999999999680e+02
8.309578731370278319e+02,5.125426999999999680e+02
8.310618552821997582e+02,5.125426999999999680e+02
8.311215443495875661e+02,5.125426999999999680e+02
8.315366084686775139e+02,5.125426999999999680e+02
8.312852155621471866e+02,5.125426999999999680e+02
8.313892450795948434e+02,5.125426999999999680e+02
8.314488867747069207e+02,5.125426999999999680e+02
8.315973944701795517e+02,5.125426999999999680e+02
8.316125579872666549e+02,5.125426999999999680e+02
8.317166348769899287e+02,5.125426999999999680e+02
8.317762291998262754e+02,5.125426999999999680e+02
8.320140550405561726e+02,5.125426999999999680e+02
8.319399004123860095e+02,5.125426999999999680e+02
8.320440246743850139e+02,5.125426999999999680e+02
8.321035716249456300e+02,5.125426999999999680e+02
8.322523636363636115e+02,5.125426999999999680e+02
8.322672428375053642e+02,5.125426999999999680e+02
8.323714144717800991e+02,5.125426999999999680e+02
8.324309140500650983e+02,5.125426999999999680e+02
8.332089232558139429e+02,5.125426999999999680e+02
8.325945852626247188e+02,5.125426999999999680e+02
8.326988042691751843e+02,5.125426999999999680e+02
8.327582564751844529e+02,5.125426999999999680e+02
8.329073328025477849e+02,5.125426999999999680e+02
8.329219276877440734e+02,5.125426999999999680e+02
8.330261940665701559e+02,5.125426999999999680e+02
8.330855989003038076e+02,5.125426999999999680e+02
8.333247523174970866e+02,5.125426999999999680e+02
8.332492701128634280e+02,5.125426999999999680e+02
8.333535838639652411e+02,5.125426999999999680e+02
8.334129413254231622e+02,5.125426999999999680e+02
8.335623019687319584e+02,5.125426999999999680e+02
8.335766125379828964e+02,5.125426999999999680e+02
8.336809736613603263e+02,5.125426999999999680e+02
8.337402837505425168e+02,5.125426999999999680e+02
8.341610440835266900e+02,5.125426999999999680e+02
8.339039549631022510e+02,5.125426999999999680e+02
8.340083634587554116e+02,5.125426999999999680e+02
8.340676261756618715e+02,5.125426999999999680e+02
8.342172711349160181e+02,5.125426999999999680e+02
8.342312973882216056e+02,5.125426999999999680e+02
8.343357532561504968e+02,5.125426999999999680e+02
8.343949686007813398e+02,5.125426999999999680e+02
8.346354495944378868e+02,5.125426999999999680e+02
8.345586398133409602e+02,5.125426999999999680e+02
8.346631430535455820e+02,5.125426999999999680e+02
8.347223110259006944e+02,5.125426999999999680e+02
8.348722403011001916e+02,5.125426999999999680e+02
8.348859822384603149e+02,5.125426999999999680e+02
8.349905328509406672e+02,5.125426999999999680e+02
8.350496534510200490e+02,5.125426999999999680e+02
8.328150000000000546e+02,5.125426999999999680e+02
8.352133246635797832e+02,5.125426999999999680e+02
8.353179226483357525e+02,5.125426999999999680e+02
8.353769958761394037e+02,5.125426999999999680e+02
8.355272094672842513e+02,5.125426999999999680e+02
8.355406670886991378e+02,5.125426999999999680e+02
8.356453124457308377e+02,5.125426999999999680e+02
8.357043383012587583e+02,5.125426999999999680e+02
8.359461468713788008e+02,5.125426999999999680e+02
8.358680095138184925e+02,5.125426999999999680e+02
8.359727022431259229e+02,5.125426999999999680e+02
8.360316807263781129e+02,5.125426999999999680e+02
8.361821786334684248e+02,5.125426999999999680e+02
8.361953519389378471e+02,5.125426999999999680e+02
8.363000920405210081e+02,5.125426999999999680e+02
8.363590231514975812e+02,5.125426999999999680e+02
8.367854796983758661e+02,5.125426999999999680e+02
8.365226943640572017e+02,5.125426999999999680e+02
8.366274818379160934e+02,5.125426999999999680e+02
8.366863655766169359e+02,5.125426999999999680e+02
8.368371477996525982e+02,5.125426999999999680e+02
8.368500367891765563e+02,5.125426999999999680e+02
8.369548716353111786e+02,5.125426999999999680e+02
8.370137080017362905e+02,5.125426999999999680e+02
8.372568441483197148e+02,5.125426999999999680e+02
8.371773792142960247e+02,5.125426999999999680e+02
8.372822614327062638e+02,5.125426999999999680e+02
8.373410504268556451e+02,5.125426999999999680e+02
8.374921169658366580e+02,5.125426999999999680e+02
8.375047216394153793e+02,5.125426999999999680e+02
8.376096512301013490e+02,5.125426999999999680e+02
8.376683928519749998e+02,5.125426999999999680e+02
8.384700011627907088e+02,5.125426999999999680e+02
8.378320640645347339e+02,5.125426999999999680e+02
8.379370410274964343e+02,5.125426999999999680e+02
8.379957352770944681e+02,5.125426999999999680e+02
8.381470861320208314e+02,5.125426999999999680e+02
8.381594064896540885e+02,5.125426999999999680e+02
8.382644308248915195e+02,5.125426999999999680e+02
8.383230777022138227e+02,5.125426999999999680e+02
8.385675414252606288e+02,5.125426999999999680e+02
8.384867489147734432e+02,5.125426999999999680e+02
8.385918206222866047e+02,5.125426999999999680e+02
8.386504201273331773e+02,5.125426999999999680e+02
8.388020552982050049e+02,5.125426999999999680e+02
8.388140913398927978e+02,5.125426999999999680e+02
8.389192104196816899e+02,5.125426999999999680e+02
8.389777625524525320e+02,5.125426999999999680e+02
8.394099153132250422e+02,5.125426999999999680e+02
8.391414337650122661e+02,5.125426999999999680e+02
8.392466002170767752e+02,5.125426999999999680e+02
8.393051049775718866e+02,5.125426999999999680e+02
8.394570244643890646e+02,5.125426999999999680e+02
8.394687761901316208e+02,5.125426999999999680e+02
8.395739900144717467e+02,5.125426999999999680e+02
8.396324474026912412e+02,5.125426999999999680e+02
8.398782387022015428e+02,5.125426999999999680e+02
8.397961186152509754e+02,5.125426999999999680e+02
8.399013798118668319e+02,5.125426999999999680e+02
8.399597898278107095e+02,5.125426999999999680e+02
8.401119936305732381e+02,5.125426999999999680e+02
8.401234610403703300e+02,5.125426999999999680e+02
8.402287696092619171e+02,5.125426999999999680e+02
8.402871322529300642e+02,5.125426999999999680e+02
8.543125999999999749e+02,5.071614999999999895e+02
8.404508034654896846e+02,3.961250000000000000e+02
8.405561594066570024e+02,3.961250000000000000e+02
8.406144746780494188e+02,3.961250000000000000e+02
8.407669627967574115e+02,3.961250000000000000e+02
8.407781458906091530e+02,3.961250000000000000e+02
8.408835492040520876e+02,3.961250000000000000e+02
8.409418171031687734e+02,3.961250000000000000e+02
8.411889359791424567e+02,3.961250000000000000e+02
8.411054883157285076e+02,3.961250000000000000e+02
8.412109390014471728e+02,3.961250000000000000e+02
8.412691595282881281e+02,3.961250000000000000e+02
8.414219319629414713e+02,3.961250000000000000e+02
8.414328307408478622e+02,3.961250000000000000e+02
8.415383287988422580e+02,3.961250000000000000e+02
8.415965019534074827e+02,3.961250000000000000e+02
8.420343509280742182e+02,3.961250000000000000e+02
8.417601731659672168e+02,3.961250000000000000e+02
8.418657185962373433e+02,3.961250000000000000e+02
8.419238443785269510e+02,3.961250000000000000e+02
8.420769011291256447e+02,3.961250000000000000e+02
8.420875155910865715e+02,3.961250000000000000e+02
8.421931083936324285e+02,3.961250000000000000e+02
8.422511868036463056e+02,3.961250000000000000e+02
8.424996332560833707e+02,3.961250000000000000e+02
8.424148580162059261e+02,3.961250000000000000e+02
8.425204981910275137e+02,3.961250000000000000e+02
8.425785292287656603e+02,3.961250000000000000e+02
8.427318702953098182e+02,3.961250000000000000e+02
8.427422004413253944e+02,3.961250000000000000e+02
8.428478879884225989e+02,3.961250000000000000e+02
8.429058716538850149e+02,3.961250000000000000e+02
8.437310790697674747e+02,3.961250000000000000e+02
8.430695428664447491e+02,3.961250000000000000e+02
8.431752777858176842e+02,3.961250000000000000e+02
8.432332140790043695e+02,3.961250000000000000e+02
8.433868394614938779e+02,3.961250000000000000e+02
8.433968852915641037e+02,3.961250000000000000e+02
8.435026675832127694e+02,3.961250000000000000e+02
8.435605565041238378e+02,3.961250000000000000e+02
8.438103305330242847e+02,3.961250000000000000e+02
8.437242277166834583e+02,3.961250000000000000e+02
8.438300573806078546e+02,3.961250000000000000e+02
8.438878989292431925e+02,3.961250000000000000e+02
8.440418086276780514e+02,3.961250000000000000e+02
8.440515701418028129e+02,3.961250000000000000e+02
8.441574471780029398e+02,3.961250000000000000e+02
8.442152413543625471e+02,3.961250000000000000e+02
8.446587865429233943e+02,3.961250000000000000e+02
8.443789125669222813e+02,3.961250000000000000e+02
8.444848369753980251e+02,3.961250000000000000e+02
8.445425837794819017e+02,3.961250000000000000e+02
8.446967777938622248e+02,3.961250000000000000e+02
8.447062549920416359e+02,3.961250000000000000e+02
8.448122267727931103e+02,3.961250000000000000e+02
8.448699262046012564e+02,3.961250000000000000e+02
8.451210278099651987e+02,3.961250000000000000e+02
8.450335974171609905e+02,3.961250000000000000e+02
8.451396165701881955e+02,3.961250000000000000e+02
8.451972686297206110e+02,3.961250000000000000e+02
8.453517469600462846e+02,3.961250000000000000e+02
8.453609398422803451e+02,3.961250000000000000e+02
8.454670063675832807e+02,3.961250000000000000e+02
8.455246110548400793e+02,3.961250000000000000e+02
8.758577999999999975e+02,4.883906200000000126e+02
8.456882822673996998e+02,3.961250000000000000e+02
8.457943961649783660e+02,3.961250000000000000e+02
8.458519534799594339e+02,3.961250000000000000e+02
8.460067161262304580e+02,3.961250000000000000e+02
8.460156246925190544e+02,3.961250000000000000e+02
8.461217859623733375e+02,3.961250000000000000e+02
8.461792959050787886e+02,3.961250000000000000e+02
8.464317250869061127e+02,3.961250000000000000e+02
8.463429671176385227e+02,3.961250000000000000e+02
8.464491757597684227e+02,3.961250000000000000e+02
8.465066383301981432e+02,3.961250000000000000e+02
8.466616852924146315e+02,3.961250000000000000e+02
8.466703095427578774e+02,3.961250000000000000e+02
8.467765655571635079e+02,3.961250000000000000e+02
8.468339807553174978e+02,3.961250000000000000e+02
8.472832221577726841e+02,3.961250000000000000e+02
8.469976519678772320e+02,3.961250000000000000e+02
8.471039553545585932e+02,3.961250000000000000e+02
8.471613231804369661e+02,3.961250000000000000e+02
8.473166544585986912e+02,3.961250000000000000e+02
8.473249943929965866e+02,3.961250000000000000e+02
8.474313451519536784e+02,3.961250000000000000e+02
8.474886656055563208e+02,3.961250000000000000e+02
8.477424223638470266e+02,3.961250000000000000e+02
8.476523368181159412e+02,3.961250000000000000e+02
8.477587349493487636e+02,3.961250000000000000e+02
8.478160080306756754e+02,3.961250000000000000e+02
8.479716236247828647e+02,3.961250000000000000e+02
8.479796792432352959e+02,3.961250000000000000e+02
8.480861247467438488e+02,3.961250000000000000e+02
8.481433504557950300e+02,3.961250000000000000e+02
8.489921569767442406e+02,3.961250000000000000e+02
8.483070216683547642e+02,3.961250000000000000e+02
8.484135145441389341e+02,3.961250000000000000e+02
8.484706928809143847e+02,3.961250000000000000e+02
8.486265927909670381e+02,3.961250000000000000e+02
8.486343640934741188e+02,3.961250000000000000e+02
8.487409043415340193e+02,3.961250000000000000e+02
8.487980353060337393e+02,3.961250000000000000e+02
8.490531196407879406e+02,3.961250000000000000e+02
8.489617065185934734e+02,3.961250000000000000e+02
8.490682941389291045e+02,3.961250000000000000e+02
8.491253777311532076e+02,3.961250000000000000e+02
8.492815619571510979e+02,3.961250000000000000e+02
8.492890489437128281e+02,3.961250000000000000e+02
8.493956839363241897e+02,3.961250000000000000e+02
8.494527201562725622e+02,3.961250000000000000e+02
8.499076577726218602e+02,3.961250000000000000e+02
8.496163913688321827e+02,3.961250000000000000e+02
8.497230737337192750e+02,3.961250000000000000e+02
8.497800625813919169e+02,3.961250000000000000e+02
8.499365311233352713e+02,3.961250000000000000e+02
8.499437337939516510e+02,3.961250000000000000e+02
8.500504635311143602e+02,3.961250000000000000e+02
8.501074050065112715e+02,3.961250000000000000e+02
8.503638169177287409e+02,3.961250000000000000e+02
8.502710762190710057e+02,3.961250000000000000e+02
8.503778533285094454e+02,3.961250000000000000e+02
8.504347474316306261e+02,3.961250000000000000e+02
8.505915002895194448e+02,3.961250000000000000e+02
8.505984186441903603e+02,3.961250000000000000e+02
8.507052431259045306e+02,3.961250000000000000e+02
8.507620898567499808e+02,3.961250000000000000e+02
8.989905400000000100e+02,4.480450399999999718e+02
8.509257610693097149e+02,5.071614999999999895e+02
8.510326329232996159e+02,5.071614999999999895e+02
8.510894322818694491e+02,5.071614999999999895e+02
8.512464694557035045e+02,5.071614999999999895e+02
8.512531034944290695e+02,5.071614999999999895e+02
8.513600227206947011e+02,5.071614999999999895e+02
8.514167747069888037e+02,5.071614999999999895e+02
8.516745141946696549e+02,5.071614999999999895e+02
8.515804459195484242e+02,5.071614999999999895e+02
8.516874125180897863e+02,5.071614999999999895e+02
8.517441171321081583e+02,5.071614999999999895e+02
8.519014386218876780e+02,5.071614999999999895e+02
8.519077883446678925e+02,5.071614999999999895e+02
8.520148023154848715e+02,5.071614999999999895e+02
8.520714595572275130e+02,5.071614999999999895e+02
8.525320933874710363e+02,5.071614999999999895e+02
8.522351307697872471e+02,5.071614999999999895e+02
8.523421921128799568e+02,5.071614999999999895e+02
8.523988019823468676e+02,5.071614999999999895e+02
8.525564077880718514e+02,5.071614999999999895e+02
8.525624731949066017e+02,5.071614999999999895e+02
8.526695819102749283e+02,5.071614999999999895e+02
8.527261444074663359e+02,5.071614999999999895e+02
8.529852114716105689e+02,5.071614999999999895e+02
8.528898156200259564e+02,5.071614999999999895e+02
8.529969717076700135e+02,5.071614999999999895e+02
8.530534868325856905e+02,5.071614999999999895e+02
8.532113769542559112e+02,5.071614999999999895e+02
8.532171580451453110e+02,5.071614999999999895e+02
8.533243615050650988e+02,5.071614999999999895e+02
8.533808292577050452e+02,5.071614999999999895e+02
8.542532348837210066e+02,5.071614999999999895e+02
8.535445004702646656e+02,5.071614999999999895e+02
8.536517513024601840e+02,5.071614999999999895e+02
8.537081716828243998e+02,5.071614999999999895e+02
8.538663461204400846e+02,5.071614999999999895e+02
8.538718428953841340e+02,5.071614999999999895e+02
8.539791410998552692e+02,5.071614999999999895e+02
8.540355141079437544e+02,5.071614999999999895e+02
8.542959087485514829e+02,5.071614999999999895e+02
8.541991853205034886e+02,5.071614999999999895e+02
8.543065308972503544e+02,5.071614999999999895e+02
8.543628565330631091e+02,5.071614999999999895e+02
8.545213152866242581e+02,5.071614999999999895e+02
8.545265277456228432e+02,5.071614999999999895e+02
8.546339206946454397e+02,5.071614999999999895e+02
8.546901989581825774e+02,5.071614999999999895e+02
8.551565290023202124e+02,5.071614999999999895e+02
8.548538701707421978e+02,5.071614999999999895e+02
8.549613104920405249e+02,5.071614999999999895e+02
8.550175413833019320e+02,5.071614999999999895e+02
8.551762844528083178e+02,5.071614999999999895e+02
8.551812125958615525e+02,5.071614999999999895e+02
8.552887002894356101e+02,5.071614999999999895e+02
8.553448838084212866e+02,5.071614999999999895e+02
8.556066060254923968e+02,5.071614999999999895e+02
8.555085550209810208e+02,5.071614999999999895e+02
8.556160900868306953e+02,5.071614999999999895e+02
8.556722262335406413e+02,5.071614999999999895e+02
8.558312536189924913e+02,5.071614999999999895e+02
8.558358974461003754e+02,5.071614999999999895e+02
8.559434798842257806e+02,5.071614999999999895e+02
8.559995686586599959e+02,5.071614999999999895e+02
9.091101700000000392e+02,4.030475000000000136e+02
8.561632398712197300e+02,3.918097000000000207e+02
8.562708696816208658e+02,3.918097000000000207e+02
8.563269110837794642e+02,3.918097000000000207e+02
8.564862227851766647e+02,3.918097000000000207e+02
8.564905822963390847e+02,3.918097000000000207e+02
8.565982594790159510e+02,3.918097000000000207e+02
8.566542535088988188e+02,3.918097000000000207e+02
8.569173033024333108e+02,3.918097000000000207e+02
8.568179247214584393e+02,3.918097000000000207e+02
8.569256492764110362e+02,3.918097000000000207e+02
8.569815959340181735e+02,3.918097000000000207e+02
8.571411919513607245e+02,3.918097000000000207e+02
8.571452671465777939e+02,3.918097000000000207e+02
8.572530390738061215e+02,3.918097000000000207e+02
8.573089383591375281e+02,3.918097000000000207e+02
8.577809646171693885e+02,3.918097000000000207e+02
8.574726095716972623e+02,3.918097000000000207e+02
8.575804288712012067e+02,3.918097000000000207e+02
8.576362807842568827e+02,3.918097000000000207e+02
8.577961611175448979e+02,3.918097000000000207e+02
8.577999519968166169e+02,3.918097000000000207e+02
8.579078186685962919e+02,3.918097000000000207e+02
8.579636232093762374e+02,3.918097000000000207e+02
8.582280005793742248e+02,3.918097000000000207e+02
8.581272944219359715e+02,3.918097000000000207e+02
8.582352084659913771e+02,3.918097000000000207e+02
8.582909656344957057e+02,3.918097000000000207e+02
8.584511302837289577e+02,3.918097000000000207e+02
8.584546368470553261e+02,3.918097000000000207e+02
8.585625982633864623e+02,3.918097000000000207e+02
8.586183080596150603e+02,3.918097000000000207e+02
8.595143127906976588e+02,3.918097000000000207e+02
8.587819792721746808e+02,3.918097000000000207e+02
8.588899880607815476e+02,3.918097000000000207e+02
8.589456504847344149e+02,3.918097000000000207e+02
8.591060994499131311e+02,3.918097000000000207e+02
8.591093216972941491e+02,3.918097000000000207e+02
8.592173778581766328e+02,3.918097000000000207e+02
8.592729929098537696e+02,3.918097000000000207e+02
8.595386978563151388e+02,3.918097000000000207e+02
8.594366641224135037e+02,3.918097000000000207e+02
8.595447676555716043e+02,3.918097000000000207e+02
8.596003353349731242e+02,3.918097000000000207e+02
8.597610686160973046e+02,3.918097000000000207e+02
8.597640065475328583e+02,3.918097000000000207e+02
8.598721574529666896e+02,3.918097000000000207e+02
8.599276777600924788e+02,3.918097000000000207e+02
8.604054002320185646e+02,3.918097000000000207e+02
8.600913489726522130e+02,3.918097000000000207e+02
8.601995472503617748e+02,3.918097000000000207e+02
8.602550201852119471e+02,3.918097000000000207e+02
8.604160377822813643e+02,3.918097000000000207e+02
8.604186913977715676e+02,3.918097000000000207e+02
8.605269370477568600e+02,3.918097000000000207e+02
8.605823626103313018e+02,3.918097000000000207e+02
8.608493951332560528e+02,3.918097000000000207e+02
8.607460338228909222e+02,3.918097000000000207e+02
8.608543268451519452e+02,3.918097000000000207e+02
8.609097050354506564e+02,3.918097000000000207e+02
8.610710069484655378e+02,3.918097000000000207e+02
8.610733762480103906e+02,3.918097000000000207e+02
8.611817166425470305e+02,3.918097000000000207e+02
8.612370474605700110e+02,3.918097000000000207e+02
9.149963400000000320e+02,3.612701400000000262e+02
8.614007186731297452e+02,3.918097000000000207e+02
8.615091064399421157e+02,3.918097000000000207e+02
8.615643898856893657e+02,3.918097000000000207e+02
8.617259761146497112e+02,3.918097000000000207e+02
8.617280610982490998e+02,3.918097000000000207e+02
8.618364962373372009e+02,3.918097000000000207e+02
8.618917323108088340e+02,3.918097000000000207e+02
8.621600924101969667e+02,3.918097000000000207e+02
8.620554035233684544e+02,3.918097000000000207e+02
8.621638860347322861e+02,3.918097000000000207e+02
8.622190747359281886e+02,3.918097000000000207e+02
8.623809452808337710e+02,3.918097000000000207e+02
8.623827459484878091e+02,3.918097000000000207e+02
8.624912758321273714e+02,3.918097000000000207e+02
8.625464171610475432e+02,3.918097000000000207e+02
8.630298358468677407e+02,3.918097000000000207e+02
8.627100883736071637e+02,3.918097000000000207e+02
8.628186656295224566e+02,3.918097000000000207e+02
8.628737595861668979e+02,3.918097000000000207e+02
8.630359144470179444e+02,3.918097000000000207e+02
8.630374307987266320e+02,3.918097000000000207e+02
8.631460554269175418e+02,3.918097000000000207e+02
8.632011020112862525e+02,3.918097000000000207e+02
8.634707896871378807e+02,3.918097000000000207e+02
8.633647732238459866e+02,3.918097000000000207e+02
8.634734452243126270e+02,3.918097000000000207e+02
8.635284444364056071e+02,3.918097000000000207e+02
8.636908836132021179e+02,3.918097000000000207e+02
8.636921156489653413e+02,3.918097000000000207e+02
8.638008350217077123e+02,3.918097000000000207e+02
8.638557868615250754e+02,3.918097000000000207e+02
8.647753906976744247e+02,3.918097000000000207e+02
8.640194580740846959e+02,3.918097000000000207e+02
8.641282248191027975e+02,3.918097000000000207e+02
8.641831292866444301e+02,3.918097000000000207e+02
8.643458527793861776e+02,3.918097000000000207e+02
8.643468004992040505e+02,3.918097000000000207e+02
8.644556146164978827e+02,3.918097000000000207e+02
8.645104717117637847e+02,3.918097000000000207e+02
8.647814869640786810e+02,3.918097000000000207e+02
8.646741429243235189e+02,3.918097000000000207e+02
8.647830044138929679e+02,3.918097000000000207e+02
8.648378141368831393e+02,3.918097000000000207e+02
8.650008219455703511e+02,3.918097000000000207e+02
8.650014853494428735e+02,3.918097000000000207e+02
8.651103942112880532e+02,3.918097000000000207e+02
8.651651565620024940e+02,3.918097000000000207e+02
8.656542714617169167e+02,3.918097000000000207e+02
8.653288277745622281e+02,3.918097000000000207e+02
8.654377840086831384e+02,3.918097000000000207e+02
8.654924989871219623e+02,3.918097000000000207e+02
8.656557911117545245e+02,3.918097000000000207e+02
8.656561701996815827e+02,3.918097000000000207e+02
8.657651738060782236e+02,3.918097000000000207e+02
8.658198414122413169e+02,3.918097000000000207e+02
8.660921842410195950e+02,3.918097000000000207e+02
8.659835126248009374e+02,3.918097000000000207e+02
8.660925636034731951e+02,3.918097000000000207e+02
8.661471838373606715e+02,3.918097000000000207e+02
8.663107602779385843e+02,3.918097000000000207e+02
8.663108550499202920e+02,3.918097000000000207e+02
8.664199534008682804e+02,3.918097000000000207e+02
8.664745262624800262e+02,3.918097000000000207e+02
9.181991600000000062e+02,3.327953999999999724e+02
8.666381974750397603e+02,4.883906200000000126e+02
8.667473431982633656e+02,4.883906200000000126e+02
8.668018686875993808e+02,4.883906200000000126e+02
8.669657294441227577e+02,4.883906200000000126e+02
8.669655399001591149e+02,4.883906200000000126e+02
8.670747329956584508e+02,4.883906200000000126e+02
8.671292111127187354e+02,4.883906200000000126e+02
8.674028815179605090e+02,4.883906200000000126e+02
8.672928823252784696e+02,4.883906200000000126e+02
8.674021227930535360e+02,4.883906200000000126e+02
8.674565535378382037e+02,4.883906200000000126e+02
8.676206986103069312e+02,4.883906200000000126e+02
8.676202247503978242e+02,4.883906200000000126e+02
8.677295125904486213e+02,4.883906200000000126e+02
8.677838959629575584e+02,4.883906200000000126e+02
8.682787070765660928e+02,4.883906200000000126e+02
8.679475671755171788e+02,4.883906200000000126e+02
8.680569023878437065e+02,4.883906200000000126e+02
8.681112383880769130e+02,4.883906200000000126e+02
8.682756677764909909e+02,4.883906200000000126e+02
8.682749096006366472e+02,4.883906200000000126e+02
8.683842921852387917e+02,4.883906200000000126e+02
8.684385808131962676e+02,4.883906200000000126e+02
8.687135787949014230e+02,4.883906200000000126e+02
8.686022520257560018e+02,4.883906200000000126e+02
8.687116819826338769e+02,4.883906200000000126e+02
8.687659232383156223e+02,4.883906200000000126e+02
8.689306369426751644e+02,4.883906200000000126e+02
8.689295944508753564e+02,4.883906200000000126e+02
8.690390717800289622e+02,4.883906200000000126e+02
8.690932656634349769e+02,4.883906200000000126e+02
8.700364686046511906e+02,4.883906200000000126e+02
8.692569368759947110e+02,4.883906200000000126e+02
8.693664615774240474e+02,4.883906200000000126e+02
8.694206080885544452e+02,4.883906200000000126e+02
8.695856061088593378e+02,4.883906200000000126e+02
8.695842793011140657e+02,4.883906200000000126e+02
8.696938513748191326e+02,4.883906200000000126e+02
8.697479505136737998e+02,4.883906200000000126e+02
8.700242760718423369e+02,4.883906200000000126e+02
8.699116217262334203e+02,4.883906200000000126e+02
8.700212411722142178e+02,4.883906200000000126e+02
8.700752929387931545e+02,4.883906200000000126e+02
8.702405752750433976e+02,4.883906200000000126e+02
8.702389641513528886e+02,4.883906200000000126e+02
8.703486309696093031e+02,4.883906200000000126e+02
8.704026353639125091e+02,4.883906200000000126e+02
8.709031426914152689e+02,4.883906200000000126e+02
8.705663065764722433e+02,4.883906200000000126e+02
8.706760207670043883e+02,4.883906200000000126e+02
8.707299777890318637e+02,4.883906200000000126e+02
8.708955444412275710e+02,4.883906200000000126e+02
8.708936490015915979e+02,4.883906200000000126e+02
8.710034105643994735e+02,4.883906200000000126e+02
8.710573202141513320e+02,4.883906200000000126e+02
8.713349733487832509e+02,4.883906200000000126e+02
8.712209914267109525e+02,4.883906200000000126e+02
8.713308003617945587e+02,4.883906200000000126e+02
8.713846626392706867e+02,4.883906200000000126e+02
8.715505136074117445e+02,4.883906200000000126e+02
8.715483338518303071e+02,4.883906200000000126e+02
8.716581901591896440e+02,4.883906200000000126e+02
8.717120050643900413e+02,4.883906200000000126e+02
9.187278400000000147e+02,3.117575699999999870e+02
8.718756762769496618e+02,4.883906200000000126e+02
8.719855799565847292e+02,4.883906200000000126e+02
8.720393474895093959e+02,4.883906200000000126e+02
8.722054827735958042e+02,4.883906200000000126e+02
8.722030187020691301e+02,4.883906200000000126e+02
8.723129697539798144e+02,4.883906200000000126e+02
8.723666899146287506e+02,4.883906200000000126e+02
8.726456706257241649e+02,4.883906200000000126e+02
8.725303611271884847e+02,4.883906200000000126e+02
8.726403595513747860e+02,4.883906200000000126e+02
8.726940323397481052e+02,4.883906200000000126e+02
8.728604519397799777e+02,4.883906200000000126e+02
8.728577035523078393e+02,4.883906200000000126e+02
8.729677493487698712e+02,4.883906200000000126e+02
8.730213747648675735e+02,4.883906200000000126e+02
8.735275783062645587e+02,4.883906200000000126e+02
8.731850459774271940e+02,4.883906200000000126e+02
8.732951391461649564e+02,4.883906200000000126e+02
8.733487171899869281e+02,4.883906200000000126e+02
8.735154211059641511e+02,4.883906200000000126e+02
8.735123884025465486e+02,4.883906200000000126e+02
8.736225289435600416e+02,4.883906200000000126e+02
8.736760596151062828e+02,4.883906200000000126e+02
8.739563679026650789e+02,4.883906200000000126e+02
8.738397308276660169e+02,4.883906200000000126e+02
8.739499187409551269e+02,4.883906200000000126e+02
8.740034020402256374e+02,4.883906200000000126e+02
8.741703902721482109e+02,4.883906200000000126e+02
8.741670732527853716e+02,4.883906200000000126e+02
8.742773085383502121e+02,4.883906200000000126e+02
8.743307444653449920e+02,4.883906200000000126e+02
8.752975465116279565e+02,4.883906200000000126e+02
8.744944156779047262e+02,4.883906200000000126e+02
8.746046983357452973e+02,4.883906200000000126e+02
8.746580868904643467e+02,4.883906200000000126e+02
8.748253594383323843e+02,4.883906200000000126e+02
8.748217581030240808e+02,4.883906200000000126e+02
8.749320881331403825e+02,4.883906200000000126e+02
8.749854293155838150e+02,4.883906200000000126e+02
8.752670651796059929e+02,4.883906200000000126e+02
8.751491005281434354e+02,4.883906200000000126e+02
8.752594779305354677e+02,4.883906200000000126e+02
8.753127717407031696e+02,4.883906200000000126e+02
8.754803286045165578e+02,4.883906200000000126e+02
8.754764429532627901e+02,4.883906200000000126e+02
8.755868677279305530e+02,4.883906200000000126e+02
8.756401141658225242e+02,4.883906200000000126e+02
8.761520139211137348e+02,4.883906200000000126e+02
8.758037853783822584e+02,4.883906200000000126e+02
8.759142575253256382e+02,4.883906200000000126e+02
8.759674565909418789e+02,4.883906200000000126e+02
8.761352977707006175e+02,4.883906200000000126e+02
8.761311278035016130e+02,4.883906200000000126e+02
8.762416473227207234e+02,4.883906200000000126e+02
8.762947990160612335e+02,4.883906200000000126e+02
8.765777624565469068e+02,4.883906200000000126e+02
8.764584702286209676e+02,4.883906200000000126e+02
8.765690371201158086e+02,4.883906200000000126e+02
8.766221414411807018e+02,4.883906200000000126e+02
8.767902669368847910e+02,4.883906200000000126e+02
8.767858126537403223e+02,4.883906200000000126e+02
8.768964269175108939e+02,4.883906200000000126e+02
8.769494838663000564e+02,4.883906200000000126e+02
9.159198999999999842e+02,2.982247300000000223e+02
8.771131550788596769e+02,3.961277999999999793e+02
8.772238167149059791e+02,3.961277999999999793e+02
8.772768262914194111e+02,3.961277999999999793e+02
8.774452361030688508e+02,3.961277999999999793e+02
8.774404975039791452e+02,3.961277999999999793e+02
8.775512065123010643e+02,3.961277999999999793e+02
8.776041687165387657e+02,3.961277999999999793e+02
8.778884597334878208e+02,4.707830799999999840e+02
8.777678399290984999e+02,4.707830799999999840e+02
8.778785963096961495e+02,4.707830799999999840e+02
8.779315111416581203e+02,4.707830799999999840e+02
8.781002052692530242e+02,4.707830799999999840e+02
8.780951823542178545e+02,4.707830799999999840e+02
8.782059861070912348e+02,4.707830799999999840e+02
8.782588535667774750e+02,4.707830799999999840e+02
8.787764495359629109e+02,4.707830799999999840e+02
8.784225247793372091e+02,4.707830799999999840e+02
8.785333759044863200e+02,4.707830799999999840e+02
8.785861959918969433e+02,4.707830799999999840e+02
8.787551744354371976e+02,4.707830799999999840e+02
8.787498672044565637e+02,4.707830799999999840e+02
8.788607657018814052e+02,4.707830799999999840e+02
8.789135384170162979e+02,4.707830799999999840e+02
8.791991570104286211e+02,4.707830799999999840e+02
8.790772096295759184e+02,4.707830799999999840e+02
8.791881554992764904e+02,4.707830799999999840e+02
8.792408808421356525e+02,4.707830799999999840e+02
8.794101436016212574e+02,4.707830799999999840e+02
8.794045520546953867e+02,4.707830799999999840e+02
8.795155452966714620e+02,4.707830799999999840e+02
8.795682232672550072e+02,4.707830799999999840e+02
8.805586244186047225e+02,4.707830799999999840e+02
8.797318944798147413e+02,4.707830799999999840e+02
8.798429350940665472e+02,4.707830799999999840e+02
8.798955656923743618e+02,4.707830799999999840e+02
8.800651127678054308e+02,4.707830799999999840e+02
8.800592369049340959e+02,4.707830799999999840e+02
8.801703248914616324e+02,4.707830799999999840e+02
8.802229081174938301e+02,4.707830799999999840e+02
8.805098542873695351e+02,4.707830799999999840e+02
8.803865793300534506e+02,4.707830799999999840e+02
8.804977146888567177e+02,4.707830799999999840e+02
8.805502505426131847e+02,4.707830799999999840e+02
8.807200819339896043e+02,4.707830799999999840e+02
8.807139217551728052e+02,4.707830799999999840e+02
8.808251044862518029e+02,4.707830799999999840e+02
8.808775929677325394e+02,4.707830799999999840e+02
8.814008851508120870e+02,4.707830799999999840e+02
8.810412641802921598e+02,4.707830799999999840e+02
8.811524942836468881e+02,4.707830799999999840e+02
8.812049353928518940e+02,4.707830799999999840e+02
8.813750511001736641e+02,4.707830799999999840e+02
8.813686066054116282e+02,4.707830799999999840e+02
8.814798840810419733e+02,4.707830799999999840e+02
8.815322778179712486e+02,4.707830799999999840e+02
8.818205515643104491e+02,4.707830799999999840e+02
8.816959490305309828e+02,4.707830799999999840e+02
8.818072738784370586e+02,4.707830799999999840e+02
8.818596202430906033e+02,4.707830799999999840e+02
8.820300202663578375e+02,4.707830799999999840e+02
8.820232914556503374e+02,4.707830799999999840e+02
8.821346636758321438e+02,4.707830799999999840e+02
8.821869626682100716e+02,4.707830799999999840e+02
9.139159499999999525e+02,2.923777000000000044e+02
8.823506338807696920e+02,4.040344200000000114e+02
8.824620534732272290e+02,4.040344200000000114e+02
8.825143050933294262e+02,4.040344200000000114e+02
8.826849894325420109e+02,4.040344200000000114e+02
8.826779763058890467e+02,4.040344200000000114e+02
8.827894432706223142e+02,4.040344200000000114e+02
8.828416475184487808e+02,4.040344200000000114e+02
8.831312488412513630e+02,4.040344200000000114e+02
8.830053187310085150e+02,4.040344200000000114e+02
8.831168330680173995e+02,4.040344200000000114e+02
8.831689899435681355e+02,4.040344200000000114e+02
8.833399585987260707e+02,4.040344200000000114e+02
8.833326611561278696e+02,4.040344200000000114e+02
8.834442228654124847e+02,4.040344200000000114e+02
8.834963323686874901e+02,4.040344200000000114e+02
8.840253207656612631e+02,4.040344200000000114e+02
8.836600035812472242e+02,4.040344200000000114e+02
8.837716126628075699e+02,4.040344200000000114e+02
8.838236747938068447e+02,4.040344200000000114e+02
8.839949277649102442e+02,4.040344200000000114e+02
8.839873460063665789e+02,4.040344200000000114e+02
8.840990024602026551e+02,4.040344200000000114e+02
8.841510172189263130e+02,4.040344200000000114e+02
8.844419461181922770e+02,4.040344200000000114e+02
8.843146884314859335e+02,4.040344200000000114e+02
8.844263922575977404e+02,4.040344200000000114e+02
8.844783596440456677e+02,4.040344200000000114e+02
8.846498969310944176e+02,4.040344200000000114e+02
8.846420308566052881e+02,4.040344200000000114e+02
8.847537820549928256e+02,4.040344200000000114e+02
8.848057020691650223e+02,4.040344200000000114e+02
8.858197023255813747e+02,3.334611800000000130e+02
8.849693732817247565e+02,3.334611800000000130e+02
8.850811718523879108e+02,3.334611800000000130e+02
8.851330444942843769e+02,3.334611800000000130e+02
8.853048660972784774e+02,3.334611800000000130e+02
8.852967157068441111e+02,3.334611800000000130e+02
8.854085616497829960e+02,3.334611800000000130e+02
8.854603869194037316e+02,3.334611800000000130e+02
8.857526433951331910e+02,3.334611800000000130e+02
8.856240581319634657e+02,3.334611800000000130e+02
8.857359514471780813e+02,3.334611800000000130e+02
8.857877293445231999e+02,3.334611800000000130e+02
8.859598352634626508e+02,3.334611800000000130e+02
8.859514005570828203e+02,3.334611800000000130e+02
8.860633412445730528e+02,3.334611800000000130e+02
8.861150717696425545e+02,3.334611800000000130e+02
8.866497563805104392e+02,3.334611800000000130e+02
8.862787429822021750e+02,3.334611800000000130e+02
8.863907310419681380e+02,3.334611800000000130e+02
8.864424141947619091e+02,3.334611800000000130e+02
8.866148044296468242e+02,3.334611800000000130e+02
8.866060854073215296e+02,3.334611800000000130e+02
8.867181208393632232e+02,3.334611800000000130e+02
8.867697566198812638e+02,3.334611800000000130e+02
8.870633406720741050e+02,3.334611800000000130e+02
8.869334278324409979e+02,3.334611800000000130e+02
8.870455106367583085e+02,3.334611800000000130e+02
8.870970990450006184e+02,3.334611800000000130e+02
8.872697735958308840e+02,3.334611800000000130e+02
8.872607702575603525e+02,3.334611800000000130e+02
8.873729004341533937e+02,3.334611800000000130e+02
8.874244414701199730e+02,3.334611800000000130e+02
9.118048999999999751e+02,2.879715600000000109e+02
8.875881126826797072e+02,3.596511199999999917e+02
8.877002902315484789e+02,3.596511199999999917e+02
8.877517838952394413e+02,3.596511199999999917e+02
8.879247427620150575e+02,3.596511199999999917e+02
8.879154551077990618e+02,3.596511199999999917e+02
8.880276800289435641e+02,3.596511199999999917e+02
8.880791263203587960e+02,3.596511199999999917e+02
8.883740379490150190e+02,3.596511199999999917e+02
8.882427975329184164e+02,3.596511199999999917e+02
8.883550698263386494e+02,3.596511199999999917e+02
8.884064687454781506e+02,3.596511199999999917e+02
8.885797119281992309e+02,3.596511199999999917e+02
8.885701399580378848e+02,3.596511199999999917e+02
8.886824596237337346e+02,3.596511199999999917e+02
8.887338111705975052e+02,3.596511199999999917e+02
8.892741919953596152e+02,3.137125199999999836e+02
8.888974823831572394e+02,3.137125199999999836e+02
8.890098494211288198e+02,3.137125199999999836e+02
8.890611535957168599e+02,3.137125199999999836e+02
8.892346810943832907e+02,3.137125199999999836e+02
8.892248248082765940e+02,3.137125199999999836e+02
8.893372392185239050e+02,3.137125199999999836e+02
8.893884960208363282e+02,3.137125199999999836e+02
8.896847352259559329e+02,4.197872300000000223e+02
8.895521672333959486e+02,4.197872300000000223e+02
8.896646290159189903e+02,4.197872300000000223e+02
8.897158384459556828e+02,4.197872300000000223e+02
8.898896502605674641e+02,4.197872300000000223e+02
8.898795096585153033e+02,4.197872300000000223e+02
8.899920188133140755e+02,4.197872300000000223e+02
8.900431808710750374e+02,4.197872300000000223e+02
8.910807802325581406e+02,4.379803499999999872e+02
8.902068520836346579e+02,4.379803499999999872e+02
8.903194086107091607e+02,4.379803499999999872e+02
8.903705232961943921e+02,4.379803499999999872e+02
8.905446194267516375e+02,4.379803499999999872e+02
8.905341945087541262e+02,4.379803499999999872e+02
8.906467984081042459e+02,4.379803499999999872e+02
8.906978657213137467e+02,4.379803499999999872e+02
8.909954325028968469e+02,4.379803499999999872e+02
8.908615369338734808e+02,4.379803499999999872e+02
8.909741882054993312e+02,4.379803499999999872e+02
8.910252081464331013e+02,4.379803499999999872e+02
8.911995885929356973e+02,4.379803499999999872e+02
8.911888793589928355e+02,4.379803499999999872e+02
8.913015780028944164e+02,4.379803499999999872e+02
8.913525505715525696e+02,4.379803499999999872e+02
8.918986276102087913e+02,4.379803499999999872e+02
8.915162217841121901e+02,4.379803499999999872e+02
8.916289678002895016e+02,4.379803499999999872e+02
8.916798929966719243e+02,4.379803499999999872e+02
8.918545577591198708e+02,4.379803499999999872e+02
8.918435642092315447e+02,4.379803499999999872e+02
8.919563575976845868e+02,4.379803499999999872e+02
8.920072354217912789e+02,4.379803499999999872e+02
8.923061297798377609e+02,4.379803499999999872e+02
8.921709066343510131e+02,4.379803499999999872e+02
8.922837473950796721e+02,4.379803499999999872e+02
8.923345778469106335e+02,4.379803499999999872e+02
8.925095269253040442e+02,4.379803499999999872e+02
8.924982490594703677e+02,4.379803499999999872e+02
8.926111371924746436e+02,4.379803499999999872e+02
8.926619202720299882e+02,4.379803499999999872e+02
9.068659000000000106e+02,2.859743700000000217e+02
8.928255914845897223e+02,3.898701199999999858e+02
8.929385269898697288e+02,3.898701199999999858e+02
8.929892626971493428e+02,3.898701199999999858e+02
8.931644960914881040e+02,3.898701199999999858e+02
8.931529339097090769e+02,3.898701199999999858e+02
8.932659167872648140e+02,3.898701199999999858e+02
8.933166051222688111e+02,3.898701199999999858e+02
8.936168270567785612e+02,3.898701199999999858e+02
8.934802763348284316e+02,3.898701199999999858e+02
8.935933065846598993e+02,3.898701199999999858e+02
8.936439475473881657e+02,3.898701199999999858e+02
8.938194652576722774e+02,3.898701199999999858e+02
8.938076187599477862e+02,3.898701199999999858e+02
8.939206963820549845e+02,3.898701199999999858e+02
8.939712899725075204e+02,3.898701199999999858e+02
8.945230632250579674e+02,3.898701199999999858e+02
8.941349611850672545e+02,3.898701199999999858e+02
8.942480861794500697e+02,3.898701199999999858e+02
8.942986323976268750e+02,3.898701199999999858e+02
8.944744344238564508e+02,3.898701199999999858e+02
8.944623036101866091e+02,3.898701199999999858e+02
8.945754759768451549e+02,3.898701199999999858e+02
8.946259748227462296e+02,3.898701199999999858e+02
8.949275243337194752e+02,3.898701199999999858e+02
8.947896460353059638e+02,3.898701199999999858e+02
8.949028657742402402e+02,3.898701199999999858e+02
8.949533172478656979e+02,3.898701199999999858e+02
8.951294035900405106e+02,3.898701199999999858e+02
8.951169884604253184e+02,3.898701199999999858e+02
8.952302555716353254e+02,3.898701199999999858e+02
8.952806596729850526e+02,3.898701199999999858e+02
8.963418581395349065e+02,2.924222399999999880e+02
8.954443308855446730e+02,2.924222399999999880e+02
8.955576453690304106e+02,2.924222399999999880e+02
8.956080020981044072e+02,2.924222399999999880e+02
8.957843727562246841e+02,2.924222399999999880e+02
8.957716733106640277e+02,2.924222399999999880e+02
8.958850351664254958e+02,2.924222399999999880e+02
8.959353445232237618e+02,2.924222399999999880e+02
8.962382216106603892e+02,2.924222399999999880e+02
8.960990157357834960e+02,2.924222399999999880e+02
8.962124249638205811e+02,2.924222399999999880e+02
8.962626869483431165e+02,2.924222399999999880e+02
8.964393419224088575e+02,2.924222399999999880e+02
8.964263581609028506e+02,2.924222399999999880e+02
8.965398147612156663e+02,2.924222399999999880e+02
8.965900293734624711e+02,2.924222399999999880e+02
8.971474988399072572e+02,2.924222399999999880e+02
8.967537005860222052e+02,2.924222399999999880e+02
8.968672045586107515e+02,2.924222399999999880e+02
8.969173717985819394e+02,2.924222399999999880e+02
8.970943110885929173e+02,2.924222399999999880e+02
8.970810430111415599e+02,2.924222399999999880e+02
8.971945943560058367e+02,2.924222399999999880e+02
8.972447142237012940e+02,2.924222399999999880e+02
8.975489188876013031e+02,2.924222399999999880e+02
8.974083854362609145e+02,2.924222399999999880e+02
8.975219841534009220e+02,2.924222399999999880e+02
8.975720566488206487e+02,2.924222399999999880e+02
8.977492802547770907e+02,2.924222399999999880e+02
8.977357278613803828e+02,2.924222399999999880e+02
8.978493739507960072e+02,2.924222399999999880e+02
8.978993990739400033e+02,2.924222399999999880e+02
9.014786000000000286e+02,2.877199699999999893e+02
8.980630702864997374e+02,4.480450399999999718e+02
8.981767637481910924e+02,4.480450399999999718e+02
8.982267414990593579e+02,4.480450399999999718e+02
8.984042494209612641e+02,4.480450399999999718e+02
8.983904127116190921e+02,4.480450399999999718e+02
8.985041535455861776e+02,4.480450399999999718e+02
8.985540839241788262e+02,4.480450399999999718e+02
8.988596161645422171e+02,4.480450399999999718e+02
8.987177551367384467e+02,4.480450399999999718e+02
8.988315433429812629e+02,4.480450399999999718e+02
8.988814263492981809e+02,4.480450399999999718e+02
8.990592185871453239e+02,4.480450399999999718e+02
8.990450975618578013e+02,4.480450399999999718e+02
8.991589331403762344e+02,4.480450399999999718e+02
8.992087687744175355e+02,4.480450399999999718e+02
8.997719344547564333e+02,4.480450399999999718e+02
8.993724399869771560e+02,4.480450399999999718e+02
8.994863229377713196e+02,4.480450399999999718e+02
8.995361111995368901e+02,4.480450399999999718e+02
8.997141877533294974e+02,4.480450399999999718e+02
8.996997824120966243e+02,4.480450399999999718e+02
8.998137127351664049e+02,4.480450399999999718e+02
8.998634536246562448e+02,4.480450399999999718e+02
9.001703134414831311e+02,4.480450399999999718e+02
9.000271248372159789e+02,4.480450399999999718e+02
9.001411025325614901e+02,4.480450399999999718e+02
9.001907960497755994e+02,4.480450399999999718e+02
9.003691569195135571e+02,4.480450399999999718e+02
9.003544672623353335e+02,4.480450399999999718e+02
9.004684923299565753e+02,4.480450399999999718e+02
9.005181384748950677e+02,4.480450399999999718e+02
9.016029360465116724e+02,2.877199699999999893e+02
9.006818096874546882e+02,2.877199699999999893e+02
9.007958821273516605e+02,2.877199699999999893e+02
9.008454809000144223e+02,2.877199699999999893e+02
9.010241260856977306e+02,2.877199699999999893e+02
9.010091521125740428e+02,2.877199699999999893e+02
9.011232719247467458e+02,2.877199699999999893e+02
9.011728233251337770e+02,2.877199699999999893e+02
9.014810107184240451e+02,2.877199699999999893e+02
9.013364945376935111e+02,2.877199699999999893e+02
9.014506617221418310e+02,2.877199699999999893e+02
9.015001657502531316e+02,2.877199699999999893e+02
9.016790952518819040e+02,2.877199699999999893e+02
9.016638369628128657e+02,2.877199699999999893e+02
9.017780515195369162e+02,2.877199699999999893e+02
9.018275081753724862e+02,2.877199699999999893e+02
9.023963700696056094e+02,2.877199699999999893e+02
9.019911793879322204e+02,2.877199699999999893e+02
9.021054413169320014e+02,2.877199699999999893e+02
9.021548506004918409e+02,2.877199699999999893e+02
9.023340644180659638e+02,2.877199699999999893e+02
9.023185218130515750e+02,2.877199699999999893e+02
9.024328311143270867e+02,2.877199699999999893e+02
9.024821930256113092e+02,2.877199699999999893e+02
9.027917079953649591e+02,2.877199699999999893e+02
9.026458642381709296e+02,2.877199699999999893e+02
9.027602209117221719e+02,2.877199699999999893e+02
9.028095354507306638e+02,2.877199699999999893e+02
9.029890335842501372e+02,2.877199699999999893e+02
9.029732066632902843e+02,2.877199699999999893e+02
9.030876107091172571e+02,2.877199699999999893e+02
9.031368778758500184e+02,2.877199699999999893e+02
8.972750999999999522e+02,2.924222399999999880e+02
9.033005490884097526e+02,4.200285600000000272e+02
9.034150005065123423e+02,4.200285600000000272e+02
9.034642203009693731e+02,4.200285600000000272e+02
9.036440027504343107e+02,4.200285600000000272e+02
9.036278915135291072e+02,4.200285600000000272e+02
9.037423903039074276e+02,4.200285600000000272e+02
9.037915627260887277e+02,4.200285600000000272e+02
9.041024052723058730e+02,4.200285600000000272e+02
9.039552339386484618e+02,4.200285600000000272e+02
9.040697801013025128e+02,4.200285600000000272e+02
9.041189051512081960e+02,4.200285600000000272e+02
9.042989719166183704e+02,4.200285600000000272e+02
9.042825763637678165e+02,4.200285600000000272e+02
9.043971698986975980e+02,4.200285600000000272e+02
9.044462475763275506e+02,4.200285600000000272e+02
9.050208056844547855e+02,4.200285600000000272e+02
9.046099187888871711e+02,4.200285600000000272e+02
9.047245596960926832e+02,4.200285600000000272e+02
9.047735900014469053e+02,4.200285600000000272e+02
9.049539410828025439e+02,4.200285600000000272e+02
9.049372612140065257e+02,4.200285600000000272e+02
9.050519494934877684e+02,4.200285600000000272e+02
9.051009324265662599e+02,4.200285600000000272e+02
9.054131025492467870e+02,4.200285600000000272e+02
9.052646036391259941e+02,4.200285600000000272e+02
9.053793392908828537e+02,4.200285600000000272e+02
9.054282748516856145e+02,4.200285600000000272e+02
9.056089102489867173e+02,4.200285600000000272e+02
9.055919460642453487e+02,4.200285600000000272e+02
9.057067290882779389e+02,4.200285600000000272e+02
9.057556172768049692e+02,4.200285600000000272e+02
9.068640139534884383e+02,2.859743700000000217e+02
9.059192884893647033e+02,2.859743700000000217e+02
9.060341188856729104e+02,2.859743700000000217e+02
9.060829597019244375e+02,2.859743700000000217e+02
9.062638794151707771e+02,2.859743700000000217e+02
9.062466309144840579e+02,2.859743700000000217e+02
9.063615086830679957e+02,2.859743700000000217e+02
9.064103021270437921e+02,2.859743700000000217e+02
9.067237998261877010e+02,2.859743700000000217e+02
9.065739733396034126e+02,2.859743700000000217e+02
9.066888984804630809e+02,2.859743700000000217e+02
9.067376445521631467e+02,2.859743700000000217e+02
9.069188485813549505e+02,2.859743700000000217e+02
9.069013157647228809e+02,2.859743700000000217e+02
9.070162882778581661e+02,2.859743700000000217e+02
9.070649869772825014e+02,2.859743700000000217e+02
9.076452412993039616e+02,2.859743700000000217e+02
9.072286581898422355e+02,2.859743700000000217e+02
9.073436780752532513e+02,2.859743700000000217e+02
9.073923294024018560e+02,2.859743700000000217e+02
9.075738177475391240e+02,2.859743700000000217e+02
9.075560006149615901e+02,2.859743700000000217e+02
9.076710678726483366e+02,2.859743700000000217e+02
9.077196718275212106e+02,2.859743700000000217e+02
9.080344971031285013e+02,2.859743700000000217e+02
9.078833430400809448e+02,2.859743700000000217e+02
9.079984576700434218e+02,2.859743700000000217e+02
9.080470142526406789e+02,2.859743700000000217e+02
9.082287869137231837e+02,2.859743700000000217e+02
9.082106854652002994e+02,2.859743700000000217e+02
9.083258474674385070e+02,2.859743700000000217e+02
9.083743566777600336e+02,2.859743700000000217e+02
8.894755000000000109e+02,3.137125199999999836e+02
9.085380278903196540e+02,4.030475000000000136e+02
9.086532372648335922e+02,4.030475000000000136e+02
9.087016991028793882e+02,4.030475000000000136e+02
9.088837560799073572e+02,4.030475000000000136e+02
9.088653703154391224e+02,4.030475000000000136e+02
9.089806270622286775e+02,4.030475000000000136e+02
9.090290415279987428e+02,4.030475000000000136e+02
9.093451943800694153e+02,4.030475000000000136e+02
9.091927127405584770e+02,4.030475000000000136e+02
9.093080168596237627e+02,4.030475000000000136e+02
9.093563839531180975e+02,4.030475000000000136e+02
9.095387252460915306e+02,4.030475000000000136e+02
9.095200551656778316e+02,4.030475000000000136e+02
9.096354066570188479e+02,4.030475000000000136e+02
9.096837263782375658e+02,4.030475000000000136e+02
9.102696769141531377e+02,4.030475000000000136e+02
9.098473975907971862e+02,4.030475000000000136e+02
9.099627964544139331e+02,4.030475000000000136e+02
9.100110688033569204e+02,4.030475000000000136e+02
9.101936944122755904e+02,4.030475000000000136e+02
9.101747400159165409e+02,4.030475000000000136e+02
9.102901862518090184e+02,4.030475000000000136e+02
9.103384112284762750e+02,4.030475000000000136e+02
9.106558916570103293e+02,4.030475000000000136e+02
9.105020824410360092e+02,4.030475000000000136e+02
9.106175760492041036e+02,4.030475000000000136e+02
9.106657536535956297e+02,4.030475000000000136e+02
9.108486635784597638e+02,4.030475000000000136e+02
9.108294248661553638e+02,4.030475000000000136e+02
9.109449658465991888e+02,4.030475000000000136e+02
9.109930960787149843e+02,4.030475000000000136e+02
9.121250918604652043e+02,2.879715600000000109e+02
9.111567672912747184e+02,2.879715600000000109e+02
9.112723556439942740e+02,2.879715600000000109e+02
9.113204385038343389e+02,2.879715600000000109e+02
9.115036327446439373e+02,2.879715600000000109e+02
9.114841097163940731e+02,2.879715600000000109e+02
9.115997454413893593e+02,2.879715600000000109e+02
9.116477809289538072e+02,2.879715600000000109e+02
9.119665889339512432e+02,2.879715600000000109e+02
9.118114521415134277e+02,2.879715600000000109e+02
9.119271352387844445e+02,2.879715600000000109e+02
9.119751233540731619e+02,2.879715600000000109e+02
9.121586019108279970e+02,2.879715600000000109e+02
9.121387945666327823e+02,2.879715600000000109e+02
9.122545250361795297e+02,2.879715600000000109e+02
9.123024657791925165e+02,2.879715600000000109e+02
9.128941125290023137e+02,2.879715600000000109e+02
9.124661369917522507e+02,2.879715600000000109e+02
9.125819148335745012e+02,2.879715600000000109e+02
9.126298082043118711e+02,2.879715600000000109e+02
9.128135710770121705e+02,2.879715600000000109e+02
9.127934794168716053e+02,2.879715600000000109e+02
9.129093046309695865e+02,2.879715600000000109e+02
9.129571506294312258e+02,2.879715600000000109e+02
9.132772862108921572e+02,2.879715600000000109e+02
9.131208218419909599e+02,2.879715600000000109e+02
9.132366944283646717e+02,2.879715600000000109e+02
9.132844930545506941e+02,2.879715600000000109e+02
9.134685402431963439e+02,2.879715600000000109e+02
9.134481642671103145e+02,2.879715600000000109e+02
9.135640842257597569e+02,2.879715600000000109e+02
9.136118354796700487e+02,2.879715600000000109e+02
8.866892000000000280e+02,3.334611800000000130e+02
9.137755066922296692e+02,2.923777000000000044e+02
9.138914740231548421e+02,2.923777000000000044e+02
9.139391779047894033e+02,2.923777000000000044e+02
9.141235094093804037e+02,2.923777000000000044e+02
9.141028491173490238e+02,2.923777000000000044e+02
9.142188638205499274e+02,2.923777000000000044e+02
9.142665203299087580e+02,2.923777000000000044e+02
9.145879834878330712e+02,4.434794999999999732e+02
9.144301915424684921e+02,4.434794999999999732e+02
9.145462536179450126e+02,4.434794999999999732e+02
9.145938627550281126e+02,4.434794999999999732e+02
9.147784785755645771e+02,4.434794999999999732e+02
9.147575339675878467e+02,4.434794999999999732e+02
9.148736434153400978e+02,4.434794999999999732e+02
9.149212051801474672e+02,4.434794999999999732e+02
9.155185481438514898e+02,2.982247300000000223e+02
9.150848763927072014e+02,3.612701400000000262e+02
9.152010332127351830e+02,3.612701400000000262e+02
9.152485476052669355e+02,3.612701400000000262e+02
9.154334477417487506e+02,2.982247300000000223e+02
9.154122188178265560e+02,2.982247300000000223e+02
9.155284230101302683e+02,2.982247300000000223e+02
9.155758900303862902e+02,2.982247300000000223e+02
9.158986807647739852e+02,2.982247300000000223e+02
9.157395612429459106e+02,2.982247300000000223e+02
9.158558128075253535e+02,2.982247300000000223e+02
9.159032324555056448e+02,2.982247300000000223e+02
9.160884169079328103e+02,2.982247300000000223e+02
9.160669036680653790e+02,2.982247300000000223e+02
9.161832026049204387e+02,2.982247300000000223e+02
9.162305748806249994e+02,2.982247300000000223e+02
9.173861697674418565e+02,3.327953999999999724e+02
9.163942460931847336e+02,3.327953999999999724e+02
9.165105924023155239e+02,3.327953999999999724e+02
9.165579173057443541e+02,3.327953999999999724e+02
9.167433860741169838e+02,3.327953999999999724e+02
9.167215885183040882e+02,3.327953999999999724e+02
9.168379821997106092e+02,3.327953999999999724e+02
9.168852597308637087e+02,3.327953999999999724e+02
9.172093780417148992e+02,3.327953999999999724e+02
9.170489309434234428e+02,3.327953999999999724e+02
9.171653719971056944e+02,3.327953999999999724e+02
9.172126021559831770e+02,3.327953999999999724e+02
9.173983552403011572e+02,3.327953999999999724e+02
9.173762733685427975e+02,3.327953999999999724e+02
9.174927617945007796e+02,3.327953999999999724e+02
9.175399445811025316e+02,3.327953999999999724e+02
9.181429837587006659e+02,3.327953999999999724e+02
9.177036157936621521e+02,3.327953999999999724e+02
9.178201515918958648e+02,3.327953999999999724e+02
9.178672870062218863e+02,3.327953999999999724e+02
9.180533244064852170e+02,3.327953999999999724e+02
9.180309582187816204e+02,3.327953999999999724e+02
9.181475413892909501e+02,3.327953999999999724e+02
9.181946294313412409e+02,3.327953999999999724e+02
9.185200753186558131e+02,3.117575699999999870e+02
9.183583006439009750e+02,3.117575699999999870e+02
9.184749311866860353e+02,3.117575699999999870e+02
9.185219718564605955e+02,3.117575699999999870e+02
9.187082935726693904e+02,3.117575699999999870e+02
9.186856430690203297e+02,3.117575699999999870e+02
9.188023209840811205e+02,3.117575699999999870e+02
9.188493142815800638e+02,3.117575699999999870e+02
8.887088599999999587e+02,3.596511199999999917e+02
9.190129854941396843e+02,3.117575699999999870e+02
9.191297107814760921e+02,3.117575699999999870e+02
9.191766567066994185e+02,3.117575699999999870e+02
9.193632627388534502e+02,3.117575699999999870e+02
9.193403279192590389e+02,3.117575699999999870e+02
9.194571005788711773e+02,3.117575699999999870e+02
9.195039991318187731e+02,3.117575699999999870e+02
9.198307725955967271e+02,3.117575699999999870e+02
9.196676703443783936e+02,3.117575699999999870e+02
9.197844903762662625e+02,3.117575699999999870e+02
9.198313415569381277e+02,3.117575699999999870e+02
9.200182319050376236e+02,3.117575699999999870e+02
9.199950127694978619e+02,3.117575699999999870e+02
9.201118801736613477e+02,3.117575699999999870e+02
9.201586839820574824e+02,3.117575699999999870e+02
9.207674193735498420e+02,3.117575699999999870e+02
9.203223551946172165e+02,3.117575699999999870e+02
9.204392699710564330e+02,3.117575699999999870e+02
9.204860264071768370e+02,3.117575699999999870e+02
9.206732010712217971e+02,3.117575699999999870e+02
9.206496976197365711e+02,3.117575699999999870e+02
9.207666597684515182e+02,3.117575699999999870e+02
9.208133688322963053e+02,3.117575699999999870e+02
9.211414698725376411e+02,3.117575699999999870e+02
9.209770400448559258e+02,3.117575699999999870e+02
9.210940495658466034e+02,3.117575699999999870e+02
9.211407112574156599e+02,3.117575699999999870e+02
9.213281702374058568e+02,3.117575699999999870e+02
9.213043824699752804e+02,3.117575699999999870e+02
9.214214393632416886e+02,3.117575699999999870e+02
9.214680536825350146e+02,3.117575699999999870e+02
9.226472476744186224e+02,3.117575699999999870e+02
9.216317248950947487e+02,3.117575699999999870e+02
9.217488291606367738e+02,3.117575699999999870e+02
9.217953961076543692e+02,3.117575699999999870e+02
9.219831394035900303e+02,3.117575699999999870e+02
9.219590673202141033e+02,3.117575699999999870e+02
9.220762189580318591e+02,3.117575699999999870e+02
9.221227385327737238e+02,3.117575699999999870e+02
9.224521671494784414e+02,3.117575699999999870e+02
9.222864097453334580e+02,3.117575699999999870e+02
9.224036087554269443e+02,3.117575699999999870e+02
9.224500809578931921e+02,3.117575699999999870e+02
9.226381085697742037e+02,3.117575699999999870e+02
9.226137521704528126e+02,3.117575699999999870e+02
9.227309985528220295e+02,3.117575699999999870e+02
9.227774233830125468e+02,3.117575699999999870e+02
9.233918549883991318e+02,3.117575699999999870e+02
9.229410945955721672e+02,3.117575699999999870e+02
9.230583883502171147e+02,3.117575699999999870e+02
9.231047658081319014e+02,3.117575699999999870e+02
9.232930777359582635e+02,3.117575699999999870e+02
9.232684370206915219e+02,3.117575699999999870e+02
9.233857781476122000e+02,3.117575699999999870e+02
9.234321082332512560e+02,3.117575699999999870e+02
9.237628644264193554e+02,3.117575699999999870e+02
9.235957794458109902e+02,3.117575699999999870e+02
9.237131679450072852e+02,3.117575699999999870e+02
9.237594506583706107e+02,3.117575699999999870e+02
9.239480469021424369e+02,3.117575699999999870e+02
9.239231218709303448e+02,3.117575699999999870e+02
9.240405577424023704e+02,3.117575699999999870e+02
9.240867930834899653e+02,3.117575699999999870e+02
8.947732499999999618e+02,3.898701199999999858e+02
9.242504642960496994e+02,4.606532000000000266e+02
9.243679475397974556e+02,4.606532000000000266e+02
9.244141355086094336e+02,4.606532000000000266e+02
9.246030160683266104e+02,4.606532000000000266e+02
9.245778067211690541e+02,4.606532000000000266e+02
9.246953373371925409e+02,4.606532000000000266e+02
9.247414779337287882e+02,4.606532000000000266e+02
9.250735617033602693e+02,4.606532000000000266e+02
9.249051491462884087e+02,4.606532000000000266e+02
9.250227271345876261e+02,4.606532000000000266e+02
9.250688203588481429e+02,4.606532000000000266e+02
9.252579852345106701e+02,4.606532000000000266e+02
9.252324915714078770e+02,4.606532000000000266e+02
9.253501169319827113e+02,4.606532000000000266e+02
9.253961627839674975e+02,4.606532000000000266e+02
9.260162906032483079e+02,4.606532000000000266e+02
9.255598339965272316e+02,4.606532000000000266e+02
9.256775067293776829e+02,4.606532000000000266e+02
9.257235052090868521e+02,4.606532000000000266e+02
9.259129544006948436e+02,4.606532000000000266e+02
9.258871764216465863e+02,4.606532000000000266e+02
9.260048965267727681e+02,4.606532000000000266e+02
9.260508476342062067e+02,4.606532000000000266e+02
9.263842589803011833e+02,4.606532000000000266e+02
9.262145188467659409e+02,4.606532000000000266e+02
9.263322863241678533e+02,4.606532000000000266e+02
9.263781900593256751e+02,4.606532000000000266e+02
9.265679235668790170e+02,4.606532000000000266e+02
9.265418612718852955e+02,4.606532000000000266e+02
9.266596761215629385e+02,4.606532000000000266e+02
9.267055324844450297e+02,4.606532000000000266e+02
9.279083255813953883e+02,4.606532000000000266e+02
9.268692036970046502e+02,4.606532000000000266e+02
9.269870659189580238e+02,4.606532000000000266e+02
9.270328749095643843e+02,4.606532000000000266e+02
9.272228927330630768e+02,4.606532000000000266e+02
9.271965461221241185e+02,4.606532000000000266e+02
9.273144557163531090e+02,4.606532000000000266e+02
9.273602173346837390e+02,4.606532000000000266e+02
9.276949562572420973e+02,4.606532000000000266e+02
9.275238885472434731e+02,4.606532000000000266e+02
9.276418455137481942e+02,4.606532000000000266e+02
9.276875597598030936e+02,4.606532000000000266e+02
9.278778618992472502e+02,4.606532000000000266e+02
9.278512309723628277e+02,4.606532000000000266e+02
9.279692353111432794e+02,4.606532000000000266e+02
9.280149021849225619e+02,4.606532000000000266e+02
9.286407262180974840e+02,4.606532000000000266e+02
9.281785733974821824e+02,4.606532000000000266e+02
9.282966251085383647e+02,4.606532000000000266e+02
9.283422446100419165e+02,4.606532000000000266e+02
9.285328310654314237e+02,4.606532000000000266e+02
9.285059158226015370e+02,4.606532000000000266e+02
9.286240149059334499e+02,4.606532000000000266e+02
9.286695870351612712e+02,4.606532000000000266e+02
9.290056535341830113e+02,4.606532000000000266e+02
9.288332582477208916e+02,4.606532000000000266e+02
9.289514047033285351e+02,4.606532000000000266e+02
9.289969294602806258e+02,4.606532000000000266e+02
9.291878002316154834e+02,4.606532000000000266e+02
9.291606006728403599e+02,4.606532000000000266e+02
9.292787945007236203e+02,4.606532000000000266e+02
9.293242718853999804e+02,4.606532000000000266e+02
9.043582000000000107e+02,4.200285600000000272e+02
9.294879430979597146e+02,4.606532000000000266e+02
9.296061842981187056e+02,4.606532000000000266e+02
9.296516143105193350e+02,4.606532000000000266e+02
9.298427693977996569e+02,4.606532000000000266e+02
9.298152855230790692e+02,4.606532000000000266e+02
9.299335740955137908e+02,4.606532000000000266e+02
9.299789567356388034e+02,4.606532000000000266e+02
9.303163508111239253e+02,4.606532000000000266e+02
9.301426279481984238e+02,4.606532000000000266e+02
9.302609638929088760e+02,4.606532000000000266e+02
9.303062991607581580e+02,4.606532000000000266e+02
9.304977385639838303e+02,4.606532000000000266e+02
9.304699703733177785e+02,4.606532000000000266e+02
9.305883536903039612e+02,4.606532000000000266e+02
9.306336415858775126e+02,4.606532000000000266e+02
9.312651618329466601e+02,4.606532000000000266e+02
9.307973127984372468e+02,4.606532000000000266e+02
9.309157434876990465e+02,4.606532000000000266e+02
9.309609840109968673e+02,4.606532000000000266e+02
9.311527077301678901e+02,4.606532000000000266e+02
9.311246552235566014e+02,4.606532000000000266e+02
9.312431332850941317e+02,4.606532000000000266e+02
9.312883264361162219e+02,4.606532000000000266e+02
9.316270480880648392e+02,4.606532000000000266e+02
9.314519976486759560e+02,4.606532000000000266e+02
9.315705230824892169e+02,4.606532000000000266e+02
9.316156688612356902e+02,4.606532000000000266e+02
9.318076768963520635e+02,4.606532000000000266e+02
9.317793400737953107e+02,4.606532000000000266e+02
9.318979128798843021e+02,4.606532000000000266e+02
9.319430112863550448e+02,4.606532000000000266e+02
9.331694034883721542e+02,4.606532000000000266e+02
9.321066824989146653e+02,4.606532000000000266e+02
9.322253026772793874e+02,4.606532000000000266e+02
9.322703537114743995e+02,4.606532000000000266e+02
9.324626460625362370e+02,4.606532000000000266e+02
9.324340249240340199e+02,4.606532000000000266e+02
9.325526924746743589e+02,4.606532000000000266e+02
9.325976961365937541e+02,4.606532000000000266e+02
9.329377453650057532e+02,4.606532000000000266e+02
9.327613673491534882e+02,4.606532000000000266e+02
9.328800822720694441e+02,4.606532000000000266e+02
9.329250385617131087e+02,4.606532000000000266e+02
9.331176152287202967e+02,4.606532000000000266e+02
9.330887097742728429e+02,4.606532000000000266e+02
9.332074720694645293e+02,4.606532000000000266e+02
9.332523809868324633e+02,4.606532000000000266e+02
9.338895974477958362e+02,4.606532000000000266e+02
9.334160521993921975e+02,4.606532000000000266e+02
9.335348618668596146e+02,4.606532000000000266e+02
9.335797234119519317e+02,4.606532000000000266e+02
9.337725843949044702e+02,4.606532000000000266e+02
9.337433946245115521e+02,4.606532000000000266e+02
9.338622516642546998e+02,4.606532000000000266e+02
9.339070658370712863e+02,4.606532000000000266e+02
9.342484426419466672e+02,4.606532000000000266e+02
9.340707370496309068e+02,4.606532000000000266e+02
9.341896414616497850e+02,4.606532000000000266e+02
9.342344082621906409e+02,4.606532000000000266e+02
9.344275535610886436e+02,4.606532000000000266e+02
9.343980794747503751e+02,4.606532000000000266e+02
9.345170312590448702e+02,4.606532000000000266e+02
9.345617506873099956e+02,4.606532000000000266e+02
9.148151000000000295e+02,4.434794999999999732e+02
9.347254218998697297e+02,4.606532000000000266e+02
9.348444210564399555e+02,4.606532000000000266e+02
9.348890931124293502e+02,4.606532000000000266e+02
9.350825227272727034e+02,4.606532000000000266e+02
9.350527643249890843e+02,4.606532000000000266e+02
9.351718108538350407e+02,4.606532000000000266e+02
9.352164355375487048e+02,4.606532000000000266e+02
9.355591399188875812e+02,4.606532000000000266e+02
9.353801067501084390e+02,4.606532000000000266e+02
9.354992006512301259e+02,4.606532000000000266e+02
9.355437779626681731e+02,4.606532000000000266e+02
9.357374918934568768e+02,4.606532000000000266e+02
9.357074491752277936e+02,4.606532000000000266e+02
9.358265904486252111e+02,4.606532000000000266e+02
9.358711203877875278e+02,4.606532000000000266e+02
9.365140330626450123e+02,4.606532000000000266e+02
9.360347916003471482e+02,4.606532000000000266e+02
9.361539802460202964e+02,4.606532000000000266e+02
9.361984628129068824e+02,4.606532000000000266e+02
9.363924610596410503e+02,4.606532000000000266e+02
9.363621340254666165e+02,4.606532000000000266e+02
9.364813700434153816e+02,4.606532000000000266e+02
9.365258052380262370e+02,4.606532000000000266e+02
9.368698371958283815e+02,4.606532000000000266e+02
9.366894764505859712e+02,4.606532000000000266e+02
9.368087598408104668e+02,4.606532000000000266e+02
9.368531476631455917e+02,4.606532000000000266e+02
9.370474302258251100e+02,4.606532000000000266e+02
9.370168188757053258e+02,4.606532000000000266e+02
9.371361496382055520e+02,4.606532000000000266e+02
9.371804900882650600e+02,4.606532000000000266e+02
9.384304813953489202e+02,4.606532000000000266e+02
9.373441613008246804e+02,4.606532000000000266e+02
9.374635394356006373e+02,4.606532000000000266e+02
9.375078325133844146e+02,4.606532000000000266e+02
9.377023993920092835e+02,4.606532000000000266e+02
9.376715037259440351e+02,4.606532000000000266e+02
9.377909292329957225e+02,4.606532000000000266e+02
9.378351749385037692e+02,4.606532000000000266e+02
9.381805344727692955e+02,4.606532000000000266e+02
9.379988461510633897e+02,4.606532000000000266e+02
9.381183190303908077e+02,4.606532000000000266e+02
9.381625173636231239e+02,4.606532000000000266e+02
9.383573685581934569e+02,4.606532000000000266e+02
9.383261885761828580e+02,4.606532000000000266e+02
9.384457088277858929e+02,4.606532000000000266e+02
9.384898597887424785e+02,4.606532000000000266e+02
9.391384686774941883e+02,4.606532000000000266e+02
9.386535310013022126e+02,4.606532000000000266e+02
9.387730986251809782e+02,4.606532000000000266e+02
9.388172022138618331e+02,4.606532000000000266e+02
9.390123377243775167e+02,4.606532000000000266e+02
9.389808734264215673e+02,4.606532000000000266e+02
9.391004884225759497e+02,4.606532000000000266e+02
9.391445446389813014e+02,4.606532000000000266e+02
9.394912317497102094e+02,4.606532000000000266e+02
9.393082158515409219e+02,4.606532000000000266e+02
9.394278782199710349e+02,4.606532000000000266e+02
9.394718870641006561e+02,4.606532000000000266e+02
9.396673068905616901e+02,4.606532000000000266e+02
9.396355582766602765e+02,4.606532000000000266e+02
9.397552680173661201e+02,4.606532000000000266e+02
9.397992294892200107e+02,4.606532000000000266e+02
9.278387000000000171e+02,4.606532000000000266e+02
9.399629007017797448e+02,4.828564499999999953e+02
9.400826578147612054e+02,4.828564499999999953e+02
9.401265719143393653e+02,4.828564499999999953e+02
9.403222760567458636e+02,4.828564499999999953e+02
9.402902431268990995e+02,4.828564499999999953e+02
9.404100476121562906e+02,4.828564499999999953e+02
9.404539143394587200e+02,4.828564499999999953e+02
9.408019290266511234e+02,4.828564499999999953e+02
9.406175855520184541e+02,4.828564499999999953e+02
9.407374374095513758e+02,4.828564499999999953e+02
9.407812567645780746e+02,4.828564499999999953e+02
9.409772452229299233e+02,4.828564499999999953e+02
9.409449279771378087e+02,4.828564499999999953e+02
9.410648272069464610e+02,4.828564499999999953e+02
9.411085991896975429e+02,4.828564499999999953e+02
9.417629042923433644e+02,4.828564499999999953e+02
9.412722704022571634e+02,4.828564499999999953e+02
9.413922170043415463e+02,4.828564499999999953e+02
9.414359416148168975e+02,4.828564499999999953e+02
9.416322143891140968e+02,4.828564499999999953e+02
9.415996128273765180e+02,4.828564499999999953e+02
9.417196068017366315e+02,4.828564499999999953e+02
9.417632840399362522e+02,4.828564499999999953e+02
9.421126263035920374e+02,4.828564499999999953e+02
9.419269552524959863e+02,4.828564499999999953e+02
9.420469965991317167e+02,4.828564499999999953e+02
9.420906264650556068e+02,4.828564499999999953e+02
9.422871835552981565e+02,4.828564499999999953e+02
9.422542976776153409e+02,4.828564499999999953e+02
9.423743863965268019e+02,4.828564499999999953e+02
9.424179688901749614e+02,4.828564499999999953e+02
9.436915593023255724e+02,4.828564499999999953e+02
9.425816401027346956e+02,4.828564499999999953e+02
9.427017761939218872e+02,4.828564499999999953e+02
9.427453113152944297e+02,4.828564499999999953e+02
9.429421527214823300e+02,4.828564499999999953e+02
9.429089825278540502e+02,4.828564499999999953e+02
9.430291659913169724e+02,4.828564499999999953e+02
9.430726537404137844e+02,4.828564499999999953e+02
9.434233235805329514e+02,4.828564499999999953e+02
9.432363249529734048e+02,4.828564499999999953e+02
9.433565557887120576e+02,4.828564499999999953e+02
9.433999961655331390e+02,4.828564499999999953e+02
9.435971218876665034e+02,4.828564499999999953e+02
9.435636673780928732e+02,4.828564499999999953e+02
9.436839455861071428e+02,4.828564499999999953e+02
9.437273385906524936e+02,4.828564499999999953e+02
9.443873399071925405e+02,4.828564499999999953e+02
9.438910098032122278e+02,4.828564499999999953e+02
9.440113353835022281e+02,4.828564499999999953e+02
9.440546810157718483e+02,4.828564499999999953e+02
9.442520910538505632e+02,4.828564499999999953e+02
9.442183522283315824e+02,4.828564499999999953e+02
9.443387251808973133e+02,4.828564499999999953e+02
9.443820234408912029e+02,4.828564499999999953e+02
9.447340208574738654e+02,4.828564499999999953e+02
9.445456946534509370e+02,4.828564499999999953e+02
9.446661149782923985e+02,4.828564499999999953e+02
9.447093658660106712e+02,4.828564499999999953e+02
9.449070602200347366e+02,4.828564499999999953e+02
9.448730370785702917e+02,4.828564499999999953e+02
9.449935047756874837e+02,4.828564499999999953e+02
9.450367082911300258e+02,4.828564499999999953e+02
9.495218499999999722e+02,4.828564499999999953e+02
9.452003795036896463e+02,4.828564499999999953e+02
9.453208945730825690e+02,4.828564499999999953e+02
9.453640507162493805e+02,4.828564499999999953e+02
9.455620293862189101e+02,4.828564499999999953e+02
9.455277219288091146e+02,4.828564499999999953e+02
9.456482843704775405e+02,4.828564499999999953e+02
9.456913931413687351e+02,4.828564499999999953e+02
9.460447181344147793e+02,4.828564499999999953e+02
9.458550643539284692e+02,4.828564499999999953e+02
9.459756741678726257e+02,4.828564499999999953e+02
9.460187355664880897e+02,4.828564499999999953e+02
9.462169985524029698e+02,4.828564499999999953e+02
9.461824067790478239e+02,4.828564499999999953e+02
9.463030639652677110e+02,4.828564499999999953e+02
9.463460779916075580e+02,4.828564499999999953e+02
9.470117755220418303e+02,4.828564499999999953e+02
9.465097492041671785e+02,4.828564499999999953e+02
9.466304537626627962e+02,4.828564499999999953e+02
9.466734204167269127e+02,4.828564499999999953e+02
9.468719677185871433e+02,4.828564499999999953e+02
9.468370916292865331e+02,4.828564499999999953e+02
9.469578435600578814e+02,4.828564499999999953e+02
9.470007628418462673e+02,4.828564499999999953e+02
9.473554154113556933e+02,4.828564499999999953e+02
9.471644340544058878e+02,4.828564499999999953e+02
9.472852333574529666e+02,4.828564499999999953e+02
9.473281052669656219e+02,4.828564499999999953e+02
9.475269368847713167e+02,4.828564499999999953e+02
9.474917764795253561e+02,4.828564499999999953e+02
9.476126231548480519e+02,4.828564499999999953e+02
9.476554476920849766e+02,4.828564499999999953e+02
9.489526372093023383e+02,4.828564499999999953e+02
9.478191189046447107e+02,4.828564499999999953e+02
9.479400129522431371e+02,4.828564499999999953e+02
9.479827901172043312e+02,4.828564499999999953e+02
9.481819060509553765e+02,4.828564499999999953e+02
9.481464613297640653e+02,4.828564499999999953e+02
9.482674027496382223e+02,4.828564499999999953e+02
9.483101325423237995e+02,4.828564499999999953e+02
9.486661126882966073e+02,4.828564499999999953e+02
9.484738037548834200e+02,4.828564499999999953e+02
9.485947925470333075e+02,4.828564499999999953e+02
9.486374749674431541e+02,4.828564499999999953e+02
9.488368752171395499e+02,4.828564499999999953e+02
9.488011461800027746e+02,4.828564499999999953e+02
9.489221823444283928e+02,4.828564499999999953e+02
9.489648173925625088e+02,4.828564499999999953e+02
9.496362111368910064e+02,4.828564499999999953e+02
9.491284886051222429e+02,4.828564499999999953e+02
9.492495721418234780e+02,4.828564499999999953e+02
9.492921598176818634e+02,4.828564499999999953e+02
9.494918443833237234e+02,4.828564499999999953e+02
9.494558310302415975e+02,4.828564499999999953e+02
9.495769619392185632e+02,4.828564499999999953e+02
9.496195022428012180e+02,4.828564499999999953e+02
9.499768099652375213e+02,4.586164600000000178e+02
9.497831734553609522e+02,4.586164600000000178e+02
9.499043517366136484e+02,4.586164600000000178e+02
9.499468446679205726e+02,4.586164600000000178e+02
9.501468135495077831e+02,4.586164600000000178e+02
9.501105158804803068e+02,4.586164600000000178e+02
9.502317415340087337e+02,4.832221700000000055e+02
9.502741870930400410e+02,4.832221700000000055e+02
9.501684999999999945e+02,4.832221700000000055e+02
9.504378583055996614e+02,4.344492200000000253e+02
9.505591313314038189e+02,4.344492200000000253e+02
9.506015295181593956e+02,4.344492200000000253e+02
9.508017827156919566e+02,4.344492200000000253e+02
9.507652007307190161e+02,4.344492200000000253e+02
9.508865211287989041e+02,4.344492200000000253e+02
9.509288719432787502e+02,4.344492200000000253e+02
9.512875072421783216e+02,4.344492200000000253e+02
9.510925431558384844e+02,4.344492200000000253e+02
9.512139109261939893e+02,4.344492200000000253e+02
9.512562143683981049e+02,4.344492200000000253e+02
9.514567518818761300e+02,4.344492200000000253e+02
9.514198855809578390e+02,4.344492200000000253e+02
9.515413007235890746e+02,4.344492200000000253e+02
9.515835567935174595e+02,4.344492200000000253e+02
9.522606467517401825e+02,4.344492200000000253e+02
9.517472280060771936e+02,4.344492200000000253e+02
9.518686905209841598e+02,4.344492200000000253e+02
9.519108992186369278e+02,4.344492200000000253e+02
9.521117210480601898e+02,4.344492200000000253e+02
9.520745704311965483e+02,4.344492200000000253e+02
9.521960803183792450e+02,4.344492200000000253e+02
9.522382416437562824e+02,4.344492200000000253e+02
9.525982045191192356e+02,4.344492200000000253e+02
9.524019128563159029e+02,4.344492200000000253e+02
9.525234701157742165e+02,4.344492200000000253e+02
9.525655840688756371e+02,4.344492200000000253e+02
9.527666902142443632e+02,4.344492200000000253e+02
9.527292552814352575e+02,4.344492200000000253e+02
9.528508599131693018e+02,4.344492200000000253e+02
9.528929264939949917e+02,4.344492200000000253e+02
9.542137151162791042e+02,4.344492200000000253e+02
9.530565977065547258e+02,4.344492200000000253e+02
9.531782497105643870e+02,4.344492200000000253e+02
9.532202689191143463e+02,4.344492200000000253e+02
9.534216593804285367e+02,4.344492200000000253e+02
9.533839401316740805e+02,4.344492200000000253e+02
9.535056395079594722e+02,4.344492200000000253e+02
9.535476113442337009e+02,4.344492200000000253e+02
9.539089017960601495e+02,4.344492200000000253e+02
9.537112825567934351e+02,4.344492200000000253e+02
9.538330293053545574e+02,4.344492200000000253e+02
9.538749537693531693e+02,4.344492200000000253e+02
9.540766285466125964e+02,4.344492200000000253e+02
9.540386249819127897e+02,4.344492200000000253e+02
9.541604191027496427e+02,4.344492200000000253e+02
9.542022961944725239e+02,4.344492200000000253e+02
9.548850823665893586e+02,4.787822300000000268e+02
9.543659674070321444e+02,4.344492200000000253e+02
9.544878089001447279e+02,4.344492200000000253e+02
9.545296386195918785e+02,4.344492200000000253e+02
9.547315977127967699e+02,4.787822300000000268e+02
9.546933098321516127e+02,4.787822300000000268e+02
9.548151986975398131e+02,4.787822300000000268e+02
9.548569810447112332e+02,4.787822300000000268e+02
9.552195990730010635e+02,4.787822300000000268e+02
9.550206522572709673e+02,4.787822300000000268e+02
9.551425884949348983e+02,4.787822300000000268e+02
9.551843234698305878e+02,4.787822300000000268e+02
9.553865668789809433e+02,4.787822300000000268e+02
9.553479946823903219e+02,4.787822300000000268e+02
9.554699782923299836e+02,4.787822300000000268e+02
9.555116658949500561e+02,4.787822300000000268e+02
9.501684999999999945e+02,4.832221700000000055e+02
9.556753371075096766e+02,4.897647699999999986e+02
9.557973680897250688e+02,4.897647699999999986e+02
9.558390083200694107e+02,4.897647699999999986e+02
9.560415360451650031e+02,4.897647699999999986e+02
9.560026795326290312e+02,4.897647699999999986e+02
9.561247578871201540e+02,4.897647699999999986e+02
9.561663507451887654e+02,4.897647699999999986e+02
9.565302963499419775e+02,4.897647699999999986e+02
9.563300219577483858e+02,4.897647699999999986e+02
9.564521476845152392e+02,4.897647699999999986e+02
9.564936931703081200e+02,4.897647699999999986e+02
9.566965052113491765e+02,4.897647699999999986e+02
9.566573643828678541e+02,4.897647699999999986e+02
9.567795374819103245e+02,4.897647699999999986e+02
9.568210355954274746e+02,4.897647699999999986e+02
9.575095179814385347e+02,4.897647699999999986e+02
9.569847068079872088e+02,4.897647699999999986e+02
9.571069272793054097e+02,4.897647699999999986e+02
9.571483780205468292e+02,4.897647699999999986e+02
9.573514743775333500e+02,4.897647699999999986e+02
9.573120492331065634e+02,4.897647699999999986e+02
9.574343170767004949e+02,4.897647699999999986e+02
9.574757204456662976e+02,4.897647699999999986e+02
9.578409936268828915e+02,4.897647699999999986e+02
9.576393916582259180e+02,4.897647699999999986e+02
9.577617068740955801e+02,4.897647699999999986e+02
9.578030628707856522e+02,4.897647699999999986e+02
9.580064435437174097e+02,4.897647699999999986e+02
9.579667340833452727e+02,4.897647699999999986e+02
9.580890966714906654e+02,4.897647699999999986e+02
9.581304052959050068e+02,4.897647699999999986e+02
9.594747930232558701e+02,4.897647699999999986e+02
9.582940765084647410e+02,4.897647699999999986e+02
9.584164864688857506e+02,4.897647699999999986e+02
9.584577477210243615e+02,4.897647699999999986e+02
9.586614127099015832e+02,4.897647699999999986e+02
9.586214189335840956e+02,4.897647699999999986e+02
9.587438762662808358e+02,4.897647699999999986e+02
9.587850901461437161e+02,4.897647699999999986e+02
9.591516909038238055e+02,4.897647699999999986e+02
9.589487613587034502e+02,4.897647699999999986e+02
9.590712660636758073e+02,4.897647699999999986e+02
9.591124325712630707e+02,4.897647699999999986e+02
9.593163818760857566e+02,4.897647699999999986e+02
9.592761037838228049e+02,4.897647699999999986e+02
9.593986558610708926e+02,4.897647699999999986e+02
9.594397749963825390e+02,4.897647699999999986e+02
9.601339535962877108e+02,4.897647699999999986e+02
9.596034462089421595e+02,4.897647699999999986e+02
9.597260456584659778e+02,4.897647699999999986e+02
9.597671174215018937e+02,4.897647699999999986e+02
9.599713510422698164e+02,4.897647699999999986e+02
9.599307886340615141e+02,4.897647699999999986e+02
9.600534354558610630e+02,4.897647699999999986e+02
9.600944598466212483e+02,4.897647699999999986e+02
9.604623881807647194e+02,4.897647699999999986e+02
9.602581310591809824e+02,4.897647699999999986e+02
9.603808252532561482e+02,4.897647699999999986e+02
9.604218022717406029e+02,4.897647699999999986e+02
9.606263202084539898e+02,4.897647699999999986e+02
9.605854734843003371e+02,4.897647699999999986e+02
9.607082150506512335e+02,4.897647699999999986e+02
9.607491446968599575e+02,4.897647699999999986e+02
1.044637799999999970e+03,4.352429200000000264e+02
9.609128159094196917e+02,4.897647699999999986e+02
9.610356048480463187e+02,4.897647699999999986e+02
9.610764871219794259e+02,4.897647699999999986e+02
9.612812893746380496e+02,4.897647699999999986e+02
9.612401583345390463e+02,4.897647699999999986e+02
9.613629946454414039e+02,4.897647699999999986e+02
9.614038295470987805e+02,4.897647699999999986e+02
9.617730854577056334e+02,4.897647699999999986e+02
9.615675007596584010e+02,4.897647699999999986e+02
9.616903844428364891e+02,4.897647699999999986e+02
9.617311719722181351e+02,4.897647699999999986e+02
9.619362585408222230e+02,4.897647699999999986e+02
9.618948431847777556e+02,4.897647699999999986e+02
9.620177742402315744e+02,4.897647699999999986e+02
9.620585143973374898e+02,4.897647699999999986e+02
9.627583892111368868e+02,4.897647699999999986e+02
9.622221856098972239e+02,4.897647699999999986e+02
9.623451640376266596e+02,4.897647699999999986e+02
9.623858568224568444e+02,4.897647699999999986e+02
9.625912277070063965e+02,4.897647699999999986e+02
9.625495280350165785e+02,4.897647699999999986e+02
9.626725538350217448e+02,4.897647699999999986e+02
9.627131992475761990e+02,4.897647699999999986e+02
9.630837827346465474e+02,4.897647699999999986e+02
9.628768704601359332e+02,4.897647699999999986e+02
9.629999436324168300e+02,4.897647699999999986e+02
9.630405416726956673e+02,4.897647699999999986e+02
9.632461968731904562e+02,4.897647699999999986e+02
9.632042128852552878e+02,4.897647699999999986e+02
9.633273334298119153e+02,4.897647699999999986e+02
9.633678840978150220e+02,4.897647699999999986e+02
9.647358709302326361e+02,4.897647699999999986e+02
9.635315553103746424e+02,4.897647699999999986e+02
9.636547232272070005e+02,4.897647699999999986e+02
9.636952265229343766e+02,4.897647699999999986e+02
9.639011660393746297e+02,4.897647699999999986e+02
9.638588977354941107e+02,4.897647699999999986e+02
9.639821130246020857e+02,4.897647699999999986e+02
9.640225689480537312e+02,4.897647699999999986e+02
9.643944800115874614e+02,4.897647699999999986e+02
9.641862401606134654e+02,4.897647699999999986e+02
9.643095028219971709e+02,4.897647699999999986e+02
9.643499113731730858e+02,4.897647699999999986e+02
9.645561352055588031e+02,4.897647699999999986e+02
9.645135825857328200e+02,4.897647699999999986e+02
9.646368926193922562e+02,4.897647699999999986e+02
9.646772537982925542e+02,4.897647699999999986e+02
9.653828248259860629e+02,4.897647699999999986e+02
9.648409250108521746e+02,4.897647699999999986e+02
9.649642824167873414e+02,4.897647699999999986e+02
9.650045962234119088e+02,4.897647699999999986e+02
9.652111043717428629e+02,4.897647699999999986e+02
9.651682674359715293e+02,4.897647699999999986e+02
9.652916722141824266e+02,4.897647699999999986e+02
9.653319386485312634e+02,4.897647699999999986e+02
9.657051772885283754e+02,4.897647699999999986e+02
9.654956098610908839e+02,4.897647699999999986e+02
9.656190620115773982e+02,4.897647699999999986e+02
9.656592810736506181e+02,4.897647699999999986e+02
9.658660735379270363e+02,4.897647699999999986e+02
9.658229522862103522e+02,4.897647699999999986e+02
9.659464518089724834e+02,4.897647699999999986e+02
9.659866234987699727e+02,4.897647699999999986e+02
1.044637799999999970e+03,4.352429200000000264e+02
9.661502947113297068e+02,4.124168700000000172e+02
9.662738416063675686e+02,4.124168700000000172e+02
9.663139659238893273e+02,4.124168700000000172e+02
9.665210427041112098e+02,4.124168700000000172e+02
9.664776371364490615e+02,4.124168700000000172e+02
9.666012314037626538e+02,4.124168700000000172e+02
9.666413083490087956e+02,4.124168700000000172e+02
9.670158745654691756e+02,4.124168700000000172e+02
9.668049795615684161e+02,4.124168700000000172e+02
9.669286212011577391e+02,4.124168700000000172e+02
9.669686507741281503e+02,4.124168700000000172e+02
9.671760118702952695e+02,4.124168700000000172e+02
9.671323219866877707e+02,4.124168700000000172e+02
9.672560109985528243e+02,4.124168700000000172e+02
9.672959931992475049e+02,4.124168700000000172e+02
9.680072604408352390e+02,4.124168700000000172e+02
9.674596644118072390e+02,4.124168700000000172e+02
9.675834007959479095e+02,4.124168700000000172e+02
9.676233356243668595e+02,4.124168700000000172e+02
9.678309810364794430e+02,4.124168700000000172e+02
9.677870068369265937e+02,4.124168700000000172e+02
9.679107905933429947e+02,4.124168700000000172e+02
9.679506780494862141e+02,4.124168700000000172e+02
9.683265718424100896e+02,4.124168700000000172e+02
9.681143492620459483e+02,4.124168700000000172e+02
9.682381803907380800e+02,4.124168700000000172e+02
9.682780204746055688e+02,4.124168700000000172e+02
9.684859502026636164e+02,4.124168700000000172e+02
9.684416916871653029e+02,4.124168700000000172e+02
9.685655701881331652e+02,4.124168700000000172e+02
9.686053628997250371e+02,4.124168700000000172e+02
9.699969488372092883e+02,4.124168700000000172e+02
9.687690341122846576e+02,4.124168700000000172e+02
9.688929599855282504e+02,4.124168700000000172e+02
9.689327053248443917e+02,4.124168700000000172e+02
9.691409193688476762e+02,4.124168700000000172e+02
9.690963765374040122e+02,4.124168700000000172e+02
9.692203497829233356e+02,4.124168700000000172e+02
9.692600477499637464e+02,4.124168700000000172e+02
9.696372691193510036e+02,4.124168700000000172e+02
9.694237189625234805e+02,4.124168700000000172e+02
9.695477395803184208e+02,4.124168700000000172e+02
9.695873901750831010e+02,4.124168700000000172e+02
9.697958885350318496e+02,4.124168700000000172e+02
9.697510613876428351e+02,4.124168700000000172e+02
9.698751293777135061e+02,4.124168700000000172e+02
9.699147326002024556e+02,4.124168700000000172e+02
9.706316960556844151e+02,4.124168700000000172e+02
9.700784038127621898e+02,4.124168700000000172e+02
9.702025191751085913e+02,4.124168700000000172e+02
9.702420750253219239e+02,4.124168700000000172e+02
9.704508577012160231e+02,4.124168700000000172e+02
9.704057462378815444e+02,4.124168700000000172e+02
9.705299089725036765e+02,4.124168700000000172e+02
9.705694174504412786e+02,4.124168700000000172e+02
9.709479663962919176e+02,4.124168700000000172e+02
9.707330886630008990e+02,4.124168700000000172e+02
9.708572987698987617e+02,4.124168700000000172e+02
9.708967598755606332e+02,4.124168700000000172e+02
9.711058268674000828e+02,4.124168700000000172e+02
9.710604310881202537e+02,4.124168700000000172e+02
9.711846885672938470e+02,4.124168700000000172e+02
9.712241023006799878e+02,4.124168700000000172e+02
1.034854399999999941e+03,4.070153799999999933e+02
9.713877735132397220e+02,4.001795700000000124e+02
9.715120783646889322e+02,4.001795700000000124e+02
9.715514447257993425e+02,4.001795700000000124e+02
9.717607960335842563e+02,4.001795700000000124e+02
9.717151159383590766e+02,4.001795700000000124e+02
9.718394681620840174e+02,4.001795700000000124e+02
9.718787871509186971e+02,4.001795700000000124e+02
9.722586636732328316e+02,4.001795700000000124e+02
9.720424583634784312e+02,4.001795700000000124e+02
9.721668579594789890e+02,4.001795700000000124e+02
9.722061295760381654e+02,4.001795700000000124e+02
9.724157651997684297e+02,4.001795700000000124e+02
9.723698007885977859e+02,4.001795700000000124e+02
9.724942477568740742e+02,4.001795700000000124e+02
9.725334720011575200e+02,4.001795700000000124e+02
9.732561316705337049e+02,4.001795700000000124e+02
9.726971432137171405e+02,4.001795700000000124e+02
9.728216375542691594e+02,4.001795700000000124e+02
9.728608144262768747e+02,4.001795700000000124e+02
9.730707343659524895e+02,4.001795700000000124e+02
9.730244856388366088e+02,4.001795700000000124e+02
9.731490273516642446e+02,4.001795700000000124e+02
9.731881568513962293e+02,4.001795700000000124e+02
9.735693609501737456e+02,4.001795700000000124e+02
9.733518280639559634e+02,4.001795700000000124e+02
9.734764171490593299e+02,4.001795700000000124e+02
9.735154992765155839e+02,4.001795700000000124e+02
9.737257035321366629e+02,4.001795700000000124e+02
9.736791704890753181e+02,4.001795700000000124e+02
9.738038069464544151e+02,4.001795700000000124e+02
9.738428417016349385e+02,4.001795700000000124e+02
9.752580267441860542e+02,4.001795700000000124e+02
9.740065129141946727e+02,4.001795700000000124e+02
9.741311967438495003e+02,4.001795700000000124e+02
9.741701841267544069e+02,4.001795700000000124e+02
9.743806726983208364e+02,4.001795700000000124e+02
9.743338553393140273e+02,4.001795700000000124e+02
9.744585865412445855e+02,4.001795700000000124e+02
9.744975265518737615e+02,4.001795700000000124e+02
9.748800582271146595e+02,4.001795700000000124e+02
9.746611977644333820e+02,4.001795700000000124e+02
9.747859763386396708e+02,4.001795700000000124e+02
9.748248689769931161e+02,4.001795700000000124e+02
9.750356418645048961e+02,4.001795700000000124e+02
9.749885401895528503e+02,4.001795700000000124e+02
9.751133661360347560e+02,4.001795700000000124e+02
9.751522114021124708e+02,4.001795700000000124e+02
9.758805672853828810e+02,4.001795700000000124e+02
9.753158826146722049e+02,4.001795700000000124e+02
9.754407559334298412e+02,4.001795700000000124e+02
9.754795538272318254e+02,4.001795700000000124e+02
9.756906110306890696e+02,4.001795700000000124e+02
9.756432250397915595e+02,4.001795700000000124e+02
9.757681457308249264e+02,4.001795700000000124e+02
9.758068962523512937e+02,4.001795700000000124e+02
9.761907555040555735e+02,4.001795700000000124e+02
9.759705674649109142e+02,4.001795700000000124e+02
9.760955355282200117e+02,4.001795700000000124e+02
9.761342386774706483e+02,4.001795700000000124e+02
9.763455801968732430e+02,4.001795700000000124e+02
9.762979098900302688e+02,4.001795700000000124e+02
9.764229253256150969e+02,4.001795700000000124e+02
9.764615811025900030e+02,4.001795700000000124e+02
1.029215799999999945e+03,4.003818400000000111e+02
9.766252523151497371e+02,4.001795700000000124e+02
9.767503151230101821e+02,4.001795700000000124e+02
9.767889235277093576e+02,4.001795700000000124e+02
9.770005493630573028e+02,4.001795700000000124e+02
9.769525947402690917e+02,4.001795700000000124e+02
9.770777049204052673e+02,4.001795700000000124e+02
9.771162659528287122e+02,4.001795700000000124e+02
9.775014527809964875e+02,4.001795700000000124e+02
9.772799371653884464e+02,4.001795700000000124e+02
9.774050947178003526e+02,4.001795700000000124e+02
9.774436083779480668e+02,4.001795700000000124e+02
9.776555185292414762e+02,4.001795700000000124e+02
9.776072795905078010e+02,4.001795700000000124e+02
9.777324845151954378e+02,4.001795700000000124e+02
9.777709508030675352e+02,4.001795700000000124e+02
9.785050029002320571e+02,4.001795700000000124e+02
9.779346220156271556e+02,4.001795700000000124e+02
9.780598743125905230e+02,4.001795700000000124e+02
9.780982932281868898e+02,4.001795700000000124e+02
9.783104876954256497e+02,4.001795700000000124e+02
9.782619644407465103e+02,4.001795700000000124e+02
9.783872641099856082e+02,4.001795700000000124e+02
9.784256356533062444e+02,4.001795700000000124e+02
9.788121500579374015e+02,4.001795700000000124e+02
9.785893068658659786e+02,4.001795700000000124e+02
9.787146539073806935e+02,4.001795700000000124e+02
9.787529780784255991e+02,4.001795700000000124e+02
9.789654568616097094e+02,4.001795700000000124e+02
9.789166492909853332e+02,4.001795700000000124e+02
9.790420437047756650e+02,4.001795700000000124e+02
9.790803205035449537e+02,4.001795700000000124e+02
9.805191046511628201e+02,4.001795700000000124e+02
9.792439917161046878e+02,4.001795700000000124e+02
9.793694335021707502e+02,4.001795700000000124e+02
9.794076629286644220e+02,4.001795700000000124e+02
9.796204260277938829e+02,4.001795700000000124e+02
9.795713341412240425e+02,4.001795700000000124e+02
9.796968232995658354e+02,4.001795700000000124e+02
9.797350053537837766e+02,4.001795700000000124e+02
9.801228473348783155e+02,4.001795700000000124e+02
9.798986765663433971e+02,4.001795700000000124e+02
9.800242130969609207e+02,4.001795700000000124e+02
9.800623477789031313e+02,4.001795700000000124e+02
9.802753951939780563e+02,4.001795700000000124e+02
9.802260189914627517e+02,4.001795700000000124e+02
9.803516028943560059e+02,4.001795700000000124e+02
9.803896902040224859e+02,4.001795700000000124e+02
9.811294385150812332e+02,4.982361999999999966e+02
9.805533614165822200e+02,4.001795700000000124e+02
9.806789926917510911e+02,4.001795700000000124e+02
9.807170326291418405e+02,4.001795700000000124e+02
9.809303643601621161e+02,4.982361999999999966e+02
9.808807038417015747e+02,4.982361999999999966e+02
9.810063824891461763e+02,4.982361999999999966e+02
9.810443750542611951e+02,4.982361999999999966e+02
9.814335446118191157e+02,4.982361999999999966e+02
9.812080462668209293e+02,4.982361999999999966e+02
9.813337722865412616e+02,4.982361999999999966e+02
9.813717174793806635e+02,4.982361999999999966e+02
9.815853335263462895e+02,4.982361999999999966e+02
9.815353886919402839e+02,4.982361999999999966e+02
9.816611620839363468e+02,4.982361999999999966e+02
9.816990599045000181e+02,4.982361999999999966e+02
1.014136700000000019e+03,3.929450699999999870e+02
9.818627311170596386e+02,4.982361999999999966e+02
9.819885518813314320e+02,4.982361999999999966e+02
9.820264023296193727e+02,4.982361999999999966e+02
9.822403026925304630e+02,4.982361999999999966e+02
9.821900735421791069e+02,4.982361999999999966e+02
9.823159416787265172e+02,4.982361999999999966e+02
9.823537447547387274e+02,4.982361999999999966e+02
9.827442418887600297e+02,4.982361999999999966e+02
9.825174159672984615e+02,4.982361999999999966e+02
9.826433314761216025e+02,4.982361999999999966e+02
9.826810871798580820e+02,4.982361999999999966e+02
9.828952718587145228e+02,4.982361999999999966e+02
9.828447583924178161e+02,4.982361999999999966e+02
9.829707212735166877e+02,4.982361999999999966e+02
9.830084296049774366e+02,4.982361999999999966e+02
9.837538741299304093e+02,4.982361999999999966e+02
9.831721008175371708e+02,4.982361999999999966e+02
9.832981110709117729e+02,4.982361999999999966e+02
9.833357720300969049e+02,4.982361999999999966e+02
9.835502410248986962e+02,4.982361999999999966e+02
9.834994432426565254e+02,4.982361999999999966e+02
9.836255008683068581e+02,4.982361999999999966e+02
9.836631144552162596e+02,4.982361999999999966e+02
9.840549391657009437e+02,4.982361999999999966e+02
9.838267856677758800e+02,4.982361999999999966e+02
9.839528906657019434e+02,4.982361999999999966e+02
9.839904568803356142e+02,4.982361999999999966e+02
9.842052101910827560e+02,4.982361999999999966e+02
9.841541280928953483e+02,4.982361999999999966e+02
9.842802804630970286e+02,4.982361999999999966e+02
9.843177993054549688e+02,4.982361999999999966e+02
9.857801825581395860e+02,4.982361999999999966e+02
9.844814705180147030e+02,4.982361999999999966e+02
9.846076702604921138e+02,4.982361999999999966e+02
9.846451417305743234e+02,4.982361999999999966e+02
9.848601793572669294e+02,4.982361999999999966e+02
9.848088129431340576e+02,4.982361999999999966e+02
9.849350600578871990e+02,4.982361999999999966e+02
9.849724841556937918e+02,4.982361999999999966e+02
9.853656364426418577e+02,4.982361999999999966e+02
9.851361553682534122e+02,4.982361999999999966e+02
9.852624498552822843e+02,4.982361999999999966e+02
9.852998265808131464e+02,4.982361999999999966e+02
9.855151485234511028e+02,4.982361999999999966e+02
9.854634977933727669e+02,4.982361999999999966e+02
9.855898396526772558e+02,4.982361999999999966e+02
9.856271690059325010e+02,4.982361999999999966e+02
9.863783097447795853e+02,4.982361999999999966e+02
9.857908402184921215e+02,4.982361999999999966e+02
9.859172294500723410e+02,4.982361999999999966e+02
9.859545114310518557e+02,4.982361999999999966e+02
9.861701176896351626e+02,4.982361999999999966e+02
9.861181826436115898e+02,4.982361999999999966e+02
9.862446192474674262e+02,4.982361999999999966e+02
9.862818538561712103e+02,4.982361999999999966e+02
9.866763337195827717e+02,4.982361999999999966e+02
9.864455250687309444e+02,4.982361999999999966e+02
9.865720090448625115e+02,4.982361999999999966e+02
9.866091962812905649e+02,4.982361999999999966e+02
9.868250868558193361e+02,4.982361999999999966e+02
9.867728674938502991e+02,4.982361999999999966e+02
9.868993988422575967e+02,4.982361999999999966e+02
9.869365387064100332e+02,4.982361999999999966e+02
9.954927000000000135e+02,3.942486599999999726e+02
9.871002099189696537e+02,3.942486599999999726e+02
9.872267886396526819e+02,3.942486599999999726e+02
9.872638811315293879e+02,3.942486599999999726e+02
9.874800560220035095e+02,3.942486599999999726e+02
9.874275523440890083e+02,3.942486599999999726e+02
9.875541784370477671e+02,3.942486599999999726e+02
9.875912235566487425e+02,3.942486599999999726e+02
9.879870309965236856e+02,3.942486599999999726e+02
9.877548947692084766e+02,3.942486599999999726e+02
9.878815682344428524e+02,3.942486599999999726e+02
9.879185659817680971e+02,3.942486599999999726e+02
9.881350251881875693e+02,3.942486599999999726e+02
9.880822371943278313e+02,3.942486599999999726e+02
9.882089580318379376e+02,3.942486599999999726e+02
9.882459084068874517e+02,3.942486599999999726e+02
9.890027453596287614e+02,3.942486599999999726e+02
9.884095796194471859e+02,3.942486599999999726e+02
9.885363478292330228e+02,3.942486599999999726e+02
9.885732508320069201e+02,3.942486599999999726e+02
9.887899943543717427e+02,3.942486599999999726e+02
9.887369220445665405e+02,3.942486599999999726e+02
9.888637376266281080e+02,3.942486599999999726e+02
9.889005932571262747e+02,3.942486599999999726e+02
9.892977282734645996e+02,3.942486599999999726e+02
9.890642644696858952e+02,3.942486599999999726e+02
9.891911274240231933e+02,3.942486599999999726e+02
9.892279356822456293e+02,3.942486599999999726e+02
9.894449635205559161e+02,3.942486599999999726e+02
9.893916068948052498e+02,3.942486599999999726e+02
9.895185172214182785e+02,3.942486599999999726e+02
9.895552781073649840e+02,3.942486599999999726e+02
9.910412604651163520e+02,3.942486599999999726e+02
9.897189493199247181e+02,3.942486599999999726e+02
9.898459070188133637e+02,3.942486599999999726e+02
9.898826205324843386e+02,3.942486599999999726e+02
9.900999326867399759e+02,3.942486599999999726e+02
9.900462917450440727e+02,3.942486599999999726e+02
9.901732968162084489e+02,3.942486599999999726e+02
9.902099629576036932e+02,3.942486599999999726e+02
9.906084255504055136e+02,3.942486599999999726e+02
9.903736341701634274e+02,3.942486599999999726e+02
9.905006866136035342e+02,3.942486599999999726e+02
9.905373053827231615e+02,3.942486599999999726e+02
9.907549018529241494e+02,3.942486599999999726e+02
9.907009765952827820e+02,3.942486599999999726e+02
9.908280764109986194e+02,3.942486599999999726e+02
9.908646478078425162e+02,3.942486599999999726e+02
9.916271809744779375e+02,3.942486599999999726e+02
9.910283190204021366e+02,3.942486599999999726e+02
9.911554662083937046e+02,3.942486599999999726e+02
9.911919902329618708e+02,3.942486599999999726e+02
9.914098710191083228e+02,3.942486599999999726e+02
9.913556614455216049e+02,3.942486599999999726e+02
9.914828560057887898e+02,3.942486599999999726e+02
9.915193326580812254e+02,3.942486599999999726e+02
9.919191228273464276e+02,3.942486599999999726e+02
9.916830038706409596e+02,3.942486599999999726e+02
9.918102458031838751e+02,3.942486599999999726e+02
9.918466750832005800e+02,3.942486599999999726e+02
9.920648401852923826e+02,3.942486599999999726e+02
9.920103462957603142e+02,3.942486599999999726e+02
9.921376356005788466e+02,3.942486599999999726e+02
9.921740175083199347e+02,3.942486599999999726e+02
9.808537599999999657e+02,4.001795700000000124e+02
9.923376887208796688e+02,3.942486599999999726e+02
9.924650253979739318e+02,3.942486599999999726e+02
9.925013599334394030e+02,3.942486599999999726e+02
9.927198093514765560e+02,3.942486599999999726e+02
9.926650311459990235e+02,3.942486599999999726e+02
9.927924151953690171e+02,3.942486599999999726e+02
9.928287023585587576e+02,3.942486599999999726e+02
9.932298201042873416e+02,3.942486599999999726e+02
9.929923735711183781e+02,3.942486599999999726e+02
9.931198049927641023e+02,3.942486599999999726e+02
9.931560447836781123e+02,3.942486599999999726e+02
9.933747785176607294e+02,3.942486599999999726e+02
9.933197159962378464e+02,3.942486599999999726e+02
9.934471947901591875e+02,3.942486599999999726e+02
9.934833872087974669e+02,3.942486599999999726e+02
9.942516165893271136e+02,3.942486599999999726e+02
9.936470584213572010e+02,3.942486599999999726e+02
9.937745845875542727e+02,3.942486599999999726e+02
9.938107296339168215e+02,3.942486599999999726e+02
9.940297476838447892e+02,3.942486599999999726e+02
9.939744008464765557e+02,3.942486599999999726e+02
9.941019743849493580e+02,3.942486599999999726e+02
9.941380720590362898e+02,3.942486599999999726e+02
9.945405173812282555e+02,3.942486599999999726e+02
9.943017432715959103e+02,3.942486599999999726e+02
9.944293641823444432e+02,3.942486599999999726e+02
9.944654144841556445e+02,3.942486599999999726e+02
9.946847168500289627e+02,3.942486599999999726e+02
9.946290856967152649e+02,3.942486599999999726e+02
9.947567539797395284e+02,3.942486599999999726e+02
9.947927569092749991e+02,3.942486599999999726e+02
9.963023383720930042e+02,3.942486599999999726e+02
9.949564281218346196e+02,3.942486599999999726e+02
9.950841437771346136e+02,3.942486599999999726e+02
9.951200993343943537e+02,3.942486599999999726e+02
9.953396860162131361e+02,3.942486599999999726e+02
9.952837705469540879e+02,3.942486599999999726e+02
9.954115335745296989e+02,3.942486599999999726e+02
9.954474417595137083e+02,3.942486599999999726e+02
9.958512146581690558e+02,3.942486599999999726e+02
9.956111129720734425e+02,3.942486599999999726e+02
9.957389233719247841e+02,3.942486599999999726e+02
9.957747841846330630e+02,3.942486599999999726e+02
9.959946551823971959e+02,3.942486599999999726e+02
9.959384553971927971e+02,3.942486599999999726e+02
9.960663131693198693e+02,3.942486599999999726e+02
9.961021266097525313e+02,3.942486599999999726e+02
9.968760522041764034e+02,3.942486599999999726e+02
9.962657978223121518e+02,3.942486599999999726e+02
9.963937029667149545e+02,3.942486599999999726e+02
9.964294690348718859e+02,3.942486599999999726e+02
9.966496243485813693e+02,3.942486599999999726e+02
9.965931402474315064e+02,3.942486599999999726e+02
9.967210927641100398e+02,3.942486599999999726e+02
9.967568114599912406e+02,3.942486599999999726e+02
9.971619119351099698e+02,3.942486599999999726e+02
9.969204826725509747e+02,3.942486599999999726e+02
9.970484825615051250e+02,3.942486599999999726e+02
9.970841538851105952e+02,3.942486599999999726e+02
9.973045935147655427e+02,3.942486599999999726e+02
9.972478250976703293e+02,3.942486599999999726e+02
9.973758723589002102e+02,3.942486599999999726e+02
9.974114963102299498e+02,3.942486599999999726e+02
9.671233999999999469e+02,4.124168700000000172e+02
9.975751675227896840e+02,4.991661399999999844e+02
9.977032621562952954e+02,4.991661399999999844e+02
9.977388387353494181e+02,4.991661399999999844e+02
9.979595626809496025e+02,4.991661399999999844e+02
9.979025099479090386e+02,4.991661399999999844e+02
9.980306519536903807e+02,4.991661399999999844e+02
9.980661811604687728e+02,4.991661399999999844e+02
9.984726092120508838e+02,4.991661399999999844e+02
9.982298523730283932e+02,4.991661399999999844e+02
9.983580417510854659e+02,4.991661399999999844e+02
9.983935235855881274e+02,4.991661399999999844e+02
9.986145318471337760e+02,4.991661399999999844e+02
9.985571947981477479e+02,4.991661399999999844e+02
9.986854315484805511e+02,4.991661399999999844e+02
9.987208660107074820e+02,4.991661399999999844e+02
9.995004878190255795e+02,4.991661399999999844e+02
9.988845372232672162e+02,4.991661399999999844e+02
9.990128213458755226e+02,4.991661399999999844e+02
9.990482084358268366e+02,4.991661399999999844e+02
9.992695010133179494e+02,4.991661399999999844e+02
9.992118796483865708e+02,4.991661399999999844e+02
9.993402111432706079e+02,4.991661399999999844e+02
9.993755508609461913e+02,4.991661399999999844e+02
9.997833064889917978e+02,4.991661399999999844e+02
9.995392220735059254e+02,4.991661399999999844e+02
9.996676009406656931e+02,4.991661399999999844e+02
9.997028932860656596e+02,4.991661399999999844e+02
9.999244701795020092e+02,4.991661399999999844e+02
9.998665644986252801e+02,4.991661399999999844e+02
9.999949907380607783e+02,4.991661399999999844e+02
1.000030235711185014e+03,4.991661399999999844e+02
1.001563416279069770e+03,4.991661399999999844e+02
1.000193906923744635e+03,4.991661399999999844e+02
1.000322380535455864e+03,4.991661399999999844e+02
1.000357578136304369e+03,4.991661399999999844e+02
1.000579439345686183e+03,4.991661399999999844e+02
1.000521249348864103e+03,4.991661399999999844e+02
1.000649770332850949e+03,4.991661399999999844e+02
1.000684920561423723e+03,4.991661399999999844e+02
1.001094003765932712e+03,4.991661399999999844e+02
1.000848591773983458e+03,4.991661399999999844e+02
1.000977160130246034e+03,4.991661399999999844e+02
1.001012262986543078e+03,4.991661399999999844e+02
1.001234408511870356e+03,4.991661399999999844e+02
1.001175934199102812e+03,4.991661399999999844e+02
1.001304549927641119e+03,4.991661399999999844e+02
1.001339605411662433e+03,4.991661399999999844e+02
1.002124923433874756e+03,4.991661399999999844e+02
1.001503276624222167e+03,4.991661399999999844e+02
1.001631939725036204e+03,4.991661399999999844e+02
1.001666947836781901e+03,4.991661399999999844e+02
1.001889377678054416e+03,4.991661399999999844e+02
1.001830619049341522e+03,4.991661399999999844e+02
1.001959329522431290e+03,4.991661399999999844e+02
1.001994290261901256e+03,4.991661399999999844e+02
1.002404701042873626e+03,4.991661399999999844e+02
1.002157961474460876e+03,4.991661399999999844e+02
1.002286719319826375e+03,4.991661399999999844e+02
1.002321632687020610e+03,4.991661399999999844e+02
1.002544346844238589e+03,4.991661399999999844e+02
1.002485303899580344e+03,4.991661399999999844e+02
1.002614109117221460e+03,4.991661399999999844e+02
1.002648975112139965e+03,4.991661399999999844e+02
9.543881999999999834e+02,4.344492200000000253e+02
1.002812646324699699e+03,4.991661399999999844e+02
1.002941498914616545e+03,4.991661399999999844e+02
1.002976317537259320e+03,4.991661399999999844e+02
1.003199316010422649e+03,4.991661399999999844e+02
1.003139988749819054e+03,4.991661399999999844e+02
1.003268888712011631e+03,4.991661399999999844e+02
1.003303659962378788e+03,4.991661399999999844e+02
1.003715398319814540e+03,4.991661399999999844e+02
1.003467331174938408e+03,4.991661399999999844e+02
1.003596278509406716e+03,4.991661399999999844e+02
1.003631002387498143e+03,4.991661399999999844e+02
1.003854285176606822e+03,4.991661399999999844e+02
1.003794673600057763e+03,4.991661399999999844e+02
1.003923668306801801e+03,4.991661399999999844e+02
1.003958344812617497e+03,4.991661399999999844e+02
1.004749359048723932e+03,4.991661399999999844e+02
1.004122016025177118e+03,4.991661399999999844e+02
1.004251058104196886e+03,4.991661399999999844e+02
1.004285687237736852e+03,4.991661399999999844e+02
1.004509254342790996e+03,4.991661399999999844e+02
1.004449358450296586e+03,4.991661399999999844e+02
1.004578447901591971e+03,4.991661399999999844e+02
1.004613029662856206e+03,4.991661399999999844e+02
1.005026095596755454e+03,4.991661399999999844e+02
1.004776700875415941e+03,4.991661399999999844e+02
1.004905837698987057e+03,4.991661399999999844e+02
1.004940372087975561e+03,4.991661399999999844e+02
1.005164223508975056e+03,4.991661399999999844e+02
1.005104043300535295e+03,4.991661399999999844e+02
1.005233227496382142e+03,4.991661399999999844e+02
1.005267714513095029e+03,4.991661399999999844e+02
1.006824494186046536e+03,4.991661399999999844e+02
1.005431385725654650e+03,4.991661399999999844e+02
1.005560617293777113e+03,4.991661399999999844e+02
1.005595056938214384e+03,4.991661399999999844e+02
1.005819192675159229e+03,4.991661399999999844e+02
1.005758728150774004e+03,4.991661399999999844e+02
1.005888007091172199e+03,4.991661399999999844e+02
1.005922399363333739e+03,4.991661399999999844e+02
1.006336792873696368e+03,4.991661399999999844e+02
1.006086070575893473e+03,4.991661399999999844e+02
1.006215396888567284e+03,4.991661399999999844e+02
1.006249741788453093e+03,4.991661399999999844e+02
1.006474161841343403e+03,4.991661399999999844e+02
1.006413413001012827e+03,4.991661399999999844e+02
1.006542786685962369e+03,4.991661399999999844e+02
1.006577084213572448e+03,4.991661399999999844e+02
1.007373794663573108e+03,4.991661399999999844e+02
1.006740755426132182e+03,4.991661399999999844e+02
1.006870176483357454e+03,4.991661399999999844e+02
1.006904426638691803e+03,4.991661399999999844e+02
1.007129131007527462e+03,4.991661399999999844e+02
1.007068097851251537e+03,4.991661399999999844e+02
1.007197566280752540e+03,4.991661399999999844e+02
1.007231769063811271e+03,4.991661399999999844e+02
1.007647490150637282e+03,4.991661399999999844e+02
1.007395440276370891e+03,4.991661399999999844e+02
1.007524956078147625e+03,4.991661399999999844e+02
1.007559111488930625e+03,4.991661399999999844e+02
1.007784100173711636e+03,4.991661399999999844e+02
1.007722782701490246e+03,4.991661399999999844e+02
1.007852345875542710e+03,4.991661399999999844e+02
1.007886453914049980e+03,4.991661399999999844e+02
9.501684999999999945e+02,4.586164600000000178e+02
1.008050125126609714e+03,3.982644000000000233e+02
1.008179735672937795e+03,3.982644000000000233e+02
1.008213796339169335e+03,3.982644000000000233e+02
1.008439069339895809e+03,3.982644000000000233e+02
1.008377467551729069e+03,3.982644000000000233e+02
1.008507125470332880e+03,3.982644000000000233e+02
1.008541138764288689e+03,3.982644000000000233e+02
1.008958187427578196e+03,3.982644000000000233e+02
1.008704809976848424e+03,3.982644000000000233e+02
1.008834515267727966e+03,3.982644000000000233e+02
1.008868481189408158e+03,3.982644000000000233e+02
1.009094038506079869e+03,3.982644000000000233e+02
1.009032152401967778e+03,3.982644000000000233e+02
1.009161905065123051e+03,3.982644000000000233e+02
1.009195823614527512e+03,3.982644000000000233e+02
1.009998230278422284e+03,3.982644000000000233e+02
1.009359494827087133e+03,3.982644000000000233e+02
1.009489294862518136e+03,3.982644000000000233e+02
1.009523166039646867e+03,3.982644000000000233e+02
1.009749007672264042e+03,3.982644000000000233e+02
1.009686837252206601e+03,3.982644000000000233e+02
1.009816684659913221e+03,3.982644000000000233e+02
1.009850508464766222e+03,3.982644000000000233e+02
1.010268884704518996e+03,3.982644000000000233e+02
1.010014179677325956e+03,3.982644000000000233e+02
1.010144074457308307e+03,3.982644000000000233e+02
1.010177850889885576e+03,3.982644000000000233e+02
1.010403976838448216e+03,3.982644000000000233e+02
1.010341522102445310e+03,3.982644000000000233e+02
1.010471464254703392e+03,3.982644000000000233e+02
1.010505193315004931e+03,3.982644000000000233e+02
1.012085572093023302e+03,3.982644000000000233e+02
1.010668864527564665e+03,3.982644000000000233e+02
1.010798854052098477e+03,3.982644000000000233e+02
1.010832535740124399e+03,3.982644000000000233e+02
1.011058946004632276e+03,3.982644000000000233e+02
1.010996206952684020e+03,3.982644000000000233e+02
1.011126243849493562e+03,3.982644000000000233e+02
1.011159878165243754e+03,3.982644000000000233e+02
1.011579581981459910e+03,3.982644000000000233e+02
1.011323549377803374e+03,3.982644000000000233e+02
1.011453633646888647e+03,3.982644000000000233e+02
1.011487220590363108e+03,3.982644000000000233e+02
1.011713915170816449e+03,3.982644000000000233e+02
1.011650891802922843e+03,3.982644000000000233e+02
1.011781023444283733e+03,3.982644000000000233e+02
1.011814563015482463e+03,3.982644000000000233e+02
1.012622665893271460e+03,3.982644000000000233e+02
1.011978234228042197e+03,3.982644000000000233e+02
1.012108413241678704e+03,3.982644000000000233e+02
1.012141905440601818e+03,3.982644000000000233e+02
1.012368884337000623e+03,3.982644000000000233e+02
1.012305576653161552e+03,3.982644000000000233e+02
1.012435803039073789e+03,3.982644000000000233e+02
1.012469247865721286e+03,3.982644000000000233e+02
1.012890279258400824e+03,3.982644000000000233e+02
1.012632919078280906e+03,3.982644000000000233e+02
1.012763192836468875e+03,3.982644000000000233e+02
1.012796590290840641e+03,3.982644000000000233e+02
1.013023853503184682e+03,3.982644000000000233e+02
1.012960261503400261e+03,3.982644000000000233e+02
1.013090582633863960e+03,3.982644000000000233e+02
1.013123932715959995e+03,3.982644000000000233e+02
9.547794000000000096e+02,4.787822300000000268e+02
1.013287603928519616e+03,3.982644000000000233e+02
1.013417972431259045e+03,3.982644000000000233e+02
1.013451275141079350e+03,3.982644000000000233e+02
1.013678822669368856e+03,3.982644000000000233e+02
1.013614946353639084e+03,3.982644000000000233e+02
1.013745362228654130e+03,3.982644000000000233e+02
1.013778617566198704e+03,3.982644000000000233e+02
1.014200976535341738e+03,3.929450699999999870e+02
1.013942288778758439e+03,3.982644000000000233e+02
1.014072752026049216e+03,3.929450699999999870e+02
1.014105959991318059e+03,3.929450699999999870e+02
1.014333791835553029e+03,3.929450699999999870e+02
1.014269631203877793e+03,3.929450699999999870e+02
1.014400141823444301e+03,3.929450699999999870e+02
1.014433302416437527e+03,3.929450699999999870e+02
1.015247101508120636e+03,4.177602499999999850e+02
1.014596973628997148e+03,4.177602499999999850e+02
1.014727531620839386e+03,4.177602499999999850e+02
1.014760644841556882e+03,4.177602499999999850e+02
1.014988761001737089e+03,4.177602499999999850e+02
1.014924316054116503e+03,4.177602499999999850e+02
1.015054921418234471e+03,4.177602499999999850e+02
1.015087987266676237e+03,4.177602499999999850e+02
1.015511673812282652e+03,4.177602499999999850e+02
1.015251658479235971e+03,4.177602499999999850e+02
1.015382311215629557e+03,4.177602499999999850e+02
1.015415329691795591e+03,4.177602499999999850e+02
1.015643730167921262e+03,4.177602499999999850e+02
1.015579000904355325e+03,4.177602499999999850e+02
1.015709701013024642e+03,4.177602499999999850e+02
1.015742672116914946e+03,4.177602499999999850e+02
1.017346650000000068e+03,3.813718299999999886e+02
1.015906343329474680e+03,3.813718299999999886e+02
1.016037090810419727e+03,3.813718299999999886e+02
1.016070014542034301e+03,3.813718299999999886e+02
1.016298699334105436e+03,3.813718299999999886e+02
1.016233685754594035e+03,3.813718299999999886e+02
1.016364480607814812e+03,3.813718299999999886e+02
1.016397356967153769e+03,3.813718299999999886e+02
1.016822371089223566e+03,3.813718299999999886e+02
1.016561028179713389e+03,3.813718299999999886e+02
1.016691870405209897e+03,3.813718299999999886e+02
1.016724699392273124e+03,3.813718299999999886e+02
1.016953668500289496e+03,3.813718299999999886e+02
1.016888370604832744e+03,3.813718299999999886e+02
1.017019260202604983e+03,3.813718299999999886e+02
1.017052041817392478e+03,3.813718299999999886e+02
1.017871537122969812e+03,3.813718299999999886e+02
1.017215713029952212e+03,3.813718299999999886e+02
1.017346650000000068e+03,3.813718299999999886e+02
1.017379384242511833e+03,3.813718299999999886e+02
1.017608637666473669e+03,3.813718299999999886e+02
1.017543055455071567e+03,3.813718299999999886e+02
1.017674039797395153e+03,3.813718299999999886e+02
1.017706726667631187e+03,3.813718299999999886e+02
1.018133068366164480e+03,3.813718299999999886e+02
1.017870397880190922e+03,3.813718299999999886e+02
1.018001429594790238e+03,3.813718299999999886e+02
1.018034069092750656e+03,3.813718299999999886e+02
1.018263606832657842e+03,3.813718299999999886e+02
1.018197740305310276e+03,3.813718299999999886e+02
1.018328819392185324e+03,3.813718299999999886e+02
1.018361411517870010e+03,3.813718299999999886e+02
9.626871300000000247e+02,4.897647699999999986e+02
1.018525082730429631e+03,3.813718299999999886e+02
1.018656209189580295e+03,3.813718299999999886e+02
1.018688753942989365e+03,3.813718299999999886e+02
1.018918575998841902e+03,3.813718299999999886e+02
1.018852425155548985e+03,3.813718299999999886e+02
1.018983598986975380e+03,3.813718299999999886e+02
1.019016096368108720e+03,3.813718299999999886e+02
1.019443765643105394e+03,3.813718299999999886e+02
1.019179767580668454e+03,3.813718299999999886e+02
1.019310988784370466e+03,3.813718299999999886e+02
1.019343438793228074e+03,3.813718299999999886e+02
1.019573545165026076e+03,3.813718299999999886e+02
1.019507110005787808e+03,3.813718299999999886e+02
1.019638378581765551e+03,3.813718299999999886e+02
1.019670781218347429e+03,3.813718299999999886e+02
1.020495972737818988e+03,4.886379400000000146e+02
1.019834452430907163e+03,4.886379400000000146e+02
1.019965768379160636e+03,4.886379400000000146e+02
1.019998123643466897e+03,4.886379400000000146e+02
1.020228514331210249e+03,4.886379400000000146e+02
1.020161794856026518e+03,4.886379400000000146e+02
1.020293158176555721e+03,4.886379400000000146e+02
1.020325466068586252e+03,4.886379400000000146e+02
1.020754462920046308e+03,4.886379400000000146e+02
1.020489137281145872e+03,4.886379400000000146e+02
1.020620547973950806e+03,4.886379400000000146e+02
1.020652808493705606e+03,4.886379400000000146e+02
1.020883483497394309e+03,4.886379400000000146e+02
1.020816479706265341e+03,4.886379400000000146e+02
1.020947937771345892e+03,4.886379400000000146e+02
1.020980150918824961e+03,4.886379400000000146e+02
1.022607727906976834e+03,4.354757000000000176e+02
1.021143822131384695e+03,4.354757000000000176e+02
1.021275327568740977e+03,4.354757000000000176e+02
1.021307493343944316e+03,4.354757000000000176e+02
1.021538452663578482e+03,4.354757000000000176e+02
1.021471164556504050e+03,4.354757000000000176e+02
1.021602717366136062e+03,4.354757000000000176e+02
1.021634835769063784e+03,4.354757000000000176e+02
1.022065160196987222e+03,4.354757000000000176e+02
1.021798506981623404e+03,4.354757000000000176e+02
1.021930107163531147e+03,4.354757000000000176e+02
1.021962178194183139e+03,4.354757000000000176e+02
1.022193421829762656e+03,4.354757000000000176e+02
1.022125849406742759e+03,4.354757000000000176e+02
1.022257496960926233e+03,4.354757000000000176e+02
1.022289520619302493e+03,4.354757000000000176e+02
1.023120408352668278e+03,4.354757000000000176e+02
1.022453191831862114e+03,4.354757000000000176e+02
1.022584886758321318e+03,4.354757000000000176e+02
1.022616863044421848e+03,4.354757000000000176e+02
1.022848390995946716e+03,4.354757000000000176e+02
1.022780534256981582e+03,4.354757000000000176e+02
1.022912276555716403e+03,4.354757000000000176e+02
1.022944205469541203e+03,4.354757000000000176e+02
1.023375857473928136e+03,4.354757000000000176e+02
1.023107876682100937e+03,4.354757000000000176e+02
1.023239666353111488e+03,4.354757000000000176e+02
1.023271547894660557e+03,4.354757000000000176e+02
1.023503360162130889e+03,4.354757000000000176e+02
1.023435219107220291e+03,4.354757000000000176e+02
1.023567056150506573e+03,4.354757000000000176e+02
1.023598890319780025e+03,4.354757000000000176e+02
9.809039299999999457e+02,4.982361999999999966e+02
1.023762561532339646e+03,4.354757000000000176e+02
1.023894445947901659e+03,4.354757000000000176e+02
1.023926232744899380e+03,4.354757000000000176e+02
1.024158329328315176e+03,4.354757000000000176e+02
1.024089903957459001e+03,4.354757000000000176e+02
1.024221835745296858e+03,4.354757000000000176e+02
1.024253575170018848e+03,4.354757000000000176e+02
1.024686554750868936e+03,4.354757000000000176e+02
1.024417246382578469e+03,4.354757000000000176e+02
1.024549225542691829e+03,4.354757000000000176e+02
1.024580917595138089e+03,4.354757000000000176e+02
1.024813298494499122e+03,4.354757000000000176e+02
1.024744588807697937e+03,4.354757000000000176e+02
1.024876615340087028e+03,4.354757000000000176e+02
1.024908260020257558e+03,4.354757000000000176e+02
1.025744843967517454e+03,3.710925300000000107e+02
1.025071931232817178e+03,3.710925300000000107e+02
1.025204005137482000e+03,3.710925300000000107e+02
1.025235602445376799e+03,3.710925300000000107e+02
1.025468267660683296e+03,3.710925300000000107e+02
1.025399273657936646e+03,3.710925300000000107e+02
1.025531394934876971e+03,3.710925300000000107e+02
1.025562944870496267e+03,3.710925300000000107e+02
1.025997252027809964e+03,3.710925300000000107e+02
1.025726616083055887e+03,3.710925300000000107e+02
1.025858784732272170e+03,3.710925300000000107e+02
1.025890287295615735e+03,3.710925300000000107e+02
1.026123236826867469e+03,3.710925300000000107e+02
1.026053958508175356e+03,3.710925300000000107e+02
1.026186174529667142e+03,3.710925300000000107e+02
1.026217629720734976e+03,3.710925300000000107e+02
1.027868805813953486e+03,3.710925300000000107e+02
1.026381300933294824e+03,3.710925300000000107e+02
1.026513564327062340e+03,3.710925300000000107e+02
1.026544972145854445e+03,3.710925300000000107e+02
1.026778205993051643e+03,3.710925300000000107e+02
1.026708643358414065e+03,3.710925300000000107e+02
1.026840954124457312e+03,3.710925300000000107e+02
1.026872314570973685e+03,3.710925300000000107e+02
1.027307949304750764e+03,3.710925300000000107e+02
1.027035985783533533e+03,3.710925300000000107e+02
1.027168343921852511e+03,3.710925300000000107e+02
1.027199656996093154e+03,3.710925300000000107e+02
1.027433175159235816e+03,3.710925300000000107e+02
1.027363328208652774e+03,3.710925300000000107e+02
1.027495733719247482e+03,3.710925300000000107e+02
1.027526999421212622e+03,3.710925300000000107e+02
1.028369279582366744e+03,3.710925300000000107e+02
1.027690670633772243e+03,3.710925300000000107e+02
1.027823123516642681e+03,3.710925300000000107e+02
1.027854341846331863e+03,3.710925300000000107e+02
1.028088144325419762e+03,3.710925300000000107e+02
1.028018013058891484e+03,3.710925300000000107e+02
1.028150513314037653e+03,3.710925300000000107e+02
1.028181684271451331e+03,3.710925300000000107e+02
1.028618646581691792e+03,3.710925300000000107e+02
1.028345355484010952e+03,3.710925300000000107e+02
1.028477903111432852e+03,3.710925300000000107e+02
1.028509026696570572e+03,3.710925300000000107e+02
1.028743113491603935e+03,3.710925300000000107e+02
1.028672697909130420e+03,3.710925300000000107e+02
1.028805292908827823e+03,3.710925300000000107e+02
1.028836369121690041e+03,3.710925300000000107e+02
1.003120700000000056e+03,4.991661399999999844e+02
1.029000040334249661e+03,4.003818400000000111e+02
1.029132682706223022e+03,4.003818400000000111e+02
1.029163711546809509e+03,4.003818400000000111e+02
1.029398082657788109e+03,4.003818400000000111e+02
1.029327382759369129e+03,4.003818400000000111e+02
1.029460072503617994e+03,4.003818400000000111e+02
1.029491053971928750e+03,4.003818400000000111e+02
1.029929343858632592e+03,4.003818400000000111e+02
1.029654725184488370e+03,4.003818400000000111e+02
1.029787462301013193e+03,4.003818400000000111e+02
1.029818396397048218e+03,4.003818400000000111e+02
1.030053051823972282e+03,4.003818400000000111e+02
1.029982067609607839e+03,4.003818400000000111e+02
1.030114852098408164e+03,4.003818400000000111e+02
1.030145738822167459e+03,4.003818400000000111e+02
1.030993715197215806e+03,4.003818400000000111e+02
1.030309410034727307e+03,4.003818400000000111e+02
1.030442241895803363e+03,4.003818400000000111e+02
1.030473081247286927e+03,4.003818400000000111e+02
1.030708020990156456e+03,4.003818400000000111e+02
1.030636752459846548e+03,4.003818400000000111e+02
1.030769631693198335e+03,4.003818400000000111e+02
1.030800423672406396e+03,4.003818400000000111e+02
1.031240041135573620e+03,4.003818400000000111e+02
1.030964094884966016e+03,4.003818400000000111e+02
1.031097021490593534e+03,4.003818400000000111e+02
1.031127766097525637e+03,4.003818400000000111e+02
1.031362990156340629e+03,4.003818400000000111e+02
1.031291437310085257e+03,4.003818400000000111e+02
1.031424411287988505e+03,4.003818400000000111e+02
1.031455108522645105e+03,4.003818400000000111e+02
1.033129883720930366e+03,3.699203999999999724e+02
1.031618779735204726e+03,4.706668700000000172e+02
1.031751801085383704e+03,4.706668700000000172e+02
1.031782450947764346e+03,4.706668700000000172e+02
1.032017959322524575e+03,4.706668700000000172e+02
1.031946122160324194e+03,4.706668700000000172e+02
1.032079190882778676e+03,4.706668700000000172e+02
1.032109793372883814e+03,4.706668700000000172e+02
1.032550738412514420e+03,4.706668700000000172e+02
1.032273464585443435e+03,4.706668700000000172e+02
1.032406580680173647e+03,4.706668700000000172e+02
1.032437135798003055e+03,4.706668700000000172e+02
1.032672928488708749e+03,4.706668700000000172e+02
1.032600807010562903e+03,4.706668700000000172e+02
1.032733970477568846e+03,4.706668700000000172e+02
1.032764478223122524e+03,4.706668700000000172e+02
1.033618150812065096e+03,3.699203999999999724e+02
1.032928149435682144e+03,4.706668700000000172e+02
1.033061360274963818e+03,3.699203999999999724e+02
1.033091820648241992e+03,3.699203999999999724e+02
1.033327897654892922e+03,3.699203999999999724e+02
1.033255491860801612e+03,3.699203999999999724e+02
1.033388750072359016e+03,3.699203999999999724e+02
1.033419163073361233e+03,3.699203999999999724e+02
1.033861435689455448e+03,3.699203999999999724e+02
1.033582834285921081e+03,3.699203999999999724e+02
1.033716139869753988e+03,3.699203999999999724e+02
1.033746505498480701e+03,3.699203999999999724e+02
1.033982866821077096e+03,3.699203999999999724e+02
1.033910176711040322e+03,3.699203999999999724e+02
1.034043529667149187e+03,3.699203999999999724e+02
1.034073847923599942e+03,3.699203999999999724e+02
1.020550200000000018e+03,4.886379400000000146e+02
1.034237519136159790e+03,4.070153799999999933e+02
1.034370919464544158e+03,4.070153799999999933e+02
1.034401190348719410e+03,4.070153799999999933e+02
1.034637835987261269e+03,4.070153799999999933e+02
1.034564861561279031e+03,4.070153799999999933e+02
1.034698309261939357e+03,4.070153799999999933e+02
1.034728532773838879e+03,4.070153799999999933e+02
1.035172132966396248e+03,4.070153799999999933e+02
1.034892203986398499e+03,4.070153799999999933e+02
1.035025699059334329e+03,4.070153799999999933e+02
1.035055875198958120e+03,4.070153799999999933e+02
1.035292805153445443e+03,4.070153799999999933e+02
1.035219546411517740e+03,4.070153799999999933e+02
1.035353088856729528e+03,4.070153799999999933e+02
1.035383217624077588e+03,4.070153799999999933e+02
1.036242586426914158e+03,4.467100800000000049e+02
1.035546888836637208e+03,4.467100800000000049e+02
1.035680478654124499e+03,4.467100800000000049e+02
1.035710560049196829e+03,4.467100800000000049e+02
1.035947774319629389e+03,4.467100800000000049e+02
1.035874231261756677e+03,4.467100800000000049e+02
1.036007868451519698e+03,4.467100800000000049e+02
1.036037902474316297e+03,4.467100800000000049e+02
1.036482830243337276e+03,4.467100800000000049e+02
1.036201573686875918e+03,4.467100800000000049e+02
1.036335258248914670e+03,4.467100800000000049e+02
1.036365244899435766e+03,4.467100800000000049e+02
1.036602743485813562e+03,4.467100800000000049e+02
1.036528916111995386e+03,4.467100800000000049e+02
1.036662648046309869e+03,4.467100800000000049e+02
1.036692587324555006e+03,4.467100800000000049e+02
1.038390961627907018e+03,3.755229499999999803e+02
1.036856258537114627e+03,3.755229499999999803e+02
1.036990037843704840e+03,3.755229499999999803e+02
1.037019929749674475e+03,3.755229499999999803e+02
1.037257712651997736e+03,3.755229499999999803e+02
1.037183600962234095e+03,3.755229499999999803e+02
1.037317427641100039e+03,3.755229499999999803e+02
1.037347272174793716e+03,3.755229499999999803e+02
1.037793527520278076e+03,3.755229499999999803e+02
1.037510943387353564e+03,3.755229499999999803e+02
1.037644817438495011e+03,3.755229499999999803e+02
1.037674614599913184e+03,3.755229499999999803e+02
1.037912681818181909e+03,3.755229499999999803e+02
1.037838285812472805e+03,3.755229499999999803e+02
1.037972207235890210e+03,3.755229499999999803e+02
1.038001957025032425e+03,3.755229499999999803e+02
1.038867022041763448e+03,3.755229499999999803e+02
1.038165628237592273e+03,3.755229499999999803e+02
1.038299597033285181e+03,3.755229499999999803e+02
1.038329299450151893e+03,3.755229499999999803e+02
1.038567650984366082e+03,3.755229499999999803e+02
1.038492970662711514e+03,3.755229499999999803e+02
1.038626986830680153e+03,3.755229499999999803e+02
1.038656641875271362e+03,3.755229499999999803e+02
1.039104224797218876e+03,3.755229499999999803e+02
1.038820313087830982e+03,3.755229499999999803e+02
1.038954376628075352e+03,3.755229499999999803e+02
1.038983984300390603e+03,3.755229499999999803e+02
1.039222620150550256e+03,3.755229499999999803e+02
1.039147655512950450e+03,3.755229499999999803e+02
1.039281766425470323e+03,3.755229499999999803e+02
1.039311326725510071e+03,3.755229499999999803e+02
1.032813499999999976e+03,4.706668700000000172e+02
1.039474997938069691e+03,3.897188699999999812e+02
1.039609156222865522e+03,3.897188699999999812e+02
1.039638669150629312e+03,3.897188699999999812e+02
1.039877589316734202e+03,3.897188699999999812e+02
1.039802340363189160e+03,3.897188699999999812e+02
1.039936546020260494e+03,3.897188699999999812e+02
1.039966011575748780e+03,3.897188699999999812e+02
1.040414922074159904e+03,3.897188699999999812e+02
1.040129682788308401e+03,3.897188699999999812e+02
1.040263935817655693e+03,3.897188699999999812e+02
1.040293354000868248e+03,3.897188699999999812e+02
1.040532558482918375e+03,3.897188699999999812e+02
1.040457025213427869e+03,3.897188699999999812e+02
1.040591325615050664e+03,3.897188699999999812e+02
1.040620696425987489e+03,3.897188699999999812e+02
1.041491457656612511e+03,3.897188699999999812e+02
1.040784367638547110e+03,3.897188699999999812e+02
1.040918715412445863e+03,3.897188699999999812e+02
1.040948038851106958e+03,3.897188699999999812e+02
1.041187527649102549e+03,3.897188699999999812e+02
1.041111710063666578e+03,3.897188699999999812e+02
1.041246105209840835e+03,3.897188699999999812e+02
1.041275381276226199e+03,3.897188699999999812e+02
1.041725619351100704e+03,3.897188699999999812e+02
1.041439052488786047e+03,3.897188699999999812e+02
1.041573495007236033e+03,3.897188699999999812e+02
1.041602723701345667e+03,3.897188699999999812e+02
1.041842496815286722e+03,3.897188699999999812e+02
1.041766394913905287e+03,3.897188699999999812e+02
1.041900884804631005e+03,3.897188699999999812e+02
1.041930066126465135e+03,3.897188699999999812e+02
1.043652039534883897e+03,4.352429200000000264e+02
1.042093737339024756e+03,3.897188699999999812e+02
1.042228274602026204e+03,3.897188699999999812e+02
1.042257408551584376e+03,3.897188699999999812e+02
1.042497465981470896e+03,3.897188699999999812e+02
1.042421079764143997e+03,3.897188699999999812e+02
1.042555664399421175e+03,3.897188699999999812e+02
1.042584750976703845e+03,3.897188699999999812e+02
1.043036316628041732e+03,4.352429200000000264e+02
1.042748422189263465e+03,4.352429200000000264e+02
1.042883054196816374e+03,4.352429200000000264e+02
1.042912093401823086e+03,4.352429200000000264e+02
1.043152435147655069e+03,4.352429200000000264e+02
1.043075764614382933e+03,4.352429200000000264e+02
1.043210443994211346e+03,4.352429200000000264e+02
1.043239435826942554e+03,4.352429200000000264e+02
1.044115893271461800e+03,4.352429200000000264e+02
1.043403107039502174e+03,4.352429200000000264e+02
1.043537833791606545e+03,4.352429200000000264e+02
1.043566778252061795e+03,4.352429200000000264e+02
1.043807404313839015e+03,4.352429200000000264e+02
1.043730449464621643e+03,4.352429200000000264e+02
1.043865223589001516e+03,4.352429200000000264e+02
1.043894120677181263e+03,4.352429200000000264e+02
1.044347013904982532e+03,4.352429200000000264e+02
1.044057791889740884e+03,4.352429200000000264e+02
1.044192613386396715e+03,4.352429200000000264e+02
1.044221463102300731e+03,4.352429200000000264e+02
1.044462373480023189e+03,4.352429200000000264e+02
1.044385134314860352e+03,4.352429200000000264e+02
1.044520003183791687e+03,4.352429200000000264e+02
1.044548805527419972e+03,4.352429200000000264e+02
1.045588099999999940e+03,4.272282700000000091e+02
1.044712476739979820e+03,4.352429200000000264e+02
1.044847392981186886e+03,4.352429200000000264e+02
1.044876147952539441e+03,4.352429200000000264e+02
1.045117342646207362e+03,4.272282700000000091e+02
1.045039819165099061e+03,4.272282700000000091e+02
1.045174782778581857e+03,4.272282700000000091e+02
1.045203490377658682e+03,4.272282700000000091e+02
1.045657711181923560e+03,4.272282700000000091e+02
1.045367161590218529e+03,4.272282700000000091e+02
1.045502172575976829e+03,4.272282700000000091e+02
1.045530832802778150e+03,4.272282700000000091e+02
1.045772311812391536e+03,4.272282700000000091e+02
1.045694504015337770e+03,4.272282700000000091e+02
1.045829562373372028e+03,4.272282700000000091e+02
1.045858175227897618e+03,4.272282700000000091e+02
1.046740328886311090e+03,4.272282700000000091e+02
1.046021846440457239e+03,4.272282700000000091e+02
1.046156952170766999e+03,4.272282700000000091e+02
1.046185517653016859e+03,4.272282700000000091e+02
1.046427280978575709e+03,4.272282700000000091e+02
1.046349188865576480e+03,4.272282700000000091e+02
1.046484341968162198e+03,4.272282700000000091e+02
1.046512860078136328e+03,4.272282700000000091e+02
1.046968408458864360e+03,4.272282700000000091e+02
1.046676531290695948e+03,4.272282700000000091e+02
1.046811731765557170e+03,4.272282700000000091e+02
1.046840202503255568e+03,4.272282700000000091e+02
1.047082250144759655e+03,4.272282700000000091e+02
1.047003873715815416e+03,4.272282700000000091e+02
1.047139121562952369e+03,4.272282700000000091e+02
1.047167544928375037e+03,4.272282700000000091e+02
1.048913117441860550e+03,4.272282700000000091e+02
1.047331216140934657e+03,4.272282700000000091e+02
1.047466511360347340e+03,4.272282700000000091e+02
1.047494887353494505e+03,4.272282700000000091e+02
1.047737219310943829e+03,4.272282700000000091e+02
1.047658558566054126e+03,4.272282700000000091e+02
1.047793901157742539e+03,4.272282700000000091e+02
1.047822229778613746e+03,4.272282700000000091e+02
1.048279105735805388e+03,4.272282700000000091e+02
1.047985900991173366e+03,4.272282700000000091e+02
1.048121290955137511e+03,4.272282700000000091e+02
1.048149572203733214e+03,4.272282700000000091e+02
1.048392188477128002e+03,4.272282700000000091e+02
1.048313243416292835e+03,4.272282700000000091e+02
1.048448680752532709e+03,4.272282700000000091e+02
1.048476914628852455e+03,4.272282700000000091e+02
1.049364764501160153e+03,4.272282700000000091e+02
1.048640585841412303e+03,4.272282700000000091e+02
1.048776070549927681e+03,4.272282700000000091e+02
1.048804257053971924e+03,4.272282700000000091e+02
1.049047157643312175e+03,4.272282700000000091e+02
1.048967928266531544e+03,4.272282700000000091e+02
1.049103460347322880e+03,4.272282700000000091e+02
1.049131599479091165e+03,4.272282700000000091e+02
1.049589803012746188e+03,4.272282700000000091e+02
1.049295270691651012e+03,4.272282700000000091e+02
1.049430850144717851e+03,4.272282700000000091e+02
1.049458941904210633e+03,4.272282700000000091e+02
1.049702126809496349e+03,4.272282700000000091e+02
1.049622613116770253e+03,4.272282700000000091e+02
1.049758239942113050e+03,4.272282700000000091e+02
1.049786284329330101e+03,4.272282700000000091e+02
1.042271600000000035e+03,3.897188699999999812e+02
1.049949955541889722e+03,4.576752999999999929e+02
1.050085629739508022e+03,4.576752999999999929e+02
1.050113626754449342e+03,4.576752999999999929e+02
1.050357095975680522e+03,4.576752999999999929e+02
1.050277297967009190e+03,4.576752999999999929e+02
1.050413019536903221e+03,4.576752999999999929e+02
1.050440969179568810e+03,4.576752999999999929e+02
1.050900500289687216e+03,4.576752999999999929e+02
1.050604640392128431e+03,4.576752999999999929e+02
1.050740409334298192e+03,4.576752999999999929e+02
1.050768311604688051e+03,4.576752999999999929e+02
1.051012065141864468e+03,4.576752999999999929e+02
1.050931982817247899e+03,4.576752999999999929e+02
1.051067799131693391e+03,4.576752999999999929e+02
1.051095654029807520e+03,4.576752999999999929e+02
1.051989200116009442e+03,4.576752999999999929e+02
1.051259325242367140e+03,4.576752999999999929e+02
1.051395188929088363e+03,4.576752999999999929e+02
1.051422996454926988e+03,4.576752999999999929e+02
1.051667034308048642e+03,4.576752999999999929e+02
1.051586667667486608e+03,4.576752999999999929e+02
1.051722578726483562e+03,4.576752999999999929e+02
1.051750338880046229e+03,4.576752999999999929e+02
1.052211197566628016e+03,4.576752999999999929e+02
1.051914010092605849e+03,4.576752999999999929e+02
1.052049968523878533e+03,4.576752999999999929e+02
1.052077681305165697e+03,4.576752999999999929e+02
1.052322003474232815e+03,4.576752999999999929e+02
1.052241352517725318e+03,4.576752999999999929e+02
1.052377358321273505e+03,4.576752999999999929e+02
1.052405023730284938e+03,4.576752999999999929e+02
1.054174195348837202e+03,4.576752999999999929e+02
1.052568694942844786e+03,4.576752999999999929e+02
1.052704748118668704e+03,4.576752999999999929e+02
1.052732366155404407e+03,4.576752999999999929e+02
1.052976972640416989e+03,4.576752999999999929e+02
1.052896037367964027e+03,4.576752999999999929e+02
1.053032137916063675e+03,4.576752999999999929e+02
1.053059708580523875e+03,4.576752999999999929e+02
1.053521894843568816e+03,4.576752999999999929e+02
1.053223379793083495e+03,4.576752999999999929e+02
1.053359527713458874e+03,4.576752999999999929e+02
1.053387051005643116e+03,4.576752999999999929e+02
1.053631941806601162e+03,4.576752999999999929e+02
1.053550722218202736e+03,4.576752999999999929e+02
1.053686917510853846e+03,4.576752999999999929e+02
1.053714393430762584e+03,4.576752999999999929e+02
1.054613635730858505e+03,4.576752999999999929e+02
1.053878064643322205e+03,4.576752999999999929e+02
1.054014307308249045e+03,4.576752999999999929e+02
1.054041735855881825e+03,4.576752999999999929e+02
1.054286910972785336e+03,4.576752999999999929e+02
1.054205407068441673e+03,4.576752999999999929e+02
1.054341697105644016e+03,4.576752999999999929e+02
1.054369078281001293e+03,4.576752999999999929e+02
1.054832592120509844e+03,4.576752999999999929e+02
1.054532749493560914e+03,4.576752999999999929e+02
1.054669086903039215e+03,4.576752999999999929e+02
1.054696420706120762e+03,4.576752999999999929e+02
1.054941880138969282e+03,4.576752999999999929e+02
1.054860091918680382e+03,4.576752999999999929e+02
1.054996476700434187e+03,4.576752999999999929e+02
1.055023763131240003e+03,4.576752999999999929e+02
1.038254200000000083e+03,3.755229499999999803e+02
1.055187434343799623e+03,4.576752999999999929e+02
1.055323866497829385e+03,4.576752999999999929e+02
1.055351105556359471e+03,4.576752999999999929e+02
1.055596849305153455e+03,4.576752999999999929e+02
1.055514776768919091e+03,4.576752999999999929e+02
1.055651256295224357e+03,4.576752999999999929e+02
1.055678447981478712e+03,4.576752999999999929e+02
1.056143289397450644e+03,4.576752999999999929e+02
1.055842119194038560e+03,4.576752999999999929e+02
1.055978646092619556e+03,4.576752999999999929e+02
1.056005790406598180e+03,4.576752999999999929e+02
1.056251818471337629e+03,4.576752999999999929e+02
1.056169461619157801e+03,4.576752999999999929e+02
1.056306035890014527e+03,4.576752999999999929e+02
1.056333132831717421e+03,4.576752999999999929e+02
1.057238071345707795e+03,4.576752999999999929e+02
1.056496804044277269e+03,4.576752999999999929e+02
1.056633425687409726e+03,4.576752999999999929e+02
1.056660475256836889e+03,4.576752999999999929e+02
1.056906787637521802e+03,4.576752999999999929e+02
1.056824146469396510e+03,4.576752999999999929e+02
1.056960815484804698e+03,4.576752999999999929e+02
1.056987817681956358e+03,4.576752999999999929e+02
1.057453986674391672e+03,4.576752999999999929e+02
1.057151488894515978e+03,4.576752999999999929e+02
1.057288205282199897e+03,4.576752999999999929e+02
1.057315160107075599e+03,4.576752999999999929e+02
1.057561756803705975e+03,4.576752999999999929e+02
1.057478831319635447e+03,4.576752999999999929e+02
1.057615595079594868e+03,4.576752999999999929e+02
1.057642502532195067e+03,4.576752999999999929e+02
1.059435273255814081e+03,4.576752999999999929e+02
1.057806173744754688e+03,4.576752999999999929e+02
1.057942984876990067e+03,4.576752999999999929e+02
1.057969844957314308e+03,4.576752999999999929e+02
1.058216725969890149e+03,4.576752999999999929e+02
1.058133516169874156e+03,4.576752999999999929e+02
1.058270374674385039e+03,4.576752999999999929e+02
1.058297187382433776e+03,4.576752999999999929e+02
1.058764683951332472e+03,4.576752999999999929e+02
1.058460858594993397e+03,4.576752999999999929e+02
1.058597764471780010e+03,4.576752999999999929e+02
1.058624529807553245e+03,4.576752999999999929e+02
1.058871695136074095e+03,4.576752999999999929e+02
1.058788201020112865e+03,4.576752999999999929e+02
1.058925154269175209e+03,4.576752999999999929e+02
1.058951872232672486e+03,4.576752999999999929e+02
1.059862506960556857e+03,4.576752999999999929e+02
1.059115543445232106e+03,4.576752999999999929e+02
1.059252544066570181e+03,4.576752999999999929e+02
1.059279214657791954e+03,4.576752999999999929e+02
1.059526664302258268e+03,4.576752999999999929e+02
1.059442885870351574e+03,4.576752999999999929e+02
1.059579933863965380e+03,4.576752999999999929e+02
1.059606557082911195e+03,4.576752999999999929e+02
1.060075381228273500e+03,4.576752999999999929e+02
1.059770228295471043e+03,4.576752999999999929e+02
1.059907323661360351e+03,4.576752999999999929e+02
1.059933899508030663e+03,4.576752999999999929e+02
1.060181633468442442e+03,4.576752999999999929e+02
1.060097570720590284e+03,4.576752999999999929e+02
1.060234713458755550e+03,4.576752999999999929e+02
1.060261241933150131e+03,4.576752999999999929e+02
1.033322100000000091e+03,3.699203999999999724e+02
1.060424913145709752e+03,4.576752999999999929e+02
1.060562103256150522e+03,4.576752999999999929e+02
1.060588584358269372e+03,4.576752999999999929e+02
1.060836602634626615e+03,4.576752999999999929e+02
1.060752255570828993e+03,4.576752999999999929e+02
1.060889493053545721e+03,4.576752999999999929e+02
1.060915926783388841e+03,4.576752999999999929e+02
1.061386078505214300e+03,4.576752999999999929e+02
1.061079597995948461e+03,4.576752999999999929e+02
1.061216882850940692e+03,4.576752999999999929e+02
1.061243269208508082e+03,4.576752999999999929e+02
1.061491571800810789e+03,4.576752999999999929e+02
1.061406940421067929e+03,4.576752999999999929e+02
1.061544272648335891e+03,4.576752999999999929e+02
1.061570611633627550e+03,4.576752999999999929e+02
1.062486942575406147e+03,4.576752999999999929e+02
1.061734282846187170e+03,4.576752999999999929e+02
1.061871662445730863e+03,4.576752999999999929e+02
1.061897954058746791e+03,4.576752999999999929e+02
1.062146540966994962e+03,4.576752999999999929e+02
1.062061625271306639e+03,4.576752999999999929e+02
1.062199052243126062e+03,4.576752999999999929e+02
1.062225296483866259e+03,4.576752999999999929e+02
1.062696775782155328e+03,4.576752999999999929e+02
1.062388967696425880e+03,4.576752999999999929e+02
1.062526442040521033e+03,4.576752999999999929e+02
1.062552638908985728e+03,4.576752999999999929e+02
1.062801510133178908e+03,4.576752999999999929e+02
1.062716310121545348e+03,4.576752999999999929e+02
1.062853831837916232e+03,4.576752999999999929e+02
1.062879981334104968e+03,4.576752999999999929e+02
1.064696351162790734e+03,4.576752999999999929e+02
1.063043652546664816e+03,4.576752999999999929e+02
1.063181221635311203e+03,4.576752999999999929e+02
1.063207323759224437e+03,4.576752999999999929e+02
1.063456479299363082e+03,4.576752999999999929e+02
1.063370994971784057e+03,4.576752999999999929e+02
1.063508611432706402e+03,4.576752999999999929e+02
1.063534666184343678e+03,4.576752999999999929e+02
1.064007473059096128e+03,4.576752999999999929e+02
1.063698337396903526e+03,4.576752999999999929e+02
1.063836001230101374e+03,4.576752999999999929e+02
1.063862008609463146e+03,4.576752999999999929e+02
1.064111448465547255e+03,4.576752999999999929e+02
1.064025679822022767e+03,4.576752999999999929e+02
1.064163391027496573e+03,4.576752999999999929e+02
1.064189351034582614e+03,4.576752999999999929e+02
1.065111378190255209e+03,4.576752999999999929e+02
1.064353022247142235e+03,4.576752999999999929e+02
1.064490780824891544e+03,4.576752999999999929e+02
1.064516693459701855e+03,4.576752999999999929e+02
1.064766417631731429e+03,4.576752999999999929e+02
1.064680364672261476e+03,4.576752999999999929e+02
1.064818170622286743e+03,4.576752999999999929e+02
1.064844035884821324e+03,4.576752999999999929e+02
1.065318170336037156e+03,4.576752999999999929e+02
1.065007707097380944e+03,4.576752999999999929e+02
1.065145560419681715e+03,4.576752999999999929e+02
1.065171378309940565e+03,4.576752999999999929e+02
1.065421386797915602e+03,4.576752999999999929e+02
1.065335049522500412e+03,4.576752999999999929e+02
1.065472950217076686e+03,4.576752999999999929e+02
1.065498720735060033e+03,4.576752999999999929e+02
1.026744300000000067e+03,3.710925300000000107e+02
1.065662391947619653e+03,4.602450000000000045e+02
1.065800340014471885e+03,4.602450000000000045e+02
1.065826063160179501e+03,4.602450000000000045e+02
1.066076355964099776e+03,4.602450000000000045e+02
1.065989734372739122e+03,4.602450000000000045e+02
1.066127729811866857e+03,4.602450000000000045e+02
1.066153405585298742e+03,4.602450000000000045e+02
1.066628867612977956e+03,4.602450000000000045e+02
1.066317076797858363e+03,4.602450000000000045e+02
1.066455119609262056e+03,4.602450000000000045e+02
1.066480748010418210e+03,4.602450000000000045e+02
1.066731325130283722e+03,4.602450000000000045e+02
1.066644419222977831e+03,4.602450000000000045e+02
1.066782509406657027e+03,4.602450000000000045e+02
1.066808090435537451e+03,4.602450000000000045e+02
1.067735813805104499e+03,4.602450000000000045e+02
1.066971761648097299e+03,4.602450000000000045e+02
1.067109899204052226e+03,4.602450000000000045e+02
1.067135432860656920e+03,4.602450000000000045e+02
1.067386294296467895e+03,4.602450000000000045e+02
1.067299104073216540e+03,4.602450000000000045e+02
1.067437289001447198e+03,4.602450000000000045e+02
1.067462775285776161e+03,4.602450000000000045e+02
1.067939564889918984e+03,4.602450000000000045e+02
1.067626446498336009e+03,4.602450000000000045e+02
1.067764678798842397e+03,4.602450000000000045e+02
1.067790117710895629e+03,4.602450000000000045e+02
1.068041263462652068e+03,4.602450000000000045e+02
1.067953788923455249e+03,4.602450000000000045e+02
1.068092068596237368e+03,4.602450000000000045e+02
1.068117460136015097e+03,4.602450000000000045e+02
1.069957429069767613e+03,4.602450000000000045e+02
1.068281131348574718e+03,4.602450000000000045e+02
1.068419458393632567e+03,4.602450000000000045e+02
1.068444802561134338e+03,4.602450000000000045e+02
1.068696232628836242e+03,4.602450000000000045e+02
1.068608473773694186e+03,4.602450000000000045e+02
1.068746848191027539e+03,4.602450000000000045e+02
1.068772144986253807e+03,4.602450000000000045e+02
1.069250262166859784e+03,4.602450000000000045e+02
1.068935816198813427e+03,4.602450000000000045e+02
1.069074237988422738e+03,4.602450000000000045e+02
1.069099487411373048e+03,4.602450000000000045e+02
1.069351201795020415e+03,4.602450000000000045e+02
1.069263158623932895e+03,4.602450000000000045e+02
1.069401627785817709e+03,4.602450000000000045e+02
1.069426829836492516e+03,4.602450000000000045e+02
1.070360249419953561e+03,4.602450000000000045e+02
1.069590501049052136e+03,4.602450000000000045e+02
1.069729017583212908e+03,4.602450000000000045e+02
1.069754172261611984e+03,4.602450000000000045e+02
1.070006170961204361e+03,4.602450000000000045e+02
1.069917843474171605e+03,4.602450000000000045e+02
1.070056407380607880e+03,4.602450000000000045e+02
1.070081514686731225e+03,4.602450000000000045e+02
1.070560959443800584e+03,4.602450000000000045e+02
1.070245185899290846e+03,4.602450000000000045e+02
1.070383797178003078e+03,4.602450000000000045e+02
1.070408857111850693e+03,4.602450000000000045e+02
1.070661140127388535e+03,4.602450000000000045e+02
1.070572528324410314e+03,4.602450000000000045e+02
1.070711186975398050e+03,4.602450000000000045e+02
1.070736199536969934e+03,4.602450000000000045e+02
1.018961800000000039e+03,3.813718299999999886e+02
1.070899870749529782e+03,4.602450000000000045e+02
1.071038576772793249e+03,4.602450000000000045e+02
1.071063541962089403e+03,4.602450000000000045e+02
1.071316109293572708e+03,4.602450000000000045e+02
1.071227213174649023e+03,4.602450000000000045e+02
1.071365966570188220e+03,4.602450000000000045e+02
1.071390884387208871e+03,4.602450000000000045e+02
1.071871656720741612e+03,4.602450000000000045e+02
1.071554555599768491e+03,4.602450000000000045e+02
1.071693356367583419e+03,4.602450000000000045e+02
1.071718226812328112e+03,4.602450000000000045e+02
1.071971078459756882e+03,4.602450000000000045e+02
1.071881898024887732e+03,4.602450000000000045e+02
1.072020746164978391e+03,4.602450000000000045e+02
1.072045569237447580e+03,4.602450000000000045e+02
1.072984685034802851e+03,4.602450000000000045e+02
1.072209240450007201e+03,4.602450000000000045e+02
1.072348135962373362e+03,4.602450000000000045e+02
1.072372911662566821e+03,4.602450000000000045e+02
1.072626047625941055e+03,4.602450000000000045e+02
1.072536582875126669e+03,4.602450000000000045e+02
1.072675525759768561e+03,4.602450000000000045e+02
1.072700254087686289e+03,4.602450000000000045e+02
1.073182353997682412e+03,4.602450000000000045e+02
1.072863925300245910e+03,4.602450000000000045e+02
1.073002915557163533e+03,4.602450000000000045e+02
1.073027596512805530e+03,4.602450000000000045e+02
1.073281016792125229e+03,4.602450000000000045e+02
1.073191267725365378e+03,4.602450000000000045e+02
1.073330305354558732e+03,4.602450000000000045e+02
1.073354938937924999e+03,4.602450000000000045e+02
1.075218506976744266e+03,4.602450000000000045e+02
1.073518610150484619e+03,4.602450000000000045e+02
1.073657695151953703e+03,4.602450000000000045e+02
1.073682281363044467e+03,4.602450000000000045e+02
1.073935985958309175e+03,4.602450000000000045e+02
1.073845952575604088e+03,4.602450000000000045e+02
1.073985084949348902e+03,4.602450000000000045e+02
1.074009623788163708e+03,4.602450000000000045e+02
1.074493051274623440e+03,4.602450000000000045e+02
1.074173295000723556e+03,4.602450000000000045e+02
1.074312474746743874e+03,4.602450000000000045e+02
1.074336966213283176e+03,4.602450000000000045e+02
1.074590955124493348e+03,4.602450000000000045e+02
1.074500637425842797e+03,4.602450000000000045e+02
1.074639864544139073e+03,4.602450000000000045e+02
1.074664308638402417e+03,4.602450000000000045e+02
1.075609120649652141e+03,4.602450000000000045e+02
1.074827979850962265e+03,4.602450000000000045e+02
1.074967254341534044e+03,4.602450000000000045e+02
1.074991651063521886e+03,4.602450000000000045e+02
1.075245924290677522e+03,4.602450000000000045e+02
1.075155322276081506e+03,4.602450000000000045e+02
1.075294644138929243e+03,4.602450000000000045e+02
1.075318993488641354e+03,4.602450000000000045e+02
1.075803748551564240e+03,4.602450000000000045e+02
1.075482664701200974e+03,4.602450000000000045e+02
1.075622033936324215e+03,4.602450000000000045e+02
1.075646335913760595e+03,4.602450000000000045e+02
1.075900893456861695e+03,4.602450000000000045e+02
1.075810007126320443e+03,4.602450000000000045e+02
1.075949423733719414e+03,4.602450000000000045e+02
1.075973678338880063e+03,4.602450000000000045e+02
1.013909670000000006e+03,3.982644000000000233e+02
1.076137349551439684e+03,4.602450000000000045e+02
1.076276813531114385e+03,4.602450000000000045e+02
1.076301020763999304e+03,4.602450000000000045e+02
1.076555862623045869e+03,4.602450000000000045e+02
1.076464691976559152e+03,4.602450000000000045e+02
1.076604203328509584e+03,4.602450000000000045e+02
1.076628363189118772e+03,4.602450000000000045e+02
1.077114445828505268e+03,4.602450000000000045e+02
1.076792034401678393e+03,4.602450000000000045e+02
1.076931593125904556e+03,4.602450000000000045e+02
1.076955705614238241e+03,4.602450000000000045e+02
1.077210831789230042e+03,4.602450000000000045e+02
1.077119376826797861e+03,4.602450000000000045e+02
1.077258982923299754e+03,4.602450000000000045e+02
1.077283048039357482e+03,4.602450000000000045e+02
1.078233556264501203e+03,4.602450000000000045e+02
1.077446719251917102e+03,4.602450000000000045e+02
1.077586372720694726e+03,4.602450000000000045e+02
1.077610390464476950e+03,4.602450000000000045e+02
1.077865800955413988e+03,4.602450000000000045e+02
1.077774061677036570e+03,4.602450000000000045e+02
1.077913762518089925e+03,4.602450000000000045e+02
1.077937732889596191e+03,4.602450000000000045e+02
1.078425143105446068e+03,4.602450000000000045e+02
1.078101404102156039e+03,4.602450000000000045e+02
1.078241152315484896e+03,4.602450000000000045e+02
1.078265075314715659e+03,4.602450000000000045e+02
1.078520770121598161e+03,4.602450000000000045e+02
1.078428746527275280e+03,4.602450000000000045e+02
1.078568542112879868e+03,4.602450000000000045e+02
1.078592417739835128e+03,4.602450000000000045e+02
1.080479584883721145e+03,4.602450000000000045e+02
1.078756088952394748e+03,4.602450000000000045e+02
1.078895931910275067e+03,4.602450000000000045e+02
1.078919760164954369e+03,4.602450000000000045e+02
1.079175739287782335e+03,4.602450000000000045e+02
1.079083431377513989e+03,4.602450000000000045e+02
1.079223321707670038e+03,4.602450000000000045e+02
1.079247102590073837e+03,4.602450000000000045e+02
1.079735840382387096e+03,4.602450000000000045e+02
1.079410773802633457e+03,4.602450000000000045e+02
1.079550711505065237e+03,4.602450000000000045e+02
1.079574445015193078e+03,4.602450000000000045e+02
1.079830708453966508e+03,4.602450000000000045e+02
1.079738116227752926e+03,4.602450000000000045e+02
1.079878101302460209e+03,4.602450000000000045e+02
1.079901787440312546e+03,4.602450000000000045e+02
1.080857991879350493e+03,4.602450000000000045e+02
1.080065458652872167e+03,4.602450000000000045e+02
1.080205491099855408e+03,4.602450000000000045e+02
1.080229129865431787e+03,4.602450000000000045e+02
1.080485677620150682e+03,4.602450000000000045e+02
1.080392801077991635e+03,4.602450000000000045e+02
1.080532880897250379e+03,4.602450000000000045e+02
1.080556472290551255e+03,4.602450000000000045e+02
1.081046537659327896e+03,4.602450000000000045e+02
1.080720143503110876e+03,4.602450000000000045e+02
1.080860270694645578e+03,4.602450000000000045e+02
1.080883814715670724e+03,4.602450000000000045e+02
1.081140646786334855e+03,4.602450000000000045e+02
1.081047485928230344e+03,4.602450000000000045e+02
1.081187660492040550e+03,4.602450000000000045e+02
1.081211157140789965e+03,4.602450000000000045e+02
1.015312000000000012e+03,4.177602499999999850e+02
1.081374828353349812e+03,4.548914800000000014e+02
1.081515050289435749e+03,4.548914800000000014e+02
1.081538499565909433e+03,4.548914800000000014e+02
1.081795615952518801e+03,4.548914800000000014e+02
1.081702170778469053e+03,4.548914800000000014e+02
1.081842440086830720e+03,4.548914800000000014e+02
1.081865841991028674e+03,4.548914800000000014e+02
1.082357234936268924e+03,4.548914800000000014e+02
1.082029513203588522e+03,4.548914800000000014e+02
1.082169829884225919e+03,4.548914800000000014e+02
1.082193184416148142e+03,4.548914800000000014e+02
1.082450585118702975e+03,4.548914800000000014e+02
1.082356855628707763e+03,4.548914800000000014e+02
1.082497219681620891e+03,4.548914800000000014e+02
1.082520526841267611e+03,4.548914800000000014e+02
1.083482427494199555e+03,4.548914800000000014e+02
1.082684198053827231e+03,4.548914800000000014e+02
1.082824609479016090e+03,4.548914800000000014e+02
1.082847869266386851e+03,4.548914800000000014e+02
1.083105554284887148e+03,4.548914800000000014e+02
1.083011540478946472e+03,4.548914800000000014e+02
1.083151999276411061e+03,4.548914800000000014e+02
1.083175211691506320e+03,4.548914800000000014e+02
1.083667932213209724e+03,4.548914800000000014e+02
1.083338882904065940e+03,4.548914800000000014e+02
1.083479389073806260e+03,4.548914800000000014e+02
1.083502554116625561e+03,4.548914800000000014e+02
1.083760523451071322e+03,4.548914800000000014e+02
1.083666225329185409e+03,4.548914800000000014e+02
1.083806778871201232e+03,4.548914800000000014e+02
1.083829896541745029e+03,4.548914800000000014e+02
1.085740662790697797e+03,4.548914800000000014e+02
1.083993567754304649e+03,4.548914800000000014e+02
1.084134168668596431e+03,4.548914800000000014e+02
1.084157238966864497e+03,4.548914800000000014e+02
1.084415492617255495e+03,4.548914800000000014e+02
1.084320910179424118e+03,4.548914800000000014e+02
1.084461558465991402e+03,4.548914800000000014e+02
1.084484581391983738e+03,4.548914800000000014e+02
1.084978629490150524e+03,4.548914800000000014e+02
1.084648252604543359e+03,4.548914800000000014e+02
1.084788948263386601e+03,4.548914800000000014e+02
1.084811923817103207e+03,4.548914800000000014e+02
1.085070461783439669e+03,4.548914800000000014e+02
1.084975595029662827e+03,4.548914800000000014e+02
1.085116338060781572e+03,4.548914800000000014e+02
1.085139266242222448e+03,4.548914800000000014e+02
1.086106863109048845e+03,4.548914800000000014e+02
1.085302937454782295e+03,4.548914800000000014e+02
1.085443727858176544e+03,4.548914800000000014e+02
1.085466608667341916e+03,4.548914800000000014e+02
1.085725430949623615e+03,4.548914800000000014e+02
1.085630279879901536e+03,4.548914800000000014e+02
1.085771117655571743e+03,4.548914800000000014e+02
1.085793951092461157e+03,4.548914800000000014e+02
1.086289326767091552e+03,4.548914800000000014e+02
1.085957622305021005e+03,4.548914800000000014e+02
1.086098507452966714e+03,4.548914800000000014e+02
1.086121293517580625e+03,4.548914800000000014e+02
1.086380400115807788e+03,4.548914800000000014e+02
1.086284964730140246e+03,4.548914800000000014e+02
1.086425897250361913e+03,4.548914800000000014e+02
1.086448635942700093e+03,4.548914800000000014e+02
1.023775499999999965e+03,4.354757000000000176e+02
1.086612307155259714e+03,4.548914800000000014e+02
1.086753287047756885e+03,4.548914800000000014e+02
1.086775978367819334e+03,4.548914800000000014e+02
1.087035369281991962e+03,4.548914800000000014e+02
1.086939649580379182e+03,4.548914800000000014e+02
1.087080676845152084e+03,4.548914800000000014e+02
1.087103320792938803e+03,4.548914800000000014e+02
1.087600024044032352e+03,4.548914800000000014e+02
1.087266992005498423e+03,4.548914800000000014e+02
1.087408066642547055e+03,4.548914800000000014e+02
1.087430663218058044e+03,4.548914800000000014e+02
1.087690338448176135e+03,4.548914800000000014e+02
1.087594334430617891e+03,4.548914800000000014e+02
1.087735456439942254e+03,4.548914800000000014e+02
1.087758005643177512e+03,4.548914800000000014e+02
1.088731298723897908e+03,4.548914800000000014e+02
1.087921676855737132e+03,4.548914800000000014e+02
1.088062846237337226e+03,4.548914800000000014e+02
1.088085348068296980e+03,4.548914800000000014e+02
1.088345307614360308e+03,4.548914800000000014e+02
1.088249019280856601e+03,4.548914800000000014e+02
1.088390236034732425e+03,4.548914800000000014e+02
1.088412690493416221e+03,4.548914800000000014e+02
1.088910721320973380e+03,4.548914800000000014e+02
1.088576361705975842e+03,4.548914800000000014e+02
1.088717625832127396e+03,4.548914800000000014e+02
1.088740032918535690e+03,4.548914800000000014e+02
1.089000276780544255e+03,4.548914800000000014e+02
1.088903704131095310e+03,4.548914800000000014e+02
1.089045015629522595e+03,4.548914800000000014e+02
1.089067375343654930e+03,4.548914800000000014e+02
1.091001740697674450e+03,4.548914800000000014e+02
1.089231046556214778e+03,4.548914800000000014e+02
1.089372405426917567e+03,4.548914800000000014e+02
1.089394717768774399e+03,4.548914800000000014e+02
1.089655245946728428e+03,4.548914800000000014e+02
1.089558388981334019e+03,4.548914800000000014e+02
1.089699795224312766e+03,4.548914800000000014e+02
1.089722060193893867e+03,4.548914800000000014e+02
1.090221418597914180e+03,4.548914800000000014e+02
1.089885731406453488e+03,4.548914800000000014e+02
1.090027185021707737e+03,4.548914800000000014e+02
1.090049402619013108e+03,4.548914800000000014e+02
1.090310215112912601e+03,4.548914800000000014e+02
1.090213073831572729e+03,4.548914800000000014e+02
1.090354574819102936e+03,4.548914800000000014e+02
1.090376745044132576e+03,4.548914800000000014e+02
1.091355734338747197e+03,4.548914800000000014e+02
1.090540416256692197e+03,4.548914800000000014e+02
1.090681964616497908e+03,4.548914800000000014e+02
1.090704087469251817e+03,4.548914800000000014e+02
1.090965184279096775e+03,4.548914800000000014e+02
1.090867758681811665e+03,4.548914800000000014e+02
1.091009354413893107e+03,4.548914800000000014e+02
1.091031429894371286e+03,4.548914800000000014e+02
1.091532115874855208e+03,4.548914800000000014e+02
1.091195101106930906e+03,4.548914800000000014e+02
1.091336744211288078e+03,4.548914800000000014e+02
1.091358772319490527e+03,4.548914800000000014e+02
1.091620153445280948e+03,4.548914800000000014e+02
1.091522443532050374e+03,4.548914800000000014e+02
1.091664134008683050e+03,4.548914800000000014e+02
1.091686114744609995e+03,4.548914800000000014e+02
1.036033300000000054e+03,4.467100800000000049e+02
1.091849785957169615e+03,4.548914800000000014e+02
1.091991523806078249e+03,4.548914800000000014e+02
1.092013457169729463e+03,4.548914800000000014e+02
1.092275122611465122e+03,4.548914800000000014e+02
1.092177128382289084e+03,4.548914800000000014e+02
1.092318913603473220e+03,4.548914800000000014e+02
1.092340799594848704e+03,4.548914800000000014e+02
1.092842813151796008e+03,4.548914800000000014e+02
1.092504470807408552e+03,4.548914800000000014e+02
1.092646303400868419e+03,4.548914800000000014e+02
1.092668142019968172e+03,4.548914800000000014e+02
1.092930091777649068e+03,4.548914800000000014e+02
1.092831813232527793e+03,4.548914800000000014e+02
1.092973693198263391e+03,4.548914800000000014e+02
1.092995484445087413e+03,4.548914800000000014e+02
1.093980169953596260e+03,4.548914800000000014e+02
1.093159155657647261e+03,4.548914800000000014e+02
1.093301082995658589e+03,4.548914800000000014e+02
1.093322826870206882e+03,4.548914800000000014e+02
1.093585060943833241e+03,4.548914800000000014e+02
1.093486498082766502e+03,4.548914800000000014e+02
1.093628472793053561e+03,4.548914800000000014e+02
1.093650169295326350e+03,4.548914800000000014e+02
1.094153510428737036e+03,4.548914800000000014e+02
1.093813840507885971e+03,4.548914800000000014e+02
1.093955862590448760e+03,4.548914800000000014e+02
1.093977511720445591e+03,4.548914800000000014e+02
1.094240030110017415e+03,4.548914800000000014e+02
1.094141182933005211e+03,4.548914800000000014e+02
1.094283252387843731e+03,4.548914800000000014e+02
1.094304854145565059e+03,4.548914800000000014e+02
1.096262818604651329e+03,4.548914800000000014e+02
1.094468525358124680e+03,4.548914800000000014e+02
1.094610642185238930e+03,4.548914800000000014e+02
1.094632196570684300e+03,4.548914800000000014e+02
1.094894999276201588e+03,4.548914800000000014e+02
1.094795867783244148e+03,4.548914800000000014e+02
1.094938031982633902e+03,4.548914800000000014e+02
1.094959538995803769e+03,4.548914800000000014e+02
1.095464207705677836e+03,4.548914800000000014e+02
1.095123210208363389e+03,4.548914800000000014e+02
1.095265421780029101e+03,4.548914800000000014e+02
1.095286881420923237e+03,4.548914800000000014e+02
1.095549968442385762e+03,4.548914800000000014e+02
1.095450552633482857e+03,4.548914800000000014e+02
1.095592811577424072e+03,4.548914800000000014e+02
1.095614223846042478e+03,4.548914800000000014e+02
1.096604605568445550e+03,4.548914800000000014e+02
1.095777895058602098e+03,4.548914800000000014e+02
1.095920201374819271e+03,4.548914800000000014e+02
1.095941566271161946e+03,4.548914800000000014e+02
1.096204937608569935e+03,4.548914800000000014e+02
1.096105237483721567e+03,4.548914800000000014e+02
1.096247591172214243e+03,4.548914800000000014e+02
1.096268908696281187e+03,4.548914800000000014e+02
1.096774904982618864e+03,4.548914800000000014e+02
1.096432579908841035e+03,4.548914800000000014e+02
1.096574980969609442e+03,4.548914800000000014e+02
1.096596251121400655e+03,4.548914800000000014e+02
1.096859906774753881e+03,4.548914800000000014e+02
1.096759922333960276e+03,4.548914800000000014e+02
1.096902370767004413e+03,4.548914800000000014e+02
1.096923593546520124e+03,4.548914800000000014e+02
1.057251800000000003e+03,4.576752999999999929e+02
1.097087264759079744e+03,4.420035399999999868e+02
1.097229760564399612e+03,4.420035399999999868e+02
1.097250935971639365e+03,4.420035399999999868e+02
1.097514875940938055e+03,4.420035399999999868e+02
1.097414607184198985e+03,4.420035399999999868e+02
1.097557150361794584e+03,4.420035399999999868e+02
1.097578278396758833e+03,4.420035399999999868e+02
1.098085602259559664e+03,4.420035399999999868e+02
1.097741949609318453e+03,4.420035399999999868e+02
1.097884540159189783e+03,4.420035399999999868e+02
1.097905620821878074e+03,4.420035399999999868e+02
1.098169845107122228e+03,4.420035399999999868e+02
1.098069292034437922e+03,4.420035399999999868e+02
1.098211929956584754e+03,4.420035399999999868e+02
1.098232963246997542e+03,4.420035399999999868e+02
1.099229041183294839e+03,4.420035399999999868e+02
1.098396634459557163e+03,4.420035399999999868e+02
1.098539319753979726e+03,4.420035399999999868e+02
1.098560305672116783e+03,4.420035399999999868e+02
1.098824814273306401e+03,4.420035399999999868e+02
1.098723976884676631e+03,4.420035399999999868e+02
1.098866709551374925e+03,4.420035399999999868e+02
1.098887648097236251e+03,4.420035399999999868e+02
1.099396299536500464e+03,4.420035399999999868e+02
1.099051319309795872e+03,4.420035399999999868e+02
1.099194099348769896e+03,4.420035399999999868e+02
1.099214990522355720e+03,4.420035399999999868e+02
1.099479783439490575e+03,4.420035399999999868e+02
1.099378661734915340e+03,4.420035399999999868e+02
1.099521489146165095e+03,4.420035399999999868e+02
1.099542332947474961e+03,4.420035399999999868e+02
1.101523896511627981e+03,4.420035399999999868e+02
1.099706004160034809e+03,4.420035399999999868e+02
1.099848878943560067e+03,4.420035399999999868e+02
1.099869675372594429e+03,4.420035399999999868e+02
1.100134752605674748e+03,4.420035399999999868e+02
1.100033346585154050e+03,4.420035399999999868e+02
1.100176268740955265e+03,4.420035399999999868e+02
1.100197017797713670e+03,4.420035399999999868e+02
1.100706996813441492e+03,4.420035399999999868e+02
1.100360689010273518e+03,4.420035399999999868e+02
1.100503658538350237e+03,4.420035399999999868e+02
1.100524360222833138e+03,4.420035399999999868e+02
1.100789721771858694e+03,4.420035399999999868e+02
1.100688031435392759e+03,4.420035399999999868e+02
1.100831048335745436e+03,4.420035399999999868e+02
1.100851702647952607e+03,4.420035399999999868e+02
1.101853476798143902e+03,4.420035399999999868e+02
1.101015373860512227e+03,4.420035399999999868e+02
1.101158438133140407e+03,4.420035399999999868e+02
1.101179045073071848e+03,4.420035399999999868e+02
1.101444690938042868e+03,4.420035399999999868e+02
1.101342716285631468e+03,4.420035399999999868e+02
1.101485827930535606e+03,4.420035399999999868e+02
1.101506387498191316e+03,4.420035399999999868e+02
1.102017694090382292e+03,4.420035399999999868e+02
1.101670058710750936e+03,4.420035399999999868e+02
1.101813217727930578e+03,4.420035399999999868e+02
1.101833729923310557e+03,4.420035399999999868e+02
1.102099660104227041e+03,4.420035399999999868e+02
1.101997401135870405e+03,4.420035399999999868e+02
1.102140607525325777e+03,4.420035399999999868e+02
1.102161072348430025e+03,4.420035399999999868e+02
1.075382399999999961e+03,4.602450000000000045e+02
1.102324743560989646e+03,4.420035399999999868e+02
1.102467997322720748e+03,4.420035399999999868e+02
1.102488414773549493e+03,4.420035399999999868e+02
1.102754629270411215e+03,4.420035399999999868e+02
1.102652085986109114e+03,4.420035399999999868e+02
1.102795387120115947e+03,4.420035399999999868e+02
1.102815757198668734e+03,4.420035399999999868e+02
1.103328391367323320e+03,4.420035399999999868e+02
1.102979428411228355e+03,4.420035399999999868e+02
1.103122776917510919e+03,4.420035399999999868e+02
1.103143099623788203e+03,4.420035399999999868e+02
1.103409598436595388e+03,4.420035399999999868e+02
1.103306770836347823e+03,4.420035399999999868e+02
1.103450166714906118e+03,4.420035399999999868e+02
1.103470442048907444e+03,4.420035399999999868e+02
1.104477912412993192e+03,4.420035399999999868e+02
1.103634113261467292e+03,4.420035399999999868e+02
1.103777556512301089e+03,4.420035399999999868e+02
1.103797784474026912e+03,4.420035399999999868e+02
1.104064567602779562e+03,4.420035399999999868e+02
1.103961455686586532e+03,4.420035399999999868e+02
1.104104946309696288e+03,4.420035399999999868e+02
1.104125126899146153e+03,4.420035399999999868e+02
1.104639088644264120e+03,4.420035399999999868e+02
1.104288798111706001e+03,4.420035399999999868e+02
1.104432336107091260e+03,4.420035399999999868e+02
1.104452469324265621e+03,4.420035399999999868e+02
1.104719536768963508e+03,4.420035399999999868e+02
1.104616140536825242e+03,4.420035399999999868e+02
1.104759725904486459e+03,4.420035399999999868e+02
1.104779811749385090e+03,4.420035399999999868e+02
1.106784974418604861e+03,4.420035399999999868e+02
1.104943482961944710e+03,4.420035399999999868e+02
1.105087115701881430e+03,4.420035399999999868e+02
1.105107154174504331e+03,4.420035399999999868e+02
1.105374505935147681e+03,4.420035399999999868e+02
1.105270825387064178e+03,4.420035399999999868e+02
1.105414505499276402e+03,4.420035399999999868e+02
1.105434496599623799e+03,4.420035399999999868e+02
1.105949785921205148e+03,4.420035399999999868e+02
1.105598167812183419e+03,4.420035399999999868e+02
1.105741895296671601e+03,4.420035399999999868e+02
1.105761839024743040e+03,4.420035399999999868e+02
1.106029475101331855e+03,4.420035399999999868e+02
1.105925510237302888e+03,4.420035399999999868e+02
1.106069285094066572e+03,4.420035399999999868e+02
1.106089181449862508e+03,4.420035399999999868e+02
1.107102348027842254e+03,4.420035399999999868e+02
1.106252852662422129e+03,4.420035399999999868e+02
1.106396674891461771e+03,4.420035399999999868e+02
1.106416523874981976e+03,4.420035399999999868e+02
1.106684444267516028e+03,4.420035399999999868e+02
1.106580195087541597e+03,4.420035399999999868e+02
1.106724064688856743e+03,4.420035399999999868e+02
1.106743866300101217e+03,4.420035399999999868e+02
1.107260483198145948e+03,4.420035399999999868e+02
1.106907537512660838e+03,4.420035399999999868e+02
1.107051454486251941e+03,4.420035399999999868e+02
1.107071208725220686e+03,4.420035399999999868e+02
1.107339413433700201e+03,4.420035399999999868e+02
1.107234879937780306e+03,4.420035399999999868e+02
1.107378844283646913e+03,4.420035399999999868e+02
1.107398551150339927e+03,4.420035399999999868e+02
1.091561799999999948e+03,4.548914800000000014e+02
1.107562222362899774e+03,3.803908700000000067e+02
1.107706234081042112e+03,3.803908700000000067e+02
1.107725893575459395e+03,3.803908700000000067e+02
1.107994382599884375e+03,3.803908700000000067e+02
1.107889564788019015e+03,3.803908700000000067e+02
1.108033623878437083e+03,3.803908700000000067e+02
1.108053236000578863e+03,3.803908700000000067e+02
1.108571180475086976e+03,3.803908700000000067e+02
1.108216907213138484e+03,3.803908700000000067e+02
1.108361013675832282e+03,3.803908700000000067e+02
1.108380578425698104e+03,3.803908700000000067e+02
1.108649351766068321e+03,3.803908700000000067e+02
1.108544249638257725e+03,3.803908700000000067e+02
1.108688403473227254e+03,3.803908700000000067e+02
1.108707920850817573e+03,3.803908700000000067e+02
1.109726783642691544e+03,3.803908700000000067e+02
1.108871592063377193e+03,3.803908700000000067e+02
1.109015793270622453e+03,3.803908700000000067e+02
1.109035263275936813e+03,3.803908700000000067e+02
1.109304320932252494e+03,3.803908700000000067e+02
1.109198934488496661e+03,3.803908700000000067e+02
1.109343183068017424e+03,3.803908700000000067e+02
1.109362605701056282e+03,3.803908700000000067e+02
1.109881877752027776e+03,3.803908700000000067e+02
1.109526276913615902e+03,3.803908700000000067e+02
1.109670572865412623e+03,3.803908700000000067e+02
1.109689948126175523e+03,3.803908700000000067e+02
1.109959290098436668e+03,3.803908700000000067e+02
1.109853619338735371e+03,3.803908700000000067e+02
1.109997962662807595e+03,3.803908700000000067e+02
1.110017290551294991e+03,3.803908700000000067e+02
1.112046052325581513e+03,3.803908700000000067e+02
1.110180961763854611e+03,3.803908700000000067e+02
1.110325352460202794e+03,3.803908700000000067e+02
1.110344632976414459e+03,3.803908700000000067e+02
1.110614259264620841e+03,3.803908700000000067e+02
1.110508304188974080e+03,3.803908700000000067e+02
1.110652742257597765e+03,3.803908700000000067e+02
1.110671975401533700e+03,3.803908700000000067e+02
1.111192575028968804e+03,3.803908700000000067e+02
1.110835646614093548e+03,3.803908700000000067e+02
1.110980132054992964e+03,3.803908700000000067e+02
1.110999317826653169e+03,3.803908700000000067e+02
1.111269228430805015e+03,3.803908700000000067e+02
1.111162989039212789e+03,3.803908700000000067e+02
1.111307521852387936e+03,3.803908700000000067e+02
1.111326660251772410e+03,3.803908700000000067e+02
1.112351219257540606e+03,3.803908700000000067e+02
1.111490331464332257e+03,3.803908700000000067e+02
1.111634911649782907e+03,3.803908700000000067e+02
1.111654002676891878e+03,3.803908700000000067e+02
1.111924197596988961e+03,3.803908700000000067e+02
1.111817673889451498e+03,3.803908700000000067e+02
1.111962301447178106e+03,3.803908700000000067e+02
1.111981345102011346e+03,3.803908700000000067e+02
1.112503272305909604e+03,3.803908700000000067e+02
1.112145016314570967e+03,3.803908700000000067e+02
1.112289691244573078e+03,3.803908700000000067e+02
1.112308687527130587e+03,3.803908700000000067e+02
1.112579166763173134e+03,3.803908700000000067e+02
1.112472358739690208e+03,3.803908700000000067e+02
1.112617081041968277e+03,3.803908700000000067e+02
1.112636029952250055e+03,3.803908700000000067e+02
1.105496599999999944e+03,4.420035399999999868e+02
1.112799701164809676e+03,3.803908700000000067e+02
1.112944470839363248e+03,3.803908700000000067e+02
1.112963372377369296e+03,3.803908700000000067e+02
1.113234135929357308e+03,3.803908700000000067e+02
1.113127043589929144e+03,3.803908700000000067e+02
1.113271860636758447e+03,3.803908700000000067e+02
1.113290714802488765e+03,3.803908700000000067e+02
1.113813969582850405e+03,3.803908700000000067e+02
1.113454386015048385e+03,3.803908700000000067e+02
1.113599250434153419e+03,3.803908700000000067e+02
1.113618057227608233e+03,3.803908700000000067e+02
1.113889105095541481e+03,3.803908700000000067e+02
1.113781728440167853e+03,3.803908700000000067e+02
1.113926640231548618e+03,3.803908700000000067e+02
1.113945399652727474e+03,3.803908700000000067e+02
1.114975654872389896e+03,3.803908700000000067e+02
1.114109070865287094e+03,3.803908700000000067e+02
1.114254030028943589e+03,3.803908700000000067e+02
1.114272742077846942e+03,3.803908700000000067e+02
1.114544074261725655e+03,3.803908700000000067e+02
1.114436413290406563e+03,3.803908700000000067e+02
1.114581419826338788e+03,3.803908700000000067e+02
1.114600084502966183e+03,3.803908700000000067e+02
1.115124666859791432e+03,3.803908700000000067e+02
1.114763755715526031e+03,3.803908700000000067e+02
1.114908809623733760e+03,3.803908700000000067e+02
1.114927426928085652e+03,3.803908700000000067e+02
1.115199043427909828e+03,3.803908700000000067e+02
1.115091098140645272e+03,3.803908700000000067e+02
1.115236199421128958e+03,3.803908700000000067e+02
1.115254769353204892e+03,3.803908700000000067e+02
1.117307130232558166e+03,3.803908700000000067e+02
1.115418440565764740e+03,3.803908700000000067e+02
1.115563589218523930e+03,3.803908700000000067e+02
1.115582111778324361e+03,3.803908700000000067e+02
1.115854012594093774e+03,3.803908700000000067e+02
1.115745782990883981e+03,3.803908700000000067e+02
1.115890979015919129e+03,3.803908700000000067e+02
1.115909454203443829e+03,3.803908700000000067e+02
1.116435364136732233e+03,3.803908700000000067e+02
1.116073125416003450e+03,3.803908700000000067e+02
1.116218368813314100e+03,3.803908700000000067e+02
1.116236796628563070e+03,3.803908700000000067e+02
1.116508981760277948e+03,3.803908700000000067e+02
1.116400467841122918e+03,3.803908700000000067e+02
1.116545758610709299e+03,3.803908700000000067e+02
1.116564139053682538e+03,3.803908700000000067e+02
1.117600090487238958e+03,3.803908700000000067e+02
1.116727810266242159e+03,3.803908700000000067e+02
1.116873148408104271e+03,3.803908700000000067e+02
1.116891481478801779e+03,3.803908700000000067e+02
1.117163950926462121e+03,3.803908700000000067e+02
1.117055152691361627e+03,3.803908700000000067e+02
1.117200538205499470e+03,3.803908700000000067e+02
1.117218823903921248e+03,3.803908700000000067e+02
1.117746061413673260e+03,3.803908700000000067e+02
1.117382495116480868e+03,3.803908700000000067e+02
1.117527928002894441e+03,3.803908700000000067e+02
1.117546166329040716e+03,3.803908700000000067e+02
1.117818920092646295e+03,3.803908700000000067e+02
1.117709837541600336e+03,3.803908700000000067e+02
1.117855317800289640e+03,3.803908700000000067e+02
1.117873508754159957e+03,3.803908700000000067e+02
1.118736799999999903e+03,4.101502699999999777e+02
1.118037179966719805e+03,4.101502699999999777e+02
1.118182707597684612e+03,4.101502699999999777e+02
1.118200851179279425e+03,4.101502699999999777e+02
1.118473889258830468e+03,4.101502699999999777e+02
1.118364522391839046e+03,4.101502699999999777e+02
1.118510097395079583e+03,4.101502699999999777e+02
1.118528193604398666e+03,4.101502699999999777e+02
1.119056758690614060e+03,4.101502699999999777e+02
1.118691864816958514e+03,4.101502699999999777e+02
1.118837487192474782e+03,4.101502699999999777e+02
1.118855536029518134e+03,4.101502699999999777e+02
1.119128858425014641e+03,4.101502699999999777e+02
1.119019207242077755e+03,4.101502699999999777e+02
1.119164876989869754e+03,4.101502699999999777e+02
1.119182878454637603e+03,4.101502699999999777e+02
1.120224526102088248e+03,3.996945799999999736e+02
1.119346549667197223e+03,3.670094000000000278e+02
1.119492266787264953e+03,3.670094000000000278e+02
1.119510220879756844e+03,3.670094000000000278e+02
1.119783827591198587e+03,3.996945799999999736e+02
1.119673892092316464e+03,3.996945799999999736e+02
1.119819656584659924e+03,3.996945799999999736e+02
1.119837563304876312e+03,3.996945799999999736e+02
1.120367455967555088e+03,3.996945799999999736e+02
1.120001234517435933e+03,3.996945799999999736e+02
1.120147046382055123e+03,3.996945799999999736e+02
1.120164905729995553e+03,3.996945799999999736e+02
1.120438796757382761e+03,3.996945799999999736e+02
1.120328576942555401e+03,3.996945799999999736e+02
1.120474436179450095e+03,3.996945799999999736e+02
1.120492248155115021e+03,3.996945799999999736e+02
1.122568208139535045e+03,3.667375499999999988e+02
1.120655919367674642e+03,3.650511500000000069e+02
1.120801825976845294e+03,3.650511500000000069e+02
1.120819590580234490e+03,3.650511500000000069e+02
1.121093765923566934e+03,3.650511500000000069e+02
1.120983261792794110e+03,3.650511500000000069e+02
1.121129215774240265e+03,3.650511500000000069e+02
1.121146933005353731e+03,3.650511500000000069e+02
1.121678153244495888e+03,3.650511500000000069e+02
1.121310604217913351e+03,3.650511500000000069e+02
1.121456605571635464e+03,3.650511500000000069e+02
1.121474275430473199e+03,3.650511500000000069e+02
1.121748735089751108e+03,3.650511500000000069e+02
1.121637946643032819e+03,3.650511500000000069e+02
1.121783995369030436e+03,3.650511500000000069e+02
1.121801617855592440e+03,3.650511500000000069e+02
1.122848961716937538e+03,3.850490699999999720e+02
1.121965289068152288e+03,3.667375499999999988e+02
1.122111385166425634e+03,3.667375499999999988e+02
1.122128960280711908e+03,3.667375499999999988e+02
1.122403704255935281e+03,3.667375499999999988e+02
1.122292631493271529e+03,3.667375499999999988e+02
1.122438774963820606e+03,3.667375499999999988e+02
1.122456302705831149e+03,3.667375499999999988e+02
1.122988850521436916e+03,3.711458700000000022e+02
1.122619973918390997e+03,3.667375499999999988e+02
1.122766164761215805e+03,3.850490699999999720e+02
1.122783645130950617e+03,3.850490699999999720e+02
1.123058673422119455e+03,3.711458700000000022e+02
1.122947316343510238e+03,3.711458700000000022e+02
1.123093554558610776e+03,3.711458700000000022e+02
1.123110987556070086e+03,3.711458700000000022e+02
1.122841200000000072e+03,3.850490699999999720e+02
1.123274658768629706e+03,4.225300300000000107e+02
1.123420944356005975e+03,4.225300300000000107e+02
1.123438329981189327e+03,4.225300300000000107e+02
1.123713642588303401e+03,4.225300300000000107e+02
1.123602001193749174e+03,4.225300300000000107e+02
1.123748334153400947e+03,4.225300300000000107e+02
1.123765672406308795e+03,4.225300300000000107e+02
1.124299547798377716e+03,4.225300300000000107e+02
1.123929343618868415e+03,4.225300300000000107e+02
1.124075723950796146e+03,4.225300300000000107e+02
1.124093014831428036e+03,4.225300300000000107e+02
1.124368611754487574e+03,4.225300300000000107e+02
1.124256686043987884e+03,4.225300300000000107e+02
1.124403113748191117e+03,4.225300300000000107e+02
1.124420357256547504e+03,4.225300300000000107e+02
1.125473397331786600e+03,4.225300300000000107e+02
1.124584028469107125e+03,4.225300300000000107e+02
1.124730503545586316e+03,4.225300300000000107e+02
1.124747699681666973e+03,4.225300300000000107e+02
1.125023580920671748e+03,4.225300300000000107e+02
1.124911370894226593e+03,4.225300300000000107e+02
1.125057893342981288e+03,4.225300300000000107e+02
1.125075042106786213e+03,4.225300300000000107e+02
1.125610245075318744e+03,4.225300300000000107e+02
1.125238713319345834e+03,4.225300300000000107e+02
1.125385283140376259e+03,4.225300300000000107e+02
1.125402384531905682e+03,4.225300300000000107e+02
1.125678550086855921e+03,4.225300300000000107e+02
1.125566055744465302e+03,4.225300300000000107e+02
1.125712672937771458e+03,4.225300300000000107e+02
1.125729726957024923e+03,4.225300300000000107e+02
1.127829286046511697e+03,4.225300300000000107e+02
1.125893398169584771e+03,4.225300300000000107e+02
1.126040062735166430e+03,4.225300300000000107e+02
1.126057069382144391e+03,4.225300300000000107e+02
1.126333519253040095e+03,4.225300300000000107e+02
1.126220740594704012e+03,4.225300300000000107e+02
1.126367452532561629e+03,4.225300300000000107e+02
1.126384411807263859e+03,4.225300300000000107e+02
1.126920942352259544e+03,4.225300300000000107e+02
1.126548083019823480e+03,4.225300300000000107e+02
1.126694842329956600e+03,4.225300300000000107e+02
1.126711754232383100e+03,4.225300300000000107e+02
1.126988488419224268e+03,4.225300300000000107e+02
1.126875425444942721e+03,4.225300300000000107e+02
1.127022232127351799e+03,4.225300300000000107e+02
1.127039096657502569e+03,4.225300300000000107e+02
1.128097832946635890e+03,4.225300300000000107e+02
1.127202767870062189e+03,4.225300300000000107e+02
1.127349621924746771e+03,4.225300300000000107e+02
1.127366439082621810e+03,4.225300300000000107e+02
1.127643457585408214e+03,4.225300300000000107e+02
1.127530110295181657e+03,4.225300300000000107e+02
1.127677011722141970e+03,4.225300300000000107e+02
1.127693781507741278e+03,4.225300300000000107e+02
1.128231639629200345e+03,4.225300300000000107e+02
1.127857452720300898e+03,4.225300300000000107e+02
1.128004401519536941e+03,4.225300300000000107e+02
1.128021123932860519e+03,4.225300300000000107e+02
1.128298426751592388e+03,4.225300300000000107e+02
1.128184795145420367e+03,4.225300300000000107e+02
1.128331791316932140e+03,4.225300300000000107e+02
1.128348466357979987e+03,4.225300300000000107e+02
1.123112200000000030e+03,3.711458700000000022e+02
1.128512137570539608e+03,4.332223999999999933e+02
1.128659181114327112e+03,4.332223999999999933e+02
1.128675808783099455e+03,4.332223999999999933e+02
1.128953395917776561e+03,4.332223999999999933e+02
1.128839479995659076e+03,4.332223999999999933e+02
1.128986570911722310e+03,4.332223999999999933e+02
1.129003151208218696e+03,4.332223999999999933e+02
1.129542336906141372e+03,4.332223999999999933e+02
1.129166822420778544e+03,4.332223999999999933e+02
1.129313960709117282e+03,4.332223999999999933e+02
1.129330493633338165e+03,4.332223999999999933e+02
1.129608365083960734e+03,4.332223999999999933e+02
1.129494164845897785e+03,4.332223999999999933e+02
1.129641350506512481e+03,4.332223999999999933e+02
1.129657836058457406e+03,4.332223999999999933e+02
1.130722268561484952e+03,4.332223999999999933e+02
1.129821507271017254e+03,4.332223999999999933e+02
1.129968740303907452e+03,4.332223999999999933e+02
1.129985178483576874e+03,4.332223999999999933e+02
1.130263334250144908e+03,4.332223999999999933e+02
1.130148849696136494e+03,4.332223999999999933e+02
1.130296130101302651e+03,4.332223999999999933e+02
1.130312520908696342e+03,4.332223999999999933e+02
1.130853034183082173e+03,4.332223999999999933e+02
1.130476192121255963e+03,4.332223999999999933e+02
1.130623519898697623e+03,4.332223999999999933e+02
1.130639863333815583e+03,4.332223999999999933e+02
1.130918303416328854e+03,4.332223999999999933e+02
1.130803534546375204e+03,4.332223999999999933e+02
1.130950909696092822e+03,4.332223999999999933e+02
1.130967205758935052e+03,4.332223999999999933e+02
1.133090363953488577e+03,4.332223999999999933e+02
1.131130876971494672e+03,4.332223999999999933e+02
1.131278299493487793e+03,4.332223999999999933e+02
1.131294548184054293e+03,4.332223999999999933e+02
1.131573272582513027e+03,4.332223999999999933e+02
1.131458219396614140e+03,4.332223999999999933e+02
1.131605689290882765e+03,4.332223999999999933e+02
1.131621890609173761e+03,4.332223999999999933e+02
1.132163731460023200e+03,4.332223999999999933e+02
1.131785561821733381e+03,4.332223999999999933e+02
1.131933079088277964e+03,4.332223999999999933e+02
1.131949233034293229e+03,4.332223999999999933e+02
1.132228241748697201e+03,4.332223999999999933e+02
1.132112904246852850e+03,4.332223999999999933e+02
1.132260468885672935e+03,4.332223999999999933e+02
1.132276575459412470e+03,4.332223999999999933e+02
1.133346704176334242e+03,4.332223999999999933e+02
1.132440246671972091e+03,4.332223999999999933e+02
1.132587858683068134e+03,4.332223999999999933e+02
1.132603917884531938e+03,4.332223999999999933e+02
1.132883210914881374e+03,4.332223999999999933e+02
1.132767589097091559e+03,4.332223999999999933e+02
1.132915248480463106e+03,4.332223999999999933e+02
1.132931260309651179e+03,4.332223999999999933e+02
1.133474428736964001e+03,4.332223999999999933e+02
1.133094931522211027e+03,4.332223999999999933e+02
1.133242638277858305e+03,4.332223999999999933e+02
1.133258602734770648e+03,4.332223999999999933e+02
1.133538180081065548e+03,4.332223999999999933e+02
1.133422273947330268e+03,4.332223999999999933e+02
1.133570028075253276e+03,4.332223999999999933e+02
1.133585945159889889e+03,4.332223999999999933e+02
1.122336999999999989e+03,3.667375499999999988e+02
1.133749616372449736e+03,4.332223999999999933e+02
1.133897417872648475e+03,4.332223999999999933e+02
1.133913287585009357e+03,4.332223999999999933e+02
1.134193149247249721e+03,4.332223999999999933e+02
1.134076958797568977e+03,4.332223999999999933e+02
1.134224807670043447e+03,4.332223999999999933e+02
1.134240630010128825e+03,4.332223999999999933e+02
1.134785126013905028e+03,4.332223999999999933e+02
1.134404301222688446e+03,4.332223999999999933e+02
1.134552197467438646e+03,4.332223999999999933e+02
1.134567972435248066e+03,4.332223999999999933e+02
1.134848118413433667e+03,4.332223999999999933e+02
1.134731643647807914e+03,4.332223999999999933e+02
1.134879587264833617e+03,4.332223999999999933e+02
1.134895314860367534e+03,4.332223999999999933e+02
1.135971139791183305e+03,4.332223999999999933e+02
1.135058986072927155e+03,4.332223999999999933e+02
1.135206977062228816e+03,4.332223999999999933e+02
1.135222657285486775e+03,4.332223999999999933e+02
1.135503087579617841e+03,4.332223999999999933e+02
1.135386328498046623e+03,4.332223999999999933e+02
1.135534366859623788e+03,4.332223999999999933e+02
1.135549999710606244e+03,4.332223999999999933e+02
1.136095823290845829e+03,4.332223999999999933e+02
1.135713670923165864e+03,4.332223999999999933e+02
1.135861756657018987e+03,4.332223999999999933e+02
1.135877342135725712e+03,4.332223999999999933e+02
1.136158056745802014e+03,4.332223999999999933e+02
1.136041013348285333e+03,4.332223999999999933e+02
1.136189146454413958e+03,4.332223999999999933e+02
1.136204684560844953e+03,4.332223999999999933e+02
1.138351441860465229e+03,4.332223999999999933e+02
1.136368355773404573e+03,4.332223999999999933e+02
1.136516536251809157e+03,4.332223999999999933e+02
1.136532026985964421e+03,4.332223999999999933e+02
1.136813025911986188e+03,4.332223999999999933e+02
1.136695698198524042e+03,4.332223999999999933e+02
1.136843926049204129e+03,4.332223999999999933e+02
1.136859369411083890e+03,4.332223999999999933e+02
1.137406520567786856e+03,4.332223999999999933e+02
1.137023040623643510e+03,4.332223999999999933e+02
1.137171315846599327e+03,4.332223999999999933e+02
1.137186711836203131e+03,4.332223999999999933e+02
1.137467995078170361e+03,4.332223999999999933e+02
1.137350383048762978e+03,4.332223999999999933e+02
1.137498705643994299e+03,4.332223999999999933e+02
1.137514054261322599e+03,4.332223999999999933e+02
1.138595575406032594e+03,4.332223999999999933e+02
1.137677725473882219e+03,4.332223999999999933e+02
1.137826095441389498e+03,4.332223999999999933e+02
1.137841396686441840e+03,4.332223999999999933e+02
1.138122964244354534e+03,4.332223999999999933e+02
1.138005067899001688e+03,4.332223999999999933e+02
1.138153485238784469e+03,4.332223999999999933e+02
1.138168739111561308e+03,4.332223999999999933e+02
1.138717217844727656e+03,4.332223999999999933e+02
1.138332410324120929e+03,4.332223999999999933e+02
1.138480875036179668e+03,4.332223999999999933e+02
1.138496081536680776e+03,4.332223999999999933e+02
1.138777933410538708e+03,4.332223999999999933e+02
1.138659752749240397e+03,4.332223999999999933e+02
1.138808264833574640e+03,4.332223999999999933e+02
1.138823423961800017e+03,4.332223999999999933e+02
1.121277199999999993e+03,3.650511500000000069e+02
1.138987095174359638e+03,4.440878999999999905e+02
1.139135654630969839e+03,4.440878999999999905e+02
1.139150766386919486e+03,4.440878999999999905e+02
1.139432902576722654e+03,4.440878999999999905e+02
1.139314437599479106e+03,4.440878999999999905e+02
1.139463044428364810e+03,4.440878999999999905e+02
1.139478108812038727e+03,4.440878999999999905e+02
1.140027915121668684e+03,4.440878999999999905e+02
1.139641780024598575e+03,4.440878999999999905e+02
1.139790434225760009e+03,4.440878999999999905e+02
1.139805451237158195e+03,4.440878999999999905e+02
1.140087871742906827e+03,4.440878999999999905e+02
1.139969122449717815e+03,4.440878999999999905e+02
1.140117824023154981e+03,4.440878999999999905e+02
1.140132793662277663e+03,4.440878999999999905e+02
1.141220011020881884e+03,4.440878999999999905e+02
1.140296464874837284e+03,4.440878999999999905e+02
1.140445213820550180e+03,4.440878999999999905e+02
1.140460136087396904e+03,4.440878999999999905e+02
1.140742840909091001e+03,4.440878999999999905e+02
1.140623807299956525e+03,4.440878999999999905e+02
1.140772603617945151e+03,4.440878999999999905e+02
1.140787478512516373e+03,4.440878999999999905e+02
1.141338612398609484e+03,4.440878999999999905e+02
1.140951149725075993e+03,4.440878999999999905e+02
1.141099993415340350e+03,4.440878999999999905e+02
1.141114820937635614e+03,4.440878999999999905e+02
1.141397810075275174e+03,4.440878999999999905e+02
1.141278492150195461e+03,4.440878999999999905e+02
1.141427383212735322e+03,4.440878999999999905e+02
1.141442163362755082e+03,4.440878999999999905e+02
1.143612519767442109e+03,4.440878999999999905e+02
1.141605834575314702e+03,4.440878999999999905e+02
1.141754773010130293e+03,4.440878999999999905e+02
1.141769505787874323e+03,4.440878999999999905e+02
1.142052779241459348e+03,4.440878999999999905e+02
1.141933177000434171e+03,4.440878999999999905e+02
1.142082162807525492e+03,4.440878999999999905e+02
1.142096848212993791e+03,4.440878999999999905e+02
1.142649309675550512e+03,4.440878999999999905e+02
1.142260519425553412e+03,4.440878999999999905e+02
1.142409552604920464e+03,4.440878999999999905e+02
1.142424190638113259e+03,4.440878999999999905e+02
1.142707748407643521e+03,4.440878999999999905e+02
1.142587861850672880e+03,4.440878999999999905e+02
1.142736942402315663e+03,4.440878999999999905e+02
1.142751533063232500e+03,4.440878999999999905e+02
1.143844446635730947e+03,4.440878999999999905e+02
1.142915204275792348e+03,4.440878999999999905e+02
1.143064332199710634e+03,4.440878999999999905e+02
1.143078875488351969e+03,4.440878999999999905e+02
1.143362717573827467e+03,4.440878999999999905e+02
1.143242546700911589e+03,4.440878999999999905e+02
1.143391721997105833e+03,4.440878999999999905e+02
1.143406217913471210e+03,4.440878999999999905e+02
1.143960006952491312e+03,4.440878999999999905e+02
1.143569889126031057e+03,4.440878999999999905e+02
1.143719111794500805e+03,4.440878999999999905e+02
1.143733560338590678e+03,4.440878999999999905e+02
1.144017686740011641e+03,4.440878999999999905e+02
1.143897231551150298e+03,4.440878999999999905e+02
1.144046501591896003e+03,4.440878999999999905e+02
1.144060902763710146e+03,4.440878999999999905e+02
1.119511500000000069e+03,3.670094000000000278e+02
1.144224573976269767e+03,4.440878999999999905e+02
1.144373891389290975e+03,4.440878999999999905e+02
1.144388245188829387e+03,4.440878999999999905e+02
1.144672655906195814e+03,4.440878999999999905e+02
1.144551916401389008e+03,4.440878999999999905e+02
1.144701281186686174e+03,4.440878999999999905e+02
1.144715587613948856e+03,4.440878999999999905e+02
1.145270704229432340e+03,4.440878999999999905e+02
1.144879258826508476e+03,4.440878999999999905e+02
1.145028670984081145e+03,4.440878999999999905e+02
1.145042930039068096e+03,4.440878999999999905e+02
1.145327625072379988e+03,4.440878999999999905e+02
1.145206601251627944e+03,4.440878999999999905e+02
1.145356060781476344e+03,4.440878999999999905e+02
1.145370272464187565e+03,4.440878999999999905e+02
1.146468882250580236e+03,4.440878999999999905e+02
1.145533943676747185e+03,4.440878999999999905e+02
1.145683450578871316e+03,4.440878999999999905e+02
1.145697614889307033e+03,4.440878999999999905e+02
1.145982594238564161e+03,4.440878999999999905e+02
1.145861286101866654e+03,4.440878999999999905e+02
1.146010840376266515e+03,4.440878999999999905e+02
1.146024957314426274e+03,4.440878999999999905e+02
1.146581401506373140e+03,4.440878999999999905e+02
1.146188628526985894e+03,4.440878999999999905e+02
1.146338230173661486e+03,4.440878999999999905e+02
1.146352299739545742e+03,4.440878999999999905e+02
1.146637563404748335e+03,4.440878999999999905e+02
1.146515970952105363e+03,4.440878999999999905e+02
1.146665619971056685e+03,4.440878999999999905e+02
1.146679642164664983e+03,4.440878999999999905e+02
1.148873597674418761e+03,4.440878999999999905e+02
1.146843313377224831e+03,4.440878999999999905e+02
1.146993009768451657e+03,4.440878999999999905e+02
1.147006984589784452e+03,4.440878999999999905e+02
1.147292532570932281e+03,4.440878999999999905e+02
1.147170655802344072e+03,4.440878999999999905e+02
1.147320399565846856e+03,4.440878999999999905e+02
1.147334327014903693e+03,4.440878999999999905e+02
1.147892098783314168e+03,4.440878999999999905e+02
1.147497998227463540e+03,4.440878999999999905e+02
1.147647789363241827e+03,4.440878999999999905e+02
1.147661669440023161e+03,4.440878999999999905e+02
1.147947501737116454e+03,4.440878999999999905e+02
1.147825340652582781e+03,4.440878999999999905e+02
1.147975179160637026e+03,4.440878999999999905e+02
1.147989011865142629e+03,4.440878999999999905e+02
1.149093317865429299e+03,4.440878999999999905e+02
1.148152683077702250e+03,4.440878999999999905e+02
1.148302568958031998e+03,4.440878999999999905e+02
1.148316354290261870e+03,4.440878999999999905e+02
1.148602470903300627e+03,4.440878999999999905e+02
1.148480025502821718e+03,4.440878999999999905e+02
1.148629958755426969e+03,4.440878999999999905e+02
1.148643696715381338e+03,4.440878999999999905e+02
1.149202796060254968e+03,4.440878999999999905e+02
1.148807367927940959e+03,4.440878999999999905e+02
1.148957348552822168e+03,4.440878999999999905e+02
1.148971039140500579e+03,4.440878999999999905e+02
1.149257440069484801e+03,4.440878999999999905e+02
1.149134710353060427e+03,4.440878999999999905e+02
1.149284738350217140e+03,4.440878999999999905e+02
1.149298381565620048e+03,4.440878999999999905e+02
1.117614000000000033e+03,3.803908700000000067e+02
1.149462052778179668e+03,4.440878999999999905e+02
1.149612128147612339e+03,4.440878999999999905e+02
1.149625723990739516e+03,4.440878999999999905e+02
1.149912409235668974e+03,4.440878999999999905e+02
1.149789395203299136e+03,4.440878999999999905e+02
1.149939517945007310e+03,4.440878999999999905e+02
1.149953066415858757e+03,4.440878999999999905e+02
1.150513493337195769e+03,4.440878999999999905e+02
1.150116737628418377e+03,4.440878999999999905e+02
1.150266907742402509e+03,4.440878999999999905e+02
1.150280408840978225e+03,4.440878999999999905e+02
1.150567378401853148e+03,4.440878999999999905e+02
1.150444080053537846e+03,4.440878999999999905e+02
1.150594297539797481e+03,4.440878999999999905e+02
1.150607751266097466e+03,4.440878999999999905e+02
1.151717753480278589e+03,4.440878999999999905e+02
1.150771422478657314e+03,4.440878999999999905e+02
1.150921687337192679e+03,4.440878999999999905e+02
1.150935093691216935e+03,4.440878999999999905e+02
1.151222347568037094e+03,4.440878999999999905e+02
1.151098764903776555e+03,4.440878999999999905e+02
1.151249077134587651e+03,4.440878999999999905e+02
1.151262436116336403e+03,4.440878999999999905e+02
1.151824190614136796e+03,4.440878999999999905e+02
1.151426107328896023e+03,4.440878999999999905e+02
1.151576466931982850e+03,4.440878999999999905e+02
1.151589778541455644e+03,4.440878999999999905e+02
1.151877316734221267e+03,4.440878999999999905e+02
1.151753449754015264e+03,4.440878999999999905e+02
1.151903856729377821e+03,4.440878999999999905e+02
1.151917120966575112e+03,4.440878999999999905e+02
1.154134675581395413e+03,4.440878999999999905e+02
1.152080792179134733e+03,4.440878999999999905e+02
1.152231246526773020e+03,4.440878999999999905e+02
1.152244463391694353e+03,4.440878999999999905e+02
1.152532285900405441e+03,4.440878999999999905e+02
1.152408134604254201e+03,4.440878999999999905e+02
1.152558636324167992e+03,4.440878999999999905e+02
1.152571805816813821e+03,4.440878999999999905e+02
1.153134887891077597e+03,4.440878999999999905e+02
1.152735477029373442e+03,4.440878999999999905e+02
1.152886026121563191e+03,4.440878999999999905e+02
1.152899148241933062e+03,4.440878999999999905e+02
1.153187255066589614e+03,4.440878999999999905e+02
1.153062819454492910e+03,4.440878999999999905e+02
1.153213415918958162e+03,4.440878999999999905e+02
1.153226490667052531e+03,4.440878999999999905e+02
1.154342189095127651e+03,4.440878999999999905e+02
1.153390161879612151e+03,4.440878999999999905e+02
1.153540805716353361e+03,4.440878999999999905e+02
1.153553833092171999e+03,4.440878999999999905e+02
1.153842224232773788e+03,4.440878999999999905e+02
1.153717504304731619e+03,4.440878999999999905e+02
1.153868195513748333e+03,4.440878999999999905e+02
1.153881175517291240e+03,4.440878999999999905e+02
1.154445585168018624e+03,4.440878999999999905e+02
1.154044846729851088e+03,4.440878999999999905e+02
1.154195585311143532e+03,4.440878999999999905e+02
1.154208517942410708e+03,4.440878999999999905e+02
1.154497193398957961e+03,4.440878999999999905e+02
1.154372189154970329e+03,4.440878999999999905e+02
1.154522975108538503e+03,4.440878999999999905e+02
1.154535860367529949e+03,4.440878999999999905e+02
1.119929699999999912e+03,3.996945799999999736e+02
1.154699531580089797e+03,4.489977999999999838e+02
1.154850364905933475e+03,4.489977999999999838e+02
1.154863202792649417e+03,4.489977999999999838e+02
1.155152162565141907e+03,4.489977999999999838e+02
1.155026874005209038e+03,4.489977999999999838e+02
1.155177754703328674e+03,4.489977999999999838e+02
1.155190545217768886e+03,4.489977999999999838e+02
1.155756282444959425e+03,4.489977999999999838e+02
1.155354216430328506e+03,4.489977999999999838e+02
1.155505144500723645e+03,4.489977999999999838e+02
1.155517887642888127e+03,4.489977999999999838e+02
1.155807131731326081e+03,4.489977999999999838e+02
1.155681558855447747e+03,4.489977999999999838e+02
1.155832534298118844e+03,4.489977999999999838e+02
1.155845230068007595e+03,4.489977999999999838e+02
1.156966624709976941e+03,4.489977999999999838e+02
1.156008901280567216e+03,4.489977999999999838e+02
1.156159924095513816e+03,4.489977999999999838e+02
1.156172572493126836e+03,4.489977999999999838e+02
1.156462100897510254e+03,4.489977999999999838e+02
1.156336243705686684e+03,4.489977999999999838e+02
1.156487313892909015e+03,4.489977999999999838e+02
1.156499914918246304e+03,4.489977999999999838e+02
1.157066979721900452e+03,4.489977999999999838e+02
1.156663586130805925e+03,4.489977999999999838e+02
1.156814703690303986e+03,4.489977999999999838e+02
1.156827257343365773e+03,4.489977999999999838e+02
1.157117070063694428e+03,4.489977999999999838e+02
1.156990928555925393e+03,4.489977999999999838e+02
1.157142093487699185e+03,4.489977999999999838e+02
1.157154599768485014e+03,4.489977999999999838e+02
1.159395753488372293e+03,4.489977999999999838e+02
1.157318270981044634e+03,4.489977999999999838e+02
1.157469483285094157e+03,4.489977999999999838e+02
1.157481942193604482e+03,4.489977999999999838e+02
1.157772039229878601e+03,4.489977999999999838e+02
1.157645613406164102e+03,4.489977999999999838e+02
1.157796873082489356e+03,4.489977999999999838e+02
1.157809284618723723e+03,4.489977999999999838e+02
1.158377676998841252e+03,4.489977999999999838e+02
1.157972955831283571e+03,4.489977999999999838e+02
1.158124262879884327e+03,4.489977999999999838e+02
1.158136627043843191e+03,4.489977999999999838e+02
1.158427008396062774e+03,4.489977999999999838e+02
1.158300298256402812e+03,4.489977999999999838e+02
1.158451652677279526e+03,4.489977999999999838e+02
1.158463969468962659e+03,4.489977999999999838e+02
1.159591060324826230e+03,4.489977999999999838e+02
1.158627640681522280e+03,4.489977999999999838e+02
1.158779042474674497e+03,4.489977999999999838e+02
1.158791311894081900e+03,4.489977999999999838e+02
1.159081977562246720e+03,4.489977999999999838e+02
1.158954983106641521e+03,4.489977999999999838e+02
1.159106432272069696e+03,4.489977999999999838e+02
1.159118654319201369e+03,4.489977999999999838e+02
1.159688374275782280e+03,4.489977999999999838e+02
1.159282325531760989e+03,4.489977999999999838e+02
1.159433822069464668e+03,4.489977999999999838e+02
1.159445996744320610e+03,4.489977999999999838e+02
1.159736946728430894e+03,4.489977999999999838e+02
1.159609667956880457e+03,4.489977999999999838e+02
1.159761211866859867e+03,4.489977999999999838e+02
1.159773339169440078e+03,4.489977999999999838e+02
1.127522699999999986e+03,4.225300300000000107e+02
1.159937010381999698e+03,4.489977999999999838e+02
1.160088601664254838e+03,4.489977999999999838e+02
1.160100681594559319e+03,4.489977999999999838e+02
1.160391915894615067e+03,4.489977999999999838e+02
1.160264352807119167e+03,4.489977999999999838e+02
1.160415991461650037e+03,4.489977999999999838e+02
1.160428024019678787e+03,4.489977999999999838e+02
1.160999071552723080e+03,4.489977999999999838e+02
1.160591695232238408e+03,4.489977999999999838e+02
1.160743381259045009e+03,4.489977999999999838e+02
1.160755366444798256e+03,4.489977999999999838e+02
1.161046885060799241e+03,4.489977999999999838e+02
1.160919037657357876e+03,4.489977999999999838e+02
1.161070771056440208e+03,4.489977999999999838e+02
1.161082708869917496e+03,4.489977999999999838e+02
1.162215495939675293e+03,4.489977999999999838e+02
1.161246380082477344e+03,4.489977999999999838e+02
1.161398160853835179e+03,4.489977999999999838e+02
1.161410051295036965e+03,4.489977999999999838e+02
1.161701854226983414e+03,4.489977999999999838e+02
1.161573722507596585e+03,4.489977999999999838e+02
1.161725550651230151e+03,4.489977999999999838e+02
1.161737393720156206e+03,4.489977999999999838e+02
1.162309768829664108e+03,4.489977999999999838e+02
1.161901064932716054e+03,4.489977999999999838e+02
1.162052940448625350e+03,4.489977999999999838e+02
1.162064736145275674e+03,4.489977999999999838e+02
1.162356823393167360e+03,4.489977999999999838e+02
1.162228407357835295e+03,4.489977999999999838e+02
1.162380330246020321e+03,4.489977999999999838e+02
1.162392078570395142e+03,4.489977999999999838e+02
1.164656831395348945e+03,4.489977999999999838e+02
1.162555749782954763e+03,4.489977999999999838e+02
1.162707720043415520e+03,4.489977999999999838e+02
1.162719420995514383e+03,4.489977999999999838e+02
1.163011792559351534e+03,4.489977999999999838e+02
1.162883092208074004e+03,4.489977999999999838e+02
1.163035109840810492e+03,4.489977999999999838e+02
1.163046763420633852e+03,4.489977999999999838e+02
1.163620466106604908e+03,4.489977999999999838e+02
1.163210434633193472e+03,4.489977999999999838e+02
1.163362499638205691e+03,4.489977999999999838e+02
1.163374105845753093e+03,4.489977999999999838e+02
1.163666761725535707e+03,4.489977999999999838e+02
1.163537777058312940e+03,4.489977999999999838e+02
1.163689889435600662e+03,4.489977999999999838e+02
1.163701448270872561e+03,4.489977999999999838e+02
1.164839931554524583e+03,4.489977999999999838e+02
1.163865119483432181e+03,4.489977999999999838e+02
1.164017279232995861e+03,4.489977999999999838e+02
1.164028790695992029e+03,4.489977999999999838e+02
1.164321730891719881e+03,4.489977999999999838e+02
1.164192461908551650e+03,4.489977999999999838e+02
1.164344669030390833e+03,4.489977999999999838e+02
1.164356133121111270e+03,4.489977999999999838e+02
1.164931163383545709e+03,4.489977999999999838e+02
1.164519804333670891e+03,4.489977999999999838e+02
1.164672058827786032e+03,4.489977999999999838e+02
1.164683475546230738e+03,4.489977999999999838e+02
1.164976700057904054e+03,4.489977999999999838e+02
1.164847146758790359e+03,4.489977999999999838e+02
1.164999448625181003e+03,4.489977999999999838e+02
1.165010817971349979e+03,4.489977999999999838e+02
1.134575199999999995e+03,4.332223999999999933e+02
1.165174489183909827e+03,4.489977999999999838e+02
1.165326838422576202e+03,4.489977999999999838e+02
1.165338160396469448e+03,4.489977999999999838e+02
1.165631669224088228e+03,4.489977999999999838e+02
1.165501831609029068e+03,4.489977999999999838e+02
1.165654228219971174e+03,4.489977999999999838e+02
1.165665502821588689e+03,4.489977999999999838e+02
1.166241860660486736e+03,4.489977999999999838e+02
1.165829174034148537e+03,4.489977999999999838e+02
1.165981618017366372e+03,4.489977999999999838e+02
1.165992845246708157e+03,4.489977999999999838e+02
1.166286638390272174e+03,4.489977999999999838e+02
1.166156516459267777e+03,4.489977999999999838e+02
1.166309007814761344e+03,4.489977999999999838e+02
1.166320187671827625e+03,4.489977999999999838e+02
1.167464367169373645e+03,4.489977999999999838e+02
1.166483858884387246e+03,4.489977999999999838e+02
1.166636397612156543e+03,4.489977999999999838e+02
1.166647530096946866e+03,4.489977999999999838e+02
1.166941607556456347e+03,4.489977999999999838e+02
1.166811201309506714e+03,4.489977999999999838e+02
1.166963787409551514e+03,4.489977999999999838e+02
1.166974872522066335e+03,4.489977999999999838e+02
1.167552557937427537e+03,4.489977999999999838e+02
1.167138543734625955e+03,4.489977999999999838e+02
1.167291177206946713e+03,4.489977999999999838e+02
1.167302214947185576e+03,4.489977999999999838e+02
1.167596576722640521e+03,4.489977999999999838e+02
1.167465886159745423e+03,4.489977999999999838e+02
1.167618567004341685e+03,4.489977999999999838e+02
1.167629557372305044e+03,4.489977999999999838e+02
1.169917909302325825e+03,4.489977999999999838e+02
1.167793228584864664e+03,4.489977999999999838e+02
1.167945956801736884e+03,4.489977999999999838e+02
1.167956899797424512e+03,4.489977999999999838e+02
1.168251545888824694e+03,4.489977999999999838e+02
1.168120571009984133e+03,4.489977999999999838e+02
1.168273346599131855e+03,4.489977999999999838e+02
1.168284242222543753e+03,4.489977999999999838e+02
1.168863255214368564e+03,4.489977999999999838e+02
1.168447913435103374e+03,4.489977999999999838e+02
1.168600736396526827e+03,4.489977999999999838e+02
1.168611584647663221e+03,4.489977999999999838e+02
1.168906515055008867e+03,4.489977999999999838e+02
1.168775255860222842e+03,4.489977999999999838e+02
1.168928126193922026e+03,4.489977999999999838e+02
1.168938927072782462e+03,4.489977999999999838e+02
1.170088802784222935e+03,4.489977999999999838e+02
1.169102598285342310e+03,4.489977999999999838e+02
1.169255515991316997e+03,4.489977999999999838e+02
1.169266269497901931e+03,4.489977999999999838e+02
1.169561484221193041e+03,4.489977999999999838e+02
1.169429940710461551e+03,4.489977999999999838e+02
1.169582905788712196e+03,4.489977999999999838e+02
1.169593611923021399e+03,4.489977999999999838e+02
1.170173952491309365e+03,4.489977999999999838e+02
1.169757283135581019e+03,4.489977999999999838e+02
1.169910295586107168e+03,4.489977999999999838e+02
1.169920954348140640e+03,4.489977999999999838e+02
1.170216453387376987e+03,4.489977999999999838e+02
1.170084625560700260e+03,4.489977999999999838e+02
1.170237685383502367e+03,4.489977999999999838e+02
1.170248296773260108e+03,4.489977999999999838e+02
1.147154800000000023e+03,4.440878999999999905e+02
1.170411967985819729e+03,4.459818000000000211e+02
1.170565075180897338e+03,4.459818000000000211e+02
1.170575639198379349e+03,4.459818000000000211e+02
1.170871422553561160e+03,4.459818000000000211e+02
1.170739310410939197e+03,4.459818000000000211e+02
1.170892464978292537e+03,4.459818000000000211e+02
1.170902981623498817e+03,4.459818000000000211e+02
1.171484649768250392e+03,4.459818000000000211e+02
1.171066652836058438e+03,4.459818000000000211e+02
1.171219854775687509e+03,4.459818000000000211e+02
1.171230324048618058e+03,4.459818000000000211e+02
1.171526391719745334e+03,4.459818000000000211e+02
1.171393995261177906e+03,4.459818000000000211e+02
1.171547244573082708e+03,4.459818000000000211e+02
1.171557666473737527e+03,4.459818000000000211e+02
1.172713238399071997e+03,4.459818000000000211e+02
1.171721337686297147e+03,4.459818000000000211e+02
1.171874634370477679e+03,4.459818000000000211e+02
1.171885008898856995e+03,4.459818000000000211e+02
1.172181360885929507e+03,4.459818000000000211e+02
1.172048680111416616e+03,4.459818000000000211e+02
1.172202024167872878e+03,4.459818000000000211e+02
1.172212351323976236e+03,4.459818000000000211e+02
1.172795347045191193e+03,4.459818000000000211e+02
1.172376022536536084e+03,4.459818000000000211e+02
1.172529413965267850e+03,4.459818000000000211e+02
1.172539693749095704e+03,4.459818000000000211e+02
1.172836330052113681e+03,4.459818000000000211e+02
1.172703364961655325e+03,4.459818000000000211e+02
1.172856803762663048e+03,4.459818000000000211e+02
1.172867036174214945e+03,4.459818000000000211e+02
1.175178987209302477e+03,4.459818000000000211e+02
1.173030707386774793e+03,4.459818000000000211e+02
1.173184193560058020e+03,4.459818000000000211e+02
1.173194378599334414e+03,4.459818000000000211e+02
1.173491299218297854e+03,4.459818000000000211e+02
1.173358049811894034e+03,4.459818000000000211e+02
1.173511583357453219e+03,4.459818000000000211e+02
1.173521721024453882e+03,4.459818000000000211e+02
1.174106044322132220e+03,4.459818000000000211e+02
1.173685392237013502e+03,4.459818000000000211e+02
1.173838973154848190e+03,4.459818000000000211e+02
1.173849063449573123e+03,4.459818000000000211e+02
1.174146268384481800e+03,4.459818000000000211e+02
1.174012734662132743e+03,4.459818000000000211e+02
1.174166362952243389e+03,4.459818000000000211e+02
1.174176405874692591e+03,4.459818000000000211e+02
1.175337674013921287e+03,4.459818000000000211e+02
1.174340077087252212e+03,4.459818000000000211e+02
1.174493752749638361e+03,4.459818000000000211e+02
1.174503748299811832e+03,4.459818000000000211e+02
1.174801237550665974e+03,4.459818000000000211e+02
1.174667419512371680e+03,4.459818000000000211e+02
1.174821142547033332e+03,4.459818000000000211e+02
1.174831090724931300e+03,4.459818000000000211e+02
1.175416741599073021e+03,4.459818000000000211e+02
1.174994761937490921e+03,4.459818000000000211e+02
1.175148532344428531e+03,4.459818000000000211e+02
1.175158433150050769e+03,4.459818000000000211e+02
1.175456206716850147e+03,4.459818000000000211e+02
1.175322104362610389e+03,4.459818000000000211e+02
1.175475922141823503e+03,4.459818000000000211e+02
1.175485775575170010e+03,4.459818000000000211e+02
1.164642100000000028e+03,4.489977999999999838e+02
1.175649446787729630e+03,4.459818000000000211e+02
1.175803311939218702e+03,4.459818000000000211e+02
1.175813118000289478e+03,4.459818000000000211e+02
1.176111175883034321e+03,4.459818000000000211e+02
1.175976789212849098e+03,4.459818000000000211e+02
1.176130701736613673e+03,4.459818000000000211e+02
1.176140460425408719e+03,4.459818000000000211e+02
1.176727438876014048e+03,4.459818000000000211e+02
1.176304131637968567e+03,4.459818000000000211e+02
1.176458091534008872e+03,4.459818000000000211e+02
1.176467802850528187e+03,4.459818000000000211e+02
1.176766145049218494e+03,4.459818000000000211e+02
1.176631474063087808e+03,4.459818000000000211e+02
1.176785481331403844e+03,4.459818000000000211e+02
1.176795145275647428e+03,4.459818000000000211e+02
1.177962109628770349e+03,4.459818000000000211e+02
1.176958816488207276e+03,4.459818000000000211e+02
1.177112871128799043e+03,4.459818000000000211e+02
1.177122487700766897e+03,4.459818000000000211e+02
1.177421114215402667e+03,4.459818000000000211e+02
1.177286158913326517e+03,4.459818000000000211e+02
1.177440260926194014e+03,4.459818000000000211e+02
1.177449830125886365e+03,4.459818000000000211e+02
1.178038136152954849e+03,4.459818000000000211e+02
1.177613501338445985e+03,4.459818000000000211e+02
1.177767650723589213e+03,4.459818000000000211e+02
1.177777172551005606e+03,4.459818000000000211e+02
1.178076083381586614e+03,4.459818000000000211e+02
1.177940843763565454e+03,4.459818000000000211e+02
1.178095040520984185e+03,4.459818000000000211e+02
1.178104514976125074e+03,4.459818000000000211e+02
1.180440065116279129e+03,4.459818000000000211e+02
1.178268186188684695e+03,4.459818000000000211e+02
1.178422430318379384e+03,4.459818000000000211e+02
1.178431857401244315e+03,4.459818000000000211e+02
1.178731052547770787e+03,4.459818000000000211e+02
1.178595528613804163e+03,4.459818000000000211e+02
1.178749820115774355e+03,4.459818000000000211e+02
1.178759199826363783e+03,4.459818000000000211e+02
1.179348833429895649e+03,4.459818000000000211e+02
1.178922871038923404e+03,4.459818000000000211e+02
1.179077209913169554e+03,4.459818000000000211e+02
1.179086542251483252e+03,4.459818000000000211e+02
1.179386021713954960e+03,4.459818000000000211e+02
1.179250213464042872e+03,4.459818000000000211e+02
1.179404599710564526e+03,4.459818000000000211e+02
1.179413884676602493e+03,4.459818000000000211e+02
1.180586545243619639e+03,4.459818000000000211e+02
1.179577555889162340e+03,4.459818000000000211e+02
1.179731989507959725e+03,4.459818000000000211e+02
1.179741227101721961e+03,4.459818000000000211e+02
1.180040990880139134e+03,4.459818000000000211e+02
1.179904898314281581e+03,4.459818000000000211e+02
1.180059379305354696e+03,4.459818000000000211e+02
1.180068569526841202e+03,4.459818000000000211e+02
1.180659530706836676e+03,4.459818000000000211e+02
1.180232240739401050e+03,4.459818000000000211e+02
1.180386769102749895e+03,4.459818000000000211e+02
1.180395911951960670e+03,4.459818000000000211e+02
1.180695960046323307e+03,4.459818000000000211e+02
1.180559583164520291e+03,4.459818000000000211e+02
1.180714158900144866e+03,4.459818000000000211e+02
1.180723254377080139e+03,4.459818000000000211e+02
1.176378300000000081e+03,4.459818000000000211e+02
1.180886925589639759e+03,4.330340600000000109e+02
1.181041548697540065e+03,4.330340600000000109e+02
1.181050596802199379e+03,4.330340600000000109e+02
1.181350929212507481e+03,4.330340600000000109e+02
1.181214268014759000e+03,4.330340600000000109e+02
1.181368938494935037e+03,4.330340600000000109e+02
1.181377939227318848e+03,4.330340600000000109e+02
1.181970227983777477e+03,4.330340600000000109e+02
1.181541610439878468e+03,4.330340600000000109e+02
1.181696328292330008e+03,4.330340600000000109e+02
1.181705281652438089e+03,4.330340600000000109e+02
1.182005898378691427e+03,4.330340600000000109e+02
1.181868952864997937e+03,4.330340600000000109e+02
1.182023718089725207e+03,4.330340600000000109e+02
1.182032624077557557e+03,4.330340600000000109e+02
1.183210980858468929e+03,4.330340600000000109e+02
1.182196295290117178e+03,4.330340600000000109e+02
1.182351107887120179e+03,4.330340600000000109e+02
1.182359966502677025e+03,4.330340600000000109e+02
1.182660867544875600e+03,4.330340600000000109e+02
1.182523637715236646e+03,4.330340600000000109e+02
1.182678497684515378e+03,4.330340600000000109e+02
1.182687308927796266e+03,4.330340600000000109e+02
1.183280925260718504e+03,4.330340600000000109e+02
1.182850980140355887e+03,4.330340600000000109e+02
1.183005887481910349e+03,4.330340600000000109e+02
1.183014651352915735e+03,4.330340600000000109e+02
1.183315836711059774e+03,4.330340600000000109e+02
1.183178322565475355e+03,4.330340600000000109e+02
1.183333277279305548e+03,4.330340600000000109e+02
1.183341993778034976e+03,4.330340600000000109e+02
1.185701143023256009e+03,4.330340600000000109e+02
1.183505664990594823e+03,4.330340600000000109e+02
1.183660667076700520e+03,4.330340600000000109e+02
1.183669336203154444e+03,4.330340600000000109e+02
1.183970805877243947e+03,4.330340600000000109e+02
1.183833007415714064e+03,4.330340600000000109e+02
1.183988056874095719e+03,4.330340600000000109e+02
1.183996678628273685e+03,4.330340600000000109e+02
1.184591622537659305e+03,4.330340600000000109e+02
1.184160349840833533e+03,4.330340600000000109e+02
1.184315446671490690e+03,4.330340600000000109e+02
1.184324021053393153e+03,4.330340600000000109e+02
1.184625775043428121e+03,4.330340600000000109e+02
1.184487692265952774e+03,4.330340600000000109e+02
1.184642836468885889e+03,4.330340600000000109e+02
1.184651363478512621e+03,4.330340600000000109e+02
1.185835416473317991e+03,4.330340600000000109e+02
1.184815034691072242e+03,4.330340600000000109e+02
1.184970226266280861e+03,4.330340600000000109e+02
1.184978705903631862e+03,4.330340600000000109e+02
1.185280744209612067e+03,4.330340600000000109e+02
1.185142377116191710e+03,4.330340600000000109e+02
1.185297616063676060e+03,4.330340600000000109e+02
1.185306048328751331e+03,4.330340600000000109e+02
1.185902319814600332e+03,4.330340600000000109e+02
1.185469719541310951e+03,4.330340600000000109e+02
1.185625005861071031e+03,4.330340600000000109e+02
1.185633390753870572e+03,4.330340600000000109e+02
1.185935713375796240e+03,4.330340600000000109e+02
1.185797061966430419e+03,4.330340600000000109e+02
1.185952395658466230e+03,4.330340600000000109e+02
1.185960733178990040e+03,4.330340600000000109e+02
1.185834800000000087e+03,4.330340600000000109e+02
1.186124404391549660e+03,4.330340600000000109e+02
1.186279785455861202e+03,4.330340600000000109e+02
1.186288075604109508e+03,4.330340600000000109e+02
1.186590682541980414e+03,4.330340600000000109e+02
1.186451746816669129e+03,4.330340600000000109e+02
1.186607175253256401e+03,4.330340600000000109e+02
1.186615418029228749e+03,4.330340600000000109e+02
1.187213017091541133e+03,4.330340600000000109e+02
1.186779089241788370e+03,4.330340600000000109e+02
1.186934565050651372e+03,4.330340600000000109e+02
1.186942760454348218e+03,4.330340600000000109e+02
1.187245651708164587e+03,4.330340600000000109e+02
1.187106431666907838e+03,4.330340600000000109e+02
1.187261954848046571e+03,4.330340600000000109e+02
1.187270102879467458e+03,4.330340600000000109e+02
1.188459852088167281e+03,4.330340600000000109e+02
1.187433774092027306e+03,4.330340600000000109e+02
1.187589344645441543e+03,4.330340600000000109e+02
1.187597445304586927e+03,4.330340600000000109e+02
1.187900620874348760e+03,4.330340600000000109e+02
1.187761116517146547e+03,4.330340600000000109e+02
1.187916734442836514e+03,4.330340600000000109e+02
1.187924787729706395e+03,4.330340600000000109e+02
1.188523714368482160e+03,4.330340600000000109e+02
1.188088458942266016e+03,4.330340600000000109e+02
1.188244124240231713e+03,4.330340600000000109e+02
1.188252130154825636e+03,4.330340600000000109e+02
1.188555590040532934e+03,4.330340600000000109e+02
1.188415801367385257e+03,4.330340600000000109e+02
1.188571514037626685e+03,4.330340600000000109e+02
1.188579472579945104e+03,4.330340600000000109e+02
1.190962220930232661e+03,4.330340600000000109e+02
1.188743143792504725e+03,4.330340600000000109e+02
1.188898903835021883e+03,4.330340600000000109e+02
1.188906815005064345e+03,4.330340600000000109e+02
1.189210559206716880e+03,4.330340600000000109e+02
1.189070486217624193e+03,4.330340600000000109e+02
1.189226293632416855e+03,4.330340600000000109e+02
1.189234157430183814e+03,4.330340600000000109e+02
1.189834411645422961e+03,4.330340600000000109e+02
1.189397828642743434e+03,4.330340600000000109e+02
1.189553683429812054e+03,4.330340600000000109e+02
1.189561499855303055e+03,4.330340600000000109e+02
1.189865528372901053e+03,4.330340600000000109e+02
1.189725171067862902e+03,4.330340600000000109e+02
1.189881073227207025e+03,4.330340600000000109e+02
1.189888842280422523e+03,4.330340600000000109e+02
1.191084287703016344e+03,4.330340600000000109e+02
1.190052513492982143e+03,4.330340600000000109e+02
1.190208463024602224e+03,4.330340600000000109e+02
1.190216184705541991e+03,4.330340600000000109e+02
1.190520497539085227e+03,4.330340600000000109e+02
1.190379855918101612e+03,4.330340600000000109e+02
1.190535852821997196e+03,4.330340600000000109e+02
1.190543527130661232e+03,4.330340600000000109e+02
1.191145108922363988e+03,4.330340600000000109e+02
1.190707198343221080e+03,4.330340600000000109e+02
1.190863242619392395e+03,4.330340600000000109e+02
1.190870869555780700e+03,4.330340600000000109e+02
1.191175466705269400e+03,4.330340600000000109e+02
1.191034540768340321e+03,4.330340600000000109e+02
1.191190632416787366e+03,4.330340600000000109e+02
1.191198211980899941e+03,4.330340600000000109e+02
1.197984099999999899e+03,4.036252400000000193e+02
1.191361883193459789e+03,4.036252400000000193e+02
1.191518022214182565e+03,4.036252400000000193e+02
1.191525554406019410e+03,4.036252400000000193e+02
1.191830435871453574e+03,4.036252400000000193e+02
1.191689225618579030e+03,4.036252400000000193e+02
1.191845412011577537e+03,4.036252400000000193e+02
1.191852896831138878e+03,4.036252400000000193e+02
1.192455806199304789e+03,4.036252400000000193e+02
1.192016568043698499e+03,4.036252400000000193e+02
1.192172801808972736e+03,4.036252400000000193e+02
1.192180239256258119e+03,4.036252400000000193e+02
1.192485405037637747e+03,4.036252400000000193e+02
1.192343910468817739e+03,4.036252400000000193e+02
1.192500191606367707e+03,4.036252400000000193e+02
1.192507581681377587e+03,4.036252400000000193e+02
1.193708723317865633e+03,4.036252400000000193e+02
1.192671252893937208e+03,4.036252400000000193e+02
1.192827581403762906e+03,4.036252400000000193e+02
1.192834924106496828e+03,4.036252400000000193e+02
1.193140374203821693e+03,4.036252400000000193e+02
1.192998595319056676e+03,4.036252400000000193e+02
1.193154971201157878e+03,4.036252400000000193e+02
1.193162266531616297e+03,4.036252400000000193e+02
1.193766503476245589e+03,4.036252400000000193e+02
1.193325937744175917e+03,4.036252400000000193e+02
1.193482360998553077e+03,4.036252400000000193e+02
1.193489608956735765e+03,4.036252400000000193e+02
1.193795343370005867e+03,4.036252400000000193e+02
1.193653280169295385e+03,4.036252400000000193e+02
1.193809750795948048e+03,4.036252400000000193e+02
1.193816951381855006e+03,4.036252400000000193e+02
1.196223298837209541e+03,4.036252400000000193e+02
1.193980622594414626e+03,4.036252400000000193e+02
1.194137140593343247e+03,4.036252400000000193e+02
1.194144293806974474e+03,4.036252400000000193e+02
1.194450312536190040e+03,4.036252400000000193e+02
1.194307965019534095e+03,4.036252400000000193e+02
1.194464530390738219e+03,4.036252400000000193e+02
1.194471636232093715e+03,4.036252400000000193e+02
1.195077200753186617e+03,4.036252400000000193e+02
1.194635307444653563e+03,4.036252400000000193e+02
1.194791920188133190e+03,4.036252400000000193e+02
1.194798978657213183e+03,4.036252400000000193e+02
1.195105281702374214e+03,4.036252400000000193e+02
1.194962649869772804e+03,4.036252400000000193e+02
1.195119309985528389e+03,4.036252400000000193e+02
1.195126321082332424e+03,4.036252400000000193e+02
1.196333158932714696e+03,4.036252400000000193e+02
1.195289992294892272e+03,4.036252400000000193e+02
1.195446699782923361e+03,4.036252400000000193e+02
1.195453663507451893e+03,4.036252400000000193e+02
1.195760250868558387e+03,4.036252400000000193e+02
1.195617334720011513e+03,4.036252400000000193e+02
1.195774089580318559e+03,4.036252400000000193e+02
1.195781005932571361e+03,4.036252400000000193e+02
1.196387898030127417e+03,4.036252400000000193e+02
1.195944677145130981e+03,4.036252400000000193e+02
1.196101479377713531e+03,4.036252400000000193e+02
1.196108348357690602e+03,4.036252400000000193e+02
1.196415220034742561e+03,4.036252400000000193e+02
1.196272019570250450e+03,4.036252400000000193e+02
1.196428869175108730e+03,4.036252400000000193e+02
1.196435690782810070e+03,4.036252400000000193e+02
1.202824800000000096e+03,3.811120599999999854e+02
1.196599361995369691e+03,4.036252400000000193e+02
1.196756258972503701e+03,4.036252400000000193e+02
1.196763033207929311e+03,4.036252400000000193e+02
1.197070189200926507e+03,4.036252400000000193e+02
1.196926704420489159e+03,4.036252400000000193e+02
1.197083648769898900e+03,4.036252400000000193e+02
1.197090375633048779e+03,4.036252400000000193e+02
1.197698595307068445e+03,4.036252400000000193e+02
1.197254046845608400e+03,4.036252400000000193e+02
1.197411038567293872e+03,4.036252400000000193e+02
1.197417718058168248e+03,4.036252400000000193e+02
1.197725158367110680e+03,4.036252400000000193e+02
1.197581389270727868e+03,4.036252400000000193e+02
1.197738428364689071e+03,4.036252400000000193e+02
1.197745060483287489e+03,4.036252400000000193e+02
1.198957594547563986e+03,4.036252400000000193e+02
1.197908731695847109e+03,4.036252400000000193e+02
1.198065818162084042e+03,4.036252400000000193e+02
1.198072402908406957e+03,4.036252400000000193e+02
1.198380127533294853e+03,4.036252400000000193e+02
1.198236074120966578e+03,4.036252400000000193e+02
1.198393207959479241e+03,4.036252400000000193e+02
1.198399745333526198e+03,4.036252400000000193e+02
1.199009292584009245e+03,4.036252400000000193e+02
1.198563416546086046e+03,4.036252400000000193e+02
1.198720597756874213e+03,4.036252400000000193e+02
1.198727087758645666e+03,4.036252400000000193e+02
1.199035096699479027e+03,4.036252400000000193e+02
1.198890758971205287e+03,4.036252400000000193e+02
1.199047987554269412e+03,4.036252400000000193e+02
1.199054430183765135e+03,4.036252400000000193e+02
1.201484376744186193e+03,3.627293700000000172e+02
1.199218101396324755e+03,3.627293700000000172e+02
1.199375377351664383e+03,3.627293700000000172e+02
1.199381772608884376e+03,3.627293700000000172e+02
1.199690065865663200e+03,3.627293700000000172e+02
1.199545443821443996e+03,3.627293700000000172e+02
1.199702767149059582e+03,3.627293700000000172e+02
1.199709115034003844e+03,3.627293700000000172e+02
1.200319989860950272e+03,3.627293700000000172e+02
1.199872786246563464e+03,3.627293700000000172e+02
1.200030156946454554e+03,3.627293700000000172e+02
1.200036457459123085e+03,3.627293700000000172e+02
1.200345035031847374e+03,3.627293700000000172e+02
1.200200128671682933e+03,3.627293700000000172e+02
1.200357546743849753e+03,3.627293700000000172e+02
1.200363799884242553e+03,3.627293700000000172e+02
1.201582030162413048e+03,3.627293700000000172e+02
1.200527471096802174e+03,3.627293700000000172e+02
1.200684936541244724e+03,3.627293700000000172e+02
1.200691142309362021e+03,3.627293700000000172e+02
1.201000004198031320e+03,3.627293700000000172e+02
1.200854813521921642e+03,3.627293700000000172e+02
1.201012326338639923e+03,3.627293700000000172e+02
1.201018484734481262e+03,3.627293700000000172e+02
1.201630687137891073e+03,3.627293700000000172e+02
1.201182155947040883e+03,3.627293700000000172e+02
1.201339716136034895e+03,3.627293700000000172e+02
1.201345827159600731e+03,3.627293700000000172e+02
1.201654973364215493e+03,3.627293700000000172e+02
1.201509498372160351e+03,3.627293700000000172e+02
1.201667105933429866e+03,3.627293700000000172e+02
1.201673169584719972e+03,3.627293700000000172e+02
1.203586000000000013e+03,3.667527000000000044e+02
1.201836840797279820e+03,3.627293700000000172e+02
1.201994495730825065e+03,3.627293700000000172e+02
1.202000512009839440e+03,3.627293700000000172e+02
1.202309942530399667e+03,3.627293700000000172e+02
1.202164183222399060e+03,3.627293700000000172e+02
1.202321885528220037e+03,3.627293700000000172e+02
1.202327854434958681e+03,3.627293700000000172e+02
1.202941384414832100e+03,3.811120599999999854e+02
1.202491525647518529e+03,3.590341799999999921e+02
1.202649275325615235e+03,3.590341799999999921e+02
1.202655196860078149e+03,3.590341799999999921e+02
1.202964911696583840e+03,3.811120599999999854e+02
1.202818868072637770e+03,3.811120599999999854e+02
1.202976665123010207e+03,3.811120599999999854e+02
1.202982539285197618e+03,3.811120599999999854e+02
1.204206465777262338e+03,3.611684599999999818e+02
1.203146210497757238e+03,3.667527000000000044e+02
1.203304054920405406e+03,3.667527000000000044e+02
1.203309881710316859e+03,3.667527000000000044e+02
1.203619880862768014e+03,3.611684599999999818e+02
1.203473552922876706e+03,3.667527000000000044e+02
1.203631444717800377e+03,3.611684599999999818e+02
1.203637224135436327e+03,3.611684599999999818e+02
1.204252081691772901e+03,3.611684599999999818e+02
1.203800895347995947e+03,3.611684599999999818e+02
1.203958834515195576e+03,3.611684599999999818e+02
1.203964566560555568e+03,3.611684599999999818e+02
1.204274850028951960e+03,3.611684599999999818e+02
1.204128237773115416e+03,3.611684599999999818e+02
1.204286224312590548e+03,3.611684599999999818e+02
1.204291908985675036e+03,3.611684599999999818e+02
1.206745454651162845e+03,3.854953600000000051e+02
1.204455580198234657e+03,3.854953600000000051e+02
1.204613614109985747e+03,3.854953600000000051e+02
1.204619251410794504e+03,3.854953600000000051e+02
1.204929819195136133e+03,3.854953600000000051e+02
1.204782922623354125e+03,3.854953600000000051e+02
1.204941003907380718e+03,3.854953600000000051e+02
1.204946593835913745e+03,3.854953600000000051e+02
1.205562778968713928e+03,3.854953600000000051e+02
1.205110265048473366e+03,3.854953600000000051e+02
1.205268393704775917e+03,3.854953600000000051e+02
1.205273936261033214e+03,3.854953600000000051e+02
1.205584788361320307e+03,3.854953600000000051e+02
1.205437607473592834e+03,3.854953600000000051e+02
1.205595783502170889e+03,3.854953600000000051e+02
1.205601278686152455e+03,3.854953600000000051e+02
1.206830901392111400e+03,3.854953600000000051e+02
1.205764949898712302e+03,3.854953600000000051e+02
1.205923173299566088e+03,3.854953600000000051e+02
1.205928621111271923e+03,3.854953600000000051e+02
1.206239757527504480e+03,3.854953600000000051e+02
1.206092292323831543e+03,3.854953600000000051e+02
1.206250563096961059e+03,3.854953600000000051e+02
1.206255963536391391e+03,3.854953600000000051e+02
1.206873476245654729e+03,3.854953600000000051e+02
1.206419634748951012e+03,3.854953600000000051e+02
1.206577952894356258e+03,3.854953600000000051e+02
1.206583305961510632e+03,3.854953600000000051e+02
1.206894726693688654e+03,3.854953600000000051e+02
1.206746977174070253e+03,3.854953600000000051e+02
1.206905342691751230e+03,3.854953600000000051e+02
1.206910648386630101e+03,3.854953600000000051e+02
1.203586000000000013e+03,3.611684599999999818e+02
1.207074319599189721e+03,3.854953600000000051e+02
1.207232732489146429e+03,3.854953600000000051e+02
1.207237990811749341e+03,3.854953600000000051e+02
1.207549695859872827e+03,3.854953600000000051e+02
1.207401662024309189e+03,3.854953600000000051e+02
1.207560122286541400e+03,3.854953600000000051e+02
1.207565333236868810e+03,3.854953600000000051e+02
1.208184173522595529e+03,3.854953600000000051e+02
1.207729004449428430e+03,3.854953600000000051e+02
1.207887512083936372e+03,3.854953600000000051e+02
1.207892675661988051e+03,3.854953600000000051e+02
1.208204665026056773e+03,3.854953600000000051e+02
1.208056346874547899e+03,3.854953600000000051e+02
1.208214901881331571e+03,3.854953600000000051e+02
1.208220018087107519e+03,3.854953600000000051e+02
1.209455337006960690e+03,3.854953600000000051e+02
1.208383689299667139e+03,3.854953600000000051e+02
1.208542291678726542e+03,3.854953600000000051e+02
1.208547360512226987e+03,3.854953600000000051e+02
1.208859634192240947e+03,3.854953600000000051e+02
1.208711031724786608e+03,3.854953600000000051e+02
1.208869681476121741e+03,3.854953600000000051e+02
1.208874702937346228e+03,3.854953600000000051e+02
1.209494870799536557e+03,3.854953600000000051e+02
1.209038374149906076e+03,3.854953600000000051e+02
1.209197071273516713e+03,3.854953600000000051e+02
1.209202045362465697e+03,3.854953600000000051e+02
1.209514603358425120e+03,3.854953600000000051e+02
1.209365716575025317e+03,3.854953600000000051e+02
1.209524461070911912e+03,3.854953600000000051e+02
1.209529387787584938e+03,3.854953600000000051e+02
1.212006532558139725e+03,3.854953600000000051e+02
1.209693059000144785e+03,3.854953600000000051e+02
1.209851850868306883e+03,3.854953600000000051e+02
1.209856730212704406e+03,3.854953600000000051e+02
1.210169572524609293e+03,3.854953600000000051e+02
1.210020401425264026e+03,3.854953600000000051e+02
1.210179240665702082e+03,3.854953600000000051e+02
1.210184072637823874e+03,3.854953600000000051e+02
1.210805568076477357e+03,3.854953600000000051e+02
1.210347743850383495e+03,3.854953600000000051e+02
1.210506630463097054e+03,3.854953600000000051e+02
1.210511415062943115e+03,3.854953600000000051e+02
1.210824541690793467e+03,3.854953600000000051e+02
1.210675086275502736e+03,3.854953600000000051e+02
1.210834020260492252e+03,3.854953600000000051e+02
1.210838757488062583e+03,3.854953600000000051e+02
1.212079772621809980e+03,3.854953600000000051e+02
1.211002428700622204e+03,3.854953600000000051e+02
1.211161410057887224e+03,3.854953600000000051e+02
1.211166099913181824e+03,3.854953600000000051e+02
1.211479510856977640e+03,3.854953600000000051e+02
1.211329771125741672e+03,3.854953600000000051e+02
1.211488799855282423e+03,3.854953600000000051e+02
1.211493442338301293e+03,3.854953600000000051e+02
1.212116265353418385e+03,3.854953600000000051e+02
1.211657113550860913e+03,3.854953600000000051e+02
1.211816189652677394e+03,3.854953600000000051e+02
1.211820784763420761e+03,3.854953600000000051e+02
1.212134480023161586e+03,3.854953600000000051e+02
1.211984455975980381e+03,3.854953600000000051e+02
1.212143579450072593e+03,3.854953600000000051e+02
1.212148127188540002e+03,3.854953600000000051e+02
1.202700199999999995e+03,3.590341799999999921e+02
1.212311798401099622e+03,4.167878400000000170e+02
1.212470969247467565e+03,4.167878400000000170e+02
1.212475469613659470e+03,4.167878400000000170e+02
1.212789449189345760e+03,4.167878400000000170e+02
1.212639140826219091e+03,4.167878400000000170e+02
1.212798359044862764e+03,4.167878400000000170e+02
1.212802812038778711e+03,4.167878400000000170e+02
1.213426962630359185e+03,4.167878400000000170e+02
1.212966483251338559e+03,4.167878400000000170e+02
1.213125748842257735e+03,4.167878400000000170e+02
1.213130154463898180e+03,4.167878400000000170e+02
1.213444418355529933e+03,4.167878400000000170e+02
1.213293825676457800e+03,4.167878400000000170e+02
1.213453138639652934e+03,4.167878400000000170e+02
1.213457496889017420e+03,4.167878400000000170e+02
1.214704208236659042e+03,4.167878400000000170e+02
1.213621168101577268e+03,4.167878400000000170e+02
1.213780528437047906e+03,4.167878400000000170e+02
1.213784839314136889e+03,4.167878400000000170e+02
1.214099387521714107e+03,4.167878400000000170e+02
1.213948510526696509e+03,4.167878400000000170e+02
1.214107918234443105e+03,4.167878400000000170e+02
1.214112181739256357e+03,4.167878400000000170e+02
1.214737659907300213e+03,4.167878400000000170e+02
1.214275852951815978e+03,4.167878400000000170e+02
1.214435308031838076e+03,4.167878400000000170e+02
1.214439524164375598e+03,4.167878400000000170e+02
1.214754356687898280e+03,4.167878400000000170e+02
1.214603195376935446e+03,4.167878400000000170e+02
1.214762697829233048e+03,4.167878400000000170e+02
1.214766866589495066e+03,4.167878400000000170e+02
1.217267610465116377e+03,4.167878400000000170e+02
1.214930537802054687e+03,4.167878400000000170e+02
1.215090087626628247e+03,4.167878400000000170e+02
1.215094209014614307e+03,4.167878400000000170e+02
1.215409325854082454e+03,4.167878400000000170e+02
1.215257880227174155e+03,4.167878400000000170e+02
1.215417477424023218e+03,4.167878400000000170e+02
1.215421551439733776e+03,4.167878400000000170e+02
1.216048357184241013e+03,4.167878400000000170e+02
1.215585222652293396e+03,4.167878400000000170e+02
1.215744867221418417e+03,4.167878400000000170e+02
1.215748893864853244e+03,4.167878400000000170e+02
1.216064295020266400e+03,4.167878400000000170e+02
1.215912565077412864e+03,4.167878400000000170e+02
1.216072257018813389e+03,4.167878400000000170e+02
1.216076236289972485e+03,4.167878400000000170e+02
1.217328643851508332e+03,4.167878400000000170e+02
1.216239907502532105e+03,4.167878400000000170e+02
1.216399646816208588e+03,4.167878400000000170e+02
1.216403578715091953e+03,4.167878400000000170e+02
1.216719264186450573e+03,4.167878400000000170e+02
1.216567249927651574e+03,4.167878400000000170e+02
1.216727036613603559e+03,4.167878400000000170e+02
1.216730921140211194e+03,4.167878400000000170e+02
1.217359054461182041e+03,4.167878400000000170e+02
1.216894592352771042e+03,4.167878400000000170e+02
1.217054426410998758e+03,4.167878400000000170e+02
1.217058263565330662e+03,4.167878400000000170e+02
1.217374233352634747e+03,4.167878400000000170e+02
1.217221934777890283e+03,4.167878400000000170e+02
1.217381816208393730e+03,4.167878400000000170e+02
1.217385605990450131e+03,4.167878400000000170e+02
1.202086499999999887e+03,3.627293700000000172e+02
1.217549277203009751e+03,4.167878400000000170e+02
1.217709206005788928e+03,4.167878400000000170e+02
1.217712948415569372e+03,4.167878400000000170e+02
1.218029202518818920e+03,4.167878400000000170e+02
1.217876619628128992e+03,4.167878400000000170e+02
1.218036595803183900e+03,4.167878400000000170e+02
1.218040290840688840e+03,4.167878400000000170e+02
1.218669751738122841e+03,4.167878400000000170e+02
1.218203962053248461e+03,4.167878400000000170e+02
1.218363985600579099e+03,4.167878400000000170e+02
1.218367633265808081e+03,4.167878400000000170e+02
1.218684171685003093e+03,4.167878400000000170e+02
1.218531304478367929e+03,4.167878400000000170e+02
1.218691375397974070e+03,4.167878400000000170e+02
1.218694975690927549e+03,4.167878400000000170e+02
1.219953079466357394e+03,4.167878400000000170e+02
1.218858646903487170e+03,4.167878400000000170e+02
1.219018765195369269e+03,4.167878400000000170e+02
1.219022318116046790e+03,4.167878400000000170e+02
1.219339140851187267e+03,4.167878400000000170e+02
1.219185989328606638e+03,4.167878400000000170e+02
1.219346154992764241e+03,4.167878400000000170e+02
1.219349660541166259e+03,4.167878400000000170e+02
1.219980449015063869e+03,4.167878400000000170e+02
1.219513331753725879e+03,4.167878400000000170e+02
1.219673544790159440e+03,4.167878400000000170e+02
1.219677002966285727e+03,4.167878400000000170e+02
1.219994110017371213e+03,4.167878400000000170e+02
1.219840674178845347e+03,4.167878400000000170e+02
1.220000934587554411e+03,4.167878400000000170e+02
1.220004345391404968e+03,4.167878400000000170e+02
1.222528688372093256e+03,4.167878400000000170e+02
1.220168016603964816e+03,4.167878400000000170e+02
1.220328324384949610e+03,4.167878400000000170e+02
1.220331687816524436e+03,4.167878400000000170e+02
1.220649079183555386e+03,4.167878400000000170e+02
1.220495359029084057e+03,4.167878400000000170e+02
1.220655714182344582e+03,4.167878400000000170e+02
1.220659030241643677e+03,4.167878400000000170e+02
1.221291146292004669e+03,4.167878400000000170e+02
1.220822701454203525e+03,4.167878400000000170e+02
1.220983103979739781e+03,4.167878400000000170e+02
1.220986372666763145e+03,4.167878400000000170e+02
1.221304048349739560e+03,4.167878400000000170e+02
1.221150043879322766e+03,4.167878400000000170e+02
1.221310493777134752e+03,4.167878400000000170e+02
1.221313715091882614e+03,4.167878400000000170e+02
1.222577515081206684e+03,4.167878400000000170e+02
1.221477386304442234e+03,4.167878400000000170e+02
1.221637883574529724e+03,4.167878400000000170e+02
1.221641057517001855e+03,4.167878400000000170e+02
1.221959017515923733e+03,4.167878400000000170e+02
1.221804728729561475e+03,4.167878400000000170e+02
1.221965273371924923e+03,4.167878400000000170e+02
1.221968399942121323e+03,4.167878400000000170e+02
1.222601843568945469e+03,4.167878400000000170e+02
1.222132071154680943e+03,4.167878400000000170e+02
1.222292663169319894e+03,4.167878400000000170e+02
1.222295742367240564e+03,4.167878400000000170e+02
1.222613986682107907e+03,4.167878400000000170e+02
1.222459413579800412e+03,4.167878400000000170e+02
1.222620052966715093e+03,4.167878400000000170e+02
1.222623084792360032e+03,4.167878400000000170e+02
1.206337500000000091e+03,3.854953600000000051e+02
1.222786756004919653e+03,4.167878400000000170e+02
1.222947442764110065e+03,4.167878400000000170e+02
1.222950427217479501e+03,4.167878400000000170e+02
1.223268955848291853e+03,4.167878400000000170e+02
1.223114098430039121e+03,4.167878400000000170e+02
1.223274832561505264e+03,4.167878400000000170e+02
1.223277769642598741e+03,4.167878400000000170e+02
1.223912540845886497e+03,4.167878400000000170e+02
1.223441440855158362e+03,4.167878400000000170e+02
1.223602222358900235e+03,4.167878400000000170e+02
1.223605112067718210e+03,4.167878400000000170e+02
1.223923925014476026e+03,4.167878400000000170e+02
1.223768783280277830e+03,4.167878400000000170e+02
1.223929612156295434e+03,4.167878400000000170e+02
1.223932454492837451e+03,4.167878400000000170e+02
1.225201950696055746e+03,4.167878400000000170e+02
1.224096125705397299e+03,4.167878400000000170e+02
1.224257001953690406e+03,4.167878400000000170e+02
1.224259796917956919e+03,4.167878400000000170e+02
1.224578894180660200e+03,4.167878400000000170e+02
1.224423468130516540e+03,4.167878400000000170e+02
1.224584391751085604e+03,4.167878400000000170e+02
1.224587139343076387e+03,4.167878400000000170e+02
1.225223238122827297e+03,4.167878400000000170e+02
1.224750810555636008e+03,4.167878400000000170e+02
1.224911781548480576e+03,4.167878400000000170e+02
1.224914481768195628e+03,4.167878400000000170e+02
1.225233863346844373e+03,4.167878400000000170e+02
1.225078152980755249e+03,4.167878400000000170e+02
1.225239171345875775e+03,4.167878400000000170e+02
1.225241824193315097e+03,4.167878400000000170e+02
1.227789766279069909e+03,4.167878400000000170e+02
1.225405495405874717e+03,4.167878400000000170e+02
1.225566561143270746e+03,4.167878400000000170e+02
1.225569166618434338e+03,4.167878400000000170e+02
1.225888832513028547e+03,4.167878400000000170e+02
1.225732837830994185e+03,4.167878400000000170e+02
1.225893950940665945e+03,4.167878400000000170e+02
1.225896509043553806e+03,4.167878400000000170e+02
1.226533935399768325e+03,4.167878400000000170e+02
1.226060180256113426e+03,4.167878400000000170e+02
1.226221340738060917e+03,4.167878400000000170e+02
1.226223851468673047e+03,4.167878400000000170e+02
1.226543801679212720e+03,4.167878400000000170e+02
1.226387522681232895e+03,4.167878400000000170e+02
1.226548730535456116e+03,4.167878400000000170e+02
1.226551193893792515e+03,4.167878400000000170e+02
1.227826386310905036e+03,4.167878400000000170e+02
1.226714865106352136e+03,4.167878400000000170e+02
1.226876120332851087e+03,4.167878400000000170e+02
1.226878536318911983e+03,4.167878400000000170e+02
1.227198770845396666e+03,4.167878400000000170e+02
1.227042207531471604e+03,4.167878400000000170e+02
1.227203510130246286e+03,4.167878400000000170e+02
1.227205878744031224e+03,4.167878400000000170e+02
1.227844632676709125e+03,4.167878400000000170e+02
1.227369549956591072e+03,4.167878400000000170e+02
1.227530899927641258e+03,4.167878400000000170e+02
1.227533221169150693e+03,4.167878400000000170e+02
1.227853740011580840e+03,4.167878400000000170e+02
1.227696892381710313e+03,4.167878400000000170e+02
1.227858289725036229e+03,4.167878400000000170e+02
1.227860563594269934e+03,4.167878400000000170e+02
1.220169799999999896e+03,4.167878400000000170e+02
1.228024234806829782e+03,4.515667700000000195e+02
1.228185679522431428e+03,4.515667700000000195e+02
1.228187906019389402e+03,4.515667700000000195e+02
1.228508709177765013e+03,4.515667700000000195e+02
1.228351577231949022e+03,4.515667700000000195e+02
1.228513069319826400e+03,4.515667700000000195e+02
1.228515248444508870e+03,4.515667700000000195e+02
1.229155329953650153e+03,4.515667700000000195e+02
1.228678919657068491e+03,4.515667700000000195e+02
1.228840459117221599e+03,4.515667700000000195e+02
1.228842590869628111e+03,4.515667700000000195e+02
1.229163678343949186e+03,4.515667700000000195e+02
1.229006262082187732e+03,4.515667700000000195e+02
1.229167848914616570e+03,4.515667700000000195e+02
1.229169933294747580e+03,4.515667700000000195e+02
1.230450821925754099e+03,4.515667700000000195e+02
1.229333604507307200e+03,4.515667700000000195e+02
1.229495238712011769e+03,4.515667700000000195e+02
1.229497275719866821e+03,4.515667700000000195e+02
1.229818647510133360e+03,4.515667700000000195e+02
1.229660946932426668e+03,4.515667700000000195e+02
1.229822628509406741e+03,4.515667700000000195e+02
1.229824618144986289e+03,4.515667700000000195e+02
1.230466027230590953e+03,4.515667700000000195e+02
1.229988289357545909e+03,4.515667700000000195e+02
1.230150018306801940e+03,4.515667700000000195e+02
1.230151960570105757e+03,4.515667700000000195e+02
1.230473616676317533e+03,4.515667700000000195e+02
1.230315631782665378e+03,4.515667700000000195e+02
1.230477408104196911e+03,4.515667700000000195e+02
1.230479302995224998e+03,4.515667700000000195e+02
1.233050844186046788e+03,4.515667700000000195e+02
1.230642974207784619e+03,4.515667700000000195e+02
1.230804797901592110e+03,4.515667700000000195e+02
1.230806645420344466e+03,4.515667700000000195e+02
1.231128585842501479e+03,4.515667700000000195e+02
1.230970316632904087e+03,4.515667700000000195e+02
1.231132187698987082e+03,4.515667700000000195e+02
1.231133987845463707e+03,4.515667700000000195e+02
1.231776724507531981e+03,4.515667700000000195e+02
1.231297659058023555e+03,4.515667700000000195e+02
1.231459577496382281e+03,4.515667700000000195e+02
1.231461330270583176e+03,4.515667700000000195e+02
1.231783555008685653e+03,4.515667700000000195e+02
1.231625001483142796e+03,4.515667700000000195e+02
1.231786967293777252e+03,4.515667700000000195e+02
1.231788672695702417e+03,4.515667700000000195e+02
1.233075257540603388e+03,4.515667700000000195e+02
1.231952343908262264e+03,4.515667700000000195e+02
1.232114357091172451e+03,4.515667700000000195e+02
1.232116015120821885e+03,4.515667700000000195e+02
1.232438524174869826e+03,4.515667700000000195e+02
1.232279686333381505e+03,4.515667700000000195e+02
1.232441746888567423e+03,4.515667700000000195e+02
1.232443357545941353e+03,4.515667700000000195e+02
1.233087421784472781e+03,4.515667700000000195e+02
1.232607028758500974e+03,4.515667700000000195e+02
1.232769136685962621e+03,4.515667700000000195e+02
1.232770699971060594e+03,4.515667700000000195e+02
1.233093493341054000e+03,4.515667700000000195e+02
1.232934371183620442e+03,4.515667700000000195e+02
1.233096526483357593e+03,4.515667700000000195e+02
1.233098042396180062e+03,4.515667700000000195e+02
1.238675999999999931e+03,4.515667700000000195e+02
1.233261713608739683e+03,4.515667700000000195e+02
1.233423916280752792e+03,4.515667700000000195e+02
1.233425384821299303e+03,4.515667700000000195e+02
1.233748462507238173e+03,4.515667700000000195e+02
1.233589056033859151e+03,4.515667700000000195e+02
1.233751306078147763e+03,4.515667700000000195e+02
1.233752727246418772e+03,4.515667700000000195e+02
1.234398119061413809e+03,4.515667700000000195e+02
1.233916398458978392e+03,4.515667700000000195e+02
1.234078695875542962e+03,4.515667700000000195e+02
1.234080069671538240e+03,4.515667700000000195e+02
1.234403431673422347e+03,4.515667700000000195e+02
1.234243740884097861e+03,4.515667700000000195e+02
1.234406085672937934e+03,4.515667700000000195e+02
1.234407412096657481e+03,4.515667700000000195e+02
1.235699693155452678e+03,4.515667700000000195e+02
1.234571083309217101e+03,4.515667700000000195e+02
1.234733475470332905e+03,4.515667700000000195e+02
1.234734754521776949e+03,4.515667700000000195e+02
1.235058400839606293e+03,4.515667700000000195e+02
1.234898425734336570e+03,4.515667700000000195e+02
1.235060865267728104e+03,4.515667700000000195e+02
1.235062096946896190e+03,4.515667700000000195e+02
1.235708816338354609e+03,4.515667700000000195e+02
1.235225768159456038e+03,4.515667700000000195e+02
1.235388255065123076e+03,4.515667700000000195e+02
1.235389439372015659e+03,4.515667700000000195e+02
1.235713370005790466e+03,4.515667700000000195e+02
1.235553110584575279e+03,4.515667700000000195e+02
1.235715644862518275e+03,4.515667700000000195e+02
1.235716781797135127e+03,4.515667700000000195e+02
1.238311922093023441e+03,4.515667700000000195e+02
1.235880453009694747e+03,4.515667700000000195e+02
1.236043034659913246e+03,4.515667700000000195e+02
1.236044124222254368e+03,4.515667700000000195e+02
1.236368339171974640e+03,4.515667700000000195e+02
1.236207795434813988e+03,4.515667700000000195e+02
1.236370424457308445e+03,4.515667700000000195e+02
1.236371466647373836e+03,4.515667700000000195e+02
1.237019513615295409e+03,4.515667700000000195e+02
1.236535137859933457e+03,4.515667700000000195e+02
1.236697814254703417e+03,4.515667700000000195e+02
1.236698809072493077e+03,4.515667700000000195e+02
1.237023308338158813e+03,4.515667700000000195e+02
1.236862480285052925e+03,4.515667700000000195e+02
1.237025204052098616e+03,4.515667700000000195e+02
1.237026151497612545e+03,4.515667700000000195e+02
1.238324128770301741e+03,4.515667700000000195e+02
1.237189822710172166e+03,4.515667700000000195e+02
1.237352593849493587e+03,4.515667700000000195e+02
1.237353493922731786e+03,4.515667700000000195e+02
1.237678277504342987e+03,4.515667700000000195e+02
1.237517165135291634e+03,4.515667700000000195e+02
1.237679983646888786e+03,4.515667700000000195e+02
1.237680836347851255e+03,4.515667700000000195e+02
1.238330210892236437e+03,4.515667700000000195e+02
1.237844507560410875e+03,4.515667700000000195e+02
1.238007373444283758e+03,4.515667700000000195e+02
1.238008178772970723e+03,4.515667700000000195e+02
1.238333246670527160e+03,4.515667700000000195e+02
1.238171849985530343e+03,4.515667700000000195e+02
1.238334763241678957e+03,4.515667700000000195e+02
1.238335521198089964e+03,4.515667700000000195e+02
1.243573000000000093e+03,4.636750499999999988e+02
1.238499192410649812e+03,4.515667700000000195e+02
1.238662153039073928e+03,4.515667700000000195e+02
1.238662863623209432e+03,4.515667700000000195e+02
1.238988215836711106e+03,4.515667700000000195e+02
1.238826534835769053e+03,4.515667700000000195e+02
1.238989542836469127e+03,4.515667700000000195e+02
1.238990206048328673e+03,4.515667700000000195e+02
1.239640908169177237e+03,4.515667700000000195e+02
1.239153877260888521e+03,4.515667700000000195e+02
1.239316932633864099e+03,4.515667700000000195e+02
1.239317548473448142e+03,4.515667700000000195e+02
1.239643185002895279e+03,4.515667700000000195e+02
1.239481219686007762e+03,4.515667700000000195e+02
1.239644322431259297e+03,4.515667700000000195e+02
1.239644890898567610e+03,4.515667700000000195e+02
1.240948564385151030e+03,4.515667700000000195e+02
1.239808562111127230e+03,4.515667700000000195e+02
1.239971712228654269e+03,4.515667700000000195e+02
1.239972233323686851e+03,4.515667700000000195e+02
1.240298154169079453e+03,4.515667700000000195e+02
1.240135904536246471e+03,4.515667700000000195e+02
1.240299102026049468e+03,4.515667700000000195e+02
1.240299575748806319e+03,4.515667700000000195e+02
1.240951605446118265e+03,4.515667700000000195e+02
1.240463246961365940e+03,4.515667700000000195e+02
1.240626491823444439e+03,4.515667700000000195e+02
1.240626918173925560e+03,4.515667700000000195e+02
1.240953123335263626e+03,4.515667700000000195e+02
1.240790589386485408e+03,4.515667700000000195e+02
1.240953881620839638e+03,4.515667700000000195e+02
1.240954260599045028e+03,4.515667700000000195e+02
1.243573000000000093e+03,4.636750499999999988e+02
1.241117931811604649e+03,4.636750499999999988e+02
1.241281271418234610e+03,4.636750499999999988e+02
1.241281603024164497e+03,4.636750499999999988e+02
1.241608092501447800e+03,4.636750499999999988e+02
1.241445274236724117e+03,4.636750499999999988e+02
1.241608661215629581e+03,4.636750499999999988e+02
1.241608945449283738e+03,4.636750499999999988e+02
1.242262302723059065e+03,4.636750499999999988e+02
1.241772616661843358e+03,4.636750499999999988e+02
1.241936051013024780e+03,4.636750499999999988e+02
1.241936287874403206e+03,4.636750499999999988e+02
1.242263061667631973e+03,4.636750499999999988e+02
1.242099959086962826e+03,4.636750499999999988e+02
1.242263440810419752e+03,4.636750499999999988e+02
1.242263630299522447e+03,4.636750499999999988e+02
1.243573000000000093e+03,4.636750499999999988e+02
1.242427301512082295e+03,4.636750499999999988e+02
1.242590830607814951e+03,4.636750499999999988e+02
1.242590972724641915e+03,4.636750499999999988e+02
1.242918030833815919e+03,4.636750499999999988e+02
1.242754643937201536e+03,4.636750499999999988e+02
1.242918220405209922e+03,4.636750499999999988e+02
1.242918315149761156e+03,4.636750499999999988e+02
1.243573000000000093e+03,4.636750499999999988e+02
1.243081986362321004e+03,4.636750499999999988e+02
1.243245610202605121e+03,4.636750499999999988e+02
1.243245657574880624e+03,4.636750499999999988e+02
1.243573000000000093e+03,4.636750499999999988e+02
1.243409328787440245e+03,4.636750499999999988e+02
1.243573000000000093e+03,4.636750499999999988e+02
1.243573000000000093e+03,4.636750499999999988e+02
1.243573000000000093e+03,4.636750499999999988e+02
