3.913504599999999982e+02,2.353297100000000057e+02
3.913504599999999982e+02,2.353297100000000057e+02
3.924129827841634892e+02,2.353297100000000057e+02
3.913504599999999982e+02,2.353297100000000057e+02
3.934755055683269234e+02,2.353297100000000057e+02
3.934782230179027920e+02,2.353297100000000057e+02
3.945380283524904144e+02,2.353297100000000057e+02
3.913504599999999982e+02,2.353297100000000057e+02
3.956005511366539054e+02,2.171920200000000136e+02
3.956059860358056426e+02,2.171920200000000136e+02
3.966630739208173964e+02,2.171920200000000136e+02
3.956168976410256164e+02,2.171920200000000136e+02
3.977255967049808305e+02,2.171920200000000136e+02
3.977337490537084363e+02,2.171920200000000136e+02
3.987881194891443215e+02,2.171920200000000136e+02
3.913504599999999982e+02,2.353297100000000057e+02
3.998506422733078125e+02,2.171920200000000136e+02
3.998615120716112301e+02,2.171920200000000136e+02
4.009131650574712467e+02,2.171920200000000136e+02
3.998833352820512914e+02,2.171920200000000136e+02
4.019756878416347377e+02,2.171920200000000136e+02
4.019892750895140807e+02,2.171920200000000136e+02
4.030382106257982286e+02,2.171920200000000136e+02
3.913504599999999982e+02,2.353297100000000057e+02
4.041007334099616628e+02,2.046328100000000063e+02
4.041170381074168745e+02,2.046328100000000063e+02
4.051632561941251538e+02,2.046328100000000063e+02
4.041497729230769096e+02,2.046328100000000063e+02
4.062257789782886448e+02,2.046328100000000063e+02
4.062448011253196682e+02,2.046328100000000063e+02
4.072883017624520789e+02,2.046328100000000063e+02
3.913504599999999982e+02,2.353297100000000057e+02
4.083508245466155699e+02,2.046328100000000063e+02
4.083725641432225189e+02,2.046328100000000063e+02
4.094133473307790609e+02,2.046328100000000063e+02
4.084162105641025846e+02,2.046328100000000063e+02
4.104758701149425519e+02,2.046328100000000063e+02
4.105003271611253126e+02,2.046328100000000063e+02
4.115383928991059861e+02,2.046328100000000063e+02
3.913504599999999982e+02,2.353297100000000057e+02
4.126009156832694771e+02,2.046328100000000063e+02
4.126280901790281632e+02,2.046328100000000063e+02
4.136634384674329681e+02,2.046328100000000063e+02
4.126826482051282028e+02,2.046328100000000063e+02
4.147259612515964022e+02,2.046328100000000063e+02
4.147558531969309570e+02,2.046328100000000063e+02
4.157884840357598932e+02,2.046328100000000063e+02
3.981283999999999992e+02,2.171920200000000136e+02
4.168510068199233842e+02,1.934882800000000032e+02
4.168836162148337507e+02,1.934882800000000032e+02
4.179135296040868752e+02,1.934882800000000032e+02
4.169490858461538210e+02,1.934882800000000032e+02
4.189760523882503094e+02,1.934882800000000032e+02
4.190113792327366014e+02,1.934882800000000032e+02
4.200385751724138004e+02,1.934882800000000032e+02
4.070231999999999744e+02,2.046328100000000063e+02
4.211010979565772914e+02,1.934882800000000032e+02
4.211391422506393951e+02,1.934882800000000032e+02
4.221636207407407255e+02,1.934882800000000032e+02
4.212155234871794960e+02,1.934882800000000032e+02
4.232261435249042165e+02,1.934882800000000032e+02
4.232669052685421889e+02,1.934882800000000032e+02
4.242886663090677075e+02,1.934882800000000032e+02
4.199485500000000116e+02,1.934882800000000032e+02
4.253511890932311417e+02,1.934882800000000032e+02
4.253946682864450395e+02,1.934882800000000032e+02
4.264137118773946327e+02,1.934882800000000032e+02
4.254819611282051142e+02,1.934882800000000032e+02
4.274762346615581237e+02,1.934882800000000032e+02
4.275224313043478332e+02,1.934882800000000032e+02
4.285387574457215578e+02,1.934882800000000032e+02
4.376119400000000041e+02,1.862895499999999913e+02
4.296012802298850488e+02,1.862895499999999913e+02
4.296501943222506270e+02,1.862895499999999913e+02
4.306638030140485398e+02,1.862895499999999913e+02
4.297483987692307892e+02,1.862895499999999913e+02
4.317263257982120308e+02,1.862895499999999913e+02
4.317779573401534776e+02,1.862895499999999913e+02
4.327888485823754650e+02,1.862895499999999913e+02
4.536879299999999944e+02,1.836356199999999887e+02
4.338513713665389560e+02,1.862895499999999913e+02
4.339057203580562714e+02,1.862895499999999913e+02
4.349138941507024470e+02,1.862895499999999913e+02
4.340148364102564074e+02,1.862895499999999913e+02
4.359764169348658811e+02,1.862895499999999913e+02
4.360334833759590651e+02,1.862895499999999913e+02
4.370389397190293721e+02,1.862895499999999913e+02
4.689888300000000072e+02,1.862557400000000030e+02
4.381014625031928631e+02,1.862895499999999913e+02
4.381612463938619157e+02,1.862895499999999913e+02
4.391639852873563541e+02,1.862895499999999913e+02
4.382812740512820255e+02,1.862895499999999913e+02
4.402265080715197882e+02,1.862895499999999913e+02
4.402890094117647095e+02,1.862895499999999913e+02
4.412890308556832792e+02,1.862895499999999913e+02
4.811618000000000279e+02,1.917965100000000120e+02
4.423515536398467702e+02,1.862895499999999913e+02
4.424167724296675033e+02,1.862895499999999913e+02
4.434140764240102044e+02,1.862895499999999913e+02
4.425477116923077006e+02,1.862895499999999913e+02
4.444765992081736954e+02,1.862895499999999913e+02
4.445445354475703539e+02,1.862895499999999913e+02
4.455391219923371864e+02,1.862895499999999913e+02
4.920699999999999932e+02,2.014481199999999887e+02
4.466016447765006205e+02,1.836356199999999887e+02
4.466722984654731476e+02,1.836356199999999887e+02
4.476641675606641115e+02,1.836356199999999887e+02
4.468141493333333187e+02,1.836356199999999887e+02
4.487266903448276025e+02,1.836356199999999887e+02
4.488000614833759983e+02,1.836356199999999887e+02
4.497892131289910367e+02,1.836356199999999887e+02
5.028311199999999985e+02,2.180361300000000142e+02
4.508517359131545277e+02,1.836356199999999887e+02
4.509278245012787920e+02,1.836356199999999887e+02
4.519142586973180187e+02,1.836356199999999887e+02
4.510805869743589938e+02,1.836356199999999887e+02
4.529767814814814528e+02,1.836356199999999887e+02
4.530555875191815858e+02,1.836356199999999887e+02
4.540393042656449438e+02,4.705185500000000047e+02
5.111893299999999840e+02,2.463157999999999959e+02
4.551018270498084348e+02,4.857787000000000148e+02
4.551833505370843795e+02,4.857787000000000148e+02
4.561643498339719258e+02,4.857787000000000148e+02
4.553470246153846119e+02,4.857787000000000148e+02
4.572268726181353600e+02,4.404771700000000010e+02
4.573111135549872301e+02,4.404771700000000010e+02
4.582893954022988510e+02,4.404771700000000010e+02
5.109829700000000230e+02,2.752802699999999732e+02
4.593519181864623420e+02,4.404771700000000010e+02
4.594388765728900239e+02,4.404771700000000010e+02
4.604144409706258330e+02,4.404771700000000010e+02
4.596134622564102301e+02,4.404771700000000010e+02
4.614769637547892671e+02,4.982569599999999923e+02
4.615666395907928745e+02,4.982569599999999923e+02
4.625394865389527581e+02,4.982569599999999923e+02
5.025531599999999912e+02,3.113401000000000067e+02
4.636020093231162491e+02,4.164891400000000203e+02
4.636944026086956683e+02,4.164891400000000203e+02
4.646645321072796833e+02,4.164891400000000203e+02
4.638798998974359051e+02,4.164891400000000203e+02
4.657270548914431743e+02,4.164891400000000203e+02
4.658221656265984620e+02,4.164891400000000203e+02
4.667895776756066653e+02,4.164891400000000203e+02
4.918740199999999732e+02,3.434206500000000233e+02
4.678521004597700994e+02,5.063387500000000045e+02
4.679499286445013126e+02,5.063387500000000045e+02
4.689146232439335904e+02,1.862557400000000030e+02
4.681463375384615233e+02,5.063387500000000045e+02
4.699771460280970814e+02,1.862557400000000030e+02
4.700776916624041064e+02,1.862557400000000030e+02
4.710396688122605156e+02,1.862557400000000030e+02
4.797422000000000253e+02,3.799234599999999773e+02
4.721021915964240065e+02,1.862557400000000030e+02
4.722054546803069002e+02,1.862557400000000030e+02
4.731647143805874975e+02,1.862557400000000030e+02
4.724127751794871983e+02,1.862557400000000030e+02
4.742272371647509317e+02,1.862557400000000030e+02
4.743332176982097508e+02,1.862557400000000030e+02
4.752897599489144227e+02,1.862557400000000030e+02
4.658593799999999874e+02,4.164891400000000203e+02
4.763522827330779137e+02,3.799234599999999773e+02
4.764609807161125445e+02,3.799234599999999773e+02
4.774148055172414047e+02,3.799234599999999773e+02
4.766792128205128165e+02,3.799234599999999773e+02
4.784773283014048388e+02,3.799234599999999773e+02
4.785887437340153383e+02,3.799234599999999773e+02
4.795398510855683298e+02,3.799234599999999773e+02
4.585686600000000226e+02,4.404771700000000010e+02
4.806023738697318208e+02,1.917965100000000120e+02
4.807165067519181889e+02,1.917965100000000120e+02
4.816648966538953118e+02,1.917965100000000120e+02
4.809456504615384347e+02,1.917965100000000120e+02
4.827274194380587460e+02,5.129692400000000134e+02
4.828442697698209827e+02,5.129692400000000134e+02
4.837899422222222370e+02,5.129692400000000134e+02
4.540767200000000230e+02,4.705185500000000047e+02
4.848524650063857280e+02,5.129692400000000134e+02
4.849720327877238333e+02,5.129692400000000134e+02
4.859149877905491621e+02,5.129692400000000134e+02
4.852120881025641097e+02,5.129692400000000134e+02
4.869775105747126531e+02,5.129692400000000134e+02
4.870997958056266270e+02,5.129692400000000134e+02
4.880400333588761441e+02,5.129692400000000134e+02
4.554163199999999847e+02,4.857787000000000148e+02
4.891025561430395783e+02,3.434206500000000233e+02
4.892275588235294208e+02,3.434206500000000233e+02
4.901650789272030693e+02,3.434206500000000233e+02
4.894785257435897279e+02,3.434206500000000233e+02
4.912276017113665603e+02,3.434206500000000233e+02
4.913553218414322146e+02,3.434206500000000233e+02
4.922901244955299944e+02,2.014481199999999887e+02
4.612884500000000116e+02,4.982569599999999923e+02
4.933526472796934854e+02,2.014481199999999887e+02
4.934830848593350652e+02,2.014481199999999887e+02
4.944151700638569764e+02,2.014481199999999887e+02
4.937449633846154029e+02,2.014481199999999887e+02
4.954776928480204106e+02,2.014481199999999887e+02
4.956108478772378589e+02,2.014481199999999887e+02
4.965402156321839016e+02,2.014481199999999887e+02
4.680446800000000280e+02,5.063387500000000045e+02
4.976027384163473926e+02,5.101483200000000124e+02
4.977386108951407095e+02,5.101483200000000124e+02
4.986652612005108267e+02,5.101483200000000124e+02
4.980114010256410211e+02,5.101483200000000124e+02
4.997277839846743177e+02,5.101483200000000124e+02
4.998663739130435033e+02,5.101483200000000124e+02
5.007903067688378087e+02,5.101483200000000124e+02
4.836400800000000118e+02,5.129692400000000134e+02
5.018528295530012997e+02,3.113401000000000067e+02
5.019941369309462971e+02,3.113401000000000067e+02
5.029153523371647907e+02,2.180361300000000142e+02
5.022778386666666393e+02,3.113401000000000067e+02
5.039778751213282249e+02,2.180361300000000142e+02
5.041218999488491477e+02,2.180361300000000142e+02
5.050403979054917158e+02,2.180361300000000142e+02
5.016816999999999780e+02,5.101483200000000124e+02
5.061029206896552068e+02,2.180361300000000142e+02
5.062496629667519414e+02,2.180361300000000142e+02
5.071654434738186410e+02,2.180361300000000142e+02
5.065442763076923143e+02,2.180361300000000142e+02
5.082279662579821320e+02,2.180361300000000142e+02
5.083774259846547352e+02,2.180361300000000142e+02
5.092904890421456230e+02,2.180361300000000142e+02
5.189706400000000031e+02,5.019950000000000045e+02
5.103530118263090571e+02,2.752802699999999732e+02
5.105051890025575858e+02,2.752802699999999732e+02
5.114155346104725481e+02,2.463157999999999959e+02
5.108107139487179893e+02,2.752802699999999732e+02
5.124780573946360391e+02,2.463157999999999959e+02
5.126329520204603796e+02,2.463157999999999959e+02
5.135405801787994733e+02,2.463157999999999959e+02
5.378157300000000305e+02,4.865658000000000243e+02
5.146031029629630211e+02,2.463157999999999959e+02
5.147607150383631733e+02,2.463157999999999959e+02
5.156656257471264553e+02,2.463157999999999959e+02
5.150771515897436075e+02,2.463157999999999959e+02
5.167281485312898894e+02,2.463157999999999959e+02
5.168884780562659671e+02,2.463157999999999959e+02
5.177906713154534373e+02,2.463157999999999959e+02
5.582875400000000354e+02,4.642180200000000241e+02
5.188531940996168714e+02,5.019950000000000045e+02
5.190162410741688745e+02,5.019950000000000045e+02
5.199157168837803056e+02,5.019950000000000045e+02
5.193435892307692257e+02,5.019950000000000045e+02
5.209782396679438534e+02,5.019950000000000045e+02
5.211440040920716683e+02,5.019950000000000045e+02
5.220407624521072876e+02,5.019950000000000045e+02
5.748256000000000085e+02,4.411860399999999913e+02
5.231032852362707217e+02,5.019950000000000045e+02
5.232717671099744621e+02,5.019950000000000045e+02
5.241658080204342696e+02,5.019950000000000045e+02
5.236100268717948438e+02,5.019950000000000045e+02
5.252283308045977037e+02,5.019950000000000045e+02
5.253995301278772558e+02,5.019950000000000045e+02
5.262908535887611379e+02,5.019950000000000045e+02
5.910605500000000347e+02,4.142935800000000199e+02
5.273533763729246857e+02,5.019950000000000045e+02
5.275272931457800496e+02,5.019950000000000045e+02
5.284158991570881199e+02,5.019950000000000045e+02
5.278764645128205757e+02,5.019950000000000045e+02
5.294784219412515540e+02,5.019950000000000045e+02
5.296550561636829570e+02,5.019950000000000045e+02
5.305409447254151019e+02,5.019950000000000045e+02
6.134868000000000166e+02,3.707599999999999909e+02
5.316034675095785360e+02,4.865658000000000243e+02
5.317828191815856371e+02,4.865658000000000243e+02
5.326659902937419702e+02,4.865658000000000243e+02
5.321429021538461939e+02,4.865658000000000243e+02
5.337285130779055180e+02,4.865658000000000243e+02
5.339105821994885446e+02,4.865658000000000243e+02
5.347910358620689522e+02,4.865658000000000243e+02
6.234482400000000553e+02,3.454864499999999907e+02
5.358535586462323863e+02,4.865658000000000243e+02
5.360383452173913383e+02,4.865658000000000243e+02
5.369160814303959341e+02,4.865658000000000243e+02
5.364093397948718120e+02,4.865658000000000243e+02
5.379786042145593683e+02,4.865658000000000243e+02
5.381661082352941321e+02,4.865658000000000243e+02
5.390411269987228025e+02,4.865658000000000243e+02
6.315152000000000498e+02,3.177968799999999874e+02
5.401036497828863503e+02,4.865658000000000243e+02
5.402938712531969259e+02,4.865658000000000243e+02
5.411661725670497844e+02,4.865658000000000243e+02
5.406757774358974302e+02,4.865658000000000243e+02
5.422286953512133323e+02,4.865658000000000243e+02
5.424216342710997196e+02,4.865658000000000243e+02
5.432912181353767664e+02,4.865658000000000243e+02
6.349151000000000522e+02,2.938235000000000241e+02
5.443537409195402006e+02,4.865658000000000243e+02
5.445493972890026271e+02,4.865658000000000243e+02
5.454162637037037484e+02,4.865658000000000243e+02
5.449422150769230484e+02,4.865658000000000243e+02
5.464787864878671826e+02,4.865658000000000243e+02
5.466771603069054208e+02,4.865658000000000243e+02
5.475413092720307304e+02,4.865658000000000243e+02
6.359628000000000156e+02,2.708767000000000280e+02
5.486038320561941646e+02,4.642180200000000241e+02
5.488049233248082146e+02,4.642180200000000241e+02
5.496663548403575987e+02,4.642180200000000241e+02
5.492086527179487803e+02,4.642180200000000241e+02
5.507288776245211466e+02,4.642180200000000241e+02
5.509326863427110084e+02,4.642180200000000241e+02
5.517914004086845807e+02,4.642180200000000241e+02
6.353141500000000406e+02,2.556660200000000032e+02
5.528539231928480149e+02,4.642180200000000241e+02
5.530604493606138021e+02,4.642180200000000241e+02
5.539164459770115627e+02,4.642180200000000241e+02
5.534750903589743984e+02,4.642180200000000241e+02
5.549789687611749969e+02,4.642180200000000241e+02
5.551882123785167096e+02,4.642180200000000241e+02
5.560414915453384310e+02,4.642180200000000241e+02
6.329761999999999489e+02,2.427469499999999982e+02
5.571040143295019789e+02,4.642180200000000241e+02
5.573159753964195033e+02,4.642180200000000241e+02
5.581665371136654130e+02,4.642180200000000241e+02
5.577415280000000166e+02,4.642180200000000241e+02
5.592290598978288472e+02,4.642180200000000241e+02
5.594437384143222971e+02,4.642180200000000241e+02
5.602915826819923950e+02,4.642180200000000241e+02
6.290555399999999509e+02,2.335138000000000034e+02
5.613541054661558292e+02,4.642180200000000241e+02
5.615715014322250909e+02,4.642180200000000241e+02
5.624166282503192633e+02,4.642180200000000241e+02
5.620079656410256348e+02,4.642180200000000241e+02
5.634791510344828112e+02,4.642180200000000241e+02
5.636992644501278846e+02,4.642180200000000241e+02
5.645416738186462453e+02,4.642180200000000241e+02
6.253707000000000562e+02,2.272396200000000022e+02
5.656041966028096795e+02,3.114519000000000233e+02
5.658270274680307921e+02,3.114519000000000233e+02
5.666667193869732273e+02,2.935595700000000079e+02
5.662744032820512530e+02,3.114519000000000233e+02
5.677292421711366615e+02,3.251247599999999807e+02
5.679547904859334722e+02,3.251247599999999807e+02
5.687917649553000956e+02,3.251247599999999807e+02
6.204651000000000067e+02,2.217259500000000116e+02
5.698542877394636434e+02,2.750094000000000278e+02
5.700825535038363796e+02,2.750094000000000278e+02
5.709168105236270776e+02,2.750094000000000278e+02
5.705408409230769848e+02,2.750094000000000278e+02
5.719793333077905118e+02,3.325045200000000136e+02
5.722103165217391734e+02,3.325045200000000136e+02
5.730418560919540596e+02,3.325045200000000136e+02
6.133266999999999598e+02,2.185874000000000024e+02
5.741043788761174937e+02,4.411860399999999913e+02
5.743380795396419671e+02,4.411860399999999913e+02
5.751669016602809279e+02,4.411860399999999913e+02
5.748072785641026030e+02,4.411860399999999913e+02
5.762294244444444757e+02,4.411860399999999913e+02
5.764658425575447609e+02,4.411860399999999913e+02
5.772919472286079099e+02,4.411860399999999913e+02
6.064539999999999509e+02,2.192925999999999931e+02
5.783544700127713440e+02,2.548900099999999895e+02
5.785936055754475547e+02,2.548900099999999895e+02
5.794169927969348919e+02,2.548900099999999895e+02
5.790737162051282212e+02,2.548900099999999895e+02
5.804795155810983260e+02,2.548900099999999895e+02
5.807213685933504621e+02,2.548900099999999895e+02
5.815420383652617602e+02,3.398923300000000154e+02
5.991861999999999853e+02,2.238526599999999860e+02
5.826045611494253080e+02,3.398923300000000154e+02
5.828491316112532559e+02,3.398923300000000154e+02
5.836670839335887422e+02,3.398923300000000154e+02
5.833401538461538394e+02,3.398923300000000154e+02
5.847296067177522900e+02,3.398923300000000154e+02
5.849768946291560496e+02,3.398923300000000154e+02
5.857921295019157242e+02,3.398923300000000154e+02
5.913627300000000560e+02,2.332274199999999951e+02
5.868546522860791583e+02,4.142935800000000199e+02
5.871046576470588434e+02,4.142935800000000199e+02
5.879171750702427062e+02,4.142935800000000199e+02
5.876065914871794575e+02,4.142935800000000199e+02
5.889796978544061403e+02,4.142935800000000199e+02
5.892324206649616372e+02,4.142935800000000199e+02
5.900422206385696882e+02,4.142935800000000199e+02
5.794701999999999771e+02,2.548900099999999895e+02
5.911047434227331223e+02,4.142935800000000199e+02
5.913601836828645446e+02,2.332274199999999951e+02
5.921672662068965565e+02,2.332274199999999951e+02
5.918730291282051894e+02,2.332274199999999951e+02
5.932297889910601043e+02,2.332274199999999951e+02
5.934879467007673384e+02,2.332274199999999951e+02
5.942923117752235385e+02,2.332274199999999951e+02
5.712283300000000281e+02,2.750094000000000278e+02
5.953548345593869726e+02,2.238526599999999860e+02
5.956157097186701321e+02,2.238526599999999860e+02
5.964173573435505205e+02,2.238526599999999860e+02
5.961394667692308076e+02,2.238526599999999860e+02
5.974798801277139546e+02,2.238526599999999860e+02
5.977434727365729259e+02,2.238526599999999860e+02
5.985424029118773888e+02,2.238526599999999860e+02
5.668175999999999704e+02,2.935595700000000079e+02
5.996049256960409366e+02,3.428386199999999917e+02
5.998712357544757197e+02,3.428386199999999917e+02
6.006674484802043708e+02,3.428386199999999917e+02
6.004059044102564258e+02,3.428386199999999917e+02
6.017299712643678049e+02,3.428386199999999917e+02
6.019989987723786271e+02,3.428386199999999917e+02
6.027924940485313527e+02,3.428386199999999917e+02
5.659977400000000216e+02,3.114519000000000233e+02
6.038550168326947869e+02,2.192925999999999931e+02
6.041267617902813072e+02,2.192925999999999931e+02
6.049175396168582211e+02,2.192925999999999931e+02
6.046723420512820439e+02,2.192925999999999931e+02
6.059800624010217689e+02,2.192925999999999931e+02
6.062545248081842146e+02,2.192925999999999931e+02
6.070425851851852030e+02,2.192925999999999931e+02
5.688138000000000147e+02,3.251247599999999807e+02
6.081051079693486372e+02,2.192925999999999931e+02
6.083822878260870084e+02,2.192925999999999931e+02
6.091676307535121850e+02,2.192925999999999931e+02
6.089387796923076621e+02,2.192925999999999931e+02
6.102301535376756192e+02,2.192925999999999931e+02
6.105100508439898022e+02,2.192925999999999931e+02
6.112926763218390533e+02,2.192925999999999931e+02
5.730680999999999585e+02,3.325045200000000136e+02
6.123551991060026012e+02,2.185874000000000024e+02
6.126378138618925959e+02,2.185874000000000024e+02
6.134177218901660353e+02,3.707599999999999909e+02
6.132052173333333940e+02,2.185874000000000024e+02
6.144802446743294695e+02,3.707599999999999909e+02
6.147655768797953897e+02,3.707599999999999909e+02
6.155427674584930173e+02,3.707599999999999909e+02
5.823143300000000409e+02,3.398923300000000154e+02
6.166052902426564515e+02,3.405004999999999882e+02
6.168933398976982971e+02,3.405004999999999882e+02
6.176678130268198856e+02,3.405004999999999882e+02
6.174716549743590122e+02,3.405004999999999882e+02
6.187303358109834335e+02,3.405004999999999882e+02
6.190211029156010909e+02,3.405004999999999882e+02
6.197928585951468676e+02,2.217259500000000116e+02
5.997799999999999727e+02,3.428386199999999917e+02
6.208553813793103018e+02,2.217259500000000116e+02
6.211488659335038847e+02,2.217259500000000116e+02
6.219179041634738496e+02,2.217259500000000116e+02
6.217380926153846303e+02,2.217259500000000116e+02
6.229804269476372838e+02,3.454864499999999907e+02
6.232766289514066784e+02,3.454864499999999907e+02
6.240429497318007179e+02,3.454864499999999907e+02
6.188022999999999456e+02,3.405004999999999882e+02
6.251054725159642658e+02,2.272396200000000022e+02
6.254043919693094722e+02,2.272396200000000022e+02
6.261679953001276999e+02,2.272396200000000022e+02
6.260045302564102485e+02,2.272396200000000022e+02
6.272305180842911341e+02,2.335138000000000034e+02
6.275321549872123796e+02,2.335138000000000034e+02
6.282930408684546819e+02,2.335138000000000034e+02
6.354123499999999467e+02,3.318602300000000014e+02
6.293555636526181161e+02,2.335138000000000034e+02
6.296599180051151734e+02,2.335138000000000034e+02
6.304180864367816639e+02,2.335138000000000034e+02
6.302709678974358667e+02,2.335138000000000034e+02
6.314806092209450981e+02,3.177968799999999874e+02
6.317876810230179672e+02,3.177968799999999874e+02
6.325431320051085322e+02,2.427469499999999982e+02
6.557309999999999945e+02,3.153247000000000071e+02
6.336056547892720801e+02,2.938235000000000241e+02
6.339154440409207609e+02,2.938235000000000241e+02
6.346681775734355142e+02,2.938235000000000241e+02
6.345374055384615986e+02,2.938235000000000241e+02
6.357307003575990620e+02,2.708767000000000280e+02
6.360432070588235547e+02,2.708767000000000280e+02
6.367932231417624962e+02,2.708767000000000280e+02
6.754767500000000382e+02,2.986633299999999736e+02
6.378557459259259304e+02,2.708767000000000280e+02
6.381709700767264621e+02,2.708767000000000280e+02
6.389182687100894782e+02,2.708767000000000280e+02
6.388038431794872167e+02,2.708767000000000280e+02
6.399807914942529123e+02,2.708767000000000280e+02
6.402987330946291422e+02,2.708767000000000280e+02
6.410433142784163465e+02,2.708767000000000280e+02
6.934941400000000158e+02,2.801524699999999939e+02
6.421058370625798943e+02,2.708767000000000280e+02
6.424264961125320497e+02,2.708767000000000280e+02
6.431683598467433285e+02,2.708767000000000280e+02
6.430702808205128349e+02,2.708767000000000280e+02
6.442308826309067626e+02,2.708767000000000280e+02
6.445542591304348434e+02,2.708767000000000280e+02
6.452934054150703105e+02,2.708767000000000280e+02
7.139154700000000275e+02,2.585889999999999986e+02
6.463559281992337446e+02,3.153247000000000071e+02
6.466820221483376372e+02,3.153247000000000071e+02
6.474184509833971788e+02,3.153247000000000071e+02
6.473367184615384531e+02,3.153247000000000071e+02
6.484809737675607266e+02,3.153247000000000071e+02
6.488097851662405446e+02,3.153247000000000071e+02
6.495434965517241608e+02,3.153247000000000071e+02
7.355400399999999763e+02,2.374013699999999858e+02
6.506060193358875949e+02,3.153247000000000071e+02
6.509375481841432247e+02,3.153247000000000071e+02
6.516685421200511428e+02,3.153247000000000071e+02
6.516031561025640713e+02,3.153247000000000071e+02
6.527310649042145769e+02,3.153247000000000071e+02
6.530653112020461322e+02,3.153247000000000071e+02
6.537935876883780111e+02,3.153247000000000071e+02
7.561708399999999983e+02,2.157664800000000014e+02
6.548561104725415589e+02,3.153247000000000071e+02
6.551930742199489259e+02,3.153247000000000071e+02
6.559186332567049931e+02,3.153247000000000071e+02
6.558695937435898031e+02,3.153247000000000071e+02
6.569811560408684272e+02,3.153247000000000071e+02
6.573208372378517197e+02,3.153247000000000071e+02
6.580436788250319751e+02,3.153247000000000071e+02
7.799634399999999914e+02,1.924880400000000122e+02
6.591062016091954092e+02,3.153247000000000071e+02
6.594486002557545135e+02,3.153247000000000071e+02
6.601687243933588434e+02,3.153247000000000071e+02
6.601360313846154213e+02,3.153247000000000071e+02
6.612312471775223912e+02,3.153247000000000071e+02
6.615763632736573072e+02,3.153247000000000071e+02
6.622937699616858254e+02,3.153247000000000071e+02
8.050541399999999612e+02,1.646386699999999905e+02
6.633562927458492595e+02,3.153247000000000071e+02
6.637041262915602147e+02,3.153247000000000071e+02
6.644188155300128074e+02,3.153247000000000071e+02
6.644024690256410395e+02,3.153247000000000071e+02
6.654813383141762415e+02,3.153247000000000071e+02
6.658318893094628947e+02,3.153247000000000071e+02
6.665438610983396757e+02,3.153247000000000071e+02
8.427035499999999502e+02,1.233782960000000060e+02
6.676063838825032235e+02,2.986633299999999736e+02
6.679596523273658022e+02,2.986633299999999736e+02
6.686689066666666577e+02,2.986633299999999736e+02
6.686689066666666577e+02,2.986633299999999736e+02
6.697314294508300918e+02,2.986633299999999736e+02
6.700874153452685960e+02,2.986633299999999736e+02
6.707939522349936396e+02,2.986633299999999736e+02
8.427035499999999502e+02,1.233782960000000060e+02
6.718564750191571875e+02,2.986633299999999736e+02
6.722151783631713897e+02,2.986633299999999736e+02
6.729189978033205080e+02,2.986633299999999736e+02
6.729353443076922758e+02,2.986633299999999736e+02
6.739815205874840558e+02,2.986633299999999736e+02
6.743429413810742972e+02,2.986633299999999736e+02
6.750440433716476036e+02,2.986633299999999736e+02
6.922525000000000546e+02,4.103648699999999963e+02
6.761065661558109241e+02,2.986633299999999736e+02
6.764707043989769772e+02,2.986633299999999736e+02
6.771690889399744719e+02,2.986633299999999736e+02
6.772017819487180077e+02,2.986633299999999736e+02
6.782316117241380198e+02,2.986633299999999736e+02
6.785984674168798847e+02,2.986633299999999736e+02
6.792941345083013402e+02,2.986633299999999736e+02
6.922525000000000546e+02,4.103648699999999963e+02
6.803566572924648881e+02,2.986633299999999736e+02
6.807262304347826785e+02,2.986633299999999736e+02
6.814191800766284359e+02,2.986633299999999736e+02
6.814682195897436259e+02,2.986633299999999736e+02
6.824817028607918701e+02,2.986633299999999736e+02
6.828539934526854722e+02,2.986633299999999736e+02
6.835442256449553042e+02,2.986633299999999736e+02
6.922525000000000546e+02,4.103648699999999963e+02
6.846067484291188521e+02,4.103648699999999963e+02
6.849817564705883797e+02,4.103648699999999963e+02
6.856692712132822862e+02,4.103648699999999963e+02
6.857346572307692441e+02,4.103648699999999963e+02
6.867317939974457204e+02,4.103648699999999963e+02
6.871095194884910597e+02,4.103648699999999963e+02
6.877943167816092682e+02,4.103648699999999963e+02
6.922525000000000546e+02,4.103648699999999963e+02
6.888568395657727024e+02,4.103648699999999963e+02
6.892372825063939672e+02,4.103648699999999963e+02
6.899193623499361365e+02,4.103648699999999963e+02
6.900010948717948622e+02,4.103648699999999963e+02
6.909818851340996844e+02,4.103648699999999963e+02
6.913650455242967610e+02,4.103648699999999963e+02
6.920444079182631185e+02,4.103648699999999963e+02
6.922525000000000546e+02,4.103648699999999963e+02
6.931069307024265527e+02,2.801524699999999939e+02
6.934928085421995547e+02,2.801524699999999939e+02
6.941694534865901005e+02,2.801524699999999939e+02
6.942675325128204804e+02,2.801524699999999939e+02
6.952319762707535347e+02,2.801524699999999939e+02
6.956205715601023485e+02,2.801524699999999939e+02
6.962944990549169688e+02,2.801524699999999939e+02
6.922525000000000546e+02,4.103648699999999963e+02
6.973570218390805167e+02,2.801524699999999939e+02
6.977483345780051422e+02,2.801524699999999939e+02
6.984195446232439508e+02,2.801524699999999939e+02
6.985339701538462123e+02,2.801524699999999939e+02
6.994820674074073850e+02,2.801524699999999939e+02
6.998760975959080497e+02,2.801524699999999939e+02
7.005445901915709328e+02,2.801524699999999939e+02
6.922525000000000546e+02,4.103648699999999963e+02
7.016071129757343670e+02,2.801524699999999939e+02
7.020038606138107298e+02,2.801524699999999939e+02
7.026696357598978011e+02,2.801524699999999939e+02
7.028004077948718304e+02,2.801524699999999939e+02
7.037321585440613489e+02,2.801524699999999939e+02
7.041316236317136372e+02,2.801524699999999939e+02
7.047946813282247831e+02,2.801524699999999939e+02
7.194266000000000076e+02,4.165843499999999722e+02
7.058572041123882173e+02,2.585889999999999986e+02
7.062593866496164310e+02,2.585889999999999986e+02
7.069197268965517651e+02,2.585889999999999986e+02
7.070668454358974486e+02,2.585889999999999986e+02
7.079822496807151992e+02,2.585889999999999986e+02
7.083871496675192247e+02,2.585889999999999986e+02
7.090447724648786334e+02,2.585889999999999986e+02
7.366625000000000227e+02,4.139412800000000061e+02
7.101072952490421812e+02,2.585889999999999986e+02
7.105149126854221322e+02,2.585889999999999986e+02
7.111698180332056154e+02,2.585889999999999986e+02
7.113332830769230668e+02,2.585889999999999986e+02
7.122323408173690495e+02,2.585889999999999986e+02
7.126426757033248123e+02,2.585889999999999986e+02
7.132948636015325974e+02,2.585889999999999986e+02
7.537140000000000555e+02,4.068190999999999917e+02
7.143573863856961452e+02,2.585889999999999986e+02
7.147704387212277197e+02,2.585889999999999986e+02
7.154199091698594657e+02,2.585889999999999986e+02
7.155997207179486850e+02,2.585889999999999986e+02
7.164824319540230135e+02,2.585889999999999986e+02
7.168982017391305135e+02,2.585889999999999986e+02
7.175449547381865614e+02,2.585889999999999986e+02
7.702929000000000315e+02,3.994514199999999846e+02
7.186074775223498818e+02,4.165843499999999722e+02
7.190259647570333073e+02,4.165843499999999722e+02
7.196700003065134297e+02,4.165843499999999722e+02
7.198661583589744168e+02,4.165843499999999722e+02
7.207325230906769775e+02,4.165843499999999722e+02
7.211537277749361010e+02,4.165843499999999722e+02
7.217950458748402980e+02,4.165843499999999722e+02
7.862087400000000343e+02,3.903093299999999886e+02
7.228575686590038458e+02,4.165843499999999722e+02
7.232814907928388948e+02,4.165843499999999722e+02
7.239200914431673937e+02,4.165843499999999722e+02
7.241325960000000350e+02,4.165843499999999722e+02
7.249826142273308278e+02,4.165843499999999722e+02
7.254092538107418022e+02,4.165843499999999722e+02
7.260451370114942620e+02,4.165843499999999722e+02
7.991897999999999911e+02,3.801804200000000264e+02
7.271076597956578098e+02,2.374013699999999858e+02
7.275370168286445960e+02,2.374013699999999858e+02
7.281701825798212440e+02,2.374013699999999858e+02
7.283990336410256532e+02,2.374013699999999858e+02
7.292327053639846781e+02,2.374013699999999858e+02
7.296647798465473898e+02,2.374013699999999858e+02
7.302952281481482260e+02,2.374013699999999858e+02
8.085533400000000483e+02,3.709362800000000107e+02
7.313577509323116601e+02,2.374013699999999858e+02
7.317925428644501835e+02,2.374013699999999858e+02
7.324202737164750943e+02,2.374013699999999858e+02
7.326654712820512714e+02,2.374013699999999858e+02
7.334827965006386421e+02,2.374013699999999858e+02
7.339203058823529773e+02,2.374013699999999858e+02
7.345453192848020763e+02,2.374013699999999858e+02
8.135691500000000360e+02,3.645765400000000227e+02
7.356078420689655104e+02,2.374013699999999858e+02
7.360480689002558847e+02,2.374013699999999858e+02
7.366703648531290582e+02,4.139412800000000061e+02
7.369319089230768896e+02,4.139412800000000061e+02
7.377328876372924924e+02,4.139412800000000061e+02
7.381758319181585648e+02,4.139412800000000061e+02
7.387954104214559266e+02,4.139412800000000061e+02
8.154860999999999649e+02,3.601222999999999956e+02
7.398579332056194744e+02,4.550287999999999897e+02
7.403035949360614723e+02,4.550287999999999897e+02
7.409204559897829085e+02,4.550287999999999897e+02
7.411983465641026214e+02,4.550287999999999897e+02
7.419829787739463427e+02,4.550287999999999897e+02
7.424313579539642660e+02,4.550287999999999897e+02
7.430455015581098905e+02,4.550287999999999897e+02
8.155652000000000044e+02,3.556431999999999789e+02
7.441080243422733247e+02,4.371440400000000182e+02
7.445591209718670598e+02,4.717013000000000034e+02
7.451705471264367588e+02,4.207569599999999923e+02
7.454647842051282396e+02,4.207569599999999923e+02
7.462330699106003067e+02,4.207569599999999923e+02
7.466868839897699672e+02,4.207569599999999923e+02
7.472955926947637408e+02,4.207569599999999923e+02
8.136173000000000002e+02,3.527950399999999718e+02
7.483581154789271750e+02,4.861303700000000276e+02
7.488146470076726473e+02,4.861303700000000276e+02
7.494206382630907228e+02,4.004466600000000085e+02
7.497312218461538578e+02,4.004466600000000085e+02
7.504831610472541570e+02,4.004466600000000085e+02
7.509424100255755548e+02,4.004466600000000085e+02
7.515456838314175911e+02,4.004466600000000085e+02
8.075497400000000425e+02,3.495191699999999742e+02
7.526082066155811390e+02,4.960037800000000061e+02
7.530701730434783485e+02,4.068190999999999917e+02
7.536707293997445731e+02,4.068190999999999917e+02
7.539976594871795896e+02,4.068190999999999917e+02
7.547332521839080073e+02,3.856455000000000268e+02
7.551979360613811423e+02,3.856455000000000268e+02
7.557957749680715551e+02,3.856455000000000268e+02
7.963149399999999787e+02,3.495621300000000247e+02
7.568582977522351030e+02,5.042855200000000195e+02
7.573256990792839360e+02,5.042855200000000195e+02
7.579208205363984234e+02,5.042855200000000195e+02
7.582640971282050941e+02,5.042855200000000195e+02
7.589833433205619713e+02,5.042855200000000195e+02
7.594534620971867298e+02,5.042855200000000195e+02
7.600458661047255191e+02,5.042855200000000195e+02
7.848033000000000357e+02,3.528842799999999897e+02
7.611083888888888396e+02,5.042855200000000195e+02
7.615812251150896373e+02,5.042855200000000195e+02
7.621709116730523874e+02,5.042855200000000195e+02
7.625305347692308260e+02,5.042855200000000195e+02
7.632334344572159353e+02,5.042855200000000195e+02
7.637089881329924310e+02,5.042855200000000195e+02
7.642959572413792557e+02,5.042855200000000195e+02
7.749284999999999854e+02,3.587701400000000262e+02
7.653584800255428036e+02,3.677563499999999976e+02
7.658367511508952248e+02,3.677563499999999976e+02
7.664210028097063514e+02,3.677563499999999976e+02
7.667969724102564442e+02,3.677563499999999976e+02
7.674835255938697856e+02,3.677563499999999976e+02
7.679645141687980185e+02,3.677563499999999976e+02
7.685460483780332197e+02,3.677563499999999976e+02
7.659928599999999506e+02,3.677563499999999976e+02
7.696085711621967675e+02,3.994514199999999846e+02
7.700922771867008123e+02,3.994514199999999846e+02
7.706710939463602017e+02,3.994514199999999846e+02
7.710634100512820623e+02,3.994514199999999846e+02
7.717336167305236359e+02,5.133460700000000543e+02
7.722200402046037198e+02,5.133460700000000543e+02
7.727961395146871837e+02,5.133460700000000543e+02
7.561423300000000154e+02,3.856455000000000268e+02
7.738586622988506178e+02,3.587701400000000262e+02
7.743478032225063998e+02,3.587701400000000262e+02
7.749211850830140520e+02,3.587701400000000262e+02
7.753298476923077942e+02,3.587701400000000262e+02
7.759837078671775998e+02,3.587701400000000262e+02
7.764755662404093073e+02,3.587701400000000262e+02
7.770462306513410340e+02,3.587701400000000262e+02
7.502844999999999800e+02,4.004466600000000085e+02
7.781087534355044681e+02,1.924880400000000122e+02
7.786033292583121010e+02,1.924880400000000122e+02
7.791712762196680160e+02,1.924880400000000122e+02
7.795962853333332987e+02,1.924880400000000122e+02
7.802337990038314501e+02,1.924880400000000122e+02
7.807310922762148948e+02,1.924880400000000122e+02
7.812963217879948843e+02,1.924880400000000122e+02
7.456086000000000240e+02,4.207569599999999923e+02
7.823588445721584321e+02,3.528842799999999897e+02
7.828588552941178023e+02,3.528842799999999897e+02
7.834213673563218663e+02,3.528842799999999897e+02
7.838627229743590306e+02,3.528842799999999897e+02
7.844838901404853004e+02,3.528842799999999897e+02
7.849866183120204823e+02,3.528842799999999897e+02
7.855464129246488483e+02,3.528842799999999897e+02
7.442355999999999767e+02,4.371440400000000182e+02
7.866089357088122824e+02,3.903093299999999886e+02
7.871143813299233898e+02,3.903093299999999886e+02
7.876714584929757166e+02,5.200104999999999791e+02
7.881291606153846487e+02,5.200104999999999791e+02
7.887339812771392644e+02,5.200104999999999791e+02
7.892421443478261835e+02,5.200104999999999791e+02
7.897965040613026986e+02,5.200104999999999791e+02
7.436222999999999956e+02,4.550287999999999897e+02
7.908590268454661327e+02,5.200104999999999791e+02
7.913699073657289773e+02,5.200104999999999791e+02
7.919215496296296806e+02,5.200104999999999791e+02
7.923955982564102669e+02,5.200104999999999791e+02
7.929840724137931147e+02,5.200104999999999791e+02
7.934976703836317711e+02,5.200104999999999791e+02
7.940465951979565489e+02,5.200104999999999791e+02
7.444040499999999838e+02,4.717013000000000034e+02
7.951091179821200967e+02,3.495621300000000247e+02
7.956254334015345648e+02,3.495621300000000247e+02
7.961716407662835309e+02,3.495621300000000247e+02
7.966620358974359988e+02,3.495621300000000247e+02
7.972341635504469650e+02,3.495621300000000247e+02
7.977531964194374723e+02,3.495621300000000247e+02
7.982966863346105129e+02,3.495621300000000247e+02
7.479921000000000504e+02,4.861303700000000276e+02
7.993592091187739470e+02,3.801804200000000264e+02
7.998809594373402660e+02,3.801804200000000264e+02
8.004217319029373812e+02,3.801804200000000264e+02
8.009284735384615033e+02,3.801804200000000264e+02
8.014842546871009290e+02,3.801804200000000264e+02
8.020087224552430598e+02,3.801804200000000264e+02
8.025467774712644768e+02,3.801804200000000264e+02
7.524257000000000062e+02,4.960037800000000061e+02
8.036093002554277973e+02,1.646386699999999905e+02
8.041364854731458536e+02,1.646386699999999905e+02
8.046718230395913452e+02,1.646386699999999905e+02
8.051949111794872351e+02,1.646386699999999905e+02
8.057343458237548930e+02,1.646386699999999905e+02
8.062642484910486473e+02,1.646386699999999905e+02
8.067968686079182135e+02,1.646386699999999905e+02
7.597077000000000453e+02,5.042855200000000195e+02
8.078593913920817613e+02,5.223162999999999556e+02
8.083920115089515548e+02,3.709362800000000107e+02
8.089219141762453091e+02,3.709362800000000107e+02
8.094613488205128533e+02,3.709362800000000107e+02
8.099844369604086296e+02,3.709362800000000107e+02
8.105197745268542349e+02,3.709362800000000107e+02
8.110469597445721774e+02,3.709362800000000107e+02
7.725824999999999818e+02,5.133460700000000543e+02
8.121094825287357253e+02,3.645765400000000227e+02
8.126475375447571423e+02,3.645765400000000227e+02
8.131720053128991594e+02,3.645765400000000227e+02
8.137277864615384715e+02,3.527950399999999718e+02
8.142345280970625936e+02,3.527950399999999718e+02
8.147753005626599361e+02,3.601222999999999956e+02
8.152970508812261414e+02,3.601222999999999956e+02
7.898404500000000326e+02,5.200104999999999791e+02
8.163595736653895756e+02,3.556431999999999789e+02
8.169030635805627298e+02,3.556431999999999789e+02
8.174220964495530097e+02,3.556431999999999789e+02
8.179942241025642033e+02,3.556431999999999789e+02
8.184846192337165576e+02,3.556431999999999789e+02
8.190308265984656373e+02,3.556431999999999789e+02
8.195471420178799917e+02,3.556431999999999789e+02
8.081656000000000404e+02,5.223162999999999556e+02
8.206096648020434259e+02,3.556431999999999789e+02
8.211585896163683174e+02,3.556431999999999789e+02
8.216721875862069737e+02,3.556431999999999789e+02
8.222606617435897078e+02,3.556431999999999789e+02
8.227347103703704079e+02,3.556431999999999789e+02
8.232863526342712248e+02,3.556431999999999789e+02
8.237972331545338420e+02,3.556431999999999789e+02
8.312359599999999773e+02,5.198998000000000275e+02
8.248597559386973899e+02,5.198998000000000275e+02
8.254141156521740186e+02,5.198998000000000275e+02
8.259222787228608240e+02,5.198998000000000275e+02
8.265270993846154397e+02,5.198998000000000275e+02
8.269848015070242582e+02,5.198998000000000275e+02
8.275418786700768123e+02,5.198998000000000275e+02
8.280473242911878060e+02,5.198998000000000275e+02
8.527341999999999871e+02,5.153463000000000420e+02
8.291098470753512402e+02,5.198998000000000275e+02
8.296696416879796061e+02,5.198998000000000275e+02
8.301723698595146743e+02,5.198998000000000275e+02
8.307935370256410579e+02,5.198998000000000275e+02
8.312348926436782222e+02,5.198998000000000275e+02
8.317974047058823999e+02,5.198998000000000275e+02
8.322974154278416563e+02,5.198998000000000275e+02
8.734969999999999573e+02,5.061883500000000140e+02
8.333599382120050905e+02,5.198998000000000275e+02
8.339251677237853073e+02,5.198998000000000275e+02
8.344224609961686383e+02,5.198998000000000275e+02
8.350599746666666761e+02,5.198998000000000275e+02
8.354849837803320725e+02,5.198998000000000275e+02
8.360529307416879874e+02,5.198998000000000275e+02
8.365475065644955066e+02,5.198998000000000275e+02
8.926113000000000284e+02,4.950453999999999724e+02
8.376100293486590544e+02,1.233782960000000060e+02
8.381806937595908948e+02,1.233782960000000060e+02
8.386725521328224886e+02,1.233782960000000060e+02
8.393264123076924079e+02,1.233782960000000060e+02
8.397350749169859228e+02,1.233782960000000060e+02
8.403084567774936886e+02,1.233782960000000060e+02
8.407975977011494706e+02,1.233782960000000060e+02
9.074940000000000282e+02,4.819671599999999785e+02
8.418601204853129047e+02,1.233782960000000060e+02
8.424362197953964824e+02,1.233782960000000060e+02
8.429226432694763389e+02,1.233782960000000060e+02
8.435928499487179124e+02,1.233782960000000060e+02
8.439851660536398867e+02,1.233782960000000060e+02
8.445639828132993898e+02,1.233782960000000060e+02
8.450476888378034346e+02,1.233782960000000060e+02
9.210893600000000561e+02,4.666548000000000229e+02
8.461102116219667550e+02,5.153463000000000420e+02
8.466917458312020699e+02,5.153463000000000420e+02
8.471727344061303029e+02,5.153463000000000420e+02
8.478592875897436443e+02,5.153463000000000420e+02
8.482352571902938507e+02,5.153463000000000420e+02
8.488195088491049773e+02,5.153463000000000420e+02
8.492977799744571712e+02,5.153463000000000420e+02
9.339693999999999505e+02,4.509347000000000207e+02
8.503603027586207190e+02,5.153463000000000420e+02
8.509472718670077711e+02,5.153463000000000420e+02
8.514228255427842669e+02,5.153463000000000420e+02
8.521257252307692625e+02,5.153463000000000420e+02
8.524853483269475873e+02,5.153463000000000420e+02
8.530750348849105649e+02,5.153463000000000420e+02
8.535478711111111352e+02,5.153463000000000420e+02
9.432467699999999695e+02,4.323121300000000247e+02
8.546103938952746830e+02,3.511793200000000184e+02
8.552027979028134723e+02,3.511793200000000184e+02
8.556729166794381172e+02,3.511793200000000184e+02
8.563921628717948806e+02,3.614290799999999990e+02
8.567354394636015513e+02,3.614290799999999990e+02
8.573305609207161524e+02,3.614290799999999990e+02
8.577979622477650992e+02,3.614290799999999990e+02
9.504378000000000384e+02,4.115943599999999947e+02
8.588604850319285333e+02,3.384895000000000209e+02
8.594583239386190598e+02,3.384895000000000209e+02
8.599230078160919675e+02,3.384895000000000209e+02
8.606586005128206125e+02,3.384895000000000209e+02
8.609855306002555153e+02,3.384895000000000209e+02
8.615860869565218536e+02,3.384895000000000209e+02
8.620480533844189495e+02,3.384895000000000209e+02
9.511264999999999645e+02,3.934460399999999822e+02
8.631105761685823836e+02,3.328339799999999968e+02
8.637138499744246474e+02,3.328339799999999968e+02
8.641730989527459315e+02,3.328339799999999968e+02
8.649250381538461170e+02,3.328339799999999968e+02
8.652356217369093656e+02,3.328339799999999968e+02
8.658416129923274411e+02,3.328339799999999968e+02
8.662981445210727998e+02,3.328339799999999968e+02
9.470552400000000262e+02,3.732151000000000067e+02
8.673606673052363476e+02,3.280310000000000059e+02
8.679693760102302349e+02,3.280310000000000059e+02
8.684231900893997818e+02,3.280310000000000059e+02
8.691914757948718488e+02,3.280310000000000059e+02
8.694857128735632159e+02,3.280310000000000059e+02
8.700971390281331423e+02,3.280310000000000059e+02
8.705482356577267637e+02,3.280310000000000059e+02
9.411977000000000544e+02,3.622042200000000207e+02
8.716107584418901979e+02,3.280310000000000059e+02
8.722249020460358224e+02,3.280310000000000059e+02
8.726732812260536321e+02,3.280310000000000059e+02
8.734579134358974670e+02,5.061883500000000140e+02
8.737358040102171799e+02,3.726105999999999767e+02
8.743526650639387299e+02,3.726105999999999767e+02
8.747983267943806140e+02,3.726105999999999767e+02
9.311566000000000258e+02,3.492800300000000107e+02
8.758608495785440482e+02,3.726105999999999767e+02
8.764804280818415236e+02,3.726105999999999767e+02
8.769233723627075960e+02,3.726105999999999767e+02
8.777243510769230852e+02,3.726105999999999767e+02
8.779858951468710302e+02,3.726105999999999767e+02
8.786081910997443174e+02,3.726105999999999767e+02
8.790484179310344643e+02,3.726105999999999767e+02
9.172382000000000062e+02,3.362654999999999745e+02
8.801109407151980122e+02,3.250686000000000035e+02
8.807359541176472248e+02,3.250686000000000035e+02
8.811734634993614463e+02,3.250686000000000035e+02
8.819907887179488171e+02,3.250686000000000035e+02
8.822359862835248805e+02,3.250686000000000035e+02
8.828637171355499049e+02,3.250686000000000035e+02
8.832985090676884283e+02,3.250686000000000035e+02
9.011636399999999867e+02,3.277247300000000223e+02
8.843610318518518625e+02,3.250686000000000035e+02
8.849914801534528124e+02,3.250686000000000035e+02
8.854235546360152966e+02,3.250686000000000035e+02
8.862572263589743216e+02,3.250686000000000035e+02
8.864860774201788445e+02,3.250686000000000035e+02
8.871192431713556061e+02,3.250686000000000035e+02
8.875486002043423923e+02,3.250686000000000035e+02
8.861648999999999887e+02,3.250686000000000035e+02
8.886111229885057128e+02,4.950453999999999724e+02
8.892470061892583999e+02,4.950453999999999724e+02
8.896736457726692606e+02,4.950453999999999724e+02
8.905236640000000534e+02,4.950453999999999724e+02
8.907361685568328085e+02,4.950453999999999724e+02
8.913747692071613073e+02,4.950453999999999724e+02
8.917986913409961289e+02,4.950453999999999724e+02
8.731910000000000309e+02,3.280310000000000059e+02
8.928612141251596768e+02,4.950453999999999724e+02
8.935025322250639874e+02,4.950453999999999724e+02
8.939237369093232246e+02,4.950453999999999724e+02
8.947901016410256716e+02,4.950453999999999724e+02
8.949862596934865451e+02,4.950453999999999724e+02
8.956302952429668949e+02,4.950453999999999724e+02
8.960487824776500929e+02,4.950453999999999724e+02
8.642099600000000237e+02,3.328339799999999968e+02
8.971113052618136408e+02,3.277247300000000223e+02
8.977580582608696886e+02,3.277247300000000223e+02
8.981738280459770749e+02,3.277247300000000223e+02
8.990565392820512898e+02,3.277247300000000223e+02
8.992363508301405091e+02,3.277247300000000223e+02
8.998858212787724824e+02,3.277247300000000223e+02
9.002988736143040569e+02,3.277247300000000223e+02
8.587773399999999810e+02,3.384895000000000209e+02
9.013613963984674911e+02,3.277247300000000223e+02
9.020135842966752762e+02,3.277247300000000223e+02
9.024239191826309252e+02,3.277247300000000223e+02
9.033229769230770216e+02,3.797622000000000071e+02
9.034864419667944730e+02,3.797622000000000071e+02
9.041413473145780699e+02,3.797622000000000071e+02
9.045489647509579072e+02,3.797622000000000071e+02
8.545007299999999759e+02,3.511793200000000184e+02
9.056114875351213414e+02,4.819671599999999785e+02
9.062691103324809774e+02,4.819671599999999785e+02
9.066740103192848892e+02,4.819671599999999785e+02
9.075894145641026398e+02,4.819671599999999785e+02
9.077365331034483233e+02,4.819671599999999785e+02
9.083968733503837711e+02,4.819671599999999785e+02
9.087990558876117575e+02,4.819671599999999785e+02
8.574008999999999787e+02,3.614290799999999990e+02
9.098615786717753053e+02,4.819671599999999785e+02
9.105246363682865649e+02,4.819671599999999785e+02
9.109241014559387395e+02,4.819671599999999785e+02
9.118558522051282580e+02,4.819671599999999785e+02
9.119866242401021736e+02,4.819671599999999785e+02
9.126523993861893587e+02,4.819671599999999785e+02
9.130491470242657215e+02,4.819671599999999785e+02
8.739277299999999968e+02,3.726105999999999767e+02
9.141116698084291556e+02,3.362654999999999745e+02
9.147801624040921524e+02,3.362654999999999745e+02
9.151741925925925898e+02,3.362654999999999745e+02
9.161222898461538762e+02,3.362654999999999745e+02
9.162367153767561376e+02,3.362654999999999745e+02
9.169079254219949462e+02,3.362654999999999745e+02
9.172992381609195718e+02,3.362654999999999745e+02
9.042038999999999760e+02,3.797622000000000071e+02
9.183617609450830059e+02,4.666548000000000229e+02
9.190356884398978536e+02,4.666548000000000229e+02
9.194242837292465538e+02,4.666548000000000229e+02
9.203887274871794943e+02,4.666548000000000229e+02
9.204868065134099879e+02,4.666548000000000229e+02
9.211634514578006474e+02,4.666548000000000229e+02
9.215493292975734221e+02,4.666548000000000229e+02
9.410174600000000282e+02,3.795366200000000276e+02
9.226118520817369699e+02,4.666548000000000229e+02
9.232912144757034412e+02,4.666548000000000229e+02
9.236743748659004041e+02,4.666548000000000229e+02
9.246551651282051125e+02,4.666548000000000229e+02
9.247368976500639519e+02,4.666548000000000229e+02
9.254189774936062349e+02,4.666548000000000229e+02
9.257994204342273861e+02,4.666548000000000229e+02
9.652228999999999814e+02,3.776967799999999897e+02
9.268619432183908202e+02,3.492800300000000107e+02
9.275467405115090287e+02,3.492800300000000107e+02
9.279244660025543681e+02,3.492800300000000107e+02
9.289216027692308444e+02,3.492800300000000107e+02
9.289869887867178022e+02,3.492800300000000107e+02
9.296745035294118225e+02,3.492800300000000107e+02
9.300495115708812364e+02,3.492800300000000107e+02
9.868916000000000395e+02,3.766016799999999876e+02
9.311120343550447842e+02,3.492800300000000107e+02
9.318022665473147299e+02,3.492800300000000107e+02
9.321745571392082184e+02,3.492800300000000107e+02
9.331880404102564626e+02,4.509347000000000207e+02
9.332370799233716525e+02,4.509347000000000207e+02
9.339300295652175237e+02,4.509347000000000207e+02
9.342996027075352004e+02,4.509347000000000207e+02
1.001835450000000037e+03,3.783276399999999740e+02
9.353621254916986345e+02,4.509347000000000207e+02
9.360577925831203174e+02,4.509347000000000207e+02
9.364246482758620687e+02,4.509347000000000207e+02
9.374544780512820807e+02,4.509347000000000207e+02
9.374871710600256165e+02,4.509347000000000207e+02
9.381855556010231112e+02,4.509347000000000207e+02
9.385496938441890507e+02,4.509347000000000207e+02
1.010327999999999975e+03,3.820236800000000130e+02
9.396122166283524848e+02,3.795366200000000276e+02
9.403133186189259050e+02,3.795366200000000276e+02
9.406747394125160326e+02,3.795366200000000276e+02
9.417209156923076989e+02,3.622042200000000207e+02
9.417372621966794668e+02,3.622042200000000207e+02
9.424410816368288124e+02,3.622042200000000207e+02
9.427997849808429009e+02,3.622042200000000207e+02
1.015999500000000012e+03,3.876395299999999793e+02
9.438623077650064488e+02,4.323121300000000247e+02
9.445688446547316062e+02,4.323121300000000247e+02
9.449248305491698829e+02,4.323121300000000247e+02
9.459873533333333171e+02,3.732151000000000067e+02
9.459873533333333171e+02,3.732151000000000067e+02
9.466966076726343999e+02,3.732151000000000067e+02
9.470498761174968649e+02,3.732151000000000067e+02
1.020482060000000047e+03,4.012968799999999874e+02
9.481123989016602991e+02,4.115943599999999947e+02
9.488243706905371937e+02,4.115943599999999947e+02
9.491749216858238469e+02,4.115943599999999947e+02
9.502537909743590490e+02,4.115943599999999947e+02
9.502374444699872811e+02,4.115943599999999947e+02
9.509521337084399875e+02,3.934460399999999822e+02
9.512999672541507152e+02,3.934460399999999822e+02
1.014046000000000049e+03,4.258308000000000106e+02
9.523624900383142631e+02,5.283398399999999810e+02
9.530798967263427812e+02,5.283398399999999810e+02
9.534250128224776972e+02,5.283398399999999810e+02
9.545202286153846671e+02,5.383314000000000306e+02
9.544875356066411314e+02,5.383314000000000306e+02
9.552076597442456887e+02,5.383314000000000306e+02
9.555500583908046792e+02,5.383314000000000306e+02
1.002934799999999996e+03,4.435472399999999880e+02
9.566125811749681134e+02,5.097414600000000178e+02
9.573354227621484824e+02,5.097414600000000178e+02
9.576751039591315475e+02,5.097414600000000178e+02
9.587866662564102853e+02,5.097414600000000178e+02
9.587376267432950954e+02,5.097414600000000178e+02
9.594631857800512762e+02,5.097414600000000178e+02
9.598001495274585295e+02,5.097414600000000178e+02
9.867469499999999698e+02,4.680375999999999976e+02
9.608626723116219637e+02,5.097414600000000178e+02
9.615909487979540700e+02,5.097414600000000178e+02
9.619251950957855115e+02,5.097414600000000178e+02
9.630531038974359035e+02,5.447383999999999560e+02
9.629877178799489457e+02,5.447383999999999560e+02
9.637187118158568637e+02,5.447383999999999560e+02
9.640502406641123798e+02,5.447383999999999560e+02
9.732001999999999953e+02,4.893144500000000221e+02
9.651127634482759277e+02,3.776967799999999897e+02
9.658464748337596575e+02,3.776967799999999897e+02
9.661752862324393618e+02,3.776967799999999897e+02
9.673195415384615217e+02,3.776967799999999897e+02
9.672378090166027960e+02,3.776967799999999897e+02
9.679742378516625649e+02,3.776967799999999897e+02
9.683003318007663438e+02,3.776967799999999897e+02
9.607415999999999485e+02,5.097414600000000178e+02
9.693628545849297780e+02,4.893144500000000221e+02
9.701020008695653587e+02,4.893144500000000221e+02
9.704253773690933258e+02,4.893144500000000221e+02
9.715859791794872535e+02,4.893144500000000221e+02
9.714879001532567599e+02,4.893144500000000221e+02
9.722297638874681525e+02,4.893144500000000221e+02
9.725504229374201941e+02,4.893144500000000221e+02
9.533525399999999763e+02,5.283398399999999810e+02
9.736129457215837419e+02,4.893144500000000221e+02
9.743575269053709462e+02,4.893144500000000221e+02
9.746754685057471761e+02,4.893144500000000221e+02
9.758524168205128717e+02,4.893144500000000221e+02
9.757379912899106102e+02,4.893144500000000221e+02
9.764852899232737400e+02,4.893144500000000221e+02
9.768005140740741581e+02,4.893144500000000221e+02
9.548013999999999442e+02,5.383314000000000306e+02
9.778630368582375922e+02,5.480111000000000558e+02
9.786130529411766474e+02,5.480111000000000558e+02
9.789255596424010264e+02,5.480111000000000558e+02
9.801188544615384899e+02,5.480111000000000558e+02
9.799880824265645742e+02,5.480111000000000558e+02
9.807408159590794412e+02,5.480111000000000558e+02
9.810506052107280084e+02,5.480111000000000558e+02
9.625184299999999666e+02,5.447383999999999560e+02
9.821131279948914425e+02,5.480111000000000558e+02
9.828685789769822350e+02,5.480111000000000558e+02
9.831756507790549904e+02,5.480111000000000558e+02
9.843852921025641081e+02,5.480111000000000558e+02
9.842381735632184245e+02,5.480111000000000558e+02
9.849963419948850287e+02,5.480111000000000558e+02
9.853006963473818587e+02,5.480111000000000558e+02
9.860267300000000432e+02,5.480111000000000558e+02
9.863632191315454065e+02,5.480111000000000558e+02
9.871241050127878225e+02,3.766016799999999876e+02
9.874257419157088407e+02,3.766016799999999876e+02
9.886517297435897262e+02,3.766016799999999876e+02
9.884882646998722748e+02,3.766016799999999876e+02
9.892518680306906163e+02,3.766016799999999876e+02
9.895507874840358227e+02,3.766016799999999876e+02
1.011497700000000009e+03,5.417155999999999949e+02
9.906133102681992568e+02,3.766016799999999876e+02
9.913796310485935237e+02,3.766016799999999876e+02
9.916758330523628047e+02,3.766016799999999876e+02
9.929181673846154581e+02,3.766016799999999876e+02
9.927383558365262388e+02,3.766016799999999876e+02
9.935073940664963175e+02,3.766016799999999876e+02
9.938008786206896730e+02,3.766016799999999876e+02
1.034723899999999958e+03,5.278027299999999968e+02
9.948634014048532208e+02,3.783276399999999740e+02
9.956351570843991112e+02,3.783276399999999740e+02
9.959259241890166550e+02,3.783276399999999740e+02
9.971846050256410763e+02,3.783276399999999740e+02
9.969884469731800891e+02,3.783276399999999740e+02
9.977629201023019050e+02,3.783276399999999740e+02
9.980509697573436370e+02,3.783276399999999740e+02
1.057411900000000060e+03,5.109627699999999777e+02
9.991134925415070711e+02,3.783276399999999740e+02
9.998906831202046988e+02,3.783276399999999740e+02
1.000176015325670505e+03,3.783276399999999740e+02
1.001451042666666694e+03,3.783276399999999740e+02
1.001238538109834053e+03,3.783276399999999740e+02
1.002018446138107493e+03,3.783276399999999740e+02
1.002301060893997487e+03,3.783276399999999740e+02
1.070603900000000067e+03,4.944057599999999866e+02
1.003363583678160921e+03,4.435472399999999880e+02
1.004146209156010400e+03,4.435472399999999880e+02
1.004426106462324469e+03,4.435472399999999880e+02
1.005717480307692313e+03,4.435472399999999880e+02
1.005488629246487903e+03,4.435472399999999880e+02
1.006273972173913194e+03,4.435472399999999880e+02
1.006551152030651338e+03,4.435472399999999880e+02
1.081210100000000011e+03,4.768528999999999769e+02
1.007613674814814885e+03,3.820236800000000130e+02
1.008401735191815987e+03,3.820236800000000130e+02
1.008676197598978320e+03,3.820236800000000130e+02
1.009983917948717931e+03,3.820236800000000130e+02
1.009738720383141754e+03,3.820236800000000130e+02
1.010529498209718781e+03,3.820236800000000130e+02
1.010801243167305302e+03,3.820236800000000130e+02
1.090179000000000087e+03,4.549660600000000272e+02
1.011863765951468736e+03,5.417155999999999949e+02
1.012657261227621575e+03,5.417155999999999949e+02
1.012926288735632284e+03,5.417155999999999949e+02
1.014250355589743663e+03,4.258308000000000106e+02
1.013988811519795718e+03,4.258308000000000106e+02
1.014785024245524482e+03,4.258308000000000106e+02
1.015051334303959152e+03,4.258308000000000106e+02
1.093623199999999997e+03,4.387874800000000164e+02
1.016113857088122700e+03,3.876395299999999793e+02
1.016912787263427276e+03,3.876395299999999793e+02
1.017176379872286134e+03,3.876395299999999793e+02
1.018516793230769281e+03,4.012968799999999874e+02
1.018238902656449568e+03,4.012968799999999874e+02
1.019040550281330070e+03,4.012968799999999874e+02
1.019301425440613116e+03,4.012968799999999874e+02
1.095121300000000019e+03,4.268505999999999858e+02
1.020363948224776550e+03,4.012968799999999874e+02
1.021168313299232864e+03,4.012968799999999874e+02
1.021426471008939984e+03,4.012968799999999874e+02
1.022783230871794899e+03,4.012968799999999874e+02
1.022488993793103532e+03,4.012968799999999874e+02
1.023296076317135658e+03,4.012968799999999874e+02
1.023551516577266966e+03,4.012968799999999874e+02
1.094322499999999991e+03,4.189011199999999917e+02
1.024614039361430514e+03,4.012968799999999874e+02
1.025423839335038338e+03,4.012968799999999874e+02
1.025676562145593834e+03,4.012968799999999874e+02
1.027049668512820517e+03,4.012968799999999874e+02
1.026739084929757382e+03,4.012968799999999874e+02
1.027551602352941245e+03,4.012968799999999874e+02
1.027801607713920930e+03,4.012968799999999874e+02
1.092394900000000007e+03,4.135149000000000115e+02
1.028864130498084251e+03,5.278027299999999968e+02
1.029679365370844152e+03,5.278027299999999968e+02
1.029926653282247798e+03,5.278027299999999968e+02
1.031316106153846249e+03,5.278027299999999968e+02
1.030989176066411346e+03,5.278027299999999968e+02
1.031807128388747060e+03,5.278027299999999968e+02
1.032051698850574667e+03,5.278027299999999968e+02
1.089621799999999894e+03,4.099194299999999771e+02
1.033114221634738215e+03,5.278027299999999968e+02
1.033934891406649740e+03,5.278027299999999968e+02
1.034176744418901762e+03,5.278027299999999968e+02
1.035582543794871981e+03,5.278027299999999968e+02
1.035239267203065083e+03,5.278027299999999968e+02
1.036062654424552420e+03,5.278027299999999968e+02
1.036301789987228631e+03,5.278027299999999968e+02
1.084948599999999942e+03,4.078144500000000221e+02
1.037364312771392179e+03,4.910652000000000044e+02
1.038190417442455328e+03,4.910652000000000044e+02
1.038426835555555499e+03,4.910652000000000044e+02
1.039848981435897485e+03,4.763028600000000097e+02
1.039489358339719047e+03,5.041105999999999767e+02
1.040318180460358235e+03,4.763028600000000097e+02
1.040551881123882595e+03,4.763028600000000097e+02
1.077689000000000078e+03,4.085721399999999903e+02
1.041614403908045915e+03,5.159193000000000211e+02
1.042445943478261142e+03,5.159193000000000211e+02
1.042676926692209463e+03,5.159193000000000211e+02
1.044115419076922990e+03,4.595681000000000154e+02
1.043739449476373011e+03,4.595681000000000154e+02
1.044573706496163823e+03,4.595681000000000154e+02
1.044801972260536331e+03,4.595681000000000154e+02
1.069347800000000007e+03,4.132182599999999866e+02
1.045864495044699879e+03,5.250741000000000440e+02
1.046701469514066503e+03,5.250741000000000440e+02
1.046927017828863427e+03,5.250741000000000440e+02
1.048381856717948722e+03,5.250741000000000440e+02
1.047989540613026747e+03,5.250741000000000440e+02
1.048829232531969410e+03,5.250741000000000440e+02
1.049052063397190295e+03,5.250741000000000440e+02
1.061598400000000083e+03,4.225930200000000241e+02
1.050114586181353843e+03,4.424642299999999864e+02
1.050956995549872317e+03,4.424642299999999864e+02
1.051177108965517164e+03,4.424642299999999864e+02
1.052648294358974454e+03,5.321345000000000027e+02
1.052239631749680711e+03,5.321345000000000027e+02
1.053084758567775225e+03,5.321345000000000027e+02
1.053302154533844259e+03,5.321345000000000027e+02
1.050692399999999907e+03,4.424642299999999864e+02
1.054364677318007580e+03,5.109627699999999777e+02
1.055212521585677905e+03,5.109627699999999777e+02
1.055427200102171355e+03,5.109627699999999777e+02
1.056914732000000186e+03,5.109627699999999777e+02
1.056489722886334675e+03,5.109627699999999777e+02
1.057340284603580585e+03,5.109627699999999777e+02
1.057552245670497996e+03,5.109627699999999777e+02
1.043324699999999893e+03,4.595681000000000154e+02
1.058614768454661771e+03,5.404773999999999887e+02
1.059468047621483493e+03,5.404773999999999887e+02
1.059677291238825092e+03,5.404773999999999887e+02
1.061181169641025690e+03,4.225930200000000241e+02
1.060739814022988412e+03,4.225930200000000241e+02
1.061595810639386400e+03,4.225930200000000241e+02
1.061802336807152187e+03,4.225930200000000241e+02
1.039782500000000027e+03,4.763028600000000097e+02
1.062864859591315508e+03,5.470273399999999810e+02
1.063723573657289307e+03,5.470273399999999810e+02
1.063927382375478828e+03,5.470273399999999810e+02
1.065447607282051194e+03,5.470273399999999810e+02
1.064989905159642603e+03,5.470273399999999810e+02
1.065851336675191988e+03,5.470273399999999810e+02
1.066052427943805924e+03,5.470273399999999810e+02
1.038639799999999923e+03,4.910652000000000044e+02
1.067114950727969244e+03,5.470273399999999810e+02
1.067979099693094668e+03,5.470273399999999810e+02
1.068177473512133020e+03,5.470273399999999810e+02
1.069714044923076926e+03,4.132182599999999866e+02
1.069239996296296340e+03,4.132182599999999866e+02
1.070106862710997575e+03,4.132182599999999866e+02
1.070302519080459660e+03,4.132182599999999866e+02
1.039390100000000075e+03,5.041105999999999767e+02
1.071365041864623436e+03,4.944057599999999866e+02
1.072234625728900482e+03,4.944057599999999866e+02
1.072427564648786756e+03,4.944057599999999866e+02
1.073980482564102658e+03,4.944057599999999866e+02
1.073490087432950077e+03,4.944057599999999866e+02
1.074362388746803163e+03,4.944057599999999866e+02
1.074552610217113852e+03,4.944057599999999866e+02
1.042405299999999897e+03,5.159193000000000211e+02
1.075615133001277172e+03,4.085721399999999903e+02
1.076490151764706070e+03,4.085721399999999903e+02
1.076677655785440493e+03,4.085721399999999903e+02
1.078246920205128390e+03,4.085721399999999903e+02
1.077740178569604268e+03,4.085721399999999903e+02
1.078617914782608750e+03,4.085721399999999903e+02
1.078802701353767588e+03,4.085721399999999903e+02
1.046189200000000028e+03,5.250741000000000440e+02
1.079865224137931136e+03,5.517826000000000022e+02
1.080745677800511658e+03,5.517826000000000022e+02
1.080927746922094684e+03,5.517826000000000022e+02
1.082513357846153895e+03,4.768528999999999769e+02
1.081990269706258005e+03,4.768528999999999769e+02
1.082873440818414565e+03,4.768528999999999769e+02
1.083052792490421552e+03,4.768528999999999769e+02
1.051423500000000104e+03,5.321345000000000027e+02
1.084115315274585100e+03,4.078144500000000221e+02
1.085001203836317245e+03,4.078144500000000221e+02
1.085177838058748421e+03,4.078144500000000221e+02
1.086779795487179399e+03,4.078144500000000221e+02
1.086240360842911969e+03,4.078144500000000221e+02
1.087128966854219925e+03,4.078144500000000221e+02
1.087302883627075516e+03,4.078144500000000221e+02
1.060002899999999954e+03,5.404773999999999887e+02
1.088365406411238837e+03,4.099194299999999771e+02
1.089256729872122833e+03,4.099194299999999771e+02
1.089427929195402385e+03,4.099194299999999771e+02
1.091046233128205131e+03,4.549660600000000272e+02
1.090490451979565933e+03,4.549660600000000272e+02
1.091384492890025740e+03,4.549660600000000272e+02
1.091552974763729253e+03,4.549660600000000272e+02
1.068918499999999995e+03,5.470273399999999810e+02
1.092615497547892801e+03,4.135149000000000115e+02
1.093512255907928648e+03,4.387874800000000164e+02
1.093678020332056349e+03,4.387874800000000164e+02
1.095312670769230863e+03,4.268505999999999858e+02
1.094740543116219669e+03,5.515298999999999978e+02
1.095640018925831328e+03,4.268505999999999858e+02
1.095803065900383217e+03,4.268505999999999858e+02
1.080618199999999888e+03,5.517826000000000022e+02
1.096865588684546765e+03,4.268505999999999858e+02
1.097767781943734008e+03,4.268505999999999858e+02
1.097928111468710085e+03,4.268505999999999858e+02
1.099579108410256595e+03,4.268505999999999858e+02
1.098990634252873633e+03,4.268505999999999858e+02
1.099895544961636915e+03,4.268505999999999858e+02
1.100053157037037181e+03,4.268505999999999858e+02
1.095084700000000112e+03,5.515298999999999978e+02
1.101115679821200501e+03,4.268505999999999858e+02
1.102023307979539823e+03,4.268505999999999858e+02
1.102178202605364049e+03,4.268505999999999858e+02
1.103845546051282099e+03,4.268505999999999858e+02
1.103240725389527597e+03,4.268505999999999858e+02
1.104151070997442730e+03,4.268505999999999858e+02
1.104303248173690918e+03,4.268505999999999858e+02
1.114294699999999921e+03,5.447151000000000067e+02
1.105365770957854465e+03,5.447151000000000067e+02
1.106278834015345410e+03,5.447151000000000067e+02
1.106428293742018013e+03,5.447151000000000067e+02
1.108111983692307604e+03,5.447151000000000067e+02
1.107490816526181334e+03,5.447151000000000067e+02
1.108406597033248090e+03,5.447151000000000067e+02
1.108553339310344882e+03,5.447151000000000067e+02
1.133782999999999902e+03,5.296725000000000136e+02
1.109615862094508429e+03,5.447151000000000067e+02
1.110534360051150998e+03,5.447151000000000067e+02
1.110678384878671750e+03,5.447151000000000067e+02
1.112378421333333335e+03,5.447151000000000067e+02
1.111740907662835298e+03,5.447151000000000067e+02
1.112662123069053905e+03,5.447151000000000067e+02
1.112803430446998846e+03,5.447151000000000067e+02
1.153360100000000102e+03,5.122809999999999491e+02
1.113865953231162166e+03,5.447151000000000067e+02
1.114789886086956813e+03,5.447151000000000067e+02
1.114928476015325714e+03,5.447151000000000067e+02
1.116644858974359067e+03,5.447151000000000067e+02
1.115990998799489262e+03,5.447151000000000067e+02
1.116917649104859493e+03,5.447151000000000067e+02
1.117053521583652582e+03,5.447151000000000067e+02
1.170761799999999994e+03,4.926028999999999769e+02
1.118116044367816130e+03,5.447151000000000067e+02
1.119045412122762173e+03,5.447151000000000067e+02
1.119178567151979678e+03,5.447151000000000067e+02
1.120911296615384799e+03,5.447151000000000067e+02
1.120241089936142998e+03,5.447151000000000067e+02
1.121173175140665080e+03,5.447151000000000067e+02
1.121303612720306546e+03,5.447151000000000067e+02
1.180563799999999901e+03,4.766821299999999724e+02
1.122366135504470094e+03,5.296725000000000136e+02
1.123300938158567988e+03,5.296725000000000136e+02
1.123428658288633414e+03,5.296725000000000136e+02
1.125177734256410304e+03,5.296725000000000136e+02
1.124491181072796962e+03,5.296725000000000136e+02
1.125428701176470895e+03,5.296725000000000136e+02
1.125553703856960510e+03,5.296725000000000136e+02
1.190716599999999971e+03,4.555167200000000207e+02
1.126616226641123831e+03,5.296725000000000136e+02
1.127556464194373575e+03,5.296725000000000136e+02
1.127678749425287378e+03,5.296725000000000136e+02
1.129444171897435808e+03,5.296725000000000136e+02
1.128741272209450926e+03,5.296725000000000136e+02
1.129684227212276255e+03,5.296725000000000136e+02
1.129803794993614247e+03,5.296725000000000136e+02
1.194397600000000011e+03,4.422746599999999830e+02
1.130866317777777795e+03,5.296725000000000136e+02
1.131811990230179163e+03,5.296725000000000136e+02
1.131928840561941342e+03,5.296725000000000136e+02
1.133710609538461540e+03,5.296725000000000136e+02
1.132991363346104663e+03,5.296725000000000136e+02
1.133939753248082070e+03,5.296725000000000136e+02
1.134053886130268211e+03,5.296725000000000136e+02
1.194588999999999942e+03,4.337468299999999886e+02
1.135116408914431759e+03,5.711839599999999564e+02
1.136067516265984978e+03,5.711839599999999564e+02
1.136178931698595079e+03,5.711839599999999564e+02
1.137977047179487272e+03,5.711839599999999564e+02
1.137241454482758627e+03,5.711839599999999564e+02
1.138195279283887658e+03,5.711839599999999564e+02
1.138303977266922175e+03,5.711839599999999564e+02
1.192789099999999962e+03,4.277783200000000079e+02
1.139366500051085495e+03,5.711839599999999564e+02
1.140323042301790338e+03,5.711839599999999564e+02
1.140429022835249043e+03,5.711839599999999564e+02
1.142243484820513004e+03,5.711839599999999564e+02
1.141491545619412591e+03,5.711839599999999564e+02
1.142450805319693245e+03,5.711839599999999564e+02
1.142554068403575911e+03,5.711839599999999564e+02
1.190274400000000014e+03,4.247988300000000095e+02
1.143616591187739687e+03,5.122809999999999491e+02
1.144578568337596153e+03,5.122809999999999491e+02
1.144679113971903007e+03,5.122809999999999491e+02
1.146509922461538508e+03,5.122809999999999491e+02
1.145741636756066328e+03,5.122809999999999491e+02
1.146706331355498833e+03,5.122809999999999491e+02
1.146804159540230103e+03,5.122809999999999491e+02
1.186541099999999915e+03,4.227816199999999753e+02
1.147866682324393423e+03,5.122809999999999491e+02
1.148834094373401740e+03,5.122809999999999491e+02
1.148929205108556744e+03,5.122809999999999491e+02
1.150776360102564013e+03,5.122809999999999491e+02
1.149991727892720519e+03,5.122809999999999491e+02
1.150961857391304420e+03,5.122809999999999491e+02
1.151054250676883839e+03,5.122809999999999491e+02
1.182990000000000009e+03,4.228039600000000178e+02
1.152116773461047160e+03,5.122809999999999491e+02
1.153089620409207328e+03,5.122809999999999491e+02
1.153179296245210935e+03,5.122809999999999491e+02
1.155042797743589745e+03,5.122809999999999491e+02
1.154241819029374255e+03,5.122809999999999491e+02
1.155217383427110235e+03,5.122809999999999491e+02
1.155304341813537576e+03,5.122809999999999491e+02
1.180334200000000010e+03,4.278608399999999961e+02
1.156366864597701351e+03,5.791803999999999633e+02
1.157345146445012915e+03,5.791803999999999633e+02
1.157429387381864672e+03,5.791803999999999633e+02
1.159309235384615477e+03,5.791803999999999633e+02
1.158491910166027992e+03,5.791803999999999633e+02
1.159472909462915595e+03,5.791803999999999633e+02
1.159554432950191767e+03,5.791803999999999633e+02
1.180728599999999915e+03,4.353152999999999793e+02
1.160616955734355088e+03,5.791803999999999633e+02
1.161600672480818503e+03,5.791803999999999633e+02
1.161679478518518408e+03,5.791803999999999633e+02
1.163575673025641208e+03,5.791803999999999633e+02
1.162742001302682183e+03,5.791803999999999633e+02
1.163728435498721410e+03,5.791803999999999633e+02
1.163804524086845504e+03,5.791803999999999633e+02
1.185270299999999907e+03,4.457520799999999781e+02
1.164867046871009052e+03,4.926028999999999769e+02
1.165856198516624318e+03,4.926028999999999769e+02
1.165929569655172600e+03,4.926028999999999769e+02
1.167842110666666713e+03,4.926028999999999769e+02
1.166992092439335920e+03,4.926028999999999769e+02
1.167983961534526998e+03,4.926028999999999769e+02
1.168054615223499468e+03,4.926028999999999769e+02
1.191731299999999919e+03,4.553465600000000109e+02
1.169117138007663016e+03,4.926028999999999769e+02
1.170111724552429678e+03,4.926028999999999769e+02
1.170179660791826336e+03,4.926028999999999769e+02
1.172108548307692217e+03,4.926028999999999769e+02
1.171242183575989884e+03,4.926028999999999769e+02
1.172239487570332585e+03,4.926028999999999769e+02
1.172304706360153432e+03,4.926028999999999769e+02
1.202030999999999949e+03,4.697959000000000174e+02
1.173367229144316752e+03,5.786728500000000395e+02
1.174367250588235493e+03,5.786728500000000395e+02
1.174429751928480300e+03,5.786728500000000395e+02
1.176374985948717949e+03,5.786728500000000395e+02
1.175492274712643848e+03,5.786728500000000395e+02
1.176495013606138400e+03,5.786728500000000395e+02
1.176554797496807168e+03,5.786728500000000395e+02
1.209253799999999956e+03,4.826349999999999909e+02
1.177617320280970716e+03,4.278608399999999961e+02
1.178622776624041080e+03,4.278608399999999961e+02
1.178679843065134264e+03,4.278608399999999961e+02
1.180641423589743681e+03,4.766821299999999724e+02
1.179742365849297585e+03,4.278608399999999961e+02
1.180750539641943760e+03,4.353152999999999793e+02
1.180804888633461132e+03,4.353152999999999793e+02
1.219969100000000026e+03,5.049395799999999781e+02
1.181867411417624680e+03,4.228039600000000178e+02
1.182878302659846668e+03,4.228039600000000178e+02
1.182929934201788001e+03,4.228039600000000178e+02
1.184907861230769413e+03,4.457520799999999781e+02
1.183992456985951549e+03,4.457520799999999781e+02
1.185006065677749575e+03,4.457520799999999781e+02
1.185054979770115096e+03,4.457520799999999781e+02
1.223305800000000090e+03,5.210148000000000366e+02
1.186117502554278417e+03,4.227816199999999753e+02
1.187133828695652483e+03,4.227816199999999753e+02
1.187180025338441965e+03,4.227816199999999753e+02
1.189174298871794917e+03,4.247988300000000095e+02
1.188242548122605513e+03,4.247988300000000095e+02
1.189261591713555163e+03,4.247988300000000095e+02
1.189305070906768833e+03,4.247988300000000095e+02
1.222766599999999926e+03,5.384269000000000460e+02
1.190367593690932381e+03,4.247988300000000095e+02
1.191389354731457843e+03,5.743368000000000393e+02
1.191430116475095929e+03,5.743368000000000393e+02
1.193440736512820422e+03,4.277783200000000079e+02
1.192492639259259249e+03,4.277783200000000079e+02
1.193517117749360750e+03,4.277783200000000079e+02
1.193555162043422797e+03,4.277783200000000079e+02
1.218829600000000028e+03,5.502184999999999491e+02
1.194617684827586345e+03,4.337468299999999886e+02
1.195644880767263658e+03,4.337468299999999886e+02
1.195680207611749665e+03,4.337468299999999886e+02
1.197707174153846154e+03,4.337468299999999886e+02
1.196742730395913213e+03,4.337468299999999886e+02
1.197772643785166565e+03,4.337468299999999886e+02
1.197805253180076761e+03,4.337468299999999886e+02
1.213117899999999963e+03,5.586983599999999797e+02
1.198867775964240082e+03,4.697959000000000174e+02
1.199900406803069245e+03,4.697959000000000174e+02
1.199930298748403629e+03,4.697959000000000174e+02
1.201973611794871886e+03,4.697959000000000174e+02
1.200992821532567177e+03,4.697959000000000174e+02
1.202028169820971925e+03,4.697959000000000174e+02
1.202055344316730498e+03,4.697959000000000174e+02
1.204443600000000060e+03,5.668677999999999884e+02
1.203117867100894046e+03,5.668677999999999884e+02
1.204155932838874833e+03,5.668677999999999884e+02
1.204180389885057593e+03,5.668677999999999884e+02
1.206240049435897618e+03,5.668677999999999884e+02
1.205242912669220914e+03,5.668677999999999884e+02
1.206283695856777740e+03,5.668677999999999884e+02
1.206305435453384462e+03,5.668677999999999884e+02
1.191630200000000059e+03,5.743368000000000393e+02
1.207367958237548009e+03,4.826349999999999909e+02
1.208411458874680648e+03,4.826349999999999909e+02
1.208430481021711330e+03,4.826349999999999909e+02
1.210506487076923122e+03,4.826349999999999909e+02
1.209493003805874878e+03,4.826349999999999909e+02
1.210539221892583328e+03,4.826349999999999909e+02
1.210555526590038426e+03,4.826349999999999909e+02
1.175987499999999955e+03,5.786728500000000395e+02
1.211618049374201746e+03,5.586983599999999797e+02
1.212666984910486008e+03,5.586983599999999797e+02
1.212680572158365294e+03,5.586983599999999797e+02
1.214772924717948626e+03,5.586983599999999797e+02
1.213743094942528842e+03,5.586983599999999797e+02
1.214794747928388915e+03,5.586983599999999797e+02
1.214805617726692162e+03,5.586983599999999797e+02
1.158083300000000008e+03,5.791803999999999633e+02
1.215868140510855710e+03,5.502184999999999491e+02
1.216922510946291823e+03,5.502184999999999491e+02
1.216930663295019258e+03,5.502184999999999491e+02
1.219039362358974358e+03,5.502184999999999491e+02
1.217993186079182578e+03,5.502184999999999491e+02
1.219050273964194503e+03,5.502184999999999491e+02
1.219055708863346126e+03,5.502184999999999491e+02
1.139606800000000021e+03,5.711839599999999564e+02
1.220118231647509674e+03,5.049395799999999781e+02
1.221178036982097410e+03,5.049395799999999781e+02
1.221180754431672995e+03,5.049395799999999781e+02
1.223305800000000090e+03,5.210148000000000366e+02
1.222243277215836542e+03,5.384269000000000460e+02
1.223305800000000090e+03,5.210148000000000366e+02
1.223305800000000090e+03,5.210148000000000366e+02
1.139606800000000021e+03,5.711839599999999564e+02
