3.563618500000000040e+02,2.273331300000000113e+02
3.563618500000000040e+02,2.273331300000000113e+02
3.577317711258278337e+02,2.273331300000000113e+02
3.563618500000000040e+02,2.273331300000000113e+02
3.591016922516556065e+02,2.273331300000000113e+02
3.591053259946949652e+02,2.273331300000000113e+02
3.604716133774834361e+02,2.273331300000000113e+02
3.563618500000000040e+02,2.273331300000000113e+02
3.618415345033112658e+02,2.511361100000000022e+02
3.618488019893899263e+02,2.511361100000000022e+02
3.632114556291390954e+02,2.511361100000000022e+02
3.563618500000000040e+02,2.273331300000000113e+02
3.645813767549668682e+02,2.511361100000000022e+02
3.645922779840848875e+02,2.511361100000000022e+02
3.659512978807946979e+02,2.511361100000000022e+02
3.563618500000000040e+02,2.273331300000000113e+02
3.673212190066225276e+02,2.511361100000000022e+02
3.673357539787798487e+02,2.511361100000000022e+02
3.686911401324503572e+02,2.511361100000000022e+02
3.563618500000000040e+02,2.273331300000000113e+02
3.700610612582781300e+02,2.699868200000000229e+02
3.700792299734748099e+02,2.699868200000000229e+02
3.714309823841059597e+02,2.699868200000000229e+02
3.563618500000000040e+02,2.273331300000000113e+02
3.728009035099337893e+02,2.699868200000000229e+02
3.728227059681697710e+02,2.699868200000000229e+02
3.741708246357616190e+02,2.699868200000000229e+02
3.563618500000000040e+02,2.273331300000000113e+02
3.755407457615893918e+02,2.876048599999999738e+02
3.755661819628647322e+02,2.876048599999999738e+02
3.769106668874172215e+02,2.876048599999999738e+02
3.563618500000000040e+02,2.273331300000000113e+02
3.782805880132450511e+02,2.876048599999999738e+02
3.783096579575596934e+02,2.876048599999999738e+02
3.796505091390728239e+02,2.876048599999999738e+02
3.662305000000000064e+02,2.511361100000000022e+02
3.810204302649006536e+02,3.112017799999999852e+02
3.810531339522546546e+02,3.112017799999999852e+02
3.823903513907284832e+02,3.112017799999999852e+02
3.718583399999999983e+02,2.699868200000000229e+02
3.837602725165563129e+02,3.112017799999999852e+02
3.837966099469496157e+02,3.112017799999999852e+02
3.851301936423840857e+02,3.112017799999999852e+02
3.765708999999999946e+02,2.876048599999999738e+02
3.865001147682119154e+02,3.342096000000000231e+02
3.865400859416445769e+02,3.342096000000000231e+02
3.878700358940397450e+02,3.342096000000000231e+02
3.823118000000000052e+02,3.112017799999999852e+02
3.892399570198675747e+02,3.342096000000000231e+02
3.892835619363395381e+02,3.342096000000000231e+02
3.906098781456953475e+02,3.342096000000000231e+02
3.892375999999999863e+02,3.342096000000000231e+02
3.919797992715231771e+02,3.342096000000000231e+02
3.920270379310344993e+02,3.342096000000000231e+02
3.933497203973510068e+02,3.342096000000000231e+02
3.967930299999999875e+02,3.586338999999999828e+02
3.947196415231787796e+02,3.586338999999999828e+02
3.947705139257294604e+02,3.586338999999999828e+02
3.960895626490066093e+02,3.586338999999999828e+02
4.054225799999999822e+02,3.848027299999999968e+02
3.974594837748344389e+02,3.586338999999999828e+02
3.975139899204244216e+02,3.586338999999999828e+02
3.988294049006622686e+02,3.586338999999999828e+02
4.146419700000000148e+02,4.085658000000000243e+02
4.001993260264900982e+02,3.586338999999999828e+02
4.002574659151193828e+02,3.586338999999999828e+02
4.015692471523178710e+02,3.586338999999999828e+02
4.230596600000000080e+02,4.334288300000000049e+02
4.029391682781457007e+02,3.848027299999999968e+02
4.030009419098143439e+02,3.848027299999999968e+02
4.043090894039735304e+02,3.848027299999999968e+02
4.317454500000000053e+02,4.545543200000000184e+02
4.056790105298013032e+02,3.848027299999999968e+02
4.057444179045093051e+02,3.848027299999999968e+02
4.070489316556291328e+02,3.848027299999999968e+02
4.416428000000000225e+02,4.777949199999999905e+02
4.084188527814569625e+02,3.848027299999999968e+02
4.084878938992042663e+02,3.848027299999999968e+02
4.097887739072847921e+02,3.848027299999999968e+02
4.504051999999999794e+02,4.959201699999999846e+02
4.111586950331125649e+02,4.085658000000000243e+02
4.112313698938992275e+02,4.085658000000000243e+02
4.125286161589403946e+02,4.085658000000000243e+02
4.584694200000000137e+02,5.112003199999999765e+02
4.138985372847682243e+02,4.085658000000000243e+02
4.139748458885941886e+02,4.085658000000000243e+02
4.152684584105960539e+02,4.085658000000000243e+02
4.625516999999999825e+02,5.182724600000000237e+02
4.166383795364238267e+02,4.085658000000000243e+02
4.167183218832891498e+02,4.085658000000000243e+02
4.180083006622516564e+02,4.085658000000000243e+02
4.695789199999999823e+02,5.316524699999999939e+02
4.193782217880794860e+02,4.334288300000000049e+02
4.194617978779841110e+02,4.334288300000000049e+02
4.207481429139072588e+02,4.334288300000000049e+02
4.736885399999999890e+02,5.376850600000000213e+02
4.221180640397350885e+02,4.334288300000000049e+02
4.222052738726790722e+02,4.334288300000000049e+02
4.234879851655629182e+02,4.334288300000000049e+02
4.775724999999999909e+02,5.427519499999999653e+02
4.248579062913907478e+02,4.334288300000000049e+02
4.249487498673739765e+02,4.334288300000000049e+02
4.262278274172185775e+02,4.334288300000000049e+02
4.803960000000000150e+02,5.459278600000000097e+02
4.275977485430463503e+02,4.545543200000000184e+02
4.276922258620689945e+02,4.545543200000000184e+02
4.289676696688741799e+02,4.545543200000000184e+02
4.824621599999999830e+02,5.477643000000000484e+02
4.303375907947020096e+02,4.545543200000000184e+02
4.304357018567638988e+02,4.545543200000000184e+02
4.317075119205297824e+02,4.545543200000000184e+02
4.845338699999999790e+02,5.480828999999999951e+02
4.330774330463576121e+02,4.545543200000000184e+02
4.331791778514589168e+02,4.545543200000000184e+02
4.344473541721854417e+02,4.545543200000000184e+02
4.866147500000000150e+02,5.464877999999999929e+02
4.358172752980132145e+02,4.545543200000000184e+02
4.359226538461538212e+02,4.545543200000000184e+02
4.371871964238410442e+02,4.545543200000000184e+02
4.886773000000000025e+02,5.422402299999999968e+02
4.385571175496688738e+02,4.777949199999999905e+02
4.386661298408488392e+02,4.777949199999999905e+02
4.399270386754967035e+02,4.777949199999999905e+02
4.936562999999999874e+02,5.289930399999999509e+02
4.412969598013245331e+02,4.777949199999999905e+02
4.414096058355437435e+02,4.777949199999999905e+02
4.426668809271523060e+02,4.777949199999999905e+02
4.983549800000000118e+02,5.115141600000000039e+02
4.440368020529801356e+02,4.777949199999999905e+02
4.441530818302387615e+02,4.777949199999999905e+02
4.454067231788079653e+02,4.777949199999999905e+02
5.029160800000000222e+02,4.840931400000000053e+02
4.467766443046357381e+02,4.959201699999999846e+02
4.468965578249336659e+02,4.959201699999999846e+02
4.481465654304635677e+02,4.959201699999999846e+02
5.065383299999999736e+02,4.620733599999999797e+02
4.495164865562913974e+02,4.959201699999999846e+02
4.496400338196286839e+02,4.959201699999999846e+02
4.508864076821192270e+02,4.959201699999999846e+02
5.105606700000000160e+02,4.349547000000000025e+02
4.522563288079470567e+02,4.959201699999999846e+02
4.523835098143235882e+02,4.959201699999999846e+02
4.536262499337748295e+02,4.959201699999999846e+02
5.150218999999999596e+02,4.083475300000000061e+02
4.549961710596026592e+02,5.112003199999999765e+02
4.551269858090186062e+02,5.112003199999999765e+02
4.563660921854304888e+02,5.112003199999999765e+02
5.223525399999999763e+02,3.766447800000000257e+02
4.577360133112582616e+02,5.112003199999999765e+02
4.578704618037135106e+02,5.112003199999999765e+02
4.591059344370860913e+02,5.112003199999999765e+02
5.271271000000000413e+02,3.502984599999999773e+02
4.604758555629139209e+02,5.182724600000000237e+02
4.606139377984085286e+02,5.182724600000000237e+02
4.618457766887416938e+02,5.182724600000000237e+02
5.315774499999999989e+02,3.217841799999999921e+02
4.632156978145695234e+02,5.182724600000000237e+02
4.633574137931034329e+02,5.182724600000000237e+02
4.645856189403973531e+02,5.182724600000000237e+02
5.343935000000000173e+02,2.970937500000000000e+02
4.659555400662251827e+02,5.316524699999999939e+02
4.661008897877984509e+02,5.316524699999999939e+02
4.673254611920530124e+02,5.316524699999999939e+02
5.372933000000000447e+02,2.736043700000000172e+02
4.686953823178807852e+02,5.316524699999999939e+02
4.688443657824933553e+02,5.316524699999999939e+02
4.700653034437086149e+02,5.316524699999999939e+02
5.383025999999999840e+02,2.536964099999999860e+02
4.714352245695364445e+02,5.316524699999999939e+02
4.715878417771883164e+02,5.316524699999999939e+02
4.728051456953642173e+02,5.376850600000000213e+02
5.388024000000000342e+02,2.360096399999999903e+02
4.741750668211920470e+02,5.376850600000000213e+02
4.743313177718832776e+02,5.376850600000000213e+02
4.755449879470198766e+02,5.376850600000000213e+02
5.388024000000000342e+02,2.193950199999999882e+02
4.769149090728476494e+02,5.427519499999999653e+02
4.770747937665782388e+02,5.427519499999999653e+02
4.782848301986754791e+02,5.427519499999999653e+02
5.388024000000000342e+02,2.063304400000000101e+02
4.796547513245033088e+02,5.459278600000000097e+02
4.798182697612731999e+02,5.459278600000000097e+02
4.810246724503311384e+02,5.459278600000000097e+02
5.388024000000000342e+02,1.952379200000000026e+02
4.823945935761589681e+02,5.477643000000000484e+02
4.825617457559681611e+02,5.477643000000000484e+02
4.837645147019867409e+02,5.480828999999999951e+02
5.388024000000000342e+02,1.869804699999999968e+02
4.851344358278145705e+02,5.480828999999999951e+02
4.853052217506631223e+02,5.480828999999999951e+02
4.865043569536424002e+02,5.464877999999999929e+02
5.388024000000000342e+02,1.785394300000000101e+02
4.878742780794701730e+02,5.422402299999999968e+02
4.880486977453580835e+02,5.422402299999999968e+02
4.892441992052980027e+02,5.422402299999999968e+02
5.388024000000000342e+02,1.693896499999999889e+02
4.906141203311258323e+02,5.422402299999999968e+02
4.907921737400530446e+02,5.422402299999999968e+02
4.919840414569536051e+02,5.422402299999999968e+02
5.388024000000000342e+02,1.604786400000000128e+02
4.933539625827814916e+02,5.289930399999999509e+02
4.935356497347480058e+02,5.289930399999999509e+02
4.947238837086092644e+02,5.289930399999999509e+02
5.388024000000000342e+02,1.543316700000000026e+02
4.960938048344370941e+02,5.115141600000000039e+02
4.962791257294429670e+02,5.115141600000000039e+02
4.974637259602649237e+02,5.115141600000000039e+02
5.388024000000000342e+02,1.501495400000000018e+02
4.988336470860926966e+02,5.115141600000000039e+02
4.990226017241379282e+02,5.115141600000000039e+02
5.002035682119205262e+02,5.115141600000000039e+02
5.388024000000000342e+02,1.477840600000000109e+02
5.015734893377483559e+02,4.840931400000000053e+02
5.017660777188328893e+02,4.840931400000000053e+02
5.029434104635761287e+02,4.840931400000000053e+02
5.388024000000000342e+02,1.459395800000000065e+02
5.043133315894040152e+02,4.840931400000000053e+02
5.045095537135278505e+02,4.840931400000000053e+02
5.056832527152317880e+02,4.620733599999999797e+02
5.388024000000000342e+02,1.441140100000000075e+02
5.070531738410596176e+02,4.620733599999999797e+02
5.072530297082228117e+02,4.620733599999999797e+02
5.084230949668874473e+02,4.620733599999999797e+02
5.388024000000000342e+02,1.431660200000000032e+02
5.097930160927152201e+02,4.349547000000000025e+02
5.099965057029177729e+02,4.349547000000000025e+02
5.111629372185430498e+02,4.349547000000000025e+02
5.388024000000000342e+02,1.429254200000000026e+02
5.125328583443708794e+02,4.349547000000000025e+02
5.127399816976127340e+02,4.349547000000000025e+02
5.139027794701986522e+02,4.083475300000000061e+02
5.388024000000000342e+02,1.429254200000000026e+02
5.152727005960264250e+02,4.083475300000000061e+02
5.154834576923076384e+02,4.083475300000000061e+02
5.166426217218543115e+02,4.083475300000000061e+02
5.388024000000000342e+02,1.429254200000000026e+02
5.180125428476820844e+02,4.083475300000000061e+02
5.182269336870026564e+02,4.083475300000000061e+02
5.193824639735099709e+02,4.083475300000000061e+02
5.388024000000000342e+02,1.429254200000000026e+02
5.207523850993377437e+02,3.766447800000000257e+02
5.209704096816976744e+02,3.766447800000000257e+02
5.221223062251656302e+02,3.766447800000000257e+02
5.403588999999999487e+02,1.465805699999999945e+02
5.234922273509934030e+02,3.766447800000000257e+02
5.237138856763925787e+02,3.766447800000000257e+02
5.248621484768211758e+02,3.766447800000000257e+02
5.441440000000000055e+02,1.552384000000000128e+02
5.262320696026490623e+02,3.502984599999999773e+02
5.264573616710874830e+02,3.502984599999999773e+02
5.276019907284768351e+02,3.502984599999999773e+02
5.482760600000000295e+02,1.655201399999999978e+02
5.289719118543046079e+02,3.502984599999999773e+02
5.292008376657825011e+02,3.502984599999999773e+02
5.303418329801324944e+02,3.502984599999999773e+02
5.512998700000000554e+02,1.704716799999999921e+02
5.317117541059602672e+02,3.217841799999999921e+02
5.319443136604775191e+02,3.217841799999999921e+02
5.330816752317880400e+02,3.217841799999999921e+02
5.599936999999999898e+02,1.884122299999999939e+02
5.344515963576159265e+02,2.970937500000000000e+02
5.346877896551724234e+02,2.970937500000000000e+02
5.358215174834436993e+02,2.970937500000000000e+02
5.669537000000000262e+02,2.079345700000000079e+02
5.371914386092714722e+02,2.736043700000000172e+02
5.374312656498673277e+02,2.736043700000000172e+02
5.385613597350993587e+02,1.952379200000000026e+02
5.737082000000000335e+02,2.292171600000000069e+02
5.399312808609271315e+02,1.465805699999999945e+02
5.401747416445623458e+02,1.465805699999999945e+02
5.413012019867549043e+02,1.465805699999999945e+02
5.796444999999999936e+02,2.536843299999999886e+02
5.426711231125827908e+02,1.552384000000000128e+02
5.429182176392573638e+02,1.552384000000000128e+02
5.440410442384105636e+02,1.552384000000000128e+02
5.849897499999999582e+02,2.805119599999999878e+02
5.454109653642384501e+02,1.552384000000000128e+02
5.456616936339522681e+02,1.552384000000000128e+02
5.467808864900662229e+02,1.552384000000000128e+02
5.901857999999999720e+02,3.067656299999999874e+02
5.481508076158941094e+02,1.655201399999999978e+02
5.484051696286471724e+02,1.655201399999999978e+02
5.495207287417218822e+02,1.655201399999999978e+02
5.953703600000000051e+02,3.330776399999999740e+02
5.508906498675496550e+02,1.704716799999999921e+02
5.511486456233421904e+02,1.704716799999999921e+02
5.522605709933775415e+02,1.704716799999999921e+02
6.009864999999999782e+02,3.610721399999999903e+02
5.536304921192053143e+02,1.704716799999999921e+02
5.538921216180372085e+02,1.704716799999999921e+02
5.550004132450330872e+02,1.704716799999999921e+02
6.057439000000000533e+02,3.861794399999999996e+02
5.563703343708609736e+02,1.884122299999999939e+02
5.566355976127321128e+02,1.884122299999999939e+02
5.577402554966887465e+02,1.884122299999999939e+02
6.119216999999999871e+02,4.109581299999999828e+02
5.591101766225165193e+02,1.884122299999999939e+02
5.593790736074270171e+02,1.884122299999999939e+02
5.604800977483444058e+02,1.884122299999999939e+02
6.191993400000000065e+02,4.366390400000000227e+02
5.618500188741721786e+02,1.884122299999999939e+02
5.621225496021220351e+02,1.884122299999999939e+02
5.632199399999999514e+02,1.884122299999999939e+02
6.282001000000000204e+02,4.578192000000000235e+02
5.645898611258278379e+02,2.079345700000000079e+02
5.648660255968170532e+02,2.079345700000000079e+02
5.659597822516556107e+02,2.079345700000000079e+02
6.390751000000000204e+02,4.815629999999999882e+02
5.673297033774833835e+02,2.079345700000000079e+02
5.676095015915119575e+02,2.079345700000000079e+02
5.686996245033112700e+02,2.079345700000000079e+02
6.477666000000000395e+02,4.962529299999999921e+02
5.700695456291390428e+02,2.292171600000000069e+02
5.703529775862068618e+02,2.292171600000000069e+02
5.714394667549669293e+02,2.292171600000000069e+02
6.587602000000000544e+02,5.126861599999999726e+02
5.728093878807947021e+02,2.292171600000000069e+02
5.730964535809018798e+02,2.292171600000000069e+02
5.741793090066225886e+02,2.292171600000000069e+02
6.714414000000000442e+02,5.315469000000000506e+02
5.755492301324503615e+02,2.292171600000000069e+02
5.758399295755968978e+02,2.292171600000000069e+02
5.769191512582781343e+02,2.292171600000000069e+02
6.836218000000000075e+02,5.471299999999999955e+02
5.782890723841060208e+02,2.536843299999999886e+02
5.785834055702918022e+02,2.536843299999999886e+02
5.796589935099337936e+02,2.536843299999999886e+02
6.948927599999999529e+02,5.594284699999999475e+02
5.810289146357615664e+02,2.536843299999999886e+02
5.813268815649867065e+02,2.536843299999999886e+02
5.823988357615894529e+02,2.536843299999999886e+02
7.069195999999999458e+02,5.704482400000000553e+02
5.837687568874172257e+02,2.805119599999999878e+02
5.840703575596817245e+02,2.805119599999999878e+02
5.851386780132449985e+02,2.805119599999999878e+02
7.190164999999999509e+02,5.785856999999999744e+02
5.865085991390728850e+02,2.805119599999999878e+02
5.868138335543766289e+02,2.805119599999999878e+02
5.878785202649006578e+02,2.805119599999999878e+02
7.294678000000000111e+02,5.833179999999999836e+02
5.892484413907284306e+02,3.067656299999999874e+02
5.895573095490716469e+02,3.067656299999999874e+02
5.906183625165563171e+02,3.067656299999999874e+02
7.379192500000000337e+02,5.845114999999999554e+02
5.919882836423840899e+02,3.067656299999999874e+02
5.923007855437665512e+02,3.067656299999999874e+02
5.933582047682118628e+02,3.067656299999999874e+02
7.446047999999999547e+02,5.836617400000000089e+02
5.947281258940397493e+02,3.330776399999999740e+02
5.950442615384615692e+02,3.330776399999999740e+02
5.960980470198675221e+02,3.330776399999999740e+02
7.488473999999999933e+02,5.799682599999999866e+02
5.974679681456952949e+02,3.330776399999999740e+02
5.977877375331564735e+02,3.330776399999999740e+02
5.988378892715231814e+02,3.330776399999999740e+02
7.518655999999999722e+02,5.743849000000000160e+02
6.002078103973509542e+02,3.610721399999999903e+02
6.005312135278514916e+02,3.610721399999999903e+02
6.015777315231788407e+02,3.610721399999999903e+02
7.563591000000000122e+02,5.624034400000000460e+02
6.029476526490066135e+02,3.610721399999999903e+02
6.032746895225463959e+02,3.610721399999999903e+02
6.043175737748345000e+02,3.610721399999999903e+02
7.602779000000000451e+02,5.451638000000000375e+02
6.056874949006622728e+02,3.861794399999999996e+02
6.060181655172414139e+02,3.861794399999999996e+02
6.070574160264900456e+02,3.861794399999999996e+02
7.637738000000000511e+02,5.265208999999999833e+02
6.084273371523179321e+02,3.861794399999999996e+02
6.087616415119363182e+02,3.861794399999999996e+02
6.097972582781457049e+02,3.861794399999999996e+02
7.640189000000000306e+02,5.041319599999999923e+02
6.111671794039734777e+02,4.109581299999999828e+02
6.115051175066313363e+02,4.109581299999999828e+02
6.125371005298013642e+02,4.109581299999999828e+02
7.642290600000000040e+02,4.810117200000000253e+02
6.139070216556291371e+02,4.109581299999999828e+02
6.142485935013262406e+02,4.109581299999999828e+02
6.152769427814569099e+02,4.109581299999999828e+02
7.631631499999999733e+02,4.635892299999999864e+02
6.166468639072847964e+02,4.366390400000000227e+02
6.169920694960212586e+02,4.366390400000000227e+02
6.180167850331125692e+02,4.366390400000000227e+02
7.607702600000000075e+02,4.464386000000000081e+02
6.193867061589403420e+02,4.366390400000000227e+02
6.197355454907161629e+02,4.366390400000000227e+02
6.207566272847682285e+02,4.366390400000000227e+02
7.576694300000000339e+02,4.302117999999999824e+02
6.221265484105960013e+02,4.366390400000000227e+02
6.224790214854110673e+02,4.366390400000000227e+02
6.234964695364237741e+02,4.366390400000000227e+02
7.545625999999999749e+02,4.170661600000000249e+02
6.248663906622516606e+02,4.578192000000000235e+02
6.252224974801060853e+02,4.578192000000000235e+02
6.262363117880795471e+02,4.578192000000000235e+02
7.518880599999999959e+02,4.057223999999999933e+02
6.276062329139072062e+02,4.578192000000000235e+02
6.279659734748011033e+02,4.578192000000000235e+02
6.289761540397350927e+02,4.578192000000000235e+02
7.494600000000000364e+02,3.987576999999999998e+02
6.303460751655629792e+02,4.578192000000000235e+02
6.307094494694960076e+02,4.578192000000000235e+02
6.317159962913907520e+02,4.578192000000000235e+02
7.459785000000000537e+02,3.912504999999999882e+02
6.330859174172185249e+02,4.578192000000000235e+02
6.334529254641909120e+02,4.578192000000000235e+02
6.344558385430464114e+02,4.578192000000000235e+02
7.435712999999999511e+02,3.879329799999999864e+02
6.358257596688741842e+02,4.815629999999999882e+02
6.361964014588859300e+02,4.815629999999999882e+02
6.371956807947019570e+02,4.815629999999999882e+02
7.378885000000000218e+02,3.804942599999999970e+02
6.385656019205298435e+02,4.815629999999999882e+02
6.389398774535809480e+02,4.815629999999999882e+02
6.399355230463576163e+02,4.815629999999999882e+02
7.316497000000000526e+02,3.740180700000000229e+02
6.413054441721853891e+02,4.815629999999999882e+02
6.416833534482758523e+02,4.815629999999999882e+02
6.426753652980132756e+02,4.815629999999999882e+02
7.269959000000000060e+02,3.700301499999999919e+02
6.440452864238410484e+02,4.962529299999999921e+02
6.444268294429707566e+02,4.962529299999999921e+02
6.454152075496688212e+02,4.962529299999999921e+02
7.230950000000000273e+02,3.679255400000000122e+02
6.467851286754967077e+02,4.962529299999999921e+02
6.471703054376657747e+02,4.962529299999999921e+02
6.481550498013244805e+02,4.962529299999999921e+02
7.191611299999999574e+02,3.660880000000000223e+02
6.495249709271522534e+02,4.962529299999999921e+02
6.499137814323607927e+02,4.962529299999999921e+02
6.508948920529801399e+02,4.962529299999999921e+02
7.158995400000000018e+02,3.659397000000000162e+02
6.522648131788080264e+02,4.962529299999999921e+02
6.526572574270556970e+02,4.962529299999999921e+02
6.536347343046356855e+02,4.962529299999999921e+02
7.127372400000000425e+02,3.659397000000000162e+02
6.550046554304635720e+02,5.126861599999999726e+02
6.554007334217506013e+02,5.126861599999999726e+02
6.563745765562914585e+02,5.126861599999999726e+02
7.096177000000000135e+02,3.659397000000000162e+02
6.577444976821192313e+02,5.126861599999999726e+02
6.581442094164456194e+02,5.126861599999999726e+02
6.591144188079470041e+02,5.126861599999999726e+02
7.070904000000000451e+02,3.678564499999999953e+02
6.604843399337748906e+02,5.126861599999999726e+02
6.608876854111406374e+02,5.126861599999999726e+02
6.618542610596026634e+02,5.126861599999999726e+02
7.050107400000000553e+02,3.697047000000000025e+02
6.632241821854304362e+02,5.126861599999999726e+02
6.636311614058355417e+02,5.126861599999999726e+02
6.645941033112583227e+02,5.126861599999999726e+02
7.024583000000000084e+02,3.735645799999999781e+02
6.659640244370860955e+02,5.315469000000000506e+02
6.663746374005304460e+02,5.315469000000000506e+02
6.673339455629138683e+02,5.315469000000000506e+02
7.003859999999999673e+02,3.772482999999999720e+02
6.687038666887417548e+02,5.315469000000000506e+02
6.691181133952254640e+02,5.315469000000000506e+02
6.700737878145695277e+02,5.315469000000000506e+02
6.985445999999999458e+02,3.808872000000000071e+02
6.714437089403973005e+02,5.315469000000000506e+02
6.718615893899204821e+02,5.315469000000000506e+02
6.728136300662251870e+02,5.315469000000000506e+02
6.974982999999999720e+02,3.854957299999999805e+02
6.741835511920529598e+02,5.315469000000000506e+02
6.746050653846153864e+02,5.315469000000000506e+02
6.755534723178807326e+02,5.315469000000000506e+02
6.967510399999999890e+02,3.891793200000000184e+02
6.769233934437086191e+02,5.315469000000000506e+02
6.773485413793102907e+02,5.315469000000000506e+02
6.782933145695365056e+02,5.315469000000000506e+02
6.964225000000000136e+02,3.928743999999999801e+02
6.796632356953641647e+02,5.471299999999999955e+02
6.800920173740053087e+02,5.471299999999999955e+02
6.810331568211920512e+02,5.471299999999999955e+02
6.957513400000000274e+02,3.964841299999999933e+02
6.824030779470199377e+02,5.471299999999999955e+02
6.828354933687003268e+02,5.471299999999999955e+02
6.837729990728477105e+02,5.471299999999999955e+02
6.957513400000000274e+02,4.002232700000000136e+02
6.851429201986754833e+02,5.471299999999999955e+02
6.855789693633952311e+02,5.471299999999999955e+02
6.865128413245033698e+02,5.471299999999999955e+02
6.957513400000000274e+02,4.038631599999999935e+02
6.878827624503311426e+02,5.471299999999999955e+02
6.883224453580901354e+02,5.471299999999999955e+02
6.892526835761589155e+02,5.471299999999999955e+02
6.962160999999999831e+02,4.075745999999999754e+02
6.906226047019868020e+02,2.077861300000000142e+02
6.910659213527851534e+02,2.077861300000000142e+02
6.919925258278145748e+02,2.077861300000000142e+02
6.967510399999999890e+02,4.121760300000000257e+02
6.933624469536423476e+02,2.077861300000000142e+02
6.938093973474801714e+02,2.077861300000000142e+02
6.947323680794702341e+02,2.077861300000000142e+02
6.983392300000000432e+02,4.177093499999999722e+02
6.961022892052980069e+02,4.075745999999999754e+02
6.965528733421750758e+02,3.928743999999999801e+02
6.974722103311257797e+02,3.854957299999999805e+02
6.998306999999999789e+02,4.222020299999999793e+02
6.988421314569536662e+02,3.808872000000000071e+02
6.992963493368699801e+02,4.222020299999999793e+02
7.002120525827814390e+02,3.772482999999999720e+02
7.018637999999999693e+02,4.274497000000000071e+02
7.015819737086092118e+02,4.274497000000000071e+02
7.020398253315649981e+02,4.274497000000000071e+02
7.029518948344370983e+02,3.735645799999999781e+02
7.035570000000000164e+02,4.304597200000000043e+02
7.043218159602649848e+02,3.697047000000000025e+02
7.047833013262600161e+02,3.697047000000000025e+02
7.056917370860926439e+02,4.332325399999999718e+02
7.053012999999999693e+02,4.332325399999999718e+02
7.070616582119205304e+02,3.678564499999999953e+02
7.075267773209549205e+02,3.678564499999999953e+02
7.084315793377484169e+02,4.369268799999999828e+02
7.091423300000000154e+02,4.369268799999999828e+02
7.098015004635760761e+02,3.659397000000000162e+02
7.102702533156498248e+02,3.659397000000000162e+02
7.111714215894039626e+02,3.659397000000000162e+02
7.152509000000000015e+02,4.404500699999999824e+02
7.125413427152318491e+02,3.659397000000000162e+02
7.130137293103448428e+02,3.659397000000000162e+02
7.139112638410596219e+02,3.659397000000000162e+02
7.230207000000000335e+02,4.440294200000000160e+02
7.152811849668873947e+02,4.404500699999999824e+02
7.157572053050398608e+02,3.659397000000000162e+02
7.166511060927152812e+02,3.659397000000000162e+02
7.335860599999999749e+02,4.469815699999999765e+02
7.180210272185430540e+02,5.785856999999999744e+02
7.185006812997347652e+02,5.785856999999999744e+02
7.193909483443708268e+02,3.660880000000000223e+02
7.411701699999999846e+02,4.488075000000000045e+02
7.207608694701987133e+02,4.440294200000000160e+02
7.212441572944296695e+02,4.440294200000000160e+02
7.221307905960264861e+02,4.440294200000000160e+02
7.472521000000000413e+02,4.506487999999999943e+02
7.235007117218542589e+02,3.679255400000000122e+02
7.239876332891246875e+02,3.679255400000000122e+02
7.248706328476821454e+02,3.679255400000000122e+02
7.532858999999999696e+02,4.524988999999999919e+02
7.262405539735099183e+02,3.700301499999999919e+02
7.267311092838197055e+02,3.700301499999999919e+02
7.276104750993376911e+02,3.700301499999999919e+02
7.586695999999999458e+02,4.543276399999999740e+02
7.289803962251655776e+02,5.833179999999999836e+02
7.294745852785146099e+02,5.833179999999999836e+02
7.303503173509933504e+02,2.030128200000000049e+02
7.652044700000000148e+02,4.566816400000000158e+02
7.317202384768211232e+02,3.740180700000000229e+02
7.322180612732095142e+02,3.740180700000000229e+02
7.330901596026490097e+02,4.469815699999999765e+02
7.733737999999999602e+02,4.602780799999999886e+02
7.344600807284768962e+02,4.469815699999999765e+02
7.349615372679045322e+02,4.469815699999999765e+02
7.358300018543045553e+02,4.469815699999999765e+02
7.830732000000000426e+02,4.631421000000000276e+02
7.371999229801324418e+02,3.804942599999999970e+02
7.377050132625995502e+02,3.804942599999999970e+02
7.385698441059603283e+02,5.845114999999999554e+02
7.923509999999999991e+02,4.651817599999999970e+02
7.399397652317881011e+02,4.488075000000000045e+02
7.404484892572944545e+02,4.488075000000000045e+02
7.413096863576158739e+02,4.488075000000000045e+02
8.011031500000000278e+02,4.670927699999999732e+02
7.426796074834437604e+02,3.879329799999999864e+02
7.431919652519893589e+02,3.879329799999999864e+02
7.440495286092715332e+02,3.879329799999999864e+02
8.087453000000000429e+02,4.672291299999999978e+02
7.454194497350993061e+02,3.912504999999999882e+02
7.459354412466843769e+02,3.912504999999999882e+02
7.467893708609271926e+02,4.506487999999999943e+02
8.176928000000000338e+02,4.672291299999999978e+02
7.481592919867549654e+02,5.799682599999999866e+02
7.486789172413793949e+02,5.799682599999999866e+02
7.495292131125827382e+02,3.987576999999999998e+02
8.274871000000000549e+02,4.672291299999999978e+02
7.508991342384106247e+02,5.743849000000000160e+02
7.514223932360742992e+02,5.743849000000000160e+02
7.522690553642383975e+02,4.057223999999999933e+02
8.372290600000000040e+02,4.662242400000000089e+02
7.536389764900661703e+02,4.524988999999999919e+02
7.541658692307692036e+02,4.170661600000000249e+02
7.550088976158940568e+02,4.170661600000000249e+02
8.461262000000000398e+02,4.643812300000000164e+02
7.563788187417218296e+02,5.624034400000000460e+02
7.569093452254642216e+02,5.624034400000000460e+02
7.577487398675496024e+02,4.302117999999999824e+02
8.528736599999999726e+02,4.614194299999999771e+02
7.591186609933774889e+02,4.543276399999999740e+02
7.596528212201592396e+02,5.451638000000000375e+02
7.604885821192053754e+02,5.451638000000000375e+02
8.578890000000000100e+02,4.577305999999999813e+02
7.618585032450330345e+02,4.635892299999999864e+02
7.623962972148541439e+02,4.635892299999999864e+02
7.632284243708609210e+02,4.635892299999999864e+02
8.620424000000000433e+02,4.540390600000000063e+02
7.645983454966888075e+02,4.810117200000000253e+02
7.651397732095490483e+02,4.566816400000000158e+02
7.659682666225165804e+02,4.566816400000000158e+02
8.661907300000000305e+02,4.499101600000000190e+02
7.673381877483443532e+02,2.011698000000000093e+02
7.678832492042440663e+02,2.011698000000000093e+02
7.687081088741722397e+02,2.011698000000000093e+02
8.703319999999999936e+02,4.438838000000000079e+02
7.700780300000000125e+02,2.011698000000000093e+02
7.706267251989390843e+02,2.011698000000000093e+02
7.714479511258277853e+02,2.011698000000000093e+02
8.742834000000000287e+02,4.354405499999999734e+02
7.728178722516556718e+02,4.602780799999999886e+02
7.733702011936339886e+02,4.602780799999999886e+02
7.741877933774834446e+02,4.602780799999999886e+02
8.792522999999999911e+02,4.232165499999999838e+02
7.755577145033112174e+02,4.602780799999999886e+02
7.761136771883288930e+02,4.602780799999999886e+02
7.769276356291391039e+02,4.602780799999999886e+02
8.814703399999999647e+02,4.140104999999999791e+02
7.782975567549668767e+02,4.631421000000000276e+02
7.788571531830239110e+02,4.631421000000000276e+02
7.796674778807946495e+02,4.631421000000000276e+02
8.826051599999999553e+02,4.040151399999999740e+02
7.810373990066225360e+02,4.631421000000000276e+02
7.816006291777189290e+02,4.631421000000000276e+02
7.824073201324503088e+02,4.631421000000000276e+02
8.831903700000000299e+02,3.939728999999999814e+02
7.837772412582780817e+02,4.631421000000000276e+02
7.843441051724138333e+02,4.631421000000000276e+02
7.851471623841059682e+02,4.631421000000000276e+02
8.826905000000000427e+02,3.819538600000000201e+02
7.865170835099338547e+02,4.631421000000000276e+02
7.870875811671087376e+02,4.631421000000000276e+02
7.878870046357615138e+02,4.631421000000000276e+02
8.821906999999999925e+02,3.727254599999999982e+02
7.892569257615894003e+02,4.651817599999999970e+02
7.898310571618037557e+02,4.651817599999999970e+02
7.906268468874172868e+02,4.651817599999999970e+02
8.806181599999999889e+02,3.645322300000000268e+02
7.919967680132450596e+02,4.651817599999999970e+02
7.925745331564987737e+02,4.651817599999999970e+02
7.933666891390728324e+02,4.651817599999999970e+02
8.778740000000000236e+02,3.552243700000000217e+02
7.947366102649007189e+02,4.651817599999999970e+02
7.953180091511936780e+02,4.651817599999999970e+02
7.961065313907284917e+02,4.651817599999999970e+02
8.759231600000000526e+02,3.472117999999999824e+02
7.974764525165562645e+02,4.670927699999999732e+02
7.980614851458885823e+02,4.670927699999999732e+02
7.988463736423841510e+02,4.670927699999999732e+02
8.731703499999999849e+02,3.386234000000000037e+02
8.002162947682119238e+02,4.670927699999999732e+02
8.008049611405836004e+02,4.670927699999999732e+02
8.015862158940396966e+02,4.670927699999999732e+02
8.700542599999999993e+02,3.306594200000000114e+02
8.029561370198675831e+02,4.670927699999999732e+02
8.035484371352785047e+02,4.670927699999999732e+02
8.043260581456953560e+02,4.670927699999999732e+02
8.669498999999999569e+02,3.241850600000000213e+02
8.056959792715231288e+02,4.672291299999999978e+02
8.062919131299734090e+02,4.672291299999999978e+02
8.070659003973510153e+02,4.672291299999999978e+02
8.635877699999999777e+02,3.200366200000000276e+02
8.084358215231787881e+02,4.672291299999999978e+02
8.090353891246684270e+02,4.672291299999999978e+02
8.098057426490065609e+02,4.672291299999999978e+02
8.586009000000000242e+02,3.144802199999999743e+02
8.111756637748344474e+02,2.948593799999999874e+02
8.117788651193634450e+02,2.948593799999999874e+02
8.125455849006623339e+02,2.948593799999999874e+02
8.520248000000000275e+02,3.090694599999999923e+02
8.139155060264899930e+02,2.948593799999999874e+02
8.145223411140583494e+02,2.948593799999999874e+02
8.152854271523178795e+02,1.984072299999999984e+02
8.437268000000000256e+02,3.044266400000000203e+02
8.166553482781457660e+02,2.948593799999999874e+02
8.172658171087532537e+02,4.672291299999999978e+02
8.180252694039734251e+02,4.672291299999999978e+02
8.348269699999999602e+02,3.005056000000000154e+02
8.193951905298013116e+02,2.957407200000000103e+02
8.200092931034482717e+02,2.957407200000000103e+02
8.207651116556291981e+02,2.957407200000000103e+02
8.265929599999999482e+02,2.976102300000000014e+02
8.221350327814569710e+02,2.976635699999999929e+02
8.227527690981432897e+02,2.976635699999999929e+02
8.235049539072847438e+02,2.976635699999999929e+02
8.206903700000000299e+02,2.957407200000000103e+02
8.248748750331126303e+02,2.976102300000000014e+02
8.254962450928381941e+02,2.976102300000000014e+02
8.262447961589404031e+02,2.976102300000000014e+02
8.166011999999999489e+02,2.948593799999999874e+02
8.276147172847681759e+02,4.672291299999999978e+02
8.282397210875330984e+02,4.672291299999999978e+02
8.289846384105960624e+02,4.672291299999999978e+02
8.145688000000000102e+02,2.948593799999999874e+02
8.303545595364238352e+02,4.672291299999999978e+02
8.309831970822281164e+02,4.672291299999999978e+02
8.317244806622516080e+02,4.672291299999999978e+02
8.136044000000000551e+02,2.948593799999999874e+02
8.330944017880794945e+02,3.005056000000000154e+02
8.337266730769231344e+02,3.005056000000000154e+02
8.344643229139072673e+02,3.005056000000000154e+02
8.132131299999999783e+02,2.948593799999999874e+02
8.358342440397350401e+02,4.662242400000000089e+02
8.364701490716180388e+02,4.662242400000000089e+02
8.372041651655629266e+02,4.662242400000000089e+02
8.132131299999999783e+02,2.948593799999999874e+02
8.385740862913906994e+02,4.662242400000000089e+02
8.392136250663129431e+02,4.662242400000000089e+02
8.399440074172184723e+02,4.662242400000000089e+02
8.135679000000000087e+02,2.948593799999999874e+02
8.413139285430463588e+02,3.044266400000000203e+02
8.419571010610079611e+02,3.044266400000000203e+02
8.426838496688742453e+02,3.044266400000000203e+02
8.159781500000000278e+02,2.953093299999999886e+02
8.440537707947019044e+02,3.044266400000000203e+02
8.447005770557029791e+02,3.044266400000000203e+02
8.454236919205297909e+02,4.643812300000000164e+02
8.230220000000000482e+02,2.976635699999999929e+02
8.467936130463576774e+02,3.049907200000000103e+02
8.474440530503978835e+02,3.049907200000000103e+02
8.481635341721854502e+02,3.049907200000000103e+02
8.351669299999999794e+02,3.013228799999999978e+02
8.495334552980132230e+02,3.090694599999999923e+02
8.501875290450927878e+02,3.090694599999999923e+02
8.509033764238411095e+02,3.090694599999999923e+02
8.479095999999999549e+02,3.049907200000000103e+02
8.522732975496688823e+02,3.090694599999999923e+02
8.529310050397878058e+02,4.614194299999999771e+02
8.536432186754966551e+02,4.614194299999999771e+02
8.586114999999999782e+02,3.085627400000000193e+02
8.550131398013245416e+02,4.577305999999999813e+02
8.556744810344828238e+02,4.577305999999999813e+02
8.563830609271523144e+02,4.577305999999999813e+02
8.706880999999999631e+02,3.139594700000000103e+02
8.577529820529800872e+02,4.577305999999999813e+02
8.584179570291777281e+02,3.144802199999999743e+02
8.591229031788079737e+02,3.085627400000000193e+02
8.851539299999999457e+02,3.212215600000000109e+02
8.604928243046357466e+02,1.937797899999999913e+02
8.611614330238726325e+02,1.937797899999999913e+02
8.618627454304635194e+02,1.937797899999999913e+02
8.987032000000000380e+02,3.286331799999999816e+02
8.632326665562914059e+02,3.200366200000000276e+02
8.639049090185676505e+02,3.200366200000000276e+02
8.646025876821191787e+02,3.200366200000000276e+02
9.110842000000000098e+02,3.350373500000000035e+02
8.659725088079469515e+02,4.499101600000000190e+02
8.666483850132626685e+02,3.241850600000000213e+02
8.673424299337748380e+02,3.241850600000000213e+02
9.241077000000000226e+02,3.435276999999999816e+02
8.687123510596026108e+02,3.306594200000000114e+02
8.693918610079575728e+02,3.306594200000000114e+02
8.700822721854304973e+02,3.306594200000000114e+02
9.348264000000000351e+02,3.507660999999999945e+02
8.714521933112582701e+02,3.386234000000000037e+02
8.721353370026525909e+02,3.386234000000000037e+02
8.728221144370860429e+02,3.386234000000000037e+02
9.454222999999999502e+02,3.623393599999999992e+02
8.741920355629139294e+02,4.354405499999999734e+02
8.748788129973474952e+02,4.354405499999999734e+02
8.755619566887417022e+02,3.472117999999999824e+02
9.543777000000000044e+02,3.751988499999999931e+02
8.769318778145695887e+02,3.552243700000000217e+02
8.776222889920425132e+02,3.552243700000000217e+02
8.783017989403973615e+02,3.552243700000000217e+02
9.656650399999999763e+02,4.007230200000000195e+02
8.796717200662251344e+02,4.232165499999999838e+02
8.803657649867374175e+02,3.645322300000000268e+02
8.810416411920530209e+02,3.645322300000000268e+02
9.719211400000000367e+02,4.246224399999999832e+02
8.824115623178807937e+02,4.040151399999999740e+02
8.831092409814323219e+02,3.939728999999999814e+02
8.837814834437085665e+02,3.939728999999999814e+02
9.752278999999999769e+02,4.433348399999999856e+02
8.851514045695364530e+02,3.212215600000000109e+02
8.858527169761273399e+02,3.212215600000000109e+02
8.865213256953642258e+02,3.212215600000000109e+02
9.761600300000000061e+02,4.592067999999999870e+02
8.878912468211919986e+02,3.212215600000000109e+02
8.885961929708222442e+02,3.212215600000000109e+02
8.892611679470198851e+02,3.212215600000000109e+02
9.758132299999999759e+02,4.739382299999999759e+02
8.906310890728476579e+02,3.212215600000000109e+02
8.913396689655172622e+02,3.212215600000000109e+02
8.920010101986755444e+02,3.212215600000000109e+02
9.747935999999999694e+02,4.868978299999999990e+02
8.933709313245033172e+02,3.286331799999999816e+02
8.940831449602121666e+02,3.286331799999999816e+02
8.947408524503310900e+02,3.286331799999999816e+02
9.733274999999999864e+02,4.983274000000000115e+02
8.961107735761589765e+02,3.286331799999999816e+02
8.968266209549071846e+02,3.286331799999999816e+02
8.974806947019867494e+02,3.286331799999999816e+02
9.702865000000000464e+02,5.119526399999999740e+02
8.988506158278145222e+02,3.286331799999999816e+02
8.995700969496020889e+02,3.286331799999999816e+02
9.002205369536424087e+02,3.286331799999999816e+02
9.661132999999999811e+02,5.260126000000000204e+02
9.015904580794701815e+02,1.882685500000000047e+02
9.023135729442971069e+02,1.882685500000000047e+02
9.029603792052980680e+02,1.882685500000000047e+02
9.609592000000000098e+02,5.415599399999999832e+02
9.043303003311258408e+02,1.882685500000000047e+02
9.050570489389920112e+02,1.882685500000000047e+02
9.057002214569536136e+02,1.882685500000000047e+02
9.557590000000000146e+02,5.514729999999999563e+02
9.070701425827815001e+02,1.882685500000000047e+02
9.078005249336870293e+02,1.882685500000000047e+02
9.084400637086092729e+02,1.882685500000000047e+02
9.517098999999999478e+02,5.608547399999999925e+02
9.098099848344370457e+02,3.350373500000000035e+02
9.105440009283819336e+02,3.350373500000000035e+02
9.111799059602649322e+02,3.350373500000000035e+02
9.493678599999999506e+02,5.686993400000000065e+02
9.125498270860927050e+02,3.350373500000000035e+02
9.132874769230769516e+02,3.350373500000000035e+02
9.139197482119204778e+02,3.350373500000000035e+02
9.489823999999999842e+02,5.772836999999999534e+02
9.152896693377483643e+02,3.350373500000000035e+02
9.160309529177718559e+02,3.350373500000000035e+02
9.166595904635761372e+02,3.350373500000000035e+02
9.501105000000000018e+02,5.843049300000000130e+02
9.180295115894040237e+02,3.435276999999999816e+02
9.187744289124668740e+02,3.435276999999999816e+02
9.193994327152317965e+02,3.435276999999999816e+02
9.521795700000000124e+02,5.902971000000000004e+02
9.207693538410595693e+02,3.435276999999999816e+02
9.215179049071617783e+02,3.435276999999999816e+02
9.221392749668874558e+02,3.435276999999999816e+02
9.545146999999999480e+02,5.935122000000000071e+02
9.235091960927152286e+02,3.435276999999999816e+02
9.242613809018567963e+02,3.435276999999999816e+02
9.248791172185430014e+02,3.435276999999999816e+02
9.584604500000000371e+02,5.966372000000000071e+02
9.262490383443708879e+02,3.435276999999999816e+02
9.270048568965517006e+02,3.435276999999999816e+02
9.276189594701986607e+02,3.435276999999999816e+02
9.634160000000000537e+02,5.984616999999999507e+02
9.289888805960264335e+02,3.507660999999999945e+02
9.297483328912467186e+02,3.507660999999999945e+02
9.303588017218543200e+02,3.507660999999999945e+02
9.706100000000000136e+02,5.987275399999999763e+02
9.317287228476820928e+02,3.507660999999999945e+02
9.324918088859416230e+02,3.507660999999999945e+02
9.330986439735099793e+02,3.507660999999999945e+02
9.813244600000000446e+02,5.963583999999999605e+02
9.344685650993377521e+02,3.507660999999999945e+02
9.352352848806366410e+02,3.507660999999999945e+02
9.358384862251655250e+02,3.507660999999999945e+02
9.932119000000000142e+02,5.900570000000000164e+02
9.372084073509934115e+02,3.507660999999999945e+02
9.379787608753315453e+02,3.507660999999999945e+02
9.385783284768211843e+02,3.507660999999999945e+02
1.003732060000000047e+03,5.826705299999999852e+02
9.399482496026489571e+02,3.623393599999999992e+02
9.407222368700265633e+02,3.623393599999999992e+02
9.413181707284768436e+02,3.623393599999999992e+02
1.011462300000000027e+03,5.753079999999999927e+02
9.426880918543046164e+02,3.623393599999999992e+02
9.434657128647214677e+02,3.623393599999999992e+02
9.440580129801325029e+02,3.623393599999999992e+02
1.019214000000000055e+03,5.669991499999999860e+02
9.454279341059602757e+02,3.623393599999999992e+02
9.462091888594164857e+02,3.623393599999999992e+02
9.467978552317880485e+02,3.623393599999999992e+02
1.027061200000000099e+03,5.566334000000000515e+02
9.481677763576159350e+02,5.772836999999999534e+02
9.489526648541113900e+02,5.772836999999999534e+02
9.495376974834437078e+02,5.686993400000000065e+02
1.036279899999999998e+03,5.440400399999999763e+02
9.509076186092714806e+02,1.842805199999999957e+02
9.516961408488064080e+02,5.608547399999999925e+02
9.522775397350993671e+02,5.902971000000000004e+02
1.045022600000000011e+03,5.322432999999999765e+02
9.536474608609271399e+02,3.751988499999999931e+02
9.544396168435013124e+02,3.751988499999999931e+02
9.550173819867549128e+02,5.935122000000000071e+02
1.051240099999999984e+03,5.255810500000000047e+02
9.563873031125827993e+02,5.514729999999999563e+02
9.571830928381963304e+02,5.966372000000000071e+02
9.577572242384105721e+02,5.966372000000000071e+02
1.055668200000000070e+03,5.200497000000000298e+02
9.591271453642384586e+02,5.966372000000000071e+02
9.599265688328912347e+02,5.415599399999999832e+02
9.604970664900662314e+02,5.415599399999999832e+02
1.059808700000000044e+03,5.159403999999999542e+02
9.618669876158940042e+02,5.984616999999999507e+02
9.626700448275862527e+02,5.984616999999999507e+02
9.632369087417218907e+02,5.984616999999999507e+02
1.063395600000000059e+03,5.125262500000000045e+02
9.646068298675496635e+02,4.007230200000000195e+02
9.654135208222811571e+02,4.007230200000000195e+02
9.659767509933774363e+02,5.260126000000000204e+02
1.068222400000000107e+03,5.076947000000000116e+02
9.673466721192053228e+02,5.260126000000000204e+02
9.681569968169761751e+02,5.260126000000000204e+02
9.687165932450330956e+02,5.260126000000000204e+02
1.072182900000000018e+03,5.040539600000000178e+02
9.700865143708608684e+02,5.119526399999999740e+02
9.709004728116710794e+02,5.987275399999999763e+02
9.714564354966887549e+02,4.246224399999999832e+02
1.075348099999999931e+03,5.004349399999999832e+02
9.728263566225165278e+02,4.983274000000000115e+02
9.736439488063660974e+02,4.983274000000000115e+02
9.741962777483444142e+02,4.983274000000000115e+02
1.077580300000000079e+03,4.967157000000000266e+02
9.755661988741721871e+02,4.739382299999999759e+02
9.763874248010610017e+02,4.592067999999999870e+02
9.769361199999999599e+02,4.592067999999999870e+02
1.079138099999999895e+03,4.947522000000000162e+02
9.783060411258278464e+02,5.963583999999999605e+02
9.791309007957560198e+02,5.963583999999999605e+02
9.796759622516556192e+02,5.963583999999999605e+02
1.079626299999999901e+03,4.929122300000000223e+02
9.810458833774833920e+02,5.963583999999999605e+02
9.818743767904509241e+02,5.963583999999999605e+02
9.824158045033112785e+02,5.963583999999999605e+02
1.080708499999999958e+03,4.910721399999999903e+02
9.837857256291390513e+02,5.963583999999999605e+02
9.846178527851459421e+02,5.963583999999999605e+02
9.851556467549669378e+02,5.963583999999999605e+02
1.081125900000000001e+03,4.892479200000000219e+02
9.865255678807947106e+02,5.900570000000000164e+02
9.873613287798408464e+02,5.900570000000000164e+02
9.878954890066224834e+02,5.900570000000000164e+02
1.081125900000000001e+03,4.877274199999999951e+02
9.892654101324503699e+02,5.900570000000000164e+02
9.901048047745358645e+02,5.900570000000000164e+02
9.906353312582781427e+02,5.900570000000000164e+02
1.081254799999999932e+03,4.858876999999999953e+02
9.920052523841059156e+02,5.900570000000000164e+02
9.928482807692307688e+02,5.900570000000000164e+02
9.933751735099338021e+02,5.900570000000000164e+02
1.081846700000000055e+03,4.846063199999999824e+02
9.947450946357615749e+02,5.900570000000000164e+02
9.955917567639257868e+02,5.900570000000000164e+02
9.961150157615893477e+02,5.900570000000000164e+02
1.082383900000000040e+03,4.827628199999999765e+02
9.974849368874172342e+02,5.900570000000000164e+02
9.983352327586206911e+02,5.900570000000000164e+02
9.988548580132450070e+02,5.900570000000000164e+02
1.083385899999999992e+03,4.818704799999999864e+02
1.000224779139072893e+03,5.826705299999999852e+02
1.001078708753315709e+03,5.826705299999999852e+02
1.001594700264900666e+03,5.826705299999999852e+02
1.084432999999999993e+03,4.800088999999999828e+02
1.002964621390728439e+03,5.826705299999999852e+02
1.003822184748010613e+03,5.826705299999999852e+02
1.004334542516556326e+03,5.826705299999999852e+02
1.085444099999999935e+03,4.782115499999999884e+02
1.005704463642384098e+03,1.813203100000000063e+02
1.006565660742705631e+03,1.813203100000000063e+02
1.007074384768211871e+03,1.813203100000000063e+02
1.086483400000000074e+03,4.763643799999999828e+02
1.008444305894039758e+03,5.753079999999999927e+02
1.009309136737400536e+03,5.753079999999999927e+02
1.009814227019867531e+03,5.753079999999999927e+02
1.086624099999999999e+03,4.745063499999999976e+02
1.011184148145695417e+03,5.753079999999999927e+02
1.012052612732095554e+03,5.753079999999999927e+02
1.012554069271523190e+03,5.753079999999999927e+02
1.086624099999999999e+03,4.743370400000000018e+02
1.013923990397350963e+03,5.753079999999999927e+02
1.014796088726790458e+03,5.753079999999999927e+02
1.015293911523178849e+03,5.753079999999999927e+02
1.086624099999999999e+03,4.743370400000000018e+02
1.016663832649006622e+03,5.669991499999999860e+02
1.017539564721485476e+03,5.669991499999999860e+02
1.018033753774834395e+03,5.669991499999999860e+02
1.086624099999999999e+03,4.743370400000000018e+02
1.019403674900662281e+03,5.669991499999999860e+02
1.020283040716180381e+03,5.669991499999999860e+02
1.020773596026490054e+03,5.669991499999999860e+02
1.086624099999999999e+03,4.743370400000000018e+02
1.022143517152317827e+03,5.669991499999999860e+02
1.023026516710875399e+03,5.669991499999999860e+02
1.023513438278145713e+03,5.669991499999999860e+02
1.086022600000000011e+03,4.745178199999999720e+02
1.024883359403973373e+03,5.566334000000000515e+02
1.025769992705570303e+03,5.566334000000000515e+02
1.026253280529801486e+03,5.566334000000000515e+02
1.084864700000000084e+03,4.765761699999999905e+02
1.027623201655629146e+03,5.566334000000000515e+02
1.028513468700265321e+03,5.566334000000000515e+02
1.028993122781456805e+03,5.566334000000000515e+02
1.082761700000000019e+03,4.803142000000000280e+02
1.030363043907284919e+03,5.566334000000000515e+02
1.031256944694960112e+03,5.566334000000000515e+02
1.031732965033112578e+03,5.566334000000000515e+02
1.080685400000000072e+03,4.843967299999999909e+02
1.033102886158940237e+03,5.440400399999999763e+02
1.034000420689655130e+03,5.440400399999999763e+02
1.034472807284768351e+03,5.440400399999999763e+02
1.078109400000000051e+03,4.899325000000000045e+02
1.035842728410596010e+03,5.440400399999999763e+02
1.036743896684350148e+03,5.440400399999999763e+02
1.037212649536423669e+03,5.440400399999999763e+02
1.076388500000000022e+03,4.951578400000000215e+02
1.038582570662251783e+03,5.440400399999999763e+02
1.039487372679045166e+03,5.440400399999999763e+02
1.039952491788079442e+03,5.440400399999999763e+02
1.074491299999999910e+03,5.009123500000000035e+02
1.041322412913907328e+03,5.322432999999999765e+02
1.042230848673740184e+03,5.322432999999999765e+02
1.042692334039735215e+03,5.322432999999999765e+02
1.072922399999999925e+03,5.085716600000000085e+02
1.044062255165562874e+03,5.322432999999999765e+02
1.044974324668435202e+03,5.322432999999999765e+02
1.045432176291390761e+03,5.322432999999999765e+02
1.070857899999999972e+03,5.193202999999999747e+02
1.046802097417218647e+03,5.322432999999999765e+02
1.047717800663129992e+03,5.322432999999999765e+02
1.048172018543046306e+03,5.322432999999999765e+02
1.068810999999999922e+03,5.302360999999999649e+02
1.049541939668874193e+03,3.566899399999999787e+02
1.050461276657825010e+03,3.566899399999999787e+02
1.050911860794702079e+03,3.512461000000000126e+02
1.068155999999999949e+03,5.415869000000000142e+02
1.052281781920529738e+03,3.613270299999999793e+02
1.053204752652519801e+03,3.446155999999999722e+02
1.053651703046357625e+03,3.446155999999999722e+02
1.068638500000000022e+03,5.499201699999999846e+02
1.055021624172185511e+03,5.200497000000000298e+02
1.055948228647214819e+03,3.631756599999999935e+02
1.056391545298013170e+03,3.631756599999999935e+02
1.070216300000000047e+03,5.572763700000000426e+02
1.057761466423841057e+03,3.446155999999999722e+02
1.058691704641909837e+03,3.650160999999999945e+02
1.059131387549668943e+03,3.650160999999999945e+02
1.072778199999999970e+03,5.662960000000000491e+02
1.060501308675496603e+03,3.437271700000000010e+02
1.061435180636604855e+03,3.437271700000000010e+02
1.061871229801324489e+03,3.437271700000000010e+02
1.074859699999999975e+03,5.735788599999999633e+02
1.063241150927152376e+03,5.125262500000000045e+02
1.064178656631299873e+03,3.668568000000000211e+02
1.064611072052980035e+03,3.668568000000000211e+02
1.076774499999999989e+03,5.785535999999999603e+02
1.065980993178807921e+03,3.437271700000000010e+02
1.066922132625994664e+03,3.437271700000000010e+02
1.067350914304635808e+03,3.437271700000000010e+02
1.077991099999999960e+03,5.803926000000000158e+02
1.068720835430463467e+03,5.499201699999999846e+02
1.069665608620689682e+03,5.572763700000000426e+02
1.070090756556291353e+03,5.572763700000000426e+02
1.080793499999999995e+03,5.835251500000000533e+02
1.071460677682119240e+03,5.193202999999999747e+02
1.072409084615384472e+03,5.040539600000000178e+02
1.072830598807946899e+03,5.662960000000000491e+02
1.084911499999999933e+03,5.872032500000000255e+02
1.074200519933774785e+03,5.009123500000000035e+02
1.075152560610079490e+03,5.004349399999999832e+02
1.075570441059602672e+03,3.668282500000000255e+02
1.090860100000000102e+03,5.908717000000000326e+02
1.076940362185430331e+03,5.785535999999999603e+02
1.077896036604774508e+03,5.803926000000000158e+02
1.078310283311258445e+03,4.899325000000000045e+02
1.096254400000000032e+03,5.925080600000000004e+02
1.079680204437086104e+03,4.929122300000000223e+02
1.080639512599469526e+03,4.843967299999999909e+02
1.081050125562913763e+03,4.892479200000000219e+02
1.102164800000000014e+03,5.925080600000000004e+02
1.082420046688741877e+03,4.827628199999999765e+02
1.083382988594164544e+03,4.818704799999999864e+02
1.083789967814569536e+03,4.818704799999999864e+02
1.108922399999999925e+03,5.909367700000000241e+02
1.085159888940397195e+03,5.872032500000000255e+02
1.086126464588859562e+03,4.745178199999999720e+02
1.086529810066225309e+03,4.763643799999999828e+02
1.114279999999999973e+03,5.883037000000000489e+02
1.087899731192052968e+03,3.447262000000000057e+02
1.088869940583554353e+03,3.447262000000000057e+02
1.089269652317880627e+03,3.447262000000000057e+02
1.120376600000000053e+03,5.846516000000000304e+02
1.090639573443708741e+03,5.908717000000000326e+02
1.091613416578249371e+03,3.636091299999999933e+02
1.092009494569536400e+03,3.636091299999999933e+02
1.127183600000000069e+03,5.782181399999999485e+02
1.093379415695364287e+03,5.925080600000000004e+02
1.094356892572944162e+03,5.925080600000000004e+02
1.094749336821192173e+03,5.925080600000000004e+02
1.132819199999999910e+03,5.708852500000000418e+02
1.096119257947019832e+03,5.925080600000000004e+02
1.097100368567639180e+03,3.467193599999999947e+02
1.097489179072847719e+03,3.467193599999999947e+02
1.138503400000000056e+03,5.626240000000000236e+02
1.098859100198675605e+03,3.611506299999999783e+02
1.099843844562334198e+03,3.611506299999999783e+02
1.100229021324503265e+03,3.611506299999999783e+02
1.143696200000000090e+03,5.532527999999999793e+02
1.101598942450331151e+03,5.925080600000000004e+02
1.102587320557029216e+03,5.925080600000000004e+02
1.102968863576159038e+03,5.925080600000000004e+02
1.150058600000000069e+03,5.407717000000000098e+02
1.104338784701986697e+03,3.504233399999999961e+02
1.105330796551724234e+03,3.504233399999999961e+02
1.105708705827814583e+03,3.504233399999999961e+02
1.156481199999999944e+03,5.280811999999999671e+02
1.107078626953642470e+03,3.593122599999999807e+02
1.108074272546419252e+03,3.593122599999999807e+02
1.108448548079470129e+03,3.593122599999999807e+02
1.162925300000000107e+03,5.155176000000000158e+02
1.109818469205298015e+03,1.864620400000000018e+02
1.110817748541114042e+03,1.864620400000000018e+02
1.111188390331125902e+03,1.864620400000000018e+02
1.171673199999999952e+03,4.986173000000000002e+02
1.112558311456953561e+03,5.883037000000000489e+02
1.113561224535809060e+03,5.883037000000000489e+02
1.113928232582781447e+03,5.883037000000000489e+02
1.178044599999999946e+03,4.831683300000000258e+02
1.115298153708609334e+03,3.544406700000000114e+02
1.116304700530503851e+03,3.574693599999999947e+02
1.116668074834436993e+03,3.574693599999999947e+02
1.182728599999999915e+03,4.729328600000000051e+02
1.118037995960264880e+03,5.846516000000000304e+02
1.119048176525198869e+03,5.846516000000000304e+02
1.119407917086092766e+03,5.846516000000000304e+02
1.186318199999999933e+03,4.613356999999999744e+02
1.120777838211920425e+03,5.846516000000000304e+02
1.121791652519893887e+03,5.846516000000000304e+02
1.122147759337748312e+03,5.846516000000000304e+02
1.187990399999999909e+03,4.521309800000000223e+02
1.123517680463576198e+03,3.556351300000000037e+02
1.124535128514588905e+03,3.556351300000000037e+02
1.124887601589403857e+03,3.556351300000000037e+02
1.189023899999999912e+03,4.429442000000000235e+02
1.126257522715231744e+03,3.603443599999999947e+02
1.127278604509283923e+03,5.782181399999999485e+02
1.127627443841059630e+03,5.782181399999999485e+02
1.187705300000000079e+03,4.339731400000000008e+02
1.128997364966887289e+03,5.708852500000000418e+02
1.130022080503978941e+03,5.708852500000000418e+02
1.130367286092715176e+03,5.708852500000000418e+02
1.186086399999999912e+03,4.236690699999999765e+02
1.131737207218543062e+03,5.708852500000000418e+02
1.132765556498673732e+03,5.708852500000000418e+02
1.133107128344370722e+03,5.708852500000000418e+02
1.182972899999999981e+03,4.163004000000000246e+02
1.134477049470198835e+03,3.663557000000000130e+02
1.135509032493368750e+03,3.532162999999999897e+02
1.135846970596026495e+03,3.532162999999999897e+02
1.179366600000000062e+03,4.090724000000000160e+02
1.137216891721854154e+03,5.626240000000000236e+02
1.138252508488063540e+03,5.626240000000000236e+02
1.138586812847682268e+03,5.626240000000000236e+02
1.172182999999999993e+03,4.015567599999999970e+02
1.139956733973509927e+03,5.626240000000000236e+02
1.140995984482758558e+03,5.626240000000000236e+02
1.141326655099337586e+03,5.626240000000000236e+02
1.161240500000000111e+03,3.921065699999999765e+02
1.142696576225165700e+03,5.532527999999999793e+02
1.143739460477453576e+03,5.532527999999999793e+02
1.144066497350993359e+03,3.746607700000000136e+02
1.152285599999999931e+03,3.828043200000000184e+02
1.145436418476821245e+03,3.510582299999999805e+02
1.146482936472148594e+03,3.510582299999999805e+02
1.146806339602649132e+03,3.510582299999999805e+02
1.143920900000000074e+03,3.746607700000000136e+02
1.148176260728476791e+03,5.407717000000000098e+02
1.149226412466843612e+03,5.407717000000000098e+02
1.149546181854304677e+03,5.407717000000000098e+02
1.134821400000000040e+03,3.663557000000000130e+02
1.150916102980132564e+03,5.407717000000000098e+02
1.151969888461538631e+03,3.828043200000000184e+02
1.152286024105960223e+03,3.828043200000000184e+02
1.126526499999999942e+03,3.603443599999999947e+02
1.153655945231788110e+03,3.483290999999999826e+02
1.154713364456233421e+03,3.483290999999999826e+02
1.155025866357615996e+03,3.483290999999999826e+02
1.115877899999999954e+03,3.544406700000000114e+02
1.156395787483443655e+03,5.280811999999999671e+02
1.157456840450928439e+03,5.280811999999999671e+02
1.157765708609271542e+03,5.280811999999999671e+02
1.105459100000000035e+03,3.504233399999999961e+02
1.159135629735099428e+03,3.921065699999999765e+02
1.160200316445623230e+03,3.921065699999999765e+02
1.160505550860927087e+03,3.921065699999999765e+02
1.096448599999999942e+03,3.467193599999999947e+02
1.161875471986754974e+03,3.921065699999999765e+02
1.162943792440318248e+03,5.155176000000000158e+02
1.163245393112582860e+03,5.155176000000000158e+02
1.087246200000000044e+03,3.447262000000000057e+02
1.164615314238410519e+03,3.464855999999999767e+02
1.165687268435013266e+03,3.464855999999999767e+02
1.165985235364238406e+03,3.464855999999999767e+02
1.076375999999999976e+03,3.437271700000000010e+02
1.167355156490066292e+03,4.986173000000000002e+02
1.168430744429708284e+03,4.986173000000000002e+02
1.168725077615893952e+03,4.986173000000000002e+02
1.067002799999999979e+03,3.437271700000000010e+02
1.170094998741721838e+03,4.986173000000000002e+02
1.171174220424403302e+03,4.986173000000000002e+02
1.171464919867549725e+03,4.986173000000000002e+02
1.060881699999999910e+03,3.437271700000000010e+02
1.172834840993377384e+03,4.015567599999999970e+02
1.173917696419098320e+03,3.446510000000000105e+02
1.174204762119205270e+03,3.446510000000000105e+02
1.056855600000000095e+03,3.446155999999999722e+02
1.175574683245033157e+03,4.831683300000000258e+02
1.176661172413793111e+03,4.831683300000000258e+02
1.176944604370860816e+03,4.831683300000000258e+02
1.054365999999999985e+03,3.446155999999999722e+02
1.178314525496688702e+03,4.831683300000000258e+02
1.179404648408488129e+03,4.090724000000000160e+02
1.179684446622516589e+03,4.090724000000000160e+02
1.053451399999999921e+03,3.446155999999999722e+02
1.181054367748344248e+03,4.729328600000000051e+02
1.182148124403182919e+03,4.729328600000000051e+02
1.182424288874172134e+03,4.729328600000000051e+02
1.051943999999999960e+03,3.479614300000000071e+02
1.183794210000000021e+03,3.428059000000000083e+02
1.184891600397877937e+03,3.428059000000000083e+02
1.185164131125827680e+03,3.428059000000000083e+02
1.050904399999999896e+03,3.512461000000000126e+02
1.186534052251655794e+03,4.613356999999999744e+02
1.187635076392572955e+03,4.339731400000000008e+02
1.187903973377483453e+03,4.521309800000000223e+02
1.050635899999999992e+03,3.544524000000000115e+02
1.189273894503311112e+03,4.429442000000000235e+02
1.190378552387267973e+03,4.429442000000000235e+02
1.190643815629139226e+03,4.429442000000000235e+02
1.050635899999999992e+03,3.566899399999999787e+02
1.192013736754966885e+03,4.429442000000000235e+02
1.193122028381962991e+03,4.429442000000000235e+02
1.193383657880794544e+03,4.429442000000000235e+02
1.050635899999999992e+03,3.579431000000000154e+02
1.194753579006622658e+03,3.409673999999999978e+02
1.195865504376658009e+03,3.409673999999999978e+02
1.196123500132450317e+03,3.409673999999999978e+02
1.051500700000000052e+03,3.603691400000000158e+02
1.197493421258277976e+03,3.409673999999999978e+02
1.198608980371352800e+03,3.409673999999999978e+02
1.198863342384106090e+03,3.409673999999999978e+02
1.052539399999999887e+03,3.613270299999999793e+02
1.200233263509933749e+03,3.409673999999999978e+02
1.201352456366047818e+03,3.409673999999999978e+02
1.201603184635761636e+03,3.409673999999999978e+02
1.055912399999999934e+03,3.631756599999999935e+02
1.202973105761589522e+03,3.409673999999999978e+02
1.204095932360742609e+03,3.409673999999999978e+02
1.204343026887417182e+03,3.409673999999999978e+02
1.059573900000000094e+03,3.650160999999999945e+02
1.205712948013245068e+03,3.391342799999999897e+02
1.206839408355437627e+03,3.391342799999999897e+02
1.207082869139072955e+03,3.391342799999999897e+02
1.063695799999999963e+03,3.668568000000000211e+02
1.208452790264900614e+03,3.391342799999999897e+02
1.209582884350132645e+03,3.391342799999999897e+02
1.209822711390728500e+03,3.391342799999999897e+02
1.068946300000000065e+03,3.668282500000000255e+02
1.211192632516556387e+03,3.391342799999999897e+02
1.212326360344827663e+03,3.391342799999999897e+02
1.212562553642384046e+03,3.391342799999999897e+02
1.075655899999999974e+03,3.668282500000000255e+02
1.213932474768211932e+03,5.711839599999999564e+02
1.215069836339522681e+03,5.711839599999999564e+02
1.215302395894039819e+03,5.711839599999999564e+02
1.082602399999999989e+03,3.657468299999999886e+02
1.216672317019867478e+03,5.711839599999999564e+02
1.217813312334217699e+03,5.711839599999999564e+02
1.218042238145695364e+03,5.711839599999999564e+02
1.091212999999999965e+03,3.636091299999999933e+02
1.219412159271523251e+03,5.715425999999999931e+02
1.220556788328912489e+03,5.715425999999999931e+02
1.220782080397350910e+03,5.715425999999999931e+02
1.099375000000000000e+03,3.611506299999999783e+02
1.222152001523178797e+03,3.390687300000000164e+02
1.223300264323607507e+03,3.390687300000000164e+02
1.223521922649006683e+03,3.390687300000000164e+02
1.107953700000000026e+03,3.593122599999999807e+02
1.224891843774834342e+03,3.390687300000000164e+02
1.226043740318302298e+03,3.390687300000000164e+02
1.226261764900662229e+03,3.390687300000000164e+02
1.116247599999999920e+03,3.574693599999999947e+02
1.227631686026490115e+03,5.733737999999999602e+02
1.228787216312997316e+03,5.733737999999999602e+02
1.229001607152317774e+03,5.733737999999999602e+02
1.125301300000000083e+03,3.556351300000000037e+02
1.230371528278145661e+03,5.733737999999999602e+02
1.231530692307692334e+03,3.375075699999999870e+02
1.231741449403973547e+03,3.375075699999999870e+02
1.135238499999999931e+03,3.532162999999999897e+02
1.233111370529801206e+03,3.375075699999999870e+02
1.234274168302387352e+03,3.375075699999999870e+02
1.234481291655629093e+03,3.375075699999999870e+02
1.145349099999999908e+03,3.510582299999999805e+02
1.235851212781456979e+03,3.375075699999999870e+02
1.237017644297082370e+03,3.375075699999999870e+02
1.237221133907284639e+03,3.375075699999999870e+02
1.154294300000000021e+03,3.483290999999999826e+02
1.238591055033112525e+03,3.375075699999999870e+02
1.239761120291777161e+03,3.375075699999999870e+02
1.239960976158940412e+03,3.375075699999999870e+02
1.163627899999999954e+03,3.464855999999999767e+02
1.241330897284768071e+03,3.375075699999999870e+02
1.242504596286472179e+03,3.375075699999999870e+02
1.242700818410596185e+03,3.375075699999999870e+02
1.173896400000000085e+03,3.446510000000000105e+02
1.244070739536423844e+03,5.765730999999999540e+02
1.245248072281166969e+03,5.765730999999999540e+02
1.245440660662251503e+03,5.765730999999999540e+02
1.183758000000000038e+03,3.428059000000000083e+02
1.246810581788079617e+03,5.765730999999999540e+02
1.247991548275861987e+03,5.765730999999999540e+02
1.248180502913907276e+03,5.765730999999999540e+02
1.197277199999999993e+03,3.409673999999999978e+02
1.249550424039734935e+03,3.379162600000000225e+02
1.250735024270557005e+03,3.379162600000000225e+02
1.250920345165563049e+03,3.379162600000000225e+02
1.211182900000000018e+03,3.391342799999999897e+02
1.252290266291390708e+03,3.379162600000000225e+02
1.253478500265252023e+03,3.379162600000000225e+02
1.253660187417218594e+03,3.379162600000000225e+02
1.222916099999999915e+03,3.390687300000000164e+02
1.255030108543046481e+03,3.388652299999999968e+02
1.256221976259947041e+03,3.388652299999999968e+02
1.256400029668874140e+03,3.388652299999999968e+02
1.232838600000000042e+03,3.375075699999999870e+02
1.257769950794702027e+03,3.388652299999999968e+02
1.258965452254642059e+03,3.388652299999999968e+02
1.259139871920529913e+03,3.388652299999999968e+02
1.241094200000000001e+03,3.375075699999999870e+02
1.260509793046357572e+03,3.388652299999999968e+02
1.261708928249336850e+03,3.388652299999999968e+02
1.261879714172185459e+03,3.388652299999999968e+02
1.250140400000000000e+03,3.379162600000000225e+02
1.263249635298013345e+03,5.791803999999999633e+02
1.264452404244031868e+03,5.791803999999999633e+02
1.264619556423841004e+03,5.791803999999999633e+02
1.259971999999999980e+03,3.388652299999999968e+02
1.265989477549668891e+03,5.791803999999999633e+02
1.267195880238726659e+03,5.791803999999999633e+02
1.267359398675496777e+03,5.791803999999999633e+02
1.269339099999999917e+03,3.397336399999999799e+02
1.268729319801324436e+03,5.791803999999999633e+02
1.269939356233421677e+03,3.397336399999999799e+02
1.270099240927152323e+03,3.397336399999999799e+02
1.278627099999999928e+03,3.415859399999999937e+02
1.271469162052980209e+03,3.397336399999999799e+02
1.272682832228116695e+03,3.397336399999999799e+02
1.272839083178807869e+03,3.397336399999999799e+02
1.286525399999999991e+03,3.434975600000000213e+02
1.274209004304635755e+03,3.415859399999999937e+02
1.275426308222811713e+03,3.415859399999999937e+02
1.275578925430463642e+03,3.415859399999999937e+02
1.293425500000000056e+03,3.469605700000000184e+02
1.276948846556291301e+03,3.415859399999999937e+02
1.278169784217506731e+03,3.415859399999999937e+02
1.278318767682119187e+03,3.415859399999999937e+02
1.300282699999999977e+03,3.506418499999999767e+02
1.279688688807947074e+03,3.415859399999999937e+02
1.280913260212201749e+03,3.415859399999999937e+02
1.281058609933774733e+03,3.415859399999999937e+02
1.305948599999999942e+03,3.560735999999999990e+02
1.282428531059602619e+03,3.434975600000000213e+02
1.283656736206896539e+03,3.434975600000000213e+02
1.283798452185430506e+03,3.434975600000000213e+02
1.314183299999999917e+03,3.634095500000000243e+02
1.285168373311258165e+03,3.434975600000000213e+02
1.286400212201591557e+03,3.434975600000000213e+02
1.286538294437086051e+03,3.434975600000000213e+02
1.321503500000000031e+03,3.727665999999999826e+02
1.287908215562913938e+03,5.782920000000000300e+02
1.289143688196286348e+03,5.782920000000000300e+02
1.289278136688741597e+03,5.782920000000000300e+02
1.330307000000000016e+03,3.837243700000000217e+02
1.290648057814569484e+03,5.782920000000000300e+02
1.291887164190981366e+03,5.782920000000000300e+02
1.292017978940397370e+03,5.782920000000000300e+02
1.339805499999999938e+03,3.939423800000000142e+02
1.293387900066225029e+03,3.469605700000000184e+02
1.294630640185676384e+03,3.469605700000000184e+02
1.294757821192053143e+03,3.469605700000000184e+02
1.348148300000000063e+03,4.061166999999999803e+02
1.296127742317880802e+03,3.506418499999999767e+02
1.297374116180371402e+03,3.506418499999999767e+02
1.297497663443708461e+03,3.506418499999999767e+02
1.357466300000000047e+03,4.237217999999999734e+02
1.298867584569536575e+03,3.506418499999999767e+02
1.300117592175066420e+03,3.506418499999999767e+02
1.300237505695364234e+03,3.506418499999999767e+02
1.368629799999999932e+03,4.469064999999999941e+02
1.301607426821191893e+03,3.506418499999999767e+02
1.302861068169761438e+03,3.506418499999999767e+02
1.302977347947020007e+03,3.506418499999999767e+02
1.377191900000000032e+03,4.699911999999999921e+02
1.304347269072847666e+03,3.560735999999999990e+02
1.305604544164456229e+03,3.560735999999999990e+02
1.305717190198675326e+03,3.560735999999999990e+02
1.383528399999999920e+03,4.915771500000000174e+02
1.307087111324503439e+03,3.560735999999999990e+02
1.308348020159151247e+03,3.560735999999999990e+02
1.308457032450331099e+03,3.560735999999999990e+02
1.387877799999999979e+03,5.063968499999999722e+02
1.309826953576158985e+03,3.634095500000000243e+02
1.311091496153846037e+03,3.634095500000000243e+02
1.311196874701986872e+03,3.634095500000000243e+02
1.390397200000000112e+03,5.213859999999999673e+02
1.312566795827814531e+03,3.634095500000000243e+02
1.313834972148541056e+03,3.634095500000000243e+02
1.313936716953642417e+03,3.634095500000000243e+02
1.390652299999999968e+03,5.356117000000000417e+02
1.315306638079470304e+03,5.778310500000000047e+02
1.316578448143236074e+03,5.778310500000000047e+02
1.316676559205297963e+03,5.778310500000000047e+02
1.387775000000000091e+03,5.473453399999999647e+02
1.318046480331125849e+03,3.727665999999999826e+02
1.319321924137931092e+03,3.727665999999999826e+02
1.319416401456953736e+03,3.727665999999999826e+02
1.384135999999999967e+03,5.532853000000000065e+02
1.320786322582781395e+03,3.727665999999999826e+02
1.322065400132626110e+03,3.727665999999999826e+02
1.322156243708609281e+03,3.727665999999999826e+02
1.375265499999999975e+03,5.598215300000000525e+02
1.323526164834437168e+03,3.727665999999999826e+02
1.324808876127321128e+03,3.727665999999999826e+02
1.324896085960264827e+03,3.727665999999999826e+02
1.362034400000000005e+03,5.667414599999999609e+02
1.326266007086092714e+03,3.837243700000000217e+02
1.327552352122015918e+03,3.837243700000000217e+02
1.327635928211920600e+03,3.837243700000000217e+02
1.338476000000000113e+03,5.732948999999999842e+02
1.329005849337748259e+03,3.837243700000000217e+02
1.330295828116710936e+03,3.837243700000000217e+02
1.330375770463576146e+03,3.837243700000000217e+02
1.315263500000000022e+03,5.778310500000000047e+02
1.331745691589404032e+03,3.837243700000000217e+02
1.333039304111405727e+03,3.837243700000000217e+02
1.333115612715231691e+03,3.837243700000000217e+02
1.290773599999999988e+03,5.782920000000000300e+02
1.334485533841059578e+03,5.732948999999999842e+02
1.335782780106100745e+03,5.732948999999999842e+02
1.335855454966887464e+03,5.732948999999999842e+02
1.268856099999999969e+03,5.791803999999999633e+02
1.337225376092715123e+03,5.732948999999999842e+02
1.338526256100795763e+03,5.732948999999999842e+02
1.338595297218543010e+03,5.732948999999999842e+02
1.246633199999999988e+03,5.765730999999999540e+02
1.339965218344370896e+03,3.939423800000000142e+02
1.341269732095490781e+03,3.939423800000000142e+02
1.341335139470198556e+03,3.939423800000000142e+02
1.230132800000000088e+03,5.733737999999999602e+02
1.342705060596026442e+03,4.061166999999999803e+02
1.344013208090185799e+03,4.061166999999999803e+02
1.344074981721854328e+03,4.061166999999999803e+02
1.221089600000000019e+03,5.715425999999999931e+02
1.345444902847681988e+03,4.061166999999999803e+02
1.346756684084880817e+03,4.061166999999999803e+02
1.346814823973509874e+03,4.061166999999999803e+02
1.217907099999999900e+03,5.711839599999999564e+02
1.348184745099337761e+03,4.061166999999999803e+02
1.349500160079575608e+03,4.061166999999999803e+02
1.349554666225165420e+03,4.061166999999999803e+02
1.217581500000000005e+03,5.711839599999999564e+02
1.350924587350993534e+03,4.061166999999999803e+02
1.352243636074270626e+03,4.061166999999999803e+02
1.352294508476821193e+03,4.061166999999999803e+02
1.217581500000000005e+03,5.711839599999999564e+02
1.353664429602648852e+03,4.237217999999999734e+02
1.354987112068965416e+03,4.237217999999999734e+02
1.355034350728476966e+03,4.237217999999999734e+02
6.947517000000000280e+02,2.077861300000000142e+02
1.356404271854304625e+03,4.237217999999999734e+02
1.357730588063660434e+03,4.237217999999999734e+02
1.357774192980132284e+03,4.237217999999999734e+02
6.947517000000000280e+02,2.077861300000000142e+02
1.359144114105960398e+03,5.667414599999999609e+02
1.360474064058355452e+03,5.667414599999999609e+02
1.360514035231788057e+03,5.667414599999999609e+02
6.947517000000000280e+02,2.077861300000000142e+02
1.361883956357615943e+03,5.667414599999999609e+02
1.363217540053050470e+03,5.667414599999999609e+02
1.363253877483443830e+03,5.667414599999999609e+02
6.947517000000000280e+02,2.077861300000000142e+02
1.364623798609271489e+03,4.469064999999999941e+02
1.365961016047745488e+03,4.469064999999999941e+02
1.365993719735099376e+03,4.469064999999999941e+02
7.298249499999999443e+02,2.030128200000000049e+02
1.367363640860927262e+03,4.469064999999999941e+02
1.368704492042440506e+03,4.469064999999999941e+02
1.368733561986754921e+03,4.469064999999999941e+02
7.689466999999999643e+02,2.011698000000000093e+02
1.370103483112582808e+03,4.469064999999999941e+02
1.371447968037135297e+03,4.469064999999999941e+02
1.371473404238410694e+03,4.469064999999999941e+02
8.149176999999999680e+02,1.984072299999999984e+02
1.372843325364238353e+03,5.598215300000000525e+02
1.374191444031830315e+03,5.598215300000000525e+02
1.374213246490066240e+03,5.598215300000000525e+02
8.619564000000000306e+02,1.937797899999999913e+02
1.375583167615894126e+03,5.598215300000000525e+02
1.376934920026525106e+03,4.699911999999999921e+02
1.376953088741721785e+03,4.699911999999999921e+02
9.050009000000000015e+02,1.882685500000000047e+02
1.378323009867549672e+03,4.699911999999999921e+02
1.379678396021220124e+03,4.699911999999999921e+02
1.379692930993377558e+03,4.699911999999999921e+02
9.506767599999999447e+02,1.842805199999999957e+02
1.381062852119205218e+03,4.915771500000000174e+02
1.382421872015915142e+03,4.915771500000000174e+02
1.382432773245033104e+03,4.915771500000000174e+02
1.004971700000000055e+03,1.813203100000000063e+02
1.383802694370860991e+03,4.915771500000000174e+02
1.385165348010610160e+03,5.532853000000000065e+02
1.385172615496688650e+03,5.532853000000000065e+02
1.068490999999999985e+03,1.819113800000000083e+02
1.386542536622516536e+03,5.473453399999999647e+02
1.387908824005305178e+03,5.063968499999999722e+02
1.387912457748344423e+03,5.063968499999999722e+02
1.110116500000000087e+03,1.864620400000000018e+02
1.389282378874172082e+03,5.213859999999999673e+02
1.390652299999999968e+03,5.356117000000000417e+02
1.390652299999999968e+03,5.356117000000000417e+02
1.110116500000000087e+03,1.864620400000000018e+02
