1.699225500000000011e+02,2.993020000000000209e+02
1.699225500000000011e+02,2.993020000000000209e+02
1.701054243796173466e+02,2.993020000000000209e+02
1.699225500000000011e+02,2.993020000000000209e+02
1.702882987592346922e+02,2.993020000000000209e+02
1.702883680560818505e+02,2.993020000000000209e+02
1.704711731388520661e+02,2.993020000000000209e+02
1.699225500000000011e+02,2.993020000000000209e+02
1.706540475184694117e+02,2.993020000000000209e+02
1.706541861121636998e+02,2.993020000000000209e+02
1.708369218980867572e+02,2.993020000000000209e+02
1.706544634571645247e+02,2.993020000000000209e+02
1.710197962777041027e+02,2.993020000000000209e+02
1.710200041682455492e+02,2.993020000000000209e+02
1.712026706573214767e+02,2.993020000000000209e+02
1.699225500000000011e+02,2.993020000000000209e+02
1.713855450369388222e+02,2.993020000000000209e+02
1.713858222243273985e+02,2.993020000000000209e+02
1.715684194165561678e+02,2.993020000000000209e+02
1.713863769143290483e+02,2.993020000000000209e+02
1.717512937961735133e+02,2.993020000000000209e+02
1.717516402804092479e+02,2.993020000000000209e+02
1.719341681757908589e+02,2.993020000000000209e+02
1.713874875569044036e+02,2.993020000000000209e+02
1.721170425554082328e+02,2.993020000000000209e+02
1.721174583364910973e+02,2.993020000000000209e+02
1.722999169350255784e+02,2.993020000000000209e+02
1.721182903714935435e+02,2.993020000000000209e+02
1.724827913146429239e+02,2.993020000000000209e+02
1.724832763925729466e+02,2.993020000000000209e+02
1.726656656942602694e+02,2.993020000000000209e+02
1.699225500000000011e+02,2.993020000000000209e+02
1.728485400738776434e+02,2.993020000000000209e+02
1.728490944486547960e+02,2.993020000000000209e+02
1.730314144534949889e+02,2.993020000000000209e+02
1.728502038286580671e+02,2.993020000000000209e+02
1.732142888331123345e+02,2.993020000000000209e+02
1.732149125047366454e+02,2.993020000000000209e+02
1.733971632127296800e+02,2.993020000000000209e+02
1.728524251138088061e+02,2.993020000000000209e+02
1.735800375923470256e+02,2.993020000000000209e+02
1.735807305608184947e+02,2.993020000000000209e+02
1.737629119719643995e+02,2.993020000000000209e+02
1.735821172858225907e+02,2.993020000000000209e+02
1.739457863515817451e+02,2.993020000000000209e+02
1.739465486169003441e+02,2.993020000000000209e+02
1.741286607311990906e+02,2.993020000000000209e+02
1.728568778115501630e+02,2.993020000000000209e+02
1.743115351108164361e+02,2.993020000000000209e+02
1.743123666729821934e+02,2.993020000000000209e+02
1.744944094904337817e+02,2.993020000000000209e+02
1.743140307429871143e+02,2.993020000000000209e+02
1.746772838700511556e+02,2.993020000000000209e+02
1.746781847290640428e+02,2.993020000000000209e+02
1.748601582496685012e+02,2.993020000000000209e+02
1.743173626707132087e+02,2.993020000000000209e+02
1.750430326292858467e+02,2.993020000000000209e+02
1.750440027851458922e+02,2.993020000000000209e+02
1.752259070089031923e+02,2.993020000000000209e+02
1.750459442001516379e+02,2.993020000000000209e+02
1.754087813885205662e+02,2.993020000000000209e+02
1.754098208412277415e+02,2.993020000000000209e+02
1.755916557681379118e+02,2.993020000000000209e+02
2.833856200000000172e+02,2.913054200000000264e+02
1.757745301477552573e+02,2.993020000000000209e+02
1.757756388973095909e+02,2.993020000000000209e+02
1.759574045273726028e+02,2.993020000000000209e+02
1.757778576573161615e+02,2.993020000000000209e+02
1.761402789069899484e+02,2.993020000000000209e+02
1.761414569533914403e+02,2.993020000000000209e+02
1.763231532866073223e+02,2.993020000000000209e+02
1.757823002276176112e+02,2.993020000000000209e+02
1.765060276662246679e+02,2.993020000000000209e+02
1.765072750094732896e+02,2.993020000000000209e+02
1.766889020458420134e+02,2.993020000000000209e+02
1.765097711144806567e+02,2.993020000000000209e+02
1.768717764254593590e+02,2.993020000000000209e+02
1.768730930655551390e+02,2.993020000000000209e+02
1.770546508050767329e+02,2.993020000000000209e+02
1.757912056231002964e+02,2.993020000000000209e+02
1.772375251846940785e+02,2.993020000000000209e+02
1.772389111216369884e+02,2.993020000000000209e+02
1.774203995643114240e+02,2.993020000000000209e+02
1.772416845716451803e+02,2.993020000000000209e+02
1.776032739439287695e+02,2.993020000000000209e+02
1.776047291777188377e+02,2.993020000000000209e+02
1.777861483235461151e+02,2.993020000000000209e+02
1.772472377845220137e+02,2.993020000000000209e+02
1.779690227031634890e+02,2.993020000000000209e+02
1.779705472338006871e+02,2.993020000000000209e+02
1.781518970827808346e+02,2.993020000000000209e+02
1.779735980288097039e+02,2.993020000000000209e+02
1.783347714623981801e+02,2.993020000000000209e+02
1.783363652898825364e+02,2.993020000000000209e+02
1.785176458420155257e+02,2.993020000000000209e+02
1.758090978658536585e+02,2.993020000000000209e+02
1.787005202216328712e+02,2.993020000000000209e+02
1.787021833459643858e+02,2.993020000000000209e+02
1.788833946012502452e+02,2.993020000000000209e+02
1.787055114859742275e+02,2.993020000000000209e+02
1.790662689808675907e+02,2.993020000000000209e+02
1.790680014020462352e+02,2.993020000000000209e+02
1.792491433604849362e+02,2.993020000000000209e+02
1.787121753414264163e+02,2.993020000000000209e+02
1.794320177401022818e+02,2.993020000000000209e+02
1.794338194581280845e+02,2.993020000000000209e+02
1.796148921197196557e+02,2.993020000000000209e+02
1.794374249431387511e+02,2.993020000000000209e+02
1.797977664993370013e+02,2.993020000000000209e+02
1.797996375142099339e+02,2.993020000000000209e+02
1.799806408789543468e+02,2.993020000000000209e+02
1.787255334346504583e+02,2.993020000000000209e+02
1.801635152585716924e+02,2.993020000000000209e+02
1.801654555702917833e+02,2.993020000000000209e+02
1.803463896381890663e+02,2.993020000000000209e+02
1.801693384003032747e+02,2.993020000000000209e+02
1.805292640178064119e+02,2.993020000000000209e+02
1.805312736263736326e+02,2.993020000000000209e+02
1.807121383974237574e+02,2.993020000000000209e+02
1.801771128983307904e+02,2.993020000000000209e+02
1.808950127770411029e+02,2.993020000000000209e+02
1.808970916824554820e+02,2.993020000000000209e+02
1.810778871566584485e+02,2.993020000000000209e+02
1.809012518574677699e+02,2.993020000000000209e+02
1.812607615362758224e+02,2.993020000000000209e+02
1.812629097385373314e+02,2.993020000000000209e+02
1.814436359158931680e+02,2.993020000000000209e+02
2.833856200000000172e+02,2.913054200000000264e+02
1.816265102955105135e+02,2.993020000000000209e+02
1.816287277946191807e+02,2.993020000000000209e+02
1.818093846751278591e+02,2.993020000000000209e+02
1.816331653146322935e+02,2.993020000000000209e+02
1.819922590547452046e+02,2.993020000000000209e+02
1.819945458507010301e+02,2.993020000000000209e+02
1.821751334343625786e+02,2.993020000000000209e+02
1.816420504552351929e+02,2.993020000000000209e+02
1.823580078139799241e+02,2.993020000000000209e+02
1.823603639067828794e+02,2.993020000000000209e+02
1.825408821935972696e+02,2.993020000000000209e+02
1.823650787717968171e+02,2.993020000000000209e+02
1.827237565732146152e+02,2.993020000000000209e+02
1.827261819628647288e+02,2.993020000000000209e+02
1.829066309528319607e+02,2.993020000000000209e+02
1.816598612462006201e+02,2.993020000000000209e+02
1.830895053324493347e+02,2.993020000000000209e+02
1.830920000189465782e+02,2.993020000000000209e+02
1.832723797120666802e+02,2.993020000000000209e+02
1.830969922289613407e+02,2.993020000000000209e+02
1.834552540916840258e+02,2.993020000000000209e+02
1.834578180750284275e+02,2.993020000000000209e+02
1.836381284713013713e+02,2.993020000000000209e+02
1.831069880121395954e+02,2.993020000000000209e+02
1.838210028509187453e+02,2.993020000000000209e+02
1.838236361311102769e+02,2.993020000000000209e+02
1.840038772305360908e+02,2.993020000000000209e+02
1.838289056861258643e+02,2.993020000000000209e+02
1.841867516101534363e+02,2.993020000000000209e+02
1.841894541871921263e+02,2.993020000000000209e+02
1.843696259897707819e+02,2.993020000000000209e+02
1.816956457317073159e+02,2.993020000000000209e+02
1.845525003693881558e+02,2.993020000000000209e+02
1.845552722432739756e+02,2.993020000000000209e+02
1.847353747490055014e+02,2.993020000000000209e+02
1.845608191432903595e+02,2.993020000000000209e+02
1.849182491286228469e+02,2.993020000000000209e+02
1.849210902993558250e+02,2.993020000000000209e+02
1.851011235082401925e+02,2.993020000000000209e+02
1.845719255690439979e+02,2.993020000000000209e+02
1.852839978878575380e+02,2.993020000000000209e+02
1.852869083554376743e+02,2.993020000000000209e+02
1.854668722674749120e+02,2.993020000000000209e+02
1.852927326004548831e+02,2.993020000000000209e+02
1.856497466470922575e+02,2.993020000000000209e+02
1.856527264115195237e+02,2.993020000000000209e+02
1.858326210267096030e+02,2.993020000000000209e+02
1.845941890577507536e+02,2.993020000000000209e+02
1.860154954063269486e+02,2.993020000000000209e+02
1.860185444676013731e+02,2.993020000000000209e+02
1.861983697859442941e+02,2.993020000000000209e+02
1.860246460576194067e+02,2.993020000000000209e+02
1.863812441655616681e+02,2.993020000000000209e+02
1.863843625236832224e+02,2.993020000000000209e+02
1.865641185451790136e+02,2.993020000000000209e+02
1.860368631259484005e+02,2.993020000000000209e+02
1.867469929247963591e+02,2.993020000000000209e+02
1.867501805797650718e+02,2.993020000000000209e+02
1.869298673044137047e+02,2.993020000000000209e+02
1.867565595147839304e+02,2.993020000000000209e+02
1.871127416840310502e+02,2.993020000000000209e+02
1.871159986358469212e+02,2.993020000000000209e+02
1.872956160636484242e+02,2.993020000000000209e+02
2.865344200000000114e+02,3.205139199999999846e+02
1.874784904432657697e+02,2.993020000000000209e+02
1.874818166919287705e+02,2.993020000000000209e+02
1.876613648228831153e+02,2.993020000000000209e+02
1.874884729719484540e+02,2.993020000000000209e+02
1.878442392025004892e+02,2.993020000000000209e+02
1.878476347480106199e+02,2.993020000000000209e+02
1.880271135821178348e+02,2.993020000000000209e+02
1.875018006828528030e+02,2.993020000000000209e+02
1.882099879617351803e+02,2.993020000000000209e+02
1.882134528040924693e+02,2.993020000000000209e+02
1.883928623413525258e+02,2.993020000000000209e+02
1.882203864291129776e+02,2.993020000000000209e+02
1.885757367209698714e+02,2.993020000000000209e+02
1.885792708601743186e+02,2.993020000000000209e+02
1.887586111005872453e+02,2.993020000000000209e+02
1.875285168693009155e+02,2.993020000000000209e+02
1.889414854802045909e+02,2.993020000000000209e+02
1.889450889162561680e+02,2.993020000000000209e+02
1.891243598598219364e+02,2.993020000000000209e+02
1.889522998862774728e+02,2.993020000000000209e+02
1.893072342394392820e+02,2.993020000000000209e+02
1.893109069723380173e+02,2.993020000000000209e+02
1.894901086190566275e+02,2.993020000000000209e+02
1.889667382397572055e+02,2.993020000000000209e+02
1.896729829986740015e+02,2.993020000000000209e+02
1.896767250284198667e+02,2.993020000000000209e+02
1.898558573782913470e+02,2.993020000000000209e+02
1.896842133434419964e+02,2.993020000000000209e+02
1.900387317579086925e+02,2.993020000000000209e+02
1.900425430845017161e+02,2.993020000000000209e+02
1.902216061375260381e+02,2.993020000000000209e+02
1.875821935975609733e+02,2.993020000000000209e+02
1.904044805171433836e+02,2.993020000000000209e+02
1.904083611405835654e+02,2.993020000000000209e+02
1.905873548967607576e+02,2.993020000000000209e+02
1.904161268006065200e+02,2.993020000000000209e+02
1.907702292763781031e+02,2.993020000000000209e+02
1.907741791966653864e+02,2.993020000000000209e+02
1.909531036559954487e+02,2.993020000000000209e+02
1.904316757966616080e+02,2.993020000000000209e+02
1.911359780356127942e+02,2.993020000000000209e+02
1.911399972527472642e+02,2.993020000000000209e+02
1.913188524152301682e+02,2.993020000000000209e+02
1.911480402577710436e+02,2.993020000000000209e+02
1.915017267948475137e+02,2.993020000000000209e+02
1.915058153088290851e+02,2.993020000000000209e+02
1.916846011744648592e+02,2.993020000000000209e+02
1.904628446808510489e+02,2.993020000000000209e+02
1.918674755540822048e+02,2.993020000000000209e+02
1.918716333649109629e+02,2.993020000000000209e+02
1.920503499336995787e+02,2.993020000000000209e+02
1.918799537149355672e+02,2.993020000000000209e+02
1.922332243133169243e+02,2.993020000000000209e+02
1.922374514209927838e+02,2.993020000000000209e+02
1.924160986929342698e+02,2.993020000000000209e+02
1.918966133535660106e+02,2.993020000000000209e+02
1.925989730725516154e+02,2.993020000000000209e+02
1.926032694770746616e+02,2.993020000000000209e+02
1.927818474521689609e+02,2.993020000000000209e+02
1.926118671721000624e+02,2.993020000000000209e+02
1.929647218317863349e+02,2.993020000000000209e+02
1.929690875331564826e+02,2.993020000000000209e+02
1.931475962114036804e+02,2.993020000000000209e+02
2.925113499999999931e+02,3.570172000000000025e+02
1.933304705910210259e+02,2.993020000000000209e+02
1.933349055892383603e+02,2.993020000000000209e+02
1.935133449706383715e+02,2.993020000000000209e+02
1.933437806292645860e+02,2.993020000000000209e+02
1.936962193502557170e+02,2.993020000000000209e+02
1.937007236453201813e+02,2.993020000000000209e+02
1.938790937298730910e+02,2.993020000000000209e+02
1.933615509104704131e+02,2.993020000000000209e+02
1.940619681094904365e+02,2.993020000000000209e+02
1.940665417014020591e+02,2.993020000000000209e+02
1.942448424891077821e+02,2.993020000000000209e+02
1.940756940864291096e+02,2.993020000000000209e+02
1.944277168687251276e+02,2.993020000000000209e+02
1.944323597574838800e+02,2.993020000000000209e+02
1.946105912483424731e+02,2.993020000000000209e+02
1.933971724924012108e+02,2.993020000000000209e+02
1.947934656279598471e+02,2.993020000000000209e+02
1.947981778135657578e+02,2.993020000000000209e+02
1.949763400075771926e+02,2.993020000000000209e+02
1.948076075435936332e+02,2.993020000000000209e+02
1.951592143871945382e+02,2.993020000000000209e+02
1.951639958696475787e+02,2.993020000000000209e+02
1.953420887668118837e+02,2.993020000000000209e+02
1.948264884673748156e+02,2.993020000000000209e+02
1.955249631464292577e+02,2.993020000000000209e+02
1.955298139257294565e+02,2.993020000000000209e+02
1.957078375260466032e+02,2.993020000000000209e+02
1.955395210007581568e+02,2.993020000000000209e+02
1.958907119056639488e+02,2.993020000000000209e+02
1.958956319818112775e+02,2.993020000000000209e+02
1.960735862852812943e+02,2.993020000000000209e+02
1.934687414634146307e+02,2.993020000000000209e+02
1.962564606648986683e+02,2.993020000000000209e+02
1.962614500378931552e+02,2.993020000000000209e+02
1.964393350445160138e+02,2.993020000000000209e+02
1.962714344579226804e+02,2.993020000000000209e+02
1.966222094241333593e+02,2.993020000000000209e+02
1.966272680939749762e+02,2.993020000000000209e+02
1.968050838037507049e+02,2.993020000000000209e+02
1.962914260242792182e+02,2.993020000000000209e+02
1.969879581833680504e+02,2.993020000000000209e+02
1.969930861500568255e+02,2.993020000000000209e+02
1.971708325629854244e+02,2.993020000000000209e+02
1.970033479150871756e+02,2.993020000000000209e+02
1.973537069426027699e+02,2.993020000000000209e+02
1.973589042061386749e+02,2.993020000000000209e+02
1.975365813222201155e+02,2.993020000000000209e+02
1.963315003039513726e+02,2.993020000000000209e+02
1.977194557018374610e+02,2.993020000000000209e+02
1.977247222622205243e+02,2.993020000000000209e+02
1.979023300814548065e+02,2.993020000000000209e+02
1.977352613722516992e+02,2.993020000000000209e+02
1.980852044610721805e+02,2.993020000000000209e+02
1.980905403183023736e+02,2.993020000000000209e+02
1.982680788406895260e+02,2.993020000000000209e+02
1.977563635811836207e+02,2.993020000000000209e+02
1.984509532203068716e+02,2.993020000000000209e+02
1.984563583743842230e+02,2.993020000000000209e+02
1.986338275999242171e+02,2.993020000000000209e+02
1.984671748294162228e+02,2.993020000000000209e+02
1.988167019795415627e+02,2.993020000000000209e+02
1.988221764304660724e+02,2.993020000000000209e+02
1.989995763591589366e+02,2.993020000000000209e+02
2.981025399999999763e+02,3.973021200000000022e+02
1.991824507387762822e+02,2.901201199999999858e+02
1.991879944865479217e+02,2.901201199999999858e+02
1.993653251183936277e+02,2.901201199999999858e+02
1.991990882865807464e+02,2.901201199999999858e+02
1.995481994980110017e+02,2.901201199999999858e+02
1.995538125426297711e+02,2.901201199999999858e+02
1.997310738776283472e+02,2.901201199999999858e+02
1.992213011380880232e+02,2.901201199999999858e+02
1.999139482572456927e+02,2.901201199999999858e+02
1.999196305987116205e+02,2.901201199999999858e+02
2.000968226368630383e+02,2.901201199999999858e+02
1.999310017437452700e+02,2.901201199999999858e+02
2.002796970164803838e+02,2.901201199999999858e+02
2.002854486547934698e+02,2.901201199999999858e+02
2.004625713960977578e+02,2.901201199999999858e+02
1.992658281155015061e+02,2.901201199999999858e+02
2.006454457757151033e+02,2.901201199999999858e+02
2.006512667108753192e+02,2.901201199999999858e+02
2.008283201553324488e+02,2.901201199999999858e+02
2.006629152009097652e+02,2.901201199999999858e+02
2.010111945349497944e+02,2.901201199999999858e+02
2.010170847669571685e+02,2.901201199999999858e+02
2.011940689145671399e+02,2.901201199999999858e+02
2.006862386949924257e+02,2.901201199999999858e+02
2.013769432941845139e+02,2.901201199999999858e+02
2.013829028230390179e+02,2.901201199999999858e+02
2.015598176738018594e+02,2.901201199999999858e+02
2.013948286580742888e+02,2.901201199999999858e+02
2.017426920534192050e+02,2.901201199999999858e+02
2.017487208791208673e+02,2.901201199999999858e+02
2.019255664330365505e+02,2.901201199999999858e+02
1.993552893292682882e+02,2.901201199999999858e+02
2.021084408126538960e+02,2.901201199999999858e+02
2.021145389352027166e+02,2.901201199999999858e+02
2.022913151922712700e+02,2.901201199999999858e+02
2.021267421152388124e+02,2.901201199999999858e+02
2.024741895718886155e+02,2.901201199999999858e+02
2.024803569912845660e+02,2.901201199999999858e+02
2.026570639515059611e+02,2.901201199999999858e+02
2.021511762518967998e+02,2.901201199999999858e+02
2.028399383311233350e+02,2.901201199999999858e+02
2.028461750473664154e+02,2.901201199999999858e+02
2.030228127107406522e+02,2.901201199999999858e+02
2.028586555724033360e+02,2.901201199999999858e+02
2.032056870903580261e+02,2.901201199999999858e+02
2.032119931034482647e+02,2.901201199999999858e+02
2.033885614699753717e+02,2.901201199999999858e+02
2.022001559270516680e+02,2.901201199999999858e+02
2.035714358495927172e+02,2.901201199999999858e+02
2.035778111595301141e+02,2.901201199999999858e+02
2.037543102292100912e+02,2.901201199999999858e+02
2.035905690295678596e+02,2.901201199999999858e+02
2.039371846088274367e+02,2.901201199999999858e+02
2.039436292156119634e+02,2.901201199999999858e+02
2.041200589884447822e+02,2.901201199999999858e+02
2.036161138088012308e+02,2.901201199999999858e+02
2.043029333680621278e+02,2.901201199999999858e+02
2.043094472716938128e+02,2.901201199999999858e+02
2.044858077476794733e+02,2.901201199999999858e+02
2.043224824867323832e+02,2.901201199999999858e+02
2.046686821272968473e+02,2.901201199999999858e+02
2.046752653277756622e+02,2.901201199999999858e+02
2.048515565069141928e+02,2.901201199999999858e+02
3.024859299999999962e+02,4.384582500000000209e+02
2.050344308865315384e+02,2.901201199999999858e+02
2.050410833838575115e+02,2.901201199999999858e+02
2.052173052661488839e+02,2.901201199999999858e+02
2.050543959438969068e+02,2.901201199999999858e+02
2.054001796457662294e+02,2.901201199999999858e+02
2.054069014399393609e+02,2.901201199999999858e+02
2.055830540253836034e+02,2.901201199999999858e+02
2.050810513657056049e+02,2.901201199999999858e+02
2.057659284050009489e+02,2.901201199999999858e+02
2.057727194960212103e+02,2.901201199999999858e+02
2.059488027846182945e+02,2.901201199999999858e+02
2.057863094010614020e+02,2.901201199999999858e+02
2.061316771642356400e+02,2.901201199999999858e+02
2.061385375521030596e+02,2.901201199999999858e+02
2.063145515438529856e+02,2.901201199999999858e+02
2.051344837386018298e+02,2.901201199999999858e+02
2.064974259234703595e+02,2.901201199999999858e+02
2.065043556081849090e+02,2.901201199999999858e+02
2.066803003030877051e+02,2.901201199999999858e+02
2.065182228582259256e+02,2.901201199999999858e+02
2.068631746827050506e+02,2.901201199999999858e+02
2.068701736642667584e+02,2.901201199999999858e+02
2.070460490623224246e+02,2.901201199999999858e+02
2.065459889226100074e+02,2.901201199999999858e+02
2.072289234419397417e+02,2.901201199999999858e+02
2.072359917203486077e+02,2.901201199999999858e+02
2.074117978215571156e+02,2.901201199999999858e+02
2.072501363153904492e+02,2.901201199999999858e+02
2.075946722011744612e+02,2.901201199999999858e+02
2.076018097764304571e+02,2.901201199999999858e+02
2.077775465807918067e+02,2.901201199999999858e+02
2.052418371951219456e+02,2.901201199999999858e+02
2.079604209604091807e+02,2.901201199999999858e+02
2.079676278325123064e+02,2.901201199999999858e+02
2.081432953400265262e+02,2.901201199999999858e+02
2.079820497725549728e+02,2.901201199999999858e+02
2.083261697196438718e+02,2.901201199999999858e+02
2.083334458885941558e+02,2.901201199999999858e+02
2.085090440992612173e+02,2.901201199999999858e+02
2.080109264795144099e+02,2.901201199999999858e+02
2.086919184788785628e+02,2.901201199999999858e+02
2.086992639446760052e+02,2.901201199999999858e+02
2.088747928584959368e+02,2.901201199999999858e+02
2.087139632297194680e+02,2.901201199999999858e+02
2.090576672381132823e+02,2.901201199999999858e+02
2.090650820007578545e+02,2.901201199999999858e+02
2.092405416177306279e+02,2.901201199999999858e+02
2.080688115501519633e+02,2.901201199999999858e+02
2.094234159973479734e+02,2.901201199999999858e+02
2.094309000568397039e+02,2.901201199999999858e+02
2.096062903769653190e+02,2.901201199999999858e+02
2.094458766868839916e+02,2.901201199999999858e+02
2.097891647565826929e+02,2.901201199999999858e+02
2.097967181129215533e+02,2.901201199999999858e+02
2.099720391362000385e+02,2.901201199999999858e+02
2.094758640364188125e+02,2.901201199999999858e+02
2.101549135158173840e+02,2.901201199999999858e+02
2.101625361690034026e+02,2.901201199999999858e+02
2.103377878954347295e+02,2.901201199999999858e+02
2.101777901440485152e+02,2.901201199999999858e+02
2.105206622750520751e+02,2.901201199999999858e+02
2.105283542250852520e+02,2.901201199999999858e+02
2.107035366546694490e+02,2.901201199999999858e+02
3.054799800000000118e+02,4.775581000000000245e+02
2.108864110342867946e+02,2.901201199999999858e+02
2.108941722811671013e+02,2.901201199999999858e+02
2.110692854139041401e+02,2.901201199999999858e+02
2.109097036012130388e+02,2.901201199999999858e+02
2.112521597935215141e+02,2.901201199999999858e+02
2.112599903372489507e+02,2.901201199999999858e+02
2.114350341731388596e+02,2.901201199999999858e+02
2.109408015933232150e+02,2.901201199999999858e+02
2.116179085527562052e+02,2.901201199999999858e+02
2.116258083933308001e+02,2.901201199999999858e+02
2.118007829323735507e+02,2.901201199999999858e+02
2.116416170583775624e+02,2.901201199999999858e+02
2.119836573119908962e+02,2.901201199999999858e+02
2.119916264494126494e+02,2.901201199999999858e+02
2.121665316916082702e+02,2.901201199999999858e+02
2.110031393617021251e+02,2.901201199999999858e+02
2.123494060712256157e+02,2.901201199999999858e+02
2.123574445054944988e+02,2.901201199999999858e+02
2.125322804508429613e+02,2.901201199999999858e+02
2.123735305155420861e+02,2.901201199999999858e+02
2.127151548304603068e+02,2.901201199999999858e+02
2.127232625615763482e+02,2.901201199999999858e+02
2.128980292100776524e+02,2.901201199999999858e+02
2.124057391502276175e+02,2.901201199999999858e+02
2.130809035896950263e+02,2.901201199999999858e+02
2.130890806176581975e+02,2.901201199999999858e+02
2.132637779693123719e+02,2.901201199999999858e+02
2.131054439727066097e+02,2.901201199999999858e+02
2.134466523489297174e+02,2.901201199999999858e+02
2.134548986737400469e+02,2.901201199999999858e+02
2.136295267285470629e+02,2.901201199999999858e+02
2.111283850609756030e+02,2.901201199999999858e+02
2.138124011081644085e+02,2.901201199999999858e+02
2.138207167298218963e+02,2.901201199999999858e+02
2.139952754877817824e+02,2.901201199999999858e+02
2.138373574298711048e+02,2.901201199999999858e+02
2.141781498673991280e+02,2.901201199999999858e+02
2.141865347859037456e+02,2.901201199999999858e+02
2.143610242470164735e+02,2.901201199999999858e+02
2.138706767071320201e+02,2.901201199999999858e+02
2.145438986266338475e+02,2.901201199999999858e+02
2.145523528419855950e+02,2.901201199999999858e+02
2.147267730062511646e+02,2.901201199999999858e+02
2.145692708870356284e+02,2.901201199999999858e+02
2.149096473858685385e+02,2.901201199999999858e+02
2.149181708980674443e+02,2.901201199999999858e+02
2.150925217654858841e+02,2.901201199999999858e+02
2.139374671732522870e+02,2.901201199999999858e+02
2.152753961451032296e+02,2.901201199999999858e+02
2.152839889541492937e+02,2.901201199999999858e+02
2.154582705247206036e+02,2.901201199999999858e+02
2.153011843442001521e+02,2.901201199999999858e+02
2.156411449043379491e+02,2.901201199999999858e+02
2.156498070102311431e+02,2.901201199999999858e+02
2.158240192839552947e+02,2.901201199999999858e+02
2.153356142640364226e+02,2.901201199999999858e+02
2.160068936635726402e+02,2.901201199999999858e+02
2.160156250663129924e+02,2.901201199999999858e+02
2.161897680431899857e+02,2.901201199999999858e+02
2.160330978013646757e+02,2.901201199999999858e+02
2.163726424228073597e+02,2.901201199999999858e+02
2.163814431223948418e+02,2.901201199999999858e+02
2.165555168024247052e+02,2.901201199999999858e+02
3.080165700000000015e+02,5.073365499999999884e+02
2.167383911820420508e+02,2.901201199999999858e+02
2.167472611784766912e+02,2.901201199999999858e+02
2.169212655616593963e+02,2.901201199999999858e+02
2.167650112585291708e+02,2.901201199999999858e+02
2.171041399412767419e+02,2.901201199999999858e+02
2.171130792345585405e+02,2.901201199999999858e+02
2.172870143208941158e+02,2.901201199999999858e+02
2.168005518209408251e+02,2.901201199999999858e+02
2.174698887005114614e+02,2.901201199999999858e+02
2.174788972906403899e+02,2.901201199999999858e+02
2.176527630801288069e+02,2.901201199999999858e+02
2.174969247156936945e+02,2.901201199999999858e+02
2.178356374597461524e+02,2.901201199999999858e+02
2.178447153467222392e+02,2.901201199999999858e+02
2.180185118393634980e+02,2.901201199999999858e+02
2.168717949848024205e+02,2.901201199999999858e+02
2.182013862189808719e+02,2.901201199999999858e+02
2.182105334028040886e+02,2.901201199999999858e+02
2.183842605985982175e+02,2.901201199999999858e+02
2.182288381728582181e+02,2.901201199999999858e+02
2.185671349782155630e+02,2.901201199999999858e+02
2.185763514588859380e+02,2.901201199999999858e+02
2.187500093578329370e+02,2.901201199999999858e+02
2.182654893778452276e+02,2.901201199999999858e+02
2.189328837374502541e+02,2.901201199999999858e+02
2.189421695149677873e+02,2.901201199999999858e+02
2.191157581170676281e+02,2.901201199999999858e+02
2.189607516300227417e+02,2.901201199999999858e+02
2.192986324966849736e+02,2.901201199999999858e+02
2.193079875710496367e+02,2.901201199999999858e+02
2.194815068763023191e+02,2.901201199999999858e+02
2.170149329268292604e+02,2.901201199999999858e+02
2.196643812559196931e+02,2.901201199999999858e+02
2.196738056271314861e+02,2.901201199999999858e+02
2.198472556355370386e+02,2.901201199999999858e+02
2.196926650871872653e+02,2.901201199999999858e+02
2.200301300151543842e+02,2.901201199999999858e+02
2.200396236832133354e+02,2.901201199999999858e+02
2.202130043947717297e+02,2.901201199999999858e+02
2.197304269347496302e+02,2.901201199999999858e+02
2.203958787743890753e+02,2.901201199999999858e+02
2.204054417392951848e+02,2.901201199999999858e+02
2.205787531540064492e+02,2.901201199999999858e+02
2.204245785443517889e+02,2.901201199999999858e+02
2.207616275336237948e+02,2.901201199999999858e+02
2.207712597953770342e+02,2.901201199999999858e+02
2.209445019132411403e+02,2.901201199999999858e+02
2.198061227963525823e+02,2.901201199999999858e+02
2.211273762928584858e+02,2.901201199999999858e+02
2.211370778514588835e+02,2.901201199999999858e+02
2.213102506724758314e+02,2.901201199999999858e+02
2.211564920015163125e+02,2.901201199999999858e+02
2.214931250520932053e+02,2.901201199999999858e+02
2.215028959075407329e+02,2.901201199999999858e+02
2.216759994317105509e+02,2.901201199999999858e+02
2.211953644916540043e+02,2.901201199999999858e+02
2.218588738113278964e+02,2.901201199999999858e+02
2.218687139636225822e+02,2.901201199999999858e+02
2.220417481909452420e+02,2.901201199999999858e+02
2.218884054586808077e+02,2.901201199999999858e+02
2.222246225705625875e+02,2.901201199999999858e+02
2.222345320197044316e+02,2.901201199999999858e+02
2.224074969501799615e+02,2.901201199999999858e+02
3.097554600000000278e+02,5.303619400000000041e+02
2.225903713297973070e+02,2.901201199999999858e+02
2.226003500757862810e+02,2.901201199999999858e+02
2.227732457094146525e+02,2.901201199999999858e+02
2.226203189158453313e+02,2.901201199999999858e+02
2.229561200890320265e+02,2.901201199999999858e+02
2.229661681318681303e+02,2.901201199999999858e+02
2.231389944686493720e+02,2.901201199999999858e+02
2.226603020485584352e+02,2.901201199999999858e+02
2.233218688482667176e+02,2.901201199999999858e+02
2.233319861879499797e+02,2.901201199999999858e+02
2.235047432278840631e+02,2.901201199999999858e+02
2.233522323730098549e+02,2.901201199999999858e+02
2.236876176075014087e+02,2.901201199999999858e+02
2.236978042440318291e+02,2.901201199999999858e+02
2.238704919871187826e+02,2.901201199999999858e+02
2.227404506079027442e+02,2.901201199999999858e+02
2.240533663667361282e+02,2.901201199999999858e+02
2.240636223001136784e+02,2.901201199999999858e+02
2.242362407463534737e+02,2.901201199999999858e+02
2.240841458301743785e+02,2.901201199999999858e+02
2.244191151259708192e+02,2.901201199999999858e+02
2.244294403561955278e+02,2.901201199999999858e+02
2.246019895055881648e+02,2.901201199999999858e+02
2.241252396054628093e+02,2.901201199999999858e+02
2.247848638852055387e+02,2.901201199999999858e+02
2.247952584122773771e+02,2.901201199999999858e+02
2.249677382648228843e+02,2.901201199999999858e+02
2.248160592873388737e+02,2.901201199999999858e+02
2.251506126444402298e+02,2.901201199999999858e+02
2.251610764683592265e+02,2.901201199999999858e+02
2.253334870240575754e+02,2.901201199999999858e+02
2.229014807926829178e+02,2.901201199999999858e+02
2.255163614036749209e+02,2.901201199999999858e+02
2.255268945244410759e+02,2.901201199999999858e+02
2.256992357832922949e+02,2.901201199999999858e+02
2.255479727445033973e+02,2.901201199999999858e+02
2.258821101629096404e+02,2.901201199999999858e+02
2.258927125805229252e+02,2.901201199999999858e+02
2.260649845425269859e+02,2.901201199999999858e+02
2.255901771623672118e+02,2.901201199999999858e+02
2.262478589221443599e+02,2.901201199999999858e+02
2.262585306366047746e+02,2.901201199999999858e+02
2.264307333017616770e+02,2.901201199999999858e+02
2.262798862016679209e+02,2.901201199999999858e+02
2.266136076813790510e+02,2.901201199999999858e+02
2.266243486926866240e+02,2.901201199999999858e+02
2.267964820609963965e+02,2.901201199999999858e+02
2.256747784194528776e+02,2.901201199999999858e+02
2.269793564406137421e+02,2.901201199999999858e+02
2.269901667487684733e+02,2.901201199999999858e+02
2.271622308202311160e+02,2.901201199999999858e+02
2.270117996588324445e+02,2.901201199999999858e+02
2.273451051998484616e+02,2.901201199999999858e+02
2.273559848048503227e+02,2.901201199999999858e+02
2.275279795794658071e+02,2.901201199999999858e+02
2.270551147192716144e+02,2.901201199999999858e+02
2.277108539590831526e+02,2.901201199999999858e+02
2.277218028609321721e+02,2.901201199999999858e+02
2.278937283387004982e+02,2.901201199999999858e+02
2.277437131159969681e+02,2.901201199999999858e+02
2.280766027183178721e+02,2.901201199999999858e+02
2.280876209170140214e+02,2.901201199999999858e+02
2.282594770979352177e+02,2.901201199999999858e+02
3.108766499999999837e+02,5.391979000000000042e+02
2.284423514775525632e+02,2.901201199999999858e+02
2.284534389730958708e+02,2.901201199999999858e+02
2.286252258571699087e+02,2.901201199999999858e+02
2.284756265731614917e+02,2.901201199999999858e+02
2.288081002367872543e+02,2.901201199999999858e+02
2.288192570291777201e+02,2.901201199999999858e+02
2.289909746164046283e+02,2.901201199999999858e+02
2.285200522761760169e+02,2.901201199999999858e+02
2.291738489960219738e+02,2.901201199999999858e+02
2.291850750852595695e+02,2.901201199999999858e+02
2.293567233756393193e+02,2.901201199999999858e+02
2.292075400303260153e+02,2.901201199999999858e+02
2.295395977552566649e+02,2.901201199999999858e+02
2.295508931413414189e+02,2.901201199999999858e+02
2.297224721348740104e+02,2.901201199999999858e+02
2.286091062310030395e+02,2.901201199999999858e+02
2.299053465144913844e+02,2.901201199999999858e+02
2.299167111974232682e+02,2.901201199999999858e+02
2.300882208941087299e+02,2.901201199999999858e+02
2.299394534874905105e+02,2.901201199999999858e+02
2.302710952737260754e+02,2.901201199999999858e+02
2.302825292535051176e+02,2.901201199999999858e+02
2.304539696533434494e+02,2.901201199999999858e+02
2.299849898330804194e+02,2.901201199999999858e+02
2.306368440329607665e+02,2.901201199999999858e+02
2.306483473095869670e+02,2.901201199999999858e+02
2.308197184125781405e+02,2.901201199999999858e+02
2.306713669446550341e+02,2.901201199999999858e+02
2.310025927921954860e+02,2.901201199999999858e+02
2.310141653656688163e+02,2.901201199999999858e+02
2.311854671718128316e+02,2.901201199999999858e+02
2.287880286585365752e+02,2.901201199999999858e+02
2.313683415514302055e+02,2.901201199999999858e+02
2.313799834217506657e+02,2.901201199999999858e+02
2.315512159310475511e+02,2.901201199999999858e+02
2.314032804018195577e+02,2.901201199999999858e+02
2.317340903106648966e+02,2.901201199999999858e+02
2.317458014778325150e+02,2.901201199999999858e+02
2.319169646902822421e+02,2.901201199999999858e+02
2.314499273899848220e+02,2.901201199999999858e+02
2.320998390698995877e+02,2.901201199999999858e+02
2.321116195339143644e+02,2.901201199999999858e+02
2.322827134495169616e+02,2.901201199999999858e+02
2.321351938589840813e+02,2.901201199999999858e+02
2.324655878291343072e+02,2.901201199999999858e+02
2.324774375899962138e+02,2.901201199999999858e+02
2.326484622087516527e+02,2.901201199999999858e+02
2.315434340425532014e+02,2.901201199999999858e+02
2.328313365883689983e+02,2.901201199999999858e+02
2.328432556460780631e+02,2.901201199999999858e+02
2.330142109679863438e+02,2.901201199999999858e+02
2.328671073161485765e+02,2.901201199999999858e+02
2.331970853476037178e+02,2.901201199999999858e+02
2.332090737021599125e+02,2.901201199999999858e+02
2.333799597272210633e+02,2.901201199999999858e+02
2.329148649468892245e+02,2.901201199999999858e+02
2.335628341068384088e+02,2.901201199999999858e+02
2.335748917582417619e+02,2.901201199999999858e+02
2.337457084864557544e+02,2.901201199999999858e+02
2.335990207733131001e+02,2.901201199999999858e+02
2.339285828660730999e+02,2.901201199999999858e+02
2.339407098143236112e+02,2.901201199999999858e+02
2.341114572456904739e+02,2.901201199999999858e+02
3.108766499999999837e+02,5.391979000000000042e+02
2.342943316253078194e+02,2.901201199999999858e+02
2.343065278704054322e+02,2.901201199999999858e+02
2.344772060049251650e+02,2.901201199999999858e+02
2.343309342304776237e+02,2.901201199999999858e+02
2.346600803845425389e+02,2.901201199999999858e+02
2.346723459264873100e+02,2.901201199999999858e+02
2.348429547641598560e+02,2.901201199999999858e+02
2.343798025037936270e+02,2.901201199999999858e+02
2.350258291437772300e+02,2.901201199999999858e+02
2.350381639825691309e+02,2.901201199999999858e+02
2.352087035233945755e+02,2.901201199999999858e+02
2.350628476876421473e+02,2.901201199999999858e+02
2.353915779030119211e+02,2.901201199999999858e+02
2.354039820386510087e+02,2.901201199999999858e+02
2.355744522826292950e+02,2.901201199999999858e+02
2.344777618541033348e+02,2.901201199999999858e+02
2.357573266622466406e+02,2.901201199999999858e+02
2.357698000947328296e+02,2.901201199999999858e+02
2.359402010418639861e+02,2.901201199999999858e+02
2.357947611448066709e+02,2.901201199999999858e+02
2.361230754214813317e+02,2.901201199999999858e+02
2.361356181508147074e+02,2.901201199999999858e+02
2.363059498010986772e+02,2.901201199999999858e+02
2.358447400606980295e+02,2.901201199999999858e+02
2.364888241807160512e+02,2.901201199999999858e+02
2.365014362068965283e+02,2.901201199999999858e+02
2.366716985603333967e+02,2.901201199999999858e+02
2.365266746019711945e+02,2.901201199999999858e+02
2.368545729399507422e+02,2.901201199999999858e+02
2.368672542629784061e+02,2.901201199999999858e+02
2.370374473195681162e+02,2.901201199999999858e+02
2.346745765243902611e+02,2.901201199999999858e+02
2.372203216991854333e+02,2.901201199999999858e+02
2.372330723190602271e+02,2.901201199999999858e+02
2.374031960788028073e+02,2.901201199999999858e+02
2.372585880591357181e+02,2.901201199999999858e+02
2.375860704584201528e+02,2.901201199999999858e+02
2.375988903751421049e+02,2.901201199999999858e+02
2.377689448380374984e+02,2.901201199999999858e+02
2.373096776176024321e+02,2.901201199999999858e+02
2.379518192176548723e+02,2.901201199999999858e+02
2.379647084312239258e+02,2.901201199999999858e+02
2.381346935972721894e+02,2.901201199999999858e+02
2.379905015163002417e+02,2.901201199999999858e+02
2.383175679768895634e+02,2.901201199999999858e+02
2.383305264873058036e+02,2.901201199999999858e+02
2.385004423565069089e+02,2.901201199999999858e+02
2.374120896656534683e+02,2.901201199999999858e+02
2.386833167361242545e+02,2.901201199999999858e+02
2.386963445433876245e+02,2.901201199999999858e+02
2.388661911157416284e+02,2.901201199999999858e+02
2.387224149734647369e+02,2.901201199999999858e+02
2.390490654953589456e+02,2.901201199999999858e+02
2.390621625994695023e+02,2.901201199999999858e+02
2.392319398749763195e+02,2.901201199999999858e+02
2.387746151745068346e+02,2.901201199999999858e+02
2.394148142545936651e+02,2.901201199999999858e+02
2.394279806555513233e+02,2.901201199999999858e+02
2.395976886342110106e+02,2.901201199999999858e+02
2.394543284306292605e+02,2.901201199999999858e+02
2.397805630138283846e+02,2.901201199999999858e+02
2.397937987116332010e+02,2.901201199999999858e+02
2.399634373934457301e+02,2.901201199999999858e+02
1.699225500000000011e+02,2.993020000000000209e+02
2.401463117730630756e+02,4.992151999999999816e+02
2.401596167677150220e+02,4.992151999999999816e+02
2.403291861526804212e+02,4.992151999999999816e+02
2.401862418877937841e+02,4.992151999999999816e+02
2.405120605322977667e+02,4.992151999999999816e+02
2.405254348237968998e+02,4.992151999999999816e+02
2.406949349119151407e+02,4.992151999999999816e+02
2.402395527314112087e+02,4.992151999999999816e+02
2.408778092915324862e+02,4.992151999999999816e+02
2.408912528798787207e+02,4.992151999999999816e+02
2.410606836711498318e+02,4.992151999999999816e+02
2.409181553449582793e+02,4.992151999999999816e+02
2.412435580507672057e+02,4.992151999999999816e+02
2.412570709359605985e+02,4.992151999999999816e+02
2.414264324303845228e+02,4.992151999999999816e+02
2.403464174772036586e+02,4.992151999999999816e+02
2.416093068100018968e+02,4.992151999999999816e+02
2.416228889920424194e+02,4.992151999999999816e+02
2.417921811896192423e+02,4.992151999999999816e+02
2.416500688021228029e+02,4.992151999999999816e+02
2.419750555692365879e+02,4.992151999999999816e+02
2.419887070481242972e+02,4.992151999999999816e+02
2.421579299488539618e+02,4.992151999999999816e+02
2.417044902883156396e+02,4.992151999999999816e+02
2.423408043284712790e+02,4.992151999999999816e+02
2.423545251042061182e+02,4.992151999999999816e+02
2.425236787080886529e+02,4.992151999999999816e+02
2.423819822592873265e+02,4.992151999999999816e+02
2.427065530877059985e+02,4.992151999999999816e+02
2.427203431602879959e+02,4.992151999999999816e+02
2.428894274673233440e+02,4.992151999999999816e+02
2.405611243902438900e+02,4.992151999999999816e+02
2.430723018469407180e+02,4.992151999999999816e+02
2.430861612163698169e+02,4.992151999999999816e+02
2.432551762265580351e+02,4.992151999999999816e+02
2.431138957164518501e+02,4.992151999999999816e+02
2.434380506061754090e+02,4.992151999999999816e+02
2.434519792724516947e+02,4.992151999999999816e+02
2.436209249857927546e+02,4.992151999999999816e+02
2.431694278452200138e+02,4.992151999999999816e+02
2.438037993654101001e+02,4.992151999999999816e+02
2.438177973285335156e+02,4.992151999999999816e+02
2.439866737450274741e+02,4.992151999999999816e+02
2.438458091736163738e+02,4.992151999999999816e+02
2.441695481246448196e+02,4.992151999999999816e+02
2.441836153846153934e+02,4.992151999999999816e+02
2.443524225042621651e+02,4.992151999999999816e+02
2.432807452887537920e+02,4.992151999999999816e+02
2.445352968838795107e+02,4.992151999999999816e+02
2.445494334406972143e+02,4.992151999999999816e+02
2.447181712634968562e+02,4.992151999999999816e+02
2.445777226307808974e+02,4.992151999999999816e+02
2.449010456431142302e+02,4.992151999999999816e+02
2.449152514967790921e+02,4.992151999999999816e+02
2.450839200227315757e+02,4.992151999999999816e+02
2.446343654021244447e+02,4.992151999999999816e+02
2.452667944023489213e+02,4.992151999999999816e+02
2.452810695528609131e+02,4.992151999999999816e+02
2.454496687819662952e+02,4.992151999999999816e+02
2.453096360879454210e+02,4.992151999999999816e+02
2.456325431615836123e+02,4.992151999999999816e+02
2.456468876089427908e+02,4.992151999999999816e+02
2.458154175412009863e+02,4.992151999999999816e+02
1.699225500000000011e+02,2.993020000000000209e+02
2.459982919208183318e+02,4.992151999999999816e+02
2.460127056650246118e+02,4.992151999999999816e+02
2.461811663004356774e+02,4.992151999999999816e+02
2.460415495451099446e+02,4.992151999999999816e+02
2.463640406800530513e+02,4.992151999999999816e+02
2.463785237211064896e+02,4.992151999999999816e+02
2.465469150596703685e+02,4.992151999999999816e+02
2.460993029590288188e+02,4.992151999999999816e+02
2.467297894392877424e+02,4.992151999999999816e+02
2.467443417771883105e+02,4.992151999999999816e+02
2.469126638189050880e+02,4.992151999999999816e+02
2.467734630022744398e+02,4.992151999999999816e+02
2.470955381985224335e+02,4.992151999999999816e+02
2.471101598332701883e+02,4.992151999999999816e+02
2.472784125781398075e+02,4.992151999999999816e+02
2.462150731003039255e+02,4.992151999999999816e+02
2.474612869577571530e+02,4.992151999999999816e+02
2.474759778893520092e+02,4.992151999999999816e+02
2.476441613373744985e+02,4.992151999999999816e+02
2.475053764594389634e+02,4.992151999999999816e+02
2.478270357169918441e+02,4.992151999999999816e+02
2.478417959454338870e+02,4.992151999999999816e+02
2.480099100966091896e+02,4.992151999999999816e+02
2.475642405159332498e+02,4.992151999999999816e+02
2.481927844762265636e+02,4.992151999999999816e+02
2.482076140015157080e+02,4.992151999999999816e+02
2.483756588558439091e+02,4.992151999999999816e+02
2.482372899166034870e+02,4.992151999999999816e+02
2.485585332354612547e+02,4.992151999999999816e+02
2.485734320575975858e+02,4.992151999999999816e+02
2.487414076150786286e+02,4.992151999999999816e+02
2.464476722560975759e+02,4.992151999999999816e+02
2.489242819946959457e+02,4.992151999999999816e+02
2.489392501136794067e+02,4.992151999999999816e+02
2.491071563743133197e+02,4.992151999999999816e+02
2.489692033737679822e+02,4.992151999999999816e+02
2.492900307539306652e+02,4.992151999999999816e+02
2.493050681697612845e+02,4.992151999999999816e+02
2.494729051335480108e+02,4.992151999999999816e+02
2.490291780728376239e+02,4.992151999999999816e+02
2.496557795131653847e+02,4.992151999999999816e+02
2.496708862258431054e+02,4.992151999999999816e+02
2.498386538927827019e+02,4.992151999999999816e+02
2.497011168309325058e+02,4.992151999999999816e+02
2.500215282724000758e+02,4.992151999999999816e+02
2.500367042819249832e+02,4.992151999999999816e+02
2.502044026520174214e+02,4.992151999999999816e+02
2.491494009118541157e+02,4.992151999999999816e+02
2.503872770316347669e+02,4.992151999999999816e+02
2.504025223380068041e+02,4.992151999999999816e+02
2.505701514112521409e+02,4.992151999999999816e+02
2.504330302880970294e+02,4.992151999999999816e+02
2.507530257908694580e+02,4.992151999999999816e+02
2.507683403940886819e+02,4.992151999999999816e+02
2.509359001704868319e+02,4.992151999999999816e+02
2.504941156297420264e+02,4.992151999999999816e+02
2.511187745501041775e+02,4.992151999999999816e+02
2.511341584501705029e+02,4.992151999999999816e+02
2.513016489297215230e+02,4.992151999999999816e+02
2.511649437452615530e+02,4.992151999999999816e+02
2.514845233093388970e+02,4.992151999999999816e+02
2.514999765062523807e+02,4.992151999999999816e+02
2.516673976889562425e+02,4.992151999999999816e+02
1.699225500000000011e+02,2.993020000000000209e+02
2.518502720685735881e+02,4.992151999999999816e+02
2.518657945623342016e+02,4.992151999999999816e+02
2.520331464481909336e+02,4.992151999999999816e+02
2.518968572024260766e+02,4.992151999999999816e+02
2.522160208278082791e+02,4.992151999999999816e+02
2.522316126184160510e+02,4.992151999999999816e+02
2.523988952074256531e+02,4.992151999999999816e+02
2.519590531866464289e+02,4.992151999999999816e+02
2.525817695870429986e+02,4.992151999999999816e+02
2.525974306744979003e+02,4.992151999999999816e+02
2.527646439666603442e+02,4.992151999999999816e+02
2.526287706595906002e+02,4.992151999999999816e+02
2.529475183462777181e+02,4.992151999999999816e+02
2.529632487305797497e+02,4.992151999999999816e+02
2.531303927258950353e+02,4.992151999999999816e+02
2.520837287234042492e+02,4.992151999999999816e+02
2.533132671055124092e+02,4.992151999999999816e+02
2.533290667866615991e+02,4.992151999999999816e+02
2.534961414851297548e+02,4.992151999999999816e+02
2.533606841167551238e+02,4.992151999999999816e+02
2.536790158647471003e+02,4.992151999999999816e+02
2.536948848427434484e+02,4.992151999999999816e+02
2.538618902443644743e+02,4.992151999999999816e+02
2.534239907435508314e+02,4.992151999999999816e+02
2.540447646239817914e+02,4.992151999999999816e+02
2.540607028988252978e+02,4.992151999999999816e+02
2.542276390035991653e+02,4.992151999999999816e+02
2.540925975739196474e+02,4.992151999999999816e+02
2.544105133832165109e+02,4.992151999999999816e+02
2.544265209549071471e+02,4.992151999999999816e+02
2.545933877628338564e+02,4.992151999999999816e+02
2.523342201219512049e+02,4.992151999999999816e+02
2.547762621424512304e+02,4.992151999999999816e+02
2.547923390109889965e+02,4.992151999999999816e+02
2.549591365220685475e+02,4.992151999999999816e+02
2.548245110310841426e+02,4.992151999999999816e+02
2.551420109016859215e+02,4.992151999999999816e+02
2.551581570670708459e+02,4.992151999999999816e+02
2.553248852813032670e+02,4.992151999999999816e+02
2.548889283004552340e+02,4.992151999999999816e+02
2.555077596609206125e+02,4.992151999999999816e+02
2.555239751231526952e+02,4.992151999999999816e+02
2.556906340405379865e+02,4.992151999999999816e+02
2.555564244882486662e+02,4.992151999999999816e+02
2.558735084201553320e+02,4.992151999999999816e+02
2.558897931792345446e+02,4.992151999999999816e+02
2.560563827997726776e+02,4.992151999999999816e+02
2.550180565349543826e+02,4.992151999999999816e+02
2.562392571793900515e+02,4.992151999999999816e+02
2.562556112353163940e+02,4.992151999999999816e+02
2.564221315590073687e+02,4.992151999999999816e+02
2.562883379454132182e+02,4.992151999999999816e+02
2.566050059386247426e+02,4.992151999999999816e+02
2.566214292913982717e+02,4.992151999999999816e+02
2.567878803182420597e+02,4.992151999999999816e+02
2.563538658573596649e+02,4.992151999999999816e+02
2.569707546978594337e+02,4.992151999999999816e+02
2.569872473474800927e+02,4.992151999999999816e+02
2.571536290774768077e+02,4.992151999999999816e+02
2.570202514025776850e+02,4.992151999999999816e+02
2.573365034570941248e+02,4.992151999999999816e+02
2.573530654035619136e+02,4.992151999999999816e+02
2.575193778367114987e+02,4.992151999999999816e+02
1.699225500000000011e+02,2.993020000000000209e+02
2.577022522163288158e+02,4.992151999999999816e+02
2.577188834596437914e+02,4.992151999999999816e+02
2.578851265959461898e+02,4.992151999999999816e+02
2.577521648597422086e+02,4.992151999999999816e+02
2.580680009755635638e+02,4.992151999999999816e+02
2.580847015157256692e+02,4.992151999999999816e+02
2.582508753551808809e+02,4.992151999999999816e+02
2.578188034142640390e+02,4.992151999999999816e+02
2.584337497347982548e+02,4.992151999999999816e+02
2.584505195718074901e+02,4.992151999999999816e+02
2.586166241144155720e+02,4.992151999999999816e+02
2.584840783169067322e+02,4.992151999999999816e+02
2.587994984940329459e+02,4.992151999999999816e+02
2.588163376278893111e+02,4.992151999999999816e+02
2.589823728736503199e+02,4.992151999999999816e+02
2.579523843465045729e+02,4.992151999999999816e+02
2.591652472532676938e+02,4.992151999999999816e+02
2.591821556839711889e+02,4.992151999999999816e+02
2.593481216328850110e+02,4.992151999999999816e+02
2.592159917740712558e+02,4.992151999999999816e+02
2.595309960125023281e+02,4.992151999999999816e+02
2.595479737400530666e+02,4.992151999999999816e+02
2.597138703921197020e+02,4.992151999999999816e+02
2.592837409711684131e+02,4.992151999999999816e+02
2.598967447717370760e+02,4.992151999999999816e+02
2.599137917961348876e+02,4.992151999999999816e+02
2.600796191513544500e+02,4.992151999999999816e+02
2.599479052312357794e+02,4.992151999999999816e+02
2.602624935309717671e+02,4.992151999999999816e+02
2.602796098522167085e+02,4.992151999999999816e+02
2.604453679105891410e+02,4.992151999999999816e+02
2.582207679878048907e+02,4.992151999999999816e+02
2.606282422902064582e+02,4.992151999999999816e+02
2.606454279082985863e+02,4.992151999999999816e+02
2.608111166698238321e+02,4.992151999999999816e+02
2.606798186884003030e+02,4.992151999999999816e+02
2.609939910494412061e+02,4.992151999999999816e+02
2.610112459643804641e+02,4.992151999999999816e+02
2.611768654290585232e+02,4.992151999999999816e+02
2.607486785280728441e+02,4.992151999999999816e+02
2.613597398086758972e+02,4.992151999999999816e+02
2.613770640204622850e+02,4.992151999999999816e+02
2.615426141882932143e+02,4.992151999999999816e+02
2.614117321455648266e+02,4.992151999999999816e+02
2.617254885679105882e+02,4.992151999999999816e+02
2.617428820765441060e+02,4.992151999999999816e+02
2.619083629475279622e+02,4.992151999999999816e+02
2.608867121580547064e+02,4.992151999999999816e+02
2.620912373271452793e+02,4.992151999999999816e+02
2.621087001326259838e+02,4.992151999999999816e+02
2.622741117067626533e+02,4.992151999999999816e+02
2.621436456027293502e+02,4.992151999999999816e+02
2.624569860863799704e+02,4.992151999999999816e+02
2.624745181887078616e+02,4.992151999999999816e+02
2.626398604659973444e+02,4.992151999999999816e+02
2.622136160849772182e+02,4.992151999999999816e+02
2.628227348456147183e+02,4.992151999999999816e+02
2.628403362447896825e+02,4.992151999999999816e+02
2.630056092252320354e+02,4.992151999999999816e+02
2.628755590598938170e+02,4.992151999999999816e+02
2.631884836048494094e+02,4.992151999999999816e+02
2.632061543008715034e+02,4.992151999999999816e+02
2.633713579844667265e+02,4.992151999999999816e+02
2.244645700000000090e+02,2.901201199999999858e+02
2.635542323640841005e+02,2.789444599999999923e+02
2.635719723569533812e+02,2.789444599999999923e+02
2.637371067437014744e+02,2.789444599999999923e+02
2.636074725170583406e+02,2.789444599999999923e+02
2.639199811233187916e+02,2.789444599999999923e+02
2.639377904130352590e+02,2.789444599999999923e+02
2.641028555029361655e+02,2.789444599999999923e+02
2.636785536418816491e+02,2.789444599999999923e+02
2.642857298825534826e+02,2.789444599999999923e+02
2.643036084691170799e+02,2.789444599999999923e+02
2.644686042621708566e+02,2.789444599999999923e+02
2.643393859742228642e+02,2.789444599999999923e+02
2.646514786417882306e+02,2.789444599999999923e+02
2.646694265251989009e+02,2.789444599999999923e+02
2.648343530214055477e+02,2.789444599999999923e+02
2.638210399696048398e+02,2.789444599999999923e+02
2.650172274010229216e+02,2.789444599999999923e+02
2.650352445812807787e+02,2.789444599999999923e+02
2.652001017806402388e+02,2.789444599999999923e+02
2.650712994313873878e+02,2.789444599999999923e+02
2.653829761602576127e+02,2.789444599999999923e+02
2.654010626373626565e+02,2.789444599999999923e+02
2.655658505398749867e+02,2.789444599999999923e+02
2.651434911987860232e+02,2.789444599999999923e+02
2.657487249194923038e+02,2.789444599999999923e+02
2.657668806934444774e+02,2.789444599999999923e+02
2.659315992991096778e+02,2.789444599999999923e+02
2.658032128885519114e+02,2.789444599999999923e+02
2.661144736787269949e+02,2.789444599999999923e+02
2.661326987495262983e+02,2.789444599999999923e+02
2.662973480583443688e+02,2.789444599999999923e+02
2.641073158536585197e+02,2.789444599999999923e+02
2.664802224379617428e+02,2.789444599999999923e+02
2.664985168056081761e+02,2.789444599999999923e+02
2.666630968175790599e+02,2.789444599999999923e+02
2.665351263457164350e+02,2.789444599999999923e+02
2.668459711971964339e+02,2.789444599999999923e+02
2.668643348616900539e+02,2.789444599999999923e+02
2.670288455768137510e+02,2.789444599999999923e+02
2.666084287556904542e+02,2.789444599999999923e+02
2.672117199564311250e+02,2.789444599999999923e+02
2.672301529177718749e+02,2.789444599999999923e+02
2.673945943360484989e+02,2.789444599999999923e+02
2.672670398028809586e+02,2.789444599999999923e+02
2.675774687156658729e+02,2.789444599999999923e+02
2.675959709738536958e+02,2.789444599999999923e+02
2.677603430952831900e+02,2.789444599999999923e+02
2.667553677811549733e+02,2.789444599999999923e+02
2.679432174749005071e+02,2.789444599999999923e+02
2.679617890299355736e+02,2.789444599999999923e+02
2.681260918545178811e+02,2.789444599999999923e+02
2.679989532600454822e+02,2.789444599999999923e+02
2.683089662341352550e+02,2.789444599999999923e+02
2.683276070860174514e+02,2.789444599999999923e+02
2.684918406137526290e+02,2.789444599999999923e+02
2.680733663125948283e+02,2.789444599999999923e+02
2.686747149933699461e+02,2.789444599999999923e+02
2.686934251420992723e+02,2.789444599999999923e+02
2.688575893729873201e+02,2.789444599999999923e+02
2.687308667172100058e+02,2.789444599999999923e+02
2.690404637526046372e+02,2.789444599999999923e+02
2.690592431981810932e+02,2.789444599999999923e+02
2.692233381322220112e+02,2.789444599999999923e+02
2.770393700000000194e+02,2.789444599999999923e+02
2.694062125118393851e+02,2.789444599999999923e+02
2.694250612542629710e+02,2.789444599999999923e+02
2.695890868914567022e+02,2.789444599999999923e+02
2.694627801743745295e+02,2.789444599999999923e+02
2.697719612710740762e+02,2.789444599999999923e+02
2.697908793103448488e+02,2.789444599999999923e+02
2.699548356506913933e+02,2.789444599999999923e+02
2.695383038694992592e+02,2.789444599999999923e+02
2.701377100303087673e+02,2.789444599999999923e+02
2.701566973664266698e+02,2.789444599999999923e+02
2.703205844099261412e+02,2.789444599999999923e+02
2.701946936315390531e+02,2.789444599999999923e+02
2.705034587895434584e+02,2.789444599999999923e+02
2.705225154225084907e+02,2.789444599999999923e+02
2.706863331691608323e+02,2.789444599999999923e+02
2.696896955927051636e+02,2.789444599999999923e+02
2.708692075487781494e+02,2.789444599999999923e+02
2.708883334785903685e+02,2.789444599999999923e+02
2.710520819283955234e+02,2.789444599999999923e+02
2.709266070887035767e+02,2.789444599999999923e+02
2.712349563080128974e+02,2.789444599999999923e+02
2.712541515346722463e+02,2.789444599999999923e+02
2.714178306876302145e+02,2.789444599999999923e+02
2.710032414264036333e+02,2.789444599999999923e+02
2.716007050672475884e+02,2.789444599999999923e+02
2.716199695907540672e+02,2.789444599999999923e+02
2.717835794468649055e+02,2.789444599999999923e+02
2.716585205458681003e+02,2.789444599999999923e+02
2.719664538264822795e+02,2.789444599999999923e+02
2.719857876468358882e+02,2.789444599999999923e+02
2.721493282060996535e+02,2.789444599999999923e+02
2.699938637195122055e+02,2.789444599999999923e+02
2.723322025857169706e+02,2.789444599999999923e+02
2.723516057029177659e+02,2.789444599999999923e+02
2.725150769653343445e+02,2.789444599999999923e+02
2.723904340030326239e+02,2.789444599999999923e+02
2.726979513449516617e+02,2.789444599999999923e+02
2.727174237589996437e+02,2.789444599999999923e+02
2.728808257245690356e+02,2.789444599999999923e+02
2.724681789833080074e+02,2.789444599999999923e+02
2.730637001041864096e+02,2.789444599999999923e+02
2.730832418150814647e+02,2.789444599999999923e+02
2.732465744838037267e+02,2.789444599999999923e+02
2.731223474601970906e+02,2.789444599999999923e+02
2.734294488634211007e+02,2.789444599999999923e+02
2.734490598711632856e+02,2.789444599999999923e+02
2.736123232430384178e+02,2.789444599999999923e+02
2.726240234042552970e+02,2.789444599999999923e+02
2.737951976226557917e+02,2.789444599999999923e+02
2.738148779272451634e+02,2.789444599999999923e+02
2.739780720022731657e+02,2.789444599999999923e+02
2.738542609173616142e+02,2.789444599999999923e+02
2.741609463818904828e+02,2.789444599999999923e+02
2.741806959833270412e+02,2.789444599999999923e+02
2.743438207615078568e+02,2.789444599999999923e+02
2.739331165402124384e+02,2.789444599999999923e+02
2.745266951411251739e+02,2.789444599999999923e+02
2.745465140394088621e+02,2.789444599999999923e+02
2.747095695207425479e+02,2.789444599999999923e+02
2.745861743745261379e+02,2.789444599999999923e+02
2.748924439003599218e+02,2.789444599999999923e+02
2.749123320954906831e+02,2.789444599999999923e+02
2.750753182799772958e+02,2.789444599999999923e+02
3.227953800000000228e+02,2.668231200000000172e+02
2.752581926595946129e+02,2.789444599999999923e+02
2.752781501515725608e+02,2.789444599999999923e+02
2.754410670392119300e+02,2.789444599999999923e+02
2.753180878316906615e+02,2.789444599999999923e+02
2.756239414188293040e+02,2.789444599999999923e+02
2.756439682076543818e+02,2.789444599999999923e+02
2.758068157984466779e+02,2.789444599999999923e+02
2.753980540971168693e+02,2.789444599999999923e+02
2.759896901780640519e+02,2.789444599999999923e+02
2.760097862637362596e+02,2.789444599999999923e+02
2.761725645576813690e+02,2.789444599999999923e+02
2.760500012888551851e+02,2.789444599999999923e+02
2.763554389372987430e+02,2.789444599999999923e+02
2.763756043198180805e+02,2.789444599999999923e+02
2.765383133169160601e+02,2.789444599999999923e+02
2.755583512158054873e+02,2.789444599999999923e+02
2.767211876965334341e+02,2.789444599999999923e+02
2.767414223758999583e+02,2.789444599999999923e+02
2.769040620761508080e+02,2.789444599999999923e+02
2.767819147460197087e+02,2.789444599999999923e+02
2.770869364557681251e+02,2.789444599999999923e+02
2.771072404319817792e+02,2.789444599999999923e+02
2.772698108353854991e+02,2.789444599999999923e+02
2.768629916540212434e+02,2.789444599999999923e+02
2.774526852150028162e+02,2.789444599999999923e+02
2.774730584880636570e+02,2.789444599999999923e+02
2.776355595946201902e+02,2.789444599999999923e+02
2.775138282031842323e+02,2.789444599999999923e+02
2.778184339742375641e+02,2.789444599999999923e+02
2.778388765441454780e+02,2.789444599999999923e+02
2.780013083538548813e+02,2.789444599999999923e+02
2.758804115853658345e+02,2.789444599999999923e+02
2.781841827334722552e+02,2.789444599999999923e+02
2.782046946002273557e+02,2.789444599999999923e+02
2.783670571130895723e+02,2.789444599999999923e+02
2.782457416603487559e+02,2.789444599999999923e+02
2.785499314927069463e+02,2.789444599999999923e+02
2.785705126563091767e+02,2.789444599999999923e+02
2.787328058723243203e+02,2.789444599999999923e+02
2.783279292109256176e+02,2.789444599999999923e+02
2.789156802519416374e+02,2.789444599999999923e+02
2.789363307123910545e+02,2.789444599999999923e+02
2.790985546315590113e+02,2.789444599999999923e+02
2.789776551175132226e+02,2.789444599999999923e+02
2.792814290111763285e+02,2.789444599999999923e+02
2.793021487684728754e+02,2.789444599999999923e+02
2.794643033907937024e+02,2.789444599999999923e+02
2.784926790273556207e+02,2.789444599999999923e+02
2.796471777704110764e+02,2.789444599999999923e+02
2.796679668245547532e+02,2.789444599999999923e+02
2.798300521500283935e+02,2.789444599999999923e+02
2.797095685746777463e+02,2.789444599999999923e+02
2.800129265296457675e+02,2.789444599999999923e+02
2.800337848806365741e+02,2.789444599999999923e+02
2.801958009092630846e+02,2.789444599999999923e+02
2.797928667678300485e+02,2.789444599999999923e+02
2.803786752888804585e+02,2.789444599999999923e+02
2.803996029367184519e+02,2.789444599999999923e+02
2.805615496684978325e+02,2.789444599999999923e+02
2.804414820318422699e+02,2.789444599999999923e+02
2.807444240481151496e+02,2.789444599999999923e+02
2.807654209928002729e+02,2.789444599999999923e+02
2.809272984277325236e+02,2.789444599999999923e+02
3.634556600000000230e+02,2.568140999999999963e+02
2.811101728073498407e+02,4.838986800000000130e+02
2.811312390488821507e+02,4.838986800000000130e+02
2.812930471869672147e+02,4.838986800000000130e+02
2.811733954890067935e+02,4.838986800000000130e+02
2.814759215665845886e+02,4.838986800000000130e+02
2.814970571049639716e+02,4.838986800000000130e+02
2.816587959462019057e+02,4.838986800000000130e+02
2.812578043247344226e+02,4.838986800000000130e+02
2.818416703258192797e+02,4.838986800000000130e+02
2.818628751610458494e+02,4.838986800000000130e+02
2.820245447054365968e+02,4.838986800000000130e+02
2.819053089461713171e+02,4.838986800000000130e+02
2.822074190850539708e+02,4.838986800000000130e+02
2.822286932171276703e+02,4.838986800000000130e+02
2.823902934646713447e+02,4.838986800000000130e+02
2.814270068389057542e+02,4.838986800000000130e+02
2.825731678442887187e+02,4.838986800000000130e+02
2.825945112732095481e+02,4.838986800000000130e+02
2.827560422239060358e+02,4.838986800000000130e+02
2.826372224033358407e+02,4.838986800000000130e+02
2.829389166035233529e+02,4.838986800000000130e+02
2.829603293292913690e+02,4.838986800000000130e+02
2.831217909831407269e+02,4.838986800000000130e+02
2.827227418816388536e+02,4.838986800000000130e+02
2.833046653627581009e+02,2.913054200000000264e+02
2.833261473853732468e+02,2.913054200000000264e+02
2.834875397423754748e+02,2.913054200000000264e+02
2.833691358605003643e+02,2.913054200000000264e+02
2.836704141219927919e+02,2.913054200000000264e+02
2.836919654414550678e+02,2.913054200000000264e+02
2.838532885016101659e+02,2.913054200000000264e+02
2.817669594512195204e+02,4.838986800000000130e+02
2.840361628812274830e+02,2.913054200000000264e+02
2.840577834975369456e+02,2.913054200000000264e+02
2.842190372608448570e+02,2.913054200000000264e+02
2.841010493176648879e+02,2.913054200000000264e+02
2.844019116404622309e+02,2.913054200000000264e+02
2.844236015536187665e+02,2.913054200000000264e+02
2.845847860200795481e+02,2.913054200000000264e+02
2.841876794385432277e+02,2.913054200000000264e+02
2.847676603996969220e+02,2.913054200000000264e+02
2.847894196097006443e+02,2.913054200000000264e+02
2.849505347793142391e+02,2.913054200000000264e+02
2.848329627748294115e+02,2.913054200000000264e+02
2.851334091589316131e+02,2.913054200000000264e+02
2.851552376657824652e+02,2.913054200000000264e+02
2.853162835385489871e+02,2.913054200000000264e+02
2.843613346504558876e+02,2.913054200000000264e+02
2.854991579181663042e+02,3.205139199999999846e+02
2.855210557218643430e+02,3.205139199999999846e+02
2.856820322977836781e+02,3.205139199999999846e+02
2.855648762319939351e+02,3.205139199999999846e+02
2.858649066774009952e+02,3.205139199999999846e+02
2.858868737779461640e+02,3.205139199999999846e+02
2.860477810570183692e+02,3.205139199999999846e+02
2.856526169954476586e+02,3.205139199999999846e+02
2.862306554366357432e+02,3.205139199999999846e+02
2.862526918340280417e+02,3.205139199999999846e+02
2.864135298162530603e+02,3.205139199999999846e+02
2.862967896891584587e+02,3.205139199999999846e+02
2.865964041958704343e+02,3.205139199999999846e+02
2.866185098901098627e+02,3.205139199999999846e+02
2.867792785754877514e+02,3.205139199999999846e+02
3.960047599999999761e+02,2.519551999999999907e+02
2.869621529551051253e+02,3.205139199999999846e+02
2.869843279461917405e+02,3.205139199999999846e+02
2.871450273347224993e+02,3.205139199999999846e+02
2.870287031463229823e+02,3.205139199999999846e+02
2.873279017143398164e+02,3.205139199999999846e+02
2.873501460022735614e+02,3.205139199999999846e+02
2.875107760939571904e+02,3.205139199999999846e+02
2.871175545523520327e+02,3.205139199999999846e+02
2.876936504735745075e+02,3.205139199999999846e+02
2.877159640583554392e+02,3.205139199999999846e+02
2.878765248531918814e+02,3.205139199999999846e+02
2.877606166034875059e+02,3.205139199999999846e+02
2.880593992328092554e+02,3.205139199999999846e+02
2.880817821144372601e+02,3.205139199999999846e+02
2.882422736124265725e+02,3.205139199999999846e+02
2.872956624620060779e+02,3.205139199999999846e+02
2.884251479920439465e+02,3.205139199999999846e+02
2.884476001705191379e+02,3.205139199999999846e+02
2.886080223716612636e+02,3.205139199999999846e+02
2.884925300606520295e+02,3.205139199999999846e+02
2.887908967512786376e+02,3.205139199999999846e+02
2.888134182266009589e+02,3.205139199999999846e+02
2.889737711308960115e+02,3.205139199999999846e+02
2.885824921092564637e+02,3.205139199999999846e+02
2.891566455105133286e+02,3.205139199999999846e+02
2.891792362826828366e+02,3.205139199999999846e+02
2.893395198901307026e+02,3.205139199999999846e+02
2.892244435178164963e+02,3.205139199999999846e+02
2.895223942697480197e+02,3.205139199999999846e+02
2.895450543387646576e+02,3.205139199999999846e+02
2.897052686493653937e+02,3.205139199999999846e+02
2.876535073170731494e+02,3.205139199999999846e+02
2.898881430289827676e+02,3.570172000000000025e+02
2.899108723948465354e+02,3.570172000000000025e+02
2.900710174086000848e+02,3.570172000000000025e+02
2.899563569749810199e+02,3.570172000000000025e+02
2.902538917882174587e+02,3.570172000000000025e+02
2.902766904509283563e+02,3.570172000000000025e+02
2.904367661678347758e+02,3.570172000000000025e+02
2.900474296661608378e+02,3.570172000000000025e+02
2.906196405474521498e+02,3.570172000000000025e+02
2.906425085070102341e+02,3.570172000000000025e+02
2.908025149270695238e+02,3.570172000000000025e+02
2.906882704321455435e+02,3.570172000000000025e+02
2.909853893066868977e+02,3.570172000000000025e+02
2.910083265630920550e+02,3.570172000000000025e+02
2.911682636863042148e+02,3.570172000000000025e+02
2.902299902735562114e+02,3.570172000000000025e+02
2.913511380659215320e+02,3.570172000000000025e+02
2.913741446191739328e+02,3.570172000000000025e+02
2.915340124455389059e+02,3.570172000000000025e+02
2.914201838893100671e+02,3.570172000000000025e+02
2.917168868251562799e+02,3.570172000000000025e+02
2.917399626752557538e+02,3.570172000000000025e+02
2.918997612047736538e+02,3.570172000000000025e+02
2.915123672230652119e+02,3.570172000000000025e+02
2.920826355843909710e+02,3.570172000000000025e+02
2.921057807313376316e+02,3.570172000000000025e+02
2.922655099640083449e+02,3.570172000000000025e+02
2.921520973464745907e+02,3.570172000000000025e+02
2.924483843436256620e+02,3.570172000000000025e+02
2.924715987874194525e+02,3.570172000000000025e+02
2.926312587232430360e+02,3.570172000000000025e+02
4.282708999999999833e+02,2.508897699999999986e+02
2.928141331028604100e+02,3.570172000000000025e+02
2.928374168435013303e+02,3.570172000000000025e+02
2.929970074824777271e+02,3.570172000000000025e+02
2.928840108036391143e+02,3.570172000000000025e+02
2.931798818620951010e+02,3.570172000000000025e+02
2.932032348995831512e+02,3.570172000000000025e+02
2.933627562417124182e+02,3.570172000000000025e+02
2.929773047799696428e+02,3.570172000000000025e+02
2.935456306213297921e+02,3.570172000000000025e+02
2.935690529556650290e+02,3.570172000000000025e+02
2.937285050009471661e+02,3.570172000000000025e+02
2.936159242608036379e+02,3.570172000000000025e+02
2.939113793805644832e+02,3.570172000000000025e+02
2.939348710117468499e+02,3.570172000000000025e+02
2.940942537601818572e+02,3.570172000000000025e+02
2.931643180851064017e+02,3.570172000000000025e+02
2.942771281397991743e+02,3.570172000000000025e+02
2.943006890678287277e+02,3.570172000000000025e+02
2.944600025194165482e+02,3.570172000000000025e+02
2.943478377179681615e+02,3.570172000000000025e+02
2.946428768990339222e+02,3.570172000000000025e+02
2.946665071239105487e+02,3.570172000000000025e+02
2.948257512786512393e+02,3.570172000000000025e+02
2.944422423368740738e+02,3.570172000000000025e+02
2.950086256582686133e+02,3.570172000000000025e+02
2.950323251799924265e+02,3.570172000000000025e+02
2.951915000378859304e+02,3.570172000000000025e+02
2.950797511751326851e+02,3.570172000000000025e+02
2.953743744175033044e+02,3.570172000000000025e+02
2.953981432360742474e+02,3.570172000000000025e+02
2.955572487971206783e+02,3.570172000000000025e+02
2.935400551829268352e+02,3.570172000000000025e+02
2.957401231767379954e+02,3.973021200000000022e+02
2.957639612921561252e+02,3.973021200000000022e+02
2.959229975563553694e+02,3.973021200000000022e+02
2.958116646322971519e+02,3.973021200000000022e+02
2.961058719359726865e+02,3.973021200000000022e+02
2.961297793482379461e+02,3.973021200000000022e+02
2.962887463155900605e+02,3.973021200000000022e+02
2.959071798937784479e+02,3.973021200000000022e+02
2.964716206952074344e+02,3.973021200000000022e+02
2.964955974043198239e+02,3.973021200000000022e+02
2.966544950748247516e+02,3.973021200000000022e+02
2.965435780894616755e+02,3.973021200000000022e+02
2.968373694544421255e+02,3.973021200000000022e+02
2.968614154604016449e+02,3.973021200000000022e+02
2.970202438340594426e+02,3.973021200000000022e+02
2.960986458966565351e+02,3.973021200000000022e+02
2.972031182136768166e+02,3.973021200000000022e+02
2.972272335164835226e+02,3.973021200000000022e+02
2.973859925932941906e+02,3.973021200000000022e+02
2.972754915466261991e+02,3.973021200000000022e+02
2.975688669729115077e+02,3.973021200000000022e+02
2.975930515725653436e+02,3.973021200000000022e+02
2.977517413525288816e+02,3.973021200000000022e+02
2.973721174506828220e+02,3.973021200000000022e+02
2.979346157321461988e+02,3.973021200000000022e+02
2.979588696286472214e+02,3.973021200000000022e+02
2.981174901117635727e+02,3.973021200000000022e+02
2.980074050037907227e+02,3.973021200000000022e+02
2.983003644913809467e+02,3.973021200000000022e+02
2.983246876847290423e+02,3.973021200000000022e+02
2.984832388709983206e+02,3.973021200000000022e+02
4.461084599999999796e+02,2.554027100000000132e+02
2.986661132506156378e+02,3.973021200000000022e+02
2.986905057408108632e+02,3.973021200000000022e+02
2.988489876302329549e+02,3.973021200000000022e+02
2.987393184609552463e+02,3.973021200000000022e+02
2.990318620098503288e+02,3.973021200000000022e+02
2.990563237968927410e+02,3.973021200000000022e+02
2.992147363894677028e+02,3.973021200000000022e+02
2.988370550075872529e+02,3.973021200000000022e+02
2.993976107690850768e+02,3.973021200000000022e+02
2.994221418529746188e+02,3.973021200000000022e+02
2.995804851487023939e+02,3.973021200000000022e+02
2.994712319181197699e+02,3.973021200000000022e+02
2.997633595283197110e+02,3.973021200000000022e+02
2.997879599090564398e+02,3.973021200000000022e+02
2.999462339079370850e+02,3.973021200000000022e+02
2.990329737082066686e+02,3.973021200000000022e+02
3.001291082875544589e+02,3.973021200000000022e+02
3.001537779651382607e+02,3.973021200000000022e+02
3.003119826671718329e+02,3.973021200000000022e+02
3.002031453752842936e+02,3.973021200000000022e+02
3.004948570467891500e+02,3.973021200000000022e+02
3.005195960212201385e+02,3.973021200000000022e+02
3.006777314264064671e+02,3.973021200000000022e+02
3.003019925644916839e+02,3.973021200000000022e+02
3.008606058060238411e+02,3.973021200000000022e+02
3.008854140773020163e+02,3.973021200000000022e+02
3.010434801856412150e+02,3.973021200000000022e+02
3.009350588324488172e+02,3.973021200000000022e+02
3.012263545652585890e+02,3.973021200000000022e+02
3.012512321333838372e+02,3.973021200000000022e+02
3.014092289448759061e+02,3.973021200000000022e+02
2.994266030487805210e+02,3.973021200000000022e+02
3.015921033244932801e+02,4.384582500000000209e+02
3.016170501894656581e+02,4.384582500000000209e+02
3.017749777041105972e+02,4.384582500000000209e+02
3.016669722896133408e+02,4.384582500000000209e+02
3.019578520837279711e+02,4.384582500000000209e+02
3.019828682455475359e+02,4.384582500000000209e+02
3.021407264633453451e+02,4.384582500000000209e+02
3.017669301213960580e+02,4.384582500000000209e+02
3.023236008429626622e+02,4.384582500000000209e+02
3.023486863016294137e+02,4.384582500000000209e+02
3.025064752225800362e+02,4.384582500000000209e+02
3.023988857467778644e+02,4.384582500000000209e+02
3.026893496021973533e+02,4.384582500000000209e+02
3.027145043577112347e+02,4.384582500000000209e+02
3.028722239818147273e+02,4.384582500000000209e+02
3.019673015197568020e+02,4.384582500000000209e+02
3.030550983614321012e+02,4.384582500000000209e+02
3.030803224137930556e+02,4.384582500000000209e+02
3.032379727410494183e+02,4.384582500000000209e+02
3.031307992039423880e+02,4.384582500000000209e+02
3.034208471206667923e+02,4.384582500000000209e+02
3.034461404698749334e+02,4.384582500000000209e+02
3.036037215002841094e+02,4.384582500000000209e+02
3.032318676783004321e+02,4.384582500000000209e+02
3.037865958799014834e+02,4.384582500000000209e+02
3.038119585259568112e+02,4.384582500000000209e+02
3.039694702595188573e+02,4.384582500000000209e+02
3.038627126611069116e+02,4.384582500000000209e+02
3.041523446391362313e+02,4.384582500000000209e+02
3.041777765820386321e+02,4.384582500000000209e+02
3.043352190187535484e+02,4.384582500000000209e+02
4.473322000000000003e+02,2.557652600000000120e+02
3.045180933983708655e+02,4.775581000000000245e+02
3.045435946381204531e+02,4.775581000000000245e+02
3.047009677779882395e+02,4.775581000000000245e+02
3.045946261182714352e+02,4.775581000000000245e+02
3.048838421576056135e+02,4.775581000000000245e+02
3.049094126942023308e+02,4.775581000000000245e+02
3.050667165372229874e+02,4.775581000000000245e+02
3.046968052352048630e+02,4.775581000000000245e+02
3.052495909168403045e+02,4.775581000000000245e+02
3.052752307502842086e+02,4.775581000000000245e+02
3.054324652964576217e+02,4.775581000000000245e+02
3.053265395754359588e+02,4.775581000000000245e+02
3.056153396760749956e+02,4.775581000000000245e+02
3.056410488063660296e+02,4.775581000000000245e+02
3.057982140556923696e+02,4.775581000000000245e+02
3.049016293313069355e+02,4.775581000000000245e+02
3.059810884353097435e+02,4.775581000000000245e+02
3.060068668624478505e+02,4.775581000000000245e+02
3.061639628149270607e+02,4.775581000000000245e+02
3.060584530326004824e+02,4.775581000000000245e+02
3.063468371945443778e+02,4.775581000000000245e+02
3.063726849185297283e+02,4.775581000000000245e+02
3.065297115741617517e+02,4.775581000000000245e+02
3.061617427921092371e+02,4.775581000000000245e+02
3.067125859537791257e+02,4.775581000000000245e+02
3.067385029746116061e+02,4.775581000000000245e+02
3.068954603333964997e+02,4.775581000000000245e+02
3.067903664897649492e+02,4.775581000000000245e+02
3.070783347130138168e+02,4.775581000000000245e+02
3.071043210306934270e+02,4.775581000000000245e+02
3.072612090926311339e+02,4.775581000000000245e+02
3.053131509146341500e+02,4.775581000000000245e+02
3.074440834722485079e+02,5.073365499999999884e+02
3.074701390867752480e+02,5.073365499999999884e+02
3.076269578518658818e+02,5.073365499999999884e+02
3.075222799469294728e+02,5.073365499999999884e+02
3.078098322314832558e+02,5.073365499999999884e+02
3.078359571428571257e+02,5.073365499999999884e+02
3.079927066111005729e+02,5.073365499999999884e+02
3.076266803490136681e+02,5.073365499999999884e+02
3.081755809907178900e+02,5.073365499999999884e+02
3.082017751989390035e+02,5.073365499999999884e+02
3.083584553703352640e+02,5.073365499999999884e+02
3.082541934040939964e+02,5.073365499999999884e+02
3.085413297499526379e+02,5.073365499999999884e+02
3.085675932550208245e+02,5.073365499999999884e+02
3.087242041295700119e+02,5.073365499999999884e+02
3.078359571428571257e+02,5.073365499999999884e+02
3.089070785091873290e+02,5.303619400000000041e+02
3.089334113111026454e+02,5.303619400000000041e+02
3.090899528888046461e+02,5.303619400000000041e+02
3.089861068612585200e+02,5.303619400000000041e+02
3.092728272684220201e+02,5.303619400000000041e+02
3.092992293671845232e+02,5.303619400000000041e+02
3.094557016480393941e+02,5.303619400000000041e+02
3.090916179059180422e+02,5.303619400000000041e+02
3.096385760276567680e+02,5.303619400000000041e+02
3.096650474232664010e+02,5.303619400000000041e+02
3.098214504072740851e+02,5.303619400000000041e+02
3.097180203184230436e+02,5.303619400000000041e+02
3.100043247868914591e+02,5.303619400000000041e+02
3.100308654793482219e+02,5.303619400000000041e+02
3.101871991665087762e+02,5.303619400000000041e+02
4.473322000000000003e+02,2.557652600000000120e+02
3.103700735461261502e+02,5.391979000000000042e+02
3.103966835354300429e+02,5.391979000000000042e+02
3.105529479257435241e+02,5.391979000000000042e+02
3.104499337755875672e+02,5.391979000000000042e+02
3.107358223053608413e+02,5.391979000000000042e+02
3.107625015915119207e+02,5.391979000000000042e+02
3.109186966849782152e+02,5.391979000000000042e+02
3.105565554628224163e+02,5.391979000000000042e+02
3.111015710645955323e+02,5.391979000000000042e+02
3.111283196475937984e+02,5.391979000000000042e+02
3.112844454442129063e+02,5.391979000000000042e+02
3.111818472327520340e+02,5.391979000000000042e+02
3.114673198238302803e+02,5.391979000000000042e+02
3.114941377036756194e+02,5.391979000000000042e+02
3.116501942034476542e+02,5.391979000000000042e+02
3.107702849544073160e+02,5.391979000000000042e+02
3.118330685830649713e+02,5.391979000000000042e+02
3.118599557597574403e+02,5.391979000000000042e+02
3.120159429626822885e+02,5.391979000000000042e+02
3.119137606899165576e+02,5.391979000000000042e+02
3.121988173422996624e+02,5.391979000000000042e+02
3.122257738158393181e+02,5.391979000000000042e+02
3.123816917219170364e+02,5.391979000000000042e+02
3.120214930197268473e+02,5.391979000000000042e+02
3.125645661015344103e+02,5.391979000000000042e+02
3.125915918719211959e+02,5.391979000000000042e+02
3.127474404811517275e+02,5.391979000000000042e+02
3.126456741470810812e+02,5.391979000000000042e+02
3.129303148607690446e+02,5.391979000000000042e+02
3.129574099280030168e+02,5.391979000000000042e+02
3.131131892403864185e+02,5.391979000000000042e+02
3.111996987804877790e+02,5.391979000000000042e+02
3.132960636200037925e+02,5.391979000000000042e+02
3.133232279840848378e+02,5.391979000000000042e+02
3.134789379996211665e+02,5.391979000000000042e+02
3.133775876042456048e+02,5.391979000000000042e+02
3.136618123792384836e+02,5.391979000000000042e+02
3.136890460401667156e+02,5.391979000000000042e+02
3.138446867588558007e+02,5.391979000000000042e+02
3.134864305766312782e+02,5.391979000000000042e+02
3.140275611384731747e+02,5.391979000000000042e+02
3.140548640962485933e+02,5.391979000000000042e+02
3.142104355180905486e+02,5.391979000000000042e+02
3.141095010614101284e+02,5.391979000000000042e+02
3.143933098977079226e+02,5.391979000000000042e+02
3.144206821523304143e+02,5.391979000000000042e+02
3.145761842773252397e+02,5.391979000000000042e+02
3.137046127659574495e+02,5.391979000000000042e+02
3.147590586569425568e+02,5.391979000000000042e+02
3.147865002084122352e+02,5.391979000000000042e+02
3.149419330365599308e+02,5.391979000000000042e+02
3.148414145185746520e+02,5.391979000000000042e+02
3.151248074161773047e+02,5.391979000000000042e+02
3.151523182644941130e+02,5.391979000000000042e+02
3.153076817957946787e+02,5.391979000000000042e+02
3.149513681335356523e+02,5.391979000000000042e+02
3.154905561754119958e+02,5.391979000000000042e+02
3.155181363205759908e+02,5.391979000000000042e+02
3.156734305550293129e+02,5.391979000000000042e+02
3.155733279757391756e+02,5.391979000000000042e+02
3.158563049346466869e+02,5.391979000000000042e+02
3.158839543766578117e+02,5.391979000000000042e+02
3.160391793142640608e+02,5.391979000000000042e+02
2.458977999999999895e+02,4.992151999999999816e+02
3.162220536938814348e+02,4.636232999999999720e+02
3.162497724327396327e+02,4.636232999999999720e+02
3.164049280734987519e+02,4.636232999999999720e+02
3.163052414329036992e+02,4.636232999999999720e+02
3.165878024531160690e+02,4.636232999999999720e+02
3.166155904888215105e+02,4.636232999999999720e+02
3.167706768327334430e+02,4.636232999999999720e+02
3.164163056904400264e+02,4.636232999999999720e+02
3.169535512123508170e+02,4.636232999999999720e+02
3.169814085449033882e+02,4.636232999999999720e+02
3.171364255919681909e+02,4.636232999999999720e+02
3.170371548900682228e+02,4.636232999999999720e+02
3.173192999715855080e+02,4.636232999999999720e+02
3.173472266009852092e+02,4.636232999999999720e+02
3.175021743512028820e+02,4.636232999999999720e+02
3.166389405775075829e+02,4.636232999999999720e+02
3.176850487308201991e+02,4.636232999999999720e+02
3.177130446570670301e+02,4.636232999999999720e+02
3.178679231104375731e+02,4.636232999999999720e+02
3.177690683472327464e+02,4.636232999999999720e+02
3.180507974900549470e+02,4.636232999999999720e+02
3.180788627131489079e+02,4.636232999999999720e+02
3.182336718696722642e+02,4.636232999999999720e+02
3.178812432473444574e+02,4.636232999999999720e+02
3.184165462492896381e+02,4.636232999999999720e+02
3.184446807692307857e+02,4.636232999999999720e+02
3.185994206289069552e+02,4.636232999999999720e+02
3.185009818043972700e+02,4.636232999999999720e+02
3.187822950085243292e+02,4.636232999999999720e+02
3.188104988253126066e+02,4.636232999999999720e+02
3.189651693881417032e+02,4.636232999999999720e+02
3.170862466463414648e+02,4.636232999999999720e+02
3.191480437677590203e+02,4.636232999999999720e+02
3.191763168813944276e+02,4.636232999999999720e+02
3.193309181473763942e+02,4.636232999999999720e+02
3.192328952615617936e+02,4.636232999999999720e+02
3.195137925269937114e+02,4.636232999999999720e+02
3.195421349374763054e+02,4.636232999999999720e+02
3.196966669066110853e+02,4.636232999999999720e+02
3.193461808042488883e+02,4.636232999999999720e+02
3.198795412862284593e+02,4.636232999999999720e+02
3.199079529935581832e+02,4.636232999999999720e+02
3.200624156658458332e+02,4.636232999999999720e+02
3.199648087187263172e+02,4.636232999999999720e+02
3.202452900454631504e+02,4.636232999999999720e+02
3.202737710496400041e+02,4.636232999999999720e+02
3.204281644250804675e+02,4.636232999999999720e+02
3.195732683890577164e+02,4.636232999999999720e+02
3.206110388046978414e+02,4.636232999999999720e+02
3.206395891057218250e+02,4.636232999999999720e+02
3.207939131843152154e+02,4.636232999999999720e+02
3.206967221758908408e+02,4.636232999999999720e+02
3.209767875639325894e+02,4.636232999999999720e+02
3.210054071618037028e+02,4.636232999999999720e+02
3.211596619435499065e+02,4.636232999999999720e+02
3.208111183611532624e+02,4.636232999999999720e+02
3.213425363231672236e+02,4.636232999999999720e+02
3.213712252178855806e+02,4.636232999999999720e+02
3.215254107027845976e+02,4.636232999999999720e+02
3.214286356330553645e+02,4.636232999999999720e+02
3.217082850824019715e+02,4.636232999999999720e+02
3.217370432739674015e+02,4.636232999999999720e+02
3.218911594620193455e+02,4.636232999999999720e+02
2.458977999999999895e+02,4.992151999999999816e+02
3.220740338416366626e+02,2.668231200000000172e+02
3.221028613300492225e+02,2.668231200000000172e+02
3.222569082212539797e+02,2.668231200000000172e+02
3.221605490902198881e+02,2.668231200000000172e+02
3.224397826008713537e+02,2.668231200000000172e+02
3.224686793861311003e+02,2.668231200000000172e+02
3.226226569804887276e+02,2.668231200000000172e+02
3.222760559180576365e+02,2.668231200000000172e+02
3.228055313601061016e+02,2.668231200000000172e+02
3.228344974422129781e+02,2.668231200000000172e+02
3.229884057397234187e+02,2.668231200000000172e+02
3.228924625473843548e+02,2.668231200000000172e+02
3.231712801193407358e+02,2.668231200000000172e+02
3.232003154982947990e+02,2.668231200000000172e+02
3.233541544989581098e+02,2.668231200000000172e+02
3.225075962006078498e+02,2.668231200000000172e+02
3.235370288785754838e+02,2.668231200000000172e+02
3.235661335543766199e+02,2.668231200000000172e+02
3.237199032581928577e+02,2.668231200000000172e+02
3.236243760045488784e+02,2.668231200000000172e+02
3.239027776378101748e+02,2.668231200000000172e+02
3.239319516104584977e+02,2.668231200000000172e+02
3.240856520174274920e+02,2.668231200000000172e+02
3.237409934749620675e+02,2.668231200000000172e+02
3.242685263970448659e+02,2.668231200000000172e+02
3.242977696665403755e+02,2.668231200000000172e+02
3.244514007766622399e+02,2.668231200000000172e+02
3.243562894617134020e+02,2.668231200000000172e+02
3.246342751562796138e+02,2.668231200000000172e+02
3.246635877226221965e+02,2.668231200000000172e+02
3.248171495358969310e+02,2.668231200000000172e+02
3.229727945121951507e+02,2.668231200000000172e+02
3.250000239155143049e+02,2.668231200000000172e+02
3.250294057787040174e+02,2.668231200000000172e+02
3.251828982951316220e+02,2.668231200000000172e+02
3.250882029188779256e+02,2.668231200000000172e+02
3.253657726747489960e+02,2.668231200000000172e+02
3.253952238347858952e+02,2.668231200000000172e+02
3.255486470543663700e+02,2.668231200000000172e+02
3.252059310318664984e+02,2.668231200000000172e+02
3.257315214339836871e+02,2.668231200000000172e+02
3.257610418908677730e+02,2.668231200000000172e+02
3.259143958136010610e+02,2.668231200000000172e+02
3.258201163760424492e+02,2.668231200000000172e+02
3.260972701932183782e+02,2.668231200000000172e+02
3.261268599469495939e+02,2.668231200000000172e+02
3.262801445728357521e+02,2.668231200000000172e+02
3.254419240121580401e+02,2.668231200000000172e+02
3.264630189524531261e+02,2.668231200000000172e+02
3.264926780030314148e+02,2.668231200000000172e+02
3.266458933320704432e+02,2.668231200000000172e+02
3.265520298332069729e+02,2.668231200000000172e+02
3.268287677116878172e+02,2.668231200000000172e+02
3.268584960591132926e+02,2.668231200000000172e+02
3.270116420913051343e+02,2.668231200000000172e+02
3.266708685887708725e+02,2.668231200000000172e+02
3.271945164709225082e+02,2.668231200000000172e+02
3.272243141151951704e+02,2.668231200000000172e+02
3.273773908505398822e+02,2.668231200000000172e+02
3.272839432903714396e+02,2.668231200000000172e+02
3.275602652301572562e+02,2.668231200000000172e+02
3.275901321712769914e+02,2.668231200000000172e+02
3.277431396097745733e+02,2.668231200000000172e+02
2.458977999999999895e+02,4.992151999999999816e+02
3.279260139893918904e+02,2.668231200000000172e+02
3.279559502273588123e+02,2.668231200000000172e+02
3.281088883690092644e+02,2.668231200000000172e+02
3.280158567475359632e+02,2.668231200000000172e+02
3.282917627486266383e+02,2.668231200000000172e+02
3.283217682834406901e+02,2.668231200000000172e+02
3.284746371282440123e+02,2.668231200000000172e+02
3.281358061456752466e+02,2.668231200000000172e+02
3.286575115078613294e+02,2.668231200000000172e+02
3.286875863395225679e+02,2.668231200000000172e+02
3.288403858874786465e+02,2.668231200000000172e+02
3.287477702047004868e+02,2.668231200000000172e+02
3.290232602670960205e+02,2.668231200000000172e+02
3.290534043956043888e+02,2.668231200000000172e+02
3.292061346467133944e+02,2.668231200000000172e+02
3.283762518237082304e+02,2.668231200000000172e+02
3.293890090263307684e+02,2.668231200000000172e+02
3.294192224516862098e+02,2.668231200000000172e+02
3.295718834059480855e+02,2.668231200000000172e+02
3.294796836618650104e+02,2.668231200000000172e+02
3.297547577855654026e+02,2.668231200000000172e+02
3.297850405077680875e+02,2.668231200000000172e+02
3.299376321651827766e+02,2.668231200000000172e+02
3.296007437025796207e+02,2.668231200000000172e+02
3.301205065448001506e+02,2.668231200000000172e+02
3.301508585638499653e+02,2.668231200000000172e+02
3.303033809244175245e+02,2.668231200000000172e+02
3.302115971190295340e+02,2.668231200000000172e+02
3.304862553040348416e+02,2.668231200000000172e+02
3.305166766199317863e+02,2.668231200000000172e+02
3.306691296836521587e+02,2.668231200000000172e+02
3.288593423780487797e+02,2.668231200000000172e+02
3.308520040632695327e+02,2.668231200000000172e+02
3.308824946760136072e+02,2.668231200000000172e+02
3.310348784428869067e+02,2.668231200000000172e+02
3.309435105761940576e+02,2.668231200000000172e+02
3.312177528225042806e+02,2.668231200000000172e+02
3.312483127320954850e+02,2.668231200000000172e+02
3.314006272021215977e+02,2.668231200000000172e+02
3.310656812594840517e+02,2.668231200000000172e+02
3.315835015817389149e+02,2.668231200000000172e+02
3.316141307881773628e+02,2.668231200000000172e+02
3.317663759613562888e+02,2.668231200000000172e+02
3.316754240333585813e+02,2.668231200000000172e+02
3.319492503409736628e+02,2.668231200000000172e+02
3.319799488442591837e+02,2.668231200000000172e+02
3.321321247205910367e+02,2.668231200000000172e+02
3.313105796352583639e+02,2.668231200000000172e+02
3.323149991002083539e+02,2.668231200000000172e+02
3.323457669003410047e+02,2.668231200000000172e+02
3.324978734798256710e+02,2.668231200000000172e+02
3.324073374905231049e+02,2.668231200000000172e+02
3.326807478594430449e+02,2.668231200000000172e+02
3.327115849564228824e+02,2.668231200000000172e+02
3.328636222390604189e+02,2.668231200000000172e+02
3.325306188163884826e+02,2.668231200000000172e+02
3.330464966186777929e+02,2.668231200000000172e+02
3.330774030125047602e+02,2.668231200000000172e+02
3.332293709982951100e+02,2.668231200000000172e+02
3.331392509476876285e+02,2.668231200000000172e+02
3.334122453779124839e+02,2.668231200000000172e+02
3.334432210685865812e+02,2.668231200000000172e+02
3.335951197575298011e+02,2.668231200000000172e+02
2.822147199999999998e+02,4.838986800000000130e+02
3.337779941371471750e+02,4.405218499999999722e+02
3.338090391246684021e+02,4.405218499999999722e+02
3.339608685167645490e+02,4.405218499999999722e+02
3.338711644048521521e+02,4.405218499999999722e+02
3.341437428963818661e+02,4.405218499999999722e+02
3.341748571807502231e+02,4.405218499999999722e+02
3.343266172759992401e+02,4.405218499999999722e+02
3.339955563732928567e+02,4.405218499999999722e+02
3.345094916556165572e+02,4.405218499999999722e+02
3.345406752368321008e+02,4.405218499999999722e+02
3.346923660352339311e+02,4.405218499999999722e+02
3.346030778620166757e+02,4.405218499999999722e+02
3.348752404148513051e+02,4.405218499999999722e+02
3.349064932929139786e+02,4.405218499999999722e+02
3.350581147944686791e+02,4.405218499999999722e+02
3.342449074468084973e+02,4.405218499999999722e+02
3.352409891740859962e+02,4.405218499999999722e+02
3.352723113489957996e+02,4.405218499999999722e+02
3.354238635537033133e+02,4.405218499999999722e+02
3.353349913191811993e+02,4.405218499999999722e+02
3.356067379333206873e+02,4.405218499999999722e+02
3.356381294050776205e+02,4.405218499999999722e+02
3.357896123129380612e+02,4.405218499999999722e+02
3.354604939301972308e+02,4.405218499999999722e+02
3.359724866925554352e+02,4.405218499999999722e+02
3.360039474611594983e+02,4.405218499999999722e+02
3.361553610721727523e+02,4.405218499999999722e+02
3.360669047763457229e+02,4.405218499999999722e+02
3.363382354517900694e+02,4.405218499999999722e+02
3.363697655172413761e+02,4.405218499999999722e+02
3.365211098314074434e+02,4.405218499999999722e+02
3.347458902439024087e+02,4.405218499999999722e+02
3.367039842110248173e+02,4.405218499999999722e+02
3.367355835733231970e+02,4.405218499999999722e+02
3.368868585906421913e+02,4.405218499999999722e+02
3.367988182335102465e+02,4.405218499999999722e+02
3.370697329702595084e+02,4.405218499999999722e+02
3.371014016294050180e+02,4.405218499999999722e+02
3.372526073498768255e+02,4.405218499999999722e+02
3.369254314871016618e+02,4.405218499999999722e+02
3.374354817294941995e+02,4.405218499999999722e+02
3.374672196854868957e+02,4.405218499999999722e+02
3.376183561091115735e+02,4.405218499999999722e+02
3.375307316906747701e+02,4.405218499999999722e+02
3.378012304887289474e+02,4.405218499999999722e+02
3.378330377415687735e+02,4.405218499999999722e+02
3.379841048683462645e+02,4.405218499999999722e+02
3.371792352583586307e+02,4.405218499999999722e+02
3.381669792479635817e+02,4.405218499999999722e+02
3.381988557976505945e+02,4.405218499999999722e+02
3.383498536275809556e+02,4.405218499999999722e+02
3.382626451478392937e+02,4.405218499999999722e+02
3.385327280071983296e+02,4.405218499999999722e+02
3.385646738537324154e+02,4.405218499999999722e+02
3.387156023868157035e+02,4.405218499999999722e+02
3.383903690440060927e+02,4.405218499999999722e+02
3.388984767664330207e+02,4.405218499999999722e+02
3.389304919098142932e+02,4.405218499999999722e+02
3.390813511460503378e+02,4.405218499999999722e+02
3.389945586050037605e+02,4.405218499999999722e+02
3.392642255256677117e+02,4.405218499999999722e+02
3.392963099658961710e+02,4.405218499999999722e+02
3.394470999052850857e+02,4.405218499999999722e+02
3.168606300000000147e+02,4.636232999999999720e+02
3.396299742849024597e+02,4.405218499999999722e+02
3.396621280219779919e+02,4.405218499999999722e+02
3.398128486645197768e+02,4.405218499999999722e+02
3.397264720621682841e+02,4.405218499999999722e+02
3.399957230441370939e+02,4.405218499999999722e+02
3.400279460780598129e+02,4.405218499999999722e+02
3.401785974237544679e+02,4.405218499999999722e+02
3.398553066009104668e+02,4.405218499999999722e+02
3.403614718033718418e+02,4.405218499999999722e+02
3.403937641341416906e+02,4.405218499999999722e+02
3.405443461829892158e+02,4.405218499999999722e+02
3.404583855193328077e+02,4.405218499999999722e+02
3.407272205626065329e+02,4.405218499999999722e+02
3.407595821902235684e+02,4.405218499999999722e+02
3.409100949422239069e+02,4.405218499999999722e+02
3.401135630699087642e+02,4.405218499999999722e+02
3.410929693218412240e+02,4.405218499999999722e+02
3.411254002463053894e+02,4.405218499999999722e+02
3.412758437014585979e+02,4.405218499999999722e+02
3.411902989764973313e+02,4.405218499999999722e+02
3.414587180810759719e+02,4.405218499999999722e+02
3.414912183023872103e+02,4.405218499999999722e+02
3.416415924606932890e+02,4.405218499999999722e+02
3.413202441578148409e+02,4.405218499999999722e+02
3.418244668403106630e+02,4.405218499999999722e+02
3.418570363584690881e+02,4.405218499999999722e+02
3.420073412199279801e+02,4.405218499999999722e+02
3.419222124336618549e+02,4.405218499999999722e+02
3.421902155995453541e+02,4.405218499999999722e+02
3.422228544145509659e+02,4.405218499999999722e+02
3.423730899791627280e+02,4.405218499999999722e+02
3.406324381097560945e+02,4.405218499999999722e+02
3.425559643587800451e+02,4.405218499999999722e+02
3.425886724706327868e+02,4.405218499999999722e+02
3.427388387383974191e+02,4.405218499999999722e+02
3.426541258908263785e+02,4.405218499999999722e+02
3.429217131180147362e+02,4.405218499999999722e+02
3.429544905267146078e+02,4.405218499999999722e+02
3.431045874976321102e+02,4.405218499999999722e+02
3.427851817147192719e+02,4.405218499999999722e+02
3.432874618772494841e+02,4.405218499999999722e+02
3.433203085827964856e+02,4.405218499999999722e+02
3.434703362568668581e+02,4.405218499999999722e+02
3.433860393479908453e+02,4.405218499999999722e+02
3.436532106364841752e+02,4.405218499999999722e+02
3.436861266388783633e+02,4.405218499999999722e+02
3.438360850161014923e+02,4.405218499999999722e+02
3.430478908814589545e+02,4.405218499999999722e+02
3.440189593957188663e+02,4.405218499999999722e+02
3.440519446949601843e+02,4.405218499999999722e+02
3.442018337753362403e+02,4.405218499999999722e+02
3.441179528051553689e+02,4.405218499999999722e+02
3.443847081549536142e+02,4.405218499999999722e+02
3.444177627510420052e+02,4.405218499999999722e+02
3.445675825345709313e+02,4.405218499999999722e+02
3.442501192716237028e+02,4.405218499999999722e+02
3.447504569141882484e+02,4.405218499999999722e+02
3.447835808071238830e+02,4.405218499999999722e+02
3.449333312938056224e+02,4.405218499999999722e+02
3.448498662623198925e+02,4.405218499999999722e+02
3.451162056734229964e+02,4.405218499999999722e+02
3.451493988632057608e+02,4.405218499999999722e+02
3.452990800530403703e+02,4.405218499999999722e+02
3.462337299999999800e+02,4.405218499999999722e+02
3.454819544326576874e+02,4.405218499999999722e+02
3.455152169192875817e+02,4.405218499999999722e+02
3.456648288122750046e+02,4.405218499999999722e+02
3.455817797194844161e+02,4.405218499999999722e+02
3.458477031918923785e+02,4.405218499999999722e+02
3.458810349753694027e+02,4.405218499999999722e+02
3.460305775715097525e+02,4.405218499999999722e+02
3.457150568285280769e+02,4.405218499999999722e+02
3.462134519511271264e+02,4.405218499999999722e+02
3.462468530314512805e+02,4.405218499999999722e+02
3.463963263307444436e+02,4.405218499999999722e+02
3.463136931766489397e+02,4.405218499999999722e+02
3.465792007103617607e+02,4.405218499999999722e+02
3.466126710875331582e+02,4.405218499999999722e+02
3.467620750899791346e+02,4.405218499999999722e+02
3.459822186930090879e+02,4.405218499999999722e+02
3.469449494695965086e+02,4.405218499999999722e+02
3.469784891436149792e+02,4.405218499999999722e+02
3.471278238492138826e+02,4.405218499999999722e+02
3.470456066338134633e+02,4.405218499999999722e+02
3.473106982288311997e+02,4.405218499999999722e+02
3.473443071996968001e+02,4.405218499999999722e+02
3.474935726084485168e+02,4.405218499999999722e+02
3.471799943854324511e+02,4.405218499999999722e+02
3.476764469880658908e+02,4.405218499999999722e+02
3.477101252557786779e+02,4.405218499999999722e+02
3.478593213676832647e+02,4.405218499999999722e+02
3.477775200909779869e+02,4.405218499999999722e+02
3.480421957473006387e+02,4.405218499999999722e+02
3.480759433118605557e+02,4.405218499999999722e+02
3.482250701269179558e+02,4.405218499999999722e+02
3.465189859756097803e+02,4.405218499999999722e+02
3.484079445065353298e+02,4.405218499999999722e+02
3.484417613679423766e+02,4.405218499999999722e+02
3.485908188861526469e+02,4.405218499999999722e+02
3.485094335481425105e+02,4.405218499999999722e+02
3.487736932657700208e+02,4.405218499999999722e+02
3.488075794240241976e+02,4.405218499999999722e+02
3.489565676453873948e+02,4.405218499999999722e+02
3.486449319423368252e+02,4.405218499999999722e+02
3.491394420250047119e+02,4.405218499999999722e+02
3.491733974801060754e+02,4.405218499999999722e+02
3.493223164046220859e+02,4.405218499999999722e+02
3.492413470053070341e+02,4.405218499999999722e+02
3.495051907842394030e+02,4.405218499999999722e+02
3.495392155361879531e+02,4.405218499999999722e+02
3.496880651638567770e+02,4.405218499999999722e+02
3.489165465045592782e+02,4.405218499999999722e+02
3.498709395434741509e+02,4.405218499999999722e+02
3.499050335922697741e+02,4.405218499999999722e+02
3.500538139230914680e+02,4.405218499999999722e+02
3.499732604624715577e+02,4.405218499999999722e+02
3.502366883027088420e+02,4.405218499999999722e+02
3.502708516483515950e+02,4.405218499999999722e+02
3.504195626823261591e+02,4.405218499999999722e+02
3.501098694992412561e+02,4.405218499999999722e+02
3.506024370619435331e+02,4.405218499999999722e+02
3.506366697044334728e+02,4.405218499999999722e+02
3.507853114415609070e+02,4.405218499999999722e+02
3.507051739196360813e+02,4.405218499999999722e+02
3.509681858211782810e+02,4.405218499999999722e+02
3.510024877605153506e+02,4.405218499999999722e+02
3.511510602007955981e+02,4.405218499999999722e+02
3.705268599999999992e+02,4.202910200000000032e+02
3.513339345804129152e+02,4.405218499999999722e+02
3.513683058165971715e+02,4.405218499999999722e+02
3.515168089600302892e+02,4.405218499999999722e+02
3.514370873768006049e+02,4.405218499999999722e+02
3.516996833396476632e+02,4.405218499999999722e+02
3.517341238726789925e+02,4.405218499999999722e+02
3.518825577192650371e+02,4.405218499999999722e+02
3.515748070561456871e+02,4.405218499999999722e+02
3.520654320988823542e+02,4.405218499999999722e+02
3.520999419287608703e+02,4.405218499999999722e+02
3.522483064784996714e+02,4.405218499999999722e+02
3.521690008339651285e+02,4.405218499999999722e+02
3.524311808581170453e+02,4.405218499999999722e+02
3.524657599848427481e+02,4.405218499999999722e+02
3.526140552377344193e+02,4.405218499999999722e+02
3.518508743161094117e+02,4.405218499999999722e+02
3.527969296173517932e+02,4.405218499999999722e+02
3.528315780409245690e+02,4.405218499999999722e+02
3.529798039969691104e+02,4.405218499999999722e+02
3.529009142911296522e+02,4.405218499999999722e+02
3.531626783765864275e+02,4.405218499999999722e+02
3.531973960970063899e+02,4.405218499999999722e+02
3.533455527562038014e+02,4.405218499999999722e+02
3.530397446130500612e+02,4.405218499999999722e+02
3.535284271358211754e+02,4.405218499999999722e+02
3.535632141530882677e+02,4.405218499999999722e+02
3.537113015154385494e+02,4.405218499999999722e+02
3.536328277482941758e+02,4.405218499999999722e+02
3.538941758950558665e+02,4.405218499999999722e+02
3.539290322091701455e+02,4.405218499999999722e+02
3.540770502746731836e+02,4.405218499999999722e+02
3.524055338414634093e+02,4.405218499999999722e+02
3.542599246542905576e+02,4.405218499999999722e+02
3.542948502652519664e+02,4.405218499999999722e+02
3.544427990339079315e+02,4.405218499999999722e+02
3.543647412054586994e+02,4.405218499999999722e+02
3.546256734135253055e+02,4.405218499999999722e+02
3.546606683213337874e+02,4.405218499999999722e+02
3.548085477931426226e+02,4.405218499999999722e+02
3.545046821699544353e+02,4.405218499999999722e+02
3.549914221727599397e+02,4.405218499999999722e+02
3.550264863774156652e+02,4.405218499999999722e+02
3.551742965523773137e+02,4.405218499999999722e+02
3.550966546626232230e+02,4.405218499999999722e+02
3.553571709319946876e+02,4.405218499999999722e+02
3.553923044334975430e+02,4.405218499999999722e+02
3.555400453116120616e+02,4.405218499999999722e+02
3.547852021276595451e+02,4.405218499999999722e+02
3.557229196912293787e+02,4.405218499999999722e+02
3.557581224895793639e+02,4.405218499999999722e+02
3.559057940708466958e+02,4.405218499999999722e+02
3.558285681197876897e+02,4.405218499999999722e+02
3.560886684504640698e+02,4.405218499999999722e+02
3.561239405456611848e+02,4.405218499999999722e+02
3.562715428300814438e+02,4.405218499999999722e+02
3.559696197268588662e+02,4.405218499999999722e+02
3.564544172096988177e+02,4.405218499999999722e+02
3.564897586017430626e+02,4.405218499999999722e+02
3.566372915893161348e+02,4.405218499999999722e+02
3.565604815769522133e+02,4.405218499999999722e+02
3.568201659689335088e+02,4.405218499999999722e+02
3.568555766578249404e+02,4.405218499999999722e+02
3.570030403485508259e+02,4.405218499999999722e+02
3.884046000000000163e+02,4.040980200000000195e+02
3.571859147281681999e+02,2.568140999999999963e+02
3.572213947139067614e+02,2.568140999999999963e+02
3.573687891077855738e+02,2.568140999999999963e+02
3.572923950341167370e+02,2.568140999999999963e+02
3.575516634874028910e+02,2.568140999999999963e+02
3.575872127699885823e+02,2.568140999999999963e+02
3.577345378670202649e+02,2.568140999999999963e+02
3.574345572837632972e+02,2.568140999999999963e+02
3.579174122466375820e+02,2.568140999999999963e+02
3.579530308260704601e+02,2.568140999999999963e+02
3.581002866262549560e+02,2.568140999999999963e+02
3.580243084912812606e+02,2.568140999999999963e+02
3.582831610058723300e+02,2.568140999999999963e+02
3.583188488821523379e+02,2.568140999999999963e+02
3.584660353854897039e+02,2.568140999999999963e+02
3.577195299392096786e+02,2.568140999999999963e+02
3.586489097651070210e+02,2.568140999999999963e+02
3.586846669382341588e+02,2.568140999999999963e+02
3.588317841447243381e+02,2.568140999999999963e+02
3.587562219484457842e+02,2.568140999999999963e+02
3.590146585243417121e+02,2.568140999999999963e+02
3.590504849943159797e+02,2.568140999999999963e+02
3.591975329039590861e+02,2.568140999999999963e+02
3.588994948406676713e+02,2.568140999999999963e+02
3.593804072835764600e+02,2.568140999999999963e+02
3.594163030503978575e+02,2.568140999999999963e+02
3.595632816631937771e+02,2.568140999999999963e+02
3.594881354056102509e+02,2.568140999999999963e+02
3.597461560428110943e+02,2.568140999999999963e+02
3.597821211064797353e+02,2.568140999999999963e+02
3.599290304224284682e+02,2.568140999999999963e+02
3.582920817073170383e+02,2.568140999999999963e+02
3.601119048020458422e+02,2.568140999999999963e+02
3.601479391625615563e+02,2.568140999999999963e+02
3.602947791816632161e+02,2.568140999999999963e+02
3.602200488627747745e+02,2.568140999999999963e+02
3.604776535612805333e+02,2.568140999999999963e+02
3.605137572186433772e+02,2.568140999999999963e+02
3.606605279408978504e+02,2.568140999999999963e+02
3.603644323975720454e+02,2.568140999999999963e+02
3.608434023205152243e+02,2.568140999999999963e+02
3.608795752747252550e+02,2.568140999999999963e+02
3.610262767001325983e+02,2.568140999999999963e+02
3.609519623199392981e+02,2.568140999999999963e+02
3.612091510797499723e+02,2.568140999999999963e+02
3.612453933308071328e+02,2.568140999999999963e+02
3.613920254593672894e+02,2.568140999999999963e+02
3.606538577507598688e+02,2.568140999999999963e+02
3.615748998389846065e+02,2.568140999999999963e+02
3.616112113868889537e+02,2.568140999999999963e+02
3.617577742186019805e+02,2.568140999999999963e+02
3.616838757771038217e+02,2.568140999999999963e+02
3.619406485982193544e+02,2.568140999999999963e+02
3.619770294429707747e+02,2.568140999999999963e+02
3.621235229778367284e+02,2.568140999999999963e+02
3.618293699544764763e+02,2.568140999999999963e+02
3.623063973574540455e+02,2.568140999999999963e+02
3.623428474990526524e+02,2.568140999999999963e+02
3.624892717370713626e+02,2.568140999999999963e+02
3.624157892342683454e+02,2.568140999999999963e+02
3.626721461166887366e+02,2.568140999999999963e+02
3.627086655551345302e+02,2.568140999999999963e+02
3.628550204963061105e+02,2.568140999999999963e+02
4.028145999999999844e+02,3.933589999999999804e+02
3.630378948759234845e+02,2.568140999999999963e+02
3.630744836112163512e+02,2.568140999999999963e+02
3.632207692555408016e+02,2.568140999999999963e+02
3.631477026914328690e+02,2.568140999999999963e+02
3.634036436351581187e+02,2.568140999999999963e+02
3.634403016672981721e+02,2.568140999999999963e+02
3.635865180147754927e+02,2.568140999999999963e+02
3.632943075113809073e+02,2.568140999999999963e+02
3.637693923943928667e+02,2.568140999999999963e+02
3.638061197233800499e+02,2.568140999999999963e+02
3.639522667740102406e+02,2.568140999999999963e+02
3.638796161485973926e+02,2.568140999999999963e+02
3.641351411536275577e+02,2.568140999999999963e+02
3.641719377794619277e+02,2.568140999999999963e+02
3.643180155332449317e+02,2.568140999999999963e+02
3.635881855623100023e+02,2.568140999999999963e+02
3.645008899128622488e+02,2.568140999999999963e+02
3.645377558355437486e+02,2.568140999999999963e+02
3.646837642924796228e+02,2.568140999999999963e+02
3.646115296057619162e+02,2.568140999999999963e+02
3.648666386720969967e+02,2.568140999999999963e+02
3.649035738916255696e+02,2.568140999999999963e+02
3.650495130517143139e+02,2.568140999999999963e+02
3.647592450682852814e+02,2.568140999999999963e+02
3.652323874313316878e+02,2.568140999999999963e+02
3.652693919477074473e+02,2.568140999999999963e+02
3.654152618109490049e+02,2.568140999999999963e+02
3.653434430629264398e+02,2.568140999999999963e+02
3.655981361905663789e+02,2.568140999999999963e+02
3.656352100037893251e+02,2.568140999999999963e+02
3.657810105701837529e+02,2.568140999999999963e+02
3.641786295731707241e+02,2.568140999999999963e+02
3.659638849498010700e+02,2.568140999999999963e+02
3.660010280598711461e+02,2.568140999999999963e+02
3.661467593294184439e+02,2.568140999999999963e+02
3.660753565200909634e+02,2.568140999999999963e+02
3.663296337090357611e+02,2.568140999999999963e+02
3.663668461159529670e+02,2.568140999999999963e+02
3.665125080886531350e+02,2.568140999999999963e+02
3.662241826251896555e+02,2.568140999999999963e+02
3.666953824682705090e+02,2.568140999999999963e+02
3.667326641720348448e+02,2.568140999999999963e+02
3.668782568478878829e+02,2.568140999999999963e+02
3.668072699772554870e+02,2.568140999999999963e+02
3.670611312275052001e+02,2.568140999999999963e+02
3.670984822281167226e+02,2.568140999999999963e+02
3.672440056071225172e+02,2.568140999999999963e+02
3.665225133738601926e+02,2.568140999999999963e+02
3.674268799867398911e+02,2.568140999999999963e+02
3.674643002841985435e+02,2.568140999999999963e+02
3.676097543663572651e+02,2.568140999999999963e+02
3.675391834344200106e+02,2.568140999999999963e+02
3.677926287459746391e+02,2.568140999999999963e+02
3.678301183402803645e+02,2.568140999999999963e+02
3.679755031255919562e+02,2.568140999999999963e+02
3.676891201820940864e+02,2.568140999999999963e+02
3.681583775052092733e+02,2.568140999999999963e+02
3.681959363963622422e+02,2.568140999999999963e+02
3.683412518848266473e+02,2.568140999999999963e+02
3.682710968915845342e+02,2.568140999999999963e+02
3.685241262644440212e+02,2.568140999999999963e+02
3.685617544524441200e+02,2.568140999999999963e+02
3.687070006440613952e+02,2.568140999999999963e+02
4.116709299999999985e+02,3.882400000000000091e+02
3.688898750236787123e+02,4.202910200000000032e+02
3.689275725085259410e+02,4.202910200000000032e+02
3.690727494032960294e+02,4.202910200000000032e+02
3.690030103487490578e+02,4.202910200000000032e+02
3.692556237829134034e+02,4.202910200000000032e+02
3.692933905646077619e+02,4.202910200000000032e+02
3.694384981625307773e+02,4.202910200000000032e+02
3.691540577389984605e+02,4.202910200000000032e+02
3.696213725421481513e+02,4.202910200000000032e+02
3.696592086206896397e+02,4.202910200000000032e+02
3.698042469217654684e+02,4.202910200000000032e+02
3.697349238059135814e+02,4.202910200000000032e+02
3.699871213013827855e+02,4.202910200000000032e+02
3.700250266767715175e+02,4.202910200000000032e+02
3.701699956810001595e+02,4.202910200000000032e+02
3.694568411854103260e+02,4.202910200000000032e+02
3.703528700606175335e+02,4.202910200000000032e+02
3.703908447328533384e+02,4.202910200000000032e+02
3.705357444402349074e+02,4.202910200000000032e+02
3.704668372630781050e+02,4.202910200000000032e+02
3.707186188198522245e+02,4.202910200000000032e+02
3.707566627889351594e+02,4.202910200000000032e+02
3.709014931994695417e+02,4.202910200000000032e+02
3.706189952959028915e+02,4.202910200000000032e+02
3.710843675790869156e+02,4.202910200000000032e+02
3.711224808450170372e+02,4.202910200000000032e+02
3.712672419587042896e+02,4.202910200000000032e+02
3.711987507202426286e+02,4.202910200000000032e+02
3.714501163383216635e+02,4.202910200000000032e+02
3.714882989010989149e+02,4.202910200000000032e+02
3.716329907179389807e+02,4.202910200000000032e+02
3.700651774390244100e+02,4.202910200000000032e+02
3.718158650975563546e+02,4.202910200000000032e+02
3.718541169571807359e+02,4.202910200000000032e+02
3.719987394771736717e+02,4.202910200000000032e+02
3.719306641774070954e+02,4.202910200000000032e+02
3.721816138567910457e+02,4.202910200000000032e+02
3.722199350132625568e+02,4.202910200000000032e+02
3.723644882364084197e+02,4.202910200000000032e+02
3.720839328528072656e+02,4.202910200000000032e+02
3.725473626160257368e+02,4.202910200000000032e+02
3.725857530693444346e+02,4.202910200000000032e+02
3.727302369956431107e+02,4.202910200000000032e+02
3.726625776345716190e+02,4.202910200000000032e+02
3.729131113752604278e+02,4.202910200000000032e+02
3.729515711254263124e+02,4.202910200000000032e+02
3.730959857548778018e+02,4.202910200000000032e+02
3.723911689969604595e+02,4.202910200000000032e+02
3.732788601344951758e+02,4.202910200000000032e+02
3.733173891815081333e+02,4.202910200000000032e+02
3.734617345141124929e+02,4.202910200000000032e+02
3.733944910917361426e+02,4.202910200000000032e+02
3.736446088937298668e+02,4.202910200000000032e+02
3.736832072375899543e+02,4.202910200000000032e+02
3.738274832733471840e+02,4.202910200000000032e+02
3.735488704097116397e+02,4.202910200000000032e+02
3.740103576529645579e+02,4.202910200000000032e+02
3.740490252936718321e+02,4.202910200000000032e+02
3.741932320325819319e+02,4.202910200000000032e+02
3.741264045489006662e+02,4.202910200000000032e+02
3.743761064121993059e+02,4.202910200000000032e+02
3.744148433497537098e+02,4.202910200000000032e+02
3.745589807918166230e+02,4.202910200000000032e+02
4.174275000000000091e+02,3.881522199999999998e+02
3.747418551714339401e+02,4.202910200000000032e+02
3.747806614058355308e+02,4.202910200000000032e+02
3.749247295510513140e+02,4.202910200000000032e+02
3.748583180060651898e+02,4.202910200000000032e+02
3.751076039306686880e+02,4.202910200000000032e+02
3.751464794619173517e+02,4.202910200000000032e+02
3.752904783102860620e+02,4.202910200000000032e+02
3.750138079666160706e+02,4.202910200000000032e+02
3.754733526899033791e+02,4.202910200000000032e+02
3.755122975179992295e+02,4.202910200000000032e+02
3.756562270695206962e+02,4.202910200000000032e+02
3.755902314632297134e+02,4.202910200000000032e+02
3.758391014491380702e+02,4.202910200000000032e+02
3.758781155740811073e+02,4.202910200000000032e+02
3.760219758287554441e+02,4.202910200000000032e+02
3.753254968085105929e+02,4.202910200000000032e+02
3.762048502083728181e+02,4.202910200000000032e+02
3.762439336301629282e+02,4.202910200000000032e+02
3.763877245879901352e+02,4.202910200000000032e+02
3.763221449203941802e+02,4.202910200000000032e+02
3.765705989676074523e+02,4.202910200000000032e+02
3.766097516862447492e+02,4.202910200000000032e+02
3.767534733472248263e+02,4.202910200000000032e+02
3.764787455235205016e+02,4.202910200000000032e+02
3.769363477268422002e+02,4.202910200000000032e+02
3.769755697423266270e+02,4.202910200000000032e+02
3.771192221064595742e+02,4.202910200000000032e+02
3.770540583775587038e+02,4.202910200000000032e+02
3.773020964860768913e+02,4.202910200000000032e+02
3.773413877984085048e+02,4.202910200000000032e+02
3.774849708656942084e+02,4.202910200000000032e+02
3.759517253048780390e+02,4.202910200000000032e+02
3.776678452453115824e+02,4.202910200000000032e+02
3.777072058544903257e+02,4.202910200000000032e+02
3.778507196249289564e+02,4.202910200000000032e+02
3.777859718347232274e+02,4.202910200000000032e+02
3.780335940045463303e+02,4.202910200000000032e+02
3.780730239105721466e+02,4.202910200000000032e+02
3.782164683841636474e+02,4.202910200000000032e+02
3.779436830804248757e+02,4.202910200000000032e+02
3.783993427637809646e+02,4.202910200000000032e+02
3.784388419666540244e+02,4.202910200000000032e+02
3.785822171433983385e+02,4.202910200000000032e+02
3.785178852918877510e+02,4.202910200000000032e+02
3.787650915230157125e+02,4.202910200000000032e+02
3.788046600227359022e+02,4.202910200000000032e+02
3.789479659026330864e+02,4.202910200000000032e+02
3.782598246200607264e+02,4.202910200000000032e+02
3.791308402822504036e+02,4.202910200000000032e+02
3.791704780788177231e+02,4.202910200000000032e+02
3.793137146618677207e+02,4.202910200000000032e+02
3.792497987490522746e+02,4.202910200000000032e+02
3.794965890414850946e+02,4.202910200000000032e+02
3.795362961348995441e+02,4.202910200000000032e+02
3.796794634211024686e+02,4.202910200000000032e+02
3.794086206373292498e+02,4.202910200000000032e+02
3.798623378007198426e+02,4.202910200000000032e+02
3.799021141909814219e+02,4.202910200000000032e+02
3.800452121803371597e+02,4.202910200000000032e+02
3.799817122062167982e+02,4.202910200000000032e+02
3.802280865599545336e+02,4.202910200000000032e+02
3.802679322470632997e+02,4.202910200000000032e+02
3.804109609395718508e+02,4.202910200000000032e+02
4.209534600000000069e+02,3.909511699999999905e+02
3.805938353191892247e+02,4.040980200000000195e+02
3.806337503031451206e+02,4.040980200000000195e+02
3.807767096988065987e+02,4.040980200000000195e+02
3.807136256633813218e+02,4.040980200000000195e+02
3.809595840784239158e+02,4.040980200000000195e+02
3.809995683592269415e+02,4.040980200000000195e+02
3.811424584580412898e+02,4.040980200000000195e+02
3.808735581942336808e+02,4.040980200000000195e+02
3.813253328376586069e+02,4.040980200000000195e+02
3.813653864153087625e+02,4.040980200000000195e+02
3.815082072172759808e+02,4.040980200000000195e+02
3.814455391205458454e+02,4.040980200000000195e+02
3.816910815968933548e+02,4.040980200000000195e+02
3.817312044713906403e+02,4.040980200000000195e+02
3.818739559765107288e+02,4.040980200000000195e+02
3.811941524316109167e+02,4.040980200000000195e+02
3.820568303561280459e+02,4.040980200000000195e+02
3.820970225274725180e+02,4.040980200000000195e+02
3.822397047357453630e+02,4.040980200000000195e+02
3.821774525777103690e+02,4.040980200000000195e+02
3.824225791153627370e+02,4.040980200000000195e+02
3.824628405835543390e+02,4.040980200000000195e+02
3.826054534949801109e+02,4.040980200000000195e+02
3.823384957511381117e+02,4.040980200000000195e+02
3.827883278745974849e+02,4.040980200000000195e+02
3.828286586396361599e+02,4.040980200000000195e+02
3.829712022542148020e+02,4.040980200000000195e+02
3.829093660348748926e+02,4.040980200000000195e+02
3.831540766338321191e+02,4.040980200000000195e+02
3.831944766957180377e+02,4.040980200000000195e+02
3.833369510134494931e+02,4.040980200000000195e+02
3.818382731707316680e+02,4.040980200000000195e+02
3.835198253930668670e+02,4.040980200000000195e+02
3.835602947517999155e+02,4.040980200000000195e+02
3.837026997726842410e+02,4.040980200000000195e+02
3.836412794920394163e+02,4.040980200000000195e+02
3.838855741523015581e+02,4.040980200000000195e+02
3.839261128078817364e+02,4.040980200000000195e+02
3.840684485319188752e+02,4.040980200000000195e+02
3.838034333080424858e+02,4.040980200000000195e+02
3.842513229115362492e+02,4.040980200000000195e+02
3.842919308639635574e+02,4.040980200000000195e+02
3.844341972911536232e+02,4.040980200000000195e+02
3.843731929492039399e+02,4.040980200000000195e+02
3.846170716707709971e+02,4.040980200000000195e+02
3.846577489200454352e+02,4.040980200000000195e+02
3.847999460503883142e+02,4.040980200000000195e+02
3.841284802431611070e+02,4.040980200000000195e+02
3.849828204300056314e+02,4.040980200000000195e+02
3.850235669761273130e+02,4.040980200000000195e+02
3.851656948096230053e+02,4.040980200000000195e+02
3.851051064063684635e+02,4.040980200000000195e+02
3.853485691892403793e+02,4.040980200000000195e+02
3.853893850322091339e+02,4.040980200000000195e+02
3.855314435688577532e+02,4.040980200000000195e+02
3.852683708649468599e+02,4.040980200000000195e+02
3.857143179484750704e+02,4.040980200000000195e+02
3.857552030882909548e+02,4.040980200000000195e+02
3.858971923280923875e+02,4.040980200000000195e+02
3.858370198635329871e+02,4.040980200000000195e+02
3.860800667077097614e+02,4.040980200000000195e+02
3.861210211443728326e+02,4.040980200000000195e+02
3.862629410873271354e+02,4.040980200000000195e+02
4.274212299999999800e+02,4.087086199999999963e+02
3.864458154669445094e+02,4.040980200000000195e+02
3.864868392004547104e+02,4.040980200000000195e+02
3.866286898465618265e+02,4.040980200000000195e+02
3.865689333206975107e+02,4.040980200000000195e+02
3.868115642261791436e+02,4.040980200000000195e+02
3.868526572565365313e+02,4.040980200000000195e+02
3.869944386057965175e+02,4.040980200000000195e+02
3.867333084218512909e+02,4.040980200000000195e+02
3.871773129854138915e+02,4.040980200000000195e+02
3.872184753126183523e+02,4.040980200000000195e+02
3.873601873650312655e+02,4.040980200000000195e+02
3.873008467778620343e+02,4.040980200000000195e+02
3.875430617446485826e+02,4.040980200000000195e+02
3.875842933687002301e+02,4.040980200000000195e+02
3.877259361242659566e+02,4.040980200000000195e+02
3.870628080547112404e+02,4.040980200000000195e+02
3.879088105038832737e+02,4.040980200000000195e+02
3.879501114247821079e+02,4.040980200000000195e+02
3.880916848835006476e+02,4.040980200000000195e+02
3.880327602350265011e+02,4.040980200000000195e+02
3.882745592631180216e+02,4.040980200000000195e+02
3.883159294808639288e+02,4.040980200000000195e+02
3.884574336427353387e+02,4.040980200000000195e+02
3.881982459787557218e+02,4.040980200000000195e+02
3.886403080223527127e+02,4.040980200000000195e+02
3.886817475369457497e+02,4.040980200000000195e+02
3.888231824019700298e+02,4.040980200000000195e+02
3.887646736921910247e+02,4.040980200000000195e+02
3.890060567815874037e+02,4.040980200000000195e+02
3.890475655930276275e+02,4.040980200000000195e+02
3.891889311612047777e+02,4.040980200000000195e+02
3.877248210365853538e+02,4.040980200000000195e+02
3.893718055408220948e+02,4.040980200000000195e+02
3.894133836491095053e+02,4.040980200000000195e+02
3.895546799204394688e+02,4.040980200000000195e+02
3.894965871493555483e+02,4.040980200000000195e+02
3.897375543000567859e+02,4.040980200000000195e+02
3.897792017051913263e+02,4.040980200000000195e+02
3.899204286796741599e+02,4.040980200000000195e+02
3.896631835356600959e+02,4.040980200000000195e+02
3.901033030592915338e+02,4.040980200000000195e+02
3.901450197612731472e+02,4.040980200000000195e+02
3.902861774389089078e+02,4.040980200000000195e+02
3.902285006065200719e+02,4.040980200000000195e+02
3.904690518185262249e+02,4.040980200000000195e+02
3.905108378173550250e+02,4.040980200000000195e+02
3.906519261981435420e+02,4.040980200000000195e+02
3.899971358662613738e+02,4.040980200000000195e+02
3.908348005777609160e+02,4.040980200000000195e+02
3.908766558734369028e+02,4.040980200000000195e+02
3.910176749573782899e+02,4.040980200000000195e+02
3.909604140636845955e+02,4.040980200000000195e+02
3.912005493369956639e+02,4.040980200000000195e+02
3.912424739295187237e+02,4.040980200000000195e+02
3.913834237166129810e+02,4.040980200000000195e+02
3.911281210925644700e+02,4.040980200000000195e+02
3.915662980962302981e+02,4.040980200000000195e+02
3.916082919856005446e+02,4.040980200000000195e+02
3.917491724758476721e+02,4.040980200000000195e+02
3.916923275208491191e+02,4.040980200000000195e+02
3.919320468554650461e+02,4.040980200000000195e+02
3.919741100416824224e+02,4.040980200000000195e+02
3.921149212350824200e+02,4.040980200000000195e+02
4.301128800000000183e+02,4.330890999999999735e+02
3.922977956146997371e+02,2.519551999999999907e+02
3.923399280977643002e+02,2.519551999999999907e+02
3.924806699943170543e+02,2.519551999999999907e+02
3.924242409780135858e+02,2.519551999999999907e+02
3.926635443739344282e+02,2.519551999999999907e+02
3.927057461538461212e+02,2.519551999999999907e+02
3.928464187535518022e+02,2.519551999999999907e+02
3.925930586494688441e+02,2.519551999999999907e+02
3.930292931331691761e+02,2.519551999999999907e+02
3.930715642099279421e+02,2.519551999999999907e+02
3.932121675127864933e+02,2.519551999999999907e+02
3.931561544351781095e+02,2.519551999999999907e+02
3.933950418924038104e+02,2.519551999999999907e+02
3.934373822660098199e+02,2.519551999999999907e+02
3.935779162720211843e+02,2.519551999999999907e+02
3.929314636778115073e+02,2.519551999999999907e+02
3.937607906516385583e+02,2.519551999999999907e+02
3.938032003220916977e+02,2.519551999999999907e+02
3.939436650312559323e+02,2.519551999999999907e+02
3.938880678923426331e+02,2.519551999999999907e+02
3.941265394108732494e+02,2.519551999999999907e+02
3.941690183781735186e+02,2.519551999999999907e+02
3.943094137904905665e+02,2.519551999999999907e+02
3.940579962063732751e+02,2.519551999999999907e+02
3.944922881701079405e+02,2.519551999999999907e+02
3.945348364342553396e+02,2.519551999999999907e+02
3.946751625497253144e+02,2.519551999999999907e+02
3.946199813495071567e+02,2.519551999999999907e+02
3.948580369293426884e+02,2.519551999999999907e+02
3.949006544903372173e+02,2.519551999999999907e+02
3.950409113089600055e+02,2.519551999999999907e+02
3.936113689024390396e+02,2.519551999999999907e+02
3.952237856885773795e+02,2.519551999999999907e+02
3.952664725464190951e+02,2.519551999999999907e+02
3.954066600681946966e+02,2.519551999999999907e+02
3.953518948066716803e+02,2.519551999999999907e+02
3.955895344478120705e+02,2.519551999999999907e+02
3.956322906025009161e+02,2.519551999999999907e+02
3.957724088274294445e+02,2.519551999999999907e+02
3.955229337632777060e+02,2.519551999999999907e+02
3.959552832070467616e+02,2.519551999999999907e+02
3.959981086585827370e+02,2.519551999999999907e+02
3.961381575866641356e+02,2.519551999999999907e+02
3.960838082638362039e+02,2.519551999999999907e+02
3.963210319662814527e+02,2.519551999999999907e+02
3.963639267146646148e+02,2.519551999999999907e+02
3.965039063458988267e+02,2.519551999999999907e+02
3.958657914893616407e+02,2.519551999999999907e+02
3.966867807255162006e+02,2.519551999999999907e+02
3.967297447707464926e+02,2.519551999999999907e+02
3.968696551051335177e+02,2.519551999999999907e+02
3.968157217210007275e+02,2.519551999999999907e+02
3.970525294847508917e+02,2.519551999999999907e+02
3.970955628268283135e+02,2.519551999999999907e+02
3.972354038643682088e+02,2.519551999999999907e+02
3.969878713201820801e+02,2.519551999999999907e+02
3.974182782439855828e+02,2.519551999999999907e+02
3.974613808829101345e+02,2.519551999999999907e+02
3.976011526236029567e+02,2.519551999999999907e+02
3.975476351781652511e+02,2.519551999999999907e+02
3.977840270032203307e+02,2.519551999999999907e+02
3.978271989389920122e+02,2.519551999999999907e+02
3.979669013828376478e+02,2.519551999999999907e+02
4.328508299999999736e+02,4.528071299999999724e+02
3.981497757624549649e+02,3.933589999999999804e+02
3.981930169950738900e+02,3.933589999999999804e+02
3.983326501420723389e+02,3.933589999999999804e+02
3.982795486353297747e+02,3.933589999999999804e+02
3.985155245216897129e+02,3.933589999999999804e+02
3.985588350511557110e+02,3.933589999999999804e+02
3.986983989013070868e+02,3.933589999999999804e+02
3.984528088770864542e+02,3.933589999999999804e+02
3.988812732809244039e+02,3.933589999999999804e+02
3.989246531072375319e+02,3.933589999999999804e+02
3.990641476605417211e+02,3.933589999999999804e+02
3.990114620924942983e+02,3.933589999999999804e+02
3.992470220401590950e+02,3.933589999999999804e+02
3.992904711633194097e+02,3.933589999999999804e+02
3.994298964197764690e+02,3.933589999999999804e+02
3.988001193009118310e+02,3.933589999999999804e+02
3.996127707993938429e+02,3.933589999999999804e+02
3.996562892194012875e+02,3.933589999999999804e+02
3.997956451790111601e+02,3.933589999999999804e+02
3.997433755496588219e+02,3.933589999999999804e+02
3.999785195586284772e+02,3.933589999999999804e+02
4.000221072754831084e+02,3.933589999999999804e+02
4.001613939382458511e+02,3.933589999999999804e+02
3.999177464339908852e+02,3.933589999999999804e+02
4.003442683178632251e+02,3.933589999999999804e+02
4.003879253315649294e+02,3.933589999999999804e+02
4.005271426974805991e+02,3.933589999999999804e+02
4.004752890068233455e+02,3.933589999999999804e+02
4.007100170770979162e+02,3.933589999999999804e+02
4.007537433876468072e+02,3.933589999999999804e+02
4.008928914567152333e+02,3.933589999999999804e+02
3.994979167682926686e+02,3.933589999999999804e+02
4.010757658363326073e+02,3.933589999999999804e+02
4.011195614437286849e+02,3.933589999999999804e+02
4.012586402159499812e+02,3.933589999999999804e+02
4.012072024639878691e+02,3.933589999999999804e+02
4.014415145955673552e+02,3.933589999999999804e+02
4.014853794998105059e+02,3.933589999999999804e+02
4.016243889751846723e+02,3.933589999999999804e+02
4.013826839908953161e+02,3.933589999999999804e+02
4.018072633548019894e+02,3.933589999999999804e+02
4.018511975558923268e+02,3.933589999999999804e+02
4.019901377344193634e+02,3.933589999999999804e+02
4.019391159211523927e+02,3.933589999999999804e+02
4.021730121140367373e+02,3.933589999999999804e+02
4.022170156119742046e+02,3.933589999999999804e+02
4.023558864936541113e+02,3.933589999999999804e+02
4.017344471124620213e+02,3.933589999999999804e+02
4.025387608732714284e+02,3.933589999999999804e+02
4.025828336680560824e+02,3.933589999999999804e+02
4.027216352528887455e+02,3.933589999999999804e+02
4.026710293783169163e+02,3.933589999999999804e+02
4.029045096325061195e+02,3.933589999999999804e+02
4.029486517241379033e+02,3.933589999999999804e+02
4.030873840121234934e+02,3.933589999999999804e+02
4.028476215477996902e+02,3.933589999999999804e+02
4.032702583917408674e+02,3.933589999999999804e+02
4.033144697802197243e+02,3.933589999999999804e+02
4.034531327713581845e+02,3.933589999999999804e+02
4.034029428354814399e+02,3.933589999999999804e+02
4.036360071509755585e+02,3.933589999999999804e+02
4.036802878363016021e+02,3.933589999999999804e+02
4.038188815305928756e+02,3.933589999999999804e+02
4.366721499999999878e+02,4.702017799999999852e+02
4.040017559102102496e+02,3.933589999999999804e+02
4.040461058923834798e+02,3.933589999999999804e+02
4.041846302898276235e+02,3.933589999999999804e+02
4.041348562926459067e+02,3.933589999999999804e+02
4.043675046694449406e+02,3.933589999999999804e+02
4.044119239484653008e+02,3.933589999999999804e+02
4.045503790490623146e+02,3.933589999999999804e+02
4.043125591047040643e+02,3.933589999999999804e+02
4.047332534286796317e+02,3.933589999999999804e+02
4.047777420045471217e+02,3.933589999999999804e+02
4.049161278082970057e+02,3.933589999999999804e+02
4.048667697498104303e+02,3.933589999999999804e+02
4.050990021879143796e+02,3.933589999999999804e+02
4.051435600606289995e+02,3.933589999999999804e+02
4.052818765675317536e+02,3.933589999999999804e+02
4.046687749240121548e+02,3.933589999999999804e+02
4.054647509471490707e+02,3.933589999999999804e+02
4.055093781167108773e+02,3.933589999999999804e+02
4.056476253267663878e+02,3.933589999999999804e+02
4.055986832069749539e+02,3.933589999999999804e+02
4.058304997063837618e+02,3.933589999999999804e+02
4.058751961727926982e+02,3.933589999999999804e+02
4.060133740860011358e+02,3.933589999999999804e+02
4.057774966616084953e+02,3.933589999999999804e+02
4.061962484656185097e+02,3.933589999999999804e+02
4.062410142288745192e+02,3.933589999999999804e+02
4.063791228452358268e+02,3.933589999999999804e+02
4.063305966641394775e+02,3.933589999999999804e+02
4.065619972248531440e+02,3.933589999999999804e+02
4.066068322849563970e+02,3.933589999999999804e+02
4.067448716044705179e+02,3.933589999999999804e+02
4.053844646341462976e+02,3.933589999999999804e+02
4.069277459840878919e+02,3.933589999999999804e+02
4.069726503410382747e+02,3.933589999999999804e+02
4.071106203637052658e+02,3.933589999999999804e+02
4.070625101213040011e+02,3.933589999999999804e+02
4.072934947433225830e+02,3.933589999999999804e+02
4.073384683971200957e+02,3.933589999999999804e+02
4.074763691229399001e+02,3.933589999999999804e+02
4.072424342185129262e+02,3.933589999999999804e+02
4.076592435025572740e+02,3.933589999999999804e+02
4.077042864532019166e+02,3.933589999999999804e+02
4.078421178821746480e+02,3.933589999999999804e+02
4.077944235784685247e+02,3.933589999999999804e+02
4.080249922617920220e+02,3.933589999999999804e+02
4.080701045092837944e+02,3.933589999999999804e+02
4.082078666414093391e+02,3.933589999999999804e+02
4.076031027355622882e+02,3.933589999999999804e+02
4.083907410210266562e+02,3.933589999999999804e+02
4.084359225653656722e+02,3.933589999999999804e+02
4.085736154006440302e+02,3.933589999999999804e+02
4.085263370356329915e+02,3.933589999999999804e+02
4.087564897802614041e+02,3.933589999999999804e+02
4.088017406214474931e+02,3.933589999999999804e+02
4.089393641598787781e+02,3.933589999999999804e+02
4.087073717754173003e+02,3.933589999999999804e+02
4.091222385394960952e+02,3.933589999999999804e+02
4.091675586775293141e+02,3.933589999999999804e+02
4.093051129191134123e+02,3.933589999999999804e+02
4.092582504927975151e+02,3.933589999999999804e+02
4.094879872987307863e+02,3.933589999999999804e+02
4.095333767336111919e+02,3.933589999999999804e+02
4.096708616783481602e+02,3.933589999999999804e+02
4.415994299999999839e+02,4.828050499999999943e+02
4.098537360579655342e+02,3.882400000000000091e+02
4.098991947896930697e+02,3.882400000000000091e+02
4.100366104375828513e+02,3.882400000000000091e+02
4.099901639499620387e+02,3.882400000000000091e+02
4.102194848172001684e+02,3.882400000000000091e+02
4.102650128457748906e+02,3.882400000000000091e+02
4.104023591968175424e+02,3.882400000000000091e+02
4.101723093323216744e+02,3.882400000000000091e+02
4.105852335764349164e+02,3.882400000000000091e+02
4.106308309018567115e+02,3.882400000000000091e+02
4.107681079560522903e+02,3.882400000000000091e+02
4.107220774071265623e+02,3.882400000000000091e+02
4.109509823356696074e+02,3.882400000000000091e+02
4.109966489579385893e+02,3.882400000000000091e+02
4.111338567152869814e+02,3.882400000000000091e+02
4.105374305471124217e+02,3.882400000000000091e+02
4.113167310949042985e+02,3.882400000000000091e+02
4.113624670140204671e+02,3.882400000000000091e+02
4.114996054745216725e+02,3.882400000000000091e+02
4.114539908642910859e+02,3.882400000000000091e+02
4.116824798541390464e+02,3.882400000000000091e+02
4.117282850701022880e+02,3.882400000000000091e+02
4.118653542337563636e+02,3.882400000000000091e+02
4.116372468892260486e+02,3.882400000000000091e+02
4.120482286133737375e+02,3.882400000000000091e+02
4.120941031261841090e+02,3.882400000000000091e+02
4.122311029929910546e+02,3.882400000000000091e+02
4.121859043214556095e+02,3.882400000000000091e+02
4.124139773726084286e+02,3.882400000000000091e+02
4.124599211822659868e+02,3.882400000000000091e+02
4.125968517522258026e+02,3.882400000000000091e+02
4.112710124999999834e+02,3.882400000000000091e+02
4.127797261318431197e+02,3.882400000000000091e+02
4.128257392383478646e+02,3.882400000000000091e+02
4.129626005114604936e+02,3.882400000000000091e+02
4.129178177786201331e+02,3.882400000000000091e+02
4.131454748910778108e+02,3.882400000000000091e+02
4.131915572944296855e+02,3.882400000000000091e+02
4.133283492706951847e+02,3.882400000000000091e+02
4.131021844461304795e+02,3.882400000000000091e+02
4.135112236503125587e+02,3.882400000000000091e+02
4.135573753505115064e+02,3.882400000000000091e+02
4.136940980299299326e+02,3.882400000000000091e+02
4.136497312357846567e+02,3.882400000000000091e+02
4.138769724095472498e+02,3.882400000000000091e+02
4.139231934065933842e+02,3.882400000000000091e+02
4.140598467891645669e+02,3.882400000000000091e+02
4.134717583586625551e+02,3.882400000000000091e+02
4.142427211687819408e+02,3.882400000000000091e+02
4.142890114626752620e+02,3.882400000000000091e+02
4.144255955483993148e+02,3.882400000000000091e+02
4.143816446929491804e+02,3.882400000000000091e+02
4.146084699280166888e+02,3.882400000000000091e+02
4.146548295187570830e+02,3.882400000000000091e+02
4.147913443076340059e+02,3.882400000000000091e+02
4.145671220030349104e+02,3.882400000000000091e+02
4.149742186872513230e+02,3.882400000000000091e+02
4.150206475748389039e+02,3.882400000000000091e+02
4.151570930668686970e+02,3.882400000000000091e+02
4.151135581501137040e+02,3.882400000000000091e+02
4.153399674464860709e+02,3.882400000000000091e+02
4.153864656309207817e+02,3.882400000000000091e+02
4.155228418261034449e+02,3.882400000000000091e+02
4.498075600000000236e+02,4.911268299999999840e+02
4.157057162057207620e+02,3.881522199999999998e+02
4.157522836870026595e+02,3.881522199999999998e+02
4.158885905853380791e+02,3.881522199999999998e+02
4.158454716072782276e+02,3.881522199999999998e+02
4.160714649649554531e+02,3.881522199999999998e+02
4.161181017430844804e+02,3.881522199999999998e+02
4.162543393445728270e+02,3.881522199999999998e+02
4.160320595599392846e+02,3.881522199999999998e+02
4.164372137241902010e+02,3.881522199999999998e+02
4.164839197991663013e+02,3.881522199999999998e+02
4.166200881038075181e+02,3.881522199999999998e+02
4.165773850644427512e+02,3.881522199999999998e+02
4.168029624834248352e+02,3.881522199999999998e+02
4.168497378552481791e+02,3.881522199999999998e+02
4.169858368630422092e+02,3.881522199999999998e+02
4.164060861702127454e+02,3.881522199999999998e+02
4.171687112426595831e+02,3.881522199999999998e+02
4.172155559113300569e+02,3.881522199999999998e+02
4.173515856222769571e+02,3.881522199999999998e+02
4.173092985216072748e+02,3.881522199999999998e+02
4.175344600018942742e+02,3.881522199999999998e+02
4.175813739674118779e+02,3.881522199999999998e+02
4.177173343815115913e+02,3.881522199999999998e+02
4.174969971168436587e+02,3.881522199999999998e+02
4.179002087611289653e+02,3.881522199999999998e+02
4.179471920234936988e+02,3.881522199999999998e+02
4.180830831407463393e+02,3.881522199999999998e+02
4.180412119787717984e+02,3.881522199999999998e+02
4.182659575203637132e+02,3.881522199999999998e+02
4.183130100795755766e+02,3.881522199999999998e+02
4.184488318999810303e+02,3.881522199999999998e+02
4.171575603658536693e+02,3.881522199999999998e+02
4.186317062795984043e+02,3.909511699999999905e+02
4.186788281356574544e+02,3.909511699999999905e+02
4.188145806592157214e+02,3.909511699999999905e+02
4.187731254359363220e+02,3.909511699999999905e+02
4.189974550388330954e+02,3.909511699999999905e+02
4.190446461917392753e+02,3.909511699999999905e+02
4.191803294184504693e+02,3.909511699999999905e+02
4.189619346737480896e+02,3.909511699999999905e+02
4.193632037980677865e+02,3.909511699999999905e+02
4.194104642478210963e+02,3.909511699999999905e+02
4.195460781776851604e+02,3.909511699999999905e+02
4.195050388931008456e+02,3.909511699999999905e+02
4.197289525573024775e+02,3.909511699999999905e+02
4.197762823039029740e+02,3.909511699999999905e+02
4.199118269369198515e+02,3.909511699999999905e+02
4.193404139817628788e+02,3.909511699999999905e+02
4.200947013165372255e+02,3.909511699999999905e+02
4.201421003599848518e+02,3.909511699999999905e+02
4.202775756961545426e+02,3.909511699999999905e+02
4.202369523502653692e+02,3.909511699999999905e+02
4.204604500757719165e+02,3.909511699999999905e+02
4.205079184160666728e+02,3.909511699999999905e+02
4.206433244553892337e+02,3.909511699999999905e+02
4.204268722306525206e+02,3.909511699999999905e+02
4.208261988350066076e+02,3.909511699999999905e+02
4.208737364721484937e+02,3.909511699999999905e+02
4.210090732146239816e+02,3.909511699999999905e+02
4.209688658074298360e+02,3.909511699999999905e+02
4.211919475942413555e+02,3.909511699999999905e+02
4.212395545282303715e+02,3.909511699999999905e+02
4.213748219738586727e+02,3.909511699999999905e+02
4.651847999999999956e+02,4.967569599999999923e+02
4.215576963534759898e+02,3.909511699999999905e+02
4.216053725843122493e+02,3.909511699999999905e+02
4.217405707330933637e+02,3.909511699999999905e+02
4.217007792645943596e+02,3.909511699999999905e+02
4.219234451127107377e+02,3.909511699999999905e+02
4.219711906403940702e+02,3.909511699999999905e+02
4.221063194923281117e+02,3.909511699999999905e+02
4.218918097875568947e+02,3.909511699999999905e+02
4.222891938719454288e+02,3.909511699999999905e+02
4.223370086964758912e+02,3.909511699999999905e+02
4.224720682515627459e+02,3.909511699999999905e+02
4.224326927217588832e+02,3.909511699999999905e+02
4.226549426311801199e+02,3.909511699999999905e+02
4.227028267525577689e+02,3.909511699999999905e+02
4.228378170107974938e+02,3.909511699999999905e+02
4.222747417933130691e+02,3.909511699999999905e+02
4.230206913904148678e+02,3.909511699999999905e+02
4.230686448086396467e+02,3.909511699999999905e+02
4.232035657700321849e+02,3.909511699999999905e+02
4.231646061789234068e+02,3.909511699999999905e+02
4.233864401496495020e+02,3.909511699999999905e+02
4.234344628647214677e+02,3.909511699999999905e+02
4.235693145292668760e+02,3.909511699999999905e+02
4.233567473444612688e+02,3.909511699999999905e+02
4.237521889088842499e+02,3.909511699999999905e+02
4.238002809208032886e+02,3.909511699999999905e+02
4.239350632885016239e+02,3.909511699999999905e+02
4.238965196360879304e+02,3.909511699999999905e+02
4.241179376681189410e+02,3.909511699999999905e+02
4.241660989768851664e+02,3.909511699999999905e+02
4.243008120477362581e+02,3.909511699999999905e+02
4.230441082317072983e+02,3.909511699999999905e+02
4.244836864273536321e+02,3.909511699999999905e+02
4.245319170329670442e+02,3.909511699999999905e+02
4.246665608069710061e+02,3.909511699999999905e+02
4.246284330932523972e+02,3.909511699999999905e+02
4.248494351865883800e+02,3.909511699999999905e+02
4.248977350890488651e+02,3.909511699999999905e+02
4.250323095662056971e+02,3.909511699999999905e+02
4.248216849013656997e+02,3.909511699999999905e+02
4.252151839458230143e+02,3.909511699999999905e+02
4.252635531451306861e+02,3.909511699999999905e+02
4.253980583254403882e+02,3.909511699999999905e+02
4.253603465504169208e+02,3.909511699999999905e+02
4.255809327050577622e+02,3.909511699999999905e+02
4.256293712012125638e+02,3.909511699999999905e+02
4.257638070846751361e+02,3.909511699999999905e+02
4.252090696048632026e+02,3.909511699999999905e+02
4.259466814642924533e+02,3.909511699999999905e+02
4.259951892572943848e+02,3.909511699999999905e+02
4.261295558439098272e+02,3.909511699999999905e+02
4.260922600075815012e+02,3.909511699999999905e+02
4.263124302235271443e+02,3.909511699999999905e+02
4.263610073133762626e+02,3.909511699999999905e+02
4.264953046031445183e+02,3.909511699999999905e+02
4.262866224582700738e+02,3.909511699999999905e+02
4.266781789827618923e+02,3.909511699999999905e+02
4.267268253694580835e+02,3.909511699999999905e+02
4.268610533623792094e+02,3.909511699999999905e+02
4.268241734647459680e+02,3.909511699999999905e+02
4.270439277419965833e+02,3.909511699999999905e+02
4.270926434255399613e+02,3.909511699999999905e+02
4.272268021216139005e+02,3.909511699999999905e+02
4.851968400000000088e+02,4.940314999999999941e+02
4.274096765012312744e+02,4.087086199999999963e+02
4.274584614816217822e+02,4.087086199999999963e+02
4.275925508808486484e+02,4.087086199999999963e+02
4.275560869219104916e+02,4.087086199999999963e+02
4.277754252604659655e+02,4.087086199999999963e+02
4.278242795377036600e+02,4.087086199999999963e+02
4.279582996400833395e+02,4.087086199999999963e+02
4.277515600151745048e+02,4.087086199999999963e+02
4.281411740197006566e+02,2.508897699999999986e+02
4.281900975937854810e+02,2.508897699999999986e+02
4.283240483993180305e+02,2.508897699999999986e+02
4.282880003790750152e+02,2.508897699999999986e+02
4.285069227789354045e+02,2.508897699999999986e+02
4.285559156498673588e+02,2.508897699999999986e+02
4.286897971585527216e+02,2.508897699999999986e+02
4.281433974164133360e+02,2.508897699999999986e+02
4.288726715381700956e+02,2.508897699999999986e+02
4.289217337059491797e+02,2.508897699999999986e+02
4.290555459177874127e+02,2.508897699999999986e+02
4.290199138362395388e+02,2.508897699999999986e+02
4.292384202974047867e+02,2.508897699999999986e+02
4.292875517620310575e+02,2.508897699999999986e+02
4.294212946770221606e+02,2.508897699999999986e+02
4.292164975720788789e+02,2.508897699999999986e+02
4.296041690566394777e+02,4.330890999999999735e+02
4.296533698181128784e+02,4.330890999999999735e+02
4.297870434362568517e+02,4.330890999999999735e+02
4.297518272934040624e+02,4.330890999999999735e+02
4.299699178158742257e+02,4.330890999999999735e+02
4.300191878741947562e+02,4.330890999999999735e+02
4.301527921954915428e+02,4.330890999999999735e+02
4.289306560975609841e+02,2.508897699999999986e+02
4.303356665751089167e+02,4.330890999999999735e+02
4.303850059302765771e+02,4.330890999999999735e+02
4.305185409547262338e+02,4.330890999999999735e+02
4.304837407505685860e+02,4.330890999999999735e+02
4.307014153343436078e+02,4.330890999999999735e+02
4.307508239863584549e+02,4.330890999999999735e+02
4.308842897139609818e+02,4.330890999999999735e+02
4.306814351289833098e+02,4.330890999999999735e+02
4.310671640935782989e+02,4.330890999999999735e+02
4.311166420424402759e+02,4.330890999999999735e+02
4.312500384731956729e+02,4.330890999999999735e+02
4.312156542077331096e+02,4.330890999999999735e+02
4.314329128528129900e+02,4.330890999999999735e+02
4.314824600985221537e+02,4.330890999999999735e+02
4.316157872324303639e+02,4.330890999999999735e+02
4.310777252279635263e+02,4.330890999999999735e+02
4.317986616120477379e+02,4.528071299999999724e+02
4.318482781546039746e+02,4.528071299999999724e+02
4.319815359916650550e+02,4.528071299999999724e+02
4.319475676648976332e+02,4.528071299999999724e+02
4.321644103712824290e+02,4.528071299999999724e+02
4.322140962106858524e+02,4.528071299999999724e+02
4.323472847508997461e+02,4.528071299999999724e+02
4.321463726858876839e+02,4.528071299999999724e+02
4.325301591305171200e+02,4.528071299999999724e+02
4.325799142667676733e+02,4.528071299999999724e+02
4.327130335101344940e+02,4.528071299999999724e+02
4.326794811220621568e+02,4.528071299999999724e+02
4.328959078897518111e+02,4.528071299999999724e+02
4.329457323228495511e+02,4.528071299999999724e+02
4.330787822693691851e+02,4.528071299999999724e+02
5.009862699999999904e+02,4.834232200000000148e+02
4.332616566489865590e+02,4.702017799999999852e+02
4.333115503789313721e+02,4.702017799999999852e+02
4.334445310286038762e+02,4.702017799999999852e+02
4.334113945792266804e+02,4.702017799999999852e+02
4.336274054082212501e+02,4.702017799999999852e+02
4.336773684350132498e+02,4.702017799999999852e+02
4.338102797878385672e+02,4.702017799999999852e+02
4.336113102427921149e+02,4.702017799999999852e+02
4.339931541674559412e+02,4.702017799999999852e+02
4.340431864910950708e+02,4.702017799999999852e+02
4.341760285470733152e+02,4.702017799999999852e+02
4.341433080363912040e+02,4.702017799999999852e+02
4.343589029266906323e+02,4.702017799999999852e+02
4.344090045471769486e+02,4.702017799999999852e+02
4.345417773063080062e+02,4.702017799999999852e+02
4.340120530395136598e+02,4.702017799999999852e+02
4.347246516859253234e+02,4.702017799999999852e+02
4.347748226032587695e+02,4.702017799999999852e+02
4.349075260655426973e+02,4.702017799999999852e+02
4.348752214935556708e+02,4.702017799999999852e+02
4.350904004451600713e+02,4.702017799999999852e+02
4.351406406593406473e+02,4.702017799999999852e+02
4.352732748247773884e+02,4.702017799999999852e+02
4.350762477996964890e+02,4.702017799999999852e+02
4.354561492043947624e+02,4.702017799999999852e+02
4.355064587154224682e+02,4.702017799999999852e+02
4.356390235840120795e+02,4.702017799999999852e+02
4.356071349507201944e+02,4.702017799999999852e+02
4.358218979636294534e+02,4.702017799999999852e+02
4.358722767715043460e+02,4.702017799999999852e+02
4.360047723432468274e+02,4.702017799999999852e+02
4.348172039634146131e+02,4.702017799999999852e+02
4.361876467228641445e+02,4.702017799999999852e+02
4.362380948275861670e+02,4.702017799999999852e+02
4.363705211024815185e+02,4.702017799999999852e+02
4.363390484078847180e+02,4.702017799999999852e+02
4.365533954820988356e+02,4.702017799999999852e+02
4.366039128836680447e+02,4.702017799999999852e+02
4.367362698617162096e+02,4.702017799999999852e+02
4.365411853566009199e+02,4.702017799999999852e+02
4.369191442413335835e+02,4.702017799999999852e+02
4.369697309397498657e+02,4.702017799999999852e+02
4.371020186209509006e+02,4.702017799999999852e+02
4.370709618650492416e+02,4.702017799999999852e+02
4.372848930005682746e+02,4.702017799999999852e+02
4.373355489958317435e+02,4.702017799999999852e+02
4.374677673801856486e+02,4.702017799999999852e+02
4.369463808510637932e+02,4.702017799999999852e+02
4.376506417598029657e+02,4.702017799999999852e+02
4.377013670519135644e+02,4.702017799999999852e+02
4.378335161394203396e+02,4.702017799999999852e+02
4.378028753222137652e+02,4.702017799999999852e+02
4.380163905190376568e+02,4.702017799999999852e+02
4.380671851079954422e+02,4.702017799999999852e+02
4.381992648986550307e+02,4.702017799999999852e+02
4.380061229135052940e+02,4.702017799999999852e+02
4.383821392782724047e+02,4.702017799999999852e+02
4.384330031640772631e+02,4.702017799999999852e+02
4.385650136578897218e+02,4.702017799999999852e+02
4.385347887793782888e+02,4.702017799999999852e+02
4.387478880375070958e+02,4.702017799999999852e+02
4.387988212201591409e+02,4.702017799999999852e+02
4.389307624171244129e+02,4.702017799999999852e+02
5.122272000000000389e+02,4.707015400000000227e+02
4.391136367967417868e+02,4.828050499999999943e+02
4.391646392762409619e+02,4.828050499999999943e+02
4.392965111763591608e+02,4.828050499999999943e+02
4.392667022365428124e+02,4.828050499999999943e+02
4.394793855559764779e+02,4.828050499999999943e+02
4.395304573323228396e+02,4.828050499999999943e+02
4.396622599355938519e+02,4.828050499999999943e+02
4.394710604704097250e+02,4.828050499999999943e+02
4.398451343152111690e+02,4.828050499999999943e+02
4.398962753884046606e+02,4.828050499999999943e+02
4.400280086948285430e+02,4.828050499999999943e+02
4.399986156937073360e+02,4.828050499999999943e+02
4.402108830744459169e+02,4.828050499999999943e+02
4.402620934444865384e+02,4.828050499999999943e+02
4.403937574540632340e+02,4.828050499999999943e+02
4.398807086626139267e+02,4.828050499999999943e+02
4.405766318336806080e+02,4.828050499999999943e+02
4.406279115005683593e+02,4.828050499999999943e+02
4.407595062132979251e+02,4.828050499999999943e+02
4.407305291508718597e+02,4.828050499999999943e+02
4.409423805929152991e+02,4.828050499999999943e+02
4.409937295566502371e+02,4.828050499999999943e+02
4.411252549725326730e+02,4.828050499999999943e+02
4.409359980273140991e+02,4.828050499999999943e+02
4.413081293521499902e+02,4.828050499999999943e+02
4.413595476127320580e+02,4.828050499999999943e+02
4.414910037317673641e+02,4.828050499999999943e+02
4.414624426080363833e+02,4.828050499999999943e+02
4.416738781113847381e+02,4.828050499999999943e+02
4.417253656688139358e+02,4.828050499999999943e+02
4.418567524910020552e+02,4.828050499999999943e+02
4.407037518292682989e+02,4.828050499999999943e+02
4.420396268706194292e+02,4.828050499999999943e+02
4.420911837248957568e+02,4.828050499999999943e+02
4.422225012502367463e+02,4.828050499999999943e+02
4.421943560652009069e+02,4.828050499999999943e+02
4.424053756298541202e+02,4.828050499999999943e+02
4.424570017809776346e+02,4.828050499999999943e+02
4.425882500094714942e+02,4.828050499999999943e+02
4.424009355842184732e+02,4.828050499999999943e+02
4.427711243890888113e+02,4.828050499999999943e+02
4.428228198370594555e+02,4.828050499999999943e+02
4.429539987687061853e+02,4.828050499999999943e+02
4.429262695223653736e+02,4.828050499999999943e+02
4.431368731483235024e+02,4.828050499999999943e+02
4.431886378931413333e+02,4.828050499999999943e+02
4.433197475279408764e+02,4.828050499999999943e+02
4.428150364741641170e+02,4.828050499999999943e+02
4.435026219075582503e+02,4.828050499999999943e+02
4.435544559492231542e+02,4.828050499999999943e+02
4.436854962871755674e+02,4.828050499999999943e+02
4.436581829795298972e+02,4.828050499999999943e+02
4.438683706667929414e+02,4.828050499999999943e+02
4.439202740053050320e+02,4.828050499999999943e+02
4.440512450464102585e+02,4.828050499999999943e+02
4.438658731411229041e+02,4.828050499999999943e+02
4.442341194260276325e+02,4.828050499999999943e+02
4.442860920613868529e+02,4.828050499999999943e+02
4.444169938056450064e+02,4.828050499999999943e+02
4.443900964366944208e+02,4.828050499999999943e+02
4.445998681852623235e+02,4.828050499999999943e+02
4.446519101174687307e+02,4.828050499999999943e+02
4.447827425648796975e+02,4.828050499999999943e+02
5.217929699999999684e+02,4.539280999999999722e+02
4.449656169444970146e+02,2.554027100000000132e+02
4.450177281735505517e+02,2.554027100000000132e+02
4.451484913241143886e+02,2.554027100000000132e+02
4.451220098938589445e+02,2.554027100000000132e+02
4.453313657037317626e+02,2.554027100000000132e+02
4.453835462296324295e+02,2.554027100000000132e+02
4.455142400833490797e+02,2.554027100000000132e+02
4.453308106980272782e+02,2.554027100000000132e+02
4.456971144629664536e+02,2.554027100000000132e+02
4.457493642857142504e+02,2.554027100000000132e+02
4.458799888425838276e+02,2.554027100000000132e+02
4.458539233510234681e+02,2.554027100000000132e+02
4.460628632222011447e+02,2.554027100000000132e+02
4.461151823417961282e+02,2.554027100000000132e+02
4.462457376018185187e+02,2.554027100000000132e+02
4.457493642857142504e+02,2.554027100000000132e+02
4.464286119814358358e+02,2.554027100000000132e+02
4.464810003978779491e+02,2.554027100000000132e+02
4.466114863610532097e+02,2.554027100000000132e+02
4.465858368081879917e+02,2.554027100000000132e+02
4.467943607406705837e+02,2.554027100000000132e+02
4.468468184539598269e+02,2.554027100000000132e+02
4.469772351202879008e+02,2.554027100000000132e+02
4.467957482549317092e+02,2.554027100000000132e+02
4.471601094999052748e+02,2.557652600000000120e+02
4.472126365100416479e+02,2.557652600000000120e+02
4.473429838795225919e+02,2.557652600000000120e+02
4.473177502653525153e+02,2.557652600000000120e+02
4.475258582591399659e+02,2.557652600000000120e+02
4.475784545661235256e+02,2.557652600000000120e+02
4.477087326387573398e+02,2.557652600000000120e+02
4.465902996951219279e+02,2.554027100000000132e+02
4.478916070183746569e+02,4.911268299999999840e+02
4.479442726222053466e+02,4.911268299999999840e+02
4.480744813979920309e+02,4.911268299999999840e+02
4.480496637225170389e+02,4.911268299999999840e+02
4.482573557776093480e+02,4.911268299999999840e+02
4.483100906782872244e+02,4.911268299999999840e+02
4.484402301572267220e+02,4.911268299999999840e+02
4.482606858118360833e+02,4.911268299999999840e+02
4.486231045368440959e+02,4.911268299999999840e+02
4.486759087343690453e+02,4.911268299999999840e+02
4.488059789164614131e+02,4.911268299999999840e+02
4.487815771796815625e+02,4.911268299999999840e+02
4.489888532960787870e+02,4.911268299999999840e+02
4.490417267904509231e+02,4.911268299999999840e+02
4.491717276756961610e+02,4.911268299999999840e+02
4.486836920972643838e+02,4.911268299999999840e+02
4.493546020553134781e+02,4.911268299999999840e+02
4.494075448465327440e+02,4.911268299999999840e+02
4.495374764349308521e+02,4.911268299999999840e+02
4.495134906368460861e+02,4.911268299999999840e+02
4.497203508145481692e+02,4.911268299999999840e+02
4.497733629026146218e+02,4.911268299999999840e+02
4.499032251941655431e+02,4.911268299999999840e+02
4.497256233687405143e+02,4.911268299999999840e+02
4.500860995737829171e+02,4.911268299999999840e+02
4.501391809586964428e+02,4.911268299999999840e+02
4.502689739534002342e+02,4.911268299999999840e+02
4.502454040940106097e+02,4.911268299999999840e+02
4.504518483330176082e+02,4.911268299999999840e+02
4.505049990147783205e+02,4.911268299999999840e+02
4.506347227126349253e+02,4.911268299999999840e+02
5.349279999999999973e+02,4.277753999999999905e+02
4.508175970922522993e+02,4.911268299999999840e+02
4.508708170708601415e+02,4.911268299999999840e+02
4.510004714718696732e+02,4.911268299999999840e+02
4.509773175511751333e+02,4.911268299999999840e+02
4.511833458514869903e+02,4.911268299999999840e+02
4.512366351269419624e+02,4.911268299999999840e+02
4.513662202311043643e+02,4.911268299999999840e+02
4.511905609256448884e+02,4.911268299999999840e+02
4.515490946107216814e+02,4.911268299999999840e+02
4.516024531830238402e+02,4.911268299999999840e+02
4.517319689903390554e+02,4.911268299999999840e+02
4.517092310083396001e+02,4.911268299999999840e+02
4.519148433699564293e+02,4.911268299999999840e+02
4.519682712391056612e+02,4.911268299999999840e+02
4.520977177495737465e+02,4.911268299999999840e+02
4.516180199088145741e+02,4.911268299999999840e+02
4.522805921291911204e+02,4.911268299999999840e+02
4.523340892951875389e+02,4.911268299999999840e+02
4.524634665088084375e+02,4.911268299999999840e+02
4.524411444655041237e+02,4.911268299999999840e+02
4.526463408884258115e+02,4.911268299999999840e+02
4.526999073512693599e+02,4.911268299999999840e+02
4.528292152680431855e+02,4.911268299999999840e+02
4.526554984825493193e+02,4.911268299999999840e+02
4.530120896476605026e+02,4.911268299999999840e+02
4.530657254073512377e+02,4.911268299999999840e+02
4.531949640272778765e+02,4.911268299999999840e+02
4.531730579226686473e+02,4.911268299999999840e+02
4.533778384068952505e+02,4.911268299999999840e+02
4.534315434634330586e+02,4.911268299999999840e+02
4.535607127865125676e+02,4.911268299999999840e+02
4.524768475609756138e+02,4.911268299999999840e+02
4.537435871661299416e+02,4.911268299999999840e+02
4.537973615195149364e+02,4.911268299999999840e+02
4.539264615457472587e+02,4.911268299999999840e+02
4.539049713798331709e+02,4.911268299999999840e+02
4.541093359253646327e+02,4.911268299999999840e+02
4.541631795755967573e+02,4.911268299999999840e+02
4.542922103049820066e+02,4.911268299999999840e+02
4.541204360394536934e+02,4.911268299999999840e+02
4.544750846845993237e+02,4.911268299999999840e+02
4.545289976316786351e+02,4.911268299999999840e+02
4.546579590642166977e+02,4.911268299999999840e+02
4.546368848369976945e+02,4.911268299999999840e+02
4.548408334438340148e+02,4.911268299999999840e+02
4.548948156877604561e+02,4.911268299999999840e+02
4.550237078234513888e+02,4.911268299999999840e+02
4.545523477203647076e+02,4.911268299999999840e+02
4.552065822030687627e+02,4.911268299999999840e+02
4.552606337438423338e+02,4.911268299999999840e+02
4.553894565826860799e+02,4.911268299999999840e+02
4.553687982941622181e+02,4.911268299999999840e+02
4.555723309623034538e+02,4.911268299999999840e+02
4.556264517999241548e+02,4.911268299999999840e+02
4.557552053419207709e+02,4.911268299999999840e+02
4.555853735963581244e+02,4.911268299999999840e+02
4.559380797215381449e+02,4.911268299999999840e+02
4.559922698560060326e+02,4.911268299999999840e+02
4.561209541011555189e+02,4.911268299999999840e+02
4.561007117513267417e+02,4.911268299999999840e+02
4.563038284807728360e+02,4.911268299999999840e+02
4.563580879120878535e+02,4.911268299999999840e+02
4.564867028603902099e+02,4.911268299999999840e+02
5.406879999999999882e+02,4.137093499999999722e+02
4.566695772400075839e+02,4.967569599999999923e+02
4.567239059681697313e+02,4.967569599999999923e+02
4.568524516196249010e+02,4.967569599999999923e+02
4.568326252084912653e+02,4.967569599999999923e+02
4.570353259992422750e+02,4.967569599999999923e+02
4.570897240242515522e+02,4.967569599999999923e+02
4.572182003788595921e+02,4.967569599999999923e+02
4.570503111532624985e+02,4.967569599999999923e+02
4.574010747584769661e+02,4.967569599999999923e+02
4.574555420803334300e+02,4.967569599999999923e+02
4.575839491380943400e+02,4.967569599999999923e+02
4.575645386656557889e+02,4.967569599999999923e+02
4.577668235177116571e+02,4.967569599999999923e+02
4.578213601364152510e+02,4.967569599999999923e+02
4.579496978973290311e+02,4.967569599999999923e+02
4.574866755319148410e+02,4.967569599999999923e+02
4.581325722769463482e+02,4.967569599999999923e+02
4.581871781924971287e+02,4.967569599999999923e+02
4.583154466565637222e+02,4.967569599999999923e+02
4.582964521228203125e+02,4.967569599999999923e+02
4.584983210361810961e+02,4.967569599999999923e+02
4.585529962485789497e+02,4.967569599999999923e+02
4.586811954157984133e+02,4.967569599999999923e+02
4.585152487101669294e+02,4.967569599999999923e+02
4.588640697954157872e+02,4.967569599999999923e+02
4.589188143046608275e+02,4.967569599999999923e+02
4.590469441750331043e+02,4.967569599999999923e+02
4.590283655799848361e+02,4.967569599999999923e+02
4.592298185546504783e+02,4.967569599999999923e+02
4.592846323607426484e+02,4.967569599999999923e+02
4.594126929342678523e+02,4.967569599999999923e+02
4.583633954268292428e+02,4.967569599999999923e+02
4.595955673138851694e+02,4.967569599999999923e+02
4.596504504168245262e+02,4.967569599999999923e+02
4.597784416935025433e+02,4.967569599999999923e+02
4.597602790371493029e+02,4.967569599999999923e+02
4.599613160731198604e+02,4.967569599999999923e+02
4.600162684729063471e+02,4.967569599999999923e+02
4.601441904527372344e+02,4.967569599999999923e+02
4.599801862670713035e+02,4.967569599999999923e+02
4.603270648323546084e+02,4.967569599999999923e+02
4.603820865289882249e+02,4.967569599999999923e+02
4.605099392119719255e+02,4.967569599999999923e+02
4.604921924943138265e+02,4.967569599999999923e+02
4.606928135915892994e+02,4.967569599999999923e+02
4.607479045850700459e+02,4.967569599999999923e+02
4.608756879712066734e+02,4.967569599999999923e+02
4.604210033434650313e+02,4.967569599999999923e+02
4.610585623508239905e+02,4.967569599999999923e+02
4.611137226411519237e+02,4.967569599999999923e+02
4.612414367304413645e+02,4.967569599999999923e+02
4.612241059514783501e+02,4.967569599999999923e+02
4.614243111100586816e+02,4.967569599999999923e+02
4.614795406972337446e+02,4.967569599999999923e+02
4.616071854896760556e+02,4.967569599999999923e+02
4.614451238239757345e+02,4.967569599999999923e+02
4.617900598692934295e+02,4.967569599999999923e+02
4.618453587533156224e+02,4.967569599999999923e+02
4.619729342489107466e+02,4.967569599999999923e+02
4.619560194086428737e+02,4.967569599999999923e+02
4.621558086285281206e+02,4.967569599999999923e+02
4.622111768093974433e+02,4.967569599999999923e+02
4.623386830081454377e+02,4.967569599999999923e+02
5.429152000000000271e+02,4.055167200000000207e+02
4.625215573877628117e+02,4.967569599999999923e+02
4.625769948654793211e+02,4.967569599999999923e+02
4.627044317673801856e+02,4.967569599999999923e+02
4.626879328658073973e+02,4.967569599999999923e+02
4.628873061469975028e+02,4.967569599999999923e+02
4.629428129215611420e+02,4.967569599999999923e+02
4.630701805266148767e+02,4.967569599999999923e+02
4.629100613808801086e+02,4.967569599999999923e+02
4.632530549062321938e+02,4.967569599999999923e+02
4.633086309776430198e+02,4.967569599999999923e+02
4.634359292858495678e+02,4.967569599999999923e+02
4.634198463229719209e+02,4.967569599999999923e+02
4.636188036654669418e+02,4.967569599999999923e+02
4.636744490337248408e+02,4.967569599999999923e+02
4.638016780450842589e+02,4.967569599999999923e+02
4.633553311550151648e+02,4.967569599999999923e+02
4.639845524247016328e+02,4.967569599999999923e+02
4.640402670898067186e+02,4.967569599999999923e+02
4.641674268043189500e+02,4.967569599999999923e+02
4.641517597801364445e+02,4.967569599999999923e+02
4.643503011839363239e+02,4.967569599999999923e+02
4.644060851458885395e+02,4.967569599999999923e+02
4.645331755635536979e+02,4.967569599999999923e+02
4.643749989377844827e+02,4.967569599999999923e+02
4.647160499431710150e+02,4.967569599999999923e+02
4.647719032019704173e+02,4.967569599999999923e+02
4.648989243227883890e+02,4.967569599999999923e+02
4.648836732373009681e+02,4.967569599999999923e+02
4.650817987024057629e+02,4.967569599999999923e+02
4.651377212580522382e+02,4.967569599999999923e+02
4.652646730820230800e+02,4.967569599999999923e+02
4.642499432926829286e+02,4.967569599999999923e+02
4.654475474616404540e+02,4.967569599999999923e+02
4.655035393141341160e+02,4.967569599999999923e+02
4.656304218412577711e+02,4.967569599999999923e+02
4.656155866944654917e+02,4.967569599999999923e+02
4.658132962208751451e+02,4.967569599999999923e+02
4.658693573702159370e+02,4.967569599999999923e+02
4.659961706004925190e+02,4.967569599999999923e+02
4.658399364946889136e+02,4.967569599999999923e+02
4.661790449801098362e+02,4.967569599999999923e+02
4.662351754262978147e+02,4.967569599999999923e+02
4.663619193597272101e+02,4.967569599999999923e+02
4.663475001516300154e+02,4.967569599999999923e+02
4.665447937393445272e+02,4.967569599999999923e+02
4.666009934823796357e+02,4.967569599999999923e+02
4.667276681189619012e+02,4.967569599999999923e+02
4.662896589665652982e+02,4.967569599999999923e+02
4.669105424985792752e+02,4.967569599999999923e+02
4.669668115384615135e+02,4.967569599999999923e+02
4.670934168781965923e+02,4.967569599999999923e+02
4.670794136087945390e+02,4.967569599999999923e+02
4.672762912578139662e+02,4.967569599999999923e+02
4.673326295945433344e+02,4.967569599999999923e+02
4.674591656374312834e+02,4.967569599999999923e+02
4.673048740515932877e+02,4.967569599999999923e+02
4.676420400170486573e+02,4.967569599999999923e+02
4.676984476506252122e+02,4.967569599999999923e+02
4.678249143966660313e+02,4.967569599999999923e+02
4.678113270659590057e+02,4.967569599999999923e+02
4.680077887762833484e+02,4.967569599999999923e+02
4.680642657067070331e+02,4.967569599999999923e+02
4.681906631559007224e+02,4.967569599999999923e+02
5.433009600000000319e+02,4.029898699999999963e+02
4.683735375355180395e+02,4.967569599999999923e+02
4.684300837627889109e+02,4.967569599999999923e+02
4.685564119151354134e+02,4.967569599999999923e+02
4.685432405231235293e+02,4.967569599999999923e+02
4.687392862947527874e+02,4.967569599999999923e+02
4.687959018188707319e+02,4.967569599999999923e+02
4.689221606743701045e+02,4.967569599999999923e+02
4.687698116084977187e+02,4.967569599999999923e+02
4.691050350539874785e+02,4.967569599999999923e+02
4.691617198749526096e+02,4.967569599999999923e+02
4.692879094336048524e+02,4.967569599999999923e+02
4.692751539802880529e+02,4.967569599999999923e+02
4.694707838132221696e+02,4.967569599999999923e+02
4.695275379310344306e+02,4.967569599999999923e+02
4.696536581928395435e+02,4.967569599999999923e+02
4.692239867781154885e+02,4.967569599999999923e+02
4.698365325724568606e+02,4.967569599999999923e+02
4.698933559871163084e+02,4.967569599999999923e+02
4.700194069520742346e+02,4.967569599999999923e+02
4.700070674374525765e+02,4.967569599999999923e+02
4.702022813316916086e+02,4.967569599999999923e+02
4.702591740431981293e+02,4.967569599999999923e+02
4.703851557113089257e+02,4.967569599999999923e+02
4.702347491654020928e+02,4.967569599999999923e+02
4.705680300909262996e+02,4.967569599999999923e+02
4.706249920992800071e+02,4.967569599999999923e+02
4.707509044705436168e+02,4.967569599999999923e+02
4.707389808946171001e+02,4.967569599999999923e+02
4.709337788501609907e+02,4.967569599999999923e+02
4.709908101553618280e+02,4.967569599999999923e+02
4.711166532297783647e+02,4.967569599999999923e+02
4.701364911585365576e+02,4.967569599999999923e+02
4.712995276093956818e+02,4.967569599999999923e+02
4.713566282114437058e+02,4.967569599999999923e+02
4.714824019890130558e+02,4.967569599999999923e+02
4.714708943517816238e+02,4.967569599999999923e+02
4.716652763686303729e+02,4.967569599999999923e+02
4.717224462675255268e+02,4.967569599999999923e+02
4.718481507482477468e+02,4.967569599999999923e+02
4.716996867223065237e+02,4.967569599999999923e+02
4.720310251278651208e+02,4.967569599999999923e+02
4.720882643236074045e+02,4.967569599999999923e+02
4.722138995074824379e+02,4.967569599999999923e+02
4.722028078089461474e+02,4.967569599999999923e+02
4.723967738870998119e+02,4.967569599999999923e+02
4.724540823796892255e+02,4.967569599999999923e+02
4.725796482667171858e+02,4.967569599999999923e+02
4.721583145896656220e+02,4.967569599999999923e+02
4.727625226463345030e+02,4.967569599999999923e+02
4.728199004357711033e+02,4.967569599999999923e+02
4.729453970259518769e+02,4.967569599999999923e+02
4.729347212661106710e+02,4.967569599999999923e+02
4.731282714055691940e+02,4.967569599999999923e+02
4.731857184918529242e+02,4.967569599999999923e+02
4.733111457851865680e+02,4.967569599999999923e+02
4.731646242792108978e+02,4.967569599999999923e+02
4.734940201648039420e+02,4.967569599999999923e+02
4.735515365479348020e+02,4.967569599999999923e+02
4.736768945444212591e+02,4.967569599999999923e+02
4.736666347232751946e+02,4.967569599999999923e+02
4.738597689240386330e+02,4.967569599999999923e+02
4.739173546040166229e+02,4.967569599999999923e+02
4.740426433036559501e+02,4.967569599999999923e+02
5.428011500000000069e+02,4.023682999999999765e+02
4.742255176832733241e+02,4.940314999999999941e+02
4.742831726600985007e+02,4.940314999999999941e+02
4.744083920628906981e+02,4.940314999999999941e+02
4.743985481804397182e+02,4.940314999999999941e+02
4.745912664425080152e+02,4.940314999999999941e+02
4.746489907161803217e+02,4.940314999999999941e+02
4.747741408221253891e+02,4.940314999999999941e+02
4.746295618361153288e+02,4.940314999999999941e+02
4.749570152017427063e+02,4.940314999999999941e+02
4.750148087722621995e+02,4.940314999999999941e+02
4.751398895813600802e+02,4.940314999999999941e+02
4.751304616376042418e+02,4.940314999999999941e+02
4.753227639609774542e+02,4.940314999999999941e+02
4.753806268283440204e+02,4.940314999999999941e+02
4.755056383405947713e+02,4.940314999999999941e+02
4.750926424012157554e+02,4.940314999999999941e+02
4.756885127202121453e+02,4.940314999999999941e+02
4.757464448844258982e+02,4.940314999999999941e+02
4.758713870998294624e+02,4.940314999999999941e+02
4.758623750947687085e+02,4.940314999999999941e+02
4.760542614794468363e+02,4.940314999999999941e+02
4.761122629405077191e+02,4.940314999999999941e+02
4.762371358590642103e+02,4.940314999999999941e+02
4.760944993930197029e+02,4.940314999999999941e+02
4.764200102386815274e+02,4.940314999999999941e+02
4.764780809965895969e+02,4.940314999999999941e+02
4.766028846182989014e+02,4.940314999999999941e+02
4.765942885519332322e+02,4.940314999999999941e+02
4.767857589979162753e+02,4.940314999999999941e+02
4.768438990526714178e+02,4.940314999999999941e+02
4.769686333775335925e+02,4.940314999999999941e+02
4.760230390243902434e+02,4.940314999999999941e+02
4.771515077571509664e+02,4.940314999999999941e+02
4.772097171087532956e+02,4.940314999999999941e+02
4.773343821367682835e+02,4.940314999999999941e+02
4.773262020090977558e+02,4.940314999999999941e+02
4.775172565163856575e+02,4.940314999999999941e+02
4.775755351648351166e+02,4.940314999999999941e+02
4.777001308960030315e+02,4.940314999999999941e+02
4.775594369499241338e+02,4.940314999999999941e+02
4.778830052756203486e+02,4.940314999999999941e+02
4.779413532209169944e+02,4.940314999999999941e+02
4.780658796552377225e+02,4.940314999999999941e+02
4.780581154662622794e+02,4.940314999999999941e+02
4.782487540348550397e+02,4.940314999999999941e+02
4.783071712769988153e+02,4.940314999999999941e+02
4.784316284144724136e+02,4.940314999999999941e+02
4.780269702127659457e+02,4.940314999999999941e+02
4.786145027940897876e+02,4.940314999999999941e+02
4.786729893330806931e+02,4.940314999999999941e+02
4.787973771737071047e+02,4.940314999999999941e+02
4.787900289234268030e+02,4.940314999999999941e+02
4.789802515533244787e+02,4.940314999999999941e+02
4.790388073891625140e+02,4.940314999999999941e+02
4.791631259329417958e+02,4.940314999999999941e+02
4.790243745068285079e+02,4.940314999999999941e+02
4.793460003125591697e+02,4.940314999999999941e+02
4.794046254452443918e+02,4.940314999999999941e+02
4.795288746921765437e+02,4.940314999999999941e+02
4.795219423805913266e+02,4.940314999999999941e+02
4.797117490717938608e+02,4.940314999999999941e+02
4.797704435013262128e+02,4.940314999999999941e+02
4.798946234514112348e+02,4.940314999999999941e+02
5.420617700000000241e+02,4.058487499999999955e+02
4.800774978310286087e+02,4.940314999999999941e+02
4.801362615574080905e+02,4.940314999999999941e+02
4.802603722106459259e+02,4.940314999999999941e+02
4.802538558377558502e+02,4.940314999999999941e+02
4.804432465902632998e+02,4.940314999999999941e+02
4.805020796134899115e+02,4.940314999999999941e+02
4.806261209698806169e+02,4.940314999999999941e+02
4.804893120637329389e+02,4.940314999999999941e+02
4.808089953494979909e+02,4.940314999999999941e+02
4.808678976695717893e+02,4.940314999999999941e+02
4.809918697291153649e+02,4.940314999999999941e+02
4.809857692949203738e+02,4.940314999999999941e+02
4.811747441087326820e+02,4.940314999999999941e+02
4.812337157256536102e+02,4.940314999999999941e+02
4.813576184883500559e+02,4.940314999999999941e+02
4.809612980243160791e+02,4.940314999999999941e+02
4.815404928679673731e+02,4.940314999999999941e+02
4.815995337817354880e+02,4.940314999999999941e+02
4.817233672475847470e+02,4.940314999999999941e+02
4.817176827520848974e+02,4.940314999999999941e+02
4.819062416272021210e+02,4.940314999999999941e+02
4.819653518378173089e+02,4.940314999999999941e+02
4.820891160068194381e+02,4.940314999999999941e+02
4.819542496206373130e+02,4.940314999999999941e+02
4.822719903864368121e+02,4.940314999999999941e+02
4.823311698938991867e+02,4.940314999999999941e+02
4.824548647660541292e+02,4.940314999999999941e+02
4.824495962092494210e+02,4.940314999999999941e+02
4.826377391456715031e+02,4.940314999999999941e+02
4.826969879499810077e+02,4.940314999999999941e+02
4.828206135252888771e+02,4.940314999999999941e+02
4.819095868902438724e+02,4.940314999999999941e+02
4.830034879049061942e+02,4.940314999999999941e+02
4.830628060060628854e+02,4.940314999999999941e+02
4.831863622845235682e+02,4.940314999999999941e+02
4.831815096664139446e+02,4.940314999999999941e+02
4.833692366641408853e+02,4.940314999999999941e+02
4.834286240621447064e+02,4.940314999999999941e+02
4.835521110437582593e+02,4.940314999999999941e+02
4.834191871775416871e+02,4.940314999999999941e+02
4.837349854233756332e+02,4.940314999999999941e+02
4.837944421182265842e+02,4.940314999999999941e+02
4.839178598029929503e+02,4.940314999999999941e+02
4.839134231235784114e+02,4.940314999999999941e+02
4.841007341826103243e+02,4.940314999999999941e+02
4.841602601743084051e+02,4.940314999999999941e+02
4.842836085622276983e+02,4.940314999999999941e+02
4.838956258358662126e+02,4.940314999999999941e+02
4.844664829418450154e+02,4.940314999999999941e+02
4.845260782303902829e+02,4.940314999999999941e+02
4.846493573214623893e+02,4.940314999999999941e+02
4.846453365807429350e+02,4.940314999999999941e+02
4.848322317010797065e+02,4.940314999999999941e+02
4.848918962864721038e+02,4.940314999999999941e+02
4.850151060806970804e+02,4.940314999999999941e+02
4.848841247344461181e+02,4.940314999999999941e+02
4.851979804603144544e+02,4.940314999999999941e+02
4.852577143425539816e+02,4.940314999999999941e+02
4.853808548399317715e+02,4.940314999999999941e+02
4.853772500379074586e+02,4.940314999999999941e+02
4.855637292195491455e+02,4.940314999999999941e+02
4.856235323986358026e+02,4.940314999999999941e+02
4.857466035991664626e+02,4.940314999999999941e+02
5.415806999999999789e+02,4.169984000000000037e+02
4.859294779787838365e+02,4.940314999999999941e+02
4.859893504547176803e+02,4.940314999999999941e+02
4.861123523584012105e+02,4.940314999999999941e+02
4.861091634950719822e+02,4.940314999999999941e+02
4.862952267380185276e+02,4.940314999999999941e+02
4.863551685107995013e+02,4.940314999999999941e+02
4.864781011176359016e+02,4.940314999999999941e+02
4.863490622913504922e+02,4.940314999999999941e+02
4.866609754972532187e+02,4.940314999999999941e+02
4.867209865668813791e+02,4.940314999999999941e+02
4.868438498768705927e+02,4.940314999999999941e+02
4.868410769522365058e+02,4.940314999999999941e+02
4.870267242564879666e+02,4.940314999999999941e+02
4.870868046229632000e+02,4.940314999999999941e+02
4.872095986361052837e+02,4.940314999999999941e+02
4.868299536474164029e+02,4.940314999999999941e+02
4.873924730157226577e+02,4.940314999999999941e+02
4.874526226790450778e+02,4.940314999999999941e+02
4.875753473953399748e+02,4.940314999999999941e+02
4.875729904094010294e+02,4.940314999999999941e+02
4.877582217749573488e+02,4.940314999999999941e+02
4.878184407351268987e+02,4.940314999999999941e+02
4.879410961545747227e+02,4.940314999999999941e+02
4.878139998482549231e+02,4.940314999999999941e+02
4.881239705341920398e+02,4.940314999999999941e+02
4.881842587912087765e+02,4.940314999999999941e+02
4.883068449138094138e+02,4.940314999999999941e+02
4.883049038665655530e+02,4.940314999999999941e+02
4.884897192934267878e+02,4.940314999999999941e+02
4.885500768472905975e+02,4.940314999999999941e+02
4.886725936730441049e+02,4.940314999999999941e+02
4.877961347560975582e+02,4.940314999999999941e+02
4.888554680526614789e+02,4.940314999999999941e+02
4.889158949033724753e+02,4.940314999999999941e+02
4.890383424322787960e+02,4.940314999999999941e+02
4.890368173237300766e+02,4.940314999999999941e+02
4.892212168118961699e+02,4.940314999999999941e+02
4.892817129594542962e+02,4.940314999999999941e+02
4.894040911915135439e+02,4.940314999999999941e+02
4.892789374051592972e+02,4.940314999999999941e+02
4.895869655711308610e+02,4.940314999999999941e+02
4.896475310155361740e+02,4.940314999999999941e+02
4.897698399507482350e+02,4.940314999999999941e+02
4.897687307808946002e+02,4.940314999999999941e+02
4.899527143303655521e+02,4.940314999999999941e+02
4.900133490716179949e+02,4.940314999999999941e+02
4.901355887099829260e+02,4.940314999999999941e+02
4.897642814589665363e+02,4.940314999999999941e+02
4.903184630896003000e+02,4.940314999999999941e+02
4.903791671276998727e+02,4.940314999999999941e+02
4.905013374692176171e+02,4.940314999999999941e+02
4.905006442380591238e+02,4.940314999999999941e+02
4.906842118488349911e+02,4.940314999999999941e+02
4.907449851837816936e+02,4.940314999999999941e+02
4.908670862284523082e+02,4.940314999999999941e+02
4.907438749620637282e+02,4.940314999999999941e+02
4.910499606080696822e+02,4.940314999999999941e+02
4.911108032398635714e+02,4.940314999999999941e+02
4.912328349876870561e+02,4.940314999999999941e+02
4.912325576952236474e+02,4.940314999999999941e+02
4.914157093673043732e+02,4.940314999999999941e+02
4.914766212959453924e+02,4.940314999999999941e+02
4.915985837469217472e+02,4.940314999999999941e+02
5.438948400000000447e+02,4.333978299999999990e+02
4.917814581265390643e+02,4.834232200000000148e+02
4.918424393520272702e+02,4.834232200000000148e+02
4.919643325061564383e+02,4.834232200000000148e+02
4.919644711523881142e+02,4.834232200000000148e+02
4.921472068857738122e+02,4.834232200000000148e+02
4.922082574081090911e+02,4.834232200000000148e+02
4.923300812653911294e+02,4.834232200000000148e+02
4.922088125189681023e+02,4.834232200000000148e+02
4.925129556450085033e+02,4.834232200000000148e+02
4.925740754641909689e+02,4.834232200000000148e+02
4.926958300246258773e+02,4.834232200000000148e+02
4.926963846095526378e+02,4.834232200000000148e+02
4.928787044042431944e+02,4.834232200000000148e+02
4.929398935202727898e+02,4.834232200000000148e+02
4.930615787838605684e+02,4.834232200000000148e+02
4.926986092705166698e+02,4.834232200000000148e+02
4.932444531634778855e+02,4.834232200000000148e+02
4.933057115763546676e+02,4.834232200000000148e+02
4.934273275430952594e+02,4.834232200000000148e+02
4.934282980667171614e+02,4.834232200000000148e+02
4.936102019227126334e+02,4.834232200000000148e+02
4.936715296324364886e+02,4.834232200000000148e+02
4.937930763023299505e+02,4.834232200000000148e+02
4.936737500758725332e+02,4.834232200000000148e+02
4.939759506819473245e+02,4.834232200000000148e+02
4.940373476885183663e+02,4.834232200000000148e+02
4.941588250615646416e+02,4.834232200000000148e+02
4.941602115238816850e+02,4.834232200000000148e+02
4.943416994411820156e+02,4.834232200000000148e+02
4.944031657446001873e+02,4.834232200000000148e+02
4.945245738207993895e+02,4.834232200000000148e+02
4.936826826219511872e+02,4.834232200000000148e+02
4.947074482004167066e+02,4.834232200000000148e+02
4.947689838006820651e+02,4.834232200000000148e+02
4.948903225800340806e+02,4.834232200000000148e+02
4.948921249810462086e+02,4.834232200000000148e+02
4.950731969596513977e+02,4.834232200000000148e+02
4.951348018567638860e+02,4.834232200000000148e+02
4.952560713392687717e+02,4.834232200000000148e+02
4.951386876327769073e+02,4.834232200000000148e+02
4.954389457188861456e+02,4.834232200000000148e+02
4.955006199128457638e+02,4.834232200000000148e+02
4.956218200985034628e+02,4.834232200000000148e+02
4.956240384382107322e+02,4.834232200000000148e+02
4.958046944781208367e+02,4.834232200000000148e+02
4.958664379689275847e+02,4.834232200000000148e+02
4.959875688577382107e+02,4.834232200000000148e+02
4.956329370820668601e+02,4.834232200000000148e+02
4.961704432373555278e+02,4.834232200000000148e+02
4.962322560250094625e+02,4.834232200000000148e+02
4.963533176169729018e+02,4.834232200000000148e+02
4.963559518953752558e+02,4.834232200000000148e+02
4.965361919965902189e+02,4.834232200000000148e+02
4.965980740810912835e+02,4.834232200000000148e+02
4.967190663762075928e+02,4.834232200000000148e+02
4.966036251896813383e+02,4.834232200000000148e+02
4.969019407558249668e+02,4.834232200000000148e+02
4.969638921371731612e+02,4.834232200000000148e+02
4.970848151354422839e+02,4.834232200000000148e+02
4.970878653525397795e+02,4.834232200000000148e+02
4.972676895150596579e+02,4.834232200000000148e+02
4.973297101932549822e+02,4.834232200000000148e+02
4.974505638946769750e+02,4.834232200000000148e+02
5.492994400000000041e+02,4.515334500000000162e+02
4.976334382742943490e+02,4.834232200000000148e+02
4.976955282493368031e+02,4.834232200000000148e+02
4.978163126539117229e+02,4.834232200000000148e+02
4.978197788097043031e+02,4.834232200000000148e+02
4.979991870335290400e+02,4.834232200000000148e+02
4.980613463054186809e+02,4.834232200000000148e+02
4.981820614131464140e+02,4.834232200000000148e+02
4.980685627465857124e+02,4.834232200000000148e+02
4.983649357927637311e+02,4.834232200000000148e+02
4.984271643615005019e+02,4.834232200000000148e+02
4.985478101723811051e+02,4.834232200000000148e+02
4.985516922668688267e+02,4.834232200000000148e+02
4.987306845519984790e+02,4.834232200000000148e+02
4.987929824175823796e+02,4.834232200000000148e+02
4.989135589316157962e+02,4.834232200000000148e+02
4.985672648936169935e+02,4.834232200000000148e+02
4.990964333112331701e+02,4.834232200000000148e+02
4.991588004736642006e+02,4.834232200000000148e+02
4.992793076908504872e+02,4.834232200000000148e+02
4.992836057240333503e+02,4.834232200000000148e+02
4.994621820704678612e+02,4.834232200000000148e+02
4.995246185297460784e+02,4.834232200000000148e+02
4.996450564500852352e+02,4.834232200000000148e+02
4.995335003034901433e+02,4.834232200000000148e+02
4.998279308297025523e+02,4.834232200000000148e+02
4.998904365858278993e+02,4.834232200000000148e+02
5.000108052093199262e+02,4.834232200000000148e+02
5.000155191811978170e+02,4.834232200000000148e+02
5.001936795889373002e+02,4.834232200000000148e+02
5.002562546419097771e+02,4.834232200000000148e+02
5.003765539685546173e+02,4.834232200000000148e+02
4.995692304878048731e+02,4.834232200000000148e+02
5.005594283481719913e+02,4.834232200000000148e+02
5.006220726979915980e+02,4.834232200000000148e+02
5.007423027277893084e+02,4.834232200000000148e+02
5.007474326383623406e+02,4.834232200000000148e+02
5.009251771074066824e+02,4.834232200000000148e+02
5.009878907540734758e+02,4.834232200000000148e+02
5.011080514870240563e+02,4.834232200000000148e+02
5.009984378603945174e+02,4.834232200000000148e+02
5.012909258666413734e+02,4.834232200000000148e+02
5.013537088101552968e+02,4.834232200000000148e+02
5.014738002462587474e+02,4.834232200000000148e+02
5.014793460955268642e+02,4.834232200000000148e+02
5.016566746258760645e+02,4.834232200000000148e+02
5.017195268662371745e+02,4.834232200000000148e+02
5.018395490054934385e+02,4.834232200000000148e+02
5.015015927051671270e+02,4.834232200000000148e+02
5.020224233851108124e+02,4.834232200000000148e+02
5.020853449223189955e+02,4.834232200000000148e+02
5.022052977647281296e+02,4.834232200000000148e+02
5.022112595526913879e+02,4.834232200000000148e+02
5.023881721443455035e+02,4.834232200000000148e+02
5.024511629784008733e+02,4.834232200000000148e+02
5.025710465239628206e+02,4.834232200000000148e+02
5.024633754172989484e+02,4.834232200000000148e+02
5.027539209035801946e+02,4.834232200000000148e+02
5.028169810344826942e+02,4.834232200000000148e+02
5.029367952831975686e+02,4.834232200000000148e+02
5.029431730098559115e+02,4.834232200000000148e+02
5.031196696628148857e+02,4.834232200000000148e+02
5.031827990905645720e+02,4.834232200000000148e+02
5.033025440424322596e+02,4.834232200000000148e+02
5.565335700000000543e+02,4.653719500000000266e+02
5.034854184220496336e+02,4.834232200000000148e+02
5.035486171466463929e+02,4.834232200000000148e+02
5.036682928016669507e+02,4.834232200000000148e+02
5.036750864670204351e+02,4.834232200000000148e+02
5.038511671812843247e+02,4.834232200000000148e+02
5.039144352027282707e+02,4.834232200000000148e+02
5.040340415609016418e+02,4.834232200000000148e+02
5.039283129742033225e+02,4.834232200000000148e+02
5.042169159405190157e+02,4.834232200000000148e+02
5.042802532588100917e+02,4.834232200000000148e+02
5.043997903201363897e+02,4.834232200000000148e+02
5.044069999241849587e+02,4.834232200000000148e+02
5.045826646997537068e+02,4.834232200000000148e+02
5.046460713148919695e+02,4.834232200000000148e+02
5.047655390793710808e+02,4.834232200000000148e+02
5.044359205167173172e+02,4.834232200000000148e+02
5.049484134589883979e+02,4.834232200000000148e+02
5.050118893709737904e+02,4.834232200000000148e+02
5.051312878386057719e+02,4.834232200000000148e+02
5.051389133813494823e+02,4.834232200000000148e+02
5.053141622182231458e+02,4.834232200000000148e+02
5.053777074270556682e+02,4.834232200000000148e+02
5.054970365978404629e+02,4.834232200000000148e+02
5.053932505311076966e+02,4.834232200000000148e+02
5.056799109774578369e+02,4.834232200000000148e+02
5.057435254831374891e+02,4.834232200000000148e+02
5.058627853570751540e+02,4.834232200000000148e+02
5.058708268385140059e+02,4.834232200000000148e+02
5.060456597366925280e+02,4.834232200000000148e+02
5.061093435392193669e+02,4.834232200000000148e+02
5.062285341163099019e+02,4.834232200000000148e+02
5.054557783536585021e+02,4.834232200000000148e+02
5.064114084959272191e+02,4.834232200000000148e+02
5.064751615953011878e+02,4.834232200000000148e+02
5.065942828755445930e+02,4.834232200000000148e+02
5.066027402956785295e+02,4.834232200000000148e+02
5.067771572551619101e+02,4.834232200000000148e+02
5.068409796513830656e+02,4.834232200000000148e+02
5.069600316347792841e+02,4.834232200000000148e+02
5.068581880880121275e+02,4.834232200000000148e+02
5.071429060143966581e+02,4.834232200000000148e+02
5.072067977074648866e+02,4.834232200000000148e+02
5.073257803940139752e+02,4.834232200000000148e+02
5.073346537528430531e+02,4.834232200000000148e+02
5.075086547736313491e+02,4.834232200000000148e+02
5.075726157635467644e+02,4.834232200000000148e+02
5.076915291532487231e+02,4.834232200000000148e+02
5.073702483282674507e+02,4.834232200000000148e+02
5.078744035328660402e+02,4.834232200000000148e+02
5.079384338196285853e+02,4.834232200000000148e+02
5.080572779124834142e+02,4.834232200000000148e+02
5.080665672100075199e+02,4.834232200000000148e+02
5.082401522921007313e+02,4.834232200000000148e+02
5.083042518757104631e+02,4.834232200000000148e+02
5.084230266717181053e+02,4.834232200000000148e+02
5.083231256449165016e+02,4.834232200000000148e+02
5.086059010513354792e+02,4.834232200000000148e+02
5.086700699317922840e+02,4.834232200000000148e+02
5.087887754309527963e+02,4.834232200000000148e+02
5.087984806671720435e+02,4.834232200000000148e+02
5.089716498105701703e+02,4.834232200000000148e+02
5.090358879878741618e+02,4.834232200000000148e+02
5.091545241901874874e+02,4.834232200000000148e+02
5.684380999999999631e+02,4.779617999999999824e+02
5.093373985698048614e+02,4.707015400000000227e+02
5.094017060439559828e+02,4.707015400000000227e+02
5.095202729494222353e+02,4.707015400000000227e+02
5.095303941243365671e+02,4.707015400000000227e+02
5.097031473290395525e+02,4.707015400000000227e+02
5.097675241000378605e+02,4.707015400000000227e+02
5.098860217086569264e+02,4.707015400000000227e+02
5.097880632018209326e+02,4.707015400000000227e+02
5.100688960882742435e+02,4.707015400000000227e+02
5.101333421561196815e+02,4.707015400000000227e+02
5.102517704678916175e+02,4.707015400000000227e+02
5.102623075815010907e+02,4.707015400000000227e+02
5.104346448475089915e+02,4.707015400000000227e+02
5.104991602122015593e+02,4.707015400000000227e+02
5.106175192271263086e+02,4.707015400000000227e+02
5.103045761398175841e+02,4.707015400000000227e+02
5.108003936067436825e+02,4.707015400000000227e+02
5.108649782682833802e+02,4.707015400000000227e+02
5.109832679863609997e+02,4.707015400000000227e+02
5.109942210386656143e+02,4.707015400000000227e+02
5.111661423659783736e+02,4.707015400000000227e+02
5.112307963243652580e+02,4.707015400000000227e+02
5.113490167455957476e+02,4.707015400000000227e+02
5.112530007587253067e+02,4.707015400000000227e+02
5.115318911252130647e+02,4.707015400000000227e+02
5.115966143804470789e+02,4.707015400000000227e+02
5.117147655048304387e+02,4.707015400000000227e+02
5.117261344958301379e+02,4.707015400000000227e+02
5.118976398844478126e+02,4.707015400000000227e+02
5.119624324365289567e+02,4.707015400000000227e+02
5.120805142640651866e+02,4.707015400000000227e+02
5.113423262195121879e+02,4.707015400000000227e+02
5.122633886436824469e+02,4.707015400000000227e+02
5.123282504926107777e+02,4.707015400000000227e+02
5.124462630232998208e+02,4.707015400000000227e+02
5.124580479529946615e+02,4.707015400000000227e+02
5.126291374029171948e+02,4.707015400000000227e+02
5.126940685486927123e+02,4.707015400000000227e+02
5.128120117825345687e+02,4.707015400000000227e+02
5.127179383156296808e+02,4.707015400000000227e+02
5.129948861621519427e+02,4.707015400000000227e+02
5.130598866047744195e+02,4.707015400000000227e+02
5.131777605417692030e+02,4.707015400000000227e+02
5.131899614101591851e+02,4.707015400000000227e+02
5.133606349213865769e+02,4.707015400000000227e+02
5.134257046608563542e+02,4.707015400000000227e+02
5.135435093010039509e+02,4.707015400000000227e+02
5.132389039513677744e+02,4.707015400000000227e+02
5.137263836806213249e+02,4.707015400000000227e+02
5.137915227169381751e+02,4.707015400000000227e+02
5.139092580602386988e+02,4.707015400000000227e+02
5.139218748673237087e+02,4.707015400000000227e+02
5.140921324398559591e+02,4.707015400000000227e+02
5.141573407730199960e+02,4.707015400000000227e+02
5.142750068194733331e+02,4.707015400000000227e+02
5.141828758725341686e+02,4.707015400000000227e+02
5.144578811990907070e+02,4.707015400000000227e+02
5.145231588291019307e+02,4.707015400000000227e+02
5.146407555787080810e+02,4.707015400000000227e+02
5.146537883244882323e+02,4.707015400000000227e+02
5.148236299583254549e+02,4.707015400000000227e+02
5.148889768851837516e+02,4.707015400000000227e+02
5.150065043379427152e+02,4.707015400000000227e+02
5.877992000000000417e+02,4.857577999999999747e+02
5.151893787175600892e+02,4.539280999999999722e+02
5.152547949412655726e+02,4.539280999999999722e+02
5.153722530971774631e+02,4.539280999999999722e+02
5.153857017816527559e+02,4.539280999999999722e+02
5.155551274767948371e+02,4.539280999999999722e+02
5.156206129973475072e+02,4.539280999999999722e+02
5.157380018564122111e+02,4.539280999999999722e+02
5.156478134294385427e+02,4.539280999999999722e+02
5.159208762360294713e+02,4.539280999999999722e+02
5.159864310534292144e+02,4.539280999999999722e+02
5.161037506156469590e+02,4.539280999999999722e+02
5.161176152388172795e+02,4.539280999999999722e+02
5.162866249952642193e+02,4.539280999999999722e+02
5.163522491095111491e+02,4.539280999999999722e+02
5.164694993748815932e+02,4.539280999999999722e+02
5.161732317629179079e+02,4.539280999999999722e+02
5.166523737544989672e+02,4.539280999999999722e+02
5.167180671655929700e+02,4.539280999999999722e+02
5.168352481341162274e+02,4.539280999999999722e+02
5.168495286959816895e+02,4.539280999999999722e+02
5.170181225137337151e+02,4.539280999999999722e+02
5.170838852216747910e+02,4.539280999999999722e+02
5.172009968933509754e+02,4.539280999999999722e+02
5.171127509863429168e+02,4.539280999999999722e+02
5.173838712729683493e+02,4.539280999999999722e+02
5.174497032777567256e+02,4.539280999999999722e+02
5.175667456525857233e+02,4.539280999999999722e+02
5.175814421531463267e+02,4.539280999999999722e+02
5.177496200322029836e+02,4.539280999999999722e+02
5.178155213338385465e+02,4.539280999999999722e+02
5.179324944118204712e+02,4.539280999999999722e+02
5.172288740853657600e+02,4.539280999999999722e+02
5.181153687914377315e+02,4.539280999999999722e+02
5.181813393899203675e+02,4.539280999999999722e+02
5.182982431710551054e+02,4.539280999999999722e+02
5.183133556103107367e+02,4.539280999999999722e+02
5.184811175506724794e+02,4.539280999999999722e+02
5.185471574460023021e+02,4.539280999999999722e+02
5.186639919302897397e+02,4.539280999999999722e+02
5.185776885432474046e+02,4.539280999999999722e+02
5.188468663099072273e+02,4.539280999999999722e+02
5.189129755020840093e+02,4.539280999999999722e+02
5.190297406895244876e+02,4.539280999999999722e+02
5.190452690674753740e+02,4.539280999999999722e+02
5.192126150691418616e+02,4.539280999999999722e+02
5.192787935581659440e+02,4.539280999999999722e+02
5.193954894487592355e+02,4.539280999999999722e+02
5.191075595744680413e+02,4.539280999999999722e+02
5.195783638283764958e+02,4.539280999999999722e+02
5.196446116142477649e+02,4.539280999999999722e+02
5.197612382079939835e+02,4.539280999999999722e+02
5.197771825246397839e+02,4.539280999999999722e+02
5.199441125876112437e+02,4.539280999999999722e+02
5.200104296703295859e+02,4.539280999999999722e+02
5.201269869672286177e+02,4.539280999999999722e+02
5.200426261001516650e+02,4.539280999999999722e+02
5.203098613468459916e+02,4.539280999999999722e+02
5.203762477264115205e+02,4.539280999999999722e+02
5.204927357264632519e+02,4.539280999999999722e+02
5.205090959818044212e+02,4.539280999999999722e+02
5.206756101060807396e+02,4.539280999999999722e+02
5.207420657824933414e+02,4.539280999999999722e+02
5.208584844856979998e+02,4.539280999999999722e+02
6.092088599999999587e+02,4.831131599999999935e+02
5.210413588653153738e+02,4.539280999999999722e+02
5.211078838385751624e+02,4.539280999999999722e+02
5.212242332449327478e+02,4.539280999999999722e+02
5.212410094389688311e+02,4.539280999999999722e+02
5.214071076245500080e+02,4.539280999999999722e+02
5.214737018946570970e+02,4.539280999999999722e+02
5.215899820041674957e+02,4.539280999999999722e+02
5.215075636570561528e+02,4.539280999999999722e+02
5.217728563837847560e+02,4.539280999999999722e+02
5.218395199507388043e+02,4.539280999999999722e+02
5.219557307634021299e+02,4.539280999999999722e+02
5.219729228961334684e+02,4.539280999999999722e+02
5.221386051430195039e+02,4.539280999999999722e+02
5.222053380068207389e+02,4.539280999999999722e+02
5.223214795226367642e+02,4.539280999999999722e+02
5.220418873860181748e+02,4.539280999999999722e+02
5.225043539022542518e+02,4.539280999999999722e+02
5.225711560629025598e+02,4.539280999999999722e+02
5.226872282818715121e+02,4.539280999999999722e+02
5.227048363532978783e+02,4.539280999999999722e+02
5.228701026614888860e+02,4.539280999999999722e+02
5.229369741189843808e+02,4.539280999999999722e+02
5.230529770411062600e+02,4.539280999999999722e+02
5.229725012139605269e+02,4.539280999999999722e+02
5.232358514207235203e+02,4.539280999999999722e+02
5.233027921750663154e+02,4.539280999999999722e+02
5.234187258003410079e+02,4.539280999999999722e+02
5.234367498104625156e+02,4.539280999999999722e+02
5.236016001799582682e+02,4.539280999999999722e+02
5.236686102311481363e+02,4.539280999999999722e+02
5.237844745595756422e+02,4.539280999999999722e+02
5.231154219512195596e+02,4.539280999999999722e+02
5.239673489391930161e+02,4.539280999999999722e+02
5.240344282872299573e+02,4.539280999999999722e+02
5.241502233188102764e+02,4.539280999999999722e+02
5.241686632676269255e+02,4.539280999999999722e+02
5.243330976984277640e+02,4.539280999999999722e+02
5.244002463433118919e+02,4.539280999999999722e+02
5.245159720780450243e+02,4.539280999999999722e+02
5.244374387708649010e+02,4.539280999999999722e+02
5.246988464576623983e+02,4.539280999999999722e+02
5.247660643993935992e+02,4.539280999999999722e+02
5.248817208372797722e+02,4.539280999999999722e+02
5.249005767247914491e+02,4.539280999999999722e+02
5.250645952168970325e+02,4.539280999999999722e+02
5.251318824554755338e+02,4.539280999999999722e+02
5.252474695965145202e+02,4.539280999999999722e+02
5.249762151975683082e+02,4.539280999999999722e+02
5.254303439761317804e+02,4.539280999999999722e+02
5.254977005115573547e+02,4.539280999999999722e+02
5.256132183557491544e+02,4.539280999999999722e+02
5.256324901819559727e+02,4.539280999999999722e+02
5.257960927353665284e+02,4.539280999999999722e+02
5.258635185676391757e+02,4.539280999999999722e+02
5.259789671149837886e+02,4.539280999999999722e+02
5.259023763277693888e+02,4.539280999999999722e+02
5.261618414946012763e+02,4.539280999999999722e+02
5.262293366237211103e+02,4.539280999999999722e+02
5.263447158742185366e+02,4.539280999999999722e+02
5.263644036391204963e+02,4.539280999999999722e+02
5.265275902538359105e+02,4.539280999999999722e+02
5.265951546798029312e+02,4.539280999999999722e+02
5.267104646334532845e+02,4.539280999999999722e+02
6.267433499999999640e+02,4.718062699999999836e+02
5.268933390130706584e+02,4.277753999999999905e+02
5.269609727358847522e+02,4.277753999999999905e+02
5.270762133926880324e+02,4.277753999999999905e+02
5.270963170962850199e+02,4.277753999999999905e+02
5.272590877723052927e+02,4.277753999999999905e+02
5.273267907919666868e+02,4.277753999999999905e+02
5.274419621519226666e+02,4.277753999999999905e+02
5.273673138846736492e+02,4.277753999999999905e+02
5.276248365315400406e+02,4.277753999999999905e+02
5.276926088480483941e+02,4.277753999999999905e+02
5.278077109111574146e+02,4.277753999999999905e+02
5.278282305534495435e+02,4.277753999999999905e+02
5.279905852907747885e+02,4.277753999999999905e+02
5.280584269041303287e+02,4.277753999999999905e+02
5.281734596703920488e+02,4.277753999999999905e+02
5.279105430091185553e+02,4.277753999999999905e+02
5.283563340500094228e+02,4.277753999999999905e+02
5.284242449602121496e+02,4.277753999999999905e+02
5.285392084296267967e+02,4.277753999999999905e+02
5.285601440106140672e+02,4.277753999999999905e+02
5.287220828092441707e+02,4.277753999999999905e+02
5.287900630162939706e+02,4.277753999999999905e+02
5.289049571888615446e+02,4.277753999999999905e+02
5.288322514415781370e+02,4.277753999999999905e+02
5.290878315684788049e+02,4.277753999999999905e+02
5.291558810723759052e+02,4.277753999999999905e+02
5.292707059480961789e+02,4.277753999999999905e+02
5.292920574677785908e+02,4.277753999999999905e+02
5.294535803277135528e+02,4.277753999999999905e+02
5.295216991284577261e+02,4.277753999999999905e+02
5.296364547073309268e+02,4.277753999999999905e+02
5.290019698170731317e+02,4.277753999999999905e+02
5.298193290869483008e+02,4.277753999999999905e+02
5.298875171845395471e+02,4.277753999999999905e+02
5.300022034665655610e+02,4.277753999999999905e+02
5.300239709249431144e+02,4.277753999999999905e+02
5.301850778461829350e+02,4.277753999999999905e+02
5.302533352406214817e+02,4.277753999999999905e+02
5.303679522258003090e+02,4.277753999999999905e+02
5.302971889984825111e+02,4.277753999999999905e+02
5.305508266054176829e+02,4.277753999999999905e+02
5.306191532967031890e+02,4.277753999999999905e+02
5.307337009850350569e+02,4.277753999999999905e+02
5.307558843821076380e+02,4.277753999999999905e+02
5.309165753646523171e+02,4.277753999999999905e+02
5.309849713527851236e+02,4.277753999999999905e+02
5.310994497442698048e+02,4.277753999999999905e+02
5.308448708206685751e+02,4.277753999999999905e+02
5.312823241238870651e+02,4.277753999999999905e+02
5.313507894088669445e+02,4.277753999999999905e+02
5.314651985035044390e+02,4.277753999999999905e+02
5.314877978392721616e+02,4.277753999999999905e+02
5.316480728831218130e+02,4.277753999999999905e+02
5.317166074649487655e+02,4.277753999999999905e+02
5.318309472627390733e+02,4.277753999999999905e+02
5.317621265553868852e+02,4.277753999999999905e+02
5.320138216423565609e+02,4.277753999999999905e+02
5.320824255210307001e+02,4.277753999999999905e+02
5.321966960219738212e+02,4.277753999999999905e+02
5.322197112964366852e+02,4.277753999999999905e+02
5.323795704015911952e+02,4.277753999999999905e+02
5.324482435771125211e+02,4.277753999999999905e+02
5.325624447812085691e+02,4.277753999999999905e+02
6.428559599999999818e+02,4.539155299999999897e+02
5.327453191608258294e+02,4.277753999999999905e+02
5.328140616331943420e+02,4.277753999999999905e+02
5.329281935404433170e+02,4.277753999999999905e+02
5.329516247536012088e+02,4.277753999999999905e+02
5.331110679200605773e+02,4.277753999999999905e+02
5.331798796892762766e+02,4.277753999999999905e+02
5.332939422996779513e+02,4.277753999999999905e+02
5.332270641122913730e+02,4.277753999999999905e+02
5.334768166792953252e+02,4.277753999999999905e+02
5.335456977453579839e+02,4.277753999999999905e+02
5.336596910589125855e+02,4.277753999999999905e+02
5.336835382107656187e+02,4.277753999999999905e+02
5.338425654385300732e+02,4.277753999999999905e+02
5.339115158014399185e+02,4.277753999999999905e+02
5.340254398181473334e+02,4.277753999999999905e+02
5.337791986322188222e+02,4.277753999999999905e+02
5.342083141977647074e+02,4.277753999999999905e+02
5.342773338575217394e+02,4.277753999999999905e+02
5.343911885773820813e+02,4.277753999999999905e+02
5.344154516679302560e+02,4.277753999999999905e+02
5.345740629569993416e+02,4.277753999999999905e+02
5.346431519136035604e+02,4.277753999999999905e+02
5.347569373366168293e+02,4.277753999999999905e+02
5.346920016691957471e+02,4.277753999999999905e+02
5.349398117162340895e+02,4.277753999999999905e+02
5.350089699696854950e+02,4.277753999999999905e+02
5.351226860958514635e+02,4.277753999999999905e+02
5.351473651250946659e+02,4.277753999999999905e+02
5.353055604754688375e+02,4.277753999999999905e+02
5.353747880257673160e+02,4.277753999999999905e+02
5.354884348550860977e+02,4.277753999999999905e+02
5.348885176829268175e+02,4.277753999999999905e+02
5.356713092347035854e+02,4.277753999999999905e+02
5.357406060818491369e+02,4.277753999999999905e+02
5.358541836143208457e+02,4.277753999999999905e+02
5.358792785822593032e+02,4.277753999999999905e+02
5.360370579939382196e+02,4.277753999999999905e+02
5.361064241379310715e+02,4.277753999999999905e+02
5.362199323735555936e+02,4.277753999999999905e+02
5.361569392261001212e+02,4.277753999999999905e+02
5.364028067531728539e+02,4.277753999999999905e+02
5.364722421940127788e+02,4.277753999999999905e+02
5.365856811327903415e+02,4.277753999999999905e+02
5.366111920394237131e+02,4.277753999999999905e+02
5.367685555124076018e+02,4.277753999999999905e+02
5.368380602500947134e+02,4.277753999999999905e+02
5.369514298920249757e+02,4.277753999999999905e+02
5.367135264437689557e+02,4.277753999999999905e+02
5.371343042716423497e+02,4.277753999999999905e+02
5.372038783061765344e+02,4.277753999999999905e+02
5.373171786512596100e+02,4.277753999999999905e+02
5.373431054965883504e+02,4.277753999999999905e+02
5.375000530308770976e+02,4.277753999999999905e+02
5.375696963622583553e+02,4.277753999999999905e+02
5.376829274104943579e+02,4.277753999999999905e+02
5.376218767830046090e+02,4.277753999999999905e+02
5.378658017901117319e+02,4.277753999999999905e+02
5.379355144183402899e+02,4.277753999999999905e+02
5.380486761697291058e+02,4.277753999999999905e+02
5.380750189537527604e+02,4.277753999999999905e+02
5.382315505493463661e+02,4.277753999999999905e+02
5.383013324744221109e+02,4.277753999999999905e+02
5.384144249289638537e+02,4.277753999999999905e+02
6.594876000000000431e+02,4.272634300000000280e+02
5.385972993085811140e+02,4.137093499999999722e+02
5.386671505305039318e+02,4.137093499999999722e+02
5.387801736881984880e+02,4.137093499999999722e+02
5.388069324109173976e+02,4.137093499999999722e+02
5.389630480678158619e+02,4.137093499999999722e+02
5.390329685865858664e+02,4.137093499999999722e+02
5.391459224474331222e+02,4.137093499999999722e+02
5.390868143399088694e+02,4.137093499999999722e+02
5.393287968270506099e+02,4.137093499999999722e+02
5.393987866426675737e+02,4.137093499999999722e+02
5.395116712066678701e+02,4.137093499999999722e+02
5.395388458680818076e+02,4.137093499999999722e+02
5.396945455862852441e+02,4.137093499999999722e+02
5.397646046987495083e+02,4.137093499999999722e+02
5.398774199659026181e+02,4.137093499999999722e+02
5.396478542553190891e+02,4.137093499999999722e+02
5.400602943455198783e+02,4.137093499999999722e+02
5.401304227548313293e+02,4.137093499999999722e+02
5.402431687251373660e+02,4.137093499999999722e+02
5.402707593252464449e+02,4.137093499999999722e+02
5.404260431047546263e+02,4.137093499999999722e+02
5.404962408109131502e+02,4.137093499999999722e+02
5.406089174843720002e+02,4.137093499999999722e+02
5.405517518968133572e+02,4.137093499999999722e+02
5.407917918639893742e+02,4.137093499999999722e+02
5.408620588669950848e+02,4.137093499999999722e+02
5.409746662436066345e+02,4.137093499999999722e+02
5.410026727824108548e+02,4.137093499999999722e+02
5.411575406232241221e+02,4.137093499999999722e+02
5.412278769230769058e+02,4.137093499999999722e+02
5.413404150028413824e+02,4.137093499999999722e+02
5.407750655487805034e+02,4.137093499999999722e+02
5.415232893824587563e+02,4.169984000000000037e+02
5.415936949791587267e+02,4.169984000000000037e+02
5.417061637620761303e+02,4.169984000000000037e+02
5.417345862395753784e+02,4.169984000000000037e+02
5.418890381416933906e+02,4.058487499999999955e+02
5.419595130352406613e+02,4.058487499999999955e+02
5.420719125213108782e+02,4.058487499999999955e+02
5.420166894537177313e+02,4.058487499999999955e+02
5.422547869009281385e+02,4.023682999999999765e+02
5.423253310913223686e+02,4.023682999999999765e+02
5.424376612805455125e+02,4.023682999999999765e+02
5.424664996967399020e+02,4.023682999999999765e+02
5.426205356601628864e+02,4.023682999999999765e+02
5.426911491474043032e+02,4.023682999999999765e+02
5.428034100397802604e+02,4.023682999999999765e+02
5.425821820668693363e+02,4.023682999999999765e+02
5.429862844193976343e+02,4.029898699999999963e+02
5.430569672034861242e+02,4.029898699999999963e+02
5.431691587990148946e+02,4.029898699999999963e+02
5.431984131539044256e+02,4.029898699999999963e+02
5.433520331786322686e+02,4.029898699999999963e+02
5.434227852595679451e+02,4.029898699999999963e+02
5.435349075582496425e+02,4.029898699999999963e+02
5.434816270106221054e+02,4.029898699999999963e+02
5.437177819378670165e+02,4.333978299999999990e+02
5.437886033156498797e+02,4.333978299999999990e+02
5.439006563174843905e+02,4.333978299999999990e+02
5.439303266110689492e+02,4.333978299999999990e+02
5.440835306971016507e+02,4.333978299999999990e+02
5.441544213717317007e+02,4.333978299999999990e+02
5.442664050767190247e+02,4.333978299999999990e+02
6.780529000000000224e+02,3.892722200000000043e+02
5.444492794563363987e+02,4.515334500000000162e+02
5.445202394278135216e+02,4.515334500000000162e+02
5.446321538359537726e+02,4.515334500000000162e+02
5.446622400682334728e+02,4.515334500000000162e+02
5.448150282155711466e+02,4.515334500000000162e+02
5.448860574838953426e+02,4.515334500000000162e+02
5.449979025951884068e+02,4.515334500000000162e+02
5.449465645675265932e+02,4.515334500000000162e+02
5.451807769748057808e+02,4.515334500000000162e+02
5.452518755399771635e+02,4.515334500000000162e+02
5.453636513544231548e+02,4.515334500000000162e+02
5.453941535253979964e+02,4.515334500000000162e+02
5.455465257340405287e+02,4.515334500000000162e+02
5.456176935960590981e+02,4.515334500000000162e+02
5.457294001136579027e+02,4.515334500000000162e+02
5.455165098784193560e+02,4.515334500000000162e+02
5.459122744932751630e+02,4.515334500000000162e+02
5.459835116521409191e+02,4.515334500000000162e+02
5.460951488728925369e+02,4.515334500000000162e+02
5.461260669825625200e+02,4.515334500000000162e+02
5.462780232525099109e+02,4.515334500000000162e+02
5.463493297082227400e+02,4.515334500000000162e+02
5.464608976321272849e+02,4.515334500000000162e+02
5.464115021244308537e+02,4.515334500000000162e+02
5.466437720117446588e+02,4.515334500000000162e+02
5.467151477643046746e+02,4.515334500000000162e+02
5.468266463913619191e+02,4.515334500000000162e+02
5.468579804397270436e+02,4.515334500000000162e+02
5.470095207709794067e+02,4.515334500000000162e+02
5.470809658203863819e+02,4.515334500000000162e+02
5.471923951505966670e+02,4.515334500000000162e+02
5.466616134146340755e+02,4.515334500000000162e+02
5.473752695302140410e+02,4.515334500000000162e+02
5.474467838764683165e+02,4.515334500000000162e+02
5.475581439098314149e+02,4.515334500000000162e+02
5.475898938968915672e+02,4.515334500000000162e+02
5.477410182894486752e+02,4.515334500000000162e+02
5.478126019325501375e+02,4.515334500000000162e+02
5.479238926690661629e+02,4.515334500000000162e+02
5.478764396813353414e+02,4.515334500000000162e+02
5.481067670486834231e+02,4.515334500000000162e+02
5.481784199886319584e+02,4.515334500000000162e+02
5.482896414283007971e+02,4.515334500000000162e+02
5.483218073540560908e+02,4.515334500000000162e+02
5.484725158079181710e+02,4.515334500000000162e+02
5.485442380447138930e+02,4.515334500000000162e+02
5.486553901875354313e+02,4.515334500000000162e+02
5.484508376899696032e+02,4.515334500000000162e+02
5.488382645671529190e+02,4.515334500000000162e+02
5.489100561007957140e+02,4.515334500000000162e+02
5.490211389467701792e+02,4.515334500000000162e+02
5.490537208112205008e+02,4.515334500000000162e+02
5.492040133263875532e+02,4.515334500000000162e+02
5.492758741568775349e+02,4.515334500000000162e+02
5.493868877060049272e+02,4.515334500000000162e+02
5.493413772382397156e+02,4.515334500000000162e+02
5.495697620856221874e+02,4.515334500000000162e+02
5.496416922129594695e+02,4.515334500000000162e+02
5.497526364652396751e+02,4.515334500000000162e+02
5.497856342683851381e+02,4.515334500000000162e+02
5.499355108448569354e+02,4.515334500000000162e+02
5.500075102690411768e+02,4.515334500000000162e+02
5.501183852244743093e+02,4.515334500000000162e+02
6.883628999999999678e+02,3.548795200000000136e+02
5.503012596040916833e+02,4.515334500000000162e+02
5.503733283251231114e+02,4.515334500000000162e+02
5.504841339837089436e+02,4.515334500000000162e+02
5.505175477255495480e+02,4.515334500000000162e+02
5.506670083633264312e+02,4.515334500000000162e+02
5.507391463812049324e+02,4.515334500000000162e+02
5.508498827429436915e+02,4.515334500000000162e+02
5.508063147951440897e+02,4.515334500000000162e+02
5.510327571225610654e+02,4.515334500000000162e+02
5.511049644372867533e+02,4.515334500000000162e+02
5.512156315021784394e+02,4.515334500000000162e+02
5.512494611827141853e+02,4.515334500000000162e+02
5.513985058817956997e+02,4.515334500000000162e+02
5.514707824933686879e+02,4.515334500000000162e+02
5.515813802614131873e+02,4.515334500000000162e+02
5.513851655015197366e+02,4.515334500000000162e+02
5.517642546410304476e+02,4.515334500000000162e+02
5.518366005494505089e+02,4.515334500000000162e+02
5.519471290206478216e+02,4.515334500000000162e+02
5.519813746398785952e+02,4.515334500000000162e+02
5.521300034002651955e+02,4.515334500000000162e+02
5.522024186055323298e+02,4.515334500000000162e+02
5.523128777798824558e+02,4.515334500000000162e+02
5.522712523520485774e+02,4.515334500000000162e+02
5.524957521594999434e+02,4.515334500000000162e+02
5.525682366616142644e+02,4.515334500000000162e+02
5.526786265391172037e+02,4.515334500000000162e+02
5.527132880970432325e+02,4.515334500000000162e+02
5.528615009187345777e+02,4.515334500000000162e+02
5.529340547176959717e+02,4.515334500000000162e+02
5.530443752983519516e+02,4.515334500000000162e+02
5.525481612804878750e+02,4.515334500000000162e+02
5.532272496779692119e+02,4.515334500000000162e+02
5.532998727737779063e+02,4.515334500000000162e+02
5.534101240575866996e+02,4.515334500000000162e+02
5.534452015542076424e+02,4.515334500000000162e+02
5.535929984372039598e+02,4.515334500000000162e+02
5.536656908298597273e+02,4.515334500000000162e+02
5.537758728168213338e+02,4.515334500000000162e+02
5.537361899089529516e+02,4.515334500000000162e+02
5.539587471964387078e+02,4.515334500000000162e+02
5.540315088859415482e+02,4.515334500000000162e+02
5.541416215760559680e+02,4.515334500000000162e+02
5.541771150113722797e+02,4.515334500000000162e+02
5.543244959556734557e+02,4.515334500000000162e+02
5.543973269420234828e+02,4.515334500000000162e+02
5.545073703352907160e+02,4.515334500000000162e+02
5.543194933130698701e+02,4.515334500000000162e+02
5.546902447149080899e+02,4.515334500000000162e+02
5.547631449981053038e+02,4.515334500000000162e+02
5.548731190945254639e+02,4.515334500000000162e+02
5.549090284685366896e+02,4.515334500000000162e+02
5.550559934741427242e+02,4.515334500000000162e+02
5.551289630541871247e+02,4.515334500000000162e+02
5.552388678537602118e+02,4.515334500000000162e+02
5.552011274658573257e+02,4.515334500000000162e+02
5.554217422333774721e+02,4.515334500000000162e+02
5.554947811102690594e+02,4.515334500000000162e+02
5.556046166129948460e+02,4.515334500000000162e+02
5.556409419257013269e+02,4.515334500000000162e+02
5.557874909926122200e+02,4.515334500000000162e+02
5.558605991663507666e+02,4.515334500000000162e+02
5.559703653722294803e+02,4.515334500000000162e+02
6.957829000000000406e+02,3.235954600000000028e+02
5.561532397518469679e+02,4.653719500000000266e+02
5.562264172224327012e+02,4.653719500000000266e+02
5.563361141314642282e+02,4.653719500000000266e+02
5.563728553828657368e+02,4.653719500000000266e+02
5.565189885110816022e+02,4.653719500000000266e+02
5.565922352785145222e+02,4.653719500000000266e+02
5.567018628906989761e+02,4.653719500000000266e+02
5.566660650227618135e+02,4.653719500000000266e+02
5.568847372703162364e+02,4.653719500000000266e+02
5.569580533345963431e+02,4.653719500000000266e+02
5.570676116499337240e+02,4.653719500000000266e+02
5.571047688400302604e+02,4.653719500000000266e+02
5.572504860295509843e+02,4.653719500000000266e+02
5.573238713906782777e+02,4.653719500000000266e+02
5.574333604091683583e+02,4.653719500000000266e+02
5.572538211246200035e+02,4.653719500000000266e+02
5.576162347887857322e+02,4.653719500000000266e+02
5.576896894467600987e+02,4.653719500000000266e+02
5.577991091684029925e+02,4.653719500000000266e+02
5.578366822971947840e+02,4.653719500000000266e+02
5.579819835480204802e+02,4.653719500000000266e+02
5.580555075028419196e+02,4.653719500000000266e+02
5.581648579276377404e+02,4.653719500000000266e+02
5.581310025796660739e+02,4.653719500000000266e+02
5.583477323072551144e+02,4.653719500000000266e+02
5.584213255589238543e+02,4.653719500000000266e+02
5.585306066868724884e+02,4.653719500000000266e+02
5.585685957543593076e+02,4.653719500000000266e+02
5.587134810664898623e+02,4.653719500000000266e+02
5.587871436150055615e+02,4.653719500000000266e+02
5.588963554461072363e+02,4.653719500000000266e+02
5.584347091463414472e+02,4.653719500000000266e+02
5.590792298257244965e+02,4.653719500000000266e+02
5.591529616710874961e+02,4.653719500000000266e+02
5.592621042053418705e+02,4.653719500000000266e+02
5.593005092115238313e+02,4.653719500000000266e+02
5.594449785849592445e+02,4.653719500000000266e+02
5.595187797271693171e+02,4.653719500000000266e+02
5.596278529645766184e+02,4.653719500000000266e+02
5.595959401365705617e+02,4.653719500000000266e+02
5.598107273441939924e+02,4.653719500000000266e+02
5.598845977832511380e+02,4.653719500000000266e+02
5.599936017238112527e+02,4.653719500000000266e+02
5.600324226686883549e+02,4.653719500000000266e+02
5.601764761034286266e+02,4.653719500000000266e+02
5.602504158393330727e+02,4.653719500000000266e+02
5.603593504830460006e+02,4.653719500000000266e+02
5.601881489361701369e+02,4.653719500000000266e+02
5.605422248626633746e+02,4.653719500000000266e+02
5.606162338954148936e+02,4.653719500000000266e+02
5.607250992422807485e+02,4.653719500000000266e+02
5.607643361258528785e+02,4.653719500000000266e+02
5.609079736218980088e+02,4.653719500000000266e+02
5.609820519514967145e+02,4.653719500000000266e+02
5.610908480015153827e+02,4.653719500000000266e+02
5.610608776934749358e+02,4.653719500000000266e+02
5.612737223811327567e+02,4.653719500000000266e+02
5.613478700075786492e+02,4.653719500000000266e+02
5.614565967607501307e+02,4.653719500000000266e+02
5.614962495830174021e+02,4.653719500000000266e+02
5.616394711403675046e+02,4.653719500000000266e+02
5.617136880636603564e+02,4.653719500000000266e+02
5.618223455199847649e+02,4.653719500000000266e+02
6.995325000000000273e+02,2.937830799999999840e+02
5.620052198996021389e+02,4.779617999999999824e+02
5.620795061197422910e+02,4.779617999999999824e+02
5.621880942792195128e+02,4.779617999999999824e+02
5.622281630401819257e+02,4.779617999999999824e+02
5.623709686588368868e+02,4.779617999999999824e+02
5.624453241758241120e+02,4.779617999999999824e+02
5.625538430384542607e+02,4.779617999999999824e+02
5.625258152503793099e+02,4.779617999999999824e+02
5.627367174180715210e+02,4.779617999999999824e+02
5.628111422319059329e+02,4.779617999999999824e+02
5.629195917976890087e+02,4.779617999999999824e+02
5.629600764973464493e+02,4.779617999999999824e+02
5.631024661773062689e+02,4.779617999999999824e+02
5.631769602879878676e+02,4.779617999999999824e+02
5.632853405569236429e+02,4.779617999999999824e+02
5.631224767477203841e+02,4.779617999999999824e+02
5.634682149365410169e+02,4.779617999999999824e+02
5.635427783440696885e+02,4.779617999999999824e+02
5.636510893161582771e+02,4.779617999999999824e+02
5.636919899545109729e+02,4.779617999999999824e+02
5.638339636957757648e+02,4.779617999999999824e+02
5.639085964001515094e+02,4.779617999999999824e+02
5.640168380753930251e+02,4.779617999999999824e+02
5.639907528072837977e+02,4.779617999999999824e+02
5.641997124550103990e+02,4.779617999999999824e+02
5.642744144562334441e+02,4.779617999999999824e+02
5.643825868346277730e+02,4.779617999999999824e+02
5.644239034116754965e+02,4.779617999999999824e+02
5.645654612142450333e+02,4.779617999999999824e+02
5.646402325123151513e+02,4.779617999999999824e+02
5.647483355938625209e+02,4.779617999999999824e+02
5.643212570121951330e+02,4.779617999999999824e+02
5.649312099734797812e+02,4.779617999999999824e+02
5.650060505683970860e+02,4.779617999999999824e+02
5.651140843530971551e+02,4.779617999999999824e+02
5.651558168688400201e+02,4.779617999999999824e+02
5.652969587327145291e+02,4.779617999999999824e+02
5.653718686244789069e+02,4.779617999999999824e+02
5.654798331123317894e+02,4.779617999999999824e+02
5.654556903641881718e+02,4.779617999999999824e+02
5.656627074919492770e+02,4.779617999999999824e+02
5.657376866805607278e+02,4.779617999999999824e+02
5.658455818715665373e+02,4.779617999999999824e+02
5.658877303260044300e+02,4.779617999999999824e+02
5.660284562511839113e+02,4.779617999999999824e+02
5.661035047366426625e+02,4.779617999999999824e+02
5.662113306308012852e+02,4.779617999999999824e+02
5.660568045592704038e+02,4.779617999999999824e+02
5.663942050104185455e+02,4.779617999999999824e+02
5.664693227927244834e+02,4.779617999999999824e+02
5.665770793900360331e+02,4.779617999999999824e+02
5.666196437831690673e+02,4.779617999999999824e+02
5.667599537696532934e+02,4.779617999999999824e+02
5.668351408488063043e+02,4.779617999999999824e+02
5.669428281492706674e+02,4.779617999999999824e+02
5.669206279210925459e+02,4.779617999999999824e+02
5.671257025288880413e+02,4.779617999999999824e+02
5.672009589048882390e+02,4.779617999999999824e+02
5.673085769085053016e+02,4.779617999999999824e+02
5.673515572403334772e+02,4.779617999999999824e+02
5.674914512881227893e+02,4.779617999999999824e+02
5.675667769609699462e+02,4.779617999999999824e+02
5.676743256677400495e+02,4.779617999999999824e+02
6.994148999999999887e+02,2.785529799999999909e+02
5.678572000473574235e+02,4.779617999999999824e+02
5.679325950170518809e+02,4.779617999999999824e+02
5.680400744269747975e+02,4.779617999999999824e+02
5.680834706974981145e+02,4.779617999999999824e+02
5.682229488065920577e+02,4.779617999999999824e+02
5.682984130731337018e+02,4.779617999999999824e+02
5.684058231862095454e+02,4.779617999999999824e+02
5.683855654779969200e+02,4.779617999999999824e+02
5.685886975658268057e+02,4.779617999999999824e+02
5.686642311292155227e+02,4.779617999999999824e+02
5.687715719454441796e+02,4.779617999999999824e+02
5.688153841546625245e+02,4.779617999999999824e+02
5.689544463250615536e+02,4.779617999999999824e+02
5.690300491852974574e+02,4.779617999999999824e+02
5.691373207046788139e+02,4.779617999999999824e+02
5.689911323708206510e+02,4.779617999999999824e+02
5.693201950842963015e+02,4.779617999999999824e+02
5.693958672413792783e+02,4.779617999999999824e+02
5.695030694639135618e+02,4.779617999999999824e+02
5.695472976118271617e+02,4.779617999999999824e+02
5.696859438435309357e+02,4.779617999999999824e+02
5.697616852974610993e+02,4.779617999999999824e+02
5.698688182231483097e+02,4.779617999999999824e+02
5.698505030349012941e+02,4.779617999999999824e+02
5.700516926027655700e+02,4.779617999999999824e+02
5.701275033535430339e+02,4.779617999999999824e+02
5.702345669823830576e+02,4.779617999999999824e+02
5.702792110689915717e+02,4.779617999999999824e+02
5.704174413620003179e+02,4.779617999999999824e+02
5.704933214096247411e+02,4.779617999999999824e+02
5.706003157416176919e+02,4.779617999999999824e+02
5.702078048780488189e+02,4.779617999999999824e+02
5.707831901212350658e+02,4.779617999999999824e+02
5.708591394657066758e+02,4.779617999999999824e+02
5.709660645008523261e+02,4.779617999999999824e+02
5.710111245261562090e+02,4.779617999999999824e+02
5.711489388804698137e+02,4.779617999999999824e+02
5.712249575217884967e+02,4.779617999999999824e+02
5.713318132600870740e+02,4.779617999999999824e+02
5.713154405918057819e+02,4.779617999999999824e+02
5.715146876397044480e+02,4.779617999999999824e+02
5.715907755778703176e+02,4.779617999999999824e+02
5.716975620193218219e+02,4.779617999999999824e+02
5.717430379833206189e+02,4.779617999999999824e+02
5.718804363989390822e+02,4.779617999999999824e+02
5.719565936339522523e+02,4.779617999999999824e+02
5.720633107785565699e+02,4.779617999999999824e+02
5.719254601823707844e+02,4.779617999999999824e+02
5.722461851581738301e+02,4.779617999999999824e+02
5.723224116900340732e+02,4.779617999999999824e+02
5.724290595377912041e+02,4.779617999999999824e+02
5.724749514404852562e+02,4.779617999999999824e+02
5.726119339174085781e+02,4.779617999999999824e+02
5.726882297461158942e+02,4.779617999999999824e+02
5.727948082970258383e+02,4.779617999999999824e+02
5.727803781487101560e+02,4.779617999999999824e+02
5.729776826766433260e+02,4.779617999999999824e+02
5.730540478021978288e+02,4.779617999999999824e+02
5.731605570562605863e+02,4.779617999999999824e+02
5.732068648976496661e+02,4.779617999999999824e+02
5.733434314358779602e+02,4.779617999999999824e+02
5.734198658582795360e+02,4.779617999999999824e+02
5.735263058154953342e+02,4.779617999999999824e+02
6.974977400000000216e+02,2.706396500000000174e+02
5.737091801951127081e+02,4.779617999999999824e+02
5.737856839143614707e+02,4.779617999999999824e+02
5.738920545747300821e+02,4.779617999999999824e+02
5.739387783548141897e+02,4.779617999999999824e+02
5.740749289543473424e+02,4.779617999999999824e+02
5.741515019704432916e+02,4.779617999999999824e+02
5.742578033339647163e+02,4.779617999999999824e+02
5.742453157056145301e+02,4.779617999999999824e+02
5.744406777135820903e+02,4.779617999999999824e+02
5.745173200265251126e+02,4.779617999999999824e+02
5.746235520931994643e+02,4.779617999999999824e+02
5.746706918119787133e+02,4.779617999999999824e+02
5.748064264728168382e+02,4.779617999999999824e+02
5.748831380826070472e+02,4.779617999999999824e+02
5.749893008524340985e+02,4.779617999999999824e+02
5.748597879939209179e+02,4.779617999999999824e+02
5.751721752320514724e+02,4.779617999999999824e+02
5.752489561386888681e+02,4.779617999999999824e+02
5.753550496116688464e+02,4.779617999999999824e+02
5.754026052691432369e+02,4.779617999999999824e+02
5.755379239912862204e+02,4.779617999999999824e+02
5.756147741947706891e+02,4.779617999999999824e+02
5.757207983709035943e+02,4.779617999999999824e+02
5.757102532625190179e+02,4.779617999999999824e+02
5.759036727505208546e+02,4.779617999999999824e+02
5.759805922508526237e+02,4.779617999999999824e+02
5.760865471301382286e+02,4.779617999999999824e+02
5.761345187263077605e+02,4.779617999999999824e+02
5.762694215097556025e+02,4.779617999999999824e+02
5.763464103069343309e+02,4.779617999999999824e+02
5.764522958893729765e+02,4.779617999999999824e+02
5.760943527439023910e+02,4.779617999999999824e+02
5.766351702689903505e+02,4.779617999999999824e+02
5.767122283630162656e+02,4.779617999999999824e+02
5.768180446486076107e+02,4.779617999999999824e+02
5.768664321834722841e+02,4.779617999999999824e+02
5.770009190282249847e+02,4.779617999999999824e+02
5.770780464190980865e+02,4.779617999999999824e+02
5.771837934078423586e+02,4.779617999999999824e+02
5.771751908194232783e+02,4.779617999999999824e+02
5.773666677874597326e+02,4.779617999999999824e+02
5.774438644751799075e+02,4.779617999999999824e+02
5.775495421670771066e+02,4.779617999999999824e+02
5.775983456406368077e+02,4.779617999999999824e+02
5.777324165466943668e+02,4.779617999999999824e+02
5.778096825312618421e+02,4.779617999999999824e+02
5.779152909263118545e+02,4.779617999999999824e+02
5.777941158054711650e+02,4.779617999999999824e+02
5.780981653059291148e+02,4.779617999999999824e+02
5.781755005873436630e+02,4.779617999999999824e+02
5.782810396855464887e+02,4.779617999999999824e+02
5.783302590978013313e+02,4.779617999999999824e+02
5.784639140651638627e+02,4.779617999999999824e+02
5.785413186434254840e+02,4.779617999999999824e+02
5.786467884447811230e+02,4.779617999999999824e+02
5.786401283763277661e+02,4.779617999999999824e+02
5.788296628243986106e+02,4.779617999999999824e+02
5.789071366995074186e+02,4.779617999999999824e+02
5.790125372040158709e+02,4.779617999999999824e+02
5.790621725549658549e+02,4.779617999999999824e+02
5.791954115836332448e+02,4.779617999999999824e+02
5.792729547555891259e+02,4.779617999999999824e+02
5.793782859632506188e+02,4.779617999999999824e+02
6.954924999999999500e+02,2.683471700000000055e+02
5.795611603428678791e+02,4.857577999999999747e+02
5.796387728116710605e+02,4.857577999999999747e+02
5.797440347224853667e+02,4.857577999999999747e+02
5.797940860121303785e+02,4.857577999999999747e+02
5.799269091021026270e+02,4.857577999999999747e+02
5.800045908677528814e+02,4.857577999999999747e+02
5.801097834817200010e+02,4.857577999999999747e+02
5.801050659332321402e+02,4.857577999999999747e+02
5.802926578613373749e+02,4.857577999999999747e+02
5.803704089238347024e+02,4.857577999999999747e+02
5.804755322409546352e+02,4.857577999999999747e+02
5.805259994692949022e+02,4.857577999999999747e+02
5.806584066205721228e+02,4.857577999999999747e+02
5.807362269799166370e+02,4.857577999999999747e+02
5.808412810001893831e+02,4.857577999999999747e+02
5.807284436170211848e+02,4.857577999999999747e+02
5.810241553798067571e+02,4.857577999999999747e+02
5.811020450359984579e+02,4.857577999999999747e+02
5.812070297594241310e+02,4.857577999999999747e+02
5.812579129264594258e+02,4.857577999999999747e+02
5.813899041390413913e+02,4.857577999999999747e+02
5.814678630920802789e+02,4.857577999999999747e+02
5.815727785186588790e+02,4.857577999999999747e+02
5.815700034901365143e+02,4.857577999999999747e+02
5.817556528982761392e+02,4.857577999999999747e+02
5.818336811481622135e+02,4.857577999999999747e+02
5.819385272778935132e+02,4.857577999999999747e+02
5.819898263836239494e+02,4.857577999999999747e+02
5.821214016575108872e+02,4.857577999999999747e+02
5.821994992042439208e+02,4.857577999999999747e+02
5.823042760371281474e+02,4.857577999999999747e+02
5.819809006097560768e+02,4.857577999999999747e+02
5.824871504167456351e+02,4.857577999999999747e+02
5.825653172603258554e+02,4.857577999999999747e+02
5.826700247963628954e+02,4.857577999999999747e+02
5.827217398407883593e+02,4.857577999999999747e+02
5.828528991759802693e+02,4.857577999999999747e+02
5.829311353164076763e+02,4.857577999999999747e+02
5.830357735555976433e+02,4.857577999999999747e+02
5.830349410470410021e+02,4.857577999999999747e+02
5.832186479352149036e+02,4.857577999999999747e+02
5.832969533724894973e+02,4.857577999999999747e+02
5.834015223148323912e+02,4.857577999999999747e+02
5.834536532979529966e+02,4.857577999999999747e+02
5.835843966944496515e+02,4.857577999999999747e+02
5.836627714285714319e+02,4.857577999999999747e+02
5.837672710740670254e+02,4.857577999999999747e+02
5.836627714285714319e+02,4.857577999999999747e+02
5.839501454536843994e+02,4.857577999999999747e+02
5.840285894846532528e+02,4.857577999999999747e+02
5.841330198333016597e+02,4.857577999999999747e+02
5.841855667551174065e+02,4.857577999999999747e+02
5.843158942129191473e+02,4.857577999999999747e+02
5.843944075407350738e+02,4.857577999999999747e+02
5.844987685925364076e+02,4.857577999999999747e+02
5.844998786039453762e+02,4.857577999999999747e+02
5.846816429721537816e+02,4.857577999999999747e+02
5.847602255968170084e+02,4.857577999999999747e+02
5.848645173517711555e+02,4.857577999999999747e+02
5.849174802122820438e+02,4.857577999999999747e+02
5.850473917313884158e+02,4.857577999999999747e+02
5.851260436528987157e+02,4.857577999999999747e+02
5.852302661110059034e+02,4.857577999999999747e+02
6.919621600000000399e+02,2.706837199999999939e+02
5.854131404906231637e+02,4.857577999999999747e+02
5.854918617089806503e+02,4.857577999999999747e+02
5.855960148702405377e+02,4.857577999999999747e+02
5.856493936694464537e+02,4.857577999999999747e+02
5.857788892498579116e+02,4.857577999999999747e+02
5.858576797650624712e+02,4.857577999999999747e+02
5.859617636294751719e+02,4.857577999999999747e+02
5.859648161608497503e+02,4.857577999999999747e+02
5.861446380090926596e+02,4.857577999999999747e+02
5.862234978211442922e+02,4.857577999999999747e+02
5.863275123887099198e+02,4.857577999999999747e+02
5.863813071266110910e+02,4.857577999999999747e+02
5.865103867683272938e+02,4.857577999999999747e+02
5.865893158772262268e+02,4.857577999999999747e+02
5.866932611479446678e+02,4.857577999999999747e+02
5.865970992401214517e+02,4.857577999999999747e+02
5.868761355275619280e+02,4.857577999999999747e+02
5.869551339333080477e+02,4.857577999999999747e+02
5.870590099071794157e+02,4.857577999999999747e+02
5.871132205837755009e+02,4.857577999999999747e+02
5.872418842867966760e+02,4.857577999999999747e+02
5.873209519893898687e+02,4.857577999999999747e+02
5.874247586664140499e+02,4.857577999999999747e+02
5.874297537177541244e+02,4.857577999999999747e+02
5.876076330460314239e+02,4.857577999999999747e+02
5.876867700454718033e+02,4.857577999999999747e+02
5.877905074256486841e+02,4.857577999999999747e+02
5.878451340409401382e+02,4.857577999999999747e+02
5.879733818052661718e+02,4.857577999999999747e+02
5.880525881015535106e+02,4.857577999999999747e+02
5.881562561848834321e+02,4.857577999999999747e+02
5.878674484756097627e+02,4.857577999999999747e+02
5.883391305645008060e+02,4.857577999999999747e+02
5.884184061576354452e+02,4.857577999999999747e+02
5.885220049441181800e+02,4.857577999999999747e+02
5.885770474981045481e+02,4.857577999999999747e+02
5.887048793237354403e+02,4.857577999999999747e+02
5.887842242137172661e+02,4.857577999999999747e+02
5.888877537033529279e+02,4.857577999999999747e+02
5.888946912746584985e+02,4.857577999999999747e+02
5.890706280829701882e+02,4.857577999999999747e+02
5.891500422697990871e+02,4.857577999999999747e+02
5.892535024625875621e+02,4.857577999999999747e+02
5.893089609552691854e+02,4.857577999999999747e+02
5.894363768422049361e+02,4.857577999999999747e+02
5.895158603258810217e+02,4.857577999999999747e+02
5.896192512218223101e+02,4.857577999999999747e+02
5.895314270516716988e+02,4.857577999999999747e+02
5.898021256014396840e+02,4.857577999999999747e+02
5.898816783819628426e+02,4.857577999999999747e+02
5.899849999810569443e+02,4.857577999999999747e+02
5.900408744124335954e+02,4.857577999999999747e+02
5.901678743606743183e+02,4.857577999999999747e+02
5.902474964380446636e+02,4.857577999999999747e+02
5.903507487402916922e+02,4.857577999999999747e+02
5.903596288315629863e+02,4.857577999999999747e+02
5.905336231199090662e+02,4.857577999999999747e+02
5.906133144941265982e+02,4.857577999999999747e+02
5.907164974995264402e+02,4.857577999999999747e+02
5.907727878695981190e+02,4.857577999999999747e+02
5.908993718791437004e+02,4.857577999999999747e+02
5.909791325502083055e+02,4.857577999999999747e+02
5.910822462587610744e+02,4.857577999999999747e+02
6.857607400000000553e+02,2.788570599999999899e+02
5.912651206383784483e+02,4.857577999999999747e+02
5.913449506062902401e+02,4.857577999999999747e+02
5.914479950179958223e+02,4.857577999999999747e+02
5.915047013267626426e+02,4.857577999999999747e+02
5.916308693976131963e+02,4.857577999999999747e+02
5.917107686623720610e+02,4.857577999999999747e+02
5.918137437772304565e+02,4.857577999999999747e+02
5.918245663884673604e+02,4.857577999999999747e+02
5.919966181568478305e+02,4.857577999999999747e+02
5.920765867184538820e+02,4.857577999999999747e+02
5.921794925364652045e+02,4.857577999999999747e+02
5.922366147839271662e+02,4.857577999999999747e+02
5.923623669160825784e+02,4.857577999999999747e+02
5.924424047745358166e+02,4.857577999999999747e+02
5.925452412956999524e+02,4.857577999999999747e+02
5.924657548632218322e+02,4.857577999999999747e+02
5.927281156753172127e+02,4.857577999999999747e+02
5.928082228306175239e+02,4.857577999999999747e+02
5.929109900549345866e+02,4.857577999999999747e+02
5.929685282410916898e+02,4.857577999999999747e+02
5.930938644345519606e+02,4.857577999999999747e+02
5.931740408866994585e+02,4.857577999999999747e+02
5.932767388141693345e+02,4.857577999999999747e+02
5.932895039453717345e+02,4.857577999999999747e+02
5.934596131937867085e+02,4.857577999999999747e+02
5.935398589427812794e+02,4.857577999999999747e+02
5.936424875734039688e+02,4.857577999999999747e+02
5.937004416982562134e+02,4.857577999999999747e+02
5.938253619530214564e+02,4.857577999999999747e+02
5.939056769988631004e+02,4.857577999999999747e+02
5.940082363326387167e+02,4.857577999999999747e+02
5.937539963414633348e+02,4.857577999999999747e+02
5.941911107122560907e+02,4.857577999999999747e+02
5.942714950549450350e+02,4.857577999999999747e+02
5.943739850918734646e+02,4.857577999999999747e+02
5.944323551554207370e+02,4.857577999999999747e+02
5.945568594714907249e+02,4.857577999999999747e+02
5.946373131110268559e+02,4.857577999999999747e+02
5.947397338511082125e+02,4.857577999999999747e+02
5.947544415022762223e+02,4.857577999999999747e+02
5.949226082307254728e+02,4.857577999999999747e+02
5.950031311671086769e+02,4.857577999999999747e+02
5.951054826103428468e+02,4.857577999999999747e+02
5.951642686125852606e+02,4.857577999999999747e+02
5.952883569899602207e+02,4.857577999999999747e+02
5.953689492231906115e+02,4.857577999999999747e+02
5.954712313695774810e+02,4.857577999999999747e+02
5.954000826747719657e+02,4.857577999999999747e+02
5.956541057491949687e+02,4.857577999999999747e+02
5.957347672792723188e+02,4.857577999999999747e+02
5.958369801288122289e+02,4.857577999999999747e+02
5.958961820697497842e+02,4.857577999999999747e+02
5.960198545084296029e+02,4.857577999999999747e+02
5.961005853353542534e+02,4.857577999999999747e+02
5.962027288880469769e+02,4.857577999999999747e+02
5.962193790591804827e+02,4.857577999999999747e+02
5.963856032676642371e+02,4.857577999999999747e+02
5.964664033914360743e+02,4.857577999999999747e+02
5.965684776472817248e+02,4.857577999999999747e+02
5.966280955269143078e+02,4.857577999999999747e+02
5.967513520268989851e+02,4.857577999999999747e+02
5.968322214475178953e+02,4.857577999999999747e+02
5.969342264065163590e+02,4.857577999999999747e+02
6.671880499999999756e+02,3.220251499999999965e+02
5.971171007861337330e+02,4.831131599999999935e+02
5.971980395035998299e+02,4.831131599999999935e+02
5.972999751657509933e+02,4.831131599999999935e+02
5.973600089840788314e+02,4.831131599999999935e+02
5.974828495453684809e+02,4.831131599999999935e+02
5.975638575596816509e+02,4.831131599999999935e+02
5.976657239249857412e+02,4.831131599999999935e+02
5.976843166160849705e+02,4.831131599999999935e+02
5.978485983046031151e+02,4.831131599999999935e+02
5.979296756157634718e+02,4.831131599999999935e+02
5.980314726842204891e+02,4.831131599999999935e+02
5.980919224412432413e+02,4.831131599999999935e+02
5.982143470638377494e+02,4.831131599999999935e+02
5.982954936718454064e+02,4.831131599999999935e+02
5.983972214434552370e+02,4.831131599999999935e+02
5.983344104863222128e+02,4.831131599999999935e+02
5.985800958230724973e+02,4.831131599999999935e+02
5.986613117279271137e+02,4.831131599999999935e+02
5.987629702026898713e+02,4.831131599999999935e+02
5.988238358984078786e+02,4.831131599999999935e+02
5.989458445823072452e+02,4.831131599999999935e+02
5.990271297840090483e+02,4.831131599999999935e+02
5.991287189619245055e+02,4.831131599999999935e+02
5.991492541729893446e+02,4.831131599999999935e+02
5.993115933415419931e+02,4.831131599999999935e+02
5.993929478400908692e+02,4.831131599999999935e+02
5.994944677211592534e+02,4.831131599999999935e+02
5.995557493555722886e+02,4.831131599999999935e+02
5.996773421007766274e+02,4.831131599999999935e+02
5.997587658961726902e+02,4.831131599999999935e+02
5.998602164803940013e+02,4.831131599999999935e+02
5.996405442073171344e+02,4.831131599999999935e+02
6.000430908600112616e+02,4.831131599999999935e+02
6.001245839522546248e+02,4.831131599999999935e+02
6.002259652396287493e+02,4.831131599999999935e+02
6.002876628127369258e+02,4.831131599999999935e+02
6.004088396192460095e+02,4.831131599999999935e+02
6.004904020083364458e+02,4.831131599999999935e+02
6.005917139988633835e+02,4.831131599999999935e+02
6.006141917298937187e+02,4.831131599999999935e+02
6.007745883784807575e+02,4.831131599999999935e+02
6.008562200644182667e+02,4.831131599999999935e+02
6.009574627580980177e+02,4.831131599999999935e+02
6.010195762699013358e+02,4.831131599999999935e+02
6.011403371377155054e+02,4.831131599999999935e+02
6.012220381205002013e+02,4.831131599999999935e+02
6.013232115173327657e+02,4.831131599999999935e+02
6.012687382978722326e+02,4.831131599999999935e+02
6.015060858969501396e+02,4.831131599999999935e+02
6.015878561765819086e+02,4.831131599999999935e+02
6.016889602765675136e+02,4.831131599999999935e+02
6.017514897270659731e+02,4.831131599999999935e+02
6.018718346561847738e+02,4.831131599999999935e+02
6.019536742326638432e+02,4.831131599999999935e+02
6.020547090358022615e+02,4.831131599999999935e+02
6.020791292867982065e+02,4.831131599999999935e+02
6.022375834154195218e+02,4.831131599999999935e+02
6.023194922887456642e+02,4.831131599999999935e+02
6.024204577950368957e+02,4.831131599999999935e+02
6.024834031842303830e+02,4.831131599999999935e+02
6.026033321746542697e+02,4.831131599999999935e+02
6.026853103448274851e+02,4.831131599999999935e+02
6.027862065542715300e+02,4.831131599999999935e+02
6.569631000000000540e+02,3.592972399999999880e+02
6.029690809338890176e+02,4.831131599999999935e+02
6.030511284009094197e+02,4.831131599999999935e+02
6.031519553135062779e+02,4.831131599999999935e+02
6.032153166413950203e+02,4.831131599999999935e+02
6.033348296931236519e+02,4.831131599999999935e+02
6.034169464569912407e+02,4.831131599999999935e+02
6.035177040727410258e+02,4.831131599999999935e+02
6.035440668437025806e+02,4.831131599999999935e+02
6.037005784523582861e+02,4.831131599999999935e+02
6.037827645130730616e+02,4.831131599999999935e+02
6.038834528319757737e+02,4.831131599999999935e+02
6.039472300985594302e+02,4.831131599999999935e+02
6.040663272115930340e+02,4.831131599999999935e+02
6.041485825691549962e+02,4.831131599999999935e+02
6.042492015912104080e+02,4.831131599999999935e+02
6.042030661094224797e+02,4.831131599999999935e+02
6.044320759708277819e+02,4.831131599999999935e+02
6.045144006252367035e+02,4.831131599999999935e+02
6.046149503504450422e+02,4.831131599999999935e+02
6.046791435557240675e+02,4.831131599999999935e+02
6.047978247300625299e+02,4.831131599999999935e+02
6.048802186813186381e+02,4.831131599999999935e+02
6.049806991096797901e+02,4.831131599999999935e+02
6.050090044006069547e+02,4.831131599999999935e+02
6.051635734892971641e+02,4.831131599999999935e+02
6.052460367374004591e+02,4.831131599999999935e+02
6.053464478689145380e+02,4.831131599999999935e+02
6.054110570128884774e+02,4.831131599999999935e+02
6.055293222485319120e+02,4.831131599999999935e+02
6.056118547934822800e+02,4.831131599999999935e+02
6.057121966281492860e+02,4.831131599999999935e+02
6.055270920731707065e+02,4.831131599999999935e+02
6.058950710077665462e+02,4.831131599999999935e+02
6.059776728495642146e+02,4.831131599999999935e+02
6.060779453873839202e+02,4.831131599999999935e+02
6.061429704700530010e+02,4.831131599999999935e+02
6.062608197670012942e+02,4.831131599999999935e+02
6.063434909056460356e+02,4.831131599999999935e+02
6.064436941466186681e+02,4.831131599999999935e+02
6.064739419575114425e+02,4.831131599999999935e+02
6.066265685262360421e+02,4.831131599999999935e+02
6.067093089617278565e+02,4.831131599999999935e+02
6.068094429058533024e+02,4.831131599999999935e+02
6.068748839272175246e+02,4.831131599999999935e+02
6.069923172854706763e+02,4.831131599999999935e+02
6.070751270178097911e+02,4.831131599999999935e+02
6.071751916650880503e+02,4.831131599999999935e+02
6.071373939209726132e+02,4.831131599999999935e+02
6.073580660447054242e+02,4.831131599999999935e+02
6.074409450738914984e+02,4.831131599999999935e+02
6.075409404243227982e+02,4.831131599999999935e+02
6.076067973843820482e+02,4.831131599999999935e+02
6.077238148039400585e+02,4.831131599999999935e+02
6.078067631299734330e+02,4.831131599999999935e+02
6.079066891835574324e+02,4.831131599999999935e+02
6.079388795144157029e+02,4.831131599999999935e+02
6.080895635631748064e+02,4.831131599999999935e+02
6.081725811860552540e+02,4.831131599999999935e+02
6.082724379427921804e+02,4.831131599999999935e+02
6.083387108415465718e+02,4.831131599999999935e+02
6.084553123224095543e+02,4.831131599999999935e+02
6.085383992421370749e+02,4.831131599999999935e+02
6.086381867020268146e+02,4.831131599999999935e+02
6.535296600000000353e+02,3.925969200000000114e+02
6.088210610816441886e+02,4.831131599999999935e+02
6.089042172982190095e+02,4.831131599999999935e+02
6.090039354612615625e+02,4.831131599999999935e+02
6.090706242987110954e+02,4.831131599999999935e+02
6.091868098408789365e+02,4.831131599999999935e+02
6.092700353543008305e+02,4.831131599999999935e+02
6.093696842204963104e+02,4.831131599999999935e+02
6.094038170713201907e+02,4.831131599999999935e+02
6.095525586001135707e+02,4.831131599999999935e+02
6.096358534103826514e+02,4.831131599999999935e+02
6.097354329797310584e+02,4.831131599999999935e+02
6.098025377558756190e+02,4.831131599999999935e+02
6.099183073593483186e+02,4.831131599999999935e+02
6.100016714664645860e+02,4.831131599999999935e+02
6.101011817389656926e+02,4.831131599999999935e+02
6.100717217325227466e+02,4.831131599999999935e+02
6.102840561185830666e+02,4.831131599999999935e+02
6.103674895225462933e+02,4.831131599999999935e+02
6.104669304982003268e+02,4.831131599999999935e+02
6.105344512130401426e+02,4.831131599999999935e+02
6.106498048778178145e+02,4.831131599999999935e+02
6.107333075786282279e+02,4.831131599999999935e+02
6.108326792574350748e+02,4.831131599999999935e+02
6.108687546282245648e+02,4.831131599999999935e+02
6.110155536370524487e+02,4.831131599999999935e+02
6.110991256347100489e+02,4.831131599999999935e+02
6.111984280166698227e+02,4.831131599999999935e+02
6.112663646702046663e+02,4.831131599999999935e+02
6.113813023962870830e+02,4.831131599999999935e+02
6.114649436907918698e+02,4.831131599999999935e+02
6.115641767759045706e+02,4.831131599999999935e+02
6.114136399390243923e+02,4.831131599999999935e+02
6.117470511555218309e+02,4.831131599999999935e+02
6.118307617468738044e+02,4.831131599999999935e+02
6.119299255351392048e+02,4.831131599999999935e+02
6.119982781273691899e+02,4.831131599999999935e+02
6.121127999147565788e+02,4.831131599999999935e+02
6.121965798029556254e+02,4.831131599999999935e+02
6.122956742943738391e+02,4.831131599999999935e+02
6.123336921851289389e+02,4.831131599999999935e+02
6.124785486739913267e+02,4.831131599999999935e+02
6.125623978590374463e+02,4.831131599999999935e+02
6.126614230536085870e+02,4.831131599999999935e+02
6.127301915845337135e+02,4.831131599999999935e+02
6.128442974332259610e+02,4.831131599999999935e+02
6.129282159151193810e+02,4.831131599999999935e+02
6.130271718128433349e+02,4.831131599999999935e+02
6.130060495440728801e+02,4.831131599999999935e+02
6.132100461924605952e+02,4.831131599999999935e+02
6.132940339712010882e+02,4.831131599999999935e+02
6.133929205720780828e+02,4.831131599999999935e+02
6.134621050416982371e+02,4.831131599999999935e+02
6.135757949516953431e+02,4.831131599999999935e+02
6.136598520272830228e+02,4.831131599999999935e+02
6.137586693313127171e+02,4.831131599999999935e+02
6.137986297420334267e+02,4.831131599999999935e+02
6.139415437109300910e+02,4.831131599999999935e+02
6.140256700833648438e+02,4.831131599999999935e+02
6.141244180905473513e+02,4.831131599999999935e+02
6.141940184988627607e+02,4.831131599999999935e+02
6.143072924701648390e+02,4.831131599999999935e+02
6.143914881394466647e+02,4.831131599999999935e+02
6.144901668497820992e+02,4.831131599999999935e+02
6.558725600000000213e+02,4.262387699999999882e+02
6.146730412293994732e+02,4.831131599999999935e+02
6.147573061955285993e+02,4.831131599999999935e+02
6.148559156090168472e+02,4.831131599999999935e+02
6.149259319560271706e+02,4.831131599999999935e+02
6.150387899886341074e+02,4.831131599999999935e+02
6.151231242516104203e+02,4.831131599999999935e+02
6.152216643682515951e+02,4.831131599999999935e+02
6.152635672989376872e+02,4.831131599999999935e+02
6.154045387478688554e+02,4.831131599999999935e+02
6.154889423076922412e+02,4.831131599999999935e+02
6.155874131274862293e+02,4.831131599999999935e+02
6.156578454131918079e+02,4.831131599999999935e+02
6.157702875071036033e+02,4.831131599999999935e+02
6.158547603637741759e+02,4.831131599999999935e+02
6.159531618867208635e+02,4.831131599999999935e+02
6.159403773556230135e+02,4.831131599999999935e+02
6.161360362663383512e+02,4.831131599999999935e+02
6.162205784198558831e+02,4.831131599999999935e+02
6.163189106459556115e+02,4.831131599999999935e+02
6.163897588703562178e+02,4.831131599999999935e+02
6.165017850255729854e+02,4.831131599999999935e+02
6.165863964759378177e+02,4.831131599999999935e+02
6.166846594051903594e+02,4.831131599999999935e+02
6.167285048558421749e+02,4.831131599999999935e+02
6.168675337848076197e+02,4.831131599999999935e+02
6.169522145320196387e+02,4.831131599999999935e+02
6.170504081644251073e+02,4.831131599999999935e+02
6.171216723275208551e+02,4.831131599999999935e+02
6.172332825440423676e+02,4.831131599999999935e+02
6.173180325881014596e+02,4.831131599999999935e+02
6.174161569236597416e+02,4.831131599999999935e+02
6.173001878048780782e+02,4.831131599999999935e+02
6.175990313032771155e+02,4.831131599999999935e+02
6.176838506441833943e+02,4.831131599999999935e+02
6.177819056828943758e+02,4.831131599999999935e+02
6.178535857846852650e+02,4.831131599999999935e+02
6.179647800625118634e+02,4.831131599999999935e+02
6.180496687002652152e+02,4.831131599999999935e+02
6.181476544421291237e+02,4.831131599999999935e+02
6.181934424127465491e+02,4.831131599999999935e+02
6.183305288217464977e+02,4.831131599999999935e+02
6.184154867563470361e+02,4.831131599999999935e+02
6.185134032013638716e+02,4.831131599999999935e+02
6.185854992418499023e+02,4.831131599999999935e+02
6.186962775809811319e+02,4.831131599999999935e+02
6.187813048124289708e+02,4.831131599999999935e+02
6.188791519605986196e+02,4.831131599999999935e+02
6.188747051671732606e+02,4.831131599999999935e+02
6.190620263402158798e+02,4.831131599999999935e+02
6.191471228685106780e+02,4.831131599999999935e+02
6.192449007198332538e+02,4.831131599999999935e+02
6.193174126990143122e+02,4.831131599999999935e+02
6.194277750994506277e+02,4.831131599999999935e+02
6.195129409245926126e+02,4.831131599999999935e+02
6.196106494790678880e+02,4.831131599999999935e+02
6.196583799696509232e+02,4.831131599999999935e+02
6.197935238586853757e+02,4.831131599999999935e+02
6.198787589806744336e+02,4.831131599999999935e+02
6.199763982383026359e+02,4.831131599999999935e+02
6.200493261561789495e+02,4.831131599999999935e+02
6.201592726179200099e+02,4.831131599999999935e+02
6.202445770367562545e+02,4.831131599999999935e+02
6.203421469975373839e+02,4.831131599999999935e+02
6.621692000000000462e+02,4.518763400000000274e+02
6.205250213771547578e+02,4.718062699999999836e+02
6.206103950928381892e+02,4.718062699999999836e+02
6.207078957567721318e+02,4.718062699999999836e+02
6.207812396133433595e+02,4.718062699999999836e+02
6.208907701363893921e+02,4.718062699999999836e+02
6.209762131489200101e+02,4.718062699999999836e+02
6.210736445160067660e+02,4.718062699999999836e+02
6.211233175265554110e+02,4.718062699999999836e+02
6.212565188956241400e+02,4.718062699999999836e+02
6.213420312050018310e+02,4.718062699999999836e+02
6.214393932752415139e+02,4.718062699999999836e+02
6.215131530705079967e+02,4.718062699999999836e+02
6.216222676548588879e+02,4.718062699999999836e+02
6.217078492610837657e+02,4.718062699999999836e+02
6.218051420344761482e+02,4.718062699999999836e+02
6.218090329787232804e+02,4.718062699999999836e+02
6.219880164140935221e+02,4.718062699999999836e+02
6.220736673171654729e+02,4.718062699999999836e+02
6.221708907937108961e+02,4.718062699999999836e+02
6.222450665276724067e+02,4.718062699999999836e+02
6.223537651733282701e+02,4.718062699999999836e+02
6.224394853732474076e+02,4.718062699999999836e+02
6.225366395529456440e+02,4.718062699999999836e+02
6.225882550834597851e+02,4.718062699999999836e+02
6.227195139325629043e+02,4.718062699999999836e+02
6.228053034293292285e+02,4.718062699999999836e+02
6.229023883121802783e+02,4.718062699999999836e+02
6.229769799848369303e+02,4.718062699999999836e+02
6.230852626917976522e+02,4.718062699999999836e+02
6.231711214854110494e+02,4.718062699999999836e+02
6.232681370714150262e+02,4.718062699999999836e+02
6.231867356707316503e+02,4.718062699999999836e+02
6.234510114510324001e+02,4.718062699999999836e+02
6.235369395414929841e+02,4.718062699999999836e+02
6.236338858306496604e+02,4.718062699999999836e+02
6.237088934420014539e+02,4.718062699999999836e+02
6.238167602102670344e+02,4.718062699999999836e+02
6.239027575975748050e+02,4.718062699999999836e+02
6.239996345898844083e+02,4.718062699999999836e+02
6.240531926403641592e+02,4.718062699999999836e+02
6.241825089695017823e+02,4.718062699999999836e+02
6.242685756536566259e+02,4.718062699999999836e+02
6.243653833491191563e+02,4.718062699999999836e+02
6.244408068991659775e+02,4.718062699999999836e+02
6.245482577287364165e+02,4.718062699999999836e+02
6.246343937097385606e+02,4.718062699999999836e+02
6.247311321083539042e+02,4.718062699999999836e+02
6.247433607902735275e+02,4.718062699999999836e+02
6.249140064879711645e+02,4.718062699999999836e+02
6.250002117658202678e+02,4.718062699999999836e+02
6.250968808675885384e+02,4.718062699999999836e+02
6.251727203563305011e+02,4.718062699999999836e+02
6.252797552472059124e+02,4.718062699999999836e+02
6.253660298219022025e+02,4.718062699999999836e+02
6.254626296268231727e+02,4.718062699999999836e+02
6.255181301972686470e+02,4.718062699999999836e+02
6.256455040064406603e+02,4.718062699999999836e+02
6.257318478779840234e+02,4.718062699999999836e+02
6.258283783860579206e+02,4.718062699999999836e+02
6.259046338134950247e+02,4.718062699999999836e+02
6.260112527656752945e+02,4.718062699999999836e+02
6.260976659340658443e+02,4.718062699999999836e+02
6.261941271452926685e+02,4.718062699999999836e+02
6.708287400000000389e+02,4.682990699999999720e+02
6.263770015249099288e+02,4.718062699999999836e+02
6.264634839901477790e+02,4.718062699999999836e+02
6.265598759045274164e+02,4.718062699999999836e+02
6.266365472706595483e+02,4.718062699999999836e+02
6.267427502841446767e+02,4.718062699999999836e+02
6.268293020462295999e+02,4.718062699999999836e+02
6.269256246637620507e+02,4.718062699999999836e+02
6.269830677541729074e+02,4.718062699999999836e+02
6.271084990433794246e+02,4.718062699999999836e+02
6.271951201023114209e+02,4.718062699999999836e+02
6.272913734229966849e+02,4.718062699999999836e+02
6.273684607278240719e+02,4.718062699999999836e+02
6.274742478026141725e+02,4.718062699999999836e+02
6.275609381583933555e+02,4.718062699999999836e+02
6.276571221822314328e+02,4.718062699999999836e+02
6.276776886018236610e+02,4.718062699999999836e+02
6.278399965618488068e+02,4.718062699999999836e+02
6.279267562144750627e+02,4.718062699999999836e+02
6.280228709414661807e+02,4.718062699999999836e+02
6.281003741849885955e+02,4.718062699999999836e+02
6.282057453210834410e+02,4.718062699999999836e+02
6.282925742705569974e+02,4.718062699999999836e+02
6.283886197007009287e+02,4.718062699999999836e+02
6.284480053110773952e+02,4.718062699999999836e+02
6.285714940803181889e+02,4.718062699999999836e+02
6.286583923266388183e+02,4.718062699999999836e+02
6.287543684599355629e+02,4.718062699999999836e+02
6.288322876421531191e+02,4.718062699999999836e+02
6.289372428395529369e+02,4.718062699999999836e+02
6.290242103827206392e+02,4.718062699999999836e+02
6.291201172191701971e+02,4.718062699999999836e+02
6.290732835365853362e+02,4.718062699999999836e+02
6.293029915987876848e+02,4.718062699999999836e+02
6.293900284388025739e+02,4.718062699999999836e+02
6.294858659784049451e+02,4.718062699999999836e+02
6.295642010993176427e+02,4.718062699999999836e+02
6.296687403580223190e+02,4.718062699999999836e+02
6.297558464948843948e+02,4.718062699999999836e+02
6.298516147376396930e+02,4.718062699999999836e+02
6.299129428679817693e+02,4.718062699999999836e+02
6.300344891172569533e+02,4.718062699999999836e+02
6.301216645509662158e+02,4.718062699999999836e+02
6.302173634968744409e+02,4.718062699999999836e+02
6.302961145564820526e+02,4.718062699999999836e+02
6.304002378764917012e+02,4.718062699999999836e+02
6.304874826070481504e+02,4.718062699999999836e+02
6.305831122561090751e+02,4.718062699999999836e+02
6.306120164133737944e+02,4.718062699999999836e+02
6.307659866357264491e+02,4.718062699999999836e+02
6.308533006631298576e+02,4.718062699999999836e+02
6.309488610153437094e+02,4.718062699999999836e+02
6.310280280136466899e+02,4.718062699999999836e+02
6.311317353949611970e+02,4.718062699999999836e+02
6.312191187192117923e+02,4.718062699999999836e+02
6.313146097745784573e+02,4.718062699999999836e+02
6.313778804248861434e+02,4.718062699999999836e+02
6.314974841541958313e+02,4.718062699999999836e+02
6.315849367752936132e+02,4.718062699999999836e+02
6.316803585338132052e+02,4.718062699999999836e+02
6.317599414708110999e+02,4.718062699999999836e+02
6.318632329134304655e+02,4.718062699999999836e+02
6.319507548313754342e+02,4.718062699999999836e+02
6.320461072930479531e+02,4.718062699999999836e+02
6.879894000000000460e+02,4.843922000000000025e+02
6.322289816726652134e+02,4.539155299999999897e+02
6.323165728874573688e+02,4.539155299999999897e+02
6.324118560522825874e+02,4.539155299999999897e+02
6.324918549279757372e+02,4.539155299999999897e+02
6.325947304318999613e+02,4.539155299999999897e+02
6.326823909435391897e+02,4.539155299999999897e+02
6.327776048115172216e+02,4.539155299999999897e+02
6.328428179817906312e+02,4.539155299999999897e+02
6.329604791911347093e+02,4.539155299999999897e+02
6.330482089996210107e+02,4.539155299999999897e+02
6.331433535707519695e+02,4.539155299999999897e+02
6.332237683851401471e+02,4.539155299999999897e+02
6.333262279503693435e+02,4.539155299999999897e+02
6.334140270557029453e+02,4.539155299999999897e+02
6.335091023299867175e+02,4.539155299999999897e+02
6.335463442249240416e+02,4.539155299999999897e+02
6.336919767096039777e+02,4.539155299999999897e+02
6.337798451117846525e+02,4.539155299999999897e+02
6.338748510892214654e+02,4.539155299999999897e+02
6.339556818423047844e+02,4.539155299999999897e+02
6.340577254688387256e+02,4.539155299999999897e+02
6.341456631678665872e+02,4.539155299999999897e+02
6.342405998484560996e+02,4.539155299999999897e+02
6.343077555386948916e+02,4.539155299999999897e+02
6.344234742280734736e+02,4.539155299999999897e+02
6.345114812239484081e+02,4.539155299999999897e+02
6.346063486076907338e+02,4.539155299999999897e+02
6.346875952994691943e+02,4.539155299999999897e+02
6.347892229873082215e+02,4.539155299999999897e+02
6.348772992800302291e+02,4.539155299999999897e+02
6.349720973669254818e+02,4.539155299999999897e+02
6.349598314024390220e+02,4.539155299999999897e+02
6.351549717465428557e+02,4.539155299999999897e+02
6.352431173361121637e+02,4.539155299999999897e+02
6.353378461261602297e+02,4.539155299999999897e+02
6.354195087566338316e+02,4.539155299999999897e+02
6.355207205057774900e+02,4.539155299999999897e+02
6.356089353921939846e+02,4.539155299999999897e+02
6.357035948853949776e+02,4.539155299999999897e+02
6.357726930955993794e+02,4.539155299999999897e+02
6.358864692650122379e+02,4.539155299999999897e+02
6.359747534482758056e+02,4.539155299999999897e+02
6.360693436446296118e+02,4.539155299999999897e+02
6.361514222137982415e+02,4.539155299999999897e+02
6.362522180242469858e+02,4.539155299999999897e+02
6.363405715043577402e+02,4.539155299999999897e+02
6.364350924038643598e+02,4.539155299999999897e+02
6.364806720364740613e+02,4.539155299999999897e+02
6.366179667834817337e+02,4.539155299999999897e+02
6.367063895604394475e+02,4.539155299999999897e+02
6.368008411630989940e+02,4.539155299999999897e+02
6.368833356709628788e+02,4.539155299999999897e+02
6.369837155427163680e+02,4.539155299999999897e+02
6.370722076165213821e+02,4.539155299999999897e+02
6.371665899223337419e+02,4.539155299999999897e+02
6.372376306525037535e+02,4.539155299999999897e+02
6.373494643019511159e+02,4.539155299999999897e+02
6.374380256726032030e+02,4.539155299999999897e+02
6.375323386815684898e+02,4.539155299999999897e+02
6.376152491281272887e+02,4.539155299999999897e+02
6.377152130611857501e+02,4.539155299999999897e+02
6.378038437286850240e+02,4.539155299999999897e+02
6.378980874408031241e+02,4.539155299999999897e+02
7.140851400000000240e+02,4.941297599999999761e+02
6.380809618204204980e+02,4.539155299999999897e+02
6.381696617847669586e+02,4.539155299999999897e+02
6.382638362000378720e+02,4.539155299999999897e+02
6.383471625852918123e+02,4.539155299999999897e+02
6.384467105796552460e+02,4.539155299999999897e+02
6.385354798408486658e+02,4.539155299999999897e+02
6.386295849592725062e+02,4.539155299999999897e+02
6.387025682094081276e+02,4.539155299999999897e+02
6.388124593388898802e+02,4.539155299999999897e+02
6.389012978969306005e+02,4.539155299999999897e+02
6.389953337185072542e+02,4.539155299999999897e+02
6.390790760424563359e+02,4.539155299999999897e+02
6.391782080981246281e+02,4.539155299999999897e+02
6.392671159530124214e+02,4.539155299999999897e+02
6.393610824777420021e+02,4.539155299999999897e+02
6.394149998480243084e+02,4.539155299999999897e+02
6.395439568573592624e+02,4.539155299999999897e+02
6.396329340090942424e+02,4.539155299999999897e+02
6.397268312369766363e+02,4.539155299999999897e+02
6.398109894996208595e+02,4.539155299999999897e+02
6.399097056165940103e+02,4.539155299999999897e+02
6.399987520651761770e+02,4.539155299999999897e+02
6.400925799962113842e+02,4.539155299999999897e+02
6.401675057663126154e+02,4.539155299999999897e+02
6.402754543758287582e+02,4.539155299999999897e+02
6.403645701212579979e+02,4.539155299999999897e+02
6.404583287554460185e+02,4.539155299999999897e+02
6.405429029567853831e+02,4.539155299999999897e+02
6.406412031350635061e+02,4.539155299999999897e+02
6.407303881773398189e+02,4.539155299999999897e+02
6.408240775146807664e+02,4.539155299999999897e+02
6.408463792682925941e+02,4.539155299999999897e+02
6.410069518942981404e+02,4.539155299999999897e+02
6.410962062334217535e+02,4.539155299999999897e+02
6.411898262739155143e+02,4.539155299999999897e+02
6.412748164139499067e+02,4.539155299999999897e+02
6.413727006535327746e+02,4.539155299999999897e+02
6.414620242895034607e+02,4.539155299999999897e+02
6.415555750331502622e+02,4.539155299999999897e+02
6.416324433232169895e+02,4.539155299999999897e+02
6.417384494127675225e+02,4.539155299999999897e+02
6.418278423455853954e+02,4.539155299999999897e+02
6.419213237923848965e+02,4.539155299999999897e+02
6.420067298711144304e+02,4.539155299999999897e+02
6.421041981720022704e+02,4.539155299999999897e+02
6.421936604016672163e+02,4.539155299999999897e+02
6.422870725516195307e+02,4.539155299999999897e+02
6.423493276595744419e+02,4.539155299999999897e+02
6.424699469312370184e+02,4.539155299999999897e+02
6.425594784577490373e+02,4.539155299999999897e+02
6.426528213108542786e+02,4.539155299999999897e+02
6.427386433282789540e+02,4.539155299999999897e+02
6.428356956904716526e+02,4.539155299999999897e+02
6.429252965138309719e+02,4.539155299999999897e+02
6.430185700700890266e+02,4.539155299999999897e+02
6.430973808801213636e+02,4.539155299999999897e+02
6.432014444497062868e+02,4.539155299999999897e+02
6.432911145699127928e+02,4.539155299999999897e+02
6.433843188293237745e+02,4.539155299999999897e+02
6.434705567854434776e+02,4.539155299999999897e+02
6.435671932089410348e+02,4.539155299999999897e+02
6.436569326259946138e+02,4.539155299999999897e+02
6.437500675885584087e+02,4.539155299999999897e+02
7.400414399999999659e+02,4.897874800000000164e+02
6.439329419681757827e+02,4.539155299999999897e+02
6.440227506820765484e+02,4.539155299999999897e+02
6.441158163477930430e+02,4.539155299999999897e+02
6.442024702426080012e+02,4.539155299999999897e+02
6.442986907274105306e+02,4.539155299999999897e+02
6.443885687381582557e+02,4.539155299999999897e+02
6.444815651070277909e+02,4.539155299999999897e+02
6.445623184370258514e+02,4.539155299999999897e+02
6.446644394866451648e+02,4.539155299999999897e+02
6.447543867942401903e+02,4.539155299999999897e+02
6.448473138662625388e+02,4.539155299999999897e+02
6.449343836997725248e+02,4.539155299999999897e+02
6.450301882458797991e+02,4.539155299999999897e+02
6.451202048503220112e+02,4.539155299999999897e+02
6.452130626254972867e+02,4.539155299999999897e+02
6.452836554711245753e+02,4.539155299999999897e+02
6.453959370051145470e+02,4.539155299999999897e+02
6.454860229064038322e+02,4.539155299999999897e+02
6.455788113847319210e+02,4.539155299999999897e+02
6.456662971569370484e+02,4.539155299999999897e+02
6.457616857643492949e+02,4.539155299999999897e+02
6.458518409624857668e+02,4.539155299999999897e+02
6.459445601439665552e+02,4.539155299999999897e+02
6.460272559939301118e+02,4.539155299999999897e+02
6.461274345235840428e+02,4.539155299999999897e+02
6.462176590185675877e+02,4.539155299999999897e+02
6.463103089032013031e+02,4.539155299999999897e+02
6.463982106141015720e+02,4.539155299999999897e+02
6.464931832828186771e+02,4.539155299999999897e+02
6.465834770746494087e+02,4.539155299999999897e+02
6.466760576624360510e+02,4.539155299999999897e+02
6.467329271341463937e+02,4.539155299999999897e+02
6.468589320420533113e+02,4.539155299999999897e+02
6.469492951307313433e+02,4.539155299999999897e+02
6.470418064216707990e+02,4.539155299999999897e+02
6.471301240712659819e+02,4.539155299999999897e+02
6.472246808012880592e+02,4.539155299999999897e+02
6.473151131868130506e+02,4.539155299999999897e+02
6.474075551809054332e+02,4.539155299999999897e+02
6.474921935508345996e+02,4.539155299999999897e+02
6.475904295605228072e+02,4.539155299999999897e+02
6.476809312428949852e+02,4.539155299999999897e+02
6.477733039401400674e+02,4.539155299999999897e+02
6.478620375284306192e+02,4.539155299999999897e+02
6.479561783197575551e+02,4.539155299999999897e+02
6.480467492989768061e+02,4.539155299999999897e+02
6.481390526993748153e+02,4.539155299999999897e+02
6.482179832826747088e+02,4.539155299999999897e+02
6.483219270789921893e+02,4.539155299999999897e+02
6.484125673550586271e+02,4.539155299999999897e+02
6.485048014586095633e+02,4.539155299999999897e+02
6.485939509855950291e+02,4.539155299999999897e+02
6.486876758382268235e+02,4.539155299999999897e+02
6.487783854111405617e+02,4.539155299999999897e+02
6.488705502178443112e+02,4.539155299999999897e+02
6.489571311077389737e+02,4.539155299999999897e+02
6.490534245974615715e+02,4.539155299999999897e+02
6.491442034672223826e+02,4.539155299999999897e+02
6.492362989770789454e+02,4.539155299999999897e+02
6.493258644427596664e+02,4.539155299999999897e+02
6.494191733566963194e+02,4.539155299999999897e+02
6.495100215233042036e+02,4.539155299999999897e+02
6.496020477363135797e+02,4.539155299999999897e+02
7.593700000000000045e+02,4.784490999999999872e+02
6.497849221159310673e+02,3.925969200000000114e+02
6.498758395793861382e+02,3.925969200000000114e+02
6.499677964955483276e+02,3.925969200000000114e+02
6.500577778999240763e+02,3.925969200000000114e+02
6.501506708751657015e+02,3.925969200000000114e+02
6.502416576354678455e+02,3.925969200000000114e+02
6.503335452547830755e+02,3.925969200000000114e+02
6.504220686646433478e+02,3.925969200000000114e+02
6.505164196344003358e+02,3.925969200000000114e+02
6.506074756915497801e+02,3.925969200000000114e+02
6.506992940140178234e+02,3.925969200000000114e+02
6.507896913570887136e+02,3.925969200000000114e+02
6.508821683936350837e+02,3.925969200000000114e+02
6.509732937476316010e+02,3.925969200000000114e+02
6.510650427732524577e+02,3.925969200000000114e+02
6.511523110942248422e+02,3.925969200000000114e+02
6.512479171528698316e+02,3.925969200000000114e+02
6.513391118037134220e+02,3.925969200000000114e+02
6.514307915324870919e+02,3.925969200000000114e+02
6.515216048142531235e+02,3.925969200000000114e+02
6.516136659121045795e+02,3.925969200000000114e+02
6.517049298597953566e+02,3.925969200000000114e+02
6.517965402917218398e+02,3.925969200000000114e+02
6.518870062215478356e+02,3.925969200000000114e+02
6.519794146713392138e+02,3.925969200000000114e+02
6.520707479158771775e+02,3.925969200000000114e+02
6.521622890509565877e+02,3.925969200000000114e+02
6.522535182714177608e+02,3.925969200000000114e+02
6.523451634305739617e+02,3.925969200000000114e+02
6.524365659719589985e+02,3.925969200000000114e+02
6.525280378101913357e+02,3.925969200000000114e+02
6.526194749999999658e+02,3.925969200000000114e+02
6.527109121898085959e+02,3.925969200000000114e+02
6.528023840280409331e+02,3.925969200000000114e+02
6.528937865694259699e+02,3.925969200000000114e+02
6.529854317285821708e+02,3.925969200000000114e+02
6.530766609490433439e+02,3.925969200000000114e+02
6.531682020841226404e+02,3.925969200000000114e+02
6.532595353286607178e+02,3.925969200000000114e+02
6.533519437784520960e+02,3.925969200000000114e+02
6.534424097082780918e+02,3.925969200000000114e+02
6.535340201402045750e+02,3.925969200000000114e+02
6.536252840878953521e+02,3.925969200000000114e+02
6.537173451857468081e+02,3.925969200000000114e+02
6.538081584675127260e+02,3.925969200000000114e+02
6.538998381962863959e+02,3.925969200000000114e+02
6.539910328471301000e+02,3.925969200000000114e+02
6.540866389057750894e+02,3.925969200000000114e+02
6.541739072267474739e+02,3.925969200000000114e+02
6.542656562523682169e+02,3.925969200000000114e+02
6.543567816063648479e+02,3.925969200000000114e+02
6.544492586429112180e+02,3.925969200000000114e+02
6.545396559859821082e+02,3.925969200000000114e+02
6.546314743084501515e+02,3.925969200000000114e+02
6.547225303655994821e+02,3.925969200000000114e+02
6.548168813353565838e+02,3.925969200000000114e+02
6.549054047452168561e+02,3.925969200000000114e+02
6.549972923645319725e+02,3.925969200000000114e+02
6.550882791248342301e+02,3.925969200000000114e+02
6.551811721000757416e+02,3.925969200000000114e+02
6.552711535044516040e+02,3.925969200000000114e+02
6.553631104206137934e+02,3.925969200000000114e+02
6.554540278840688643e+02,3.925969200000000114e+02
7.737560999999999467e+02,4.647357200000000148e+02
6.556369022636862383e+02,4.262387699999999882e+02
6.557289284766957280e+02,4.262387699999999882e+02
6.558197766433036122e+02,4.262387699999999882e+02
6.559130855572402652e+02,4.262387699999999882e+02
6.560026510229209862e+02,4.262387699999999882e+02
6.560947465327774353e+02,4.262387699999999882e+02
6.561855254025383601e+02,4.262387699999999882e+02
6.562818188922609579e+02,4.262387699999999882e+02
6.563683997821556204e+02,4.262387699999999882e+02
6.564605645888593699e+02,4.262387699999999882e+02
6.565512741617731081e+02,4.262387699999999882e+02
6.566449990144047888e+02,3.592972399999999880e+02
6.567341485413903683e+02,3.592972399999999880e+02
6.568263826449411908e+02,3.592972399999999880e+02
6.569170229210077423e+02,3.592972399999999880e+02
6.570209667173251091e+02,3.592972399999999880e+02
6.570998973006251163e+02,3.592972399999999880e+02
6.571922007010230118e+02,3.592972399999999880e+02
6.572827716802423765e+02,3.592972399999999880e+02
6.573769124715693124e+02,3.592972399999999880e+02
6.574656460598598642e+02,3.592972399999999880e+02
6.575580187571049464e+02,3.592972399999999880e+02
6.576485204394771245e+02,3.592972399999999880e+02
6.577467564491653320e+02,3.592972399999999880e+02
6.578313948190944984e+02,3.592972399999999880e+02
6.579238368131867674e+02,3.592972399999999880e+02
6.580142691987118724e+02,3.592972399999999880e+02
6.581088259287338360e+02,3.592972399999999880e+02
6.581971435783291327e+02,3.592972399999999880e+02
6.582896548692685883e+02,3.592972399999999880e+02
6.583800179579466203e+02,3.592972399999999880e+02
6.585060228658536516e+02,4.272634300000000280e+02
6.585628923375638806e+02,4.272634300000000280e+02
6.586554729253505229e+02,4.272634300000000280e+02
6.587457667171812545e+02,4.272634300000000280e+02
6.588407393858983596e+02,4.272634300000000280e+02
6.589286410967986285e+02,4.272634300000000280e+02
6.590212909814322302e+02,4.272634300000000280e+02
6.591115154764158888e+02,4.272634300000000280e+02
6.592116940060698198e+02,4.272634300000000280e+02
6.592943898560333764e+02,4.272634300000000280e+02
6.593871090375141648e+02,4.272634300000000280e+02
6.594772642356506367e+02,4.272634300000000280e+02
6.595726528430628832e+02,4.272634300000000280e+02
6.596601386152680107e+02,4.272634300000000280e+02
6.597529270935959858e+02,4.272634300000000280e+02
6.598430129948853846e+02,4.272634300000000280e+02
6.599552945288753563e+02,4.272634300000000280e+02
6.600258873745026449e+02,4.272634300000000280e+02
6.601187451496778067e+02,4.272634300000000280e+02
6.602087617541201325e+02,4.272634300000000280e+02
6.603045663002274068e+02,4.272634300000000280e+02
6.603916361337373928e+02,4.272634300000000280e+02
6.604845632057597413e+02,4.272634300000000280e+02
6.605745105133547668e+02,4.272634300000000280e+02
6.606766315629741939e+02,4.272634300000000280e+02
6.607573848929721407e+02,4.272634300000000280e+02
6.608503812618415623e+02,4.272634300000000280e+02
6.609402592725894010e+02,4.272634300000000280e+02
6.610364797573919304e+02,4.272634300000000280e+02
6.611231336522068887e+02,4.272634300000000280e+02
6.612161993179233832e+02,4.272634300000000280e+02
6.613060080318241489e+02,4.272634300000000280e+02
7.855359499999999571e+02,4.471242700000000241e+02
6.614888824114415229e+02,4.518763400000000274e+02
6.615820173740053178e+02,4.518763400000000274e+02
6.616717567910588969e+02,4.518763400000000274e+02
6.617683932145564540e+02,4.518763400000000274e+02
6.618546311706761571e+02,4.518763400000000274e+02
6.619478354300870251e+02,4.518763400000000274e+02
6.620375055502936448e+02,4.518763400000000274e+02
6.621415691198785680e+02,4.518763400000000274e+02
6.622203799299109050e+02,4.518763400000000274e+02
6.623136534861689597e+02,4.518763400000000274e+02
6.624032543095282790e+02,4.518763400000000274e+02
6.625003066717209776e+02,4.518763400000000274e+02
6.625861286891456530e+02,4.518763400000000274e+02
6.626794715422507807e+02,4.518763400000000274e+02
6.627690030687629132e+02,4.518763400000000274e+02
6.628896223404254897e+02,4.518763400000000274e+02
6.629518774483804009e+02,4.518763400000000274e+02
6.630452895983326016e+02,4.518763400000000274e+02
6.631347518279976612e+02,4.518763400000000274e+02
6.632322201288855013e+02,4.518763400000000274e+02
6.633176262076150351e+02,4.518763400000000274e+02
6.634111076544145362e+02,4.518763400000000274e+02
6.635005005872324091e+02,4.518763400000000274e+02
6.636065066767830558e+02,4.518763400000000274e+02
6.636833749668496694e+02,4.518763400000000274e+02
6.637769257104963572e+02,4.518763400000000274e+02
6.638662493464671570e+02,4.518763400000000274e+02
6.639641335860499112e+02,4.518763400000000274e+02
6.640491237260844173e+02,4.518763400000000274e+02
6.641427437665781781e+02,4.518763400000000274e+02
6.642319981057017912e+02,4.518763400000000274e+02
6.643925707317073375e+02,4.518763400000000274e+02
6.644148724853191652e+02,4.518763400000000274e+02
6.645085618226601127e+02,4.518763400000000274e+02
6.645977468649364255e+02,4.518763400000000274e+02
6.646960470432145485e+02,4.518763400000000274e+02
6.647806212445539131e+02,4.518763400000000274e+02
6.648743798787418200e+02,4.518763400000000274e+02
6.649634956241711734e+02,4.518763400000000274e+02
6.650714442336873162e+02,4.518763400000000274e+02
6.651463700037885474e+02,4.518763400000000274e+02
6.652401979348237546e+02,4.518763400000000274e+02
6.653292443834059213e+02,4.518763400000000274e+02
6.654279605003789584e+02,4.518763400000000274e+02
6.655121187630231816e+02,4.518763400000000274e+02
6.656060159909055756e+02,4.518763400000000274e+02
6.656949931426406692e+02,4.518763400000000274e+02
6.658239501519756232e+02,3.220251499999999965e+02
6.658778675222579295e+02,3.220251499999999965e+02
6.659718340469873965e+02,3.220251499999999965e+02
6.660607419018753035e+02,3.220251499999999965e+02
6.661598739575435957e+02,3.220251499999999965e+02
6.662436162814926774e+02,3.220251499999999965e+02
6.663376521030693311e+02,3.220251499999999965e+02
6.664264906611099377e+02,3.220251499999999965e+02
6.665363817905918040e+02,3.220251499999999965e+02
6.666093650407274254e+02,3.220251499999999965e+02
6.667034701591511521e+02,3.220251499999999965e+02
6.667922394203446856e+02,3.220251499999999965e+02
6.668917874147080056e+02,3.220251499999999965e+02
6.669751137999620596e+02,3.220251499999999965e+02
6.670692882152329730e+02,3.220251499999999965e+02
6.671579881795794336e+02,3.220251499999999965e+02
7.954139000000000124e+02,4.277537800000000061e+02
6.673408625591968075e+02,4.682990699999999720e+02
6.674351062713149076e+02,4.682990699999999720e+02
6.675237369388141815e+02,4.682990699999999720e+02
6.676237008718726429e+02,4.682990699999999720e+02
6.677066113184314418e+02,4.682990699999999720e+02
6.678009243273966149e+02,4.682990699999999720e+02
6.678894856980488157e+02,4.682990699999999720e+02
6.680013193474961781e+02,4.682990699999999720e+02
6.680723600776661897e+02,4.682990699999999720e+02
6.681667423834785495e+02,4.682990699999999720e+02
6.682552344572835636e+02,4.682990699999999720e+02
6.683556143290370528e+02,4.682990699999999720e+02
6.684381088369009376e+02,4.682990699999999720e+02
6.685325604395603705e+02,4.682990699999999720e+02
6.686209832165181979e+02,4.682990699999999720e+02
6.687582779635257566e+02,4.682990699999999720e+02
6.688038575961355718e+02,4.682990699999999720e+02
6.688983784956421914e+02,4.682990699999999720e+02
6.689867319757529458e+02,4.682990699999999720e+02
6.690875277862016901e+02,4.682990699999999720e+02
6.691696063553703198e+02,4.682990699999999720e+02
6.692641965517241260e+02,4.682990699999999720e+02
6.693524807349876937e+02,4.682990699999999720e+02
6.694662569044005522e+02,4.682990699999999720e+02
6.695353551146049540e+02,4.682990699999999720e+02
6.696300146078059470e+02,4.682990699999999720e+02
6.697182294942223280e+02,4.682990699999999720e+02
6.698194412433661000e+02,4.682990699999999720e+02
6.699011038738397019e+02,4.682990699999999720e+02
6.699958326638877679e+02,4.682990699999999720e+02
6.700839782534570759e+02,4.682990699999999720e+02
6.702791185975609096e+02,4.682990699999999720e+02
6.702668526330744498e+02,4.682990699999999720e+02
6.703616507199697025e+02,4.682990699999999720e+02
6.704497270126917101e+02,4.682990699999999720e+02
6.705513547005307373e+02,4.682990699999999720e+02
6.706326013923090841e+02,4.682990699999999720e+02
6.707274687760514098e+02,4.682990699999999720e+02
6.708154757719264580e+02,4.682990699999999720e+02
6.709311944613050400e+02,4.682990699999999720e+02
6.709983501515438320e+02,4.682990699999999720e+02
6.710932868321333444e+02,4.682990699999999720e+02
6.711812245311612060e+02,4.682990699999999720e+02
6.712832681576951472e+02,4.682990699999999720e+02
6.713640989107784662e+02,4.682990699999999720e+02
6.714591048882151654e+02,4.682990699999999720e+02
6.715469732903959539e+02,4.682990699999999720e+02
6.716926057750758901e+02,4.682990699999999720e+02
6.717298476700132142e+02,4.682990699999999720e+02
6.718249229442969863e+02,4.682990699999999720e+02
6.719127220496305881e+02,4.682990699999999720e+02
6.720151816148596708e+02,4.682990699999999720e+02
6.720955964292479621e+02,4.682990699999999720e+02
6.721907410003789209e+02,4.682990699999999720e+02
6.722784708088652224e+02,4.682990699999999720e+02
6.723961320182093004e+02,4.682990699999999720e+02
6.724613451884827100e+02,4.682990699999999720e+02
6.725565590564607419e+02,4.682990699999999720e+02
6.726442195680999703e+02,4.682990699999999720e+02
6.727470950720241945e+02,4.682990699999999720e+02
6.728270939477173442e+02,4.682990699999999720e+02
6.729223771125425628e+02,4.682990699999999720e+02
6.730099683273347182e+02,4.682990699999999720e+02
8.216191000000000031e+02,3.878613300000000095e+02
6.731928427069519785e+02,3.892722200000000043e+02
6.732881951686244975e+02,3.892722200000000043e+02
6.733757170865694661e+02,3.892722200000000043e+02
6.734790085291887181e+02,3.892722200000000043e+02
6.735585914661867264e+02,3.892722200000000043e+02
6.736540132247062047e+02,3.892722200000000043e+02
6.737414658458041004e+02,3.892722200000000043e+02
6.738610695751137882e+02,3.892722200000000043e+02
6.739243402254214743e+02,3.892722200000000043e+02
6.740198312807881393e+02,3.892722200000000043e+02
6.741072146050387346e+02,3.892722200000000043e+02
6.742109219863532417e+02,3.892722200000000043e+02
6.742900889846562222e+02,3.892722200000000043e+02
6.743856493368699603e+02,3.892722200000000043e+02
6.744729633642734825e+02,3.892722200000000043e+02
6.746269335866261372e+02,3.892722200000000043e+02
6.746558377438908565e+02,3.892722200000000043e+02
6.747514673929517812e+02,3.892722200000000043e+02
6.748387121235082304e+02,3.892722200000000043e+02
6.749428354435177653e+02,3.892722200000000043e+02
6.750215865031254907e+02,3.892722200000000043e+02
6.751172854490337158e+02,3.892722200000000043e+02
6.752044608827429784e+02,3.892722200000000043e+02
6.753260071320181623e+02,3.892722200000000043e+02
6.753873352623602386e+02,3.892722200000000043e+02
6.754831035051155368e+02,3.892722200000000043e+02
6.755702096419776126e+02,3.892722200000000043e+02
6.756747489006822889e+02,3.892722200000000043e+02
6.757530840215949866e+02,3.892722200000000043e+02
6.758489215611973577e+02,3.892722200000000043e+02
6.759359584012122468e+02,3.892722200000000043e+02
6.761656664634145955e+02,3.892722200000000043e+02
6.761188327808297345e+02,3.892722200000000043e+02
6.762147396172792924e+02,3.892722200000000043e+02
6.763017071604469947e+02,3.892722200000000043e+02
6.764066623578468125e+02,3.892722200000000043e+02
6.764845815400643687e+02,3.892722200000000043e+02
6.765805576733609996e+02,3.892722200000000043e+02
6.766674559196817427e+02,3.892722200000000043e+02
6.767909446889225364e+02,3.892722200000000043e+02
6.768503302992990029e+02,3.892722200000000043e+02
6.769463757294429342e+02,3.892722200000000043e+02
6.770332046789164906e+02,3.892722200000000043e+02
6.771385758150113361e+02,3.892722200000000043e+02
6.772160790585337509e+02,3.892722200000000043e+02
6.773121937855247552e+02,3.892722200000000043e+02
6.773989534381511248e+02,3.892722200000000043e+02
6.775612613981761569e+02,3.892722200000000043e+02
6.775818278177684988e+02,3.892722200000000043e+02
6.776780118416065761e+02,3.892722200000000043e+02
6.777647021973857591e+02,3.892722200000000043e+02
6.778704892721758597e+02,3.892722200000000043e+02
6.779475765770032467e+02,3.892722200000000043e+02
6.780438298976885108e+02,3.892722200000000043e+02
6.781304509566205070e+02,3.892722200000000043e+02
6.782558822458270242e+02,3.892722200000000043e+02
6.783133253362378809e+02,3.892722200000000043e+02
6.784096479537703317e+02,3.892722200000000043e+02
6.784961997158552549e+02,3.892722200000000043e+02
6.786024027293403833e+02,3.892722200000000043e+02
6.786790740954725152e+02,3.892722200000000043e+02
6.787754660098521526e+02,3.892722200000000043e+02
6.788619484750900028e+02,3.892722200000000043e+02
8.314000999999999522e+02,3.648934300000000235e+02
6.790448228547072631e+02,2.788570599999999899e+02
6.791412840659340873e+02,2.788570599999999899e+02
6.792276972343246371e+02,2.788570599999999899e+02
6.793343161865047932e+02,2.788570599999999899e+02
6.794105716139420110e+02,2.788570599999999899e+02
6.795071021220157945e+02,2.788570599999999899e+02
6.795934459935592713e+02,2.788570599999999899e+02
6.797208198027313983e+02,2.788570599999999899e+02
6.797763203731767589e+02,2.788570599999999899e+02
6.798729201780977291e+02,2.788570599999999899e+02
6.799591947527940192e+02,2.788570599999999899e+02
6.800662296436694305e+02,2.788570599999999899e+02
6.801420691324113932e+02,2.788570599999999899e+02
6.802387382341795501e+02,2.788570599999999899e+02
6.803249435120287671e+02,2.788570599999999899e+02
6.804955892097264041e+02,2.788570599999999899e+02
6.805078178916460274e+02,2.788570599999999899e+02
6.806045562902613710e+02,2.788570599999999899e+02
6.806906922712635151e+02,2.788570599999999899e+02
6.807981431008338404e+02,2.788570599999999899e+02
6.808735666508807753e+02,2.788570599999999899e+02
6.809703743463433057e+02,2.788570599999999899e+02
6.810564410304981493e+02,2.788570599999999899e+02
6.811857573596357724e+02,2.788570599999999899e+02
6.812393154101155233e+02,2.788570599999999899e+02
6.813361924024251266e+02,2.788570599999999899e+02
6.814221897897327835e+02,2.788570599999999899e+02
6.815300565579984777e+02,2.788570599999999899e+02
6.816050641693502712e+02,2.788570599999999899e+02
6.817020104585069475e+02,2.788570599999999899e+02
6.817879385489675315e+02,2.788570599999999899e+02
6.820522143292682813e+02,2.788570599999999899e+02
6.819708129285849054e+02,2.788570599999999899e+02
6.820678285145887685e+02,2.788570599999999899e+02
6.821536873082022794e+02,2.788570599999999899e+02
6.822619700151630013e+02,2.788570599999999899e+02
6.823365616878196533e+02,2.788570599999999899e+02
6.824336465706707031e+02,2.788570599999999899e+02
6.825194360674370273e+02,2.788570599999999899e+02
6.826506949165401466e+02,2.788570599999999899e+02
6.827023104470542876e+02,2.788570599999999899e+02
6.827994646267525241e+02,2.788570599999999899e+02
6.828851848266716615e+02,2.788570599999999899e+02
6.829938834723275249e+02,2.788570599999999899e+02
6.830680592062890355e+02,2.788570599999999899e+02
6.831652826828343450e+02,2.788570599999999899e+02
6.832509335859064095e+02,2.788570599999999899e+02
6.834299170212765375e+02,2.788570599999999899e+02
6.834338079655237834e+02,2.788570599999999899e+02
6.835311007389161659e+02,2.788570599999999899e+02
6.836166823451410437e+02,2.788570599999999899e+02
6.837257969294919349e+02,2.788570599999999899e+02
6.837995567247584177e+02,2.788570599999999899e+02
6.838969187949981006e+02,2.788570599999999899e+02
6.839824311043757916e+02,2.788570599999999899e+02
6.841156324734446343e+02,2.788570599999999899e+02
6.841653054839931656e+02,2.788570599999999899e+02
6.842627368510799215e+02,2.788570599999999899e+02
6.843481798636105395e+02,2.788570599999999899e+02
6.844577103866564585e+02,2.788570599999999899e+02
6.845310542432277998e+02,2.788570599999999899e+02
6.846285549071617424e+02,2.788570599999999899e+02
6.847139286228451738e+02,2.788570599999999899e+02
8.339854000000000269e+02,3.571994599999999878e+02
6.848968030024625477e+02,2.788570599999999899e+02
6.849943729632435634e+02,2.788570599999999899e+02
6.850796773820799217e+02,2.788570599999999899e+02
6.851896238438209821e+02,2.788570599999999899e+02
6.852625517616972957e+02,2.788570599999999899e+02
6.853601910193253843e+02,2.788570599999999899e+02
6.854454261413145559e+02,2.788570599999999899e+02
6.855805700303490084e+02,2.788570599999999899e+02
6.856283005209319299e+02,2.788570599999999899e+02
6.857260090754073190e+02,2.788570599999999899e+02
6.858111749005493039e+02,2.788570599999999899e+02
6.859215373009855057e+02,2.788570599999999899e+02
6.859940492801666778e+02,2.788570599999999899e+02
6.860918271314891399e+02,2.788570599999999899e+02
6.861769236597840518e+02,2.788570599999999899e+02
6.863642448328266710e+02,2.788570599999999899e+02
6.863597980394013121e+02,2.788570599999999899e+02
6.864576451875709608e+02,2.788570599999999899e+02
6.865426724190186860e+02,2.788570599999999899e+02
6.866534507581500293e+02,2.788570599999999899e+02
6.867255467986360600e+02,2.788570599999999899e+02
6.868234632436527818e+02,2.788570599999999899e+02
6.869084211782534339e+02,2.788570599999999899e+02
6.870455075872533826e+02,2.788570599999999899e+02
6.870912955578708079e+02,2.788570599999999899e+02
6.871892812997347164e+02,2.788570599999999899e+02
6.872741699374880682e+02,2.788570599999999899e+02
6.873853642153145529e+02,2.788570599999999899e+02
6.874570443171054421e+02,2.788570599999999899e+02
6.875550993558165374e+02,2.788570599999999899e+02
6.876399186967228161e+02,2.788570599999999899e+02
6.879387621951219671e+02,4.843922000000000025e+02
6.878227930763401901e+02,4.843922000000000025e+02
6.879209174118983583e+02,4.843922000000000025e+02
6.880056674559575640e+02,4.843922000000000025e+02
6.881172776724790765e+02,4.843922000000000025e+02
6.881885418355748243e+02,4.843922000000000025e+02
6.882867354679801792e+02,3.548795200000000136e+02
6.883714162151921983e+02,3.548795200000000136e+02
6.885104451441577567e+02,3.548795200000000136e+02
6.885542905948095722e+02,3.548795200000000136e+02
6.886525535240621139e+02,3.548795200000000136e+02
6.887371649744269462e+02,3.548795200000000136e+02
6.888491911296436001e+02,3.548795200000000136e+02
6.889200393540443201e+02,3.548795200000000136e+02
6.890183715801439348e+02,3.548795200000000136e+02
6.891029137336616941e+02,3.548795200000000136e+02
6.892985726443768044e+02,3.548795200000000136e+02
6.892857881132789544e+02,3.548795200000000136e+02
6.893841896362257557e+02,3.548795200000000136e+02
6.894686624928963283e+02,3.548795200000000136e+02
6.895811045868081237e+02,3.548795200000000136e+02
6.896515368725137023e+02,3.548795200000000136e+02
6.897500076923075767e+02,3.548795200000000136e+02
6.898344112521310763e+02,3.548795200000000136e+02
6.899753827010622445e+02,3.548795200000000136e+02
6.900172856317484502e+02,3.548795200000000136e+02
6.901158257483895113e+02,3.548795200000000136e+02
6.902001600113657105e+02,3.548795200000000136e+02
6.903130180439726473e+02,3.548795200000000136e+02
6.903830343909830844e+02,3.548795200000000136e+02
6.904816438044713323e+02,3.548795200000000136e+02
6.905659087706004584e+02,3.548795200000000136e+02
8.337065000000000055e+02,3.557990699999999720e+02
6.907487831502178324e+02,2.706837199999999939e+02
6.908474618605531532e+02,2.706837199999999939e+02
6.909316575298352063e+02,2.706837199999999939e+02
6.910449315011371709e+02,2.706837199999999939e+02
6.911145319094524666e+02,2.706837199999999939e+02
6.912132799166349741e+02,2.706837199999999939e+02
6.912974062890698406e+02,2.706837199999999939e+02
6.914403202579666186e+02,2.706837199999999939e+02
6.914802806686872145e+02,2.706837199999999939e+02
6.915790979727169088e+02,2.706837199999999939e+02
6.916631550483045885e+02,2.706837199999999939e+02
6.917768449583016945e+02,2.706837199999999939e+02
6.918460294279219625e+02,2.706837199999999939e+02
6.919449160287987297e+02,2.706837199999999939e+02
6.920289038075392227e+02,2.706837199999999939e+02
6.922329004559270516e+02,2.706837199999999939e+02
6.922117781871565967e+02,2.706837199999999939e+02
6.923107340848805507e+02,2.706837199999999939e+02
6.923946525667739706e+02,2.706837199999999939e+02
6.925087584154662181e+02,2.706837199999999939e+02
6.925775269463913446e+02,2.706837199999999939e+02
6.926765521409623716e+02,2.706837199999999939e+02
6.927604013260087186e+02,2.706837199999999939e+02
6.929052578148709927e+02,2.706837199999999939e+02
6.929432757056259788e+02,2.706837199999999939e+02
6.930423701970443062e+02,2.706837199999999939e+02
6.931261500852433528e+02,2.706837199999999939e+02
6.932406718726307417e+02,2.706837199999999939e+02
6.933090244648607268e+02,2.706837199999999939e+02
6.934081882531261272e+02,2.706837199999999939e+02
6.934918988444781007e+02,2.706837199999999939e+02
6.938253100609755393e+02,2.683471700000000055e+02
6.936747732240954747e+02,2.683471700000000055e+02
6.937740063092079481e+02,2.683471700000000055e+02
6.938576476037127350e+02,2.683471700000000055e+02
6.939725853297952654e+02,2.683471700000000055e+02
6.940405219833301089e+02,2.683471700000000055e+02
6.941398243652897690e+02,2.683471700000000055e+02
6.942233963629474829e+02,2.683471700000000055e+02
6.943701953717753668e+02,2.683471700000000055e+02
6.944062707425648568e+02,2.683471700000000055e+02
6.945056424213717037e+02,2.683471700000000055e+02
6.945891451221822308e+02,2.683471700000000055e+02
6.947044987869597890e+02,2.683471700000000055e+02
6.947720195017994911e+02,2.683471700000000055e+02
6.948714604774535246e+02,2.683471700000000055e+02
6.949548938814168650e+02,2.683471700000000055e+02
6.951672282674771850e+02,2.683471700000000055e+02
6.951377682610342390e+02,2.683471700000000055e+02
6.952372785335353456e+02,2.683471700000000055e+02
6.953206426406516130e+02,2.683471700000000055e+02
6.954364122441243126e+02,2.683471700000000055e+02
6.955035170202689869e+02,2.683471700000000055e+02
6.956030965896171665e+02,2.683471700000000055e+02
6.956863913998862472e+02,2.683471700000000055e+02
6.958351329286797409e+02,3.235954600000000028e+02
6.958692657795036212e+02,3.235954600000000028e+02
6.959689146456991011e+02,3.235954600000000028e+02
6.960521401591209951e+02,3.235954600000000028e+02
6.961683257012888362e+02,3.235954600000000028e+02
6.962350145387383691e+02,3.235954600000000028e+02
6.963347327017809221e+02,3.235954600000000028e+02
6.964178889183557430e+02,3.235954600000000028e+02
8.323437999999999874e+02,3.589717999999999734e+02
6.966007632979731170e+02,2.706396500000000174e+02
6.967005507578627430e+02,2.706396500000000174e+02
6.967836376775903773e+02,2.706396500000000174e+02
6.969002391584533598e+02,2.706396500000000174e+02
6.969665120572077512e+02,2.706396500000000174e+02
6.970663688139445640e+02,2.706396500000000174e+02
6.971493864368251252e+02,2.706396500000000174e+02
6.973000704855842287e+02,2.706396500000000174e+02
6.973322608164424992e+02,2.706396500000000174e+02
6.974321868700264986e+02,2.706396500000000174e+02
6.975151351960598731e+02,2.706396500000000174e+02
6.976321526156178834e+02,2.706396500000000174e+02
6.976980095756771334e+02,2.706396500000000174e+02
6.977980049261083195e+02,2.706396500000000174e+02
6.978808839552945074e+02,2.706396500000000174e+02
6.981015560790273184e+02,2.706396500000000174e+02
6.980637583349118813e+02,2.706396500000000174e+02
6.981638229821901405e+02,2.706396500000000174e+02
6.982466327145292553e+02,2.706396500000000174e+02
6.983640660727824070e+02,2.706396500000000174e+02
6.984295070941466292e+02,2.706396500000000174e+02
6.985296410382719614e+02,2.706396500000000174e+02
6.986123814737638895e+02,2.706396500000000174e+02
6.987650080424886028e+02,2.785529799999999909e+02
6.987952558533812635e+02,2.785529799999999909e+02
6.988954590943538960e+02,2.785529799999999909e+02
6.989781302329986374e+02,2.785529799999999909e+02
6.990959795299469306e+02,2.785529799999999909e+02
6.991610046126160114e+02,2.785529799999999909e+02
6.992612771504357170e+02,2.785529799999999909e+02
6.993438789922333854e+02,2.785529799999999909e+02
6.997118579268292251e+02,2.937830799999999840e+02
6.995267533718506456e+02,2.937830799999999840e+02
6.996270952065175379e+02,2.937830799999999840e+02
6.997096277514680196e+02,2.937830799999999840e+02
6.998278929871113405e+02,2.937830799999999840e+02
6.998925021310853936e+02,2.937830799999999840e+02
6.999929132625993589e+02,2.937830799999999840e+02
7.000753765107027675e+02,2.937830799999999840e+02
7.002299455993929769e+02,2.937830799999999840e+02
7.002582508903201415e+02,2.937830799999999840e+02
7.003587313186812935e+02,2.937830799999999840e+02
7.004411252699374018e+02,2.937830799999999840e+02
7.005598064442758641e+02,2.937830799999999840e+02
7.006239996495547757e+02,2.937830799999999840e+02
7.007245493747631144e+02,2.937830799999999840e+02
7.008068740291721497e+02,2.937830799999999840e+02
7.010358838905774519e+02,2.937830799999999840e+02
7.009897484087895236e+02,2.937830799999999840e+02
7.010903674308449354e+02,2.937830799999999840e+02
7.011726227884068976e+02,2.937830799999999840e+02
7.012917199014403877e+02,2.937830799999999840e+02
7.013554971680241579e+02,2.937830799999999840e+02
7.014561854869267563e+02,2.937830799999999840e+02
7.015383715476415318e+02,2.937830799999999840e+02
7.016948831562973510e+02,2.937830799999999840e+02
7.017212459272589058e+02,2.937830799999999840e+02
7.018220035430086909e+02,2.937830799999999840e+02
7.019041203068762798e+02,2.937830799999999840e+02
7.020236333586049113e+02,2.937830799999999840e+02
7.020869946864936537e+02,2.937830799999999840e+02
7.021878215990905119e+02,2.937830799999999840e+02
7.022698690661109140e+02,2.937830799999999840e+02
8.274391500000000406e+02,3.789123500000000035e+02
7.024527434457282880e+02,2.937830799999999840e+02
7.025536396551723328e+02,2.937830799999999840e+02
7.026356178253456619e+02,2.937830799999999840e+02
7.027555468157694349e+02,2.937830799999999840e+02
7.028184922049630359e+02,2.937830799999999840e+02
7.029194577112541538e+02,2.937830799999999840e+02
7.030013665845804098e+02,2.937830799999999840e+02
7.031598207132018388e+02,2.937830799999999840e+02
7.031842409641976701e+02,2.937830799999999840e+02
7.032852757673360884e+02,2.937830799999999840e+02
7.033671153438150441e+02,2.937830799999999840e+02
7.034874602729339585e+02,2.937830799999999840e+02
7.035499897234324180e+02,2.937830799999999840e+02
7.036510938234179093e+02,2.937830799999999840e+02
7.037328641030497920e+02,2.937830799999999840e+02
7.039702117021275853e+02,2.937830799999999840e+02
7.039157384826671660e+02,2.937830799999999840e+02
7.040169118794997303e+02,2.937830799999999840e+02
7.040986128622844262e+02,2.937830799999999840e+02
7.042193737300984822e+02,2.937830799999999840e+02
7.042814872419018002e+02,2.937830799999999840e+02
7.043827299355815512e+02,2.937830799999999840e+02
7.044643616215191742e+02,2.937830799999999840e+02
7.046247582701062129e+02,2.937830799999999840e+02
7.046472360011365481e+02,2.937830799999999840e+02
7.047485479916634858e+02,2.937830799999999840e+02
7.048301103807539221e+02,2.937830799999999840e+02
7.049512871872630058e+02,2.937830799999999840e+02
7.050129847603712960e+02,2.937830799999999840e+02
7.051143660477453068e+02,2.937830799999999840e+02
7.051958591399885563e+02,2.937830799999999840e+02
7.055984057926829109e+02,2.937830799999999840e+02
7.053787335196059303e+02,2.937830799999999840e+02
7.054801841038271277e+02,2.937830799999999840e+02
7.055616078992233042e+02,2.937830799999999840e+02
7.056832006444275294e+02,2.937830799999999840e+02
7.057444822788406782e+02,2.937830799999999840e+02
7.058460021599089487e+02,2.937830799999999840e+02
7.059273566584580522e+02,2.937830799999999840e+02
7.060896958270105870e+02,2.937830799999999840e+02
7.061102310380753124e+02,2.937830799999999840e+02
7.062118202159908833e+02,2.937830799999999840e+02
7.062931054176926864e+02,2.937830799999999840e+02
7.064151141015920530e+02,2.937830799999999840e+02
7.064759797973100603e+02,2.937830799999999840e+02
7.065776382720727042e+02,2.937830799999999840e+02
7.066588541769274343e+02,2.937830799999999840e+02
7.069045395136777188e+02,2.937830799999999840e+02
7.068417285565448083e+02,2.937830799999999840e+02
7.069434563281545252e+02,2.937830799999999840e+02
7.070246029361620685e+02,2.937830799999999840e+02
7.071470275587565766e+02,2.937830799999999840e+02
7.072074773157794425e+02,2.937830799999999840e+02
7.073092743842363461e+02,2.937830799999999840e+02
7.073903516953968165e+02,2.937830799999999840e+02
7.075546333839149611e+02,2.937830799999999840e+02
7.075732260750141904e+02,2.937830799999999840e+02
7.076750924403182808e+02,2.937830799999999840e+02
7.077561004546315644e+02,2.937830799999999840e+02
7.078789410159211002e+02,2.937830799999999840e+02
7.079389748342488247e+02,2.937830799999999840e+02
7.080409104964001017e+02,2.937830799999999840e+02
7.081218492138661986e+02,2.937830799999999840e+02
8.220213599999999587e+02,4.067365699999999720e+02
7.083047235934835726e+02,4.941297599999999761e+02
7.084067285524819226e+02,4.941297599999999761e+02
7.084875979731009465e+02,4.941297599999999761e+02
7.086108544730856238e+02,4.941297599999999761e+02
7.086704723527183205e+02,4.941297599999999761e+02
7.087725466085637436e+02,4.941297599999999761e+02
7.088533467323355808e+02,4.941297599999999761e+02
7.090195709408194489e+02,4.941297599999999761e+02
7.090362211119529547e+02,4.941297599999999761e+02
7.091383646646456782e+02,4.941297599999999761e+02
7.092190954915703287e+02,4.941297599999999761e+02
7.093427679302501474e+02,4.941297599999999761e+02
7.094019698711877027e+02,4.941297599999999761e+02
7.095041827207274991e+02,4.941297599999999761e+02
7.095848442508050766e+02,4.941297599999999761e+02
7.098388673252278522e+02,4.941297599999999761e+02
7.097677186304223369e+02,4.941297599999999761e+02
7.098700007768093201e+02,4.941297599999999761e+02
7.099505930100397109e+02,4.941297599999999761e+02
7.100746813874146710e+02,4.941297599999999761e+02
7.101334673896570848e+02,4.941297599999999761e+02
7.102358188328911410e+02,4.941297599999999761e+02
7.103163417692744588e+02,4.941297599999999761e+02
7.104845084977238230e+02,4.941297599999999761e+02
7.104992161488918327e+02,4.941297599999999761e+02
7.106016368889730757e+02,4.941297599999999761e+02
7.106820905285090930e+02,4.941297599999999761e+02
7.108065948445791946e+02,4.941297599999999761e+02
7.108649649081264670e+02,4.941297599999999761e+02
7.109674549450548966e+02,4.941297599999999761e+02
7.110478392877438409e+02,4.941297599999999761e+02
7.114849536585365968e+02,4.941297599999999761e+02
7.112307136673612149e+02,4.941297599999999761e+02
7.113332730011367175e+02,4.941297599999999761e+02
7.114135880469785889e+02,4.941297599999999761e+02
7.115385083017437182e+02,4.941297599999999761e+02
7.115964624265958491e+02,4.941297599999999761e+02
7.116990910572185385e+02,4.941297599999999761e+02
7.117793368062132231e+02,4.941297599999999761e+02
7.119494460546281971e+02,4.941297599999999761e+02
7.119622111858305971e+02,4.941297599999999761e+02
7.120649091133004731e+02,4.941297599999999761e+02
7.121450855654479710e+02,4.941297599999999761e+02
7.122704217589082418e+02,4.941297599999999761e+02
7.123279599450653450e+02,4.941297599999999761e+02
7.124307271693822941e+02,4.941297599999999761e+02
7.125108343246827189e+02,4.941297599999999761e+02
7.127731951367780994e+02,4.941297599999999761e+02
7.126937087042999792e+02,4.941297599999999761e+02
7.127965452254641150e+02,4.941297599999999761e+02
7.128765830839173532e+02,4.941297599999999761e+02
7.130023352160727654e+02,4.941297599999999761e+02
7.130594574635347271e+02,4.941297599999999761e+02
7.131623632815459359e+02,4.941297599999999761e+02
7.132423318431521011e+02,4.941297599999999761e+02
7.134143836115325712e+02,4.941297599999999761e+02
7.134252062227694751e+02,4.941297599999999761e+02
7.135281813376278706e+02,4.941297599999999761e+02
7.136080806023867353e+02,4.941297599999999761e+02
7.137342486732372890e+02,4.941297599999999761e+02
7.137909549820041093e+02,4.941297599999999761e+02
7.138939993937096915e+02,4.941297599999999761e+02
7.139738293616214833e+02,4.941297599999999761e+02
8.208799000000000206e+02,4.320106200000000172e+02
7.141567037412388572e+02,4.941297599999999761e+02
7.142598174497915124e+02,4.941297599999999761e+02
7.143395781208562312e+02,4.941297599999999761e+02
7.144661621304018126e+02,4.941297599999999761e+02
7.145224525004734915e+02,4.941297599999999761e+02
7.146256355058733334e+02,4.941297599999999761e+02
7.147053268800908654e+02,4.941297599999999761e+02
7.148793211684369453e+02,4.941297599999999761e+02
7.148882012597082394e+02,4.941297599999999761e+02
7.149914535619552680e+02,4.941297599999999761e+02
7.150710756393256133e+02,4.941297599999999761e+02
7.151980755875663363e+02,4.941297599999999761e+02
7.152539500189429873e+02,4.941297599999999761e+02
7.153572716180370890e+02,4.941297599999999761e+02
7.154368243985602476e+02,4.941297599999999761e+02
7.157075229483282328e+02,4.941297599999999761e+02
7.156196987781776215e+02,4.941297599999999761e+02
7.157230896741189099e+02,4.941297599999999761e+02
7.158025731577949955e+02,4.941297599999999761e+02
7.159299890447307462e+02,4.941297599999999761e+02
7.159854475374123695e+02,4.941297599999999761e+02
7.160889077302007308e+02,4.941297599999999761e+02
7.161683219170297434e+02,4.941297599999999761e+02
7.163442587253414331e+02,4.941297599999999761e+02
7.163511962966470037e+02,4.941297599999999761e+02
7.164547257862826655e+02,4.941297599999999761e+02
7.165340706762643777e+02,4.941297599999999761e+02
7.166619025018952698e+02,4.941297599999999761e+02
7.167169450558817516e+02,4.941297599999999761e+02
7.168205438423644864e+02,4.941297599999999761e+02
7.168998194354991256e+02,4.941297599999999761e+02
7.173715015243901689e+02,4.941297599999999761e+02
7.170826938151164995e+02,4.941297599999999761e+02
7.171863618984463074e+02,4.941297599999999761e+02
7.172655681947337598e+02,4.941297599999999761e+02
7.173938159590597934e+02,4.941297599999999761e+02
7.174484425743511338e+02,4.941297599999999761e+02
7.175521799545281283e+02,4.941297599999999761e+02
7.176313169539685077e+02,4.941297599999999761e+02
7.178091962822458072e+02,4.941297599999999761e+02
7.178141913335858817e+02,4.941297599999999761e+02
7.179179980106100629e+02,4.941297599999999761e+02
7.179970657132032557e+02,4.941297599999999761e+02
7.181257294162243170e+02,4.941297599999999761e+02
7.181799400928205159e+02,4.941297599999999761e+02
7.182838160666918839e+02,4.941297599999999761e+02
7.183628144724378899e+02,4.941297599999999761e+02
7.186418507598783663e+02,4.941297599999999761e+02
7.185456888520552639e+02,4.941297599999999761e+02
7.186496341227737048e+02,4.941297599999999761e+02
7.187285632316726378e+02,4.941297599999999761e+02
7.188576428733888406e+02,4.941297599999999761e+02
7.189114376112900118e+02,4.941297599999999761e+02
7.190154521788555257e+02,4.941297599999999761e+02
7.190943119909072720e+02,4.941297599999999761e+02
7.192741338391501813e+02,4.941297599999999761e+02
7.192771863705246460e+02,4.941297599999999761e+02
7.193812702349374604e+02,4.941297599999999761e+02
7.194600607501420200e+02,4.941297599999999761e+02
7.195895563305533642e+02,4.941297599999999761e+02
7.196429351297593939e+02,4.941297599999999761e+02
7.197470882910192813e+02,4.941297599999999761e+02
7.198258095093767679e+02,4.941297599999999761e+02
8.248835000000000264e+02,4.494341999999999757e+02
7.200086838889940282e+02,4.941297599999999761e+02
7.201129063471011023e+02,4.941297599999999761e+02
7.201915582686114021e+02,4.941297599999999761e+02
7.203214697877178878e+02,4.941297599999999761e+02
7.203744326482287761e+02,4.941297599999999761e+02
7.204787244031829232e+02,4.941297599999999761e+02
7.205573070278461500e+02,4.941297599999999761e+02
7.207390713960545554e+02,4.941297599999999761e+02
7.207401814074635240e+02,4.941297599999999761e+02
7.208445424592648578e+02,4.941297599999999761e+02
7.209230557870808980e+02,4.941297599999999761e+02
7.210533832448824114e+02,4.941297599999999761e+02
7.211059301666981582e+02,4.941297599999999761e+02
7.212103605153466788e+02,4.941297599999999761e+02
7.212888045463155322e+02,4.941297599999999761e+02
7.215761785714284997e+02,4.941297599999999761e+02
7.214716789259329062e+02,4.941297599999999761e+02
7.215761785714284997e+02,4.941297599999999761e+02
7.216545533055502801e+02,4.941297599999999761e+02
7.217852967020469350e+02,4.941297599999999761e+02
7.218374276851676541e+02,4.941297599999999761e+02
7.219419966275103206e+02,4.941297599999999761e+02
7.220203020647849144e+02,4.941297599999999761e+02
7.222040089529590432e+02,4.941297599999999761e+02
7.222031764444022883e+02,4.941297599999999761e+02
7.223078146835922553e+02,4.941297599999999761e+02
7.223860508240196623e+02,4.941297599999999761e+02
7.225172101592114586e+02,4.941297599999999761e+02
7.225689252036370362e+02,4.941297599999999761e+02
7.226736327396740762e+02,4.941297599999999761e+02
7.227517995832544102e+02,4.941297599999999761e+02
7.232580493902438548e+02,4.941297599999999761e+02
7.229346739628716705e+02,4.941297599999999761e+02
7.230394507957558972e+02,4.941297599999999761e+02
7.231175483424890444e+02,4.941297599999999761e+02
7.232491236163759822e+02,4.941297599999999761e+02
7.233004227221064184e+02,4.941297599999999761e+02
7.234052688518377181e+02,4.941297599999999761e+02
7.234832971017237924e+02,4.941297599999999761e+02
7.236689465098634173e+02,4.941297599999999761e+02
7.236661714813411663e+02,4.941297599999999761e+02
7.237710869079196527e+02,4.941297599999999761e+02
7.238490458609584266e+02,4.941297599999999761e+02
7.239810370735405058e+02,4.941297599999999761e+02
7.240319202405758006e+02,4.941297599999999761e+02
7.241369049640014737e+02,4.941297599999999761e+02
7.242147946201931745e+02,4.941297599999999761e+02
7.245105063829786332e+02,4.941297599999999761e+02
7.243976689998105485e+02,4.941297599999999761e+02
7.245027230200832946e+02,4.941297599999999761e+02
7.245805433794279224e+02,4.941297599999999761e+02
7.247129505307050295e+02,4.941297599999999761e+02
7.247634177590451827e+02,4.941297599999999761e+02
7.248685410761651156e+02,4.941297599999999761e+02
7.249462921386625567e+02,4.941297599999999761e+02
7.251338840667677914e+02,4.941297599999999761e+02
7.251291665182799306e+02,4.941297599999999761e+02
7.252343591322470502e+02,4.941297599999999761e+02
7.253120408978973046e+02,4.941297599999999761e+02
7.254448639878695531e+02,4.941297599999999761e+02
7.254949152775146786e+02,4.941297599999999761e+02
7.256001771883288711e+02,4.941297599999999761e+02
7.256777896571319388e+02,4.941297599999999761e+02
8.316856999999999971e+02,4.645255000000000223e+02
7.258606640367493128e+02,4.897874800000000164e+02
7.259659952444106921e+02,4.897874800000000164e+02
7.260435384163666868e+02,4.897874800000000164e+02
7.261767774450340767e+02,4.897874800000000164e+02
7.262264127959840607e+02,4.897874800000000164e+02
7.263318133004925130e+02,4.897874800000000164e+02
7.264092871756014347e+02,4.897874800000000164e+02
7.265988216236721655e+02,4.897874800000000164e+02
7.265921615552186950e+02,4.897874800000000164e+02
7.266976313565744476e+02,4.897874800000000164e+02
7.267750359348360689e+02,4.897874800000000164e+02
7.269086909021986003e+02,4.897874800000000164e+02
7.269579103144534429e+02,4.897874800000000164e+02
7.270634494126562686e+02,4.897874800000000164e+02
7.271407846940708168e+02,4.897874800000000164e+02
7.274448341945287666e+02,4.897874800000000164e+02
7.273236590736881908e+02,4.897874800000000164e+02
7.274292674687380895e+02,4.897874800000000164e+02
7.275065334533054511e+02,4.897874800000000164e+02
7.276406043593631239e+02,4.897874800000000164e+02
7.276894078329228250e+02,4.897874800000000164e+02
7.277950855248199105e+02,4.897874800000000164e+02
7.278722822125401990e+02,4.897874800000000164e+02
7.280637591805766533e+02,4.897874800000000164e+02
7.280551565921575730e+02,4.897874800000000164e+02
7.281609035809018451e+02,4.897874800000000164e+02
7.282380309717749469e+02,4.897874800000000164e+02
7.283725178165276475e+02,4.897874800000000164e+02
7.284209053513923209e+02,4.897874800000000164e+02
7.285267216369836660e+02,4.897874800000000164e+02
7.286037797310095812e+02,4.897874800000000164e+02
7.291445972560975406e+02,4.897874800000000164e+02
7.287866541106269551e+02,4.897874800000000164e+02
7.288925396930654870e+02,4.897874800000000164e+02
7.289695284902443291e+02,4.897874800000000164e+02
7.291044312736921711e+02,4.897874800000000164e+02
7.291524028698617030e+02,4.897874800000000164e+02
7.292583577491473079e+02,4.897874800000000164e+02
7.293352772494790770e+02,4.897874800000000164e+02
7.295286967374810274e+02,4.897874800000000164e+02
7.295181516290963373e+02,4.897874800000000164e+02
7.296241758052292425e+02,4.897874800000000164e+02
7.297010260087137112e+02,4.897874800000000164e+02
7.298363447308566947e+02,4.897874800000000164e+02
7.298839003883310852e+02,4.897874800000000164e+02
7.299899938613110635e+02,4.897874800000000164e+02
7.300667747679484592e+02,4.897874800000000164e+02
7.303791620060790137e+02,4.897874800000000164e+02
7.302496491475658331e+02,4.897874800000000164e+02
7.303558119173928844e+02,4.897874800000000164e+02
7.304325235271830934e+02,4.897874800000000164e+02
7.305682581880212183e+02,4.897874800000000164e+02
7.306153979068004674e+02,4.897874800000000164e+02
7.307216299734747054e+02,4.897874800000000164e+02
7.307982722864178413e+02,4.897874800000000164e+02
7.309936342943854015e+02,4.897874800000000164e+02
7.309811466660352153e+02,4.897874800000000164e+02
7.310874480295566400e+02,4.897874800000000164e+02
7.311640210456525892e+02,4.897874800000000164e+02
7.313001716451857419e+02,4.897874800000000164e+02
7.313468954252698495e+02,4.897874800000000164e+02
7.314532660856384609e+02,4.897874800000000164e+02
7.315297698048872235e+02,4.897874800000000164e+02
8.426382399999999961e+02,4.772518299999999840e+02
7.317126441845045974e+02,4.897874800000000164e+02
7.318190841417202819e+02,4.897874800000000164e+02
7.318955185641219714e+02,4.897874800000000164e+02
7.320320851023502655e+02,4.897874800000000164e+02
7.320783929437393454e+02,4.897874800000000164e+02
7.321849021978021028e+02,4.897874800000000164e+02
7.322612673233566056e+02,4.897874800000000164e+02
7.324585718512897756e+02,4.897874800000000164e+02
7.324441417029739796e+02,4.897874800000000164e+02
7.325507202538839238e+02,4.897874800000000164e+02
7.326270160825913536e+02,4.897874800000000164e+02
7.327639985595146754e+02,4.897874800000000164e+02
7.328098904622087275e+02,4.897874800000000164e+02
7.329165383099658584e+02,4.897874800000000164e+02
7.329927648418261015e+02,4.897874800000000164e+02
7.333134898176291472e+02,4.897874800000000164e+02
7.331756392214433617e+02,4.897874800000000164e+02
7.332823563660476793e+02,4.897874800000000164e+02
7.333585136010607357e+02,4.897874800000000164e+02
7.334959120166791990e+02,4.897874800000000164e+02
7.335413879806781097e+02,4.897874800000000164e+02
7.336481744221295003e+02,4.897874800000000164e+02
7.337242623602954836e+02,4.897874800000000164e+02
7.339235094081941497e+02,4.897874800000000164e+02
7.339071367399128576e+02,4.897874800000000164e+02
7.340139924782113212e+02,4.897874800000000164e+02
7.340900111195301179e+02,4.897874800000000164e+02
7.342278254738437226e+02,4.897874800000000164e+02
7.342728854991474918e+02,4.897874800000000164e+02
7.343798105342932558e+02,4.897874800000000164e+02
7.344557598787648658e+02,4.897874800000000164e+02
7.350311451219512264e+02,4.897874800000000164e+02
7.346386342583822398e+02,4.897874800000000164e+02
7.347456285903750768e+02,4.897874800000000164e+02
7.348215086379996137e+02,4.897874800000000164e+02
7.349597389310082463e+02,4.897874800000000164e+02
7.350043830176168740e+02,4.897874800000000164e+02
7.351114466464568977e+02,4.897874800000000164e+02
7.351872573972342479e+02,4.897874800000000164e+02
7.353884469650986375e+02,4.897874800000000164e+02
7.353701317768516219e+02,4.897874800000000164e+02
7.354772647025387187e+02,4.897874800000000164e+02
7.355530061564689959e+02,4.897874800000000164e+02
7.356916523881727699e+02,4.897874800000000164e+02
7.357358805360863698e+02,4.897874800000000164e+02
7.358430827586206533e+02,4.897874800000000164e+02
7.359187549157037438e+02,4.897874800000000164e+02
7.362478176291792806e+02,4.897874800000000164e+02
7.361016292953210041e+02,4.897874800000000164e+02
7.362089008147024742e+02,4.897874800000000164e+02
7.362845036749383780e+02,4.897874800000000164e+02
7.364235658453372935e+02,4.897874800000000164e+02
7.364673780545557520e+02,4.897874800000000164e+02
7.365747188707842952e+02,4.897874800000000164e+02
7.366502524341731259e+02,4.897874800000000164e+02
7.368533845220030116e+02,4.897874800000000164e+02
7.368331268137904999e+02,4.897874800000000164e+02
7.369405369268661161e+02,4.897874800000000164e+02
7.370160011934077602e+02,4.897874800000000164e+02
7.371554793025018171e+02,4.897874800000000164e+02
7.371988755730251341e+02,4.897874800000000164e+02
7.373063549829480507e+02,4.897874800000000164e+02
7.373817499526425081e+02,4.897874800000000164e+02
8.575317999999999756e+02,4.893304400000000101e+02
7.375646243322598821e+02,4.897874800000000164e+02
7.376721730390298717e+02,4.897874800000000164e+02
7.377474987118772560e+02,4.897874800000000164e+02
7.378873927596663407e+02,4.897874800000000164e+02
7.379303730914945163e+02,4.897874800000000164e+02
7.380379910951116926e+02,4.897874800000000164e+02
7.381132474711118903e+02,4.897874800000000164e+02
7.383183220789073857e+02,4.897874800000000164e+02
7.382961218507292642e+02,4.897874800000000164e+02
7.384038091511935136e+02,4.897874800000000164e+02
7.384789962303466382e+02,4.897874800000000164e+02
7.386193062168308643e+02,4.897874800000000164e+02
7.386618706099640121e+02,4.897874800000000164e+02
7.387696272072754482e+02,4.897874800000000164e+02
7.388447449895812724e+02,4.897874800000000164e+02
7.391821454407294141e+02,4.897874800000000164e+02
7.390276193691986464e+02,4.897874800000000164e+02
7.391354452633572691e+02,4.897874800000000164e+02
7.392104937488160203e+02,4.897874800000000164e+02
7.393512196739953879e+02,4.897874800000000164e+02
7.393933681284333943e+02,4.897874800000000164e+02
7.395012633194390901e+02,4.897874800000000164e+02
7.395762425080507683e+02,4.897874800000000164e+02
7.397832596358117598e+02,4.897874800000000164e+02
7.397591168876680285e+02,4.897874800000000164e+02
7.398670813755209110e+02,4.897874800000000164e+02
7.399419912672854025e+02,4.897874800000000164e+02
7.400831331311599115e+02,4.897874800000000164e+02
7.401248656469027765e+02,4.897874800000000164e+02
7.402328994316028457e+02,4.897874800000000164e+02
7.403077400265201504e+02,4.897874800000000164e+02
7.409176929878049123e+02,4.897874800000000164e+02
7.404906144061375244e+02,4.897874800000000164e+02
7.405987174876846666e+02,4.897874800000000164e+02
7.406734887857547847e+02,4.897874800000000164e+02
7.408150465883244351e+02,4.897874800000000164e+02
7.408563631653721586e+02,4.897874800000000164e+02
7.409645355437664875e+02,4.897874800000000164e+02
7.410392375449895326e+02,4.897874800000000164e+02
7.412481971927162476e+02,4.897874800000000164e+02
7.412221119246069065e+02,4.897874800000000164e+02
7.413303535998483085e+02,4.897874800000000164e+02
7.414049863042242805e+02,4.897874800000000164e+02
7.415469600454889587e+02,4.897874800000000164e+02
7.415878606838415408e+02,4.897874800000000164e+02
7.416961716559302431e+02,4.897874800000000164e+02
7.417707350634589147e+02,4.897874800000000164e+02
7.421164732522795475e+02,4.897874800000000164e+02
7.419536094430762887e+02,4.897874800000000164e+02
7.420619897120120640e+02,4.897874800000000164e+02
7.421364838226936627e+02,4.897874800000000164e+02
7.422788735026534823e+02,4.897874800000000164e+02
7.423193582023110366e+02,4.897874800000000164e+02
7.424278077680938850e+02,4.897874800000000164e+02
7.425022325819282969e+02,4.897874800000000164e+02
7.427131347496206217e+02,4.897874800000000164e+02
7.426851069615456709e+02,4.897874800000000164e+02
7.427936258241757059e+02,4.897874800000000164e+02
7.428679813411630448e+02,4.897874800000000164e+02
7.430107869598180059e+02,4.897874800000000164e+02
7.430508557207804188e+02,4.897874800000000164e+02
7.431594438802576406e+02,4.897874800000000164e+02
7.432337301003977927e+02,4.897874800000000164e+02
8.721554599999999482e+02,4.940103799999999978e+02
7.434166044800151667e+02,4.897874800000000164e+02
7.435252619363394615e+02,4.897874800000000164e+02
7.435994788596324270e+02,4.897874800000000164e+02
7.437427004169825295e+02,4.897874800000000164e+02
7.437823532392498009e+02,4.897874800000000164e+02
7.438910799924212824e+02,4.897874800000000164e+02
7.439652276188671749e+02,4.897874800000000164e+02
7.441780723065249958e+02,4.897874800000000164e+02
7.441481019984845489e+02,4.897874800000000164e+02
7.442568980485031034e+02,4.897874800000000164e+02
7.443309763781019228e+02,4.897874800000000164e+02
7.444746138741470531e+02,4.897874800000000164e+02
7.445138507577191831e+02,4.897874800000000164e+02
7.446227161045850380e+02,4.897874800000000164e+02
7.446967251373365571e+02,4.897874800000000164e+02
7.450508010638296810e+02,4.897874800000000164e+02
7.448795995169539310e+02,4.897874800000000164e+02
7.449885341606668590e+02,4.897874800000000164e+02
7.450624738965713050e+02,4.897874800000000164e+02
7.452065273313115767e+02,4.897874800000000164e+02
7.452453482761886789e+02,4.897874800000000164e+02
7.453543522167486799e+02,4.897874800000000164e+02
7.454282226558059392e+02,4.897874800000000164e+02
7.456430098634293699e+02,4.897874800000000164e+02
7.456110970354233132e+02,4.897874800000000164e+02
7.457201702728305008e+02,4.897874800000000164e+02
7.457939714150406871e+02,4.897874800000000164e+02
7.459384407884761004e+02,4.897874800000000164e+02
7.459768457946580611e+02,4.897874800000000164e+02
7.460859883289124355e+02,4.897874800000000164e+02
7.461597201742754351e+02,4.897874800000000164e+02
7.468042408536584844e+02,4.897874800000000164e+02
7.463425945538926953e+02,4.897874800000000164e+02
7.464518063849942564e+02,4.897874800000000164e+02
7.465254689335100693e+02,4.897874800000000164e+02
7.466703542456406240e+02,4.897874800000000164e+02
7.467083433131274433e+02,4.897874800000000164e+02
7.468176244410760773e+02,4.897874800000000164e+02
7.468912176927448172e+02,4.897874800000000164e+02
7.471079474203338577e+02,4.897874800000000164e+02
7.470740920723621912e+02,4.897874800000000164e+02
7.471834424971578983e+02,4.897874800000000164e+02
7.472569664519794514e+02,4.897874800000000164e+02
7.474022677028051476e+02,4.897874800000000164e+02
7.474398408315968254e+02,4.897874800000000164e+02
7.475492605532398329e+02,4.897874800000000164e+02
7.476227152112141994e+02,4.897874800000000164e+02
7.479851288753799281e+02,4.897874800000000164e+02
7.478055895908315733e+02,4.897874800000000164e+02
7.479150786093216539e+02,4.897874800000000164e+02
7.479884639704489473e+02,4.897874800000000164e+02
7.481341811599696712e+02,4.897874800000000164e+02
7.481713383500662076e+02,4.897874800000000164e+02
7.482808966654034748e+02,4.897874800000000164e+02
7.483542127296835815e+02,4.897874800000000164e+02
7.485728849772382318e+02,4.897874800000000164e+02
7.485370871093009555e+02,4.897874800000000164e+02
7.486467147214852957e+02,4.897874800000000164e+02
7.487199614889183295e+02,4.897874800000000164e+02
7.488660946171340811e+02,4.897874800000000164e+02
7.489028358685357034e+02,4.897874800000000164e+02
7.490125327775672304e+02,4.897874800000000164e+02
7.490857102481529637e+02,4.897874800000000164e+02
8.862975999999999885e+02,4.918258000000000152e+02
7.492685846277703376e+02,4.784490999999999872e+02
7.493783508336490513e+02,4.784490999999999872e+02
7.494514590073877116e+02,4.784490999999999872e+02
7.495980080742986047e+02,4.784490999999999872e+02
7.496343333870050856e+02,4.784490999999999872e+02
7.497441688897308723e+02,4.784490999999999872e+02
7.498172077666224595e+02,4.784490999999999872e+02
7.500378225341426059e+02,4.784490999999999872e+02
7.500000821462397198e+02,4.784490999999999872e+02
7.501099869458126932e+02,4.784490999999999872e+02
7.501829565258570938e+02,4.784490999999999872e+02
7.503299215314631283e+02,4.784490999999999872e+02
7.503658309054744677e+02,4.784490999999999872e+02
7.504758050018946278e+02,4.784490999999999872e+02
7.505487052850918417e+02,4.784490999999999872e+02
7.509194566869300616e+02,4.784490999999999872e+02
7.507315796647092156e+02,4.784490999999999872e+02
7.508416230579764488e+02,4.784490999999999872e+02
7.509144540443264759e+02,4.784490999999999872e+02
7.510618349886276519e+02,4.784490999999999872e+02
7.510973284239438499e+02,4.784490999999999872e+02
7.512074411140582697e+02,4.784490999999999872e+02
7.512802028035612238e+02,4.784490999999999872e+02
7.515027600910469801e+02,4.784490999999999872e+02
7.514630771831785978e+02,4.784490999999999872e+02
7.515732591701400906e+02,4.784490999999999872e+02
7.516459515627959718e+02,4.784490999999999872e+02
7.517937484457921755e+02,4.784490999999999872e+02
7.518288259424133457e+02,4.784490999999999872e+02
7.519390772262220253e+02,4.784490999999999872e+02
7.520117003220306060e+02,4.784490999999999872e+02
7.526907887195121702e+02,4.784490999999999872e+02
7.521945747016479800e+02,4.784490999999999872e+02
7.523048952823038462e+02,4.784490999999999872e+02
7.523774490812653539e+02,4.784490999999999872e+02
7.525256619029566991e+02,4.784490999999999872e+02
7.525603234608827279e+02,4.784490999999999872e+02
7.526707133383856672e+02,4.784490999999999872e+02
7.527431978405001018e+02,4.784490999999999872e+02
7.529676976479514678e+02,4.784490999999999872e+02
7.529260722201173621e+02,4.784490999999999872e+02
7.530365313944674881e+02,4.784490999999999872e+02
7.531089465997347361e+02,4.784490999999999872e+02
7.532575753601212227e+02,4.784490999999999872e+02
7.532918209793521100e+02,4.784490999999999872e+02
7.534023494505494227e+02,4.784490999999999872e+02
7.534746953589694840e+02,4.784490999999999872e+02
7.538537844984801950e+02,4.784490999999999872e+02
7.536575697385868580e+02,4.784490999999999872e+02
7.537681675066312437e+02,4.784490999999999872e+02
7.538404441182041182e+02,4.784490999999999872e+02
7.539894888172857463e+02,4.784490999999999872e+02
7.540233184978214922e+02,4.784490999999999872e+02
7.541339855627130646e+02,4.784490999999999872e+02
7.542061928774388662e+02,4.784490999999999872e+02
7.544326352048558419e+02,4.784490999999999872e+02
7.543890672570562401e+02,4.784490999999999872e+02
7.544998036187948856e+02,4.784490999999999872e+02
7.545719416366736141e+02,4.784490999999999872e+02
7.547214022744502699e+02,4.784490999999999872e+02
7.547548160162908744e+02,4.784490999999999872e+02
7.548656216748768202e+02,4.784490999999999872e+02
7.549376903959082483e+02,4.784490999999999872e+02
8.987685999999999922e+02,4.852953999999999724e+02
7.551205647755256223e+02,4.784490999999999872e+02
7.552314397309586411e+02,4.784490999999999872e+02
7.553034391551429962e+02,4.784490999999999872e+02
7.554533157316147935e+02,4.784490999999999872e+02
7.554863135347603702e+02,4.784490999999999872e+02
7.555972577870404621e+02,4.784490999999999872e+02
7.556691879143776305e+02,4.784490999999999872e+02
7.558975727617602161e+02,4.784490999999999872e+02
7.558520622939950044e+02,4.784490999999999872e+02
7.559630758431222830e+02,4.784490999999999872e+02
7.560349366736123784e+02,4.784490999999999872e+02
7.561852291887793172e+02,4.784490999999999872e+02
7.562178110532297524e+02,4.784490999999999872e+02
7.563288938992042176e+02,4.784490999999999872e+02
7.564006854328471263e+02,4.784490999999999872e+02
7.567881123100303284e+02,4.784490999999999872e+02
7.565835598124643866e+02,4.784490999999999872e+02
7.566947119552860386e+02,4.784490999999999872e+02
7.567664341920817606e+02,4.784490999999999872e+02
7.569171426459438408e+02,4.784490999999999872e+02
7.569493085716991345e+02,4.784490999999999872e+02
7.570605300113678595e+02,4.784490999999999872e+02
7.571321829513165085e+02,4.784490999999999872e+02
7.573625103186645902e+02,4.784490999999999872e+02
7.573150573309338824e+02,4.784490999999999872e+02
7.574263480674496805e+02,4.784490999999999872e+02
7.574979317105511427e+02,4.784490999999999872e+02
7.576490561031083644e+02,4.784490999999999872e+02
7.576808060901685167e+02,4.784490999999999872e+02
7.577921661235316151e+02,4.784490999999999872e+02
7.578636804697858906e+02,4.784490999999999872e+02
7.585773365853658561e+02,4.784490999999999872e+02
7.580465548494032646e+02,4.784490999999999872e+02
7.581579841796134360e+02,4.784490999999999872e+02
7.582294292290206386e+02,4.784490999999999872e+02
7.583809695602728880e+02,4.784490999999999872e+02
7.584123036086378988e+02,4.784490999999999872e+02
7.585238022356952570e+02,4.784490999999999872e+02
7.585951779882552728e+02,4.784490999999999872e+02
7.588274478755689643e+02,4.784490999999999872e+02
7.587780523678726468e+02,4.784490999999999872e+02
7.588896202917770779e+02,4.784490999999999872e+02
7.589609267474900207e+02,4.784490999999999872e+02
7.591128830174374116e+02,4.784490999999999872e+02
7.591438011271073947e+02,4.784490999999999872e+02
7.592554383478590125e+02,4.784490999999999872e+02
7.593266755067247686e+02,4.784490999999999872e+02
7.597224401215804619e+02,4.784490999999999872e+02
7.595095498863420289e+02,4.784490999999999872e+02
7.596212564039408335e+02,4.784490999999999872e+02
7.596924242659594029e+02,4.784490999999999872e+02
7.598447964746019352e+02,4.784490999999999872e+02
7.598752986455767768e+02,4.784490999999999872e+02
7.599870744600226544e+02,4.784490999999999872e+02
7.600581730251941508e+02,4.784490999999999872e+02
7.602923854324734521e+02,4.784490999999999872e+02
7.602410474048115248e+02,4.784490999999999872e+02
7.603528925161044754e+02,4.784490999999999872e+02
7.604239217844287850e+02,4.784490999999999872e+02
7.605767099317664588e+02,4.784490999999999872e+02
7.606067961640461590e+02,4.784490999999999872e+02
7.607187105721864100e+02,4.784490999999999872e+02
7.607896705436635330e+02,4.784490999999999872e+02
9.104980500000000347e+02,4.743534000000000219e+02
7.609725449232809069e+02,4.784490999999999872e+02
7.610845286282682309e+02,4.784490999999999872e+02
7.611554193028982809e+02,4.784490999999999872e+02
7.613086233889309824e+02,4.784490999999999872e+02
7.613382936825155411e+02,4.784490999999999872e+02
7.614503466843500519e+02,4.784490999999999872e+02
7.615211680621329151e+02,4.784490999999999872e+02
7.617573229893778262e+02,4.784490999999999872e+02
7.617040424417502891e+02,4.784490999999999872e+02
7.618161647404318728e+02,4.784490999999999872e+02
7.618869168213676630e+02,4.784490999999999872e+02
7.620405368460955060e+02,4.784490999999999872e+02
7.620697912009850370e+02,4.784490999999999872e+02
7.621819827965138074e+02,4.784490999999999872e+02
7.622526655806022973e+02,4.784490999999999872e+02
7.626567679331305953e+02,4.784490999999999872e+02
7.624355399602196712e+02,4.784490999999999872e+02
7.625478008525956284e+02,4.784490999999999872e+02
7.626184143398370452e+02,4.784490999999999872e+02
7.627724503032600296e+02,4.784490999999999872e+02
7.628012887194544192e+02,4.784490999999999872e+02
7.629136189086774493e+02,4.784490999999999872e+02
7.629841630990717931e+02,4.784490999999999872e+02
7.632222605462822003e+02,4.784490999999999872e+02
7.631670374786890534e+02,4.784490999999999872e+02
7.632794369647592703e+02,4.784490999999999872e+02
7.633499118583064273e+02,4.784490999999999872e+02
7.635043637604245532e+02,4.784490999999999872e+02
7.635327862379238013e+02,4.784490999999999872e+02
7.636452550208412049e+02,4.784490999999999872e+02
7.637156606175411753e+02,4.784490999999999872e+02
7.644638844512195419e+02,4.784490999999999872e+02
7.638985349971585492e+02,4.784490999999999872e+02
7.640110730769230258e+02,4.784490999999999872e+02
7.640814093767758095e+02,4.784490999999999872e+02
7.642362772175890768e+02,4.784490999999999872e+02
7.642642837563931835e+02,4.784490999999999872e+02
7.643768911330048468e+02,4.784490999999999872e+02
7.644471581360105574e+02,4.784490999999999872e+02
7.646871981031865744e+02,4.784490999999999872e+02
7.646300325156279314e+02,4.784490999999999872e+02
7.647427091890866677e+02,4.784490999999999872e+02
7.648129068952453053e+02,4.784490999999999872e+02
7.649681906747534867e+02,4.784490999999999872e+02
7.649957812748625656e+02,4.784490999999999872e+02
7.651085272451686023e+02,4.784490999999999872e+02
7.651786556544799396e+02,4.784490999999999872e+02
7.655910957446808425e+02,4.784490999999999872e+02
7.653615300340973135e+02,4.784490999999999872e+02
7.654743453012504233e+02,4.784490999999999872e+02
7.655444044137146875e+02,4.784490999999999872e+02
7.657001041319180104e+02,4.784490999999999872e+02
7.657272787933320615e+02,4.784490999999999872e+02
7.658401633573322442e+02,4.784490999999999872e+02
7.659101531729493217e+02,4.784490999999999872e+02
7.661521356600910622e+02,4.784490999999999872e+02
7.660930275525666957e+02,4.784490999999999872e+02
7.662059814134140652e+02,4.784490999999999872e+02
7.662759019321840697e+02,4.784490999999999872e+02
7.664320175890825340e+02,4.784490999999999872e+02
7.664587763118014436e+02,4.784490999999999872e+02
7.665717994694959998e+02,4.784490999999999872e+02
7.666416506914188176e+02,4.784490999999999872e+02
9.169116000000000213e+02,4.598325199999999882e+02
7.668245250710360779e+02,4.647357200000000148e+02
7.669376175255778207e+02,4.647357200000000148e+02
7.670073994506534518e+02,4.647357200000000148e+02
7.671639310462470576e+02,4.647357200000000148e+02
7.671902738302708258e+02,4.647357200000000148e+02
7.673034355816596417e+02,4.647357200000000148e+02
7.673731482098881997e+02,4.647357200000000148e+02
7.676170732169954363e+02,4.647357200000000148e+02
7.675560225895055737e+02,4.647357200000000148e+02
7.676692536377414626e+02,4.647357200000000148e+02
7.677388969691229477e+02,4.647357200000000148e+02
7.678958445034115812e+02,4.647357200000000148e+02
7.679217713487402079e+02,4.647357200000000148e+02
7.680350716938233973e+02,4.647357200000000148e+02
7.681046457283575819e+02,4.647357200000000148e+02
7.685254235562309759e+02,4.647357200000000148e+02
7.682875201079749559e+02,4.647357200000000148e+02
7.684008897499052182e+02,4.647357200000000148e+02
7.684703944875923298e+02,4.647357200000000148e+02
7.686277579605761048e+02,4.647357200000000148e+02
7.686532688672097038e+02,4.647357200000000148e+02
7.687667078059870391e+02,4.647357200000000148e+02
7.688361432468269641e+02,4.647357200000000148e+02
7.690820107738998104e+02,4.647357200000000148e+02
7.690190176264443380e+02,4.647357200000000148e+02
7.691325258620688601e+02,4.647357200000000148e+02
7.692018920060617120e+02,4.647357200000000148e+02
7.693596714177406284e+02,4.647357200000000148e+02
7.693847663856790859e+02,4.647357200000000148e+02
7.694983439181507947e+02,4.647357200000000148e+02
7.695676407652964599e+02,4.647357200000000148e+02
7.703504323170731141e+02,4.647357200000000148e+02
7.697505151449137202e+02,4.647357200000000148e+02
7.698641619742326156e+02,4.647357200000000148e+02
7.699333895245310941e+02,4.647357200000000148e+02
7.700915848749051520e+02,4.647357200000000148e+02
7.701162639041484681e+02,4.647357200000000148e+02
7.702299800303144366e+02,4.647357200000000148e+02
7.702991382837658421e+02,4.647357200000000148e+02
7.705469483308041845e+02,4.647357200000000148e+02
7.704820126633832160e+02,4.647357200000000148e+02
7.705957980863962575e+02,4.647357200000000148e+02
7.706648870430004763e+02,4.647357200000000148e+02
7.708234983320696756e+02,4.647357200000000148e+02
7.708477614226178503e+02,4.647357200000000148e+02
7.709616161424781922e+02,4.647357200000000148e+02
7.710306358022352242e+02,4.647357200000000148e+02
7.714597513677811094e+02,4.647357200000000148e+02
7.712135101818525982e+02,4.647357200000000148e+02
7.713274341985600131e+02,4.647357200000000148e+02
7.713963845614699721e+02,4.647357200000000148e+02
7.715554117892341992e+02,4.647357200000000148e+02
7.715792589410872324e+02,4.647357200000000148e+02
7.716932522546418340e+02,4.647357200000000148e+02
7.717621333207046064e+02,4.647357200000000148e+02
7.720118858877086723e+02,4.647357200000000148e+02
7.719450077003219803e+02,4.647357200000000148e+02
7.720590703107236550e+02,4.647357200000000148e+02
7.721278820799393543e+02,4.647357200000000148e+02
7.722873252463987228e+02,4.647357200000000148e+02
7.723107564595567283e+02,4.647357200000000148e+02
7.724248883668055896e+02,4.647357200000000148e+02
7.724936308391739885e+02,4.647357200000000148e+02
9.240702999999999747e+02,4.370973999999999933e+02
7.726765052187913625e+02,4.647357200000000148e+02
7.727907064228874106e+02,4.647357200000000148e+02
7.728593795984087365e+02,4.647357200000000148e+02
7.730192387035632464e+02,4.647357200000000148e+02
7.730422539780261104e+02,4.647357200000000148e+02
7.731565244789692315e+02,4.647357200000000148e+02
7.732251283576434844e+02,4.647357200000000148e+02
7.734768234446130464e+02,4.647357200000000148e+02
7.734080027372607447e+02,4.647357200000000148e+02
7.735223425350510524e+02,4.647357200000000148e+02
7.735908771168781186e+02,4.647357200000000148e+02
7.737511521607277700e+02,4.647357200000000148e+02
7.737737514964954926e+02,4.647357200000000148e+02
7.738881605911329871e+02,4.647357200000000148e+02
7.739566258761128665e+02,4.647357200000000148e+02
7.743940791793312428e+02,4.647357200000000148e+02
7.741395002557302405e+02,4.647357200000000148e+02
7.742539786472148080e+02,4.647357200000000148e+02
7.743223746353475008e+02,4.647357200000000148e+02
7.744830656178922936e+02,4.647357200000000148e+02
7.745052490149648747e+02,4.647357200000000148e+02
7.746197967032966289e+02,4.647357200000000148e+02
7.746881233945822487e+02,4.647357200000000148e+02
7.749417610015174205e+02,4.647357200000000148e+02
7.748709977741996227e+02,4.647357200000000148e+02
7.749856147593784499e+02,4.647357200000000148e+02
7.750538721538169966e+02,4.647357200000000148e+02
7.752149790750568172e+02,4.647357200000000148e+02
7.752367465334343706e+02,4.647357200000000148e+02
7.753514328154603845e+02,4.647357200000000148e+02
7.754196209130516309e+02,4.647357200000000148e+02
7.762369801829267999e+02,4.647357200000000148e+02
7.756024952926690048e+02,4.647357200000000148e+02
7.757172508715422055e+02,4.647357200000000148e+02
7.757853696722863788e+02,4.647357200000000148e+02
7.759468925322213408e+02,4.647357200000000148e+02
7.759682440519037527e+02,4.647357200000000148e+02
7.760830689276240264e+02,4.647357200000000148e+02
7.761511184315211267e+02,4.647357200000000148e+02
7.764066985584217946e+02,4.647357200000000148e+02
7.763339928111383870e+02,4.647357200000000148e+02
7.764488869837058473e+02,4.647357200000000148e+02
7.765168671907557609e+02,4.647357200000000148e+02
7.766788059893858645e+02,4.647357200000000148e+02
7.766997415703731349e+02,4.647357200000000148e+02
7.768147050397877820e+02,4.647357200000000148e+02
7.768826159499905089e+02,4.647357200000000148e+02
7.773284069908813763e+02,4.647357200000000148e+02
7.770654903296078828e+02,4.647357200000000148e+02
7.771805230958696029e+02,4.647357200000000148e+02
7.772483647092251431e+02,4.647357200000000148e+02
7.774107194465503881e+02,4.647357200000000148e+02
7.774312390888425170e+02,4.647357200000000148e+02
7.775463411519514239e+02,4.647357200000000148e+02
7.776141134684598910e+02,4.647357200000000148e+02
7.778716361153261687e+02,4.647357200000000148e+02
7.777969878480772650e+02,4.647357200000000148e+02
7.779121592080332448e+02,4.647357200000000148e+02
7.779798622276946389e+02,4.647357200000000148e+02
7.781426329037149117e+02,4.647357200000000148e+02
7.781627366073118992e+02,4.647357200000000148e+02
7.782779772641151794e+02,4.647357200000000148e+02
7.783456109869292732e+02,4.647357200000000148e+02
9.250213999999999714e+02,4.151102300000000014e+02
7.785284853665466471e+02,4.471242700000000241e+02
7.786437953201970004e+02,4.471242700000000241e+02
7.787113597461640211e+02,4.471242700000000241e+02
7.788745463608794353e+02,4.471242700000000241e+02
7.788942341257813951e+02,4.471242700000000241e+02
7.790096133762788213e+02,4.471242700000000241e+02
7.790771085053986553e+02,4.471242700000000241e+02
7.793365736722306565e+02,4.471242700000000241e+02
7.792599828850160293e+02,4.471242700000000241e+02
7.793754314323606422e+02,4.471242700000000241e+02
7.794428572646334032e+02,4.471242700000000241e+02
7.796064598180439589e+02,4.471242700000000241e+02
7.796257316442507772e+02,4.471242700000000241e+02
7.797412494884424632e+02,4.471242700000000241e+02
7.798086060238681512e+02,4.471242700000000241e+02
7.802627348024315097e+02,4.471242700000000241e+02
7.799914804034854114e+02,4.471242700000000241e+02
7.801070675445243978e+02,4.471242700000000241e+02
7.801743547831027854e+02,4.471242700000000241e+02
7.803383732752084825e+02,4.471242700000000241e+02
7.803572291627201594e+02,4.471242700000000241e+02
7.804728856006062188e+02,4.471242700000000241e+02
7.805401035423375333e+02,4.471242700000000241e+02
7.808015112291350306e+02,4.471242700000000241e+02
7.807229779219549073e+02,4.471242700000000241e+02
7.808387036566880397e+02,4.471242700000000241e+02
7.809058523015721676e+02,4.471242700000000241e+02
7.810702867323728924e+02,4.471242700000000241e+02
7.810887266811895415e+02,4.471242700000000241e+02
7.812045217127698606e+02,4.471242700000000241e+02
7.812716010608069155e+02,4.471242700000000241e+02
7.821235280487804857e+02,4.471242700000000241e+02
7.814544754404242894e+02,4.471242700000000241e+02
7.815703397688517953e+02,4.471242700000000241e+02
7.816373498200416634e+02,4.471242700000000241e+02
7.818022001895374160e+02,4.471242700000000241e+02
7.818202241996589237e+02,4.471242700000000241e+02
7.819361578249336162e+02,4.471242700000000241e+02
7.820030985792762976e+02,4.471242700000000241e+02
7.822664487860394047e+02,4.471242700000000241e+02
7.821859729588936716e+02,4.471242700000000241e+02
7.823019758810154372e+02,4.471242700000000241e+02
7.823688473385110456e+02,4.471242700000000241e+02
7.825341136467019396e+02,4.471242700000000241e+02
7.825517217181284195e+02,4.471242700000000241e+02
7.826677939370972581e+02,4.471242700000000241e+02
7.827345960977457935e+02,4.471242700000000241e+02
7.831970626139816432e+02,4.471242700000000241e+02
7.829174704773630538e+02,4.471242700000000241e+02
7.830336119931791927e+02,4.471242700000000241e+02
7.831003448569804277e+02,4.471242700000000241e+02
7.832660271038664632e+02,4.471242700000000241e+02
7.832832192365978017e+02,4.471242700000000241e+02
7.833994300492610137e+02,4.471242700000000241e+02
7.834660936162151756e+02,4.471242700000000241e+02
7.837313863429437788e+02,4.471242700000000241e+02
7.836489679958325496e+02,4.471242700000000241e+02
7.837652481053428346e+02,4.471242700000000241e+02
7.838318423754498099e+02,4.471242700000000241e+02
7.839979405610309868e+02,4.471242700000000241e+02
7.840147167550671838e+02,4.471242700000000241e+02
7.841310661614246555e+02,4.471242700000000241e+02
7.841975911346845578e+02,4.471242700000000241e+02
9.208423999999999978e+02,3.903673000000000002e+02
7.843804655143019318e+02,4.471242700000000241e+02
7.844968842175065902e+02,4.471242700000000241e+02
7.845633398939193057e+02,4.471242700000000241e+02
7.847298540181955104e+02,4.471242700000000241e+02
7.847462142735365660e+02,4.471242700000000241e+02
7.848627022735884111e+02,4.471242700000000241e+02
7.849290886531539400e+02,4.471242700000000241e+02
7.851963238998482666e+02,4.471242700000000241e+02
7.851119630327713139e+02,4.471242700000000241e+02
7.852285203296702321e+02,4.471242700000000241e+02
7.852948374123886879e+02,4.471242700000000241e+02
7.854617674753600340e+02,4.471242700000000241e+02
7.854777117920060618e+02,4.471242700000000241e+02
7.855943383857520530e+02,4.471242700000000241e+02
7.856605861716233221e+02,4.471242700000000241e+02
7.861313904255318903e+02,4.471242700000000241e+02
7.858434605512406961e+02,4.471242700000000241e+02
7.859601564418339876e+02,4.471242700000000241e+02
7.860263349308580700e+02,4.471242700000000241e+02
7.861936809325245576e+02,4.471242700000000241e+02
7.862092093104754440e+02,4.471242700000000241e+02
7.863259744979158086e+02,4.471242700000000241e+02
7.863920836900928180e+02,4.471242700000000241e+02
7.866612614567526407e+02,4.471242700000000241e+02
7.865749580697100782e+02,4.471242700000000241e+02
7.866917925539976295e+02,4.471242700000000241e+02
7.867578324493274522e+02,4.471242700000000241e+02
7.869255943896890813e+02,4.471242700000000241e+02
7.869407068289448262e+02,4.471242700000000241e+02
7.870576106100794505e+02,4.471242700000000241e+02
7.871235812085622001e+02,4.471242700000000241e+02
7.880100759146341716e+02,4.471242700000000241e+02
7.873064555881795741e+02,4.471242700000000241e+02
7.874234286661613851e+02,4.471242700000000241e+02
7.874893299677968344e+02,4.471242700000000241e+02
7.876575078468536049e+02,4.471242700000000241e+02
7.876722043474142083e+02,4.471242700000000241e+02
7.877892467222432060e+02,4.471242700000000241e+02
7.878550787270315823e+02,4.471242700000000241e+02
7.881261990136570148e+02,4.471242700000000241e+02
7.880379531066489562e+02,4.471242700000000241e+02
7.881550647783250270e+02,4.471242700000000241e+02
7.882208274862663302e+02,4.471242700000000241e+02
7.883894213040181285e+02,4.471242700000000241e+02
7.884037018658835905e+02,4.471242700000000241e+02
7.885208828344068479e+02,4.471242700000000241e+02
7.885865762455009644e+02,4.471242700000000241e+02
7.890657182370820237e+02,4.471242700000000241e+02
7.887694506251183384e+02,4.471242700000000241e+02
7.888867008904887825e+02,4.471242700000000241e+02
7.889523250047357124e+02,4.471242700000000241e+02
7.891213347611826521e+02,4.471242700000000241e+02
7.891351993843530863e+02,4.471242700000000241e+02
7.892525189465706035e+02,4.471242700000000241e+02
7.893180737639703466e+02,4.471242700000000241e+02
7.895911365705613889e+02,4.471242700000000241e+02
7.895009481435877206e+02,4.471242700000000241e+02
7.896183370026524244e+02,4.471242700000000241e+02
7.896838225232050945e+02,4.471242700000000241e+02
7.898532482183471757e+02,4.471242700000000241e+02
7.898666969028224685e+02,4.471242700000000241e+02
7.899841550587342454e+02,4.471242700000000241e+02
7.900495712824398424e+02,4.471242700000000241e+02
9.151670000000000300e+02,3.774673000000000229e+02
7.902324456620572164e+02,4.277537800000000061e+02
7.903499731148161800e+02,4.277537800000000061e+02
7.904153200416744767e+02,4.277537800000000061e+02
7.905851616755116993e+02,4.277537800000000061e+02
7.905981944212918506e+02,4.277537800000000061e+02
7.907157911708980009e+02,4.277537800000000061e+02
7.907810688009092246e+02,4.277537800000000061e+02
7.910560741274658767e+02,4.277537800000000061e+02
7.909639431805265986e+02,4.277537800000000061e+02
7.910816092269798219e+02,4.277537800000000061e+02
7.911468175601439725e+02,4.277537800000000061e+02
7.913170751326762229e+02,4.277537800000000061e+02
7.913296919397612328e+02,4.277537800000000061e+02
7.914474272830616428e+02,4.277537800000000061e+02
7.915125663193786067e+02,4.277537800000000061e+02
7.920000460486321572e+02,4.277537800000000061e+02
7.916954406989959807e+02,4.277537800000000061e+02
7.918132453391435774e+02,4.277537800000000061e+02
7.918783150786133547e+02,4.277537800000000061e+02
7.920489885898407465e+02,4.277537800000000061e+02
7.920611894582307286e+02,4.277537800000000061e+02
7.921790633952253984e+02,4.277537800000000061e+02
7.922440638378479889e+02,4.277537800000000061e+02
7.925210116843702508e+02,4.277537800000000061e+02
7.924269382174653629e+02,4.277537800000000061e+02
7.925448814513072193e+02,4.277537800000000061e+02
7.926098125970827368e+02,4.277537800000000061e+02
7.927809020470052701e+02,4.277537800000000061e+02
7.927926869767001108e+02,4.277537800000000061e+02
7.929106995073890403e+02,4.277537800000000061e+02
7.929755613563174848e+02,4.277537800000000061e+02
7.938966237804877437e+02,4.277537800000000061e+02
7.931584357359347450e+02,4.277537800000000061e+02
7.932765175634709749e+02,4.277537800000000061e+02
7.933413101155521190e+02,4.277537800000000061e+02
7.935128155041697937e+02,4.277537800000000061e+02
7.935241844951694929e+02,4.277537800000000061e+02
7.936423356195527958e+02,4.277537800000000061e+02
7.937070588747868669e+02,4.277537800000000061e+02
7.939859492412746249e+02,4.277537800000000061e+02
7.938899332544042409e+02,4.277537800000000061e+02
7.940081536756346168e+02,4.277537800000000061e+02
7.940728076340215011e+02,4.277537800000000061e+02
7.942447289613343173e+02,4.277537800000000061e+02
7.942556820136388751e+02,4.277537800000000061e+02
7.943739717317164377e+02,4.277537800000000061e+02
7.944385563932562491e+02,4.277537800000000061e+02
7.949343738601822906e+02,4.277537800000000061e+02
7.946214307728736230e+02,4.277537800000000061e+02
7.947397897877983723e+02,4.277537800000000061e+02
7.948043051524909970e+02,4.277537800000000061e+02
7.949766424184988409e+02,4.277537800000000061e+02
7.949871795321082573e+02,4.277537800000000061e+02
7.951056078438801933e+02,4.277537800000000061e+02
7.951700539117256312e+02,4.277537800000000061e+02
7.954508867981789990e+02,4.277537800000000061e+02
7.953529282913430052e+02,4.277537800000000061e+02
7.954714258999620142e+02,4.277537800000000061e+02
7.955358026709603791e+02,4.277537800000000061e+02
7.957085558756633645e+02,4.277537800000000061e+02
7.957186770505777531e+02,4.277537800000000061e+02
7.958372439560438352e+02,4.277537800000000061e+02
7.959015514301950134e+02,4.277537800000000061e+02
9.057558999999999969e+02,3.654042999999999779e+02
7.960844258098123873e+02,4.277537800000000061e+02
7.962030620121257698e+02,4.277537800000000061e+02
7.962673001894297613e+02,4.277537800000000061e+02
7.964404693328278881e+02,4.277537800000000061e+02
7.964501745690471353e+02,4.277537800000000061e+02
7.965688800682075907e+02,4.277537800000000061e+02
7.966330489486645092e+02,4.277537800000000061e+02
7.969158243550833731e+02,4.277537800000000061e+02
7.968159233282817695e+02,4.277537800000000061e+02
7.969346981242894117e+02,4.277537800000000061e+02
7.969987977078991435e+02,4.277537800000000061e+02
7.971723827899924117e+02,4.277537800000000061e+02
7.971816720875165174e+02,4.277537800000000061e+02
7.973005161803712326e+02,4.277537800000000061e+02
7.973645464671338914e+02,4.277537800000000061e+02
7.978687016717324241e+02,4.277537800000000061e+02
7.975474208467512653e+02,4.277537800000000061e+02
7.976663342364531673e+02,4.277537800000000061e+02
7.977302952263685256e+02,4.277537800000000061e+02
7.979042962471568217e+02,4.277537800000000061e+02
7.979131696059858996e+02,4.277537800000000061e+02
7.980321522925349882e+02,4.277537800000000061e+02
7.980960439856032735e+02,4.277537800000000061e+02
7.983807619119878609e+02,4.277537800000000061e+02
7.982789183652206475e+02,4.277537800000000061e+02
7.983979703486168091e+02,4.277537800000000061e+02
7.984617927448380215e+02,4.277537800000000061e+02
7.986362097043213453e+02,4.277537800000000061e+02
7.986446671244553954e+02,4.277537800000000061e+02
7.987637884046986301e+02,4.277537800000000061e+02
7.988275415040726557e+02,4.277537800000000061e+02
7.997831716463414296e+02,4.277537800000000061e+02
7.990104158836900297e+02,4.277537800000000061e+02
7.991296064607805647e+02,4.277537800000000061e+02
7.991932902633074036e+02,4.277537800000000061e+02
7.993681231614858689e+02,4.277537800000000061e+02
7.993761646429247776e+02,4.277537800000000061e+02
7.994954245168623856e+02,4.277537800000000061e+02
7.995590390225421515e+02,4.277537800000000061e+02
7.998456994688922350e+02,4.277537800000000061e+02
7.997419134021594118e+02,4.277537800000000061e+02
7.998612425729442066e+02,4.277537800000000061e+02
7.999247877817767858e+02,4.277537800000000061e+02
8.001000366186503925e+02,4.277537800000000061e+02
8.001076621613941597e+02,4.277537800000000061e+02
8.002270606290260275e+02,4.277537800000000061e+02
8.002905365410115337e+02,4.277537800000000061e+02
8.008030294832825575e+02,4.277537800000000061e+02
8.004734109206289077e+02,4.277537800000000061e+02
8.005928786851079622e+02,4.277537800000000061e+02
8.006562853002461679e+02,4.277537800000000061e+02
8.008319500758149161e+02,4.277537800000000061e+02
8.008391596798635419e+02,4.277537800000000061e+02
8.009586967411897831e+02,4.277537800000000061e+02
8.010220340594809159e+02,4.277537800000000061e+02
8.013106370257966091e+02,4.277537800000000061e+02
8.012049084390982898e+02,4.277537800000000061e+02
8.013245147972716040e+02,4.277537800000000061e+02
8.013877828187156638e+02,4.277537800000000061e+02
8.015638635329794397e+02,4.277537800000000061e+02
8.015706571983329241e+02,4.277537800000000061e+02
8.016903328533534250e+02,4.277537800000000061e+02
8.017535315779502980e+02,4.277537800000000061e+02
8.876100000000000136e+02,3.532855200000000195e+02
8.019364059575676720e+02,4.277537800000000061e+02
8.020561509094353596e+02,4.277537800000000061e+02
8.021192803371850459e+02,4.277537800000000061e+02
8.022957769901439633e+02,4.277537800000000061e+02
8.023021547168024199e+02,4.277537800000000061e+02
8.024219689655171805e+02,4.277537800000000061e+02
8.024850290964196802e+02,4.277537800000000061e+02
8.027755745827009832e+02,4.277537800000000061e+02
8.026679034760370541e+02,4.277537800000000061e+02
8.027877870215990015e+02,4.277537800000000061e+02
8.028507778556544281e+02,4.277537800000000061e+02
8.030276904473084869e+02,4.277537800000000061e+02
8.030336522352718021e+02,4.277537800000000061e+02
8.031536050776808224e+02,4.277537800000000061e+02
8.032165266148891760e+02,4.277537800000000061e+02
8.037373572948328047e+02,4.277537800000000061e+02
8.033994009945064363e+02,4.277537800000000061e+02
8.035194231337627571e+02,4.277537800000000061e+02
8.035822753741238103e+02,4.277537800000000061e+02
8.037596039044730105e+02,4.277537800000000061e+02
8.037651497537411842e+02,4.277537800000000061e+02
8.038852411898445780e+02,4.277537800000000061e+02
8.039480241333585582e+02,4.277537800000000061e+02
8.042405121396054710e+02,4.277537800000000061e+02
8.041308985129759321e+02,4.277537800000000061e+02
8.042510592459263989e+02,4.277537800000000061e+02
8.043137728925931924e+02,4.277537800000000061e+02
8.044915173616375341e+02,4.277537800000000061e+02
8.044966472722105664e+02,4.277537800000000061e+02
8.046168773020082199e+02,4.277537800000000061e+02
8.046795216518279403e+02,4.277537800000000061e+02
8.056697195121951154e+02,4.277537800000000061e+02
8.048623960314453143e+02,4.277537800000000061e+02
8.049826953580901545e+02,4.277537800000000061e+02
8.050452704110626883e+02,4.277537800000000061e+02
8.052234308188020577e+02,4.277537800000000061e+02
8.052281447906799485e+02,4.277537800000000061e+02
8.053485134141719755e+02,4.277537800000000061e+02
8.054110191702973225e+02,4.277537800000000061e+02
8.057054496965098451e+02,4.277537800000000061e+02
8.055938935499146965e+02,4.277537800000000061e+02
8.057143314702537964e+02,4.277537800000000061e+02
8.057767679295320704e+02,4.277537800000000061e+02
8.059553442759665813e+02,4.277537800000000061e+02
8.059596423091494444e+02,4.277537800000000061e+02
8.060801495263356173e+02,4.277537800000000061e+02
8.061425166887668183e+02,4.277537800000000061e+02
8.066716851063829381e+02,4.277537800000000061e+02
8.063253910683840786e+02,4.277537800000000061e+02
8.064459675824175520e+02,4.277537800000000061e+02
8.065082654480014526e+02,4.277537800000000061e+02
8.066872577331311049e+02,4.277537800000000061e+02
8.066911398276188265e+02,4.277537800000000061e+02
8.068117856384993729e+02,4.277537800000000061e+02
8.068740142072362005e+02,4.277537800000000061e+02
8.071703872534142192e+02,4.277537800000000061e+02
8.070568885868535745e+02,4.277537800000000061e+02
8.071776036945811938e+02,4.277537800000000061e+02
8.072397629664708347e+02,4.277537800000000061e+02
8.074191711902956285e+02,4.277537800000000061e+02
8.074226373460882087e+02,4.277537800000000061e+02
8.075434217506630148e+02,4.277537800000000061e+02
8.076055117257055826e+02,4.277537800000000061e+02
8.702510399999999890e+02,3.500084200000000010e+02
8.077883861053229566e+02,4.320106200000000172e+02
8.079092398067449494e+02,4.320106200000000172e+02
8.079712604849403306e+02,4.320106200000000172e+02
8.081510846474601522e+02,4.320106200000000172e+02
8.081541348645575908e+02,4.320106200000000172e+02
8.082750578628267704e+02,4.320106200000000172e+02
8.083370092441749648e+02,4.320106200000000172e+02
8.086353248103185933e+02,4.320106200000000172e+02
8.085198836237923388e+02,4.320106200000000172e+02
8.086408759189085913e+02,4.320106200000000172e+02
8.087027580034097127e+02,4.320106200000000172e+02
8.088829981046246758e+02,4.320106200000000172e+02
8.088856323830270867e+02,4.320106200000000172e+02
8.090066939749904122e+02,4.320106200000000172e+02
8.090685067626443470e+02,4.320106200000000172e+02
8.096060129179330715e+02,4.320106200000000172e+02
8.092513811422617209e+02,4.320106200000000172e+02
8.093725120310723469e+02,4.320106200000000172e+02
8.094342555218790949e+02,4.320106200000000172e+02
8.096149115617891994e+02,4.320106200000000172e+02
8.096171299014964688e+02,4.320106200000000172e+02
8.097383300871541678e+02,4.320106200000000172e+02
8.098000042811138428e+02,4.320106200000000172e+02
8.101002623672230811e+02,4.320106200000000172e+02
8.099828786607311031e+02,4.320106200000000172e+02
8.101041481432359888e+02,4.320106200000000172e+02
8.101657530403484770e+02,4.320106200000000172e+02
8.103468250189537230e+02,4.320106200000000172e+02
8.103486274199658510e+02,4.320106200000000172e+02
8.104699661993178097e+02,4.320106200000000172e+02
8.105315017995832250e+02,4.320106200000000172e+02
8.115562673780488012e+02,4.320106200000000172e+02
8.107143761792005989e+02,4.320106200000000172e+02
8.108357842553997443e+02,4.320106200000000172e+02
8.108972505588178592e+02,4.320106200000000172e+02
8.110787384761182466e+02,4.320106200000000172e+02
8.110801249384352332e+02,4.320106200000000172e+02
8.112016023114815653e+02,4.320106200000000172e+02
8.112629993180526071e+02,4.320106200000000172e+02
8.115651999241274552e+02,4.320106200000000172e+02
8.114458736976699811e+02,4.320106200000000172e+02
8.115674203675633862e+02,4.320106200000000172e+02
8.116287480772873550e+02,4.320106200000000172e+02
8.118106519332827702e+02,4.320106200000000172e+02
8.118116224569046153e+02,4.320106200000000172e+02
8.119332384236452071e+02,4.320106200000000172e+02
8.119944968365219893e+02,4.320106200000000172e+02
8.125403407294832050e+02,4.320106200000000172e+02
8.121773712161393632e+02,4.320106200000000172e+02
8.122990564797271418e+02,4.320106200000000172e+02
8.123602455957567372e+02,4.320106200000000172e+02
8.125425653904472938e+02,4.320106200000000172e+02
8.125431199753741112e+02,4.320106200000000172e+02
8.126648745358089627e+02,4.320106200000000172e+02
8.127259943549913714e+02,4.320106200000000172e+02
8.130301374810318293e+02,4.320106200000000172e+02
8.129088687346087454e+02,4.320106200000000172e+02
8.130306925918907837e+02,4.320106200000000172e+02
8.130917431142261194e+02,4.320106200000000172e+02
8.132744788476118174e+02,4.320106200000000172e+02
8.132746174938434933e+02,4.320106200000000172e+02
8.133965106479726046e+02,4.320106200000000172e+02
8.134574918734608673e+02,4.320106200000000172e+02
8.580751299999999446e+02,3.499466600000000085e+02
8.136403662530781276e+02,4.320106200000000172e+02
8.137623287040545392e+02,4.320106200000000172e+02
8.138232406326955015e+02,4.320106200000000172e+02
8.140063923047762273e+02,4.320106200000000172e+02
8.140061150123128755e+02,4.320106200000000172e+02
8.141281467601363602e+02,4.320106200000000172e+02
8.141889893919302494e+02,4.320106200000000172e+02
8.144950750379362034e+02,4.320106200000000172e+02
8.143718637715476234e+02,4.320106200000000172e+02
8.144939648162181811e+02,4.320106200000000172e+02
8.145547381511649974e+02,4.320106200000000172e+02
8.147383057619407509e+02,4.320106200000000172e+02
8.147376125307822576e+02,4.320106200000000172e+02
8.148597828723000021e+02,4.320106200000000172e+02
8.149204869103996316e+02,4.320106200000000172e+02
8.154746685410333384e+02,4.320106200000000172e+02
8.151033612900170056e+02,4.320106200000000172e+02
8.152256009283819367e+02,4.320106200000000172e+02
8.152862356696343795e+02,4.320106200000000172e+02
8.154702192191052745e+02,4.320106200000000172e+02
8.154691100492517535e+02,4.320106200000000172e+02
8.155914189844637576e+02,4.320106200000000172e+02
8.156519844288690138e+02,4.320106200000000172e+02
8.159600125948405775e+02,4.320106200000000172e+02
8.158348588084863877e+02,4.320106200000000172e+02
8.159572370405455786e+02,4.320106200000000172e+02
8.160177331881037617e+02,4.320106200000000172e+02
8.162021326762697981e+02,4.320106200000000172e+02
8.162006075677211356e+02,4.320106200000000172e+02
8.163230550966273995e+02,4.320106200000000172e+02
8.163834819473385096e+02,4.320106200000000172e+02
8.174428152439023734e+02,4.320106200000000172e+02
8.165663563269557699e+02,4.320106200000000172e+02
8.166888731527093341e+02,4.320106200000000172e+02
8.167492307065731438e+02,4.320106200000000172e+02
8.169340461334343217e+02,4.320106200000000172e+02
8.169321050861905178e+02,4.320106200000000172e+02
8.170546912087911551e+02,4.320106200000000172e+02
8.171149794658078918e+02,4.320106200000000172e+02
8.174249501517450653e+02,4.320106200000000172e+02
8.172978538454252657e+02,4.320106200000000172e+02
8.174205092648729760e+02,4.320106200000000172e+02
8.174807282250425260e+02,4.320106200000000172e+02
8.176659595905988454e+02,4.320106200000000172e+02
8.176636026046599000e+02,4.320106200000000172e+02
8.177863273209547970e+02,4.320106200000000172e+02
8.178464769842772739e+02,4.320106200000000172e+02
8.184089963525834719e+02,4.320106200000000172e+02
8.180293513638946479e+02,4.320106200000000172e+02
8.181521453770367316e+02,4.320106200000000172e+02
8.182122257435120218e+02,4.320106200000000172e+02
8.183978730477633690e+02,4.320106200000000172e+02
8.183951001231292821e+02,4.320106200000000172e+02
8.185179634331185525e+02,4.320106200000000172e+02
8.185779745027466561e+02,4.320106200000000172e+02
8.188898877086494394e+02,4.320106200000000172e+02
8.187608488823640300e+02,4.320106200000000172e+02
8.188837814892003735e+02,4.320106200000000172e+02
8.189437232619814040e+02,4.320106200000000172e+02
8.191297865049278926e+02,4.320106200000000172e+02
8.191265976415987780e+02,4.320106200000000172e+02
8.192495995452821944e+02,4.320106200000000172e+02
8.193094720212160382e+02,4.320106200000000172e+02
8.497795399999999972e+02,3.527995599999999854e+02
8.194923464008334122e+02,4.320106200000000172e+02
8.196154176013641290e+02,4.320106200000000172e+02
8.196752207804507862e+02,4.320106200000000172e+02
8.198616999620924162e+02,4.320106200000000172e+02
8.198580951600681601e+02,4.320106200000000172e+02
8.199812356574459500e+02,4.320106200000000172e+02
8.200409695396855341e+02,4.320106200000000172e+02
8.203548252655538136e+02,4.320106200000000172e+02
8.202238439193027943e+02,4.320106200000000172e+02
8.203470537135277709e+02,4.320106200000000172e+02
8.204067182989201683e+02,4.320106200000000172e+02
8.205936134192569398e+02,4.320106200000000172e+02
8.205895926785375423e+02,4.320106200000000172e+02
8.207128717696095919e+02,4.320106200000000172e+02
8.207724670581549162e+02,4.320106200000000172e+02
8.213433241641337190e+02,3.878613300000000095e+02
8.209553414377722902e+02,4.320106200000000172e+02
8.210786898256915265e+02,4.320106200000000172e+02
8.211382158173895505e+02,4.320106200000000172e+02
8.213255268764214634e+02,3.878613300000000095e+02
8.213210901970069244e+02,3.878613300000000095e+02
8.214445078817733474e+02,3.878613300000000095e+02
8.215039645766242984e+02,3.878613300000000095e+02
8.218197628224581877e+02,3.878613300000000095e+02
8.216868389562416723e+02,3.878613300000000095e+02
8.218103259378551684e+02,3.878613300000000095e+02
8.218697133358590463e+02,3.878613300000000095e+02
8.220574403335859870e+02,4.067365699999999720e+02
8.220525877154764203e+02,4.067365699999999720e+02
8.221761439939369893e+02,4.067365699999999720e+02
8.222354620950936805e+02,4.067365699999999720e+02
8.233293631097560592e+02,4.067365699999999720e+02
8.224183364747110545e+02,4.067365699999999720e+02
8.225419620500189239e+02,4.067365699999999720e+02
8.226012108543284285e+02,4.067365699999999720e+02
8.227893537907505106e+02,4.067365699999999720e+02
8.227840852339458024e+02,4.067365699999999720e+02
8.229077801061007449e+02,4.067365699999999720e+02
8.229669596135631764e+02,4.067365699999999720e+02
8.232847003793626754e+02,4.067365699999999720e+02
8.231498339931804367e+02,4.067365699999999720e+02
8.232735981621825658e+02,4.067365699999999720e+02
8.233327083727978106e+02,4.067365699999999720e+02
8.235212672479150342e+02,4.067365699999999720e+02
8.235155827524151846e+02,4.067365699999999720e+02
8.236394162182643868e+02,4.067365699999999720e+02
8.236984571320325585e+02,4.067365699999999720e+02
8.242776519756838525e+02,4.494341999999999757e+02
8.238813315116499325e+02,4.494341999999999757e+02
8.240052342743463214e+02,4.494341999999999757e+02
8.240642058912671928e+02,4.494341999999999757e+02
8.242531807050795578e+02,4.494341999999999757e+02
8.242470802708845667e+02,4.494341999999999757e+02
8.243710523304281423e+02,4.494341999999999757e+02
8.244299546505019407e+02,4.494341999999999757e+02
8.247496379362670496e+02,4.494341999999999757e+02
8.246128290301193147e+02,4.494341999999999757e+02
8.247368703865099633e+02,4.494341999999999757e+02
8.247957034097366886e+02,4.494341999999999757e+02
8.249850941622440814e+02,4.494341999999999757e+02
8.249785777893539489e+02,4.494341999999999757e+02
8.251026884425917842e+02,4.494341999999999757e+02
8.251614521689713229e+02,4.494341999999999757e+02
8.444085000000000036e+02,3.564277299999999968e+02
8.253443265485886968e+02,3.789123500000000035e+02
8.254685064986736052e+02,3.789123500000000035e+02
8.255272009282060708e+02,3.789123500000000035e+02
8.257170076194086050e+02,3.789123500000000035e+02
8.257100753078234447e+02,3.789123500000000035e+02
8.258343245547555398e+02,3.789123500000000035e+02
8.258929496874407050e+02,3.789123500000000035e+02
8.262145754931714237e+02,3.789123500000000035e+02
8.260758240670580790e+02,3.789123500000000035e+02
8.262001426108373607e+02,3.789123500000000035e+02
8.262586984466754529e+02,3.789123500000000035e+02
8.264489210765731286e+02,3.789123500000000035e+02
8.264415728262928269e+02,3.789123500000000035e+02
8.265659606669191817e+02,3.789123500000000035e+02
8.266244472059102009e+02,3.789123500000000035e+02
8.272119797872339859e+02,3.789123500000000035e+02
8.268073215855274611e+02,3.789123500000000035e+02
8.269317787230010026e+02,3.789123500000000035e+02
8.269901959651448351e+02,3.789123500000000035e+02
8.271808345337376522e+02,3.789123500000000035e+02
8.271730703447622091e+02,3.789123500000000035e+02
8.272975967790829372e+02,3.789123500000000035e+02
8.273559447243795830e+02,3.789123500000000035e+02
8.276795130500757978e+02,3.789123500000000035e+02
8.275388191039969570e+02,3.789123500000000035e+02
8.276634148351647582e+02,3.789123500000000035e+02
8.277216934836142173e+02,3.789123500000000035e+02
8.279127479909021758e+02,3.789123500000000035e+02
8.279045678632315912e+02,3.789123500000000035e+02
8.280292328912465791e+02,3.789123500000000035e+02
8.280874422428489652e+02,3.789123500000000035e+02
8.292159109756097450e+02,3.789123500000000035e+02
8.282703166224663391e+02,3.789123500000000035e+02
8.283950509473284001e+02,3.789123500000000035e+02
8.284531910020837131e+02,3.789123500000000035e+02
8.286446614480666994e+02,3.789123500000000035e+02
8.286360653817009734e+02,3.789123500000000035e+02
8.287608690034103347e+02,3.789123500000000035e+02
8.288189397613183473e+02,3.789123500000000035e+02
8.291444506069802856e+02,3.789123500000000035e+02
8.290018141409357213e+02,3.789123500000000035e+02
8.291266870594921556e+02,3.789123500000000035e+02
8.291846885205530953e+02,3.789123500000000035e+02
8.293765749052312231e+02,3.789123500000000035e+02
8.293675629001704692e+02,3.789123500000000035e+02
8.294925051155739766e+02,3.789123500000000035e+02
8.295504372797878432e+02,3.789123500000000035e+02
8.301463075987841194e+02,3.789123500000000035e+02
8.297333116594051035e+02,3.789123500000000035e+02
8.298583231716557975e+02,3.789123500000000035e+02
8.299161860390224774e+02,3.789123500000000035e+02
8.301084883623956330e+02,3.789123500000000035e+02
8.300990604186398514e+02,3.789123500000000035e+02
8.302241412277377322e+02,3.789123500000000035e+02
8.302819347982572253e+02,3.789123500000000035e+02
8.306093881638846597e+02,3.789123500000000035e+02
8.304648091778745993e+02,3.789123500000000035e+02
8.305899592838195531e+02,3.789123500000000035e+02
8.306476835574918596e+02,3.789123500000000035e+02
8.308404018195601566e+02,3.789123500000000035e+02
8.308305579371092335e+02,3.789123500000000035e+02
8.309557773399013740e+02,3.789123500000000035e+02
8.310134323167266075e+02,3.789123500000000035e+02
8.415113000000000056e+02,3.639586199999999963e+02
8.311963066963439815e+02,3.648934300000000235e+02
8.313215953959831950e+02,3.648934300000000235e+02
8.313791810759613554e+02,3.648934300000000235e+02
8.315723152767246802e+02,4.645255000000000223e+02
8.315620554555786157e+02,4.645255000000000223e+02
8.316874134520651296e+02,4.645255000000000223e+02
8.317449298351959897e+02,4.645255000000000223e+02
8.320743257207890338e+02,3.589717999999999734e+02
8.319278042148133636e+02,3.589717999999999734e+02
8.320532315081469505e+02,3.589717999999999734e+02
8.321106785944307376e+02,3.589717999999999734e+02
8.323042287338892038e+02,3.589717999999999734e+02
8.322935529740481115e+02,3.589717999999999734e+02
8.324190495642287715e+02,3.589717999999999734e+02
8.324764273536653718e+02,3.589717999999999734e+02
8.330806354103342528e+02,3.557990699999999720e+02
8.326593017332827458e+02,3.557990699999999720e+02
8.327848676203105924e+02,3.557990699999999720e+02
8.328421761129001197e+02,3.557990699999999720e+02
8.330361421910537274e+02,3.557990699999999720e+02
8.330250504925174937e+02,3.557990699999999720e+02
8.331506856763925271e+02,3.557990699999999720e+02
8.332079248721348677e+02,3.557990699999999720e+02
8.335392632776934079e+02,3.557990699999999720e+02
8.333907992517521279e+02,3.557990699999999720e+02
8.335165037324743480e+02,3.557990699999999720e+02
8.335736736313695019e+02,3.557990699999999720e+02
8.337680556482182510e+02,3.557990699999999720e+02
8.337565480109868759e+02,3.557990699999999720e+02
8.338823217885561689e+02,3.571994599999999878e+02
8.339394223906042498e+02,3.571994599999999878e+02
8.351024588414634309e+02,3.571994599999999878e+02
8.341222967702216238e+02,3.571994599999999878e+02
8.342481398446379899e+02,3.571994599999999878e+02
8.343051711498388840e+02,3.571994599999999878e+02
8.344999691053827746e+02,3.571994599999999878e+02
8.344880455294562580e+02,3.571994599999999878e+02
8.346139579007199245e+02,3.571994599999999878e+02
8.346709199090736320e+02,3.571994599999999878e+02
8.350042008345978957e+02,3.571994599999999878e+02
8.348537942886910059e+02,3.571994599999999878e+02
8.349797759568017455e+02,3.571994599999999878e+02
8.350366686683083799e+02,3.571994599999999878e+02
8.352318825625472982e+02,3.571994599999999878e+02
8.352195430479256402e+02,3.571994599999999878e+02
8.353455940128835664e+02,3.571994599999999878e+02
8.354024174275430141e+02,3.571994599999999878e+02
8.360149632218843863e+02,3.571994599999999878e+02
8.355852918071603881e+02,3.571994599999999878e+02
8.357114120689653873e+02,3.571994599999999878e+02
8.357681661867777621e+02,3.571994599999999878e+02
8.359637960197118218e+02,3.571994599999999878e+02
8.359510405663951360e+02,3.571994599999999878e+02
8.360772301250473220e+02,3.571994599999999878e+02
8.361339149460123963e+02,3.571994599999999878e+02
8.364691383915022698e+02,3.571994599999999878e+02
8.363167893256297702e+02,3.571994599999999878e+02
8.364430481811291429e+02,3.571994599999999878e+02
8.364996637052471442e+02,3.571994599999999878e+02
8.366957094768763454e+02,3.571994599999999878e+02
8.366825380848645182e+02,3.571994599999999878e+02
8.368088662372109638e+02,3.571994599999999878e+02
8.368654124644818921e+02,3.571994599999999878e+02
8.428993000000000393e+02,3.671761500000000069e+02
8.370482868440992661e+02,3.639586199999999963e+02
8.371746842932927848e+02,3.639586199999999963e+02
8.372311612237165264e+02,3.639586199999999963e+02
8.374276229340408690e+02,3.639586199999999963e+02
8.374140356033339003e+02,3.639586199999999963e+02
8.375405023493747194e+02,3.639586199999999963e+02
8.375969099829512743e+02,3.639586199999999963e+02
8.379340759484066439e+02,3.639586199999999963e+02
8.377797843625686482e+02,3.639586199999999963e+02
8.379063204054565404e+02,3.639586199999999963e+02
8.379626587421860222e+02,3.639586199999999963e+02
8.381595363912053926e+02,3.639586199999999963e+02
8.381455331218032825e+02,3.639586199999999963e+02
8.382721384615383613e+02,3.639586199999999963e+02
8.383284075014206564e+02,3.639586199999999963e+02
8.389492910334346334e+02,3.639586199999999963e+02
8.385112818810380304e+02,3.639586199999999963e+02
8.386379565176201822e+02,3.639586199999999963e+02
8.386941562606554044e+02,3.639586199999999963e+02
8.388914498483699163e+02,3.639586199999999963e+02
8.388770306402727783e+02,3.639586199999999963e+02
8.390037745737021169e+02,3.639586199999999963e+02
8.390599050198900386e+02,3.639586199999999963e+02
8.393990135053110180e+02,3.639586199999999963e+02
8.392427793995074126e+02,3.639586199999999963e+02
8.393695926297839378e+02,3.639586199999999963e+02
8.394256537791247865e+02,3.639586199999999963e+02
8.396233633055344399e+02,3.639586199999999963e+02
8.396085281587421605e+02,3.639586199999999963e+02
8.397354106858657588e+02,3.639586199999999963e+02
8.397914025383595344e+02,3.639586199999999963e+02
8.409890067073170030e+02,3.639586199999999963e+02
8.399742769179767947e+02,3.639586199999999963e+02
8.401012287419475797e+02,3.639586199999999963e+02
8.401571512975941687e+02,3.639586199999999963e+02
8.403552767626989635e+02,3.639586199999999963e+02
8.403400256772115426e+02,3.639586199999999963e+02
8.404670467980295143e+02,3.639586199999999963e+02
8.405229000568289166e+02,3.639586199999999963e+02
8.408639510622153921e+02,3.639586199999999963e+02
8.407057744364462906e+02,3.639586199999999963e+02
8.408328648541113353e+02,3.639586199999999963e+02
8.408886488160635508e+02,3.639586199999999963e+02
8.410871902198634871e+02,3.639586199999999963e+02
8.410715231956809248e+02,3.639586199999999963e+02
8.411986829101931562e+02,3.639586199999999963e+02
8.412543975752982988e+02,3.639586199999999963e+02
8.418836188449847668e+02,3.639586199999999963e+02
8.414372719549156727e+02,3.639586199999999963e+02
8.415645009662749771e+02,3.639586199999999963e+02
8.416201463345330467e+02,3.639586199999999963e+02
8.418191036770280107e+02,3.639586199999999963e+02
8.418030207141503070e+02,3.639586199999999963e+02
8.419303190223569118e+02,3.639586199999999963e+02
8.419858950937676809e+02,3.639586199999999963e+02
8.423288886191198799e+02,4.772518299999999840e+02
8.421687694733850549e+02,4.772518299999999840e+02
8.422961370784387327e+02,4.772518299999999840e+02
8.423516438530024288e+02,4.772518299999999840e+02
8.425510171341925343e+02,4.772518299999999840e+02
8.425345182326198028e+02,4.772518299999999840e+02
8.426619551345205537e+02,4.772518299999999840e+02
8.427173926122370631e+02,4.772518299999999840e+02
8.467232999999999947e+02,3.688643799999999828e+02
8.429002669918544370e+02,3.671761500000000069e+02
8.430277731906023746e+02,3.671761500000000069e+02
8.430831413714718110e+02,3.671761500000000069e+02
8.432829305913570579e+02,3.671761500000000069e+02
8.432660157510891850e+02,3.671761500000000069e+02
8.433935912466843092e+02,3.671761500000000069e+02
8.434488901307065589e+02,3.671761500000000069e+02
8.437938261760242540e+02,3.564277299999999968e+02
8.436317645103238192e+02,3.564277299999999968e+02
8.437594093027661302e+02,3.564277299999999968e+02
8.438146388899411932e+02,3.564277299999999968e+02
8.440148440485215815e+02,3.564277299999999968e+02
8.439975132695585671e+02,3.564277299999999968e+02
8.441252273588479511e+02,3.564277299999999968e+02
8.441803876491759411e+02,3.564277299999999968e+02
8.448179466565349003e+02,3.564277299999999968e+02
8.443632620287933150e+02,3.564277299999999968e+02
8.444910454149297721e+02,3.564277299999999968e+02
8.445461364084105753e+02,3.564277299999999968e+02
8.447467575056861051e+02,3.564277299999999968e+02
8.447290107880279493e+02,3.564277299999999968e+02
8.448568634710117067e+02,3.564277299999999968e+02
8.449118851676453232e+02,3.564277299999999968e+02
8.452587637329286281e+02,3.564277299999999968e+02
8.450947595472626972e+02,3.564277299999999968e+02
8.452226815270935276e+02,3.564277299999999968e+02
8.452776339268800712e+02,3.564277299999999968e+02
8.454786709628506287e+02,3.564277299999999968e+02
8.454605083064974451e+02,3.564277299999999968e+02
8.455884995831753486e+02,3.564277299999999968e+02
8.456433826861147054e+02,3.564277299999999968e+02
8.468755545731706889e+02,3.688643799999999828e+02
8.458262570657320794e+02,3.688643799999999828e+02
8.459543176392571695e+02,3.688643799999999828e+02
8.460091314453494533e+02,3.688643799999999828e+02
8.462105844200150386e+02,3.688643799999999828e+02
8.461920058249668273e+02,3.688643799999999828e+02
8.463201356953391041e+02,3.688643799999999828e+02
8.463748802045842012e+02,3.688643799999999828e+02
8.467237012898330022e+02,3.688643799999999828e+02
8.465577545842014615e+02,3.688643799999999828e+02
8.466859537514209251e+02,3.688643799999999828e+02
8.467406289638188355e+02,3.688643799999999828e+02
8.469424978771795622e+02,3.688643799999999828e+02
8.469235033434362094e+02,3.688643799999999828e+02
8.470517718075027460e+02,3.688643799999999828e+02
8.471063777230535834e+02,3.688643799999999828e+02
8.477522744680850337e+02,3.688643799999999828e+02
8.472892521026709574e+02,3.688643799999999828e+02
8.474175898635845670e+02,3.688643799999999828e+02
8.474721264822882176e+02,3.688643799999999828e+02
8.476744113343440858e+02,3.688643799999999828e+02
8.476550008619055916e+02,3.688643799999999828e+02
8.477834079196665016e+02,3.688643799999999828e+02
8.478378752415229656e+02,3.688643799999999828e+02
8.481886388467374900e+02,3.688643799999999828e+02
8.480207496211403395e+02,3.688643799999999828e+02
8.481492259757483225e+02,3.688643799999999828e+02
8.482036240007577135e+02,3.688643799999999828e+02
8.484063247915086095e+02,3.688643799999999828e+02
8.483864983803749737e+02,3.688643799999999828e+02
8.485150440318301435e+02,3.688643799999999828e+02
8.485693727599923477e+02,3.688643799999999828e+02
8.609116000000000213e+02,3.719839000000000055e+02
8.487522471396097217e+02,3.527995599999999854e+02
8.488808620879119644e+02,3.527995599999999854e+02
8.489351215192270956e+02,3.527995599999999854e+02
8.491382382486731331e+02,3.527995599999999854e+02
8.491179958988444696e+02,3.527995599999999854e+02
8.492466801439938990e+02,3.527995599999999854e+02
8.493008702784617299e+02,3.527995599999999854e+02
8.496535764036418641e+02,3.527995599999999854e+02
8.494837446580791038e+02,3.527995599999999854e+02
8.496124982000757200e+02,3.527995599999999854e+02
8.496666190376964778e+02,3.527995599999999854e+02
8.498701517058376567e+02,3.527995599999999854e+02
8.498494934173138518e+02,3.527995599999999854e+02
8.499783162561575409e+02,3.527995599999999854e+02
8.500323677969312257e+02,3.527995599999999854e+02
8.506866022796351672e+02,3.527995599999999854e+02
8.502152421765484860e+02,3.527995599999999854e+02
8.503441343122393619e+02,3.527995599999999854e+02
8.503981165561658599e+02,3.527995599999999854e+02
8.506020651630021803e+02,3.527995599999999854e+02
8.505809909357832339e+02,3.527995599999999854e+02
8.507099523683212965e+02,3.527995599999999854e+02
8.507638653154006079e+02,3.527995599999999854e+02
8.511185139605462382e+02,3.527995599999999854e+02
8.509467396950179818e+02,3.527995599999999854e+02
8.510757704244031174e+02,3.527995599999999854e+02
8.511296140746352421e+02,3.527995599999999854e+02
8.513339786201667039e+02,3.527995599999999854e+02
8.513124884542526161e+02,3.527995599999999854e+02
8.514415884804849384e+02,3.527995599999999854e+02
8.514953628338699900e+02,3.527995599999999854e+02
8.527621024390243747e+02,3.527995599999999854e+02
8.516782372134873640e+02,3.527995599999999854e+02
8.518074065365667593e+02,3.527995599999999854e+02
8.518611115931047379e+02,3.527995599999999854e+02
8.520658920773312275e+02,3.527995599999999854e+02
8.520439859727219982e+02,3.527995599999999854e+02
8.521732245926486939e+02,3.527995599999999854e+02
8.522268603523393722e+02,3.527995599999999854e+02
8.525834515174506123e+02,3.527995599999999854e+02
8.524097347319567461e+02,3.527995599999999854e+02
8.525390426487305149e+02,3.527995599999999854e+02
8.525926091115741201e+02,3.527995599999999854e+02
8.527978055344957511e+02,3.527995599999999854e+02
8.527754834911914941e+02,3.527995599999999854e+02
8.529048607048123358e+02,3.527995599999999854e+02
8.529583578708088680e+02,3.527995599999999854e+02
8.536209300911853006e+02,3.527995599999999854e+02
8.531412322504261283e+02,3.527995599999999854e+02
8.532706787608941568e+02,3.527995599999999854e+02
8.533241066300435023e+02,3.527995599999999854e+02
8.535297189916602747e+02,3.527995599999999854e+02
8.535069810096608762e+02,3.527995599999999854e+02
8.536364968169760914e+02,3.527995599999999854e+02
8.536898553892782502e+02,3.527995599999999854e+02
8.540483890743551001e+02,3.527995599999999854e+02
8.538727297688956241e+02,3.527995599999999854e+02
8.540023148730579123e+02,3.527995599999999854e+02
8.540556041485128844e+02,3.527995599999999854e+02
8.542616324488247983e+02,3.527995599999999854e+02
8.542384785281302584e+02,3.527995599999999854e+02
8.543681329291397333e+02,3.527995599999999854e+02
8.544213529077476323e+02,3.527995599999999854e+02
8.871168000000000120e+02,3.725197800000000257e+02
8.546042272873650063e+02,4.893304400000000101e+02
8.547339509852215542e+02,4.893304400000000101e+02
8.547871016669823803e+02,4.893304400000000101e+02
8.549935459059893219e+02,4.893304400000000101e+02
8.549699760465996405e+02,4.893304400000000101e+02
8.550997690413034888e+02,4.893304400000000101e+02
8.551528504262170145e+02,4.893304400000000101e+02
8.555133266312594742e+02,4.893304400000000101e+02
8.553357248058343885e+02,4.893304400000000101e+02
8.554655870973853098e+02,4.893304400000000101e+02
8.555185991854517624e+02,4.893304400000000101e+02
8.557254593631538455e+02,4.893304400000000101e+02
8.557014735650691364e+02,4.893304400000000101e+02
8.558314051534671307e+02,4.893304400000000101e+02
8.558843479446863967e+02,4.893304400000000101e+02
8.565552579027354341e+02,4.893304400000000101e+02
8.560672223243037706e+02,4.893304400000000101e+02
8.561972232095489517e+02,4.893304400000000101e+02
8.562500967039211446e+02,4.893304400000000101e+02
8.564573728203183691e+02,4.893304400000000101e+02
8.564329710835385185e+02,4.893304400000000101e+02
8.565630412656308863e+02,4.893304400000000101e+02
8.566158454631558925e+02,4.893304400000000101e+02
8.569782641881638483e+02,4.893304400000000101e+02
8.567987198427731528e+02,4.893304400000000101e+02
8.569288593217127072e+02,4.893304400000000101e+02
8.569815942223905267e+02,4.893304400000000101e+02
8.571892862774828927e+02,4.893304400000000101e+02
8.571644686020079007e+02,4.893304400000000101e+02
8.572946773777945282e+02,4.893304400000000101e+02
8.573473429816252747e+02,4.893304400000000101e+02
8.586486503048780605e+02,3.499466600000000085e+02
8.575302173612426486e+02,4.893304400000000101e+02
8.576604954338763491e+02,4.893304400000000101e+02
8.577130917408599089e+02,4.893304400000000101e+02
8.579211997346474163e+02,3.499466600000000085e+02
8.578959661204772829e+02,3.499466600000000085e+02
8.580263134899582838e+02,3.499466600000000085e+02
8.580788405000946568e+02,3.499466600000000085e+02
8.584432017450682224e+02,3.499466600000000085e+02
8.582617148797120308e+02,3.499466600000000085e+02
8.583921315460401047e+02,3.499466600000000085e+02
8.584445892593294047e+02,3.499466600000000085e+02
8.586531131918119399e+02,3.499466600000000085e+02
8.586274636389466650e+02,3.499466600000000085e+02
8.587579496021219256e+02,3.499466600000000085e+02
8.588103380185640390e+02,3.499466600000000085e+02
8.594895857142856812e+02,3.499466600000000085e+02
8.589932123981814129e+02,3.499466600000000085e+02
8.591237676582037466e+02,3.499466600000000085e+02
8.591760867777987869e+02,3.499466600000000085e+02
8.593850266489764635e+02,3.499466600000000085e+02
8.593589611574161609e+02,3.499466600000000085e+02
8.594895857142856812e+02,3.499466600000000085e+02
8.595418355370334211e+02,3.499466600000000085e+02
8.599081393019725965e+02,3.499466600000000085e+02
8.597247099166507951e+02,3.499466600000000085e+02
8.598554037703675021e+02,3.499466600000000085e+02
8.599075842962681691e+02,3.499466600000000085e+02
8.601169401061409872e+02,3.499466600000000085e+02
8.600904586758855430e+02,3.499466600000000085e+02
8.602212218264493231e+02,3.499466600000000085e+02
8.602733330555029170e+02,3.499466600000000085e+02
9.096329299999999876e+02,3.696490499999999884e+02
8.604562074351201773e+02,3.719839000000000055e+02
8.605870398825311440e+02,3.719839000000000055e+02
8.606390818147375512e+02,3.719839000000000055e+02
8.608488535633055108e+02,3.719839000000000055e+02
8.608219561943549252e+02,3.719839000000000055e+02
8.609528579386130787e+02,3.719839000000000055e+02
8.610048305739722991e+02,3.719839000000000055e+02
8.613730768588770843e+02,3.719839000000000055e+02
8.611877049535896731e+02,3.719839000000000055e+02
8.613186759946948996e+02,3.719839000000000055e+02
8.613705793332070471e+02,3.719839000000000055e+02
8.615807670204700344e+02,3.719839000000000055e+02
8.615534537128243073e+02,3.719839000000000055e+02
8.616844940507767205e+02,3.719839000000000055e+02
8.617363280924416813e+02,3.719839000000000055e+02
8.624239135258358147e+02,3.719839000000000055e+02
8.619192024720590553e+02,3.719839000000000055e+02
8.620503121068585415e+02,3.719839000000000055e+02
8.621020768516764292e+02,3.719839000000000055e+02
8.623126804776345580e+02,3.719839000000000055e+02
8.622849512312938032e+02,3.719839000000000055e+02
8.624161301629404761e+02,3.719839000000000055e+02
8.624678256109110634e+02,3.719839000000000055e+02
8.628380144157814584e+02,3.719839000000000055e+02
8.626506999905284374e+02,3.719839000000000055e+02
8.627819482190222971e+02,3.719839000000000055e+02
8.628335743701458114e+02,3.719839000000000055e+02
8.630445939347989679e+02,3.719839000000000055e+02
8.630164487497631853e+02,3.719839000000000055e+02
8.631477662751041180e+02,3.719839000000000055e+02
8.631993231293805593e+02,3.719839000000000055e+02
8.645351981707316327e+02,3.719839000000000055e+02
8.633821975089978196e+02,3.719839000000000055e+02
8.635135843311859389e+02,3.719839000000000055e+02
8.635650718886151935e+02,3.719839000000000055e+02
8.637765073919634915e+02,3.719839000000000055e+02
8.637479462682325675e+02,3.719839000000000055e+02
8.638794023872678736e+02,3.719839000000000055e+02
8.639308206478499415e+02,3.719839000000000055e+02
8.643029519726858325e+02,3.719839000000000055e+02
8.641136950274673154e+02,3.719839000000000055e+02
8.642452204433496945e+02,3.719839000000000055e+02
8.642965694070845757e+02,3.719839000000000055e+02
8.645084208491280151e+02,3.719839000000000055e+02
8.644794437867019496e+02,3.719839000000000055e+02
8.646110384994315154e+02,3.719839000000000055e+02
8.646623181663193236e+02,3.719839000000000055e+02
8.653582413373859481e+02,3.719839000000000055e+02
8.648451925459366976e+02,3.719839000000000055e+02
8.649768565555133364e+02,3.719839000000000055e+02
8.650280669255540715e+02,3.719839000000000055e+02
8.652403343062925387e+02,3.719839000000000055e+02
8.652109413051713318e+02,3.719839000000000055e+02
8.653426746115952710e+02,3.719839000000000055e+02
8.653938156847887058e+02,3.719839000000000055e+02
8.657678895295902066e+02,3.719839000000000055e+02
8.655766900644060797e+02,3.719839000000000055e+02
8.657084926676770920e+02,3.719839000000000055e+02
8.657595644440234537e+02,3.719839000000000055e+02
8.659722477634570623e+02,3.719839000000000055e+02
8.659424388236408276e+02,3.719839000000000055e+02
8.660743107237589129e+02,3.719839000000000055e+02
8.661253132032580879e+02,3.719839000000000055e+02
9.341155999999999722e+02,3.646678499999999872e+02
8.663081875828754619e+02,3.500084200000000010e+02
8.664401287798407338e+02,3.500084200000000010e+02
8.664910619624928358e+02,3.500084200000000010e+02
8.667041612206215859e+02,3.500084200000000010e+02
8.666739363421102098e+02,3.500084200000000010e+02
8.668059468359226685e+02,3.500084200000000010e+02
8.668568107217275838e+02,3.500084200000000010e+02
8.672328270864946944e+02,3.500084200000000010e+02
8.670396851013448440e+02,3.500084200000000010e+02
8.671717648920044894e+02,3.500084200000000010e+02
8.672225594809622180e+02,3.500084200000000010e+02
8.674360746777861095e+02,3.500084200000000010e+02
8.674054338605795920e+02,3.500084200000000010e+02
8.675375829480863104e+02,3.500084200000000010e+02
8.675883082401969659e+02,3.500084200000000010e+02
8.682925691489360815e+02,3.500084200000000010e+02
8.677711826198143399e+02,3.500084200000000010e+02
8.679034010041681313e+02,3.500084200000000010e+02
8.679540569994316002e+02,3.500084200000000010e+02
8.681679881349506331e+02,3.500084200000000010e+02
8.681369313790489741e+02,3.500084200000000010e+02
8.682692190602500659e+02,3.500084200000000010e+02
8.683198057586663481e+02,3.500084200000000010e+02
8.686977646433990685e+02,3.500084200000000010e+02
8.685026801382837220e+02,3.500084200000000010e+02
8.686350371163318869e+02,3.500084200000000010e+02
8.686855545179010960e+02,3.500084200000000010e+02
8.688999015921151567e+02,3.500084200000000010e+02
8.688684288975184700e+02,3.500084200000000010e+02
8.690008551724137078e+02,3.500084200000000010e+02
8.690513032771357302e+02,3.500084200000000010e+02
8.704217460365853185e+02,3.500084200000000010e+02
8.692341776567531042e+02,3.500084200000000010e+02
8.693666732284955287e+02,3.500084200000000010e+02
8.694170520363704782e+02,3.500084200000000010e+02
8.696318150492796804e+02,3.500084200000000010e+02
8.695999264159878521e+02,3.500084200000000010e+02
8.697324912845774634e+02,3.500084200000000010e+02
8.697828007956052261e+02,3.500084200000000010e+02
8.701627022003034426e+02,3.500084200000000010e+02
8.699656751752224864e+02,3.500084200000000010e+02
8.700983093406592843e+02,3.500084200000000010e+02
8.701485495548398603e+02,3.500084200000000010e+02
8.703637285064442040e+02,3.500084200000000010e+02
8.703314239344572343e+02,3.500084200000000010e+02
8.704641273967411053e+02,3.500084200000000010e+02
8.705142983140746082e+02,3.500084200000000010e+02
8.712268969604862150e+02,3.500084200000000010e+02
8.706971726936919822e+02,3.500084200000000010e+02
8.708299454528229262e+02,3.500084200000000010e+02
8.708800470733092425e+02,3.500084200000000010e+02
8.710956419636087276e+02,3.500084200000000010e+02
8.710629214529266164e+02,3.500084200000000010e+02
8.711957635089048608e+02,3.500084200000000010e+02
8.712457958325439904e+02,3.500084200000000010e+02
8.716276397572078167e+02,3.500084200000000010e+02
8.714286702121613644e+02,3.500084200000000010e+02
8.715615815649866818e+02,3.500084200000000010e+02
8.716115445917787383e+02,3.500084200000000010e+02
8.718275554207732512e+02,3.500084200000000010e+02
8.717944189713959986e+02,3.500084200000000010e+02
8.719273996210685027e+02,3.500084200000000010e+02
8.719772933510133726e+02,3.500084200000000010e+02
9.509702999999999520e+02,3.632741700000000264e+02
8.721601677306307465e+02,4.940103799999999978e+02
8.722932176771503237e+02,4.940103799999999978e+02
8.723430421102481205e+02,4.940103799999999978e+02
8.725594688779377748e+02,4.940103799999999978e+02
8.725259164898654944e+02,4.940103799999999978e+02
8.726590357332321446e+02,4.940103799999999978e+02
8.727087908694827547e+02,4.940103799999999978e+02
8.730925773141123045e+02,4.940103799999999978e+02
8.728916652491001287e+02,4.940103799999999978e+02
8.730248537893140792e+02,4.940103799999999978e+02
8.730745396287175026e+02,4.940103799999999978e+02
8.732913823351022984e+02,4.940103799999999978e+02
8.732574140083348766e+02,4.940103799999999978e+02
8.733906718453959002e+02,4.940103799999999978e+02
8.734402883879522506e+02,4.940103799999999978e+02
8.741612247720363484e+02,4.940103799999999978e+02
8.736231627675695108e+02,4.940103799999999978e+02
8.737564899014777211e+02,4.940103799999999978e+02
8.738060371471868848e+02,4.940103799999999978e+02
8.740232957922668220e+02,4.940103799999999978e+02
8.739889115268042588e+02,4.940103799999999978e+02
8.741223079575595420e+02,4.940103799999999978e+02
8.741717859064216327e+02,4.940103799999999978e+02
8.745575148710166786e+02,4.940103799999999978e+02
8.743546602860390067e+02,4.940103799999999978e+02
8.744881260136414767e+02,4.940103799999999978e+02
8.745375346656562670e+02,4.940103799999999978e+02
8.747552092494313456e+02,4.940103799999999978e+02
8.747204090452736409e+02,4.940103799999999978e+02
8.748539440697232976e+02,4.940103799999999978e+02
8.749032834248910149e+02,4.940103799999999978e+02
8.763082939024390043e+02,4.940103799999999978e+02
8.750861578045083888e+02,4.940103799999999978e+02
8.752197621258051186e+02,4.940103799999999978e+02
8.752690321841257628e+02,4.940103799999999978e+02
8.754871227065958692e+02,4.940103799999999978e+02
8.754519065637430231e+02,4.940103799999999978e+02
8.755855801818869395e+02,4.940103799999999978e+02
8.756347809433603970e+02,4.940103799999999978e+02
8.760224524279210527e+02,4.940103799999999978e+02
8.758176553229777710e+02,4.940103799999999978e+02
8.759513982379688741e+02,4.940103799999999978e+02
8.760005297025951450e+02,4.940103799999999978e+02
8.762190361637603928e+02,4.940103799999999978e+02
8.761834040822125189e+02,4.940103799999999978e+02
8.763172162940506951e+02,4.940103799999999978e+02
8.763662784618298929e+02,4.940103799999999978e+02
8.770955525835865956e+02,4.940103799999999978e+02
8.765491528414471532e+02,4.940103799999999978e+02
8.766830343501325160e+02,4.940103799999999978e+02
8.767320272210645271e+02,4.940103799999999978e+02
8.769509496209249164e+02,4.940103799999999978e+02
8.769149016006819011e+02,4.940103799999999978e+02
8.770488524062143370e+02,4.940103799999999978e+02
8.770977759802992750e+02,4.940103799999999978e+02
8.774873899848254268e+02,4.940103799999999978e+02
8.772806503599166490e+02,4.940103799999999978e+02
8.774146704622962716e+02,4.940103799999999978e+02
8.774635247395339093e+02,4.940103799999999978e+02
8.776828630780894400e+02,4.940103799999999978e+02
8.776463991191512832e+02,4.940103799999999978e+02
8.777804885183780925e+02,4.940103799999999978e+02
8.778292734987686572e+02,4.940103799999999978e+02
9.701896000000000413e+02,3.640610399999999913e+02
8.780121478783860312e+02,4.918258000000000152e+02
8.781463065744599135e+02,4.918258000000000152e+02
8.781950222580034051e+02,4.918258000000000152e+02
8.784147765352539636e+02,4.918258000000000152e+02
8.783778966376206654e+02,4.918258000000000152e+02
8.785121246305417344e+02,4.918258000000000152e+02
8.785607710172380393e+02,4.918258000000000152e+02
8.789523275417298009e+02,4.918258000000000152e+02
8.787436453968554133e+02,4.918258000000000152e+02
8.788779426866236690e+02,4.918258000000000152e+02
8.789265197764727873e+02,4.918258000000000152e+02
8.791466899924183735e+02,4.918258000000000152e+02
8.791093941560901612e+02,4.918258000000000152e+02
8.792437607427054900e+02,4.918258000000000152e+02
8.792922685357074215e+02,4.918258000000000152e+02
8.800298803951367290e+02,4.918258000000000152e+02
8.794751429153247955e+02,4.918258000000000152e+02
8.796095787987873109e+02,4.918258000000000152e+02
8.796580172949421694e+02,4.918258000000000152e+02
8.798786034495828972e+02,4.918258000000000152e+02
8.798408916745595434e+02,4.918258000000000152e+02
8.799753968548691319e+02,4.918258000000000152e+02
8.800237660541769174e+02,4.918258000000000152e+02
8.804172650986342887e+02,4.918258000000000152e+02
8.802066404337941776e+02,4.918258000000000152e+02
8.803412149109510665e+02,4.918258000000000152e+02
8.803895148134115516e+02,4.918258000000000152e+02
8.806105169067474208e+02,4.918258000000000152e+02
8.805723891930289255e+02,4.918258000000000152e+02
8.807070329670328874e+02,4.918258000000000152e+02
8.807552635726462995e+02,4.918258000000000152e+02
8.821948417682926902e+02,4.918258000000000152e+02
8.809381379522636735e+02,4.918258000000000152e+02
8.810728510231147084e+02,4.918258000000000152e+02
8.811210123318809337e+02,4.918258000000000152e+02
8.813424303639119444e+02,4.918258000000000152e+02
8.813038867114983077e+02,4.918258000000000152e+02
8.814386690791965293e+02,4.918258000000000152e+02
8.814867610911156817e+02,4.918258000000000152e+02
8.818822026555386628e+02,4.918258000000000152e+02
8.816696354707330556e+02,4.918258000000000152e+02
8.818044871352784639e+02,4.918258000000000152e+02
8.818525098503504296e+02,4.918258000000000152e+02
8.820743438210764680e+02,4.918258000000000152e+02
8.820353842299676899e+02,4.918258000000000152e+02
8.821703051913602849e+02,4.918258000000000152e+02
8.822182586095850638e+02,4.918258000000000152e+02
8.829642082066868625e+02,4.918258000000000152e+02
8.824011329892024378e+02,4.918258000000000152e+02
8.825361232474421058e+02,4.918258000000000152e+02
8.825840073688198117e+02,4.918258000000000152e+02
8.828062572782409916e+02,4.918258000000000152e+02
8.827668817484371857e+02,4.918258000000000152e+02
8.829019413035239268e+02,4.918258000000000152e+02
8.829497561280544460e+02,4.918258000000000152e+02
8.833471402124430369e+02,4.918258000000000152e+02
8.831326305076718199e+02,4.918258000000000152e+02
8.832677593596058614e+02,4.918258000000000152e+02
8.833155048872891939e+02,4.918258000000000152e+02
8.835381707354055152e+02,4.918258000000000152e+02
8.834983792669065679e+02,4.918258000000000152e+02
8.836335774156876823e+02,4.918258000000000152e+02
8.836812536465239418e+02,4.918258000000000152e+02
9.833934299999999666e+02,3.684877999999999929e+02
8.838641280261413158e+02,4.918258000000000152e+02
8.839993954717695033e+02,4.918258000000000152e+02
8.840470024057585761e+02,4.918258000000000152e+02
8.842700841925700388e+02,4.918258000000000152e+02
8.842298767853759500e+02,4.918258000000000152e+02
8.843652135278513242e+02,4.918258000000000152e+02
8.844127511649933240e+02,4.918258000000000152e+02
8.848120777693474110e+02,4.918258000000000152e+02
8.845956255446106979e+02,4.918258000000000152e+02
8.847310315839332588e+02,4.918258000000000152e+02
8.847784999242280719e+02,4.918258000000000152e+02
8.850019976497345624e+02,4.918258000000000152e+02
8.849613743038453322e+02,4.918258000000000152e+02
8.850968496400150798e+02,4.918258000000000152e+02
8.851442486834627061e+02,4.918258000000000152e+02
8.858985360182369959e+02,4.918258000000000152e+02
8.853271230630800801e+02,4.918258000000000152e+02
8.854626676960969007e+02,4.918258000000000152e+02
8.855099974426974541e+02,4.918258000000000152e+02
8.857339111068990860e+02,4.918258000000000152e+02
8.856928718223148280e+02,4.918258000000000152e+02
8.858284857521787217e+02,4.918258000000000152e+02
8.858757462019320883e+02,4.918258000000000152e+02
8.862770153262518988e+02,4.918258000000000152e+02
8.860586205815494623e+02,4.918258000000000152e+02
8.861943038082606563e+02,4.918258000000000152e+02
8.862414949611668362e+02,4.918258000000000152e+02
8.864658245640636096e+02,4.918258000000000152e+02
8.864243693407842102e+02,4.918258000000000152e+02
8.865601218643424772e+02,4.918258000000000152e+02
8.866072437204015841e+02,4.918258000000000152e+02
8.880813896341462623e+02,3.532855200000000195e+02
8.867901181000188444e+02,3.725197800000000257e+02
8.869259399204242982e+02,3.725197800000000257e+02
8.869729924796362184e+02,3.725197800000000257e+02
8.871977380212281332e+02,3.725197800000000257e+02
8.871558668592535923e+02,3.725197800000000257e+02
8.872917579765061191e+02,3.725197800000000257e+02
8.873387412388709663e+02,3.725197800000000257e+02
8.877419528831562729e+02,3.532855200000000195e+02
8.875216156184883403e+02,3.532855200000000195e+02
8.876575760325880537e+02,3.532855200000000195e+02
8.877044899981056005e+02,3.532855200000000195e+02
8.879296514783926568e+02,3.532855200000000195e+02
8.878873643777229745e+02,3.532855200000000195e+02
8.880233940886698747e+02,3.532855200000000195e+02
8.880702387573403485e+02,3.532855200000000195e+02
8.888328638297871294e+02,3.532855200000000195e+02
8.882531131369577224e+02,3.532855200000000195e+02
8.883892121447516956e+02,3.532855200000000195e+02
8.884359875165750964e+02,3.532855200000000195e+02
8.886615649355571804e+02,3.532855200000000195e+02
8.886188618961923567e+02,3.532855200000000195e+02
8.887550302008335166e+02,3.532855200000000195e+02
8.888017362758097306e+02,3.532855200000000195e+02
8.892068904400606471e+02,3.532855200000000195e+02
8.889846106554271046e+02,3.532855200000000195e+02
8.891208482569154512e+02,3.532855200000000195e+02
8.891674850350444785e+02,3.532855200000000195e+02
8.893934783927217040e+02,3.532855200000000195e+02
8.893503594146618525e+02,3.532855200000000195e+02
8.894866663129972721e+02,3.532855200000000195e+02
8.895332337942791128e+02,3.532855200000000195e+02
9.919299300000000130e+02,3.751039999999999850e+02
8.897161081738964867e+02,4.852953999999999724e+02
8.898524843690790931e+02,4.852953999999999724e+02
8.898989825535138607e+02,4.852953999999999724e+02
8.901253918498862276e+02,4.852953999999999724e+02
8.900818569331312347e+02,4.852953999999999724e+02
8.902183024251609140e+02,4.852953999999999724e+02
8.902647313127486086e+02,4.852953999999999724e+02
8.906718279969650212e+02,4.852953999999999724e+02
8.904476056923658689e+02,4.852953999999999724e+02
8.905841204812428487e+02,4.852953999999999724e+02
8.906304800719832429e+02,4.852953999999999724e+02
8.908573053070507513e+02,4.852953999999999724e+02
8.908133544516006168e+02,4.852953999999999724e+02
8.909499385373246696e+02,4.852953999999999724e+02
8.909962288312179908e+02,4.852953999999999724e+02
8.917671916413372628e+02,4.852953999999999724e+02
8.911791032108353647e+02,4.852953999999999724e+02
8.913157565934064905e+02,4.852953999999999724e+02
8.913619775904526250e+02,4.852953999999999724e+02
8.915892187642152749e+02,4.852953999999999724e+02
8.915448519700699990e+02,4.852953999999999724e+02
8.916815746494883115e+02,4.852953999999999724e+02
8.917277263496873729e+02,4.852953999999999724e+02
8.921367655538695089e+02,4.852953999999999724e+02
8.919106007293047469e+02,4.852953999999999724e+02
8.920473927055702461e+02,4.852953999999999724e+02
8.920934751089221209e+02,4.852953999999999724e+02
8.923211322213797985e+02,4.852953999999999724e+02
8.922763494885394948e+02,4.852953999999999724e+02
8.924132107616520670e+02,4.852953999999999724e+02
8.924592238681567551e+02,4.852953999999999724e+02
8.939679374999999482e+02,4.852953999999999724e+02
8.926420982477741290e+02,4.852953999999999724e+02
8.927790288177338880e+02,4.852953999999999724e+02
8.928249726273915030e+02,4.852953999999999724e+02
8.930530456785443221e+02,4.852953999999999724e+02
8.930078470070088770e+02,4.852953999999999724e+02
8.931448468738157089e+02,4.852953999999999724e+02
8.931907213866262509e+02,4.852953999999999724e+02
8.936017031107738831e+02,4.852953999999999724e+02
8.933735957662435112e+02,4.852953999999999724e+02
8.935106649298976436e+02,4.852953999999999724e+02
8.935564701458608852e+02,4.852953999999999724e+02
8.937849591357088457e+02,4.852953999999999724e+02
8.937393445254782591e+02,4.852953999999999724e+02
8.938764829859794645e+02,4.852953999999999724e+02
8.939222189050956331e+02,4.852953999999999724e+02
8.947015194528875099e+02,4.852953999999999724e+02
8.941050932847130071e+02,4.852953999999999724e+02
8.942423010420612854e+02,4.852953999999999724e+02
8.942879676643302673e+02,4.852953999999999724e+02
8.945168725928733693e+02,4.852953999999999724e+02
8.944708420439476413e+02,4.852953999999999724e+02
8.946081190981431064e+02,4.852953999999999724e+02
8.946537164235650152e+02,4.852953999999999724e+02
8.950666406676782572e+02,4.852953999999999724e+02
8.948365908031823892e+02,4.852953999999999724e+02
8.949739371542250410e+02,4.852953999999999724e+02
8.950194651827997632e+02,4.852953999999999724e+02
8.952487860500377792e+02,4.852953999999999724e+02
8.952023395624170234e+02,4.852953999999999724e+02
8.953397552103068620e+02,4.852953999999999724e+02
8.953852139420343974e+02,4.852953999999999724e+02
9.968786599999999680e+02,3.832215600000000109e+02
8.955680883216517714e+02,4.852953999999999724e+02
8.957055732663886829e+02,4.852953999999999724e+02
8.957509627012691453e+02,4.852953999999999724e+02
8.959806995072023028e+02,4.852953999999999724e+02
8.959338370808865193e+02,4.852953999999999724e+02
8.960713913224705038e+02,4.852953999999999724e+02
8.961167114605037796e+02,4.852953999999999724e+02
8.965315782245826313e+02,4.852953999999999724e+02
8.962995858401211535e+02,4.852953999999999724e+02
8.964372093785524385e+02,4.852953999999999724e+02
8.964824602197385275e+02,4.852953999999999724e+02
8.967126129643668264e+02,4.852953999999999724e+02
8.966653345993559014e+02,4.852953999999999724e+02
8.968030274346342594e+02,4.852953999999999724e+02
8.968482089789732754e+02,4.852953999999999724e+02
8.976358472644376434e+02,4.852953999999999724e+02
8.970310833585905357e+02,4.852953999999999724e+02
8.971688454907160803e+02,4.852953999999999724e+02
8.972139577382079096e+02,4.852953999999999724e+02
8.974445264215313500e+02,4.852953999999999724e+02
8.973968321178252836e+02,4.852953999999999724e+02
8.975346635467979013e+02,4.852953999999999724e+02
8.975797064974426576e+02,4.852953999999999724e+02
8.979965157814871191e+02,4.852953999999999724e+02
8.977625808770600315e+02,4.852953999999999724e+02
8.979004816028798359e+02,4.852953999999999724e+02
8.979454552566772918e+02,4.852953999999999724e+02
8.981764398786958736e+02,4.852953999999999724e+02
8.981283296362946658e+02,4.852953999999999724e+02
8.982662996589616569e+02,4.852953999999999724e+02
8.983112040159120397e+02,4.852953999999999724e+02
8.998544853658536340e+02,4.852953999999999724e+02
8.984940783955294137e+02,4.852953999999999724e+02
8.986321177150434778e+02,4.852953999999999724e+02
8.986769527751467876e+02,4.852953999999999724e+02
8.989083533358603972e+02,4.852953999999999724e+02
8.988598271547640479e+02,4.852953999999999724e+02
8.989979357711252987e+02,4.852953999999999724e+02
8.990427015343814219e+02,4.852953999999999724e+02
8.994614533383914932e+02,4.852953999999999724e+02
8.992255759139987958e+02,4.852953999999999724e+02
8.993637538272072334e+02,4.852953999999999724e+02
8.994084502936161698e+02,4.852953999999999724e+02
8.996402667930249208e+02,4.852953999999999724e+02
8.995913246732335438e+02,4.852953999999999724e+02
8.997295718832890543e+02,4.852953999999999724e+02
8.997741990528509177e+02,4.852953999999999724e+02
9.005701750759877768e+02,4.852953999999999724e+02
8.999570734324681780e+02,4.852953999999999724e+02
9.000953899393708753e+02,4.852953999999999724e+02
9.001399478120855520e+02,4.852953999999999724e+02
9.003721802501894445e+02,4.852953999999999724e+02
9.003228221917029259e+02,4.852953999999999724e+02
9.004612079954526962e+02,4.852953999999999724e+02
9.005056965713202999e+02,4.852953999999999724e+02
9.009263908952958673e+02,4.852953999999999724e+02
9.006885709509376738e+02,4.852953999999999724e+02
9.008270260515346308e+02,4.852953999999999724e+02
9.008714453305549341e+02,4.852953999999999724e+02
9.011040937073539681e+02,4.852953999999999724e+02
9.010543197101723081e+02,4.852953999999999724e+02
9.011928441076164518e+02,4.852953999999999724e+02
9.012371940897896820e+02,4.852953999999999724e+02
1.004745360000000005e+03,4.031399999999999864e+02
9.014200684694070560e+02,3.654042999999999779e+02
9.015586621636982727e+02,3.654042999999999779e+02
9.016029428490244300e+02,3.654042999999999779e+02
9.018360071645184917e+02,3.654042999999999779e+02
9.017858172286416902e+02,3.654042999999999779e+02
9.019244802197800936e+02,3.654042999999999779e+02
9.019686916082590642e+02,3.654042999999999779e+02
9.023913284522002414e+02,3.654042999999999779e+02
9.021515659878764382e+02,3.654042999999999779e+02
9.022902982758620283e+02,3.654042999999999779e+02
9.023344403674938121e+02,3.654042999999999779e+02
9.025679206216830153e+02,3.654042999999999779e+02
9.025173147471111861e+02,3.654042999999999779e+02
9.026561163319438492e+02,3.654042999999999779e+02
9.027001891267284464e+02,3.654042999999999779e+02
9.035045028875379103e+02,3.654042999999999779e+02
9.028830635063458203e+02,3.654042999999999779e+02
9.030219343880256702e+02,3.654042999999999779e+02
9.030659378859631943e+02,3.654042999999999779e+02
9.032998340788475389e+02,3.654042999999999779e+02
9.032488122655805682e+02,3.654042999999999779e+02
9.033877524441074911e+02,3.654042999999999779e+02
9.034316866451979422e+02,3.654042999999999779e+02
9.038562660091046155e+02,3.654042999999999779e+02
9.036145610248152025e+02,3.654042999999999779e+02
9.037535705001894257e+02,3.654042999999999779e+02
9.037974354044325764e+02,3.654042999999999779e+02
9.040317475360120625e+02,3.654042999999999779e+02
9.039803097840499504e+02,3.654042999999999779e+02
9.041193885562712467e+02,3.654042999999999779e+02
9.041631841636673244e+02,3.654042999999999779e+02
9.057410332317073198e+02,3.654042999999999779e+02
9.043460585432846983e+02,3.654042999999999779e+02
9.044852066123530676e+02,3.654042999999999779e+02
9.045289329229019586e+02,3.654042999999999779e+02
9.047636609931765861e+02,3.654042999999999779e+02
9.047118073025193326e+02,3.654042999999999779e+02
9.048510246684348886e+02,3.654042999999999779e+02
9.048946816821367065e+02,3.654042999999999779e+02
9.053212035660091033e+02,3.654042999999999779e+02
9.050775560617540805e+02,3.654042999999999779e+02
9.052168427245168232e+02,3.654042999999999779e+02
9.052604304413714544e+02,3.654042999999999779e+02
9.054955744503411097e+02,3.654042999999999779e+02
9.054433048209887147e+02,3.654042999999999779e+02
9.055826607805986441e+02,3.654042999999999779e+02
9.056261792006060887e+02,3.654042999999999779e+02
9.064388306990880437e+02,3.654042999999999779e+02
9.058090535802234626e+02,3.654042999999999779e+02
9.059484788366804651e+02,3.654042999999999779e+02
9.059919279598408366e+02,3.654042999999999779e+02
9.062274879075056333e+02,3.654042999999999779e+02
9.061748023394582106e+02,3.654042999999999779e+02
9.063142968927622860e+02,3.654042999999999779e+02
9.063576767190754708e+02,3.654042999999999779e+02
9.067861411229134774e+02,3.654042999999999779e+02
9.065405510986928448e+02,3.654042999999999779e+02
9.066801149488442206e+02,3.654042999999999779e+02
9.067234254783102188e+02,3.654042999999999779e+02
9.069594013646701569e+02,3.654042999999999779e+02
9.069062998579275927e+02,3.654042999999999779e+02
9.070459330049260416e+02,3.654042999999999779e+02
9.070891742375449667e+02,3.654042999999999779e+02
1.010584200000000010e+03,4.286784700000000043e+02
9.072720486171622269e+02,3.696490499999999884e+02
9.074117510610078625e+02,3.696490499999999884e+02
9.074549229967796009e+02,3.696490499999999884e+02
9.076913148218346805e+02,3.696490499999999884e+02
9.076377973763969749e+02,3.696490499999999884e+02
9.077775691170896835e+02,3.696490499999999884e+02
9.078206717560143488e+02,3.696490499999999884e+02
9.082510786798178515e+02,3.696490499999999884e+02
9.080035461356317228e+02,3.696490499999999884e+02
9.081433871731716181e+02,3.696490499999999884e+02
9.081864205152490968e+02,3.696490499999999884e+02
9.084232282789992041e+02,3.696490499999999884e+02
9.083692948948663570e+02,3.696490499999999884e+02
9.085092052292534390e+02,3.696490499999999884e+02
9.085521692744837310e+02,3.696490499999999884e+02
9.093731585106381772e+02,3.696490499999999884e+02
9.087350436541011049e+02,3.696490499999999884e+02
9.088750232853352600e+02,3.696490499999999884e+02
9.089179180337184789e+02,3.696490499999999884e+02
9.091551417361637277e+02,3.696490499999999884e+02
9.091007924133358529e+02,3.696490499999999884e+02
9.092408413414170809e+02,3.696490499999999884e+02
9.092836667929531131e+02,3.696490499999999884e+02
9.097160162367222256e+02,3.696490499999999884e+02
9.094665411725704871e+02,3.696490499999999884e+02
9.096066593974990155e+02,3.696490499999999884e+02
9.096494155521878611e+02,3.696490499999999884e+02
9.098870551933282513e+02,3.696490499999999884e+02
9.098322899318052350e+02,3.696490499999999884e+02
9.099724774535808365e+02,3.696490499999999884e+02
9.100151643114226090e+02,3.696490499999999884e+02
9.116275810975608920e+02,4.743534000000000219e+02
9.101980386910398693e+02,4.743534000000000219e+02
9.103382955096626574e+02,4.743534000000000219e+02
9.103809130706572432e+02,4.743534000000000219e+02
9.106189686504927749e+02,4.743534000000000219e+02
9.105637874502746172e+02,4.743534000000000219e+02
9.107041135657444784e+02,4.743534000000000219e+02
9.107466618298919911e+02,4.743534000000000219e+02
9.111809537936267134e+02,4.743534000000000219e+02
9.109295362095093651e+02,4.743534000000000219e+02
9.110699316218264130e+02,4.743534000000000219e+02
9.111124105891266254e+02,4.743534000000000219e+02
9.113508821076571849e+02,4.743534000000000219e+02
9.112952849687439993e+02,4.743534000000000219e+02
9.114357496779082339e+02,4.743534000000000219e+02
9.114781593483613733e+02,4.743534000000000219e+02
9.123074863221884243e+02,4.743534000000000219e+02
9.116610337279787473e+02,4.743534000000000219e+02
9.118015677339900549e+02,4.743534000000000219e+02
9.118439081075961212e+02,4.743534000000000219e+02
9.120827955648217085e+02,4.743534000000000219e+02
9.120267824872133815e+02,4.743534000000000219e+02
9.121673857900718758e+02,4.743534000000000219e+02
9.122096568668307555e+02,4.743534000000000219e+02
9.126458913505310875e+02,4.743534000000000219e+02
9.123925312464481294e+02,4.743534000000000219e+02
9.125332038461538104e+02,4.743534000000000219e+02
9.125754056260655034e+02,4.743534000000000219e+02
9.128147090219862321e+02,4.743534000000000219e+02
9.127582800056828773e+02,4.743534000000000219e+02
9.128990219022356314e+02,4.743534000000000219e+02
9.129411543853001376e+02,4.743534000000000219e+02
1.012810200000000009e+03,4.575932599999999866e+02
9.131240287649175116e+02,3.774673000000000229e+02
9.132648399583174523e+02,3.774673000000000229e+02
9.133069031445348855e+02,3.774673000000000229e+02
9.135466224791507557e+02,3.774673000000000229e+02
9.134897775241522595e+02,3.774673000000000229e+02
9.136306580143992733e+02,3.774673000000000229e+02
9.136726519037696335e+02,3.774673000000000229e+02
9.141108289074354616e+02,3.774673000000000229e+02
9.138555262833868937e+02,3.774673000000000229e+02
9.139964760704812079e+02,3.774673000000000229e+02
9.140384006630042677e+02,3.774673000000000229e+02
9.142785359363152793e+02,3.774673000000000229e+02
9.142212750426216417e+02,3.774673000000000229e+02
9.143622941265630288e+02,3.774673000000000229e+02
9.144041494222390156e+02,3.774673000000000229e+02
9.152418141337385578e+02,3.774673000000000229e+02
9.145870238018563896e+02,3.774673000000000229e+02
9.147281121826448498e+02,3.774673000000000229e+02
9.147698981814736499e+02,3.774673000000000229e+02
9.150104493934798029e+02,3.774673000000000229e+02
9.149527725610910238e+02,3.774673000000000229e+02
9.150939302387266707e+02,3.774673000000000229e+02
9.151356469407083978e+02,3.774673000000000229e+02
9.155757664643398357e+02,3.774673000000000229e+02
9.153185213203257717e+02,3.774673000000000229e+02
9.154597482948086054e+02,3.774673000000000229e+02
9.155013956999431457e+02,3.774673000000000229e+02
9.157423628506443265e+02,3.774673000000000229e+02
9.156842700795605197e+02,3.774673000000000229e+02
9.158255663508904263e+02,3.774673000000000229e+02
9.158671444591777799e+02,3.774673000000000229e+02
9.175141289634145778e+02,4.598325199999999882e+02
9.160500188387951539e+02,4.598325199999999882e+02
9.161913844069722472e+02,4.598325199999999882e+02
9.162328932184125279e+02,4.598325199999999882e+02
9.164742763078088501e+02,4.598325199999999882e+02
9.164157675980299018e+02,4.598325199999999882e+02
9.165572024630540682e+02,4.598325199999999882e+02
9.165986419776472758e+02,4.598325199999999882e+02
9.170407040212443235e+02,4.598325199999999882e+02
9.167815163572645361e+02,4.598325199999999882e+02
9.169230205191360028e+02,4.598325199999999882e+02
9.169643907368819100e+02,4.598325199999999882e+02
9.172061897649733737e+02,4.598325199999999882e+02
9.171472651164992840e+02,4.598325199999999882e+02
9.172888385752178237e+02,4.598325199999999882e+02
9.173301394961166579e+02,4.598325199999999882e+02
9.181761419452886912e+02,4.598325199999999882e+02
9.175130138757340319e+02,4.598325199999999882e+02
9.176546566312996447e+02,4.598325199999999882e+02
9.176958882553512922e+02,4.598325199999999882e+02
9.179381032221378973e+02,4.598325199999999882e+02
9.178787626349686661e+02,4.598325199999999882e+02
9.180204746873814656e+02,4.598325199999999882e+02
9.180616370145860401e+02,4.598325199999999882e+02
9.185056415781486976e+02,4.598325199999999882e+02
9.182445113942034141e+02,4.598325199999999882e+02
9.183862927434634003e+02,4.598325199999999882e+02
9.184273857738207880e+02,4.598325199999999882e+02
9.186700166793024209e+02,4.598325199999999882e+02
9.186102601534380483e+02,4.598325199999999882e+02
9.187521107995452212e+02,4.598325199999999882e+02
9.187931345330554223e+02,4.598325199999999882e+02
1.012438700000000040e+03,4.908351999999999862e+02
9.189760089126727962e+02,3.903673000000000002e+02
9.191179288556270421e+02,3.903673000000000002e+02
9.191588832922901702e+02,3.903673000000000002e+02
9.194019301364669445e+02,3.903673000000000002e+02
9.193417576719075441e+02,3.903673000000000002e+02
9.194837469117088631e+02,3.903673000000000002e+02
9.195246320515248044e+02,3.903673000000000002e+02
9.199705791350530717e+02,3.903673000000000002e+02
9.197075064311421784e+02,3.903673000000000002e+02
9.198495649677906840e+02,3.903673000000000002e+02
9.198903808107595523e+02,3.903673000000000002e+02
9.201338435936314681e+02,3.903673000000000002e+02
9.200732551903769263e+02,3.903673000000000002e+02
9.202153830238726187e+02,3.903673000000000002e+02
9.202561295699943003e+02,3.903673000000000002e+02
9.211104697568388247e+02,3.903673000000000002e+02
9.204390039496115605e+02,3.903673000000000002e+02
9.205812010799544396e+02,3.903673000000000002e+02
9.206218783292289345e+02,3.903673000000000002e+02
9.208657570507959917e+02,3.903673000000000002e+02
9.208047527088463085e+02,3.903673000000000002e+02
9.209470191360362605e+02,3.903673000000000002e+02
9.209876270884636824e+02,3.903673000000000002e+02
9.214355166919574458e+02,3.903673000000000002e+02
9.211705014680810564e+02,3.903673000000000002e+02
9.213128371921180815e+02,3.903673000000000002e+02
9.213533758476983166e+02,3.903673000000000002e+02
9.215976705079605154e+02,3.903673000000000002e+02
9.215362502273156906e+02,3.903673000000000002e+02
9.216786552482000161e+02,3.903673000000000002e+02
9.217191246069330646e+02,3.903673000000000002e+02
9.234006768292682636e+02,4.370973999999999933e+02
9.219019989865504385e+02,4.370973999999999933e+02
9.220444733042818370e+02,4.370973999999999933e+02
9.220848733661678125e+02,4.370973999999999933e+02
9.223295839651250390e+02,4.370973999999999933e+02
9.222677477457850728e+02,4.370973999999999933e+02
9.224102913603636580e+02,4.370973999999999933e+02
9.224506221254024467e+02,4.370973999999999933e+02
9.229004542488618199e+02,4.370973999999999933e+02
9.226334965050198207e+02,4.370973999999999933e+02
9.227761094164454789e+02,4.370973999999999933e+02
9.228163708846371946e+02,4.370973999999999933e+02
9.230614974222895626e+02,4.370973999999999933e+02
9.229992452642545686e+02,4.370973999999999933e+02
9.231419274725274136e+02,4.370973999999999933e+02
9.231821196438719426e+02,4.370973999999999933e+02
9.240447975683889581e+02,4.370973999999999933e+02
9.233649940234892028e+02,4.370973999999999933e+02
9.235077455286092345e+02,4.370973999999999933e+02
9.235478684031065768e+02,4.370973999999999933e+02
9.237934108794540862e+02,4.370973999999999933e+02
9.237307427827239508e+02,4.370973999999999933e+02
9.238735635846910554e+02,4.370973999999999933e+02
9.239136171623413247e+02,4.370973999999999933e+02
9.243653918057663077e+02,4.370973999999999933e+02
9.240964915419586987e+02,4.370973999999999933e+02
9.242393816407728764e+02,4.370973999999999933e+02
9.242793659215759590e+02,4.370973999999999933e+02
9.245253243366186098e+02,4.370973999999999933e+02
9.244622403011933329e+02,4.370973999999999933e+02
9.246051996968548110e+02,4.370973999999999933e+02
9.246451146808107069e+02,4.370973999999999933e+02
1.010551000000000045e+03,5.261650399999999763e+02
9.248279890604280808e+02,4.151102300000000014e+02
9.249710177529366320e+02,4.151102300000000014e+02
9.250108634400454548e+02,4.151102300000000014e+02
9.252572377937831334e+02,4.151102300000000014e+02
9.251937378196627151e+02,4.151102300000000014e+02
9.253368358090184529e+02,4.151102300000000014e+02
9.253766121992800890e+02,4.151102300000000014e+02
9.258303293626706818e+02,4.151102300000000014e+02
9.255594865788974630e+02,4.151102300000000014e+02
9.257026538651002738e+02,4.151102300000000014e+02
9.257423609585148370e+02,4.151102300000000014e+02
9.259891512509476570e+02,4.151102300000000014e+02
9.259252353381322109e+02,4.151102300000000014e+02
9.260684719211822085e+02,4.151102300000000014e+02
9.261081097177494712e+02,4.151102300000000014e+02
9.269791253799390915e+02,4.151102300000000014e+02
9.262909840973668452e+02,4.151102300000000014e+02
9.264342899772640294e+02,4.151102300000000014e+02
9.264738584769842191e+02,4.151102300000000014e+02
9.267210647081121806e+02,4.151102300000000014e+02
9.266567328566015931e+02,4.151102300000000014e+02
9.268001080333458503e+02,4.151102300000000014e+02
9.268396072362189670e+02,4.151102300000000014e+02
9.272952669195750559e+02,4.151102300000000014e+02
9.270224816158362273e+02,4.151102300000000014e+02
9.271659260894276713e+02,4.151102300000000014e+02
9.272053559954536013e+02,4.151102300000000014e+02
9.274529781652767042e+02,4.151102300000000014e+02
9.273882303750709752e+02,4.151102300000000014e+02
9.275317441455096059e+02,4.151102300000000014e+02
9.275711047546883492e+02,4.151102300000000014e+02
9.292872246951219495e+02,4.151102300000000014e+02
9.277539791343057232e+02,4.151102300000000014e+02
9.278975622015914269e+02,4.151102300000000014e+02
9.279368535139229834e+02,4.151102300000000014e+02
9.281848916224411141e+02,4.151102300000000014e+02
9.281197278935403574e+02,4.151102300000000014e+02
9.282633802576732478e+02,4.151102300000000014e+02
9.283026022731577314e+02,4.151102300000000014e+02
9.287602044764794300e+02,4.151102300000000014e+02
9.284854766527751053e+02,4.151102300000000014e+02
9.286291983137550687e+02,4.151102300000000014e+02
9.286683510323924793e+02,4.151102300000000014e+02
9.289168050796056377e+02,4.151102300000000014e+02
9.288512254120097396e+02,4.151102300000000014e+02
9.289950163698370034e+02,4.151102300000000014e+02
9.290340997916271135e+02,4.151102300000000014e+02
9.299134531914892250e+02,4.151102300000000014e+02
9.292169741712444875e+02,4.151102300000000014e+02
9.293608344259188243e+02,4.151102300000000014e+02
9.293998485508618614e+02,4.151102300000000014e+02
9.296487185367701613e+02,4.151102300000000014e+02
9.295827229304792354e+02,4.151102300000000014e+02
9.297266524820006453e+02,4.151102300000000014e+02
9.297655973100964957e+02,4.151102300000000014e+02
9.302251420333839178e+02,4.151102300000000014e+02
9.299484716897138696e+02,4.151102300000000014e+02
9.300924705380824662e+02,4.151102300000000014e+02
9.301313460693312436e+02,4.151102300000000014e+02
9.303806319939346849e+02,4.151102300000000014e+02
9.303142204489486176e+02,4.151102300000000014e+02
9.304582885941644008e+02,4.151102300000000014e+02
9.304970948285659915e+02,4.151102300000000014e+02
1.007593899999999962e+03,5.500282999999999447e+02
9.306799692081833655e+02,3.646678499999999872e+02
9.308241066502462218e+02,3.646678499999999872e+02
9.308628435878006258e+02,3.646678499999999872e+02
9.311125454510992085e+02,3.646678499999999872e+02
9.310457179674179997e+02,3.646678499999999872e+02
9.311899247063280427e+02,3.646678499999999872e+02
9.312285923470353737e+02,3.646678499999999872e+02
9.316900795902882919e+02,3.646678499999999872e+02
9.314114667266527476e+02,3.646678499999999872e+02
9.315557427624098636e+02,3.646678499999999872e+02
9.315943411062701216e+02,3.646678499999999872e+02
9.318444589082637322e+02,3.646678499999999872e+02
9.317772154858873819e+02,3.646678499999999872e+02
9.319215608184917983e+02,3.646678499999999872e+02
9.319600898655047558e+02,3.646678499999999872e+02
9.328477810030394721e+02,3.646678499999999872e+02
9.321429642451221298e+02,3.646678499999999872e+02
9.322873788745736192e+02,3.646678499999999872e+02
9.323258386247395038e+02,3.646678499999999872e+02
9.325763723654282558e+02,3.646678499999999872e+02
9.325087130043568777e+02,3.646678499999999872e+02
9.326531969306554402e+02,3.646678499999999872e+02
9.326915873839741380e+02,3.646678499999999872e+02
9.331550171471926660e+02,3.646678499999999872e+02
9.328744617635915120e+02,3.646678499999999872e+02
9.330190149867372611e+02,3.646678499999999872e+02
9.330573361432088859e+02,3.646678499999999872e+02
9.333082858225927794e+02,3.646678499999999872e+02
9.332402105228262599e+02,3.646678499999999872e+02
9.333848330428191957e+02,3.646678499999999872e+02
9.334230849024436338e+02,3.646678499999999872e+02
9.351737725609756353e+02,3.646678499999999872e+02
9.336059592820608941e+02,3.646678499999999872e+02
9.337506510989010167e+02,3.646678499999999872e+02
9.337888336616782681e+02,3.646678499999999872e+02
9.340401992797573030e+02,3.646678499999999872e+02
9.339717080412956420e+02,3.646678499999999872e+02
9.341164691549828376e+02,3.646678499999999872e+02
9.341545824209130160e+02,3.646678499999999872e+02
9.346199547040970401e+02,3.646678499999999872e+02
9.343374568005303900e+02,3.646678499999999872e+02
9.344822872110646585e+02,3.646678499999999872e+02
9.345203311801476502e+02,3.646678499999999872e+02
9.347721127369218266e+02,3.646678499999999872e+02
9.347032055597650242e+02,3.646678499999999872e+02
9.348481052671465932e+02,3.646678499999999872e+02
9.348860799393823982e+02,3.646678499999999872e+02
9.357821088145896056e+02,3.646678499999999872e+02
9.350689543189997721e+02,3.646678499999999872e+02
9.352139233232284141e+02,3.646678499999999872e+02
9.352518286986171461e+02,3.646678499999999872e+02
9.355040261940863502e+02,3.646678499999999872e+02
9.354347030782344063e+02,3.646678499999999872e+02
9.355797413793102351e+02,3.646678499999999872e+02
9.356175774578517803e+02,3.646678499999999872e+02
9.360848922610015279e+02,3.646678499999999872e+02
9.358004518374691543e+02,3.646678499999999872e+02
9.359455594353920560e+02,3.646678499999999872e+02
9.359833262170865282e+02,3.646678499999999872e+02
9.362359396512508738e+02,3.646678499999999872e+02
9.361662005967039022e+02,3.646678499999999872e+02
9.363113774914739906e+02,3.646678499999999872e+02
9.363490749763211625e+02,3.646678499999999872e+02
1.005217899999999986e+03,5.733712000000000444e+02
9.365319493559385364e+02,3.646678499999999872e+02
9.366771955475558116e+02,3.646678499999999872e+02
9.367148237355559104e+02,3.646678499999999872e+02
9.369678531084153974e+02,3.646678499999999872e+02
9.368976981151732844e+02,3.646678499999999872e+02
9.370430136036376325e+02,3.646678499999999872e+02
9.370805724947906583e+02,3.646678499999999872e+02
9.375498298179059020e+02,3.646678499999999872e+02
9.372634468744079186e+02,3.646678499999999872e+02
9.374088316597194535e+02,3.646678499999999872e+02
9.374463212540252925e+02,3.646678499999999872e+02
9.376997665655799210e+02,3.646678499999999872e+02
9.376291956336426665e+02,3.646678499999999872e+02
9.377746497158013881e+02,3.646678499999999872e+02
9.378120700132600405e+02,3.646678499999999872e+02
9.387164366261397390e+02,3.646678499999999872e+02
9.379949443928774144e+02,3.646678499999999872e+02
9.381404677718832090e+02,3.646678499999999872e+02
9.381778187724946747e+02,3.646678499999999872e+02
9.384316800227444446e+02,3.646678499999999872e+02
9.383606931521120487e+02,3.646678499999999872e+02
9.385062858279650300e+02,3.646678499999999872e+02
9.385435675317294226e+02,3.646678499999999872e+02
9.390147673748102761e+02,3.646678499999999872e+02
9.387264419113467966e+02,3.646678499999999872e+02
9.388721038840468509e+02,3.646678499999999872e+02
9.389093162909641705e+02,3.646678499999999872e+02
9.391635934799089682e+02,3.646678499999999872e+02
9.390921906705815445e+02,3.646678499999999872e+02
9.392379219401287855e+02,3.646678499999999872e+02
9.392750650501988048e+02,3.646678499999999872e+02
9.410603204268292075e+02,3.646678499999999872e+02
9.394579394298161787e+02,3.646678499999999872e+02
9.396037399962106065e+02,3.646678499999999872e+02
9.396408138094335527e+02,3.646678499999999872e+02
9.398955069370734918e+02,3.646678499999999872e+02
9.398236881890509267e+02,3.646678499999999872e+02
9.399695580522924274e+02,3.646678499999999872e+02
9.400065625686683006e+02,3.646678499999999872e+02
9.404797049317146502e+02,3.646678499999999872e+02
9.401894369482855609e+02,3.646678499999999872e+02
9.403353761083742484e+02,3.646678499999999872e+02
9.403723113279029349e+02,3.646678499999999872e+02
9.406274203942380154e+02,3.646678499999999872e+02
9.405551857075203088e+02,3.646678499999999872e+02
9.407011941644561830e+02,3.646678499999999872e+02
9.407380600871376828e+02,3.646678499999999872e+02
9.416507644376898725e+02,3.646678499999999872e+02
9.409209344667550567e+02,3.646678499999999872e+02
9.410670122205380039e+02,3.646678499999999872e+02
9.411038088463723170e+02,3.646678499999999872e+02
9.413593338514025390e+02,3.646678499999999872e+02
9.412866832259896910e+02,3.646678499999999872e+02
9.414328302766198249e+02,3.646678499999999872e+02
9.414695576056070649e+02,3.646678499999999872e+02
9.419446424886190243e+02,3.646678499999999872e+02
9.416524319852244389e+02,3.646678499999999872e+02
9.417986483327016458e+02,3.646678499999999872e+02
9.418353063648418129e+02,3.646678499999999872e+02
9.420912473085670626e+02,3.646678499999999872e+02
9.420181807444590731e+02,3.646678499999999872e+02
9.421644663887835804e+02,3.646678499999999872e+02
9.422010551240764471e+02,3.646678499999999872e+02
1.002517460000000028e+03,5.907948999999999842e+02
9.423839295036938211e+02,3.632741700000000264e+02
9.425302844448654014e+02,3.632741700000000264e+02
9.425668038833111950e+02,3.632741700000000264e+02
9.428231607657315863e+02,3.632741700000000264e+02
9.427496782629285690e+02,3.632741700000000264e+02
9.428961025009472223e+02,3.632741700000000264e+02
9.429325526425458293e+02,3.632741700000000264e+02
9.434095800455235121e+02,3.632741700000000264e+02
9.431154270221632032e+02,3.632741700000000264e+02
9.432619205570290433e+02,3.632741700000000264e+02
9.432983014017805772e+02,3.632741700000000264e+02
9.435550742228961099e+02,3.632741700000000264e+02
9.434811757813979511e+02,3.632741700000000264e+02
9.436277386131109779e+02,3.632741700000000264e+02
9.436640501610153251e+02,3.632741700000000264e+02
9.445850922492400059e+02,3.632741700000000264e+02
9.438469245406325854e+02,3.632741700000000264e+02
9.439935566691927988e+02,3.632741700000000264e+02
9.440297989202499593e+02,3.632741700000000264e+02
9.442869876800605198e+02,3.632741700000000264e+02
9.442126732998673333e+02,3.632741700000000264e+02
9.443593747252746198e+02,3.632741700000000264e+02
9.443955476794847073e+02,3.632741700000000264e+02
9.448745176024278862e+02,3.632741700000000264e+02
9.445784220591020812e+02,3.632741700000000264e+02
9.447251927813564407e+02,3.632741700000000264e+02
9.447612964387193415e+02,3.632741700000000264e+02
9.450189011372250434e+02,3.632741700000000264e+02
9.449441708183367155e+02,3.632741700000000264e+02
9.450910108374383753e+02,3.632741700000000264e+02
9.451270451979540894e+02,3.632741700000000264e+02
9.469468682926828933e+02,3.632741700000000264e+02
9.453099195775714634e+02,3.632741700000000264e+02
9.454568288935201963e+02,3.632741700000000264e+02
9.454927939571888373e+02,3.632741700000000264e+02
9.457508145943895670e+02,3.632741700000000264e+02
9.456756683368060976e+02,3.632741700000000264e+02
9.458226469496020172e+02,3.632741700000000264e+02
9.458585427164234716e+02,3.632741700000000264e+02
9.463394551593322603e+02,3.632741700000000264e+02
9.460414170960408455e+02,3.632741700000000264e+02
9.461884650056838382e+02,3.632741700000000264e+02
9.462242914756582195e+02,3.632741700000000264e+02
9.464827280515540906e+02,3.632741700000000264e+02
9.464071658552755935e+02,3.632741700000000264e+02
9.465542830617657728e+02,3.632741700000000264e+02
9.465900402348929674e+02,3.632741700000000264e+02
9.475194200607901394e+02,3.632741700000000264e+02
9.467729146145102277e+02,3.632741700000000264e+02
9.469201011178475937e+02,3.632741700000000264e+02
9.469557889941276017e+02,3.632741700000000264e+02
9.472146415087186142e+02,3.632741700000000264e+02
9.471386633737449756e+02,3.632741700000000264e+02
9.472859191739294147e+02,3.632741700000000264e+02
9.473215377533623496e+02,3.632741700000000264e+02
9.478043927162366344e+02,3.632741700000000264e+02
9.475044121329797235e+02,3.632741700000000264e+02
9.476517372300112356e+02,3.632741700000000264e+02
9.476872865125969838e+02,3.632741700000000264e+02
9.479465549658831378e+02,3.632741700000000264e+02
9.478701608922143578e+02,3.632741700000000264e+02
9.480175552860931703e+02,3.632741700000000264e+02
9.480530352718317317e+02,3.632741700000000264e+02
1.001425799999999981e+03,5.990443000000000211e+02
9.482359096514491057e+02,3.632741700000000264e+02
9.483833733421749912e+02,3.632741700000000264e+02
9.484187840310664797e+02,3.632741700000000264e+02
9.486784684230476614e+02,3.632741700000000264e+02
9.486016584106837399e+02,3.632741700000000264e+02
9.487491913982568121e+02,3.632741700000000264e+02
9.487845327903011139e+02,3.632741700000000264e+02
9.492693302731411222e+02,3.632741700000000264e+02
9.489674071699184879e+02,3.632741700000000264e+02
9.491150094543386331e+02,3.632741700000000264e+02
9.491502815495358618e+02,3.632741700000000264e+02
9.494103818802121850e+02,3.632741700000000264e+02
9.493331559291532358e+02,3.632741700000000264e+02
9.494808275104205677e+02,3.632741700000000264e+02
9.495160303087704960e+02,3.632741700000000264e+02
9.504537478723403865e+02,3.632741700000000264e+02
9.496989046883878700e+02,3.632741700000000264e+02
9.498466455665023886e+02,3.632741700000000264e+02
9.498817790680052440e+02,3.632741700000000264e+02
9.501422953373767086e+02,3.632741700000000264e+02
9.500646534476226179e+02,3.632741700000000264e+02
9.502124636225842096e+02,3.632741700000000264e+02
9.502475278272399919e+02,3.632741700000000264e+02
9.507342678300454963e+02,3.632741700000000264e+02
9.504304022068572522e+02,3.632741700000000264e+02
9.505782816786660305e+02,3.632741700000000264e+02
9.506132765864746261e+02,3.632741700000000264e+02
9.508742087945412322e+02,3.632741700000000264e+02
9.507961509660920001e+02,3.632741700000000264e+02
9.509440997347479652e+02,3.632741700000000264e+02
9.509790253457093741e+02,3.632741700000000264e+02
9.528334161585365791e+02,3.632741700000000264e+02
9.511618997253267480e+02,3.632741700000000264e+02
9.513099177908297861e+02,3.632741700000000264e+02
9.513447741049440083e+02,3.632741700000000264e+02
9.516061222517057558e+02,3.632741700000000264e+02
9.515276484845613822e+02,3.632741700000000264e+02
9.516757358469116070e+02,3.632741700000000264e+02
9.517105228641787562e+02,3.632741700000000264e+02
9.521992053869498704e+02,3.632741700000000264e+02
9.518933972437961302e+02,3.632741700000000264e+02
9.520415539029934280e+02,3.632741700000000264e+02
9.520762716234135041e+02,3.632741700000000264e+02
9.523380357088702794e+02,3.632741700000000264e+02
9.522591460030307644e+02,3.632741700000000264e+02
9.524073719590753626e+02,3.632741700000000264e+02
9.524420203826481384e+02,3.632741700000000264e+02
9.533880756838905199e+02,3.632741700000000264e+02
9.526248947622655123e+02,3.632741700000000264e+02
9.527731900151571836e+02,3.632741700000000264e+02
9.528077691418828863e+02,3.632741700000000264e+02
9.530699491660348031e+02,3.632741700000000264e+02
9.529906435215002602e+02,3.632741700000000264e+02
9.531390080712390045e+02,3.632741700000000264e+02
9.531735179011175205e+02,3.632741700000000264e+02
9.536641429438542445e+02,3.632741700000000264e+02
9.533563922807348945e+02,3.632741700000000264e+02
9.535048261273208254e+02,3.632741700000000264e+02
9.535392666603522684e+02,3.632741700000000264e+02
9.538018626231993267e+02,3.632741700000000264e+02
9.537221410399696424e+02,3.632741700000000264e+02
9.538706441834027601e+02,3.632741700000000264e+02
9.539050154195870164e+02,3.632741700000000264e+02
1.000652100000000019e+03,6.031700399999999718e+02
9.540878897992042766e+02,3.632741700000000264e+02
9.542364622394845810e+02,3.632741700000000264e+02
9.542707641788216506e+02,3.632741700000000264e+02
9.545337760803638503e+02,3.632741700000000264e+02
9.544536385584390246e+02,3.632741700000000264e+02
9.546022802955664019e+02,3.632741700000000264e+02
9.546365129380563985e+02,3.632741700000000264e+02
9.551290805007587323e+02,3.632741700000000264e+02
9.548193873176737725e+02,3.632741700000000264e+02
9.549680983516482229e+02,3.632741700000000264e+02
9.550022616972911464e+02,3.632741700000000264e+02
9.552656895375283739e+02,3.632741700000000264e+02
9.551851360769084067e+02,3.632741700000000264e+02
9.553339164077301575e+02,3.632741700000000264e+02
9.553680104565257807e+02,3.632741700000000264e+02
9.563224034954406534e+02,3.632741700000000264e+02
9.555508848361431546e+02,3.632741700000000264e+02
9.556997344638119785e+02,3.632741700000000264e+02
9.557337592157605286e+02,3.632741700000000264e+02
9.559976029946928975e+02,3.632741700000000264e+02
9.559166335953779026e+02,3.632741700000000264e+02
9.560655525198937994e+02,3.632741700000000264e+02
9.560995079749951628e+02,3.632741700000000264e+02
9.565940180576631064e+02,3.632741700000000264e+02
9.562823823546125368e+02,3.632741700000000264e+02
9.564313705759756203e+02,3.632741700000000264e+02
9.564652567342299108e+02,3.632741700000000264e+02
9.567295164518574211e+02,3.632741700000000264e+02
9.566481311138472847e+02,3.632741700000000264e+02
9.567971886320575550e+02,3.632741700000000264e+02
9.568310054934646587e+02,3.632741700000000264e+02
9.587199640243902650e+02,3.632741700000000264e+02
9.570138798730819190e+02,3.632741700000000264e+02
9.571630066881393759e+02,3.632741700000000264e+02
9.571967542526992929e+02,3.632741700000000264e+02
9.574614299090219447e+02,3.632741700000000264e+02
9.573796286323166669e+02,3.632741700000000264e+02
9.575288247442211969e+02,3.632741700000000264e+02
9.575625030119340408e+02,3.632741700000000264e+02
9.580589556145674806e+02,3.632741700000000264e+02
9.577453773915514148e+02,3.632741700000000264e+02
9.578946428003030178e+02,3.632741700000000264e+02
9.579282517711686751e+02,3.632741700000000264e+02
9.581933433661864683e+02,3.632741700000000264e+02
9.581111261507860490e+02,3.632741700000000264e+02
9.582604608563849524e+02,3.632741700000000264e+02
9.582940005304034230e+02,3.632741700000000264e+02
9.592567313069907868e+02,3.632741700000000264e+02
9.584768749100207970e+02,3.632741700000000264e+02
9.586262789124667734e+02,3.632741700000000264e+02
9.586597492896381709e+02,3.632741700000000264e+02
9.589252568233509919e+02,3.632741700000000264e+02
9.588426236692554312e+02,3.632741700000000264e+02
9.589920969685485943e+02,3.632741700000000264e+02
9.590254980488728052e+02,3.632741700000000264e+02
9.595238931714718547e+02,3.632741700000000264e+02
9.592083724284901791e+02,3.632741700000000264e+02
9.593579150246304152e+02,3.632741700000000264e+02
9.593912468081075531e+02,3.632741700000000264e+02
9.596571702805155155e+02,3.632741700000000264e+02
9.595741211877249270e+02,3.632741700000000264e+02
9.597237330807123499e+02,3.632741700000000264e+02
9.597569955673421873e+02,3.632741700000000264e+02
9.991295000000000073e+02,6.067651399999999740e+02
9.599398699469595613e+02,3.640610399999999913e+02
9.600895511367941708e+02,3.640610399999999913e+02
9.601227443265769352e+02,3.640610399999999913e+02
9.603890837376799254e+02,3.640610399999999913e+02
9.603056187061943092e+02,3.640610399999999913e+02
9.604553691928759918e+02,3.640610399999999913e+02
9.604884930858116832e+02,3.640610399999999913e+02
9.609888307283763424e+02,3.640610399999999913e+02
9.606713674654289434e+02,3.640610399999999913e+02
9.608211872489578127e+02,3.640610399999999913e+02
9.608542418450463174e+02,3.640610399999999913e+02
9.611209971948444490e+02,3.640610399999999913e+02
9.610371162246636914e+02,3.640610399999999913e+02
9.611870053050397473e+02,3.640610399999999913e+02
9.612199906042810653e+02,3.640610399999999913e+02
9.621910591185409203e+02,3.640610399999999913e+02
9.614028649838984393e+02,3.640610399999999913e+02
9.615528233611215683e+02,3.640610399999999913e+02
9.615857393635156996e+02,3.640610399999999913e+02
9.618529106520089726e+02,3.640610399999999913e+02
9.617686137431330735e+02,3.640610399999999913e+02
9.619186414172033892e+02,3.640610399999999913e+02
9.619514881227504475e+02,3.640610399999999913e+02
9.624537682852807166e+02,3.640610399999999913e+02
9.621343625023678214e+02,3.640610399999999913e+02
9.622844594732852102e+02,3.640610399999999913e+02
9.623172368819851954e+02,3.640610399999999913e+02
9.625848241091734963e+02,3.640610399999999913e+02
9.625001112616025694e+02,3.640610399999999913e+02
9.626502775293671448e+02,3.640610399999999913e+02
9.626829856412198296e+02,3.640610399999999913e+02
9.646065118902438371e+02,3.640610399999999913e+02
9.628658600208372036e+02,3.640610399999999913e+02
9.630160955854489657e+02,3.640610399999999913e+02
9.630487344004545776e+02,3.640610399999999913e+02
9.633167375663380199e+02,3.640610399999999913e+02
9.632316087800719515e+02,3.640610399999999913e+02
9.633819136415307867e+02,3.640610399999999913e+02
9.634144831596893255e+02,3.640610399999999913e+02
9.639187058421850907e+02,3.640610399999999913e+02
9.635973575393065857e+02,3.640610399999999913e+02
9.637477316976126076e+02,3.640610399999999913e+02
9.637802319189239597e+02,3.640610399999999913e+02
9.640486510235025435e+02,3.640610399999999913e+02
9.639631062985413337e+02,3.640610399999999913e+02
9.641135497536945422e+02,3.640610399999999913e+02
9.641459806781587076e+02,3.640610399999999913e+02
9.651253869300910537e+02,3.640610399999999913e+02
9.643288550577760816e+02,3.640610399999999913e+02
9.644793678097763632e+02,3.640610399999999913e+02
9.645117294373933419e+02,3.640610399999999913e+02
9.647805644806670671e+02,3.640610399999999913e+02
9.646946038170107158e+02,3.640610399999999913e+02
9.648451858658581841e+02,3.640610399999999913e+02
9.648774781966280898e+02,3.640610399999999913e+02
9.653836433990894648e+02,3.640610399999999913e+02
9.650603525762454638e+02,3.640610399999999913e+02
9.652110039219400051e+02,3.640610399999999913e+02
9.652432269558628377e+02,3.640610399999999913e+02
9.655124779378315907e+02,3.640610399999999913e+02
9.654261013354800980e+02,3.640610399999999913e+02
9.655768219780219397e+02,3.640610399999999913e+02
9.656089757150974719e+02,3.640610399999999913e+02
9.981324499999999489e+02,6.057990999999999531e+02
9.657918500947148459e+02,3.640610399999999913e+02
9.659426400341037606e+02,3.640610399999999913e+02
9.659747244743322199e+02,3.640610399999999913e+02
9.662443913949961143e+02,3.640610399999999913e+02
9.661575988539495938e+02,3.640610399999999913e+02
9.663084580901855816e+02,3.640610399999999913e+02
9.663404732335668541e+02,3.640610399999999913e+02
9.668485809559938389e+02,3.640610399999999913e+02
9.665233476131842281e+02,3.640610399999999913e+02
9.666742761462674025e+02,3.640610399999999913e+02
9.667062219928016020e+02,3.640610399999999913e+02
9.669763048521606379e+02,3.640610399999999913e+02
9.668890963724189760e+02,3.640610399999999913e+02
9.670400942023492235e+02,3.640610399999999913e+02
9.670719707520363499e+02,3.640610399999999913e+02
9.680597147416413009e+02,3.640610399999999913e+02
9.672548451316536102e+02,3.640610399999999913e+02
9.674059122584311581e+02,3.640610399999999913e+02
9.674377195112709842e+02,3.640610399999999913e+02
9.677082183093251615e+02,3.640610399999999913e+02
9.676205938908883581e+02,3.640610399999999913e+02
9.677717303145129790e+02,3.640610399999999913e+02
9.678034682705057321e+02,3.640610399999999913e+02
9.683135185128983267e+02,3.640610399999999913e+02
9.679863426501231061e+02,3.640610399999999913e+02
9.681375483705948000e+02,3.640610399999999913e+02
9.681692170297403663e+02,3.640610399999999913e+02
9.684401317664896851e+02,3.640610399999999913e+02
9.683520914093577403e+02,3.640610399999999913e+02
9.685033664266766209e+02,3.640610399999999913e+02
9.685349657889751143e+02,3.640610399999999913e+02
9.704930597560975229e+02,3.640610399999999913e+02
9.687178401685924882e+02,3.640610399999999913e+02
9.688691844827585555e+02,3.640610399999999913e+02
9.689007145482098622e+02,3.640610399999999913e+02
9.691720452236542087e+02,3.640610399999999913e+02
9.690835889278271225e+02,3.640610399999999913e+02
9.692350025388403765e+02,3.640610399999999913e+02
9.692664633074444964e+02,3.640610399999999913e+02
9.697784560698027008e+02,3.640610399999999913e+02
9.694493376870618704e+02,3.640610399999999913e+02
9.696008205949221974e+02,3.640610399999999913e+02
9.696322120666792443e+02,3.640610399999999913e+02
9.699039586808187323e+02,3.640610399999999913e+02
9.698150864462966183e+02,3.640610399999999913e+02
9.699666386510040184e+02,3.640610399999999913e+02
9.699979608259139923e+02,3.640610399999999913e+02
9.709940425531914343e+02,3.640610399999999913e+02
9.701808352055312525e+02,3.640610399999999913e+02
9.703324567070859530e+02,3.640610399999999913e+02
9.703637095851486265e+02,3.640610399999999913e+02
9.706358721379832559e+02,3.640610399999999913e+02
9.705465839647660005e+02,3.640610399999999913e+02
9.706982747631677739e+02,3.640610399999999913e+02
9.707294583443833744e+02,3.640610399999999913e+02
9.712433936267070749e+02,3.640610399999999913e+02
9.709123327240007484e+02,3.640610399999999913e+02
9.710640928192495949e+02,3.640610399999999913e+02
9.710952071036180087e+02,3.640610399999999913e+02
9.713677855951477795e+02,3.640610399999999913e+02
9.712780814832353826e+02,3.640610399999999913e+02
9.714299108753314158e+02,3.640610399999999913e+02
9.714609558628527566e+02,3.640610399999999913e+02
9.957496300000000247e+02,6.007178000000000111e+02
9.716438302424701305e+02,3.640610399999999913e+02
9.717957289314133504e+02,3.640610399999999913e+02
9.718267046220875045e+02,3.640610399999999913e+02
9.720996990523123031e+02,3.640610399999999913e+02
9.720095790017047648e+02,3.640610399999999913e+02
9.721615469874951714e+02,3.640610399999999913e+02
9.721924533813221387e+02,3.640610399999999913e+02
9.727083311836114490e+02,3.640610399999999913e+02
9.723753277609395127e+02,3.640610399999999913e+02
9.725273650435769923e+02,3.640610399999999913e+02
9.725582021405568867e+02,3.640610399999999913e+02
9.728316125094768267e+02,3.640610399999999913e+02
9.727410765201742606e+02,3.640610399999999913e+02
9.728931830996588133e+02,3.640610399999999913e+02
9.729239508997915209e+02,3.640610399999999913e+02
9.739283703647415678e+02,3.640610399999999913e+02
9.731068252794088949e+02,3.640610399999999913e+02
9.732590011557407479e+02,3.640610399999999913e+02
9.732896996590262688e+02,3.640610399999999913e+02
9.735635259666413504e+02,3.640610399999999913e+02
9.734725740386436428e+02,3.640610399999999913e+02
9.736248192118225688e+02,3.640610399999999913e+02
9.736554484182610167e+02,3.640610399999999913e+02
9.741732687405159368e+02,3.640610399999999913e+02
9.738383227978782770e+02,3.640610399999999913e+02
9.739906372679043898e+02,3.640610399999999913e+02
9.740211971774956510e+02,3.640610399999999913e+02
9.742954394238058740e+02,3.640610399999999913e+02
9.742040715571130249e+02,3.640610399999999913e+02
9.743564553239862107e+02,3.640610399999999913e+02
9.743869459367303989e+02,3.640610399999999913e+02
9.763796076219512088e+02,3.640610399999999913e+02
9.745698203163477729e+02,3.640610399999999913e+02
9.747222733800681453e+02,3.640610399999999913e+02
9.747526946959650331e+02,3.640610399999999913e+02
9.750273528809703976e+02,3.640610399999999913e+02
9.749355690755824071e+02,3.640610399999999913e+02
9.750880914361499663e+02,3.640610399999999913e+02
9.751184434551997811e+02,3.640610399999999913e+02
9.756382062974203109e+02,3.640610399999999913e+02
9.753013178348171550e+02,3.640610399999999913e+02
9.754539094922317872e+02,3.640610399999999913e+02
9.754841922144345290e+02,3.640610399999999913e+02
9.757592663381349212e+02,3.640610399999999913e+02
9.756670665940517893e+02,3.640610399999999913e+02
9.758197275483136082e+02,3.640610399999999913e+02
9.758499409736691632e+02,3.640610399999999913e+02
9.768626981762917012e+02,3.640610399999999913e+02
9.760328153532865372e+02,3.640610399999999913e+02
9.761855456043955428e+02,3.640610399999999913e+02
9.762156897329039111e+02,3.640610399999999913e+02
9.764911797952993311e+02,3.640610399999999913e+02
9.763985641125212851e+02,3.640610399999999913e+02
9.765513636604773637e+02,3.640610399999999913e+02
9.765814384921385454e+02,3.640610399999999913e+02
9.771031438543246850e+02,3.640610399999999913e+02
9.767643128717559193e+02,3.640610399999999913e+02
9.769171817165591847e+02,3.640610399999999913e+02
9.769471872513732933e+02,3.640610399999999913e+02
9.772230932524638547e+02,3.640610399999999913e+02
9.771300616309906673e+02,3.640610399999999913e+02
9.772829997726410056e+02,3.640610399999999913e+02
9.773129360106080412e+02,3.640610399999999913e+02
9.916509999999999536e+02,5.836010999999999740e+02
9.774958103902254152e+02,3.684877999999999929e+02
9.776488178287229402e+02,3.684877999999999929e+02
9.776786847698426755e+02,3.684877999999999929e+02
9.779550067096283783e+02,3.684877999999999929e+02
9.778615591494600494e+02,3.684877999999999929e+02
9.780146358848047612e+02,3.684877999999999929e+02
9.780444335290774234e+02,3.684877999999999929e+02
9.785680814112290591e+02,3.684877999999999929e+02
9.782273079086947973e+02,3.684877999999999929e+02
9.783804539408865821e+02,3.684877999999999929e+02
9.784101822883121713e+02,3.684877999999999929e+02
9.786869201667929019e+02,3.684877999999999929e+02
9.785930566679294316e+02,3.684877999999999929e+02
9.787462719969684031e+02,3.684877999999999929e+02
9.787759310475468055e+02,3.684877999999999929e+02
9.797970259878418346e+02,3.684877999999999929e+02
9.789588054271641795e+02,3.684877999999999929e+02
9.791120900530503377e+02,3.684877999999999929e+02
9.791416798067815535e+02,3.684877999999999929e+02
9.794188336239574255e+02,3.684877999999999929e+02
9.793245541863989274e+02,3.684877999999999929e+02
9.794779081091321586e+02,3.684877999999999929e+02
9.795074285660161877e+02,3.684877999999999929e+02
9.800330189681335469e+02,3.684877999999999929e+02
9.796903029456335616e+02,3.684877999999999929e+02
9.798437261652139796e+02,3.684877999999999929e+02
9.798731773252509356e+02,3.684877999999999929e+02
9.801507470811219491e+02,3.684877999999999929e+02
9.800560517048683096e+02,3.684877999999999929e+02
9.802095442212958005e+02,3.684877999999999929e+02
9.802389260844856835e+02,3.684877999999999929e+02
9.822661554878048946e+02,3.684877999999999929e+02
9.804218004641029438e+02,3.684877999999999929e+02
9.805753622773777352e+02,3.684877999999999929e+02
9.806046748437203178e+02,3.684877999999999929e+02
9.808826605382864727e+02,3.684877999999999929e+02
9.807875492233376917e+02,3.684877999999999929e+02
9.809411803334595561e+02,3.684877999999999929e+02
9.809704236029550657e+02,3.684877999999999929e+02
9.814979565250379210e+02,3.684877999999999929e+02
9.811532979825724397e+02,3.684877999999999929e+02
9.813069983895413770e+02,3.684877999999999929e+02
9.813361723621896999e+02,3.684877999999999929e+02
9.816145739954509963e+02,3.684877999999999929e+02
9.815190467418070739e+02,3.684877999999999929e+02
9.816728164456231980e+02,3.684877999999999929e+02
9.817019211214244478e+02,3.684877999999999929e+02
9.827313537993919681e+02,3.684877999999999929e+02
9.818847955010418218e+02,3.684877999999999929e+02
9.820386345017051326e+02,3.684877999999999929e+02
9.820676698806591958e+02,3.684877999999999929e+02
9.823464874526155199e+02,3.684877999999999929e+02
9.822505442602764560e+02,3.684877999999999929e+02
9.824044525577869535e+02,3.684877999999999929e+02
9.824334186398938300e+02,3.684877999999999929e+02
9.829628940819422951e+02,3.684877999999999929e+02
9.826162930195112040e+02,3.684877999999999929e+02
9.827702706138687745e+02,3.684877999999999929e+02
9.827991673991285779e+02,3.684877999999999929e+02
9.830784009097800435e+02,3.684877999999999929e+02
9.829820417787459519e+02,3.684877999999999929e+02
9.831360886699505954e+02,3.684877999999999929e+02
9.831649161583632122e+02,3.684877999999999929e+02
9.891883500000000140e+02,5.516266000000000531e+02
9.833477905379805861e+02,3.684877999999999929e+02
9.835019067260325301e+02,3.684877999999999929e+02
9.835306649175979601e+02,3.684877999999999929e+02
9.838103143669445672e+02,3.684877999999999929e+02
9.837135392972153340e+02,3.684877999999999929e+02
9.838677247821143510e+02,3.684877999999999929e+02
9.838964136768327080e+02,3.684877999999999929e+02
9.844278316388466692e+02,3.684877999999999929e+02
9.840792880564499683e+02,3.684877999999999929e+02
9.842335428381961719e+02,3.684877999999999929e+02
9.842621624360673422e+02,3.684877999999999929e+02
9.845422278241090908e+02,3.684877999999999929e+02
9.844450368156847162e+02,3.684877999999999929e+02
9.845993608942779929e+02,3.684877999999999929e+02
9.846279111953020902e+02,3.684877999999999929e+02
9.856656816109422152e+02,3.684877999999999929e+02
9.848107855749194641e+02,3.684877999999999929e+02
9.849651789503599275e+02,3.684877999999999929e+02
9.849936599545367244e+02,3.684877999999999929e+02
9.852741412812736144e+02,3.684877999999999929e+02
9.851765343341540984e+02,3.684877999999999929e+02
9.853309970064417485e+02,3.684877999999999929e+02
9.853594087137714723e+02,3.684877999999999929e+02
9.858927691957510433e+02,3.684877999999999929e+02
9.855422830933888463e+02,3.684877999999999929e+02
9.856968150625235694e+02,3.684877999999999929e+02
9.857251574730062202e+02,3.684877999999999929e+02
9.860060547384381380e+02,3.684877999999999929e+02
9.859080318526235942e+02,3.684877999999999929e+02
9.860626331186053903e+02,3.684877999999999929e+02
9.860909062322408545e+02,3.684877999999999929e+02
9.881527033536584668e+02,5.516266000000000531e+02
9.862737806118582284e+02,5.516266000000000531e+02
9.864284511746873250e+02,5.516266000000000531e+02
9.864566549914756024e+02,5.516266000000000531e+02
9.867379681956026616e+02,5.516266000000000531e+02
9.866395293710929764e+02,5.516266000000000531e+02
9.867942692307691459e+02,5.516266000000000531e+02
9.868224037507103503e+02,5.516266000000000531e+02
9.873577067526555311e+02,5.516266000000000531e+02
9.870052781303276106e+02,5.516266000000000531e+02
9.871600872868509668e+02,5.516266000000000531e+02
9.871881525099449846e+02,5.516266000000000531e+02
9.874698816527671852e+02,5.516266000000000531e+02
9.873710268895623585e+02,5.516266000000000531e+02
9.875259053429327878e+02,5.516266000000000531e+02
9.875539012691797325e+02,5.516266000000000531e+02
9.886000094224923487e+02,5.516266000000000531e+02
9.877367756487971064e+02,5.516266000000000531e+02
9.878917233990147224e+02,5.516266000000000531e+02
9.879196500284143667e+02,5.516266000000000531e+02
9.882017951099317088e+02,5.516266000000000531e+02
9.881025244080317407e+02,5.516266000000000531e+02
9.882575414550965434e+02,5.516266000000000531e+02
9.882853987876491146e+02,5.516266000000000531e+02
9.888226443095599052e+02,5.516266000000000531e+02
9.884682731672664886e+02,5.516266000000000531e+02
9.886233595111783643e+02,5.516266000000000531e+02
9.886511475468838626e+02,5.516266000000000531e+02
9.889337085670962324e+02,5.516266000000000531e+02
9.888340219265011228e+02,5.516266000000000531e+02
9.889891775672601852e+02,5.516266000000000531e+02
9.890168963061184968e+02,5.516266000000000531e+02
9.909066000000000258e+02,5.308893000000000484e+02
9.891997706857358708e+02,5.516266000000000531e+02
9.893549956233421199e+02,5.516266000000000531e+02
9.893826450653532447e+02,5.516266000000000531e+02
9.896656220242607560e+02,5.516266000000000531e+02
9.895655194449706187e+02,5.516266000000000531e+02
9.897208136794239408e+02,5.516266000000000531e+02
9.897483938245878790e+02,5.516266000000000531e+02
9.902875818664642793e+02,5.308893000000000484e+02
9.899312682042052529e+02,5.308893000000000484e+02
9.900866317355057618e+02,5.308893000000000484e+02
9.901141425838226269e+02,5.308893000000000484e+02
9.903975354814252796e+02,5.308893000000000484e+02
9.902970169634400008e+02,5.308893000000000484e+02
9.904524497915875827e+02,5.308893000000000484e+02
9.904798913430573748e+02,5.308893000000000484e+02
9.915343372340424821e+02,5.836010999999999740e+02
9.906627657226746351e+02,5.308893000000000484e+02
9.908182678476695173e+02,5.308893000000000484e+02
9.908456401022920090e+02,5.308893000000000484e+02
9.911294489385898032e+02,5.308893000000000484e+02
9.910285144819093830e+02,5.308893000000000484e+02
9.911840859037513383e+02,5.308893000000000484e+02
9.912113888615267570e+02,5.308893000000000484e+02
9.917525194233686534e+02,5.836010999999999740e+02
9.913942632411441309e+02,5.836010999999999740e+02
9.915499039598331592e+02,5.836010999999999740e+02
9.915771376207613912e+02,5.836010999999999740e+02
9.918613623957543268e+02,3.751039999999999850e+02
9.917600120003787652e+02,5.836010999999999740e+02
9.919157220159149801e+02,3.751039999999999850e+02
9.919428863799961391e+02,3.751039999999999850e+02
9.940392512195121526e+02,4.973147000000000162e+02
9.921257607596135131e+02,4.973147000000000162e+02
9.922815400719969148e+02,4.973147000000000162e+02
9.923086351392308870e+02,4.973147000000000162e+02
9.925932758529188504e+02,4.973147000000000162e+02
9.924915095188481473e+02,4.973147000000000162e+02
9.926473581280787357e+02,4.973147000000000162e+02
9.926743838984655213e+02,4.973147000000000162e+02
9.932174569802731412e+02,4.973147000000000162e+02
9.928572582780828952e+02,4.973147000000000162e+02
9.930131761841605567e+02,4.973147000000000162e+02
9.930401326577002692e+02,4.973147000000000162e+02
9.933251893100832604e+02,4.973147000000000162e+02
9.932230070373176432e+02,4.973147000000000162e+02
9.933789942402423776e+02,4.973147000000000162e+02
9.934058814169350171e+02,4.973147000000000162e+02
9.944686650455926156e+02,4.973147000000000162e+02
9.935887557965522774e+02,4.973147000000000162e+02
9.937448122963243122e+02,4.973147000000000162e+02
9.937716301761696513e+02,4.973147000000000162e+02
9.940571027672477840e+02,4.973147000000000162e+02
9.939545045557870253e+02,4.973147000000000162e+02
9.941106303524061332e+02,4.973147000000000162e+02
9.941373789354043993e+02,4.973147000000000162e+02
9.946823945371775153e+02,4.973147000000000162e+02
9.943202533150217732e+02,4.973147000000000162e+02
9.944764484084879541e+02,4.973147000000000162e+02
9.945031276946390335e+02,4.973147000000000162e+02
9.947890162244123076e+02,4.973147000000000162e+02
9.946860020742564075e+02,4.973147000000000162e+02
9.948422664645697751e+02,4.973147000000000162e+02
9.948688764538737814e+02,4.973147000000000162e+02
9.940987499999999955e+02,4.973147000000000162e+02
9.950517508334911554e+02,6.007178000000000111e+02
9.952080845206517097e+02,6.007178000000000111e+02
9.952346252131085294e+02,6.007178000000000111e+02
9.955209296815768312e+02,6.007178000000000111e+02
9.954174995927257896e+02,6.007178000000000111e+02
9.955739025767335306e+02,6.007178000000000111e+02
9.956003739723431636e+02,6.007178000000000111e+02
9.961473320940818894e+02,6.007178000000000111e+02
9.957832483519605375e+02,6.007178000000000111e+02
9.959397206328153516e+02,6.007178000000000111e+02
9.959661227315779115e+02,6.007178000000000111e+02
9.962528431387413548e+02,6.007178000000000111e+02
9.961489971111952855e+02,6.007178000000000111e+02
9.963055386888971725e+02,6.007178000000000111e+02
9.963318714908125457e+02,6.007178000000000111e+02
9.974029928571427490e+02,3.832215600000000109e+02
9.965147458704299197e+02,3.832215600000000109e+02
9.966713567449791071e+02,3.832215600000000109e+02
9.966976202500472937e+02,3.832215600000000109e+02
9.969847565959058784e+02,3.832215600000000109e+02
9.968804946296646676e+02,3.832215600000000109e+02
9.970371748010609281e+02,3.832215600000000109e+02
9.970633690092820416e+02,3.832215600000000109e+02
9.976122696509862635e+02,3.832215600000000109e+02
9.972462433888993019e+02,3.832215600000000109e+02
9.974029928571427490e+02,3.832215600000000109e+02
9.974291177685166758e+02,3.832215600000000109e+02
9.977166700530704020e+02,3.832215600000000109e+02
9.976119921481340498e+02,3.832215600000000109e+02
9.977688109132245700e+02,3.832215600000000109e+02
9.977948665277514237e+02,3.832215600000000109e+02
9.999257990853658384e+02,4.719628999999999905e+02
9.979777409073687977e+02,6.057990999999999531e+02
9.981346289693065046e+02,6.057990999999999531e+02
9.981606152869860580e+02,6.057990999999999531e+02
9.984485835102349256e+02,6.057990999999999531e+02
9.983434896666034319e+02,6.057990999999999531e+02
9.985004470253883255e+02,6.057990999999999531e+02
9.985263640462208059e+02,6.057990999999999531e+02
9.990772072078907513e+02,6.067651399999999740e+02
9.987092384258381799e+02,6.067651399999999740e+02
9.988662650814701465e+02,6.067651399999999740e+02
9.988921128054555538e+02,6.067651399999999740e+02
9.991804969673994492e+02,6.067651399999999740e+02
9.990749871850728141e+02,6.067651399999999740e+02
9.992320831375519674e+02,6.067651399999999740e+02
9.992578615646901881e+02,6.067651399999999740e+02
1.000337320668692882e+03,6.031700399999999718e+02
9.994407359443075620e+02,4.719628999999999905e+02
9.995979011936339020e+02,4.719628999999999905e+02
9.996236103239249360e+02,4.719628999999999905e+02
9.999124104245639728e+02,4.719628999999999905e+02
9.998064847035423099e+02,4.719628999999999905e+02
9.999637192497157230e+02,4.719628999999999905e+02
9.999893590831595702e+02,4.719628999999999905e+02
1.000542144764795125e+03,6.031700399999999718e+02
1.000172233462776944e+03,6.031700399999999718e+02
1.000329537305797544e+03,6.031700399999999718e+02
1.000355107842394318e+03,6.031700399999999718e+02
1.000644323881728496e+03,6.031700399999999718e+02
1.000537982222011692e+03,6.031700399999999718e+02
1.000695355361879365e+03,6.031700399999999718e+02
1.000720856601629066e+03,6.031700399999999718e+02
9.999648399999999810e+02,4.719628999999999905e+02
1.000903730981246326e+03,5.990443000000000211e+02
1.001061173417961299e+03,5.990443000000000211e+02
1.001086605360863700e+03,5.990443000000000211e+02
1.001376237338893020e+03,5.990443000000000211e+02
1.001269479740481074e+03,5.990443000000000211e+02
1.001426991474043120e+03,5.990443000000000211e+02
1.001452354120098448e+03,5.990443000000000211e+02
1.002007082321699500e+03,5.907948999999999842e+02
1.001635228499715822e+03,5.907948999999999842e+02
1.001792809530124941e+03,5.907948999999999842e+02
1.001818102879333196e+03,5.907948999999999842e+02
1.002108150796057544e+03,5.907948999999999842e+02
1.002000977258950456e+03,5.907948999999999842e+02
1.002158627586206762e+03,5.907948999999999842e+02
1.002183851638567830e+03,5.907948999999999842e+02
1.003271648480243016e+03,5.907948999999999842e+02
1.002366726018185204e+03,5.907948999999999842e+02
1.002524445642288697e+03,5.907948999999999842e+02
1.002549600397802578e+03,5.907948999999999842e+02
1.002840064253222067e+03,5.907948999999999842e+02
1.002732474777419952e+03,5.907948999999999842e+02
1.002890263698370518e+03,5.907948999999999842e+02
1.002915349157037213e+03,5.907948999999999842e+02
1.003472019878603874e+03,5.907948999999999842e+02
1.003098223536654586e+03,5.907948999999999842e+02
1.003256081754452339e+03,5.907948999999999842e+02
1.003281097916271960e+03,5.907948999999999842e+02
1.003571977710386591e+03,5.907948999999999842e+02
1.003463972295889334e+03,5.907948999999999842e+02
1.003621899810534160e+03,5.907948999999999842e+02
1.003646846675506708e+03,5.907948999999999842e+02
1.005812346951219524e+03,5.733712000000000444e+02
1.003829721055123969e+03,4.031399999999999864e+02
1.003987717866616094e+03,4.031399999999999864e+02
1.004012595434741343e+03,4.031399999999999864e+02
1.004303891167551114e+03,4.031399999999999864e+02
1.004195469814358717e+03,4.031399999999999864e+02
1.004353535922697915e+03,4.031399999999999864e+02
1.004378344193976091e+03,4.031399999999999864e+02
1.004936957435508248e+03,4.031399999999999864e+02
1.004561218573593464e+03,4.031399999999999864e+02
1.004719353978779736e+03,4.031399999999999864e+02
1.004744092953210725e+03,4.031399999999999864e+02
1.005035804624715638e+03,4.031399999999999864e+02
1.004926967332828099e+03,4.031399999999999864e+02
1.005085172034861557e+03,4.031399999999999864e+02
1.005109841712445473e+03,4.031399999999999864e+02
1.006205976291793263e+03,5.733712000000000444e+02
1.005292716092062847e+03,5.733712000000000444e+02
1.005450990090943492e+03,5.733712000000000444e+02
1.005475590471680221e+03,5.733712000000000444e+02
1.005767718081880162e+03,5.733712000000000444e+02
1.005658464851297481e+03,5.733712000000000444e+02
1.005816808147025313e+03,5.733712000000000444e+02
1.005841339230914855e+03,5.733712000000000444e+02
1.006401894992412736e+03,5.733712000000000444e+02
1.006024213610532229e+03,5.733712000000000444e+02
1.006182626203107134e+03,5.733712000000000444e+02
1.006207087990149603e+03,5.733712000000000444e+02
1.006499631539044685e+03,5.733712000000000444e+02
1.006389962369766977e+03,5.733712000000000444e+02
1.006548444259188955e+03,5.733712000000000444e+02
1.006572836749384237e+03,5.733712000000000444e+02
1.008301299999999969e+03,4.489000199999999836e+02
1.006755711129001611e+03,5.500282999999999447e+02
1.006914262315270889e+03,5.500282999999999447e+02
1.006938585508618985e+03,5.500282999999999447e+02
1.007231544996209209e+03,5.500282999999999447e+02
1.007121459888236359e+03,5.500282999999999447e+02
1.007280080371352710e+03,5.500282999999999447e+02
1.007304334267853733e+03,5.500282999999999447e+02
1.007866832549317110e+03,5.500282999999999447e+02
1.007487208647470993e+03,5.500282999999999447e+02
1.007645898427434531e+03,5.500282999999999447e+02
1.007670083027088367e+03,5.500282999999999447e+02
1.007963458453373732e+03,5.500282999999999447e+02
1.007852957406705741e+03,5.500282999999999447e+02
1.008011716483516352e+03,5.500282999999999447e+02
1.008035831786323115e+03,5.500282999999999447e+02
1.009140304103343396e+03,4.489000199999999836e+02
1.008218706165940489e+03,4.489000199999999836e+02
1.008377534539598287e+03,4.489000199999999836e+02
1.008401580545557749e+03,4.489000199999999836e+02
1.008695371910538256e+03,4.489000199999999836e+02
1.008584454925175123e+03,4.489000199999999836e+02
1.008743352595680108e+03,4.489000199999999836e+02
1.008767329304792497e+03,4.489000199999999836e+02
1.009331770106221484e+03,4.489000199999999836e+02
1.008950203684409871e+03,4.489000199999999836e+02
1.009109170651761929e+03,4.489000199999999836e+02
1.009133078064027245e+03,4.489000199999999836e+02
1.009427285367702666e+03,4.489000199999999836e+02
1.009315952443644619e+03,4.489000199999999836e+02
1.009474988707843750e+03,4.489000199999999836e+02
1.009498826823261879e+03,4.489000199999999836e+02
1.011698894817073096e+03,4.908351999999999862e+02
1.009681701202879253e+03,5.261650399999999763e+02
1.009840806763925684e+03,5.261650399999999763e+02
1.009864575582496627e+03,5.261650399999999763e+02
1.010159198824867190e+03,5.261650399999999763e+02
1.010047449962114001e+03,5.261650399999999763e+02
1.010206624820007505e+03,5.261650399999999763e+02
1.010230324341731375e+03,5.261650399999999763e+02
1.010796707663125858e+03,4.286784700000000043e+02
1.010413198721348635e+03,5.261650399999999763e+02
1.010572442876089326e+03,4.286784700000000043e+02
1.010596073100966009e+03,4.286784700000000043e+02
1.010891112282031713e+03,4.286784700000000043e+02
1.010778947480583383e+03,4.286784700000000043e+02
1.010938260932171147e+03,4.286784700000000043e+02
1.010961821860200757e+03,4.286784700000000043e+02
1.012074631914893530e+03,4.908351999999999862e+02
1.011144696239818131e+03,4.908351999999999862e+02
1.011304078988253082e+03,4.908351999999999862e+02
1.011327570619435392e+03,4.908351999999999862e+02
1.011623025739196237e+03,4.908351999999999862e+02
1.011510444999052766e+03,4.908351999999999862e+02
1.011669897044334903e+03,4.908351999999999862e+02
1.011693319378670139e+03,4.908351999999999862e+02
1.012261645220030346e+03,4.908351999999999862e+02
1.011876193758287513e+03,4.908351999999999862e+02
1.012035715100416724e+03,4.908351999999999862e+02
1.012059068137904887e+03,4.908351999999999862e+02
1.012354939196360760e+03,4.908351999999999862e+02
1.012241942517522148e+03,4.908351999999999862e+02
1.012401533156498544e+03,4.908351999999999862e+02
1.012424816897139522e+03,4.908351999999999862e+02
1.013866329999999948e+03,4.368631599999999935e+02
1.012607691276756896e+03,4.575932599999999866e+02
1.012767351212580479e+03,4.575932599999999866e+02
1.012790565656374270e+03,4.575932599999999866e+02
1.013086852653525284e+03,4.575932599999999866e+02
1.012973440035991644e+03,4.575932599999999866e+02
1.013133169268662300e+03,4.575932599999999866e+02
1.013156314415608904e+03,4.575932599999999866e+02
1.013726582776934720e+03,4.368631599999999935e+02
1.013339188795226278e+03,4.368631599999999935e+02
1.013498987324744121e+03,4.368631599999999935e+02
1.013522063174843652e+03,4.368631599999999935e+02
1.013818766110689808e+03,4.368631599999999935e+02
1.013704937554461026e+03,4.368631599999999935e+02
1.013864805380825942e+03,4.368631599999999935e+02
1.013887811934078400e+03,4.368631599999999935e+02
1.015008959726443663e+03,4.368631599999999935e+02
1.014070686313695660e+03,4.368631599999999935e+02
1.014230623436907763e+03,4.368631599999999935e+02
1.014253560693313034e+03,4.368631599999999935e+02
1.014550679567854331e+03,4.368631599999999935e+02
1.014436435072930408e+03,4.368631599999999935e+02
1.014596441492989698e+03,4.368631599999999935e+02
1.014619309452547782e+03,4.368631599999999935e+02
1.015191520333839094e+03,4.368631599999999935e+02
1.014802183832165156e+03,4.368631599999999935e+02
1.014962259549071518e+03,4.368631599999999935e+02
1.014985058211782416e+03,4.368631599999999935e+02
1.015282593025018855e+03,4.368631599999999935e+02
1.015167932591399790e+03,4.368631599999999935e+02
1.015328077605153339e+03,4.368631599999999935e+02
1.015350806971017164e+03,4.368631599999999935e+02
1.017585442682926782e+03,4.368631599999999935e+02
1.015533681350634538e+03,4.368631599999999935e+02
1.015693895661235160e+03,4.368631599999999935e+02
1.015716555730251912e+03,4.368631599999999935e+02
1.016014506482183378e+03,4.368631599999999935e+02
1.015899430109869172e+03,4.368631599999999935e+02
1.016059713717317095e+03,4.368631599999999935e+02
1.016082304489486546e+03,4.368631599999999935e+02
1.016656457890743468e+03,4.368631599999999935e+02
1.016265178869103920e+03,4.368631599999999935e+02
1.016425531773398916e+03,4.368631599999999935e+02
1.016448053248721294e+03,4.368631599999999935e+02
1.016746419939347902e+03,4.368631599999999935e+02
1.016630927628338668e+03,4.368631599999999935e+02
1.016791349829480737e+03,4.368631599999999935e+02
1.016813802007956042e+03,4.368631599999999935e+02
1.017943287537993797e+03,4.368631599999999935e+02
1.016996676387573302e+03,4.368631599999999935e+02
1.017157167885562558e+03,4.368631599999999935e+02
1.017179550767190676e+03,4.368631599999999935e+02
1.017478333396512426e+03,4.368631599999999935e+02
1.017362425146808050e+03,4.368631599999999935e+02
1.017522985941644492e+03,4.368631599999999935e+02
1.017545299526425424e+03,4.368631599999999935e+02
1.018121395447647956e+03,4.368631599999999935e+02
1.017728173906042798e+03,4.368631599999999935e+02
1.017888803997726313e+03,4.368631599999999935e+02
1.017911048285660058e+03,4.368631599999999935e+02
1.018210246853676949e+03,4.368631599999999935e+02
1.018093922665277432e+03,4.368631599999999935e+02
1.018254622053808134e+03,4.368631599999999935e+02
1.018276797044894806e+03,4.368631599999999935e+02
1.024683199999999943e+03,4.190252699999999777e+02
1.018459671424512180e+03,4.190252699999999777e+02
1.018620440109889955e+03,4.190252699999999777e+02
1.018642545804129554e+03,4.190252699999999777e+02
1.018942160310841473e+03,4.190252699999999777e+02
1.018825420183746814e+03,4.190252699999999777e+02
1.018986258165971890e+03,4.190252699999999777e+02
1.019008294563364188e+03,4.190252699999999777e+02
1.019586333004552330e+03,4.190252699999999777e+02
1.019191168942981562e+03,4.190252699999999777e+02
1.019352076222053711e+03,4.190252699999999777e+02
1.019374043322598936e+03,4.190252699999999777e+02
1.019674073768005996e+03,4.190252699999999777e+02
1.019556917702216310e+03,4.190252699999999777e+02
1.019717894278135532e+03,4.190252699999999777e+02
1.019739792081833571e+03,4.190252699999999777e+02
1.020877615349543930e+03,4.190252699999999777e+02
1.019922666461450945e+03,4.190252699999999777e+02
1.020083712334217353e+03,4.190252699999999777e+02
1.020105540841068319e+03,4.190252699999999777e+02
1.020405987225170520e+03,4.190252699999999777e+02
1.020288415220685692e+03,4.190252699999999777e+02
1.020449530390299287e+03,4.190252699999999777e+02
1.020471289600303066e+03,4.190252699999999777e+02
1.021051270561456704e+03,4.190252699999999777e+02
1.020654163979920327e+03,4.190252699999999777e+02
1.020815348446381108e+03,4.190252699999999777e+02
1.020837038359537701e+03,4.190252699999999777e+02
1.021137900682335044e+03,4.190252699999999777e+02
1.021019912739155075e+03,4.190252699999999777e+02
1.021181166502462929e+03,4.190252699999999777e+02
1.021202787118772449e+03,4.190252699999999777e+02
1.023471990548780468e+03,4.190252699999999777e+02
1.021385661498389823e+03,4.190252699999999777e+02
1.021546984558544750e+03,4.190252699999999777e+02
1.021568535878007083e+03,4.190252699999999777e+02
1.021869814139499567e+03,4.190252699999999777e+02
1.021751410257624457e+03,4.190252699999999777e+02
1.021912802614626685e+03,4.190252699999999777e+02
1.021934284637241831e+03,4.190252699999999777e+02
1.022516208118361078e+03,4.190252699999999777e+02
1.022117159016859205e+03,4.190252699999999777e+02
1.022278620670708506e+03,4.190252699999999777e+02
1.022300033396476579e+03,4.190252699999999777e+02
1.022601727596664091e+03,4.190252699999999777e+02
1.022482907776093839e+03,4.190252699999999777e+02
1.022644438726790327e+03,4.190252699999999777e+02
1.022665782155711213e+03,4.190252699999999777e+02
1.023811943161094177e+03,4.190252699999999777e+02
1.022848656535328587e+03,4.190252699999999777e+02
1.023010256782872148e+03,4.190252699999999777e+02
1.023031530914945961e+03,4.190252699999999777e+02
1.023333641053828615e+03,4.190252699999999777e+02
1.023214405294563335e+03,4.190252699999999777e+02
1.023376074838954082e+03,4.190252699999999777e+02
1.023397279674180595e+03,4.190252699999999777e+02
1.023981145675265566e+03,4.190252699999999777e+02
1.023580154053797969e+03,4.190252699999999777e+02
1.023741892895035903e+03,4.190252699999999777e+02
1.023763028433415343e+03,4.190252699999999777e+02
1.024065554510993024e+03,4.190252699999999777e+02
1.023945902813032717e+03,4.190252699999999777e+02
1.024107710951117724e+03,4.190252699999999777e+02
1.024128777192649977e+03,4.190252699999999777e+02
1.039855099999999993e+03,4.004865699999999720e+02
1.024311651572267465e+03,4.190252699999999777e+02
1.024473529007199431e+03,4.190252699999999777e+02
1.024494525951884725e+03,4.190252699999999777e+02
1.024797467968157662e+03,4.190252699999999777e+02
1.024677400331502213e+03,4.190252699999999777e+02
1.024839347063281366e+03,4.190252699999999777e+02
1.024860274711119473e+03,4.190252699999999777e+02
1.025446083232169940e+03,4.190252699999999777e+02
1.025043149090736733e+03,4.190252699999999777e+02
1.025205165119363301e+03,4.190252699999999777e+02
1.025226023470354221e+03,4.190252699999999777e+02
1.025529381425322072e+03,4.190252699999999777e+02
1.025408897849971481e+03,4.190252699999999777e+02
1.025570983175445235e+03,4.190252699999999777e+02
1.025591772229588969e+03,4.190252699999999777e+02
1.026746270972644197e+03,4.190252699999999777e+02
1.025774646609206229e+03,4.190252699999999777e+02
1.025936801231526943e+03,4.190252699999999777e+02
1.025957520988823489e+03,4.190252699999999777e+02
1.026261294882486709e+03,4.190252699999999777e+02
1.026140395368440977e+03,4.190252699999999777e+02
1.026302619287608877e+03,4.190252699999999777e+02
1.026323269748058237e+03,4.190252699999999777e+02
1.026911020789074428e+03,4.190252699999999777e+02
1.026506144127675725e+03,4.190252699999999777e+02
1.026668437343690584e+03,4.190252699999999777e+02
1.026689018507292985e+03,4.190252699999999777e+02
1.026993208339651119e+03,4.190252699999999777e+02
1.026871892886910246e+03,4.190252699999999777e+02
1.027034255399772519e+03,4.190252699999999777e+02
1.027054767266527733e+03,4.190252699999999777e+02
1.029358538414634040e+03,4.190252699999999777e+02
1.027237641646144994e+03,4.190252699999999777e+02
1.027400073455854454e+03,4.190252699999999777e+02
1.027420516025762481e+03,4.190252699999999777e+02
1.027725121796815529e+03,4.190252699999999777e+02
1.027603390405379741e+03,4.190252699999999777e+02
1.027765891511936388e+03,4.190252699999999777e+02
1.027786264784997002e+03,4.190252699999999777e+02
1.028375958345978688e+03,4.190252699999999777e+02
1.027969139164614489e+03,4.190252699999999777e+02
1.028131709568018096e+03,4.190252699999999777e+02
1.028152013544231750e+03,4.190252699999999777e+02
1.028457035253980166e+03,4.190252699999999777e+02
1.028334887923849237e+03,4.190252699999999777e+02
1.028497527624099803e+03,4.190252699999999777e+02
1.028517762303466498e+03,4.190252699999999777e+02
1.029680598784194444e+03,4.190252699999999777e+02
1.028700636683083758e+03,4.190252699999999777e+02
1.028863345680181737e+03,4.190252699999999777e+02
1.028883511062701245e+03,4.190252699999999777e+02
1.029188948711144803e+03,4.190252699999999777e+02
1.029066385442318506e+03,4.190252699999999777e+02
1.029229163736263672e+03,4.190252699999999777e+02
1.029249259821935993e+03,4.190252699999999777e+02
1.029840895902882949e+03,4.190252699999999777e+02
1.029432134201553254e+03,4.190252699999999777e+02
1.029594981792345607e+03,4.190252699999999777e+02
1.029615008581170514e+03,4.190252699999999777e+02
1.029920862168309213e+03,4.190252699999999777e+02
1.029797882960788002e+03,4.190252699999999777e+02
1.029960799848427314e+03,4.190252699999999777e+02
1.029980757340405262e+03,4.190252699999999777e+02
1.058491199999999935e+03,3.847170399999999972e+02
1.030163631720022750e+03,4.004865699999999720e+02
1.030326617904509021e+03,4.004865699999999720e+02
1.030346506099640010e+03,4.004865699999999720e+02
1.030652775625473623e+03,4.004865699999999720e+02
1.030529380479257270e+03,4.004865699999999720e+02
1.030692435960590956e+03,4.004865699999999720e+02
1.030712254858874758e+03,4.004865699999999720e+02
1.031305833459787664e+03,4.004865699999999720e+02
1.030895129238492018e+03,4.004865699999999720e+02
1.031058254016672890e+03,4.004865699999999720e+02
1.031078003618109506e+03,4.004865699999999720e+02
1.031384689082638261e+03,4.004865699999999720e+02
1.031260877997726766e+03,4.004865699999999720e+02
1.031424072072754825e+03,4.004865699999999720e+02
1.031443752377344026e+03,4.004865699999999720e+02
1.032614926595744691e+03,4.004865699999999720e+02
1.031626626756961514e+03,4.004865699999999720e+02
1.031789890128836532e+03,4.004865699999999720e+02
1.031809501136578774e+03,4.004865699999999720e+02
1.032116602539802898e+03,4.004865699999999720e+02
1.031992375516196262e+03,4.004865699999999720e+02
1.032155708184918467e+03,4.004865699999999720e+02
1.032175249895813522e+03,4.004865699999999720e+02
1.032770771016691924e+03,4.004865699999999720e+02
1.032358124275430782e+03,4.004865699999999720e+02
1.032521526241000174e+03,4.004865699999999720e+02
1.032540998655048270e+03,4.004865699999999720e+02
1.032848515996967308e+03,4.004865699999999720e+02
1.032723873034665758e+03,4.004865699999999720e+02
1.032887344297082109e+03,4.004865699999999720e+02
1.032906747414283018e+03,4.004865699999999720e+02
1.035245086280487612e+03,4.004865699999999720e+02
1.033089621793900278e+03,4.004865699999999720e+02
1.033253162353164043e+03,4.004865699999999720e+02
1.033272496173517538e+03,4.004865699999999720e+02
1.033580429454131718e+03,4.004865699999999720e+02
1.033455370553135026e+03,4.004865699999999720e+02
1.033618980409245978e+03,4.004865699999999720e+02
1.033638244932752514e+03,4.004865699999999720e+02
1.034235708573596185e+03,4.004865699999999720e+02
1.033821119312369774e+03,4.004865699999999720e+02
1.033984798465327685e+03,4.004865699999999720e+02
1.034003993691987034e+03,4.004865699999999720e+02
1.034312342911296355e+03,4.004865699999999720e+02
1.034186868071604295e+03,4.004865699999999720e+02
1.034350616521409393e+03,4.004865699999999720e+02
1.034369742451221782e+03,4.004865699999999720e+02
1.035549254407294711e+03,4.004865699999999720e+02
1.034552616830839270e+03,4.004865699999999720e+02
1.034716434577491327e+03,4.004865699999999720e+02
1.034735491210456530e+03,4.004865699999999720e+02
1.035044256368460992e+03,4.004865699999999720e+02
1.034918365590073790e+03,4.004865699999999720e+02
1.035082252633573262e+03,4.004865699999999720e+02
1.035101239969691051e+03,4.004865699999999720e+02
1.035700646130500672e+03,4.004865699999999720e+02
1.035284114349308538e+03,4.004865699999999720e+02
1.035448070689655196e+03,4.004865699999999720e+02
1.035466988728926026e+03,4.004865699999999720e+02
1.035776169825625402e+03,4.004865699999999720e+02
1.035649863108543286e+03,4.004865699999999720e+02
1.035813888745736904e+03,4.004865699999999720e+02
1.035832737488160546e+03,4.004865699999999720e+02
1.075265499999999975e+03,3.754466600000000085e+02
1.036015611867777807e+03,4.004865699999999720e+02
1.036179706801818611e+03,4.004865699999999720e+02
1.036198486247395294e+03,4.004865699999999720e+02
1.036508083282789812e+03,4.004865699999999720e+02
1.036381360627012782e+03,4.004865699999999720e+02
1.036545524857900546e+03,4.004865699999999720e+02
1.036564235006630042e+03,4.004865699999999720e+02
1.037165583687405160e+03,4.004865699999999720e+02
1.036747109386247303e+03,4.004865699999999720e+02
1.036911342913982480e+03,4.004865699999999720e+02
1.036929983765864563e+03,4.004865699999999720e+02
1.037239996739954449e+03,4.004865699999999720e+02
1.037112858145482051e+03,4.004865699999999720e+02
1.037277160970064415e+03,4.004865699999999720e+02
1.037295732525099538e+03,4.004865699999999720e+02
1.038483582218844731e+03,4.004865699999999720e+02
1.037478606904716798e+03,4.004865699999999720e+02
1.037642979026146122e+03,4.004865699999999720e+02
1.037661481284334059e+03,4.004865699999999720e+02
1.037971910197119087e+03,4.004865699999999720e+02
1.037844355663951319e+03,4.004865699999999720e+02
1.038008797082228057e+03,4.004865699999999720e+02
1.038027230043568807e+03,4.004865699999999720e+02
1.038630521244309421e+03,4.004865699999999720e+02
1.038210104423186294e+03,4.004865699999999720e+02
1.038374615138309764e+03,4.004865699999999720e+02
1.038392978802803555e+03,4.004865699999999720e+02
1.038703823654283497e+03,4.004865699999999720e+02
1.038575853182420815e+03,4.004865699999999720e+02
1.038740433194391699e+03,4.004865699999999720e+02
1.038758727562038075e+03,4.004865699999999720e+02
1.041131634146341412e+03,4.004865699999999720e+02
1.038941601941655563e+03,4.004865699999999720e+02
1.039106251250473633e+03,4.004865699999999720e+02
1.039124476321273050e+03,4.004865699999999720e+02
1.039435737111447906e+03,4.004865699999999720e+02
1.039307350700890311e+03,4.004865699999999720e+02
1.039472069306555568e+03,4.004865699999999720e+02
1.039490225080507571e+03,4.004865699999999720e+02
1.040095458801213908e+03,4.004865699999999720e+02
1.039673099460124831e+03,4.004865699999999720e+02
1.039837887362637275e+03,4.004865699999999720e+02
1.039855973839742319e+03,4.004865699999999720e+02
1.040167650568612544e+03,4.004865699999999720e+02
1.040038848219359807e+03,4.004865699999999720e+02
1.040203705418718982e+03,4.004865699999999720e+02
1.040221722598977067e+03,4.004865699999999720e+02
1.041417910030394978e+03,4.004865699999999720e+02
1.040404596978594327e+03,4.004865699999999720e+02
1.040569523474800917e+03,4.004865699999999720e+02
1.040587471358211587e+03,4.004865699999999720e+02
1.040899564025777181e+03,4.004865699999999720e+02
1.040770345737829075e+03,4.004865699999999720e+02
1.040935341530882852e+03,4.004865699999999720e+02
1.040953220117446563e+03,4.004865699999999720e+02
1.041560396358118396e+03,4.004865699999999720e+02
1.041136094497063823e+03,4.004865699999999720e+02
1.041301159586964786e+03,4.004865699999999720e+02
1.041318968876681083e+03,4.004865699999999720e+02
1.041631477482941591e+03,4.004865699999999720e+02
1.041501843256298343e+03,4.004865699999999720e+02
1.041666977643046494e+03,4.004865699999999720e+02
1.041684717635915831e+03,4.004865699999999720e+02
1.092193800000000010e+03,3.708376499999999965e+02
1.041867592015533319e+03,4.004865699999999720e+02
1.042032795699128201e+03,4.004865699999999720e+02
1.042050466395150579e+03,4.004865699999999720e+02
1.042363390940106001e+03,4.004865699999999720e+02
1.042233340774767839e+03,4.004865699999999720e+02
1.042398613755210135e+03,4.004865699999999720e+02
1.042416215154385100e+03,4.004865699999999720e+02
1.043025333915022657e+03,4.004865699999999720e+02
1.042599089534002587e+03,4.004865699999999720e+02
1.042764431811292070e+03,4.004865699999999720e+02
1.042781963913620075e+03,4.004865699999999720e+02
1.043095304397270411e+03,4.004865699999999720e+02
1.042964838293237335e+03,4.004865699999999720e+02
1.043130249867374005e+03,4.004865699999999720e+02
1.043147712672854595e+03,4.004865699999999720e+02
1.044352237841945225e+03,4.004865699999999720e+02
1.043330587052471856e+03,4.004865699999999720e+02
1.043496067923455712e+03,4.004865699999999720e+02
1.043513461432089343e+03,4.004865699999999720e+02
1.043827217854435048e+03,4.004865699999999720e+02
1.043696335811706831e+03,4.004865699999999720e+02
1.043861885979537647e+03,4.004865699999999720e+02
1.043879210191324091e+03,4.004865699999999720e+02
1.044490271471927144e+03,4.004865699999999720e+02
1.044062084570941352e+03,4.004865699999999720e+02
1.044227704035619354e+03,4.004865699999999720e+02
1.044244958950558612e+03,4.004865699999999720e+02
1.044559131311599685e+03,4.004865699999999720e+02
1.044427833330176099e+03,4.004865699999999720e+02
1.044593522091701288e+03,4.004865699999999720e+02
1.044610707709793587e+03,4.004865699999999720e+02
1.047018182012195211e+03,4.004865699999999720e+02
1.044793582089410847e+03,4.004865699999999720e+02
1.044959340147783223e+03,4.004865699999999720e+02
1.044976456469028108e+03,4.004865699999999720e+02
1.045291044768764095e+03,4.004865699999999720e+02
1.045159330848645368e+03,4.004865699999999720e+02
1.045325158203865158e+03,4.004865699999999720e+02
1.045342205228262856e+03,4.004865699999999720e+02
1.045955209028831632e+03,4.004865699999999720e+02
1.045525079607880343e+03,4.004865699999999720e+02
1.045690976259946865e+03,4.004865699999999720e+02
1.045707953987497604e+03,4.004865699999999720e+02
1.046022958225928505e+03,4.004865699999999720e+02
1.045890828367114864e+03,4.004865699999999720e+02
1.046056794316028572e+03,4.004865699999999720e+02
1.046073702746732124e+03,4.004865699999999720e+02
1.047286565653495472e+03,4.004865699999999720e+02
1.046256577126349612e+03,4.004865699999999720e+02
1.046422612372110507e+03,4.004865699999999720e+02
1.046439451505967099e+03,4.004865699999999720e+02
1.046754871683093143e+03,4.004865699999999720e+02
1.046622325885584360e+03,4.004865699999999720e+02
1.046788430428192441e+03,4.004865699999999720e+02
1.046805200265201620e+03,4.004865699999999720e+02
1.047420146585735893e+03,4.004865699999999720e+02
1.046988074644818880e+03,4.004865699999999720e+02
1.047154248484274376e+03,4.004865699999999720e+02
1.047170949024436368e+03,4.004865699999999720e+02
1.047486785140257780e+03,4.004865699999999720e+02
1.047353823404053855e+03,4.004865699999999720e+02
1.047520066540356083e+03,4.004865699999999720e+02
1.047536697783671116e+03,4.004865699999999720e+02
1.103283300000000054e+03,3.712707500000000209e+02
1.047719572163288376e+03,3.847170399999999972e+02
1.047885884596437791e+03,3.847170399999999972e+02
1.047902446542905636e+03,3.847170399999999972e+02
1.048218698597422190e+03,3.847170399999999972e+02
1.048085320922523124e+03,3.847170399999999972e+02
1.048251702652519725e+03,3.847170399999999972e+02
1.048268195302140612e+03,3.847170399999999972e+02
1.048885084142640153e+03,3.847170399999999972e+02
1.048451069681757872e+03,3.847170399999999972e+02
1.048617520708601660e+03,3.847170399999999972e+02
1.048633944061375132e+03,3.847170399999999972e+02
1.048950612054586600e+03,3.847170399999999972e+02
1.048816818440992392e+03,3.847170399999999972e+02
1.048983338764683594e+03,3.847170399999999972e+02
1.048999692820609880e+03,3.847170399999999972e+02
1.050220893465045492e+03,3.847170399999999972e+02
1.049182567200227368e+03,3.847170399999999972e+02
1.049349156820765302e+03,3.847170399999999972e+02
1.049365441579844628e+03,3.847170399999999972e+02
1.049682525511751237e+03,3.847170399999999972e+02
1.049548315959461888e+03,3.847170399999999972e+02
1.049714974876847236e+03,3.847170399999999972e+02
1.049731190339079149e+03,3.847170399999999972e+02
1.050350021699544868e+03,3.847170399999999972e+02
1.049914064718696636e+03,3.847170399999999972e+02
1.050080792932928944e+03,3.847170399999999972e+02
1.050096939098314124e+03,3.847170399999999972e+02
1.050414438968915874e+03,3.847170399999999972e+02
1.050279813477931384e+03,3.847170399999999972e+02
1.050446610989010878e+03,3.847170399999999972e+02
1.050462687857548644e+03,3.847170399999999972e+02
1.052904729878048784e+03,3.847170399999999972e+02
1.050645562237165905e+03,3.847170399999999972e+02
1.050812429045092813e+03,3.847170399999999972e+02
1.050828436616783392e+03,3.847170399999999972e+02
1.051146352426080284e+03,3.847170399999999972e+02
1.051011310996400880e+03,3.847170399999999972e+02
1.051178247101174748e+03,3.847170399999999972e+02
1.051194185376018140e+03,3.847170399999999972e+02
1.051814959256449129e+03,3.847170399999999972e+02
1.051377059755635401e+03,3.847170399999999972e+02
1.051544065157256455e+03,3.847170399999999972e+02
1.051559934135252661e+03,3.847170399999999972e+02
1.051878265883244694e+03,3.847170399999999972e+02
1.051742808514870148e+03,3.847170399999999972e+02
1.051909883213338162e+03,3.847170399999999972e+02
1.051925682894487636e+03,3.847170399999999972e+02
1.053155221276595512e+03,3.847170399999999972e+02
1.052108557274104896e+03,3.847170399999999972e+02
1.052275701269420097e+03,3.847170399999999972e+02
1.052291431653722157e+03,3.847170399999999972e+02
1.052610179340409331e+03,3.847170399999999972e+02
1.052474306033339417e+03,3.847170399999999972e+02
1.052641519325502031e+03,3.847170399999999972e+02
1.052657180412956905e+03,3.847170399999999972e+02
1.053279896813353389e+03,3.847170399999999972e+02
1.052840054792574392e+03,3.847170399999999972e+02
1.053007337381583966e+03,3.847170399999999972e+02
1.053022929172191652e+03,3.847170399999999972e+02
1.053342092797573969e+03,3.847170399999999972e+02
1.053205803551808913e+03,3.847170399999999972e+02
1.053373155437665673e+03,3.847170399999999972e+02
1.053388677931426173e+03,3.847170399999999972e+02
1.113252899999999954e+03,3.750405299999999897e+02
1.053571552311043661e+03,3.847170399999999972e+02
1.053738973493747380e+03,3.847170399999999972e+02
1.053754426690661148e+03,3.847170399999999972e+02
1.054074006254738379e+03,3.847170399999999972e+02
1.053937301070278409e+03,3.847170399999999972e+02
1.054104791549829315e+03,3.847170399999999972e+02
1.054120175449895669e+03,3.847170399999999972e+02
1.054744834370257877e+03,3.847170399999999972e+02
1.054303049829512929e+03,3.847170399999999972e+02
1.054470609605911250e+03,3.847170399999999972e+02
1.054485924209130417e+03,3.847170399999999972e+02
1.054805919711902789e+03,3.847170399999999972e+02
1.054668798588747904e+03,3.847170399999999972e+02
1.054836427661993184e+03,3.847170399999999972e+02
1.054851672968365165e+03,3.847170399999999972e+02
1.056089549088145759e+03,3.847170399999999972e+02
1.055034547347982425e+03,3.847170399999999972e+02
1.055202245718074892e+03,3.847170399999999972e+02
1.055217421727599685e+03,3.847170399999999972e+02
1.055537833169067426e+03,3.847170399999999972e+02
1.055400296107217173e+03,3.847170399999999972e+02
1.055568063774156826e+03,3.847170399999999972e+02
1.055583170486834661e+03,3.847170399999999972e+02
1.056209771927162365e+03,3.847170399999999972e+02
1.055766044866451921e+03,3.847170399999999972e+02
1.055933881830238533e+03,3.847170399999999972e+02
1.055948919246069181e+03,3.847170399999999972e+02
1.056269746626232063e+03,3.847170399999999972e+02
1.056131793625686669e+03,3.847170399999999972e+02
1.056299699886320468e+03,3.847170399999999972e+02
1.056314668005303929e+03,3.847170399999999972e+02
1.058791277743902356e+03,4.690061000000000035e+02
1.056497542384921417e+03,3.847170399999999972e+02
1.056665517942402403e+03,3.847170399999999972e+02
1.056680416764538677e+03,3.847170399999999972e+02
1.057001660083396473e+03,3.847170399999999972e+02
1.056863291144155937e+03,3.847170399999999972e+02
1.057031335998484337e+03,3.847170399999999972e+02
1.057046165523773425e+03,3.847170399999999972e+02
1.057674709484066625e+03,3.847170399999999972e+02
1.057229039903390685e+03,3.847170399999999972e+02
1.057397154054566045e+03,3.847170399999999972e+02
1.057411914283008173e+03,3.847170399999999972e+02
1.057733573540560883e+03,3.847170399999999972e+02
1.057594788662625433e+03,3.847170399999999972e+02
1.057762972110647752e+03,3.847170399999999972e+02
1.057777663042242693e+03,3.847170399999999972e+02
1.059023876899696006e+03,4.690061000000000035e+02
1.057960537421860181e+03,3.847170399999999972e+02
1.058128790166729686e+03,3.847170399999999972e+02
1.058143411801477441e+03,3.847170399999999972e+02
1.058465486997725293e+03,3.847170399999999972e+02
1.058326286181094929e+03,3.847170399999999972e+02
1.058494608222811621e+03,3.847170399999999972e+02
1.058509160560712189e+03,3.847170399999999972e+02
1.059139647040971113e+03,4.690061000000000035e+02
1.058692034940329449e+03,4.690061000000000035e+02
1.058860426278893556e+03,4.690061000000000035e+02
1.058874909319946937e+03,4.690061000000000035e+02
1.059197400454889930e+03,4.690061000000000035e+02
1.059057783699564197e+03,4.690061000000000035e+02
1.059226244334975263e+03,4.690061000000000035e+02
1.059240658079181685e+03,4.690061000000000035e+02
1.119261600000000044e+03,3.803663300000000049e+02
1.059423532458798945e+03,4.706652799999999957e+02
1.059592062391056970e+03,4.706652799999999957e+02
1.059606406838416206e+03,4.706652799999999957e+02
1.059929313912054567e+03,4.706652799999999957e+02
1.059789281218033693e+03,4.706652799999999957e+02
1.059957880447138905e+03,4.706652799999999957e+02
1.059972155597650953e+03,4.706652799999999957e+02
1.060604584597875601e+03,4.706652799999999957e+02
1.060155029977268441e+03,4.706652799999999957e+02
1.060323698503220839e+03,4.706652799999999957e+02
1.060337904356885701e+03,4.706652799999999957e+02
1.060661227369218977e+03,4.706652799999999957e+02
1.060520778736502962e+03,4.706652799999999957e+02
1.060689516559302774e+03,4.706652799999999957e+02
1.060703653116120449e+03,4.706652799999999957e+02
1.061958204711246253e+03,4.706652799999999957e+02
1.060886527495737710e+03,4.706652799999999957e+02
1.061055334615384481e+03,4.706652799999999957e+02
1.061069401875355197e+03,4.706652799999999957e+02
1.061393140826383387e+03,4.706652799999999957e+02
1.061252276254972458e+03,4.706652799999999957e+02
1.061421152671466189e+03,4.706652799999999957e+02
1.061435150634589718e+03,4.706652799999999957e+02
1.062069522154779861e+03,4.706652799999999957e+02
1.061618025014207205e+03,4.706652799999999957e+02
1.061786970727548123e+03,4.706652799999999957e+02
1.061800899393824466e+03,4.706652799999999957e+02
1.062125054283548025e+03,4.706652799999999957e+02
1.061983773773441953e+03,4.706652799999999957e+02
1.062152788783630058e+03,4.706652799999999957e+02
1.062166648153059214e+03,4.706652799999999957e+02
1.064677825609755928e+03,4.706652799999999957e+02
1.062349522532676474e+03,4.706652799999999957e+02
1.062518606839711993e+03,4.706652799999999957e+02
1.062532396912293962e+03,4.706652799999999957e+02
1.062856967740712662e+03,4.706652799999999957e+02
1.062715271291911222e+03,4.706652799999999957e+02
1.062884424895793700e+03,4.706652799999999957e+02
1.062898145671528709e+03,4.706652799999999957e+02
1.063534459711684349e+03,4.706652799999999957e+02
1.063081020051145970e+03,4.706652799999999957e+02
1.063250242951875634e+03,4.706652799999999957e+02
1.063263894430763230e+03,4.706652799999999957e+02
1.063588881197877072e+03,4.706652799999999957e+02
1.063446768810380718e+03,4.706652799999999957e+02
1.063616061007957342e+03,4.706652799999999957e+02
1.063629643189998205e+03,4.706652799999999957e+02
1.064892532522796273e+03,4.706652799999999957e+02
1.063812517569615466e+03,4.706652799999999957e+02
1.063981879064039276e+03,4.706652799999999957e+02
1.063995391949232726e+03,4.706652799999999957e+02
1.064320794655041482e+03,4.706652799999999957e+02
1.064178266328849986e+03,4.706652799999999957e+02
1.064347697120121211e+03,4.706652799999999957e+02
1.064361140708467474e+03,4.706652799999999957e+02
1.064999397268588837e+03,4.706652799999999957e+02
1.064544015088084961e+03,4.706652799999999957e+02
1.064713515176203146e+03,4.706652799999999957e+02
1.064726889467702222e+03,4.706652799999999957e+02
1.065052708112206119e+03,4.706652799999999957e+02
1.064909763847319482e+03,4.706652799999999957e+02
1.065079333232284853e+03,4.706652799999999957e+02
1.065092638226936742e+03,4.706652799999999957e+02
1.124015599999999949e+03,3.871269500000000221e+02
1.065275512606554230e+03,4.766629599999999982e+02
1.065445151288366560e+03,4.766629599999999982e+02
1.065458386986171718e+03,4.766629599999999982e+02
1.065784621569370756e+03,4.766629599999999982e+02
1.065641261365788978e+03,4.766629599999999982e+02
1.065810969344448495e+03,4.766629599999999982e+02
1.065824135745406238e+03,4.766629599999999982e+02
1.066464334825493097e+03,4.766629599999999982e+02
1.066007010125023498e+03,4.766629599999999982e+02
1.066176787400530429e+03,4.766629599999999982e+02
1.066189884504640986e+03,4.766629599999999982e+02
1.066516535026535166e+03,4.766629599999999982e+02
1.066372758884258474e+03,4.766629599999999982e+02
1.066542605456612364e+03,4.766629599999999982e+02
1.066555633263875734e+03,4.766629599999999982e+02
1.067826860334346293e+03,4.766629599999999982e+02
1.066738507643492994e+03,4.766629599999999982e+02
1.066908423512694071e+03,4.766629599999999982e+02
1.066921382023110255e+03,4.766629599999999982e+02
1.067248448483699576e+03,4.766629599999999982e+02
1.067104256402727742e+03,4.766629599999999982e+02
1.067274241568775778e+03,4.766629599999999982e+02
1.067287130782345230e+03,4.766629599999999982e+02
1.067929272382397357e+03,4.766629599999999982e+02
1.067470005161962490e+03,4.766629599999999982e+02
1.067640059624857713e+03,4.766629599999999982e+02
1.067652879541579750e+03,4.766629599999999982e+02
1.067980361940864213e+03,4.766629599999999982e+02
1.067835753921197011e+03,4.766629599999999982e+02
1.068005877680939648e+03,4.766629599999999982e+02
1.068018628300814498e+03,4.766629599999999982e+02
1.070564373475609727e+03,4.766629599999999982e+02
1.068201502680431986e+03,4.766629599999999982e+02
1.068371695737021582e+03,4.766629599999999982e+02
1.068384377060049246e+03,4.766629599999999982e+02
1.068712275398028851e+03,4.766629599999999982e+02
1.068567251439666506e+03,4.766629599999999982e+02
1.068737513793103290e+03,4.766629599999999982e+02
1.068750125819283767e+03,4.766629599999999982e+02
1.069394209939302073e+03,4.766629599999999982e+02
1.068933000198901254e+03,4.766629599999999982e+02
1.069103331849185224e+03,4.766629599999999982e+02
1.069115874578518742e+03,4.766629599999999982e+02
1.069444188855193261e+03,4.766629599999999982e+02
1.069298748958136002e+03,4.766629599999999982e+02
1.069469149905266931e+03,4.766629599999999982e+02
1.069481623337753263e+03,4.766629599999999982e+02
1.070761188145896540e+03,4.766629599999999982e+02
1.069664497717370523e+03,4.766629599999999982e+02
1.069834967961348866e+03,4.766629599999999982e+02
1.069847372096988011e+03,4.766629599999999982e+02
1.070176102312357671e+03,4.766629599999999982e+02
1.070030246476605498e+03,4.766629599999999982e+02
1.070200786017430801e+03,4.766629599999999982e+02
1.070213120856222758e+03,4.766629599999999982e+02
1.070859147496206333e+03,4.766629599999999982e+02
1.070395995235840019e+03,4.766629599999999982e+02
1.070566604073512735e+03,4.766629599999999982e+02
1.070578869615457279e+03,4.766629599999999982e+02
1.070908015769522308e+03,4.766629599999999982e+02
1.070761743995074767e+03,4.766629599999999982e+02
1.070932422129594443e+03,4.766629599999999982e+02
1.070944618374692254e+03,4.766629599999999982e+02
1.132565200000000004e+03,4.088565699999999765e+02
1.071127492754309515e+03,4.766629599999999982e+02
1.071298240185676150e+03,4.766629599999999982e+02
1.071310367133926775e+03,4.766629599999999982e+02
1.071639929226686945e+03,4.766629599999999982e+02
1.071493241513544035e+03,4.766629599999999982e+02
1.071664058241758084e+03,4.766629599999999982e+02
1.071676115893161523e+03,4.766629599999999982e+02
1.072324085053110593e+03,4.766629599999999982e+02
1.071858990272779010e+03,4.766629599999999982e+02
1.072029876297840019e+03,4.766629599999999982e+02
1.072041864652396271e+03,4.766629599999999982e+02
1.072371842683851355e+03,4.766629599999999982e+02
1.072224739032013531e+03,4.766629599999999982e+02
1.072395694353921954e+03,4.766629599999999982e+02
1.072407613411630791e+03,4.766629599999999982e+02
1.073695515957446787e+03,3.754466600000000085e+02
1.072590487791248279e+03,3.754466600000000085e+02
1.072761512410003661e+03,3.754466600000000085e+02
1.072773362170865767e+03,3.754466600000000085e+02
1.073103756141015765e+03,3.754466600000000085e+02
1.072956236550483027e+03,3.754466600000000085e+02
1.073127330466085368e+03,3.754466600000000085e+02
1.073139110930100287e+03,3.754466600000000085e+02
1.073789022610015081e+03,3.754466600000000085e+02
1.073321985309717547e+03,3.754466600000000085e+02
1.073493148522167303e+03,3.754466600000000085e+02
1.073504859689335035e+03,3.754466600000000085e+02
1.073835669598180402e+03,3.754466600000000085e+02
1.073687734068952523e+03,3.754466600000000085e+02
1.073858966578249238e+03,3.754466600000000085e+02
1.073870608448569783e+03,3.754466600000000085e+02
1.076450921341463527e+03,3.754466600000000085e+02
1.074053482828187043e+03,3.754466600000000085e+02
1.074224784634331172e+03,3.754466600000000085e+02
1.074236357207804303e+03,3.754466600000000085e+02
1.074567583055344812e+03,3.754466600000000085e+02
1.074419231587421791e+03,3.754466600000000085e+02
1.074590602690412879e+03,3.754466600000000085e+02
1.074602105967039279e+03,3.754466600000000085e+02
1.075253960166919569e+03,3.754466600000000085e+02
1.074784980346656539e+03,3.754466600000000085e+02
1.074956420746494814e+03,3.754466600000000085e+02
1.074967854726273799e+03,3.754466600000000085e+02
1.075299496512509450e+03,3.754466600000000085e+02
1.075150729105891060e+03,3.754466600000000085e+02
1.075322238802576521e+03,3.754466600000000085e+02
1.075333603485508547e+03,3.754466600000000085e+02
1.076629843768996807e+03,3.754466600000000085e+02
1.075516477865126035e+03,3.754466600000000085e+02
1.075688056858658456e+03,3.754466600000000085e+02
1.075699352244743295e+03,3.754466600000000085e+02
1.076031409969673859e+03,3.754466600000000085e+02
1.075882226624360555e+03,3.754466600000000085e+02
1.076053874914740391e+03,3.754466600000000085e+02
1.076065101003977816e+03,3.754466600000000085e+02
1.076718897723823829e+03,3.754466600000000085e+02
1.076247975383595303e+03,3.754466600000000085e+02
1.076419692970822325e+03,3.754466600000000085e+02
1.076430849763212791e+03,3.754466600000000085e+02
1.076763323426838269e+03,3.754466600000000085e+02
1.076613724142830051e+03,3.754466600000000085e+02
1.076785511026904032e+03,3.754466600000000085e+02
1.076796598522447312e+03,3.754466600000000085e+02
1.135233199999999897e+03,4.221358599999999797e+02
1.076979472902064572e+03,4.796680999999999813e+02
1.077151329082985740e+03,4.796680999999999813e+02
1.077162347281682059e+03,4.796680999999999813e+02
1.077495236884002907e+03,4.796680999999999813e+02
1.077345221661299547e+03,4.796680999999999813e+02
1.077517147139067674e+03,4.796680999999999813e+02
1.077528096040916807e+03,4.796680999999999813e+02
1.078183835280728317e+03,4.796680999999999813e+02
1.077710970420534068e+03,4.796680999999999813e+02
1.077882965195149609e+03,4.796680999999999813e+02
1.077893844800151328e+03,4.796680999999999813e+02
1.078227150341167544e+03,4.796680999999999813e+02
1.078076719179768816e+03,4.796680999999999813e+02
1.078248783251231544e+03,4.796680999999999813e+02
1.078259593559386303e+03,4.796680999999999813e+02
1.079564171580547054e+03,4.796680999999999813e+02
1.078442467939003564e+03,4.796680999999999813e+02
1.078614601307313251e+03,4.796680999999999813e+02
1.078625342318620824e+03,4.796680999999999813e+02
1.078959063798331954e+03,4.796680999999999813e+02
1.078808216698238084e+03,4.796680999999999813e+02
1.078980419363394958e+03,4.796680999999999813e+02
1.078991091077855572e+03,4.796680999999999813e+02
1.079648772837632805e+03,4.796680999999999813e+02
1.079173965457473059e+03,4.796680999999999813e+02
1.079346237419476893e+03,4.796680999999999813e+02
1.079356839837090320e+03,4.796680999999999813e+02
1.079690977255496364e+03,4.796680999999999813e+02
1.079539714216707580e+03,4.796680999999999813e+02
1.079712055475558827e+03,4.796680999999999813e+02
1.079722588596324840e+03,4.796680999999999813e+02
1.082337469207317099e+03,4.796680999999999813e+02
1.079905462975942328e+03,4.796680999999999813e+02
1.080077873531640762e+03,4.796680999999999813e+02
1.080088337355559815e+03,4.796680999999999813e+02
1.080422890712661001e+03,4.796680999999999813e+02
1.080271211735177076e+03,4.796680999999999813e+02
1.080443691587722469e+03,4.796680999999999813e+02
1.080454086114794336e+03,4.796680999999999813e+02
1.081113710394537065e+03,4.796680999999999813e+02
1.080636960494411596e+03,4.796680999999999813e+02
1.080809509643804404e+03,4.796680999999999813e+02
1.080819834874029084e+03,4.796680999999999813e+02
1.081154804169825638e+03,4.796680999999999813e+02
1.081002709253646572e+03,4.796680999999999813e+02
1.081175327699886111e+03,4.796680999999999813e+02
1.081185583633263832e+03,4.796680999999999813e+02
1.082498499392097074e+03,4.796680999999999813e+02
1.081368458012881092e+03,4.796680999999999813e+02
1.081541145755968046e+03,4.796680999999999813e+02
1.081551332392498352e+03,4.796680999999999813e+02
1.081886717626990048e+03,4.796680999999999813e+02
1.081734206772115840e+03,4.796680999999999813e+02
1.081906963812049980e+03,4.796680999999999813e+02
1.081917081151733328e+03,4.796680999999999813e+02
1.082578647951441553e+03,4.796680999999999813e+02
1.082099955531350588e+03,4.796680999999999813e+02
1.082272781868131915e+03,4.796680999999999813e+02
1.082282829910967848e+03,4.796680999999999813e+02
1.082618631084154458e+03,4.796680999999999813e+02
1.082465704290585109e+03,4.796680999999999813e+02
1.082638599924213622e+03,4.796680999999999813e+02
1.082648578670202596e+03,4.796680999999999813e+02
1.135316399999999931e+03,4.383548599999999738e+02
1.082831453049820084e+03,3.708376499999999965e+02
1.083004417980295329e+03,3.708376499999999965e+02
1.083014327429437344e+03,3.708376499999999965e+02
1.083350544541319096e+03,3.708376499999999965e+02
1.083197201809054604e+03,3.708376499999999965e+02
1.083370236036377264e+03,3.708376499999999965e+02
1.083380076188671865e+03,3.708376499999999965e+02
1.084043585508346041e+03,3.708376499999999965e+02
1.083562950568289352e+03,3.708376499999999965e+02
1.083736054092459199e+03,3.708376499999999965e+02
1.083745824947906840e+03,3.708376499999999965e+02
1.084082457998483733e+03,3.708376499999999965e+02
1.083928699327524100e+03,3.708376499999999965e+02
1.084101872148541133e+03,3.708376499999999965e+02
1.084111573707141361e+03,3.708376499999999965e+02
1.085432827203647321e+03,3.708376499999999965e+02
1.084294448086758621e+03,3.708376499999999965e+02
1.084467690204622841e+03,3.708376499999999965e+02
1.084477322466376108e+03,3.708376499999999965e+02
1.084814371455648143e+03,3.708376499999999965e+02
1.084660196845993596e+03,3.708376499999999965e+02
1.084833508260704548e+03,3.708376499999999965e+02
1.084843071225610856e+03,3.708376499999999965e+02
1.085508523065250301e+03,3.708376499999999965e+02
1.085025945605228117e+03,3.708376499999999965e+02
1.085199326316786482e+03,3.708376499999999965e+02
1.085208819984845377e+03,3.708376499999999965e+02
1.085546284912812553e+03,3.708376499999999965e+02
1.085391694364462865e+03,3.708376499999999965e+02
1.085565144372868417e+03,3.708376499999999965e+02
1.085574568744080352e+03,3.708376499999999965e+02
1.088224017073170671e+03,3.708376499999999965e+02
1.085757443123697612e+03,3.708376499999999965e+02
1.085930962428950352e+03,3.708376499999999965e+02
1.085940317503314873e+03,3.708376499999999965e+02
1.086278198369977190e+03,3.708376499999999965e+02
1.086123191882932133e+03,3.708376499999999965e+02
1.086296780485032059e+03,3.708376499999999965e+02
1.086306066262549621e+03,3.708376499999999965e+02
1.086973460622154562e+03,3.708376499999999965e+02
1.086488940642167108e+03,3.708376499999999965e+02
1.086662598541113994e+03,3.708376499999999965e+02
1.086671815021784369e+03,3.708376499999999965e+02
1.087010111827141827e+03,3.708376499999999965e+02
1.086854689401401629e+03,3.708376499999999965e+02
1.087028416597195701e+03,3.708376499999999965e+02
1.087037563781019117e+03,3.708376499999999965e+02
1.088367155015197568e+03,3.708376499999999965e+02
1.087220438160636377e+03,3.708376499999999965e+02
1.087394234653277636e+03,3.708376499999999965e+02
1.087403312540253864e+03,3.708376499999999965e+02
1.087742025284306237e+03,3.708376499999999965e+02
1.087586186919871125e+03,3.708376499999999965e+02
1.087760052709359570e+03,3.708376499999999965e+02
1.087769061299488385e+03,3.708376499999999965e+02
1.088438398179059277e+03,3.708376499999999965e+02
1.087951935679105873e+03,3.708376499999999965e+02
1.088125870765441505e+03,3.708376499999999965e+02
1.088134810058723133e+03,3.708376499999999965e+02
1.088473938741470647e+03,3.708376499999999965e+02
1.088317684438340621e+03,3.708376499999999965e+02
1.088491688821523212e+03,3.708376499999999965e+02
1.088500558817957881e+03,3.708376499999999965e+02
1.132691900000000032e+03,4.509418999999999755e+02
1.088683433197575141e+03,3.708376499999999965e+02
1.088857506877604919e+03,3.708376499999999965e+02
1.088866307577192629e+03,3.708376499999999965e+02
1.089205852198635284e+03,3.708376499999999965e+02
1.089049181956809889e+03,3.708376499999999965e+02
1.089223324933686854e+03,3.708376499999999965e+02
1.089232056336427377e+03,3.708376499999999965e+02
1.089903335735963537e+03,3.708376499999999965e+02
1.089414930716044637e+03,3.708376499999999965e+02
1.089589142989768789e+03,3.708376499999999965e+02
1.089597805095661897e+03,3.708376499999999965e+02
1.089937765655799922e+03,3.708376499999999965e+02
1.089780679475279385e+03,3.708376499999999965e+02
1.089954961045850723e+03,3.708376499999999965e+02
1.089963553854896645e+03,3.708376499999999965e+02
1.091301482826747588e+03,3.708376499999999965e+02
1.090146428234514133e+03,3.708376499999999965e+02
1.090320779101932430e+03,3.708376499999999965e+02
1.090329302614131393e+03,3.708376499999999965e+02
1.090669679112964332e+03,3.708376499999999965e+02
1.090512176993748653e+03,3.708376499999999965e+02
1.090686597158014138e+03,3.708376499999999965e+02
1.090695051373366141e+03,3.708376499999999965e+02
1.091368273292867798e+03,3.708376499999999965e+02
1.090877925752983401e+03,3.708376499999999965e+02
1.091052415214096072e+03,3.708376499999999965e+02
1.091060800132600889e+03,3.708376499999999965e+02
1.091401592570128741e+03,3.708376499999999965e+02
1.091243674512218149e+03,3.708376499999999965e+02
1.091418233270178007e+03,3.708376499999999965e+02
1.091426548891835409e+03,3.708376499999999965e+02
1.094110564939024243e+03,3.708376499999999965e+02
1.091609423271452897e+03,3.708376499999999965e+02
1.091784051326259942e+03,3.708376499999999965e+02
1.091792297651070157e+03,3.708376499999999965e+02
1.092133506027293151e+03,3.708376499999999965e+02
1.091975172030687645e+03,3.708376499999999965e+02
1.092149869382341649e+03,3.708376499999999965e+02
1.092158046410304905e+03,3.708376499999999965e+02
1.092833210849772286e+03,3.708376499999999965e+02
1.092340920789922166e+03,3.708376499999999965e+02
1.092515687438423583e+03,3.708376499999999965e+02
1.092523795169539653e+03,3.708376499999999965e+02
1.092865419484457789e+03,3.708376499999999965e+02
1.092706669549156913e+03,3.708376499999999965e+02
1.092881505494505291e+03,3.708376499999999965e+02
1.092889543928774401e+03,3.708376499999999965e+02
1.094235810638297608e+03,3.708376499999999965e+02
1.093072418308391661e+03,3.708376499999999965e+02
1.093247323550587225e+03,3.708376499999999965e+02
1.093255292688008922e+03,3.708376499999999965e+02
1.093597332941622426e+03,3.708376499999999965e+02
1.093438167067626409e+03,3.708376499999999965e+02
1.093613141606669160e+03,3.708376499999999965e+02
1.093621041447243670e+03,3.708376499999999965e+02
1.094298148406676773e+03,3.708376499999999965e+02
1.093803915826861157e+03,3.708376499999999965e+02
1.093978959662751095e+03,3.708376499999999965e+02
1.093986790206478418e+03,3.708376499999999965e+02
1.094329246398786836e+03,3.708376499999999965e+02
1.094169664586095678e+03,3.708376499999999965e+02
1.094344777718832802e+03,3.708376499999999965e+02
1.094352538965713165e+03,3.708376499999999965e+02
1.126847400000000107e+03,4.619140600000000063e+02
1.094535413345330426e+03,4.789393299999999840e+02
1.094710595774914509e+03,4.789393299999999840e+02
1.094718287724947913e+03,4.789393299999999840e+02
1.095061159855951246e+03,4.789393299999999840e+02
1.094901162104565174e+03,4.789393299999999840e+02
1.095076413830996444e+03,4.789393299999999840e+02
1.095084036484182434e+03,4.789393299999999840e+02
1.095763085963581034e+03,4.789393299999999840e+02
1.095266910863799922e+03,4.789393299999999840e+02
1.095442231887078378e+03,4.789393299999999840e+02
1.095449785243417409e+03,4.789393299999999840e+02
1.095793073313115883e+03,4.789393299999999840e+02
1.095632659623034669e+03,4.789393299999999840e+02
1.095808049943160313e+03,4.789393299999999840e+02
1.095815534002651930e+03,4.789393299999999840e+02
1.097170138449847855e+03,4.789393299999999840e+02
1.095998408382269190e+03,4.789393299999999840e+02
1.096173867999242020e+03,4.789393299999999840e+02
1.096181282761886678e+03,4.789393299999999840e+02
1.096524986770280520e+03,4.789393299999999840e+02
1.096364157141504165e+03,4.789393299999999840e+02
1.096539686055323727e+03,4.789393299999999840e+02
1.096547031521121426e+03,4.789393299999999840e+02
1.097228023520485522e+03,4.789393299999999840e+02
1.096729905900738686e+03,4.789393299999999840e+02
1.096905504111405662e+03,4.789393299999999840e+02
1.096912780280355946e+03,4.789393299999999840e+02
1.097256900227444930e+03,4.789393299999999840e+02
1.097095654659973434e+03,4.789393299999999840e+02
1.097271322167487597e+03,4.789393299999999840e+02
1.097278529039590921e+03,4.789393299999999840e+02
1.099997112804878043e+03,4.789393299999999840e+02
1.097461403419208182e+03,4.789393299999999840e+02
1.097637140223569531e+03,4.789393299999999840e+02
1.097644277798825442e+03,4.789393299999999840e+02
1.097988813684609340e+03,4.789393299999999840e+02
1.097827152178442702e+03,4.789393299999999840e+02
1.098002958279651239e+03,4.789393299999999840e+02
1.098010026558060190e+03,4.789393299999999840e+02
1.098692961077390009e+03,4.789393299999999840e+02
1.098192900937677678e+03,4.789393299999999840e+02
1.098368776335733173e+03,4.789393299999999840e+02
1.098375775317294938e+03,4.789393299999999840e+02
1.098720727141773978e+03,4.789393299999999840e+02
1.098558649696912198e+03,4.789393299999999840e+02
1.098734594391814881e+03,4.789393299999999840e+02
1.098741524076529458e+03,4.789393299999999840e+02
1.100104466261398102e+03,4.789393299999999840e+02
1.098924398456146946e+03,4.789393299999999840e+02
1.099100412447896815e+03,4.789393299999999840e+02
1.099107272835764434e+03,4.789393299999999840e+02
1.099452640598938615e+03,4.789393299999999840e+02
1.099290147215381694e+03,4.789393299999999840e+02
1.099466230503978750e+03,4.789393299999999840e+02
1.099473021594998954e+03,4.789393299999999840e+02
1.100157898634294270e+03,4.789393299999999840e+02
1.099655895974616215e+03,4.789393299999999840e+02
1.099832048560060684e+03,4.789393299999999840e+02
1.099838770354233702e+03,4.789393299999999840e+02
1.100184554056103025e+03,4.789393299999999840e+02
1.100021644733851190e+03,4.789393299999999840e+02
1.100197866616142392e+03,4.789393299999999840e+02
1.100204519113468450e+03,4.789393299999999840e+02
1.113800500000000056e+03,4.721034000000000219e+02
1.100387393493085710e+03,3.712707500000000209e+02
1.100563684672224099e+03,3.712707500000000209e+02
1.100570267872702971e+03,3.712707500000000209e+02
1.100916467513267435e+03,3.712707500000000209e+02
1.100753142252320458e+03,3.712707500000000209e+02
1.100929502728306034e+03,3.712707500000000209e+02
1.100936016631937946e+03,3.712707500000000209e+02
1.101622836191198758e+03,3.712707500000000209e+02
1.101118891011555206e+03,3.712707500000000209e+02
1.101295320784387968e+03,3.712707500000000209e+02
1.101301765391172466e+03,3.712707500000000209e+02
1.101648380970432072e+03,3.712707500000000209e+02
1.101484639770789727e+03,3.712707500000000209e+02
1.101661138840469903e+03,3.712707500000000209e+02
1.101667514150407214e+03,3.712707500000000209e+02
1.103038794072948349e+03,3.712707500000000209e+02
1.101850388530024702e+03,3.712707500000000209e+02
1.102026956896551610e+03,3.712707500000000209e+02
1.102033262909641962e+03,3.712707500000000209e+02
1.102380294427596709e+03,3.712707500000000209e+02
1.102216137289259223e+03,3.712707500000000209e+02
1.102392774952633317e+03,3.712707500000000209e+02
1.102399011668876483e+03,3.712707500000000209e+02
1.103087773748103245e+03,3.712707500000000209e+02
1.102581886048493971e+03,3.712707500000000209e+02
1.102758593008715252e+03,3.712707500000000209e+02
1.102764760428111458e+03,3.712707500000000209e+02
1.103112207884761119e+03,3.712707500000000209e+02
1.102947634807728718e+03,3.712707500000000209e+02
1.103124411064797187e+03,3.712707500000000209e+02
1.103130509187345979e+03,3.712707500000000209e+02
1.105883660670731615e+03,3.712707500000000209e+02
1.103313383566963239e+03,3.712707500000000209e+02
1.103490229120879121e+03,3.712707500000000209e+02
1.103496257946580727e+03,3.712707500000000209e+02
1.103844121341925529e+03,3.712707500000000209e+02
1.103679132326198214e+03,3.712707500000000209e+02
1.103856047176960828e+03,3.712707500000000209e+02
1.103862006705815475e+03,3.712707500000000209e+02
1.104552711305007506e+03,3.712707500000000209e+02
1.104044881085432735e+03,3.712707500000000209e+02
1.104221865233042763e+03,3.712707500000000209e+02
1.104227755465049995e+03,3.712707500000000209e+02
1.104576034799090166e+03,3.712707500000000209e+02
1.104410629844667483e+03,3.712707500000000209e+02
1.104587683289124470e+03,3.712707500000000209e+02
1.104593504224284970e+03,3.712707500000000209e+02
1.105973121884498369e+03,3.712707500000000209e+02
1.104776378603902231e+03,3.712707500000000209e+02
1.104953501345206405e+03,3.712707500000000209e+02
1.104959252983519491e+03,3.712707500000000209e+02
1.105307948256254804e+03,3.712707500000000209e+02
1.105142127363136751e+03,3.712707500000000209e+02
1.105319319401288340e+03,3.712707500000000209e+02
1.105325001742754239e+03,3.712707500000000209e+02
1.106017648861911994e+03,3.712707500000000209e+02
1.105507876122371727e+03,3.712707500000000209e+02
1.105685137457370274e+03,3.712707500000000209e+02
1.105690750501988987e+03,3.712707500000000209e+02
1.106039861713419214e+03,3.712707500000000209e+02
1.105873624881606247e+03,3.712707500000000209e+02
1.106050955513451981e+03,3.712707500000000209e+02
1.106056499261223507e+03,3.712707500000000209e+02
1.097111599999999953e+03,4.789393299999999840e+02
1.106239373640840995e+03,3.750405299999999897e+02
1.106416773569533689e+03,3.750405299999999897e+02
1.106422248020458483e+03,3.750405299999999897e+02
1.106771775170583624e+03,3.750405299999999897e+02
1.106605122400075743e+03,3.750405299999999897e+02
1.106782591625615623e+03,3.750405299999999897e+02
1.106787996779693003e+03,3.750405299999999897e+02
1.107482586418816481e+03,3.750405299999999897e+02
1.106970871159310263e+03,3.750405299999999897e+02
1.107148409681697558e+03,3.750405299999999897e+02
1.107153745538927751e+03,3.750405299999999897e+02
1.107503688627748033e+03,3.750405299999999897e+02
1.107336619918545239e+03,3.750405299999999897e+02
1.107514227737779493e+03,3.750405299999999897e+02
1.107519494298162499e+03,3.750405299999999897e+02
1.108907449696048388e+03,3.750405299999999897e+02
1.107702368677779759e+03,3.750405299999999897e+02
1.107880045793861200e+03,3.750405299999999897e+02
1.107885243057397020e+03,3.750405299999999897e+02
1.108235602084912671e+03,3.750405299999999897e+02
1.108068117437014507e+03,3.750405299999999897e+02
1.108245863849942907e+03,3.750405299999999897e+02
1.108250991816631995e+03,3.750405299999999897e+02
1.108947523975720742e+03,3.750405299999999897e+02
1.108433866196249255e+03,3.750405299999999897e+02
1.108611681906024842e+03,3.750405299999999897e+02
1.108616740575866515e+03,3.750405299999999897e+02
1.108967515542077308e+03,3.750405299999999897e+02
1.108799614955483776e+03,3.750405299999999897e+02
1.108977499962106776e+03,3.750405299999999897e+02
1.108982489335101263e+03,3.750405299999999897e+02
1.111770208536585415e+03,3.750405299999999897e+02
1.109165363714718751e+03,3.750405299999999897e+02
1.109343318018188711e+03,3.750405299999999897e+02
1.109348238094336011e+03,3.750405299999999897e+02
1.109699428999241718e+03,3.750405299999999897e+02
1.109531112473953272e+03,3.750405299999999897e+02
1.109709136074270418e+03,3.750405299999999897e+02
1.109713986853570532e+03,3.750405299999999897e+02
1.110412461532625002e+03,3.750405299999999897e+02
1.109896861233188019e+03,3.750405299999999897e+02
1.110074954130352126e+03,3.750405299999999897e+02
1.110079735612805507e+03,3.750405299999999897e+02
1.110431342456406128e+03,3.750405299999999897e+02
1.110262609992422767e+03,3.750405299999999897e+02
1.110440772186434060e+03,3.750405299999999897e+02
1.110445484372040028e+03,3.750405299999999897e+02
1.111841777507598636e+03,3.750405299999999897e+02
1.110628358751657288e+03,3.750405299999999897e+02
1.110806590242515995e+03,3.750405299999999897e+02
1.110811233131274776e+03,3.750405299999999897e+02
1.111163255913570765e+03,3.750405299999999897e+02
1.110994107510892263e+03,3.750405299999999897e+02
1.111172408298597929e+03,3.750405299999999897e+02
1.111176981890509524e+03,3.750405299999999897e+02
1.111877399089529490e+03,3.750405299999999897e+02
1.111359856270126784e+03,3.750405299999999897e+02
1.111538226354679637e+03,3.750405299999999897e+02
1.111542730649744044e+03,3.750405299999999897e+02
1.111895169370735402e+03,3.750405299999999897e+02
1.111725605029361532e+03,3.750405299999999897e+02
1.111904044410761571e+03,3.750405299999999897e+02
1.111908479408979019e+03,3.750405299999999897e+02
1.080651200000000017e+03,4.796680999999999813e+02
1.112091353788596280e+03,3.750405299999999897e+02
1.112269862466843279e+03,3.750405299999999897e+02
1.112274228168213540e+03,3.750405299999999897e+02
1.112627082827899812e+03,3.750405299999999897e+02
1.112457102547830800e+03,3.750405299999999897e+02
1.112635680522925213e+03,3.750405299999999897e+02
1.112639976927448288e+03,3.750405299999999897e+02
1.113342336646433978e+03,3.750405299999999897e+02
1.112822851307065775e+03,3.750405299999999897e+02
1.113001498579007148e+03,3.750405299999999897e+02
1.113005725686683036e+03,3.750405299999999897e+02
1.113358996285064222e+03,3.750405299999999897e+02
1.113188600066300296e+03,3.750405299999999897e+02
1.113367316635089082e+03,3.750405299999999897e+02
1.113371474445917556e+03,3.750405299999999897e+02
1.114776105319148883e+03,4.721034000000000219e+02
1.113554348825535044e+03,4.721034000000000219e+02
1.113733134691170790e+03,4.721034000000000219e+02
1.113737223205152532e+03,4.721034000000000219e+02
1.114090909742228860e+03,4.721034000000000219e+02
1.113920097584769792e+03,4.721034000000000219e+02
1.114098952747252497e+03,4.721034000000000219e+02
1.114102971964387052e+03,4.721034000000000219e+02
1.114807274203338238e+03,4.721034000000000219e+02
1.114285846344004312e+03,4.721034000000000219e+02
1.114464770803334432e+03,4.721034000000000219e+02
1.114468720723621800e+03,4.721034000000000219e+02
1.114822823199393497e+03,4.721034000000000219e+02
1.114651595103239288e+03,4.721034000000000219e+02
1.114830588859416366e+03,4.721034000000000219e+02
1.114834469482856548e+03,4.721034000000000219e+02
1.117656756402438987e+03,3.803663300000000049e+02
1.115017343862473808e+03,3.803663300000000049e+02
1.115196406915498301e+03,3.803663300000000049e+02
1.115200218242091069e+03,3.803663300000000049e+02
1.115554736656557907e+03,3.803663300000000049e+02
1.115383092621708556e+03,3.803663300000000049e+02
1.115562224971580008e+03,3.803663300000000049e+02
1.115565967001326044e+03,3.803663300000000049e+02
1.116272211760242726e+03,3.803663300000000049e+02
1.115748841380943304e+03,3.803663300000000049e+02
1.115928043027661715e+03,3.803663300000000049e+02
1.115931715760560564e+03,3.803663300000000049e+02
1.116286650113722317e+03,3.803663300000000049e+02
1.116114590140177825e+03,3.803663300000000049e+02
1.116293861083743650e+03,3.803663300000000049e+02
1.116297464519795312e+03,3.803663300000000049e+02
1.117710433130699130e+03,3.803663300000000049e+02
1.116480338899412800e+03,3.803663300000000049e+02
1.116659679139825585e+03,3.803663300000000049e+02
1.116663213279030060e+03,3.803663300000000049e+02
1.117018563570886954e+03,3.803663300000000049e+02
1.116846087658647320e+03,3.803663300000000049e+02
1.117025497195907519e+03,3.803663300000000049e+02
1.117028962038264581e+03,3.803663300000000049e+02
1.117737149317147214e+03,3.803663300000000049e+02
1.117211836417882068e+03,3.803663300000000049e+02
1.117391315251989226e+03,3.803663300000000049e+02
1.117394710797499556e+03,3.803663300000000049e+02
1.117750477028051591e+03,3.803663300000000049e+02
1.117577585177116816e+03,3.803663300000000049e+02
1.117757133308071161e+03,3.803663300000000049e+02
1.117760459556734077e+03,3.803663300000000049e+02
1.071269000000000005e+03,4.766629599999999982e+02
1.117943333936351564e+03,3.803663300000000049e+02
1.118122951364152868e+03,3.803663300000000049e+02
1.118126208315968825e+03,3.803663300000000049e+02
1.118482390485216001e+03,3.803663300000000049e+02
1.118309082695586312e+03,3.803663300000000049e+02
1.118488769420234803e+03,3.803663300000000049e+02
1.118491957075203572e+03,3.803663300000000049e+02
1.119202086874051474e+03,3.803663300000000049e+02
1.118674831454820833e+03,3.803663300000000049e+02
1.118854587476316738e+03,3.803663300000000049e+02
1.118857705834438320e+03,3.803663300000000049e+02
1.119214303942380411e+03,3.803663300000000049e+02
1.119040580214055581e+03,3.803663300000000049e+02
1.119220405532398672e+03,3.803663300000000049e+02
1.119223454593673068e+03,3.803663300000000049e+02
1.120644760942249150e+03,3.803663300000000049e+02
1.119406328973290329e+03,3.803663300000000049e+02
1.119586223588480379e+03,3.803663300000000049e+02
1.119589203352907589e+03,3.803663300000000049e+02
1.119946217399545048e+03,3.803663300000000049e+02
1.119772077732525076e+03,3.803663300000000049e+02
1.119952041644562087e+03,3.803663300000000049e+02
1.119954952112142337e+03,3.803663300000000049e+02
1.120667024430955962e+03,3.803663300000000049e+02
1.120137826491759824e+03,3.803663300000000049e+02
1.120317859700644021e+03,3.803663300000000049e+02
1.120320700871377085e+03,3.803663300000000049e+02
1.120678130856709686e+03,3.803663300000000049e+02
1.120503575250994345e+03,3.803663300000000049e+02
1.120683677756725956e+03,3.803663300000000049e+02
1.120686449630611833e+03,3.803663300000000049e+02
1.123543304268292559e+03,3.871269500000000221e+02
1.120869324010229093e+03,3.871269500000000221e+02
1.121049495812807891e+03,3.871269500000000221e+02
1.121052198389846581e+03,3.871269500000000221e+02
1.121410044313874096e+03,3.871269500000000221e+02
1.121235072769463841e+03,3.871269500000000221e+02
1.121415313868889598e+03,3.871269500000000221e+02
1.121417947149081101e+03,3.871269500000000221e+02
1.122131961987860450e+03,3.871269500000000221e+02
1.121600821528698589e+03,3.871269500000000221e+02
1.121781131924971305e+03,3.871269500000000221e+02
1.121783695908315849e+03,3.871269500000000221e+02
1.122141957771038506e+03,3.871269500000000221e+02
1.121966570287933337e+03,3.871269500000000221e+02
1.122146949981053240e+03,3.871269500000000221e+02
1.122149444667550597e+03,3.871269500000000221e+02
1.123579088753799169e+03,3.871269500000000221e+02
1.122332319047167857e+03,3.871269500000000221e+02
1.122512768037135174e+03,3.871269500000000221e+02
1.122515193426785345e+03,3.871269500000000221e+02
1.122873871228203143e+03,3.871269500000000221e+02
1.122698067806402605e+03,3.871269500000000221e+02
1.122878586093217109e+03,3.871269500000000221e+02
1.122880942186020093e+03,3.871269500000000221e+02
1.123596899544764710e+03,3.871269500000000221e+02
1.123063816565637353e+03,3.871269500000000221e+02
1.123244404149298816e+03,3.871269500000000221e+02
1.123246690945254613e+03,3.871269500000000221e+02
1.123605784685367553e+03,3.871269500000000221e+02
1.123429565324872101e+03,3.871269500000000221e+02
1.123610222205380751e+03,3.871269500000000221e+02
1.123612439704489361e+03,3.871269500000000221e+02
1.063498900000000049e+03,4.706652799999999957e+02
1.123795314084106849e+03,3.871269500000000221e+02
1.123976040261462458e+03,3.871269500000000221e+02
1.123978188463724109e+03,3.871269500000000221e+02
1.124337698142532190e+03,3.871269500000000221e+02
1.124161062843341369e+03,3.871269500000000221e+02
1.124341858317544393e+03,3.871269500000000221e+02
1.124343937222958857e+03,3.871269500000000221e+02
1.125061837101669198e+03,3.871269500000000221e+02
1.124526811602576117e+03,3.871269500000000221e+02
1.124707676373626327e+03,3.871269500000000221e+02
1.124709685982193605e+03,3.871269500000000221e+02
1.125069611599696600e+03,3.871269500000000221e+02
1.124892560361810865e+03,3.871269500000000221e+02
1.125073494429708262e+03,3.871269500000000221e+02
1.125075434741428126e+03,3.871269500000000221e+02
1.126513416565349416e+03,4.619140600000000063e+02
1.125258309121045613e+03,4.619140600000000063e+02
1.125439312485789969e+03,4.619140600000000063e+02
1.125441183500662873e+03,4.619140600000000063e+02
1.125801525056861010e+03,4.619140600000000063e+02
1.125624057880280361e+03,4.619140600000000063e+02
1.125805130541871677e+03,4.619140600000000063e+02
1.125806932259897621e+03,4.619140600000000063e+02
1.126526774658573686e+03,4.619140600000000063e+02
1.125989806639514882e+03,4.619140600000000063e+02
1.126170948597953611e+03,4.619140600000000063e+02
1.126172681019132369e+03,4.619140600000000063e+02
1.126533438514025647e+03,4.619140600000000063e+02
1.126355555398749857e+03,4.619140600000000063e+02
1.126536766654035546e+03,4.619140600000000063e+02
1.126538429778367117e+03,4.619140600000000063e+02
1.129429852134146358e+03,4.619140600000000063e+02
1.126721304157984378e+03,4.619140600000000063e+02
1.126902584710117480e+03,4.619140600000000063e+02
1.126904178537601638e+03,4.619140600000000063e+02
1.127265351971190285e+03,4.619140600000000063e+02
1.127087052917219125e+03,4.619140600000000063e+02
1.127268402766199188e+03,4.619140600000000063e+02
1.127269927296836613e+03,4.619140600000000063e+02
1.127991712215477946e+03,4.619140600000000063e+02
1.127452801676453873e+03,4.619140600000000063e+02
1.127634220822280895e+03,4.619140600000000063e+02
1.127635676056071134e+03,4.619140600000000063e+02
1.127997265428354694e+03,4.619140600000000063e+02
1.127818550435688394e+03,4.619140600000000063e+02
1.128000038878362830e+03,4.619140600000000063e+02
1.128001424815305882e+03,4.619140600000000063e+02
1.129447744376899664e+03,4.619140600000000063e+02
1.128184299194923369e+03,4.619140600000000063e+02
1.128365856934444764e+03,4.619140600000000063e+02
1.128367173574540629e+03,4.619140600000000063e+02
1.128729178885519104e+03,4.619140600000000063e+02
1.128550047954157890e+03,4.619140600000000063e+02
1.128731674990526699e+03,4.619140600000000063e+02
1.128732922333775150e+03,4.619140600000000063e+02
1.129456649772382207e+03,4.619140600000000063e+02
1.128915796713392638e+03,4.619140600000000063e+02
1.129097493046608406e+03,4.619140600000000063e+02
1.129098671093010125e+03,4.619140600000000063e+02
1.129461092342683742e+03,4.619140600000000063e+02
1.129281545472627386e+03,4.619140600000000063e+02
1.129463311102690341e+03,4.619140600000000063e+02
1.129464419852244646e+03,4.619140600000000063e+02
1.058633199999999988e+03,4.690061000000000035e+02
1.129647294231861906e+03,4.088565699999999765e+02
1.129829129158772048e+03,4.088565699999999765e+02
1.129830168611479394e+03,4.088565699999999765e+02
1.130193005799848379e+03,4.088565699999999765e+02
1.130013042991096881e+03,4.088565699999999765e+02
1.130194947214853983e+03,4.088565699999999765e+02
1.130195917370714142e+03,4.088565699999999765e+02
1.130921587329286695e+03,4.088565699999999765e+02
1.130378791750331402e+03,4.088565699999999765e+02
1.130560765270935917e+03,4.088565699999999765e+02
1.130561666129948662e+03,4.088565699999999765e+02
1.130924919257012789e+03,4.088565699999999765e+02
1.130744540509566150e+03,4.088565699999999765e+02
1.130926583327017852e+03,4.088565699999999765e+02
1.130927414889183638e+03,4.088565699999999765e+02
1.132382072188449911e+03,4.088565699999999765e+02
1.131110289268800898e+03,4.088565699999999765e+02
1.131292401383099559e+03,4.088565699999999765e+02
1.131293163648418158e+03,4.088565699999999765e+02
1.131656832714177199e+03,4.088565699999999765e+02
1.131476038028035418e+03,4.088565699999999765e+02
1.131658219439181266e+03,4.088565699999999765e+02
1.131658912407652906e+03,4.088565699999999765e+02
1.132386524886191182e+03,4.088565699999999765e+02
1.131841786787270394e+03,4.088565699999999765e+02
1.132024037495263201e+03,4.088565699999999765e+02
1.132024661166887654e+03,4.088565699999999765e+02
1.132388746171341836e+03,4.088565699999999765e+02
1.132207535546504914e+03,4.088565699999999765e+02
1.132389855551345136e+03,4.088565699999999765e+02
1.132390409926122175e+03,4.088565699999999765e+02
1.135316399999999931e+03,4.383548599999999738e+02
1.132573284305739662e+03,4.088565699999999765e+02
1.132755673607427070e+03,4.509418999999999755e+02
1.132756158685357150e+03,4.509418999999999755e+02
1.133120659628506473e+03,4.509418999999999755e+02
1.132939033064974410e+03,4.509418999999999755e+02
1.133121491663508777e+03,4.509418999999999755e+02
1.133121907444591670e+03,4.509418999999999755e+02
1.133851462443095443e+03,4.509418999999999755e+02
1.133304781824208931e+03,4.509418999999999755e+02
1.133487309719590485e+03,4.509418999999999755e+02
1.133487656203826418e+03,4.509418999999999755e+02
1.133852573085670883e+03,4.509418999999999755e+02
1.133670530583443906e+03,4.509418999999999755e+02
1.133853127775672419e+03,4.509418999999999755e+02
1.133853404963061166e+03,4.509418999999999755e+02
1.135316399999999931e+03,4.383548599999999738e+02
1.134036279342678426e+03,4.221358599999999797e+02
1.134218945831754354e+03,4.221358599999999797e+02
1.134219153722295687e+03,4.221358599999999797e+02
1.134584486542835293e+03,4.221358599999999797e+02
1.134402028101913174e+03,4.221358599999999797e+02
1.134584763887836289e+03,4.221358599999999797e+02
1.134584902481530662e+03,4.221358599999999797e+02
1.135316399999999931e+03,4.383548599999999738e+02
1.134767776861147922e+03,4.221358599999999797e+02
1.134950581943917996e+03,4.221358599999999797e+02
1.134950651240765183e+03,4.221358599999999797e+02
1.135316399999999931e+03,4.383548599999999738e+02
1.135133525620382443e+03,4.221358599999999797e+02
1.135316399999999931e+03,4.383548599999999738e+02
1.135316399999999931e+03,4.383548599999999738e+02
1.058633199999999988e+03,4.690061000000000035e+02
