3.178159499999999866e+02,5.083706000000000245e+02
3.178159499999999866e+02,5.083706000000000245e+02
3.187694276157804438e+02,5.356438000000000557e+02
3.178159499999999866e+02,5.083706000000000245e+02
3.197229052315609010e+02,5.356438000000000557e+02
3.197261817869415950e+02,5.356438000000000557e+02
3.206763828473413014e+02,4.529164999999999850e+02
3.188740500000000111e+02,5.356438000000000557e+02
3.216298604631217586e+02,4.529164999999999850e+02
3.216364135738831465e+02,4.529164999999999850e+02
3.225833380789022158e+02,4.529164999999999850e+02
3.216495875862069056e+02,4.529164999999999850e+02
3.235368156946826730e+02,4.529164999999999850e+02
3.235466453608247548e+02,4.529164999999999850e+02
3.244902933104631302e+02,4.529164999999999850e+02
3.188740500000000111e+02,5.356438000000000557e+02
3.254437709262435305e+02,4.241367200000000253e+02
3.254568771477663063e+02,4.241367200000000253e+02
3.263972485420239877e+02,4.241367200000000253e+02
3.254832251724137677e+02,4.241367200000000253e+02
3.273507261578044449e+02,4.241367200000000253e+02
3.273671089347079146e+02,4.241367200000000253e+02
3.283042037735849021e+02,4.241367200000000253e+02
3.178159499999999866e+02,5.083706000000000245e+02
3.292576813893653593e+02,3.938666999999999803e+02
3.292773407216494661e+02,3.938666999999999803e+02
3.302111590051457597e+02,3.938666999999999803e+02
3.293168627586206867e+02,3.938666999999999803e+02
3.311646366209262169e+02,3.938666999999999803e+02
3.311875725085910744e+02,3.938666999999999803e+02
3.321181142367066741e+02,3.938666999999999803e+02
3.178743999999999801e+02,4.869799800000000118e+02
3.330715918524871313e+02,3.938666999999999803e+02
3.330978042955326259e+02,3.938666999999999803e+02
3.340250694682675885e+02,3.938666999999999803e+02
3.331505003448275488e+02,3.938666999999999803e+02
3.349785470840479888e+02,3.733259300000000280e+02
3.350080360824742343e+02,3.733259300000000280e+02
3.359320246998284460e+02,3.733259300000000280e+02
3.207217699999999923e+02,4.529164999999999850e+02
3.368855023156089032e+02,3.733259300000000280e+02
3.369182678694157858e+02,3.733259300000000280e+02
3.378389799313893604e+02,3.733259300000000280e+02
3.369841379310344678e+02,3.733259300000000280e+02
3.387924575471698176e+02,3.733259300000000280e+02
3.388284996563573941e+02,3.733259300000000280e+02
3.397459351629502180e+02,3.733259300000000280e+02
3.258717700000000264e+02,4.241367200000000253e+02
3.406994127787306752e+02,3.641521000000000186e+02
3.407387314432989456e+02,3.641521000000000186e+02
3.416528903945111324e+02,3.641521000000000186e+02
3.408177755172413868e+02,3.641521000000000186e+02
3.426063680102915896e+02,3.586236599999999726e+02
3.426489632302405539e+02,3.586236599999999726e+02
3.435598456260720468e+02,3.586236599999999726e+02
3.304413499999999999e+02,3.938666999999999803e+02
3.445133232418524472e+02,3.555402799999999957e+02
3.445591950171821054e+02,3.555402799999999957e+02
3.454668008576329044e+02,3.555402799999999957e+02
3.446514131034482489e+02,3.555402799999999957e+02
3.464202784734133616e+02,3.555402799999999957e+02
3.464694268041237137e+02,3.555402799999999957e+02
3.473737560891938188e+02,3.555402799999999957e+02
3.367507600000000139e+02,3.733259300000000280e+02
3.483272337049742760e+02,3.550774000000000115e+02
3.483796585910652652e+02,3.550774000000000115e+02
3.492807113207546763e+02,3.550774000000000115e+02
3.484850506896551678e+02,3.550774000000000115e+02
3.502341889365351335e+02,3.550774000000000115e+02
3.502898903780068736e+02,3.550774000000000115e+02
3.511876665523155907e+02,3.550774000000000115e+02
3.411213000000000193e+02,3.641521000000000186e+02
3.521411441680960479e+02,3.550774000000000115e+02
3.522001221649484251e+02,3.550774000000000115e+02
3.530946217838765051e+02,3.550774000000000115e+02
3.523186882758620300e+02,3.550774000000000115e+02
3.540480993996569055e+02,3.550774000000000115e+02
3.541103539518900334e+02,3.550774000000000115e+02
3.550015770154373627e+02,3.550774000000000115e+02
3.434830999999999790e+02,3.586236599999999726e+02
3.559550546312178199e+02,3.726100999999999885e+02
3.560205857388315849e+02,3.726100999999999885e+02
3.569085322469982771e+02,3.726100999999999885e+02
3.561523258620689489e+02,3.726100999999999885e+02
3.578620098627787343e+02,3.726100999999999885e+02
3.579308175257731932e+02,3.726100999999999885e+02
3.588154874785591346e+02,3.726100999999999885e+02
3.455698199999999929e+02,3.555402799999999957e+02
3.597689650943395918e+02,3.726100999999999885e+02
3.598410493127147447e+02,3.726100999999999885e+02
3.607224427101200490e+02,3.726100999999999885e+02
3.599859634482758679e+02,3.726100999999999885e+02
3.616759203259005062e+02,3.726100999999999885e+02
3.617512810996563530e+02,3.726100999999999885e+02
3.626293979416809634e+02,3.726100999999999885e+02
3.484135699999999929e+02,3.550774000000000115e+02
3.635828755574614206e+02,3.726100999999999885e+02
3.636615128865979045e+02,3.726100999999999885e+02
3.645363531732418210e+02,3.726100999999999885e+02
3.638196010344827300e+02,3.726100999999999885e+02
3.654898307890222782e+02,3.726100999999999885e+02
3.655717446735395129e+02,3.726100999999999885e+02
3.664433084048027354e+02,3.726100999999999885e+02
3.597529599999999732e+02,3.726100999999999885e+02
3.673967860205831926e+02,4.232975999999999885e+02
3.674819764604810644e+02,4.232975999999999885e+02
3.683502636363635929e+02,4.232975999999999885e+02
3.676532386206896490e+02,4.232975999999999885e+02
3.693037412521440501e+02,4.232975999999999885e+02
3.693922082474226727e+02,4.232975999999999885e+02
3.702572188679245073e+02,4.232975999999999885e+02
3.753318800000000124e+02,4.232975999999999885e+02
3.712106964837049645e+02,4.232975999999999885e+02
3.713024400343642242e+02,4.232975999999999885e+02
3.721641740994854217e+02,4.232975999999999885e+02
3.714868762068965111e+02,4.232975999999999885e+02
3.731176517152658789e+02,4.232975999999999885e+02
3.732126718213058325e+02,4.232975999999999885e+02
3.740711293310462793e+02,4.232975999999999885e+02
3.846737699999999904e+02,4.679254000000000246e+02
3.750246069468267365e+02,4.232975999999999885e+02
3.751229036082473840e+02,4.232975999999999885e+02
3.759780845626071937e+02,4.232975999999999885e+02
3.753205137931034301e+02,4.232975999999999885e+02
3.769315621783876509e+02,4.232975999999999885e+02
3.770331353951889923e+02,4.232975999999999885e+02
3.778850397941680512e+02,4.232975999999999885e+02
3.922889400000000251e+02,4.914997599999999807e+02
3.788385174099485084e+02,4.232975999999999885e+02
3.789433671821305438e+02,4.232975999999999885e+02
3.797919950257289656e+02,4.232975999999999885e+02
3.791541513793103491e+02,4.232975999999999885e+02
3.807454726415094228e+02,4.232975999999999885e+02
3.808535989690721522e+02,4.232975999999999885e+02
3.816989502572898800e+02,4.232975999999999885e+02
3.975516999999999825e+02,5.074620400000000018e+02
3.826524278730703372e+02,4.679254000000000246e+02
3.827638307560137036e+02,4.679254000000000246e+02
3.836059054888507376e+02,4.679254000000000246e+02
3.829877889655172112e+02,4.679254000000000246e+02
3.845593831046311948e+02,4.679254000000000246e+02
3.846740625429553120e+02,4.679254000000000246e+02
3.855128607204116520e+02,4.679254000000000246e+02
3.993478400000000192e+02,5.120984999999999445e+02
3.864663383361921092e+02,4.679254000000000246e+02
3.865842943298969203e+02,4.679254000000000246e+02
3.874198159519725095e+02,4.679254000000000246e+02
3.868214265517241301e+02,4.679254000000000246e+02
3.883732935677529667e+02,4.679254000000000246e+02
3.884945261168384718e+02,4.679254000000000246e+02
3.893267711835334239e+02,4.679254000000000246e+02
4.000661299999999869e+02,5.150963000000000420e+02
3.902802487993138811e+02,4.914997599999999807e+02
3.904047579037800233e+02,4.914997599999999807e+02
3.912337264150943383e+02,4.914997599999999807e+02
3.906550641379310491e+02,4.914997599999999807e+02
3.921872040308747955e+02,4.914997599999999807e+02
3.923149896907216316e+02,4.914997599999999807e+02
3.931406816466551959e+02,4.914997599999999807e+02
4.012976699999999823e+02,5.147200000000000273e+02
3.940941592624356531e+02,4.914997599999999807e+02
3.942252214776632400e+02,4.914997599999999807e+02
3.950476368782161103e+02,4.914997599999999807e+02
3.944887017241379112e+02,4.914997599999999807e+02
3.960011144939965675e+02,5.074620400000000018e+02
3.961354532646047915e+02,5.074620400000000018e+02
3.969545921097769678e+02,5.074620400000000018e+02
4.046893299999999840e+02,5.165647000000000162e+02
3.979080697255574250e+02,5.074620400000000018e+02
3.980456850515463429e+02,5.074620400000000018e+02
3.988615473413378822e+02,5.120984999999999445e+02
3.983223393103448302e+02,5.074620400000000018e+02
3.998150249571183394e+02,5.150963000000000420e+02
3.999559168384879513e+02,5.150963000000000420e+02
4.007685025728987966e+02,5.147200000000000273e+02
4.147235000000000014e+02,5.153938000000000557e+02
4.017219801886792538e+02,5.147200000000000273e+02
4.018661486254295596e+02,5.147200000000000273e+02
4.026754578044596542e+02,5.147200000000000273e+02
4.021559768965516923e+02,5.147200000000000273e+02
4.036289354202401114e+02,5.165647000000000162e+02
4.037763804123711111e+02,5.165647000000000162e+02
4.045824130360205686e+02,5.165647000000000162e+02
4.278839399999999955e+02,5.056838399999999751e+02
4.055358906518010258e+02,5.165647000000000162e+02
4.056866121993126626e+02,5.165647000000000162e+02
4.064893682675814262e+02,5.165647000000000162e+02
4.059896144827586113e+02,5.165647000000000162e+02
4.074428458833618834e+02,5.165647000000000162e+02
4.075968439862542709e+02,5.165647000000000162e+02
4.083963234991423406e+02,5.165647000000000162e+02
4.414247700000000236e+02,4.884323699999999917e+02
4.093498011149227978e+02,5.153938000000000557e+02
4.095070757731958793e+02,5.153938000000000557e+02
4.103032787307032550e+02,5.153938000000000557e+02
4.098232520689655303e+02,5.153938000000000557e+02
4.112567563464837122e+02,5.153938000000000557e+02
4.114173075601374308e+02,5.153938000000000557e+02
4.122102339622641125e+02,5.153938000000000557e+02
4.616024199999999951e+02,4.513333700000000022e+02
4.131637115780445697e+02,5.153938000000000557e+02
4.133275393470789822e+02,5.153938000000000557e+02
4.141171891938250269e+02,5.153938000000000557e+02
4.136568896551723924e+02,5.153938000000000557e+02
4.150706668096054841e+02,5.153938000000000557e+02
4.152377711340205906e+02,5.153938000000000557e+02
4.160241444253858845e+02,5.153938000000000557e+02
4.726840799999999945e+02,4.160036600000000249e+02
4.169776220411663417e+02,5.153938000000000557e+02
4.171480029209621989e+02,5.153938000000000557e+02
4.179310996569467989e+02,5.153938000000000557e+02
4.174905272413793114e+02,5.153938000000000557e+02
4.188845772727272561e+02,5.153938000000000557e+02
4.190582347079037504e+02,5.153938000000000557e+02
4.198380548885077133e+02,5.153938000000000557e+02
4.819529999999999745e+02,3.797158200000000079e+02
4.207915325042881705e+02,5.056838399999999751e+02
4.209684664948453587e+02,5.056838399999999751e+02
4.217450101200685708e+02,5.056838399999999751e+02
4.213241648275861735e+02,5.056838399999999751e+02
4.226984877358490280e+02,5.056838399999999751e+02
4.228786982817869102e+02,5.056838399999999751e+02
4.236519653516294852e+02,5.056838399999999751e+02
4.923005400000000122e+02,3.444854700000000207e+02
4.246054429674099424e+02,5.056838399999999751e+02
4.247889300687285186e+02,5.056838399999999751e+02
4.255589205831903428e+02,5.056838399999999751e+02
4.251578024137930925e+02,5.056838399999999751e+02
4.265123981989708000e+02,5.056838399999999751e+02
4.266991618556700701e+02,5.056838399999999751e+02
4.274658758147512572e+02,5.056838399999999751e+02
5.004768700000000194e+02,3.253332500000000209e+02
4.284193534305317144e+02,5.056838399999999751e+02
4.286093936426116784e+02,5.056838399999999751e+02
4.293728310463121716e+02,5.056838399999999751e+02
4.289914400000000114e+02,5.056838399999999751e+02
4.303263086620926288e+02,5.056838399999999751e+02
4.305196254295532299e+02,5.056838399999999751e+02
4.312797862778730291e+02,5.056838399999999751e+02
5.051028999999999769e+02,3.147805200000000241e+02
4.322332638936534863e+02,5.056838399999999751e+02
4.324298572164948382e+02,5.056838399999999751e+02
4.331867415094339435e+02,5.056838399999999751e+02
4.328250775862068735e+02,5.056838399999999751e+02
4.341402191252144007e+02,5.056838399999999751e+02
4.343400890034363897e+02,5.056838399999999751e+02
4.350936967409948011e+02,5.056838399999999751e+02
5.117144799999999805e+02,3.017830799999999840e+02
4.360471743567752583e+02,4.884323699999999917e+02
4.362503207903779980e+02,4.884323699999999917e+02
4.370006519725557155e+02,4.884323699999999917e+02
4.366587151724137925e+02,4.884323699999999917e+02
4.379541295883361727e+02,4.884323699999999917e+02
4.381605525773195495e+02,4.884323699999999917e+02
4.389076072041166299e+02,4.884323699999999917e+02
5.193088000000000193e+02,2.868629000000000246e+02
4.398610848198970871e+02,4.884323699999999917e+02
4.400707843642611579e+02,4.884323699999999917e+02
4.408145624356774874e+02,4.884323699999999917e+02
4.404923527586206546e+02,4.884323699999999917e+02
4.417680400514579446e+02,4.884323699999999917e+02
4.419810161512027094e+02,4.884323699999999917e+02
4.427215176672384018e+02,4.884323699999999917e+02
5.193088000000000193e+02,2.868629000000000246e+02
4.436749952830188590e+02,4.884323699999999917e+02
4.438912479381443177e+02,4.884323699999999917e+02
4.446284728987992594e+02,4.884323699999999917e+02
4.443259903448275736e+02,4.884323699999999917e+02
4.455819505145797166e+02,4.884323699999999917e+02
4.458014797250858692e+02,4.884323699999999917e+02
4.465354281303601738e+02,4.884323699999999917e+02
5.443006599999999935e+02,4.663405799999999886e+02
4.474889057461406310e+02,4.884323699999999917e+02
4.477117115120274775e+02,4.884323699999999917e+02
4.484423833619210882e+02,4.884323699999999917e+02
4.481596279310344926e+02,4.884323699999999917e+02
4.493958609777015454e+02,4.884323699999999917e+02
4.496219432989690858e+02,4.884323699999999917e+02
4.503493385934820026e+02,4.884323699999999917e+02
5.443006599999999935e+02,4.663405799999999886e+02
4.513028162092624029e+02,4.513333700000000022e+02
4.515321750859106373e+02,4.513333700000000022e+02
4.522562938250428601e+02,4.513333700000000022e+02
4.519932655172413547e+02,4.513333700000000022e+02
4.532097714408232605e+02,4.513333700000000022e+02
4.534424068728521888e+02,4.513333700000000022e+02
4.541632490566037177e+02,4.513333700000000022e+02
5.443006599999999935e+02,4.663405799999999886e+02
4.551167266723841749e+02,4.513333700000000022e+02
4.553526386597937972e+02,4.513333700000000022e+02
4.560702042881646321e+02,4.513333700000000022e+02
4.558269031034482168e+02,4.513333700000000022e+02
4.570236819039450893e+02,4.513333700000000022e+02
4.572628704467354055e+02,4.513333700000000022e+02
4.579771595197255465e+02,4.513333700000000022e+02
5.443006599999999935e+02,4.663405799999999886e+02
4.589306371355060037e+02,4.513333700000000022e+02
4.591731022336769570e+02,4.513333700000000022e+02
4.598841147512864609e+02,4.513333700000000022e+02
4.596605406896551358e+02,4.513333700000000022e+02
4.608375923670668612e+02,4.513333700000000022e+02
4.610833340206185085e+02,4.513333700000000022e+02
4.617910699828473184e+02,4.513333700000000022e+02
5.259385399999999890e+02,4.822196000000000140e+02
4.627445475986277188e+02,4.513333700000000022e+02
4.629935658075601168e+02,4.513333700000000022e+02
4.636980252144081760e+02,4.513333700000000022e+02
4.634941782758620548e+02,4.513333700000000022e+02
4.646515028301886332e+02,4.513333700000000022e+02
4.649037975945017251e+02,4.513333700000000022e+02
4.656049804459690904e+02,4.513333700000000022e+02
5.144081999999999653e+02,5.036487999999999943e+02
4.665584580617495476e+02,4.160036600000000249e+02
4.668140293814432766e+02,4.160036600000000249e+02
4.675119356775300048e+02,4.160036600000000249e+02
4.673278158620689737e+02,4.160036600000000249e+02
4.684654132933104620e+02,4.160036600000000249e+02
4.687242611683848281e+02,4.160036600000000249e+02
4.694188909090909192e+02,4.160036600000000249e+02
5.101688800000000015e+02,5.186352500000000418e+02
4.703723685248713196e+02,4.160036600000000249e+02
4.706344929553264365e+02,4.160036600000000249e+02
4.713258461406517768e+02,4.160036600000000249e+02
4.711614534482758359e+02,4.160036600000000249e+02
4.722793237564321771e+02,4.160036600000000249e+02
4.725447247422680448e+02,4.160036600000000249e+02
4.732328013722126343e+02,4.160036600000000249e+02
5.099388999999999896e+02,5.265476999999999634e+02
4.741862789879930915e+02,4.160036600000000249e+02
4.744549565292095963e+02,4.160036600000000249e+02
4.751397566037735487e+02,4.160036600000000249e+02
4.749950910344826980e+02,4.160036600000000249e+02
4.760932342195540059e+02,4.160036600000000249e+02
4.763651883161511478e+02,4.160036600000000249e+02
4.770467118353344631e+02,4.160036600000000249e+02
5.099923000000000002e+02,5.300657999999999674e+02
4.780001894511149203e+02,3.797158200000000079e+02
4.782754201030927561e+02,3.797158200000000079e+02
4.789536670668953775e+02,3.797158200000000079e+02
4.788287286206896169e+02,3.797158200000000079e+02
4.799071446826757779e+02,3.797158200000000079e+02
4.801856518900343644e+02,3.797158200000000079e+02
4.808606222984562351e+02,3.797158200000000079e+02
5.105455999999999790e+02,5.294243000000000166e+02
4.818140999142366354e+02,3.797158200000000079e+02
4.820958836769759159e+02,3.797158200000000079e+02
4.827675775300170926e+02,3.797158200000000079e+02
4.826623662068965359e+02,3.797158200000000079e+02
4.837210551457975498e+02,3.797158200000000079e+02
4.840061154639174674e+02,3.797158200000000079e+02
4.846745327615780070e+02,3.797158200000000079e+02
5.132292999999999665e+02,5.286081500000000233e+02
4.856280103773584642e+02,3.797158200000000079e+02
4.859163472508590758e+02,3.797158200000000079e+02
4.865814879931389214e+02,3.797158200000000079e+02
4.864960037931034549e+02,3.797158200000000079e+02
4.875349656089193786e+02,3.797158200000000079e+02
4.878265790378006841e+02,3.797158200000000079e+02
4.884884432246998358e+02,3.797158200000000079e+02
5.195190000000000055e+02,5.196840999999999440e+02
4.894419208404802362e+02,3.444854700000000207e+02
4.897368108247422356e+02,3.444854700000000207e+02
4.903953984562606934e+02,3.444854700000000207e+02
4.903296413793103170e+02,3.444854700000000207e+02
4.913488760720410937e+02,3.444854700000000207e+02
4.916470426116837871e+02,3.444854700000000207e+02
4.923023536878215509e+02,3.444854700000000207e+02
5.279745000000000346e+02,4.988287399999999820e+02
4.932558313036020081e+02,3.444854700000000207e+02
4.935572743986253954e+02,3.444854700000000207e+02
4.942093089193824653e+02,3.444854700000000207e+02
4.941632789655171791e+02,3.444854700000000207e+02
4.951627865351629225e+02,3.444854700000000207e+02
4.954675061855670037e+02,3.444854700000000207e+02
4.961162641509433797e+02,3.444854700000000207e+02
5.347410999999999603e+02,4.746389199999999846e+02
4.970697417667238369e+02,3.253332500000000209e+02
4.973777379725085552e+02,3.253332500000000209e+02
4.980232193825042941e+02,3.253332500000000209e+02
4.979969165517240981e+02,3.253332500000000209e+02
4.989766969982846945e+02,3.253332500000000209e+02
4.992879697594501067e+02,3.253332500000000209e+02
4.999301746140651517e+02,3.253332500000000209e+02
5.389247400000000425e+02,4.594625199999999836e+02
5.008836522298456089e+02,3.253332500000000209e+02
5.011982015463917151e+02,3.253332500000000209e+02
5.018371298456260092e+02,3.253332500000000209e+02
5.018305541379310171e+02,3.253332500000000209e+02
5.027906074614064664e+02,3.253332500000000209e+02
5.031084333333333234e+02,3.253332500000000209e+02
5.037440850771869236e+02,3.253332500000000209e+02
5.412377000000000180e+02,4.515770299999999793e+02
5.046975626929673808e+02,3.147805200000000241e+02
5.050186651202748749e+02,3.147805200000000241e+02
5.056510403087478380e+02,3.147805200000000241e+02
5.056641917241379360e+02,3.147805200000000241e+02
5.066045179245282952e+02,3.147805200000000241e+02
5.069288969072164264e+02,3.147805200000000241e+02
5.075579955403087524e+02,3.147805200000000241e+02
5.417781999999999698e+02,4.495003699999999753e+02
5.085114731560891528e+02,5.265476999999999634e+02
5.088391286941580347e+02,5.265476999999999634e+02
5.094649507718696100e+02,5.265476999999999634e+02
5.094978293103447982e+02,5.265476999999999634e+02
5.104184283876500672e+02,5.294243000000000166e+02
5.107493604810996430e+02,5.294243000000000166e+02
5.113719060034304675e+02,3.017830799999999840e+02
5.433443600000000515e+02,4.485705600000000004e+02
5.123253836192109247e+02,5.286081500000000233e+02
5.126595922680412514e+02,5.286081500000000233e+02
5.132788612349913819e+02,5.286081500000000233e+02
5.133314668965516603e+02,5.286081500000000233e+02
5.142323388507718391e+02,5.036487999999999943e+02
5.145698240549827460e+02,5.036487999999999943e+02
5.151858164665522963e+02,5.036487999999999943e+02
5.449259600000000319e+02,4.495704299999999876e+02
5.161392940823327535e+02,2.868629000000000246e+02
5.164800558419243544e+02,2.868629000000000246e+02
5.170927716981132107e+02,2.868629000000000246e+02
5.171651044827585793e+02,2.868629000000000246e+02
5.180462493138936679e+02,2.868629000000000246e+02
5.183902876288659627e+02,2.868629000000000246e+02
5.189997269296741251e+02,2.868629000000000246e+02
5.493007000000000062e+02,4.636811500000000024e+02
5.199532045454545823e+02,5.196840999999999440e+02
5.203005194158074573e+02,5.196840999999999440e+02
5.209066821612349258e+02,5.196840999999999440e+02
5.209987420689654982e+02,5.196840999999999440e+02
5.218601597770153830e+02,5.196840999999999440e+02
5.222107512027491794e+02,5.196840999999999440e+02
5.228136373927958402e+02,5.196840999999999440e+02
5.534949000000000296e+02,4.770838600000000156e+02
5.237671150085762974e+02,4.822196000000000140e+02
5.241209829896906740e+02,4.822196000000000140e+02
5.247205926243567546e+02,4.822196000000000140e+02
5.248323796551724172e+02,4.822196000000000140e+02
5.256740702401372118e+02,4.822196000000000140e+02
5.260312147766322823e+02,4.822196000000000140e+02
5.266275478559176690e+02,4.822196000000000140e+02
5.564906600000000481e+02,4.857548800000000142e+02
5.275810254716980126e+02,4.988287399999999820e+02
5.279414465635738907e+02,4.988287399999999820e+02
5.285345030874784698e+02,4.988287399999999820e+02
5.286660172413792225e+02,4.988287399999999820e+02
5.294879807032589270e+02,4.988287399999999820e+02
5.298516783505153853e+02,4.988287399999999820e+02
5.304414583190393842e+02,4.988287399999999820e+02
5.592056999999999789e+02,4.919470200000000091e+02
5.313949359348198413e+02,4.746389199999999846e+02
5.317619101374569937e+02,4.746389199999999846e+02
5.323484135506002985e+02,4.746389199999999846e+02
5.324996548275861414e+02,4.746389199999999846e+02
5.333018911663807557e+02,4.746389199999999846e+02
5.336721419243986020e+02,4.746389199999999846e+02
5.342553687821612129e+02,4.746389199999999846e+02
5.620703999999999496e+02,4.956913999999999874e+02
5.352088463979416701e+02,4.746389199999999846e+02
5.355823737113402103e+02,4.746389199999999846e+02
5.361623240137221273e+02,4.746389199999999846e+02
5.363332924137930604e+02,4.746389199999999846e+02
5.371158016295025845e+02,4.746389199999999846e+02
5.374926054982818187e+02,4.746389199999999846e+02
5.380692792452830417e+02,4.746389199999999846e+02
5.683742999999999483e+02,4.988364300000000071e+02
5.390227568610634989e+02,4.594625199999999836e+02
5.394028372852233133e+02,4.594625199999999836e+02
5.399762344768438425e+02,4.515770299999999793e+02
5.401669299999999794e+02,4.515770299999999793e+02
5.409297120926242997e+02,4.515770299999999793e+02
5.413130690721649216e+02,4.515770299999999793e+02
5.418831897084047569e+02,4.495003699999999753e+02
5.759374400000000378e+02,4.986272000000000162e+02
5.428366673241852141e+02,4.485705600000000004e+02
5.432233008591065300e+02,4.485705600000000004e+02
5.437901449399656713e+02,4.663405799999999886e+02
5.440005675862068983e+02,4.663405799999999886e+02
5.447436225557461285e+02,4.495704299999999876e+02
5.451335326460480246e+02,4.495704299999999876e+02
5.456971001715265857e+02,4.495704299999999876e+02
5.859837599999999611e+02,4.936904299999999921e+02
5.466505777873069292e+02,4.636811500000000024e+02
5.470437644329896330e+02,4.636811500000000024e+02
5.476040554030873864e+02,4.636811500000000024e+02
5.478342051724137036e+02,4.636811500000000024e+02
5.485575330188678436e+02,4.636811500000000024e+02
5.489539962199312413e+02,4.636811500000000024e+02
5.495110106346483008e+02,4.636811500000000024e+02
5.968211700000000519e+02,4.857884500000000116e+02
5.504644882504287580e+02,4.770838600000000156e+02
5.508642280068728496e+02,4.770838600000000156e+02
5.514179658662092152e+02,4.770838600000000156e+02
5.516678427586206226e+02,4.770838600000000156e+02
5.523714434819896724e+02,4.770838600000000156e+02
5.527744597938144580e+02,4.770838600000000156e+02
5.533249210977701296e+02,4.770838600000000156e+02
6.094052000000000362e+02,4.755883799999999724e+02
5.542783987135505868e+02,4.857548800000000142e+02
5.546846915807559526e+02,4.857548800000000142e+02
5.552318763293310440e+02,4.857548800000000142e+02
5.555014803448275416e+02,4.857548800000000142e+02
5.561853539451115012e+02,4.857548800000000142e+02
5.565949233676975609e+02,4.857548800000000142e+02
5.571388315608919584e+02,4.857548800000000142e+02
6.208132000000000517e+02,4.645273399999999810e+02
5.580923091766724156e+02,4.919470200000000091e+02
5.585051551546391693e+02,4.919470200000000091e+02
5.590457867924527591e+02,4.919470200000000091e+02
5.593351179310344605e+02,4.919470200000000091e+02
5.599992644082332163e+02,4.919470200000000091e+02
5.604153869415806639e+02,4.919470200000000091e+02
5.609527420240136735e+02,4.919470200000000091e+02
6.306515500000000429e+02,4.562302199999999743e+02
5.619062196397941307e+02,4.956913999999999874e+02
5.623256187285222722e+02,4.956913999999999874e+02
5.628596972555745879e+02,4.956913999999999874e+02
5.631687555172413795e+02,4.956913999999999874e+02
5.638131748713550451e+02,4.956913999999999874e+02
5.642358505154638806e+02,4.956913999999999874e+02
5.647666524871355023e+02,4.956913999999999874e+02
6.366495400000000018e+02,4.508992999999999824e+02
5.657201301029158458e+02,4.988364300000000071e+02
5.661460823024054889e+02,4.988364300000000071e+02
5.666736077186963030e+02,4.988364300000000071e+02
5.670023931034481848e+02,4.988364300000000071e+02
5.676270853344767602e+02,4.988364300000000071e+02
5.680563140893470973e+02,4.988364300000000071e+02
5.685805629502572174e+02,4.988364300000000071e+02
6.427042000000000144e+02,4.471277999999999793e+02
5.695340405660376746e+02,4.988364300000000071e+02
5.699665458762885919e+02,4.988364300000000071e+02
5.704875181818181318e+02,4.988364300000000071e+02
5.708360306896551037e+02,4.988364300000000071e+02
5.714409957975985890e+02,4.988364300000000071e+02
5.718767776632302002e+02,4.988364300000000071e+02
5.723944734133790462e+02,4.988364300000000071e+02
6.454444999999999482e+02,4.455041499999999814e+02
5.733479510291595034e+02,4.986272000000000162e+02
5.737870094501718086e+02,4.986272000000000162e+02
5.743014286449399606e+02,4.986272000000000162e+02
5.746696682758620227e+02,4.986272000000000162e+02
5.752549062607204178e+02,4.986272000000000162e+02
5.756972412371133032e+02,4.986272000000000162e+02
5.762083838765008750e+02,4.986272000000000162e+02
6.464778999999999769e+02,4.450164800000000014e+02
5.771618614922813322e+02,4.986272000000000162e+02
5.776074730240550252e+02,4.986272000000000162e+02
5.781153391080617894e+02,4.986272000000000162e+02
5.785033058620689417e+02,4.986272000000000162e+02
5.790688167238421329e+02,4.986272000000000162e+02
5.795177048109965199e+02,4.986272000000000162e+02
5.800222943396225901e+02,4.986272000000000162e+02
6.467673300000000154e+02,4.454632599999999911e+02
5.809757719554030473e+02,4.936904299999999921e+02
5.814279365979381282e+02,4.936904299999999921e+02
5.819292495711835045e+02,4.936904299999999921e+02
5.823369434482758606e+02,4.936904299999999921e+02
5.828827271869639617e+02,4.936904299999999921e+02
5.833381683848797365e+02,4.936904299999999921e+02
5.838362048027443052e+02,4.936904299999999921e+02
6.451489000000000260e+02,4.515529799999999909e+02
5.847896824185247624e+02,4.936904299999999921e+02
5.852484001718212312e+02,4.936904299999999921e+02
5.857431600343052196e+02,4.936904299999999921e+02
5.861705810344826659e+02,4.936904299999999921e+02
5.866966376500856768e+02,4.936904299999999921e+02
5.871586319587628395e+02,4.936904299999999921e+02
5.876501152658661340e+02,4.936904299999999921e+02
6.406585000000000036e+02,4.632398699999999963e+02
5.886035928816465912e+02,4.936904299999999921e+02
5.890688637457044479e+02,4.936904299999999921e+02
5.895570704974270484e+02,4.936904299999999921e+02
5.900042186206896986e+02,4.936904299999999921e+02
5.905105481132075056e+02,4.936904299999999921e+02
5.909790955326459425e+02,4.936904299999999921e+02
5.914640257289879628e+02,4.936904299999999921e+02
6.363165000000000191e+02,4.749017299999999864e+02
5.924175033447684200e+02,4.857884500000000116e+02
5.928893273195876645e+02,4.857884500000000116e+02
5.933709809605488772e+02,4.857884500000000116e+02
5.938378562068965039e+02,4.857884500000000116e+02
5.943244585763293344e+02,4.857884500000000116e+02
5.947995591065291592e+02,4.857884500000000116e+02
5.952779361921097916e+02,4.857884500000000116e+02
6.316867999999999483e+02,4.856709000000000174e+02
5.962314138078902488e+02,4.857884500000000116e+02
5.967097908934707675e+02,4.857884500000000116e+02
5.971848914236707060e+02,4.857884500000000116e+02
5.976714937931034228e+02,4.857884500000000116e+02
5.981383690394510495e+02,4.857884500000000116e+02
5.986200226804123758e+02,4.857884500000000116e+02
5.990918466552315067e+02,4.857884500000000116e+02
6.302726999999999862e+02,4.994551999999999907e+02
6.000453242710119639e+02,4.857884500000000116e+02
6.005302544673538705e+02,4.857884500000000116e+02
6.009988018867924211e+02,4.857884500000000116e+02
6.015051313793103418e+02,4.857884500000000116e+02
6.019522795025728783e+02,4.857884500000000116e+02
6.024404862542954788e+02,4.857884500000000116e+02
6.029057571183532218e+02,4.857884500000000116e+02
6.312657500000000255e+02,5.125074499999999489e+02
6.038592347341336790e+02,4.755883799999999724e+02
6.043507180412370872e+02,4.755883799999999724e+02
6.048127123499141362e+02,4.755883799999999724e+02
6.053387689655171471e+02,4.755883799999999724e+02
6.057661899656945934e+02,4.755883799999999724e+02
6.062609498281785818e+02,4.755883799999999724e+02
6.067196675814750506e+02,4.755883799999999724e+02
6.338454000000000406e+02,5.207363000000000284e+02
6.076731451972555078e+02,4.755883799999999724e+02
6.081711816151203038e+02,4.755883799999999724e+02
6.086266228130359650e+02,4.755883799999999724e+02
6.091724065517241797e+02,4.755883799999999724e+02
6.095801004288164222e+02,4.755883799999999724e+02
6.100814134020617985e+02,4.755883799999999724e+02
6.105335780445968794e+02,4.755883799999999724e+02
6.354325599999999667e+02,5.234918000000000120e+02
6.114870556603773366e+02,4.755883799999999724e+02
6.119916451890034068e+02,4.755883799999999724e+02
6.124405332761577938e+02,4.755883799999999724e+02
6.130060441379309850e+02,4.755883799999999724e+02
6.133940108919382510e+02,4.755883799999999724e+02
6.139018769759450151e+02,4.755883799999999724e+02
6.143474885077187082e+02,4.755883799999999724e+02
6.398165000000000191e+02,5.272447499999999536e+02
6.153009661234991654e+02,4.645273399999999810e+02
6.158121087628865098e+02,4.645273399999999810e+02
6.162544437392796226e+02,4.645273399999999810e+02
6.168396817241379040e+02,4.645273399999999810e+02
6.172079213550599661e+02,4.645273399999999810e+02
6.177223405498281181e+02,4.645273399999999810e+02
6.181613989708404233e+02,4.645273399999999810e+02
6.450708600000000388e+02,5.297809999999999491e+02
6.191148765866208805e+02,4.645273399999999810e+02
6.196325723367697265e+02,4.645273399999999810e+02
6.200683542024013377e+02,4.645273399999999810e+02
6.206733193103448230e+02,4.645273399999999810e+02
6.210218318181817949e+02,4.645273399999999810e+02
6.215428041237112211e+02,4.645273399999999810e+02
6.219753094339621384e+02,4.645273399999999810e+02
6.524752999999999474e+02,5.278192000000000235e+02
6.229287870497425956e+02,4.645273399999999810e+02
6.234530359106529431e+02,4.645273399999999810e+02
6.238822646655230528e+02,4.645273399999999810e+02
6.245069568965516282e+02,4.645273399999999810e+02
6.248357422813035100e+02,4.645273399999999810e+02
6.253632676975944378e+02,4.645273399999999810e+02
6.257892198970839672e+02,4.645273399999999810e+02
6.574699000000000524e+02,5.210615000000000236e+02
6.267426975128644244e+02,4.994551999999999907e+02
6.272734994845360461e+02,4.994551999999999907e+02
6.276961751286448816e+02,4.994551999999999907e+02
6.283405944827586609e+02,4.994551999999999907e+02
6.286496527444253388e+02,4.994551999999999907e+02
6.291837312714776544e+02,4.994551999999999907e+02
6.296031303602057960e+02,4.994551999999999907e+02
6.633966000000000349e+02,5.043321500000000128e+02
6.305566079759862532e+02,4.562302199999999743e+02
6.310939630584191491e+02,5.125074499999999489e+02
6.315100855917667104e+02,4.856709000000000174e+02
6.321742320689654662e+02,4.856709000000000174e+02
6.324635632075471676e+02,4.856709000000000174e+02
6.330041948453607574e+02,4.856709000000000174e+02
6.334170408233276248e+02,4.856709000000000174e+02
6.657331000000000358e+02,4.898543700000000172e+02
6.343705184391080820e+02,5.207363000000000284e+02
6.349144266323023658e+02,5.234918000000000120e+02
6.353239960548885392e+02,5.234918000000000120e+02
6.360078696551723851e+02,4.749017299999999864e+02
6.362774736706688827e+02,4.749017299999999864e+02
6.368246584192438604e+02,4.508992999999999824e+02
6.372309512864493399e+02,4.508992999999999824e+02
6.676176000000000386e+02,4.803036000000000172e+02
6.381844289022297971e+02,5.272447499999999536e+02
6.387348902061855824e+02,5.272447499999999536e+02
6.391379065180102543e+02,5.272447499999999536e+02
6.398415072413793041e+02,5.272447499999999536e+02
6.400913841337907115e+02,5.272447499999999536e+02
6.406451219931270771e+02,4.632398699999999963e+02
6.410448617495710550e+02,4.632398699999999963e+02
6.686236000000000104e+02,4.719966999999999757e+02
6.419983393653515122e+02,4.471277999999999793e+02
6.425553537800686854e+02,4.471277999999999793e+02
6.429518169811319694e+02,4.471277999999999793e+02
6.436751448275861094e+02,4.471277999999999793e+02
6.439052945969124266e+02,4.471277999999999793e+02
6.444655855670102937e+02,5.297809999999999491e+02
6.448587722126928838e+02,5.297809999999999491e+02
6.697004399999999578e+02,4.624260300000000257e+02
6.458122498284733410e+02,4.455041499999999814e+02
6.463758173539517884e+02,4.450164800000000014e+02
6.467657274442537982e+02,4.454632599999999911e+02
6.475087824137931420e+02,4.454632599999999911e+02
6.477192050600342554e+02,4.454632599999999911e+02
6.482860491408935104e+02,4.454632599999999911e+02
6.486726826758147126e+02,4.454632599999999911e+02
6.712454000000000178e+02,4.548888000000000034e+02
6.496261602915951698e+02,5.278192000000000235e+02
6.501962809278350051e+02,5.278192000000000235e+02
6.505796379073756270e+02,5.278192000000000235e+02
6.513424199999999473e+02,5.278192000000000235e+02
6.515331155231560842e+02,5.278192000000000235e+02
6.521065127147766134e+02,5.278192000000000235e+02
6.524865931389365414e+02,5.278192000000000235e+02
6.727828399999999647e+02,4.484426300000000083e+02
6.534400707547169986e+02,5.210615000000000236e+02
6.540167445017182217e+02,5.210615000000000236e+02
6.543935483704974558e+02,5.210615000000000236e+02
6.551760575862068663e+02,5.210615000000000236e+02
6.553470259862777993e+02,5.210615000000000236e+02
6.559269762886597164e+02,5.210615000000000236e+02
6.563005036020582565e+02,5.210615000000000236e+02
6.733309299999999666e+02,4.466649199999999951e+02
6.572539812178387137e+02,5.210615000000000236e+02
6.578372080756013247e+02,5.210615000000000236e+02
6.582074588336191709e+02,5.210615000000000236e+02
6.590096951724137853e+02,5.210615000000000236e+02
6.591609364493996281e+02,5.210615000000000236e+02
6.597474398625429330e+02,5.210615000000000236e+02
6.601144140651799717e+02,5.210615000000000236e+02
6.738690000000000282e+02,4.448200699999999870e+02
6.610678916809604289e+02,5.043321500000000128e+02
6.616576716494844277e+02,5.043321500000000128e+02
6.620213692967408861e+02,5.043321500000000128e+02
6.628433327586205905e+02,5.043321500000000128e+02
6.629748469125213433e+02,5.043321500000000128e+02
6.635679034364261497e+02,5.043321500000000128e+02
6.639283245283018005e+02,5.043321500000000128e+02
6.749950999999999794e+02,4.450164800000000014e+02
6.648818021440822577e+02,4.898543700000000172e+02
6.654781352233676444e+02,4.898543700000000172e+02
6.658352797598627149e+02,4.898543700000000172e+02
6.666769703448276232e+02,4.803036000000000172e+02
6.667887573756431721e+02,4.803036000000000172e+02
6.673883670103092527e+02,4.803036000000000172e+02
6.677422349914236293e+02,4.803036000000000172e+02
6.781874000000000251e+02,4.481159700000000043e+02
6.686957126072040865e+02,4.719966999999999757e+02
6.692985987972508610e+02,4.624260300000000257e+02
6.696491902229845437e+02,4.624260300000000257e+02
6.705106079310344285e+02,4.548888000000000034e+02
6.706026678387650009e+02,4.548888000000000034e+02
6.712088305841923557e+02,4.548888000000000034e+02
6.715561454545454581e+02,4.548888000000000034e+02
6.838356999999999744e+02,4.563088399999999751e+02
6.725096230703259153e+02,4.484426300000000083e+02
6.731190623711339640e+02,4.466649199999999951e+02
6.734631006861063725e+02,4.466649199999999951e+02
6.743442455172413474e+02,4.448200699999999870e+02
6.744165783018867160e+02,4.448200699999999870e+02
6.750292941580755723e+02,4.450164800000000014e+02
6.753700559176671732e+02,4.450164800000000014e+02
6.924641000000000304e+02,4.707463399999999751e+02
6.763235335334476304e+02,5.738513000000000375e+02
6.769395259450170670e+02,5.738513000000000375e+02
6.772770111492280876e+02,5.738513000000000375e+02
6.781778831034482664e+02,4.481159700000000043e+02
6.782304887650085448e+02,4.481159700000000043e+02
6.788497577319587890e+02,5.612989499999999907e+02
6.791839663807888883e+02,5.612989499999999907e+02
7.006902499999999918e+02,4.881009500000000116e+02
6.801374439965693455e+02,5.800321000000000140e+02
6.807599895189002837e+02,5.800321000000000140e+02
6.810909216123498027e+02,5.800321000000000140e+02
6.820115206896550717e+02,5.800321000000000140e+02
6.820443992281302599e+02,5.800321000000000140e+02
6.826702213058418920e+02,5.475492000000000417e+02
6.829978768439107171e+02,5.475492000000000417e+02
7.084551000000000158e+02,5.112230200000000195e+02
6.839513544596911743e+02,4.563088399999999751e+02
6.845804530927835003e+02,5.828573999999999842e+02
6.849048320754716315e+02,5.828573999999999842e+02
6.858451582758621043e+02,5.828573999999999842e+02
6.858583096912520887e+02,5.828573999999999842e+02
6.864906848797249950e+02,5.828573999999999842e+02
6.868117873070325459e+02,5.828573999999999842e+02
7.101394000000000233e+02,5.256152299999999968e+02
6.877652649228130031e+02,5.316312000000000353e+02
6.884009166666666033e+02,5.316312000000000353e+02
6.887187425385934603e+02,5.316312000000000353e+02
6.896787958620689096e+02,5.316312000000000353e+02
6.896722201543739175e+02,5.316312000000000353e+02
6.903111484536082116e+02,5.316312000000000353e+02
6.906256977701543747e+02,5.316312000000000353e+02
7.120403999999999769e+02,5.349130999999999858e+02
6.915791753859348319e+02,5.845114999999999554e+02
6.922213802405497063e+02,4.707463399999999751e+02
6.925326530017152891e+02,4.707463399999999751e+02
6.935124334482758286e+02,4.707463399999999751e+02
6.934861306174957463e+02,4.707463399999999751e+02
6.941316120274914283e+02,4.707463399999999751e+02
6.944396082332760898e+02,4.707463399999999751e+02
7.147154000000000451e+02,5.494365000000000236e+02
6.953930858490565470e+02,5.829642300000000432e+02
6.960418438144329230e+02,5.829642300000000432e+02
6.963465634648370042e+02,5.829642300000000432e+02
6.973460710344827476e+02,5.829642300000000432e+02
6.973000410806174614e+02,5.829642300000000432e+02
6.979520756013745313e+02,5.829642300000000432e+02
6.982535186963979186e+02,5.829642300000000432e+02
7.137598000000000411e+02,5.631363499999999931e+02
6.992069963121782621e+02,5.080583500000000186e+02
6.998623073883161396e+02,5.080583500000000186e+02
7.001604739279587193e+02,5.080583500000000186e+02
7.011797086206895528e+02,4.881009500000000116e+02
7.011139515437391765e+02,4.881009500000000116e+02
7.017725391752576343e+02,5.805814000000000306e+02
7.020674291595196337e+02,5.805814000000000306e+02
7.068525399999999763e+02,5.762283999999999651e+02
7.030209067753000909e+02,4.929625199999999836e+02
7.036827709621992426e+02,4.929625199999999836e+02
7.039743843910805481e+02,4.929625199999999836e+02
7.050133462068965855e+02,4.929625199999999836e+02
7.049278620068610053e+02,4.929625199999999836e+02
7.055930027491408509e+02,4.929625199999999836e+02
7.058813396226414625e+02,4.929625199999999836e+02
7.022686999999999671e+02,5.805814000000000306e+02
7.068348172384219197e+02,5.762283999999999651e+02
7.075032345360823456e+02,5.762283999999999651e+02
7.077882948542023769e+02,5.762283999999999651e+02
7.088469837931033908e+02,5.112230200000000195e+02
7.087417724699828341e+02,5.112230200000000195e+02
7.094134663230240676e+02,5.112230200000000195e+02
7.096952500857632913e+02,5.112230200000000195e+02
6.969754000000000360e+02,5.829642300000000432e+02
7.106487277015437485e+02,5.256152299999999968e+02
7.113236981099655623e+02,5.349130999999999858e+02
7.116022053173242057e+02,5.349130999999999858e+02
7.126806213793103097e+02,5.349130999999999858e+02
7.125556829331046629e+02,5.349130999999999858e+02
7.132339298969071706e+02,5.631363499999999931e+02
7.135091605488850064e+02,5.631363499999999931e+02
6.911924000000000206e+02,5.845114999999999554e+02
7.144626381646654636e+02,5.494365000000000236e+02
7.151441616838487789e+02,5.494365000000000236e+02
7.154161157804459208e+02,5.494365000000000236e+02
7.165142589655172287e+02,5.494365000000000236e+02
7.163695933962263780e+02,5.494365000000000236e+02
7.170543934707902736e+02,5.494365000000000236e+02
7.173230710120068352e+02,5.494365000000000236e+02
6.849623000000000275e+02,5.828573999999999842e+02
7.182765486277871787e+02,4.743073699999999917e+02
7.189646252577318819e+02,4.743073699999999917e+02
7.192300262435676359e+02,4.743073699999999917e+02
7.203478965517240340e+02,4.743073699999999917e+02
7.201835038593480931e+02,4.743073699999999917e+02
7.208748570446734902e+02,4.743073699999999917e+02
7.211369814751285503e+02,4.743073699999999917e+02
6.809750999999999976e+02,5.800321000000000140e+02
7.220904590909090075e+02,4.743073699999999917e+02
7.227850888316149849e+02,4.743073699999999917e+02
7.230439367066894647e+02,4.743073699999999917e+02
7.241815341379310667e+02,4.743073699999999917e+02
7.239974143224699219e+02,4.743073699999999917e+02
7.246953206185567069e+02,4.743073699999999917e+02
7.249508919382503791e+02,4.743073699999999917e+02
6.781575000000000273e+02,5.738513000000000375e+02
7.259043695540308363e+02,4.560702999999999747e+02
7.266055524054982016e+02,4.560702999999999747e+02
7.268578471698112935e+02,4.560702999999999747e+02
7.280151717241378719e+02,4.560702999999999747e+02
7.278113247855917507e+02,4.560702999999999747e+02
7.285157841924398099e+02,4.560702999999999747e+02
7.287648024013722079e+02,4.560702999999999747e+02
6.784375599999999622e+02,5.612989499999999907e+02
7.297182800171526651e+02,4.560702999999999747e+02
7.304260159793814182e+02,4.560702999999999747e+02
7.306717576329331223e+02,4.560702999999999747e+02
7.318488093103447909e+02,4.560702999999999747e+02
7.316252352487135795e+02,4.560702999999999747e+02
7.323362477663229129e+02,4.560702999999999747e+02
7.325787128644939230e+02,4.560702999999999747e+02
6.831723600000000260e+02,5.475492000000000417e+02
7.335321904802743802e+02,4.560702999999999747e+02
7.342464795532646349e+02,4.560702999999999747e+02
7.344856680960548374e+02,4.560702999999999747e+02
7.356824468965517099e+02,4.560702999999999747e+02
7.354391457118352946e+02,4.560702999999999747e+02
7.361567113402061295e+02,4.560702999999999747e+02
7.363926233276157518e+02,4.560702999999999747e+02
6.896762999999999693e+02,5.316312000000000353e+02
7.373461009433960953e+02,4.396688199999999824e+02
7.380669431271477379e+02,4.396688199999999824e+02
7.382995785591765525e+02,4.396688199999999824e+02
7.395160844827585152e+02,4.396688199999999824e+02
7.392530561749570097e+02,4.396688199999999824e+02
7.399771749140893462e+02,4.396688199999999824e+02
7.402065337907374669e+02,4.396688199999999824e+02
6.999201699999999846e+02,5.080583500000000186e+02
7.411600114065179241e+02,4.396688199999999824e+02
7.418874067010308408e+02,4.396688199999999824e+02
7.421134890222983813e+02,4.396688199999999824e+02
7.433497220689655478e+02,4.396688199999999824e+02
7.430669666380788385e+02,4.396688199999999824e+02
7.437976384879724492e+02,4.396688199999999824e+02
7.440204442538592957e+02,4.396688199999999824e+02
7.067632999999999583e+02,4.929625199999999836e+02
7.449739218696397529e+02,4.396688199999999824e+02
7.457078702749140575e+02,4.396688199999999824e+02
7.459273994854202101e+02,4.396688199999999824e+02
7.471833596551723531e+02,4.396688199999999824e+02
7.468808771012006673e+02,4.396688199999999824e+02
7.476181020618555522e+02,4.396688199999999824e+02
7.478343547169811245e+02,4.396688199999999824e+02
7.204479400000000169e+02,4.743073699999999917e+02
7.487878323327615817e+02,4.293324000000000069e+02
7.495283338487972742e+02,4.293324000000000069e+02
7.497413099485420389e+02,4.293324000000000069e+02
7.510169972413792721e+02,4.293324000000000069e+02
7.506947875643224961e+02,4.293324000000000069e+02
7.514385656357387688e+02,4.293324000000000069e+02
7.516482651801028396e+02,4.293324000000000069e+02
7.321056999999999562e+02,4.560702999999999747e+02
7.526017427958832968e+02,4.293324000000000069e+02
7.533487974226803772e+02,4.293324000000000069e+02
7.535552204116637540e+02,4.293324000000000069e+02
7.548506348275861910e+02,4.293324000000000069e+02
7.545086980274442112e+02,4.293324000000000069e+02
7.552590292096219855e+02,4.293324000000000069e+02
7.554621756432246684e+02,4.293324000000000069e+02
7.446233499999999594e+02,4.396688199999999824e+02
7.564156532590050119e+02,4.216963999999999828e+02
7.571692609965634801e+02,4.216963999999999828e+02
7.573691308747854691e+02,4.216963999999999828e+02
7.586842724137929963e+02,4.216963999999999828e+02
7.583226084905659263e+02,4.216963999999999828e+02
7.590794927835050885e+02,4.216963999999999828e+02
7.592760861063463835e+02,4.216963999999999828e+02
7.545539999999999736e+02,4.293324000000000069e+02
7.602295637221268407e+02,4.216963999999999828e+02
7.609897245704466968e+02,4.216963999999999828e+02
7.611830413379072979e+02,4.216963999999999828e+02
7.625179100000000290e+02,4.216963999999999828e+02
7.621365189536877551e+02,4.216963999999999828e+02
7.628999563573881915e+02,4.216963999999999828e+02
7.630899965694682123e+02,4.216963999999999828e+02
7.626838999999999942e+02,4.216963999999999828e+02
7.640434741852486695e+02,4.174834000000000174e+02
7.648101881443299135e+02,4.174834000000000174e+02
7.649969518010291267e+02,4.174834000000000174e+02
7.663515475862068342e+02,4.174834000000000174e+02
7.659504294168095839e+02,4.174834000000000174e+02
7.667204199312714081e+02,4.174834000000000174e+02
7.669039070325900411e+02,4.174834000000000174e+02
7.669633999999999787e+02,4.174834000000000174e+02
7.678573846483704983e+02,4.156959200000000010e+02
7.686306517182130165e+02,4.156959200000000010e+02
7.688108622641509555e+02,4.156959200000000010e+02
7.701851851724137532e+02,4.156959200000000010e+02
7.697643398799314127e+02,4.156959200000000010e+02
7.705408835051546248e+02,4.156959200000000010e+02
7.707178174957117562e+02,4.156959200000000010e+02
7.708079000000000178e+02,4.156959200000000010e+02
7.716712951114922134e+02,4.177647699999999986e+02
7.724511152920961194e+02,4.177647699999999986e+02
7.726247727272726706e+02,4.177647699999999986e+02
7.740188227586206722e+02,4.177647699999999986e+02
7.735782503430531278e+02,4.177647699999999986e+02
7.743613470790377278e+02,4.177647699999999986e+02
7.745317279588335850e+02,4.177647699999999986e+02
7.730583500000000186e+02,4.177647699999999986e+02
7.754852055746139285e+02,4.265187999999999988e+02
7.762715788659793361e+02,4.265187999999999988e+02
7.764386831903943857e+02,4.265187999999999988e+02
7.778524603448274775e+02,4.377625699999999824e+02
7.773921608061748429e+02,4.377625699999999824e+02
7.781818106529208308e+02,4.377625699999999824e+02
7.783456384219553001e+02,4.377625699999999824e+02
7.753356999999999744e+02,4.265187999999999988e+02
7.792991160377357573e+02,4.455448000000000093e+02
7.800920424398625528e+02,4.455448000000000093e+02
7.802525936535162145e+02,4.455448000000000093e+02
7.816860979310345101e+02,4.455448000000000093e+02
7.812060712692966717e+02,4.455448000000000093e+02
7.820022742268040474e+02,4.455448000000000093e+02
7.821595488850771289e+02,4.455448000000000093e+02
7.784334000000000060e+02,4.377625699999999824e+02
7.831130265008575861e+02,4.502580600000000004e+02
7.839125060137456558e+02,4.502580600000000004e+02
7.840665041166380433e+02,4.502580600000000004e+02
7.855197355172413154e+02,4.502580600000000004e+02
7.850199817324185005e+02,4.502580600000000004e+02
7.858227378006872641e+02,4.502580600000000004e+02
7.859734593481989577e+02,4.502580600000000004e+02
7.806561000000000377e+02,4.455448000000000093e+02
7.869269369639794149e+02,4.548864699999999743e+02
7.877329695876287587e+02,4.548864699999999743e+02
7.878804145797598721e+02,4.548864699999999743e+02
7.893533731034482344e+02,4.548864699999999743e+02
7.888338921955403293e+02,4.548864699999999743e+02
7.896432013745703671e+02,4.548864699999999743e+02
7.897873698113206729e+02,4.548864699999999743e+02
7.836219999999999573e+02,4.502580600000000004e+02
7.907408474271011301e+02,4.548864699999999743e+02
7.915534331615119754e+02,4.548864699999999743e+02
7.916943250428815873e+02,4.548864699999999743e+02
7.931870106896551533e+02,4.548864699999999743e+02
7.926478026586620445e+02,4.548864699999999743e+02
7.934636649484534701e+02,4.548864699999999743e+02
7.936012802744425016e+02,4.548864699999999743e+02
7.898473999999999933e+02,4.548864699999999743e+02
7.945547578902228452e+02,4.614207799999999793e+02
7.953738967353951921e+02,4.614207799999999793e+02
7.955082355060033024e+02,4.614207799999999793e+02
7.970206482758619586e+02,4.614207799999999793e+02
7.964617131217837596e+02,4.614207799999999793e+02
7.972841285223366867e+02,4.614207799999999793e+02
7.974151907375642168e+02,4.614207799999999793e+02
8.003537999999999784e+02,4.614207799999999793e+02
7.983686683533446740e+02,4.614207799999999793e+02
7.991943603092782951e+02,4.614207799999999793e+02
7.993221459691251312e+02,4.614207799999999793e+02
8.008542858620689913e+02,4.614207799999999793e+02
8.002756235849055884e+02,4.614207799999999793e+02
8.011045920962199034e+02,4.614207799999999793e+02
8.012291012006860456e+02,4.614207799999999793e+02
8.154450699999999870e+02,4.708902600000000120e+02
8.021825788164665028e+02,4.614207799999999793e+02
8.030148238831613980e+02,4.614207799999999793e+02
8.031360564322469600e+02,4.614207799999999793e+02
8.046879234482757965e+02,4.614207799999999793e+02
8.040895340480274172e+02,4.614207799999999793e+02
8.049250556701030064e+02,4.614207799999999793e+02
8.050430116638078744e+02,4.614207799999999793e+02
8.357254000000000360e+02,4.806560000000000059e+02
8.059964892795883316e+02,4.708902600000000120e+02
8.068352874570446147e+02,4.708902600000000120e+02
8.069499668953687888e+02,4.708902600000000120e+02
8.085215610344827155e+02,4.708902600000000120e+02
8.079034445111492460e+02,4.708902600000000120e+02
8.087455192439862230e+02,4.708902600000000120e+02
8.088569221269295895e+02,4.708902600000000120e+02
8.411861999999999853e+02,4.887696500000000128e+02
8.098103997427100467e+02,4.708902600000000120e+02
8.106557510309278314e+02,4.708902600000000120e+02
8.107638773584905039e+02,4.708902600000000120e+02
8.123551986206896345e+02,4.708902600000000120e+02
8.117173549742709611e+02,4.708902600000000120e+02
8.125659828178693260e+02,4.708902600000000120e+02
8.126708325900514183e+02,4.708902600000000120e+02
8.536072400000000471e+02,5.100348000000000184e+02
8.136243102058317618e+02,4.708902600000000120e+02
8.144762146048109344e+02,4.708902600000000120e+02
8.145777878216122190e+02,4.708902600000000120e+02
8.161888362068964398e+02,4.708902600000000120e+02
8.155312654373926762e+02,4.708902600000000120e+02
8.163864463917525427e+02,4.708902600000000120e+02
8.164847430531731334e+02,4.708902600000000120e+02
8.612610499999999547e+02,5.237337599999999611e+02
8.174382206689535906e+02,5.513894000000000233e+02
8.182966781786940373e+02,5.513894000000000233e+02
8.183916982847340478e+02,5.513894000000000233e+02
8.200224737931034724e+02,5.513894000000000233e+02
8.193451759005145050e+02,5.513894000000000233e+02
8.202069099656357594e+02,5.513894000000000233e+02
8.202986535162949622e+02,5.513894000000000233e+02
8.650657999999999674e+02,5.300809299999999666e+02
8.212521311320754194e+02,5.381416000000000395e+02
8.221171417525772540e+02,5.381416000000000395e+02
8.222056087478558766e+02,5.381416000000000395e+02
8.238561113793102777e+02,5.381416000000000395e+02
8.231590863636363338e+02,5.381416000000000395e+02
8.240273735395188623e+02,5.381416000000000395e+02
8.241125639794167910e+02,5.381416000000000395e+02
8.690027999999999793e+02,5.499989000000000487e+02
8.250660415951972482e+02,5.663818400000000111e+02
8.259376053264604707e+02,5.663818400000000111e+02
8.260195192109777054e+02,5.663818400000000111e+02
8.276897489655171967e+02,5.663818400000000111e+02
8.269729968267581626e+02,5.663818400000000111e+02
8.278478371134019653e+02,5.663818400000000111e+02
8.279264744425385061e+02,5.663818400000000111e+02
8.625953399999999647e+02,5.631638000000000375e+02
8.288799520583189633e+02,5.711642000000000507e+02
8.297580689003435737e+02,5.711642000000000507e+02
8.298334296740995342e+02,5.711642000000000507e+02
8.315233865517241156e+02,5.711642000000000507e+02
8.307869072898797640e+02,5.711642000000000507e+02
8.316683006872851820e+02,5.711642000000000507e+02
8.317403849056602212e+02,5.711642000000000507e+02
8.504820600000000468e+02,5.699869400000000041e+02
8.326938625214406784e+02,5.124657999999999447e+02
8.335785324742266766e+02,5.124657999999999447e+02
8.336473401372211356e+02,5.124657999999999447e+02
8.353570241379309209e+02,4.806560000000000059e+02
8.346008177530015928e+02,5.124657999999999447e+02
8.354887642611683987e+02,4.806560000000000059e+02
8.355542953687820500e+02,4.806560000000000059e+02
8.395533000000000357e+02,5.720161000000000513e+02
8.365077729845625072e+02,4.806560000000000059e+02
8.373989960481098933e+02,4.806560000000000059e+02
8.374612506003429644e+02,4.806560000000000059e+02
8.391906617241379536e+02,5.720161000000000513e+02
8.384147282161234216e+02,5.720161000000000513e+02
8.393092278350513880e+02,5.720161000000000513e+02
8.393682058319038788e+02,5.720161000000000513e+02
8.306183999999999514e+02,5.711642000000000507e+02
8.403216834476843360e+02,5.720161000000000513e+02
8.412194596219931100e+02,4.887696500000000128e+02
8.412751610634647932e+02,4.887696500000000128e+02
8.430242993103447589e+02,4.955038999999999874e+02
8.422286386792452504e+02,4.955038999999999874e+02
8.431296914089346046e+02,4.955038999999999874e+02
8.431821162950257076e+02,4.955038999999999874e+02
8.259559299999999666e+02,5.663818400000000111e+02
8.441355939108061648e+02,5.699869400000000041e+02
8.450399231958763266e+02,5.699869400000000041e+02
8.450890715265866220e+02,5.699869400000000041e+02
8.468579368965517915e+02,5.699869400000000041e+02
8.460425491423670792e+02,5.699869400000000041e+02
8.469501549828178213e+02,5.699869400000000041e+02
8.469960267581475364e+02,5.699869400000000041e+02
8.197543299999999817e+02,5.513894000000000233e+02
8.479495043739279936e+02,5.699869400000000041e+02
8.488603867697593159e+02,5.699869400000000041e+02
8.489029819897084508e+02,5.699869400000000041e+02
8.506915744827585968e+02,5.699869400000000041e+02
8.498564596054886806e+02,5.699869400000000041e+02
8.507706185567010380e+02,5.699869400000000041e+02
8.508099372212691378e+02,5.699869400000000041e+02
8.222572999999999865e+02,5.381416000000000395e+02
8.517634148370495950e+02,5.100348000000000184e+02
8.526808503436425326e+02,5.100348000000000184e+02
8.527168924528300522e+02,5.100348000000000184e+02
8.545252120689654021e+02,5.100348000000000184e+02
8.536703700686105094e+02,5.100348000000000184e+02
8.545910821305840273e+02,5.100348000000000184e+02
8.546238476843909666e+02,5.100348000000000184e+02
8.340780999999999494e+02,5.124657999999999447e+02
8.555773253001714238e+02,4.667330299999999852e+02
8.565013139175257493e+02,4.667330299999999852e+02
8.565308029159518810e+02,4.667330299999999852e+02
8.583588496551724347e+02,4.667330299999999852e+02
8.574842805317323382e+02,4.667330299999999852e+02
8.584115457044672439e+02,4.667330299999999852e+02
8.584377581475127954e+02,4.667330299999999852e+02
8.426180399999999509e+02,4.955038999999999874e+02
8.593912357632932526e+02,4.667330299999999852e+02
8.603217774914089659e+02,5.237337599999999611e+02
8.603447133790737098e+02,5.237337599999999611e+02
8.621924872413792400e+02,5.631638000000000375e+02
8.612981909948541670e+02,5.237337599999999611e+02
8.622320092783504606e+02,5.631638000000000375e+02
8.622516686106346242e+02,5.631638000000000375e+02
8.587251599999999598e+02,4.667330299999999852e+02
8.632051462264150814e+02,5.631638000000000375e+02
8.641422410652919552e+02,5.300809299999999666e+02
8.641586238421955386e+02,5.300809299999999666e+02
8.660261248275862727e+02,5.300809299999999666e+02
8.651121014579759958e+02,5.300809299999999666e+02
8.660524728522336773e+02,5.300809299999999666e+02
8.660655790737564530e+02,5.300809299999999666e+02
8.724352000000000089e+02,4.459918200000000184e+02
8.670190566895369102e+02,5.499989000000000487e+02
8.679627046391751719e+02,5.499989000000000487e+02
8.679725343053173674e+02,5.499989000000000487e+02
8.698597624137930779e+02,5.499989000000000487e+02
8.689260119210975972e+02,5.499989000000000487e+02
8.698729364261166666e+02,5.499989000000000487e+02
8.698794895368780544e+02,5.499989000000000487e+02
8.736933999999999969e+02,4.441279299999999921e+02
8.708329671526585116e+02,4.459918200000000184e+02
8.717831682130583886e+02,4.459918200000000184e+02
8.717864447684389688e+02,4.459918200000000184e+02
8.736933999999999969e+02,4.441279299999999921e+02
8.727399223842194260e+02,4.459918200000000184e+02
8.736933999999999969e+02,4.441279299999999921e+02
8.736933999999999969e+02,4.441279299999999921e+02
8.736933999999999969e+02,4.441279299999999921e+02
