3.608603800000000206e+02,5.312012999999999465e+02
3.608603800000000206e+02,5.312012999999999465e+02
3.620014499459459785e+02,4.951970200000000091e+02
3.608603800000000206e+02,5.312012999999999465e+02
3.631425198918919364e+02,4.636518599999999992e+02
3.631466392779783519e+02,4.636518599999999992e+02
3.642835898378378374e+02,4.636518599999999992e+02
3.608603800000000206e+02,5.312012999999999465e+02
3.654246597837837953e+02,4.311176800000000071e+02
3.654328985559566831e+02,4.311176800000000071e+02
3.665657297297297532e+02,4.311176800000000071e+02
3.654494656521739557e+02,4.311176800000000071e+02
3.677067996756757111e+02,4.311176800000000071e+02
3.677191578339350144e+02,4.311176800000000071e+02
3.688478696216216122e+02,4.311176800000000071e+02
3.608603800000000206e+02,5.312012999999999465e+02
3.699889395675675701e+02,3.974855999999999767e+02
3.700054171119134026e+02,3.974855999999999767e+02
3.711300095135135280e+02,3.974855999999999767e+02
3.700385513043478340e+02,3.974855999999999767e+02
3.722710794594594859e+02,3.974855999999999767e+02
3.722916763898917338e+02,3.974855999999999767e+02
3.734121494054054438e+02,3.974855999999999767e+02
3.608603800000000206e+02,5.312012999999999465e+02
3.745532193513513448e+02,3.816219500000000266e+02
3.745779356678700651e+02,3.816219500000000266e+02
3.756942892972973027e+02,3.816219500000000266e+02
3.746276369565217692e+02,3.816219500000000266e+02
3.768353592432432606e+02,3.816219500000000266e+02
3.768641949458483964e+02,3.816219500000000266e+02
3.779764291891892185e+02,3.816219500000000266e+02
3.624444599999999923e+02,4.951970200000000091e+02
3.791174991351351764e+02,3.640994999999999777e+02
3.791504542238267277e+02,3.640994999999999777e+02
3.802585690810810775e+02,3.640994999999999777e+02
3.792167226086956475e+02,3.640994999999999777e+02
3.813996390270270354e+02,3.640994999999999777e+02
3.814367135018050590e+02,3.640994999999999777e+02
3.825407089729729933e+02,3.640994999999999777e+02
3.629853499999999826e+02,4.636518599999999992e+02
3.836817789189189511e+02,3.512381599999999935e+02
3.837229727797833903e+02,3.512381599999999935e+02
3.848228488648649090e+02,3.466392799999999852e+02
3.838058082608695827e+02,3.512381599999999935e+02
3.859639188108108101e+02,3.466392799999999852e+02
3.860092320577617215e+02,3.466392799999999852e+02
3.871049887567567680e+02,3.439102800000000002e+02
3.669227000000000203e+02,4.311176800000000071e+02
3.882460587027027259e+02,3.439102800000000002e+02
3.882954913357401097e+02,3.439102800000000002e+02
3.893871286486486838e+02,3.439102800000000002e+02
3.883948939130435178e+02,3.439102800000000002e+02
3.905281985945945848e+02,3.445007299999999759e+02
3.905817506137184409e+02,3.445007299999999759e+02
3.916692685405405427e+02,3.445007299999999759e+02
3.711066599999999767e+02,3.974855999999999767e+02
3.928103384864865006e+02,3.445007299999999759e+02
3.928680098916967722e+02,3.445007299999999759e+02
3.939514084324324585e+02,3.445007299999999759e+02
3.929839795652173962e+02,3.445007299999999759e+02
3.950924783783783596e+02,3.497760000000000105e+02
3.951542691696751035e+02,3.497760000000000105e+02
3.962335483243243175e+02,3.497760000000000105e+02
3.748224799999999846e+02,3.816219500000000266e+02
3.973746182702702754e+02,3.497760000000000105e+02
3.974405284476534348e+02,3.497760000000000105e+02
3.985156882162162333e+02,3.497760000000000105e+02
3.975730652173913313e+02,3.497760000000000105e+02
3.996567581621621912e+02,3.497760000000000105e+02
3.997267877256317661e+02,3.497760000000000105e+02
4.007978281081080922e+02,3.497760000000000105e+02
3.807625400000000013e+02,3.640994999999999777e+02
4.019388980540540501e+02,3.497760000000000105e+02
4.020130470036100974e+02,3.497760000000000105e+02
4.030799680000000080e+02,3.497760000000000105e+02
4.021621508695652096e+02,3.497760000000000105e+02
4.042210379459459659e+02,3.497760000000000105e+02
4.042993062815884286e+02,3.497760000000000105e+02
4.053621078918919238e+02,3.497760000000000105e+02
3.839894699999999830e+02,3.512381599999999935e+02
4.065031778378378249e+02,3.836872599999999807e+02
4.065855655595668168e+02,3.836872599999999807e+02
4.076442477837837828e+02,3.836872599999999807e+02
4.067512365217391448e+02,3.836872599999999807e+02
4.087853177297297407e+02,3.836872599999999807e+02
4.088718248375451481e+02,3.836872599999999807e+02
4.099263876756756986e+02,3.836872599999999807e+02
3.848525700000000143e+02,3.466392799999999852e+02
4.110674576216216565e+02,3.836872599999999807e+02
4.111580841155234793e+02,3.836872599999999807e+02
4.122085275675675575e+02,3.836872599999999807e+02
4.113403221739130231e+02,3.836872599999999807e+02
4.133495975135135154e+02,3.836872599999999807e+02
4.134443433935018106e+02,3.836872599999999807e+02
4.144906674594594733e+02,3.836872599999999807e+02
3.874396699999999782e+02,3.439102800000000002e+02
4.156317374054054312e+02,3.836872599999999807e+02
4.157306026714801419e+02,3.836872599999999807e+02
4.167728073513513891e+02,3.836872599999999807e+02
4.159294078260869583e+02,3.836872599999999807e+02
4.179138772972972902e+02,3.836872599999999807e+02
4.180168619494584732e+02,3.836872599999999807e+02
4.190549472432432481e+02,3.836872599999999807e+02
3.911566000000000258e+02,3.445007299999999759e+02
4.201960171891892060e+02,4.230975300000000061e+02
4.203031212274368045e+02,4.230975300000000061e+02
4.213370871351351639e+02,4.230975300000000061e+02
4.205184934782608934e+02,4.230975300000000061e+02
4.224781570810810649e+02,4.230975300000000061e+02
4.225893805054151926e+02,4.230975300000000061e+02
4.236192270270270228e+02,4.230975300000000061e+02
3.961808199999999829e+02,3.497760000000000105e+02
4.247602969729729807e+02,4.230975300000000061e+02
4.248756397833935239e+02,4.230975300000000061e+02
4.259013669189189386e+02,4.230975300000000061e+02
4.251075791304347717e+02,4.230975300000000061e+02
4.270424368648648397e+02,4.230975300000000061e+02
4.271618990613718552e+02,4.230975300000000061e+02
4.281835068108107976e+02,4.230975300000000061e+02
4.101692199999999957e+02,3.836872599999999807e+02
4.293245767567567555e+02,4.230975300000000061e+02
4.294481583393501865e+02,4.230975300000000061e+02
4.304656467027027134e+02,4.230975300000000061e+02
4.296966647826087069e+02,4.230975300000000061e+02
4.316067166486486713e+02,4.230975300000000061e+02
4.317344176173285177e+02,4.230975300000000061e+02
4.327477865945945723e+02,4.230975300000000061e+02
4.218311800000000176e+02,4.230975300000000061e+02
4.338888565405405302e+02,4.690452999999999975e+02
4.340206768953068490e+02,4.690452999999999975e+02
4.350299264864864881e+02,4.690452999999999975e+02
4.342857504347825852e+02,4.690452999999999975e+02
4.361709964324324460e+02,4.690452999999999975e+02
4.363069361732851803e+02,4.690452999999999975e+02
4.373120663783784039e+02,4.690452999999999975e+02
4.389191599999999767e+02,4.690452999999999975e+02
4.384531363243243050e+02,4.690452999999999975e+02
4.385931954512635684e+02,4.690452999999999975e+02
4.395942062702702628e+02,4.690452999999999975e+02
4.388748360869565204e+02,4.690452999999999975e+02
4.407352762162162207e+02,4.690452999999999975e+02
4.408794547292418997e+02,4.690452999999999975e+02
4.418763461621621786e+02,4.690452999999999975e+02
4.508227499999999850e+02,4.991286600000000249e+02
4.430174161081081365e+02,4.690452999999999975e+02
4.431657140072202310e+02,4.690452999999999975e+02
4.441584860540540376e+02,4.690452999999999975e+02
4.434639217391304555e+02,4.690452999999999975e+02
4.452995559999999955e+02,4.690452999999999975e+02
4.454519732851985623e+02,4.690452999999999975e+02
4.464406259459459534e+02,4.690452999999999975e+02
4.598523000000000138e+02,5.161396499999999605e+02
4.475816958918919113e+02,4.991286600000000249e+02
4.477382325631768936e+02,4.991286600000000249e+02
4.487227658378378692e+02,4.991286600000000249e+02
4.480530073913043339e+02,4.991286600000000249e+02
4.498638357837837702e+02,4.991286600000000249e+02
4.500244918411552248e+02,4.991286600000000249e+02
4.510049057297297281e+02,4.991286600000000249e+02
4.649458000000000197e+02,5.208441000000000258e+02
4.521459756756756860e+02,4.991286600000000249e+02
4.523107511191335561e+02,4.991286600000000249e+02
4.532870456216215871e+02,4.991286600000000249e+02
4.526420930434782690e+02,4.991286600000000249e+02
4.544281155675676018e+02,4.991286600000000249e+02
4.545970103971119443e+02,4.991286600000000249e+02
4.555691855135135029e+02,4.991286600000000249e+02
4.708909300000000258e+02,5.259096700000000055e+02
4.567102554594594608e+02,5.161396499999999605e+02
4.568832696750902187e+02,5.161396499999999605e+02
4.578513254054054187e+02,5.161396499999999605e+02
4.572311786956521473e+02,5.161396499999999605e+02
4.589923953513513197e+02,5.161396499999999605e+02
4.591695289530686068e+02,5.161396499999999605e+02
4.601334652972972776e+02,5.161396499999999605e+02
4.777955299999999852e+02,5.276473399999999856e+02
4.612745352432432355e+02,5.161396499999999605e+02
4.614557882310469381e+02,5.161396499999999605e+02
4.624156051891891934e+02,5.161396499999999605e+02
4.618202643478260825e+02,5.161396499999999605e+02
4.635566751351351513e+02,5.208441000000000258e+02
4.637420475090252694e+02,5.208441000000000258e+02
4.646977450810810524e+02,5.208441000000000258e+02
4.845700699999999870e+02,5.230144000000000233e+02
4.658388150270270103e+02,5.208441000000000258e+02
4.660283067870036007e+02,5.208441000000000258e+02
4.669798849729729682e+02,5.208441000000000258e+02
4.664093500000000176e+02,5.208441000000000258e+02
4.681209549189189261e+02,5.208441000000000258e+02
4.683145660649819320e+02,5.208441000000000258e+02
4.692620248648648840e+02,5.208441000000000258e+02
4.924778400000000147e+02,5.033525399999999763e+02
4.704030948108107850e+02,5.259096700000000055e+02
4.706008253429603201e+02,5.259096700000000055e+02
4.715441647567567429e+02,5.259096700000000055e+02
4.709984356521738960e+02,5.259096700000000055e+02
4.726852347027027008e+02,5.259096700000000055e+02
4.728870846209385945e+02,5.259096700000000055e+02
4.738263046486486587e+02,5.259096700000000055e+02
5.034026999999999816e+02,4.663488800000000083e+02
4.749673745945946166e+02,5.276473399999999856e+02
4.751733438989169827e+02,5.276473399999999856e+02
4.761084445405405177e+02,5.276473399999999856e+02
4.755875213043478311e+02,5.276473399999999856e+02
4.772495144864864756e+02,5.276473399999999856e+02
4.774596031768953139e+02,5.276473399999999856e+02
4.783905844324324335e+02,5.276473399999999856e+02
5.125534999999999854e+02,4.338584000000000174e+02
4.795316543783783914e+02,5.276473399999999856e+02
4.797458624548736452e+02,5.276473399999999856e+02
4.806727243243243493e+02,5.276473399999999856e+02
4.801766069565217094e+02,5.276473399999999856e+02
4.818137942702702503e+02,5.276473399999999856e+02
4.820321217328519765e+02,5.276473399999999856e+02
4.829548642162162082e+02,5.276473399999999856e+02
5.227640400000000227e+02,3.918896500000000174e+02
4.840959341621621661e+02,5.230144000000000233e+02
4.843183810108303078e+02,5.230144000000000233e+02
4.852370041081080672e+02,5.230144000000000233e+02
4.847656926086956446e+02,5.230144000000000233e+02
4.863780740540540251e+02,5.230144000000000233e+02
4.866046402888086391e+02,5.230144000000000233e+02
4.875191439999999830e+02,5.230144000000000233e+02
5.295288000000000466e+02,3.658857399999999984e+02
4.886602139459459408e+02,5.033525399999999763e+02
4.888908995667869704e+02,5.033525399999999763e+02
4.898012838918918987e+02,5.033525399999999763e+02
4.893547782608695798e+02,5.033525399999999763e+02
4.909423538378377998e+02,5.033525399999999763e+02
4.911771588447653585e+02,5.033525399999999763e+02
4.920834237837838145e+02,5.033525399999999763e+02
5.382867400000000089e+02,3.319463000000000079e+02
4.932244937297297156e+02,5.033525399999999763e+02
4.934634181227436329e+02,5.033525399999999763e+02
4.943655636756756735e+02,5.033525399999999763e+02
4.939438639130434581e+02,5.033525399999999763e+02
4.955066336216216314e+02,5.033525399999999763e+02
4.957496774007220210e+02,5.033525399999999763e+02
4.966477035675675324e+02,5.033525399999999763e+02
5.451994600000000446e+02,3.105507799999999747e+02
4.977887735135134903e+02,4.663488800000000083e+02
4.980359366787003523e+02,4.663488800000000083e+02
4.989298434594594482e+02,4.663488800000000083e+02
4.985329495652173932e+02,4.663488800000000083e+02
5.000709134054054061e+02,4.663488800000000083e+02
5.003221959566786836e+02,4.663488800000000083e+02
5.012119833513513640e+02,4.663488800000000083e+02
5.505486499999999523e+02,2.793106700000000160e+02
5.023530532972972651e+02,4.663488800000000083e+02
5.026084552346570149e+02,4.663488800000000083e+02
5.034941232432432230e+02,4.663488800000000083e+02
5.031220352173912715e+02,4.663488800000000083e+02
5.046351931891891809e+02,4.663488800000000083e+02
5.048947145126353462e+02,4.663488800000000083e+02
5.057762631351350819e+02,4.663488800000000083e+02
5.524056399999999485e+02,2.713758500000000140e+02
5.069173330810810967e+02,4.663488800000000083e+02
5.071809737906137343e+02,4.663488800000000083e+02
5.080584030270269977e+02,4.663488800000000083e+02
5.077111208695652067e+02,4.663488800000000083e+02
5.091994729729729556e+02,4.663488800000000083e+02
5.094672330685920087e+02,4.663488800000000083e+02
5.103405429189189135e+02,4.663488800000000083e+02
5.542974000000000387e+02,2.655388199999999870e+02
5.114816128648648146e+02,4.338584000000000174e+02
5.117534923465703969e+02,4.338584000000000174e+02
5.126226828108108293e+02,4.338584000000000174e+02
5.123002065217391419e+02,4.338584000000000174e+02
5.137637527567567304e+02,4.338584000000000174e+02
5.140397516245486713e+02,4.338584000000000174e+02
5.149048227027026314e+02,4.338584000000000174e+02
5.542974000000000387e+02,2.655388199999999870e+02
5.160458926486486462e+02,4.338584000000000174e+02
5.163260109025270594e+02,4.338584000000000174e+02
5.171869625945945472e+02,4.338584000000000174e+02
5.168892921739129633e+02,4.338584000000000174e+02
5.183280325405405620e+02,4.338584000000000174e+02
5.186122701805054476e+02,4.338584000000000174e+02
5.194691024864864630e+02,4.338584000000000174e+02
5.992827999999999520e+02,4.387970000000000255e+02
5.206101724324323641e+02,3.918896500000000174e+02
5.208985294584837220e+02,3.918896500000000174e+02
5.217512423783783788e+02,3.918896500000000174e+02
5.214783778260868985e+02,3.918896500000000174e+02
5.228923123243242799e+02,3.918896500000000174e+02
5.231847887364621101e+02,3.918896500000000174e+02
5.240333822702702946e+02,3.918896500000000174e+02
5.992827999999999520e+02,4.387970000000000255e+02
5.251744522162161957e+02,3.918896500000000174e+02
5.254710480144403846e+02,3.918896500000000174e+02
5.263155221621620967e+02,3.918896500000000174e+02
5.260674634782608337e+02,3.918896500000000174e+02
5.274565921081081115e+02,3.918896500000000174e+02
5.277573072924187727e+02,3.918896500000000174e+02
5.285976620540540125e+02,3.918896500000000174e+02
5.992827999999999520e+02,4.387970000000000255e+02
5.297387320000000273e+02,3.658857399999999984e+02
5.300435665703971608e+02,3.658857399999999984e+02
5.308798019459459283e+02,3.658857399999999984e+02
5.306565491304347688e+02,3.658857399999999984e+02
5.320208718918918294e+02,3.658857399999999984e+02
5.323298258483754353e+02,3.658857399999999984e+02
5.331619418378378441e+02,3.658857399999999984e+02
5.779931599999999889e+02,4.604723999999999933e+02
5.343030117837837452e+02,3.319463000000000079e+02
5.346160851263537097e+02,3.319463000000000079e+02
5.354440817297297599e+02,3.319463000000000079e+02
5.352456347826087040e+02,3.319463000000000079e+02
5.365851516756756610e+02,3.319463000000000079e+02
5.369023444043320978e+02,3.319463000000000079e+02
5.377262216216215620e+02,3.319463000000000079e+02
5.642347399999999880e+02,4.862285200000000032e+02
5.388672915675675767e+02,3.319463000000000079e+02
5.391886036823104860e+02,3.319463000000000079e+02
5.400083615135134778e+02,3.319463000000000079e+02
5.398347204347826391e+02,3.319463000000000079e+02
5.411494314594594925e+02,3.319463000000000079e+02
5.414748629602887604e+02,3.319463000000000079e+02
5.422905014054053936e+02,3.319463000000000079e+02
5.603573999999999842e+02,5.136844499999999698e+02
5.434315713513512947e+02,3.105507799999999747e+02
5.437611222382671485e+02,3.105507799999999747e+02
5.445726412972973094e+02,3.105507799999999747e+02
5.444238060869565743e+02,3.105507799999999747e+02
5.457137112432432104e+02,3.105507799999999747e+02
5.460473815162454230e+02,3.105507799999999747e+02
5.468547811891892252e+02,3.105507799999999747e+02
5.621277999999999793e+02,5.291275600000000168e+02
5.479958511351351262e+02,2.793106700000000160e+02
5.483336407942238111e+02,2.793106700000000160e+02
5.491369210810810273e+02,2.793106700000000160e+02
5.490128917391303958e+02,2.793106700000000160e+02
5.502779910270270420e+02,2.793106700000000160e+02
5.506199000722021992e+02,2.793106700000000160e+02
5.514190609729729431e+02,2.793106700000000160e+02
5.657159000000000333e+02,5.393999999999999773e+02
5.525601309189189578e+02,2.713758500000000140e+02
5.529061593501804737e+02,2.713758500000000140e+02
5.537012008648648589e+02,2.655388199999999870e+02
5.536019773913043309e+02,2.655388199999999870e+02
5.548422708108107599e+02,2.655388199999999870e+02
5.551924186281588618e+02,2.655388199999999870e+02
5.559833407567567747e+02,2.655388199999999870e+02
5.667353500000000395e+02,5.399832999999999856e+02
5.571244107027026757e+02,5.136844499999999698e+02
5.574786779061371362e+02,5.136844499999999698e+02
5.582654806486486905e+02,5.136844499999999698e+02
5.581910630434782661e+02,5.136844499999999698e+02
5.594065505945945915e+02,5.136844499999999698e+02
5.597649371841155244e+02,5.136844499999999698e+02
5.605476205405404926e+02,5.136844499999999698e+02
5.705997999999999593e+02,5.432165499999999838e+02
5.616886904864863936e+02,5.291275600000000168e+02
5.620511964620937988e+02,5.291275600000000168e+02
5.628297604324324084e+02,5.291275600000000168e+02
5.627801486956520876e+02,5.291275600000000168e+02
5.639708303783784231e+02,4.862285200000000032e+02
5.643374557400721869e+02,4.862285200000000032e+02
5.651119003243243242e+02,5.393999999999999773e+02
5.779053300000000490e+02,5.416777299999999968e+02
5.662529702702702252e+02,5.399832999999999856e+02
5.666237150180504614e+02,5.399832999999999856e+02
5.673940402162161263e+02,5.399832999999999856e+02
5.673692343478260227e+02,5.399832999999999856e+02
5.685351101621621410e+02,5.399832999999999856e+02
5.689099742960288495e+02,5.399832999999999856e+02
5.696761801081080421e+02,5.399832999999999856e+02
5.847900399999999763e+02,5.329737499999999955e+02
5.708172500540540568e+02,5.432165499999999838e+02
5.711962335740072376e+02,5.432165499999999838e+02
5.719583199999999579e+02,5.432165499999999838e+02
5.719583199999999579e+02,5.432165499999999838e+02
5.730993899459458589e+02,5.432165499999999838e+02
5.734824928519855121e+02,5.432165499999999838e+02
5.742404598918918737e+02,5.432165499999999838e+02
5.950666999999999689e+02,5.006256000000000199e+02
5.753815298378377747e+02,5.416777299999999968e+02
5.757687521299639002e+02,5.416777299999999968e+02
5.765225997837837895e+02,5.416777299999999968e+02
5.765474056521738930e+02,5.416777299999999968e+02
5.776636697297296905e+02,5.416777299999999968e+02
5.780550114079421746e+02,4.604723999999999933e+02
5.788047396756755916e+02,4.604723999999999933e+02
6.013573599999999715e+02,4.754111300000000142e+02
5.799458096216216063e+02,4.604723999999999933e+02
5.803412706859205628e+02,4.604723999999999933e+02
5.810868795675675074e+02,4.604723999999999933e+02
5.811364913043478282e+02,4.604723999999999933e+02
5.822279495135135221e+02,4.604723999999999933e+02
5.826275299638989509e+02,4.604723999999999933e+02
5.833690194594594232e+02,4.604723999999999933e+02
6.046929300000000467e+02,4.597806400000000053e+02
5.845100894054053242e+02,5.329737499999999955e+02
5.849137892418772253e+02,5.329737499999999955e+02
5.856511593513513390e+02,5.329737499999999955e+02
5.857255769565217633e+02,5.329737499999999955e+02
5.867922292972972400e+02,5.329737499999999955e+02
5.872000485198554998e+02,5.329737499999999955e+02
5.879332992432432548e+02,5.329737499999999955e+02
6.052807999999999993e+02,4.547970000000000255e+02
5.890743691891891558e+02,5.006256000000000199e+02
5.894863077978338879e+02,5.006256000000000199e+02
5.902154391351350569e+02,5.006256000000000199e+02
5.903146626086955848e+02,5.006256000000000199e+02
5.913565090810810716e+02,5.006256000000000199e+02
5.917725670758122760e+02,5.006256000000000199e+02
5.924975790270269727e+02,5.006256000000000199e+02
6.052807999999999993e+02,4.529360399999999913e+02
5.936386489729729874e+02,5.006256000000000199e+02
5.940588263537905505e+02,5.006256000000000199e+02
5.947797189189188884e+02,5.006256000000000199e+02
5.949037482608695200e+02,5.006256000000000199e+02
5.959207888648647895e+02,5.006256000000000199e+02
5.963450856317689386e+02,5.006256000000000199e+02
5.970618588108108042e+02,5.006256000000000199e+02
6.064548999999999523e+02,4.571868999999999801e+02
5.982029287567567053e+02,4.387970000000000255e+02
5.986313449097472130e+02,4.387970000000000255e+02
5.993439987027027200e+02,4.387970000000000255e+02
5.994928339130434551e+02,4.387970000000000255e+02
6.004850686486486211e+02,4.754111300000000142e+02
6.009176041877256012e+02,4.754111300000000142e+02
6.016261385945945221e+02,4.754111300000000142e+02
6.096897000000000162e+02,4.738589999999999804e+02
6.027672085405405369e+02,4.597806400000000053e+02
6.032038634657039893e+02,4.597806400000000053e+02
6.039082784864864379e+02,4.597806400000000053e+02
6.040819195652173903e+02,4.597806400000000053e+02
6.050493484324324527e+02,4.547970000000000255e+02
6.054901227436822637e+02,4.529360399999999913e+02
6.061904183783783537e+02,4.571868999999999801e+02
6.162441000000000031e+02,4.813860999999999990e+02
6.073314883243242548e+02,4.738589999999999804e+02
6.077763820216606518e+02,4.738589999999999804e+02
6.084725582702702695e+02,4.738589999999999804e+02
6.086710052173912118e+02,4.738589999999999804e+02
6.096136282162161706e+02,4.738589999999999804e+02
6.100626412996389263e+02,4.738589999999999804e+02
6.107546981621621853e+02,4.738589999999999804e+02
6.236707000000000107e+02,4.915677499999999895e+02
6.118957681081080864e+02,4.813860999999999990e+02
6.123489005776173144e+02,4.813860999999999990e+02
6.130368380540539874e+02,4.813860999999999990e+02
6.132600908695651469e+02,4.813860999999999990e+02
6.141779080000000022e+02,4.813860999999999990e+02
6.146351598555955889e+02,4.813860999999999990e+02
6.153189779459459032e+02,4.813860999999999990e+02
6.306825599999999667e+02,5.013365499999999884e+02
6.164600478918919180e+02,4.813860999999999990e+02
6.169214191335739770e+02,4.813860999999999990e+02
6.176011178378378190e+02,4.813860999999999990e+02
6.178491765217390821e+02,4.813860999999999990e+02
6.187421877837837201e+02,4.813860999999999990e+02
6.192076784115522514e+02,4.813860999999999990e+02
6.198832577297296211e+02,4.813860999999999990e+02
6.414244999999999663e+02,5.087106999999999744e+02
6.210243276756756359e+02,4.915677499999999895e+02
6.214939376895306395e+02,4.915677499999999895e+02
6.221653976216216506e+02,4.915677499999999895e+02
6.224382621739130173e+02,4.915677499999999895e+02
6.233064675675675517e+02,4.915677499999999895e+02
6.237801969675090277e+02,4.915677499999999895e+02
6.244475375135134527e+02,4.915677499999999895e+02
6.568110000000000355e+02,5.090690999999999917e+02
6.255886074594593538e+02,4.915677499999999895e+02
6.260664562454873021e+02,4.915677499999999895e+02
6.267296774054053685e+02,4.915677499999999895e+02
6.270273478260869524e+02,4.915677499999999895e+02
6.278707473513513833e+02,4.915677499999999895e+02
6.283527155234656902e+02,4.915677499999999895e+02
6.290118172972972843e+02,4.915677499999999895e+02
6.726150999999999840e+02,5.016274399999999787e+02
6.301528872432431854e+02,5.013365499999999884e+02
6.306389748014439647e+02,5.013365499999999884e+02
6.312939571891890864e+02,5.013365499999999884e+02
6.316164334782608876e+02,5.013365499999999884e+02
6.324350271351351012e+02,5.013365499999999884e+02
6.329252340794223528e+02,5.013365499999999884e+02
6.335760970810811159e+02,5.013365499999999884e+02
6.875501000000000431e+02,4.912216799999999921e+02
6.347171670270270170e+02,5.087106999999999744e+02
6.352114933574007409e+02,5.087106999999999744e+02
6.358582369729729180e+02,5.087106999999999744e+02
6.362055191304348227e+02,5.087106999999999744e+02
6.369993069189188191e+02,5.087106999999999744e+02
6.374977526353790154e+02,5.087106999999999744e+02
6.381403768648648338e+02,5.087106999999999744e+02
7.010991000000000213e+02,4.811346399999999903e+02
6.392814468108108485e+02,5.087106999999999744e+02
6.397840119133572898e+02,5.087106999999999744e+02
6.404225167567567496e+02,5.087106999999999744e+02
6.407946047826086442e+02,5.087106999999999744e+02
6.415635867027026507e+02,5.087106999999999744e+02
6.420702711913356779e+02,5.087106999999999744e+02
6.427046566486485517e+02,5.087106999999999744e+02
7.135457999999999856e+02,4.692319299999999771e+02
6.438457265945945664e+02,5.087106999999999744e+02
6.443565304693140661e+02,5.087106999999999744e+02
6.449867965405405812e+02,5.087106999999999744e+02
6.453836904347825794e+02,5.087106999999999744e+02
6.461278664864864822e+02,5.087106999999999744e+02
6.466427897472924542e+02,5.087106999999999744e+02
6.472689364324323833e+02,5.087106999999999744e+02
7.264745500000000220e+02,4.536252400000000193e+02
6.484100063783782844e+02,5.090690999999999917e+02
6.489290490252707286e+02,5.090690999999999917e+02
6.495510763243242991e+02,5.090690999999999917e+02
6.499727760869564008e+02,5.090690999999999917e+02
6.506921462702702001e+02,5.090690999999999917e+02
6.512153083032490031e+02,5.090690999999999917e+02
6.518332162162162149e+02,5.090690999999999917e+02
7.367655600000000504e+02,4.427186300000000188e+02
6.529742861621621159e+02,5.090690999999999917e+02
6.535015675812273912e+02,5.090690999999999917e+02
6.541153561081080170e+02,5.090690999999999917e+02
6.545618617391303360e+02,5.090690999999999917e+02
6.552564260540540317e+02,5.090690999999999917e+02
6.557878268592057793e+02,5.090690999999999917e+02
6.563974959999999328e+02,5.090690999999999917e+02
7.433241000000000440e+02,4.365719000000000278e+02
6.575385659459459475e+02,5.090690999999999917e+02
6.580740861371840538e+02,5.090690999999999917e+02
6.586796358918918486e+02,5.090690999999999917e+02
6.591509473913042712e+02,5.090690999999999917e+02
6.598207058378377496e+02,5.090690999999999917e+02
6.603603454151623282e+02,5.090690999999999917e+02
6.609617757837836507e+02,5.090690999999999917e+02
7.455184299999999666e+02,4.329625199999999836e+02
6.621028457297296654e+02,5.090690999999999917e+02
6.626466046931407163e+02,5.090690999999999917e+02
6.632439156756756802e+02,5.090690999999999917e+02
6.637400330434782063e+02,5.090690999999999917e+02
6.643849856216215812e+02,5.090690999999999917e+02
6.649328639711191045e+02,5.090690999999999917e+02
6.655260555675674823e+02,5.090690999999999917e+02
7.462349000000000387e+02,4.316889600000000087e+02
6.666671255135133833e+02,5.016274399999999787e+02
6.672191232490974926e+02,5.016274399999999787e+02
6.678081954594593981e+02,5.016274399999999787e+02
6.683291186956521415e+02,5.016274399999999787e+02
6.689492654054054128e+02,5.016274399999999787e+02
6.695053825270757670e+02,5.016274399999999787e+02
6.700903353513513139e+02,5.016274399999999787e+02
7.460139000000000351e+02,4.320817999999999870e+02
6.712314052972972149e+02,5.016274399999999787e+02
6.717916418050540415e+02,5.016274399999999787e+02
6.723724752432431160e+02,5.016274399999999787e+02
6.729182043478260766e+02,5.016274399999999787e+02
6.735135451891891307e+02,5.016274399999999787e+02
6.740779010830324296e+02,5.016274399999999787e+02
6.746546151351351455e+02,5.016274399999999787e+02
7.432102700000000368e+02,4.379766799999999876e+02
6.757956850810810465e+02,5.016274399999999787e+02
6.763641603610108177e+02,5.016274399999999787e+02
6.769367550270269476e+02,5.016274399999999787e+02
6.775072900000000118e+02,5.016274399999999787e+02
6.780778249729728486e+02,5.016274399999999787e+02
6.786504196389890922e+02,5.016274399999999787e+02
6.792188949189188634e+02,5.016274399999999787e+02
7.377718999999999596e+02,4.532588999999999828e+02
6.803599648648648781e+02,4.912216799999999921e+02
6.809366789169674803e+02,4.912216799999999921e+02
6.815010348108107792e+02,4.912216799999999921e+02
6.820963756521739469e+02,4.912216799999999921e+02
6.826421047567566802e+02,4.912216799999999921e+02
6.832229381949457547e+02,4.912216799999999921e+02
6.837831747027025813e+02,4.912216799999999921e+02
7.338996600000000399e+02,4.678477800000000002e+02
6.849242446486485960e+02,4.912216799999999921e+02
6.855091974729241429e+02,4.912216799999999921e+02
6.860653145945946108e+02,4.912216799999999921e+02
6.866854613043477684e+02,4.912216799999999921e+02
6.872063845405405118e+02,4.912216799999999921e+02
6.877954567509025310e+02,4.912216799999999921e+02
6.883474544864864129e+02,4.912216799999999921e+02
7.309080000000000155e+02,4.819736300000000142e+02
6.894885244324323139e+02,4.912216799999999921e+02
6.900817160288808054e+02,4.912216799999999921e+02
6.906295943783783287e+02,4.912216799999999921e+02
6.912745469565217036e+02,4.912216799999999921e+02
6.917706643243243434e+02,4.912216799999999921e+02
6.923679753068590799e+02,4.912216799999999921e+02
6.929117342702702445e+02,4.912216799999999921e+02
7.279148999999999887e+02,4.988666999999999803e+02
6.940528042162161455e+02,4.811346399999999903e+02
6.946542345848374680e+02,4.811346399999999903e+02
6.951938741621620466e+02,4.811346399999999903e+02
6.958636326086955251e+02,4.811346399999999903e+02
6.963349441081080613e+02,4.811346399999999903e+02
6.969404938628158561e+02,4.811346399999999903e+02
6.974760140540540760e+02,4.811346399999999903e+02
7.267413000000000238e+02,5.086908000000000243e+02
6.986170839999999771e+02,4.811346399999999903e+02
6.992267531407942442e+02,4.811346399999999903e+02
6.997581539459458781e+02,4.811346399999999903e+02
7.004527182608694602e+02,4.811346399999999903e+02
7.008992238918917792e+02,4.811346399999999903e+02
7.015130124187725187e+02,4.811346399999999903e+02
7.020402938378377939e+02,4.811346399999999903e+02
7.277419399999999996e+02,5.125461400000000367e+02
7.031813637837838087e+02,4.811346399999999903e+02
7.037992716967507931e+02,4.811346399999999903e+02
7.043224337297297097e+02,4.811346399999999903e+02
7.050418039130433954e+02,4.811346399999999903e+02
7.054635036756756108e+02,4.811346399999999903e+02
7.060855309747291813e+02,4.811346399999999903e+02
7.066045736216215118e+02,4.811346399999999903e+02
7.298977700000000368e+02,5.135012000000000398e+02
7.077456435675675266e+02,4.692319299999999771e+02
7.083717902527075694e+02,4.692319299999999771e+02
7.088867135135134276e+02,4.692319299999999771e+02
7.096308895652173305e+02,4.692319299999999771e+02
7.100277834594594424e+02,4.692319299999999771e+02
7.106580495306858438e+02,4.692319299999999771e+02
7.111688534054053434e+02,4.692319299999999771e+02
7.341317999999999984e+02,5.153478999999999814e+02
7.123099233513512445e+02,4.692319299999999771e+02
7.129443088086641183e+02,4.692319299999999771e+02
7.134509932972972592e+02,4.692319299999999771e+02
7.142199752173912657e+02,4.692319299999999771e+02
7.145920632432431603e+02,4.692319299999999771e+02
7.152305680866425064e+02,4.692319299999999771e+02
7.157331331891891750e+02,4.692319299999999771e+02
7.410598999999999705e+02,5.141106999999999516e+02
7.168742031351350761e+02,4.692319299999999771e+02
7.175168273646208945e+02,4.692319299999999771e+02
7.180152730810809771e+02,4.692319299999999771e+02
7.188090608695652008e+02,4.692319299999999771e+02
7.191563430270269919e+02,4.692319299999999771e+02
7.198030866425992826e+02,4.692319299999999771e+02
7.202974129729728929e+02,4.692319299999999771e+02
7.471936600000000226e+02,5.099135699999999929e+02
7.214384829189189077e+02,4.536252400000000193e+02
7.220893459205775571e+02,4.536252400000000193e+02
7.225795528648648087e+02,4.536252400000000193e+02
7.233981465217391360e+02,4.536252400000000193e+02
7.237206228108107098e+02,4.536252400000000193e+02
7.243756051985558315e+02,4.536252400000000193e+02
7.248616927567566108e+02,4.536252400000000193e+02
7.529873999999999796e+02,5.023165300000000002e+02
7.260027627027026256e+02,4.536252400000000193e+02
7.266618644765342196e+02,5.086908000000000243e+02
7.271438326486486403e+02,5.086908000000000243e+02
7.279872321739130712e+02,4.988666999999999803e+02
7.282849025945945414e+02,4.988666999999999803e+02
7.289481237545126078e+02,5.135012000000000398e+02
7.294259725405404424e+02,5.135012000000000398e+02
7.579026000000000067e+02,4.944680200000000241e+02
7.305670424864863435e+02,4.819736300000000142e+02
7.312343830324909959e+02,4.819736300000000142e+02
7.317081124324323582e+02,4.819736300000000142e+02
7.325763178260868926e+02,4.678477800000000002e+02
7.328491823783783730e+02,4.678477800000000002e+02
7.335206423104692703e+02,4.678477800000000002e+02
7.339902523243242740e+02,4.678477800000000002e+02
7.656127300000000560e+02,4.815830000000000268e+02
7.351313222702701751e+02,4.427186300000000188e+02
7.358069015884475448e+02,4.427186300000000188e+02
7.362723922162160761e+02,4.427186300000000188e+02
7.371654034782608278e+02,4.427186300000000188e+02
7.374134621621620909e+02,4.427186300000000188e+02
7.380931608664259329e+02,4.532588999999999828e+02
7.385545321081081056e+02,4.532588999999999828e+02
7.701576000000000022e+02,4.663737800000000107e+02
7.396956020540540067e+02,5.141106999999999516e+02
7.403794201444043210e+02,5.141106999999999516e+02
7.408366719999999077e+02,5.141106999999999516e+02
7.417544891304346493e+02,5.141106999999999516e+02
7.419777419459458088e+02,5.141106999999999516e+02
7.426656794223825955e+02,4.379766799999999876e+02
7.431188118918918235e+02,4.379766799999999876e+02
7.708860499999999547e+02,4.514384800000000268e+02
7.442598818378378382e+02,4.329625199999999836e+02
7.449519387003608699e+02,4.329625199999999836e+02
7.454009517837837393e+02,4.329625199999999836e+02
7.463435747826085844e+02,4.316889600000000087e+02
7.465420217297296404e+02,4.316889600000000087e+02
7.472381979783392580e+02,5.099135699999999929e+02
7.476830916756755414e+02,5.099135699999999929e+02
7.698364000000000260e+02,4.420445599999999899e+02
7.488241616216215562e+02,5.023165300000000002e+02
7.495244572563176462e+02,5.023165300000000002e+02
7.499652315675675709e+02,5.023165300000000002e+02
7.509326604347825196e+02,5.023165300000000002e+02
7.511063015135134719e+02,5.023165300000000002e+02
7.518107165342960343e+02,5.023165300000000002e+02
7.522473714594593730e+02,5.023165300000000002e+02
7.687969399999999496e+02,4.372664800000000014e+02
7.533884414054052741e+02,5.023165300000000002e+02
7.540969758122743087e+02,5.023165300000000002e+02
7.545295113513512888e+02,5.023165300000000002e+02
7.555217460869564547e+02,4.944680200000000241e+02
7.556705812972973035e+02,4.944680200000000241e+02
7.563832350902525832e+02,4.944680200000000241e+02
7.568116512432432046e+02,4.944680200000000241e+02
7.687276000000000522e+02,4.343956299999999828e+02
7.579527211891891056e+02,4.944680200000000241e+02
7.586694943682309713e+02,4.944680200000000241e+02
7.590937911351350067e+02,4.944680200000000241e+02
7.601108317391303899e+02,4.944680200000000241e+02
7.602348610810810214e+02,4.944680200000000241e+02
7.609557536462093594e+02,4.944680200000000241e+02
7.613759310270270362e+02,4.944680200000000241e+02
7.682278000000000020e+02,4.325466299999999933e+02
7.625170009729729372e+02,4.815830000000000268e+02
7.632420129241876339e+02,4.815830000000000268e+02
7.636580709189188383e+02,4.815830000000000268e+02
7.646999173913043251e+02,4.815830000000000268e+02
7.647991408648647393e+02,4.815830000000000268e+02
7.655282722021660220e+02,4.815830000000000268e+02
7.659402108108107541e+02,4.815830000000000268e+02
7.677278999999999769e+02,4.306972700000000032e+02
7.670812807567567688e+02,4.306972700000000032e+02
7.678145314801442964e+02,4.306972700000000032e+02
7.682223507027026699e+02,4.325466299999999933e+02
7.692890030434782602e+02,4.319264000000000010e+02
7.693634206486485709e+02,4.319264000000000010e+02
7.701007907581226846e+02,4.663737800000000107e+02
7.705044905945944720e+02,4.663737800000000107e+02
7.689947499999999536e+02,4.319264000000000010e+02
7.716455605405404867e+02,4.394005000000000223e+02
7.723870500361010727e+02,4.394005000000000223e+02
7.727866304864863878e+02,4.394005000000000223e+02
7.738780886956520817e+02,4.394005000000000223e+02
7.739277004324324025e+02,4.394005000000000223e+02
7.746733093140793471e+02,4.394005000000000223e+02
7.750687703783783036e+02,4.394005000000000223e+02
7.762327000000000226e+02,4.394005000000000223e+02
7.762098403243242046e+02,4.394005000000000223e+02
7.769595685920576216e+02,4.394005000000000223e+02
7.773509102702702194e+02,4.394005000000000223e+02
7.784671743478260169e+02,4.394005000000000223e+02
7.784919802162161204e+02,4.394005000000000223e+02
7.792458278700360097e+02,4.394005000000000223e+02
7.796330501621621352e+02,4.394005000000000223e+02
7.859219000000000506e+02,4.576773699999999963e+02
7.807741201081080362e+02,4.576773699999999963e+02
7.815320871480143978e+02,4.576773699999999963e+02
7.819151900540539373e+02,4.576773699999999963e+02
7.830562599999999520e+02,4.576773699999999963e+02
7.830562599999999520e+02,4.576773699999999963e+02
7.838183464259927860e+02,4.576773699999999963e+02
7.841973299459458531e+02,4.576773699999999963e+02
7.925122999999999820e+02,4.708669399999999996e+02
7.853383998918918678e+02,4.576773699999999963e+02
7.861046057039710604e+02,4.576773699999999963e+02
7.864794698378377689e+02,4.576773699999999963e+02
7.876453456521737735e+02,5.771817600000000539e+02
7.876205397837836699e+02,5.771817600000000539e+02
7.883908649819493348e+02,5.771817600000000539e+02
7.887616097297295710e+02,5.771817600000000539e+02
8.016570400000000518e+02,4.912687999999999988e+02
7.899026796756755857e+02,5.942219000000000051e+02
7.906771242599277230e+02,5.993564499999999953e+02
7.910437496216216005e+02,5.993564499999999953e+02
7.922344313043477086e+02,4.708669399999999996e+02
7.921848195675675015e+02,4.708669399999999996e+02
7.929633835379061111e+02,5.511055999999999813e+02
7.933258895135134026e+02,5.511055999999999813e+02
8.088913599999999633e+02,5.155442000000000462e+02
7.944669594594593036e+02,5.981136500000000069e+02
7.952496428158843855e+02,5.981136500000000069e+02
7.956080294054053184e+02,5.981136500000000069e+02
7.968235169565216438e+02,5.981136500000000069e+02
7.967490993513513331e+02,5.981136500000000069e+02
7.975359020938626600e+02,5.981136500000000069e+02
7.978901692972972342e+02,5.981136500000000069e+02
8.123481399999999439e+02,5.319198999999999842e+02
7.990312392432431352e+02,5.207890599999999495e+02
7.998221613718410481e+02,5.207890599999999495e+02
8.001723091891890363e+02,5.207890599999999495e+02
8.014126026086955790e+02,4.912687999999999988e+02
8.013133791351350510e+02,4.912687999999999988e+02
8.021084206498194362e+02,5.927721000000000231e+02
8.024544490810810657e+02,5.927721000000000231e+02
8.137129499999999780e+02,5.612752699999999777e+02
8.035955190270269668e+02,4.916922599999999761e+02
8.043946799277978243e+02,4.916922599999999761e+02
8.047365889729728679e+02,4.916922599999999761e+02
8.060016882608695141e+02,4.916922599999999761e+02
8.058776589189187689e+02,4.916922599999999761e+02
8.066809392057760988e+02,4.916922599999999761e+02
8.070187288648647836e+02,5.862609999999999673e+02
8.118514000000000124e+02,5.785273399999999810e+02
8.081597988108107984e+02,5.155442000000000462e+02
8.089671984837543732e+02,5.155442000000000462e+02
8.093008687567566994e+02,5.155442000000000462e+02
8.105907739130434493e+02,5.785273399999999810e+02
8.104419387027026005e+02,5.785273399999999810e+02
8.112534577617327614e+02,5.785273399999999810e+02
8.115830086486485015e+02,5.785273399999999810e+02
8.072460300000000188e+02,5.862609999999999673e+02
8.127240785945945163e+02,5.319198999999999842e+02
8.135397170397111495e+02,5.612752699999999777e+02
8.138651485405405310e+02,5.612752699999999777e+02
8.151798595652173844e+02,4.653906200000000126e+02
8.150062184864864321e+02,4.653906200000000126e+02
8.158259763176894239e+02,4.653906200000000126e+02
8.161472884324323331e+02,4.653906200000000126e+02
8.019939000000000533e+02,5.927721000000000231e+02
8.172883583783782342e+02,4.653906200000000126e+02
8.181122355956678120e+02,4.653906200000000126e+02
8.184294283243242489e+02,4.653906200000000126e+02
8.197689452173912059e+02,4.653906200000000126e+02
8.195704982702702637e+02,4.653906200000000126e+02
8.203984948736460865e+02,4.653906200000000126e+02
8.207115682162161647e+02,4.653906200000000126e+02
7.969093000000000302e+02,5.981136500000000069e+02
8.218526381621620658e+02,4.417902799999999957e+02
8.226847541516244746e+02,4.417902799999999957e+02
8.229937081081079668e+02,4.417902799999999957e+02
8.243580308695651411e+02,4.417902799999999957e+02
8.241347780540539816e+02,4.417902799999999957e+02
8.249710134296028627e+02,4.417902799999999957e+02
8.252758479999999963e+02,4.417902799999999957e+02
7.928740999999999985e+02,6.005045000000000073e+02
8.264169179459458974e+02,4.285348999999999933e+02
8.272572727075811372e+02,4.285348999999999933e+02
8.275579878918917984e+02,4.285348999999999933e+02
8.289471165217390762e+02,4.285348999999999933e+02
8.286990578378376995e+02,4.285348999999999933e+02
8.295435319855594116e+02,4.285348999999999933e+02
8.298401277837837142e+02,4.285348999999999933e+02
7.910741600000000062e+02,5.993564499999999953e+02
8.309811977297296153e+02,4.285348999999999933e+02
8.318297912635377998e+02,4.285348999999999933e+02
8.321222676756756300e+02,4.285348999999999933e+02
8.335362021739128977e+02,4.285348999999999933e+02
8.332633376216215311e+02,4.285348999999999933e+02
8.341160505415161879e+02,4.285348999999999933e+02
8.344044075675674321e+02,4.285348999999999933e+02
7.897029999999999745e+02,5.942219000000000051e+02
8.355454775135134469e+02,4.285348999999999933e+02
8.364023098194945760e+02,4.285348999999999933e+02
8.366865474594593479e+02,4.285348999999999933e+02
8.381252878260868329e+02,4.285348999999999933e+02
8.378276174054053627e+02,4.285348999999999933e+02
8.386885690974728504e+02,4.285348999999999933e+02
8.389686873513512637e+02,4.285348999999999933e+02
7.882212500000000546e+02,5.771817600000000539e+02
8.401097572972971648e+02,4.191326999999999998e+02
8.409748283754511249e+02,4.191326999999999998e+02
8.412508272432431795e+02,4.191326999999999998e+02
8.427143734782607680e+02,4.191326999999999998e+02
8.423918971891890806e+02,4.191326999999999998e+02
8.432610876534295130e+02,4.191326999999999998e+02
8.435329671351350953e+02,4.191326999999999998e+02
7.930444300000000339e+02,5.511055999999999813e+02
8.446740370810809964e+02,4.164897500000000150e+02
8.455473469314079011e+02,4.164897500000000150e+02
8.458151070270268974e+02,4.164897500000000150e+02
8.473034591304347032e+02,4.164897500000000150e+02
8.469561769729727985e+02,4.164897500000000150e+02
8.478336062093861756e+02,4.164897500000000150e+02
8.480972469189188132e+02,4.164897500000000150e+02
7.985886000000000422e+02,5.207890599999999495e+02
8.492383168648648279e+02,4.164897500000000150e+02
8.501198654873644500e+02,4.167534200000000055e+02
8.503793868108107290e+02,4.167534200000000055e+02
8.518925447826086383e+02,4.167534200000000055e+02
8.515204567567566301e+02,4.167534200000000055e+02
8.524061247653428381e+02,4.167534200000000055e+02
8.526615267027025311e+02,4.167534200000000055e+02
8.062043999999999642e+02,4.916922599999999761e+02
8.538025966486485459e+02,4.273892799999999852e+02
8.546923840433212263e+02,4.273892799999999852e+02
8.549436665945945606e+02,4.273892799999999852e+02
8.564816304347825735e+02,4.273892799999999852e+02
8.560847365405404616e+02,4.273892799999999852e+02
8.569786433212996144e+02,4.273892799999999852e+02
8.572258064864863627e+02,4.273892799999999852e+02
8.154021599999999808e+02,4.653906200000000126e+02
8.583668764324322638e+02,4.411145000000000209e+02
8.592649025992778888e+02,4.411145000000000209e+02
8.595079463783782785e+02,4.411145000000000209e+02
8.610707160869565087e+02,4.411145000000000209e+02
8.606490163243242932e+02,4.411145000000000209e+02
8.615511618772561633e+02,4.411145000000000209e+02
8.617900862702701943e+02,4.411145000000000209e+02
8.241771999999999707e+02,4.417902799999999957e+02
8.629311562162160953e+02,4.480527299999999968e+02
8.638374211552345514e+02,4.480527299999999968e+02
8.640722261621619964e+02,4.480527299999999968e+02
8.656598017391303301e+02,4.480527299999999968e+02
8.652132961081080111e+02,4.480527299999999968e+02
8.661236804332129395e+02,4.480527299999999968e+02
8.663543660540540259e+02,4.480527299999999968e+02
8.334171000000000049e+02,4.285348999999999933e+02
8.674954359999999269e+02,4.516023000000000138e+02
8.684099397111912140e+02,4.516023000000000138e+02
8.686365059459458280e+02,4.516023000000000138e+02
8.702488873913042653e+02,4.516023000000000138e+02
8.697775758918917290e+02,4.516023000000000138e+02
8.706961989891696021e+02,4.516023000000000138e+02
8.709186458378377438e+02,4.516023000000000138e+02
8.433088400000000320e+02,4.191326999999999998e+02
8.720597157837837585e+02,4.516023000000000138e+02
8.729824582671478765e+02,4.516023000000000138e+02
8.732007857297296596e+02,4.516023000000000138e+02
8.748379730434780868e+02,4.516023000000000138e+02
8.743418556756755606e+02,4.516023000000000138e+02
8.752687175451262647e+02,4.516023000000000138e+02
8.754829256216214617e+02,4.516023000000000138e+02
8.484145499999999629e+02,4.164897500000000150e+02
8.766239955675673627e+02,4.525059800000000223e+02
8.775549768231046528e+02,4.525059800000000223e+02
8.777650655135134912e+02,4.525059800000000223e+02
8.794270586956520219e+02,4.525059800000000223e+02
8.789061354594593922e+02,4.525059800000000223e+02
8.798412361010830409e+02,4.525059800000000223e+02
8.800472054054052933e+02,4.525059800000000223e+02
8.509862000000000535e+02,4.167534200000000055e+02
8.811882753513511943e+02,4.525059800000000223e+02
8.821274953790612017e+02,4.525059800000000223e+02
8.823293452972970954e+02,4.525059800000000223e+02
8.840161443478259571e+02,4.525059800000000223e+02
8.834704152432432238e+02,4.525059800000000223e+02
8.844137546570395898e+02,4.525059800000000223e+02
8.846114851891891249e+02,4.525059800000000223e+02
8.548748000000000502e+02,4.273892799999999852e+02
8.857525551351350259e+02,4.525059800000000223e+02
8.867000139350179779e+02,4.525059800000000223e+02
8.868936250810809270e+02,4.525059800000000223e+02
8.886052299999998922e+02,4.525059800000000223e+02
8.880346950270268280e+02,4.525059800000000223e+02
8.889862732129963661e+02,4.525059800000000223e+02
8.891757649729729565e+02,4.525059800000000223e+02
8.603411999999999580e+02,4.411145000000000209e+02
8.903168349189188575e+02,4.525059800000000223e+02
8.912725324909745268e+02,4.525059800000000223e+02
8.914579048648647586e+02,4.525059800000000223e+02
8.931943156521738274e+02,4.525059800000000223e+02
8.925989748108106596e+02,4.525059800000000223e+02
8.935587917689529149e+02,4.525059800000000223e+02
8.937400447567565607e+02,4.525059800000000223e+02
8.636139500000000453e+02,4.480527299999999968e+02
8.948811147027026891e+02,4.491770000000000209e+02
8.958450510469313031e+02,4.491770000000000209e+02
8.960221846486485902e+02,4.491770000000000209e+02
8.977834013043477626e+02,4.491770000000000209e+02
8.971632545945944912e+02,4.491770000000000209e+02
8.981313103249096912e+02,4.491770000000000209e+02
8.983043245405403923e+02,4.491770000000000209e+02
8.707558599999999842e+02,4.516023000000000138e+02
8.994453944864862933e+02,4.491770000000000209e+02
9.004175696028880793e+02,4.491770000000000209e+02
9.005864644324324217e+02,4.491770000000000209e+02
9.023724869565216977e+02,4.491770000000000209e+02
9.017275343783783228e+02,4.491770000000000209e+02
9.027038288808662401e+02,4.491770000000000209e+02
9.028686043243242239e+02,4.491770000000000209e+02
8.847557000000000471e+02,4.525059800000000223e+02
9.040096742702701249e+02,4.491770000000000209e+02
9.049900881588446282e+02,4.491770000000000209e+02
9.051507442162160260e+02,4.491770000000000209e+02
9.069615726086956329e+02,4.491770000000000209e+02
9.062918141621621544e+02,4.491770000000000209e+02
9.072763474368230163e+02,4.491770000000000209e+02
9.074328841081080554e+02,4.491770000000000209e+02
9.029299300000000130e+02,4.491770000000000209e+02
9.085739540540539565e+02,4.491770000000000209e+02
9.095626067148014045e+02,4.491770000000000209e+02
9.097150239999998576e+02,4.491770000000000209e+02
9.115506582608695680e+02,4.491770000000000209e+02
9.108560939459457586e+02,4.491770000000000209e+02
9.118488659927797926e+02,4.491770000000000209e+02
9.119971638918918870e+02,4.491770000000000209e+02
9.204787000000000035e+02,4.485705600000000004e+02
9.131382338378377881e+02,4.485705600000000004e+02
9.141351252707579533e+02,4.485705600000000004e+02
9.142793037837836891e+02,4.485705600000000004e+02
9.161397439130432758e+02,4.485705600000000004e+02
9.154203737297295902e+02,4.485705600000000004e+02
9.164213845487363415e+02,4.485705600000000004e+02
9.165614436756754912e+02,4.485705600000000004e+02
9.363736000000000104e+02,4.494589799999999968e+02
9.177025136216216197e+02,4.485705600000000004e+02
9.187076438267147296e+02,4.485705600000000004e+02
9.188435835675675207e+02,4.485705600000000004e+02
9.207288295652172110e+02,4.485705600000000004e+02
9.199846535135134218e+02,4.485705600000000004e+02
9.209939031046931177e+02,4.485705600000000004e+02
9.211257234594593228e+02,4.485705600000000004e+02
9.489137600000000248e+02,4.543770799999999781e+02
9.222667934054052239e+02,4.485705600000000004e+02
9.232801623826712785e+02,4.485705600000000004e+02
9.234078633513513523e+02,4.485705600000000004e+02
9.253179152173911461e+02,4.485705600000000004e+02
9.245489332972972534e+02,4.485705600000000004e+02
9.255664216606496666e+02,4.485705600000000004e+02
9.256900032432431544e+02,4.485705600000000004e+02
9.615416000000000167e+02,4.644625199999999836e+02
9.268310731891890555e+02,5.397622000000000071e+02
9.278526809386280547e+02,5.397622000000000071e+02
9.279721431351349565e+02,5.397622000000000071e+02
9.299070008695650813e+02,5.397622000000000071e+02
9.291132130810810850e+02,5.397622000000000071e+02
9.301389402166064428e+02,5.397622000000000071e+02
9.302542830270269860e+02,5.397622000000000071e+02
9.698802500000000464e+02,4.737254599999999982e+02
9.313953529729728871e+02,5.397622000000000071e+02
9.324251994945848310e+02,5.397622000000000071e+02
9.325364229189187881e+02,5.397622000000000071e+02
9.344960865217390165e+02,5.397622000000000071e+02
9.336774928648646892e+02,5.397622000000000071e+02
9.347114587725629917e+02,5.397622000000000071e+02
9.348185628108105902e+02,5.397622000000000071e+02
9.809952399999999670e+02,5.082731999999999744e+02
9.359596327567567187e+02,5.632689000000000306e+02
9.369977180505413799e+02,4.494589799999999968e+02
9.371007027027026197e+02,4.494589799999999968e+02
9.390851721739129516e+02,5.136961700000000519e+02
9.382417726486485208e+02,5.136961700000000519e+02
9.392839773285197680e+02,5.136961700000000519e+02
9.393828425945944218e+02,5.136961700000000519e+02
9.766779999999999973e+02,5.306770000000000209e+02
9.405239125405403229e+02,5.136961700000000519e+02
9.415702366064981561e+02,5.136961700000000519e+02
9.416649824864864513e+02,5.136961700000000519e+02
9.436742578260868868e+02,5.791083999999999605e+02
9.428060524324323524e+02,5.791083999999999605e+02
9.438564958844763169e+02,5.791083999999999605e+02
9.439471223783782534e+02,5.791083999999999605e+02
9.661141400000000203e+02,5.657026399999999740e+02
9.450881923243241545e+02,5.791218000000000075e+02
9.461427551624547050e+02,5.791218000000000075e+02
9.462292622702700555e+02,5.791218000000000075e+02
9.482633434782608219e+02,5.791218000000000075e+02
9.473703322162161840e+02,5.791218000000000075e+02
9.484290144404330931e+02,5.791218000000000075e+02
9.485114021621620850e+02,5.791218000000000075e+02
9.589115000000000464e+02,5.724574999999999818e+02
9.496524721081079861e+02,4.543770799999999781e+02
9.507152737184114812e+02,4.543770799999999781e+02
9.507935420540538871e+02,4.543770799999999781e+02
9.528524291304347571e+02,4.919683800000000247e+02
9.519346119999997882e+02,4.919683800000000247e+02
9.530015329963898694e+02,4.919683800000000247e+02
9.530756819459459166e+02,4.919683800000000247e+02
9.488341699999999719e+02,5.791218000000000075e+02
9.542167518918918176e+02,4.919683800000000247e+02
9.552877922743680301e+02,4.919683800000000247e+02
9.553578218378377187e+02,4.919683800000000247e+02
9.574415147826086923e+02,5.724574999999999818e+02
9.564988917837836198e+02,5.724574999999999818e+02
9.575740515523464182e+02,5.724574999999999818e+02
9.576399617297295208e+02,5.724574999999999818e+02
9.433193400000000111e+02,5.791083999999999605e+02
9.587810316756756492e+02,5.724574999999999818e+02
9.598603108303248064e+02,5.724574999999999818e+02
9.599221016216215503e+02,5.724574999999999818e+02
9.620306004347824000e+02,4.644625199999999836e+02
9.610631715675674513e+02,4.644625199999999836e+02
9.621465701083031945e+02,4.644625199999999836e+02
9.622042415135133524e+02,4.644625199999999836e+02
9.358401000000000067e+02,5.632689000000000306e+02
9.633453114594592535e+02,5.657026399999999740e+02
9.644328293862815826e+02,5.657026399999999740e+02
9.644863814054053819e+02,5.657026399999999740e+02
9.666196860869563352e+02,5.657026399999999740e+02
9.656274513513512829e+02,5.657026399999999740e+02
9.667190886642597434e+02,5.657026399999999740e+02
9.667685212972971840e+02,5.657026399999999740e+02
9.347464999999999691e+02,5.397622000000000071e+02
9.679095912432430850e+02,4.737254599999999982e+02
9.690053479422381315e+02,4.737254599999999982e+02
9.690506611891889861e+02,4.737254599999999982e+02
9.712087717391302704e+02,4.737254599999999982e+02
9.701917311351351145e+02,4.737254599999999982e+02
9.712916072202165196e+02,4.737254599999999982e+02
9.713328010810810156e+02,4.737254599999999982e+02
9.411820000000000164e+02,5.136961700000000519e+02
9.724738710270269166e+02,5.306770000000000209e+02
9.735778664981949078e+02,5.306770000000000209e+02
9.736149409729728177e+02,5.306770000000000209e+02
9.757978573913042055e+02,5.306770000000000209e+02
9.747560109189187187e+02,5.306770000000000209e+02
9.758641257761730685e+02,5.306770000000000209e+02
9.758970808648648472e+02,5.306770000000000209e+02
9.540326999999999771e+02,4.919683800000000247e+02
9.770381508108107482e+02,5.306770000000000209e+02
9.781503850541514566e+02,4.479538600000000201e+02
9.781792207567566493e+02,4.479538600000000201e+02
9.803869430434781407e+02,5.082731999999999744e+02
9.793202907027025503e+02,5.082731999999999744e+02
9.804366443321298448e+02,5.082731999999999744e+02
9.804613606486484514e+02,5.082731999999999744e+02
9.780965599999999540e+02,4.479538600000000201e+02
9.816024305945945798e+02,5.082731999999999744e+02
9.827229036101082329e+02,5.082731999999999744e+02
9.827435005405404809e+02,5.082731999999999744e+02
9.849760286956520758e+02,4.350978999999999814e+02
9.838845704864863819e+02,4.350978999999999814e+02
9.850091628880866210e+02,4.350978999999999814e+02
9.850256404324322830e+02,4.350978999999999814e+02
9.888075000000000045e+02,4.350978999999999814e+02
9.861667103783781840e+02,4.350978999999999814e+02
9.872954221660647818e+02,4.350978999999999814e+02
9.873077803243243125e+02,4.350978999999999814e+02
9.895651143478260110e+02,4.350978999999999814e+02
9.884488502702702135e+02,4.350978999999999814e+02
9.895816814440431699e+02,4.350978999999999814e+02
9.895899202162161146e+02,4.350978999999999814e+02
9.941541999999999462e+02,4.272464600000000132e+02
9.907309901621620156e+02,4.272464600000000132e+02
9.918679407220215580e+02,4.272464600000000132e+02
9.918720601081079167e+02,4.272464600000000132e+02
9.941541999999999462e+02,4.272464600000000132e+02
9.930131300540538177e+02,4.272464600000000132e+02
9.941541999999999462e+02,4.272464600000000132e+02
9.941541999999999462e+02,4.272464600000000132e+02
9.941541999999999462e+02,4.272464600000000132e+02
