9.643740999999999985e+01,2.513711000000000126e+02
9.643740999999999985e+01,2.513711000000000126e+02
9.657377801960505792e+01,2.513711000000000126e+02
9.643740999999999985e+01,2.513711000000000126e+02
9.671014603921011599e+01,2.513711000000000126e+02
9.671018479113384103e+01,2.513711000000000126e+02
9.684651405881517405e+01,2.513711000000000126e+02
9.643740999999999985e+01,2.513711000000000126e+02
9.698288207842023212e+01,2.513711000000000126e+02
9.698295958226769642e+01,2.513711000000000126e+02
9.711925009802529019e+01,2.513711000000000126e+02
9.698311465605458181e+01,2.513711000000000126e+02
9.725561811763034825e+01,2.513711000000000126e+02
9.725573437340153760e+01,2.513711000000000126e+02
9.739198613723540632e+01,2.513711000000000126e+02
9.643740999999999985e+01,2.513711000000000126e+02
9.752835415684046438e+01,2.513711000000000126e+02
9.752850916453537877e+01,2.513711000000000126e+02
9.766472217644552245e+01,2.513711000000000126e+02
9.752881931210914956e+01,2.513711000000000126e+02
9.780109019605058052e+01,2.513711000000000126e+02
9.780128395566921995e+01,2.513711000000000126e+02
9.793745821565563858e+01,2.513711000000000126e+02
9.752944013651877242e+01,2.513711000000000126e+02
9.807382623526069665e+01,2.513711000000000126e+02
9.807405874680307534e+01,2.513711000000000126e+02
9.821019425486574050e+01,2.513711000000000126e+02
9.807452396816373152e+01,2.513711000000000126e+02
9.834656227447079857e+01,2.513711000000000126e+02
9.834683353793691651e+01,2.513711000000000126e+02
9.848293029407585664e+01,2.513711000000000126e+02
9.643740999999999985e+01,2.513711000000000126e+02
9.861929831368091470e+01,2.713250699999999824e+02
9.861960832907075769e+01,2.713250699999999824e+02
9.875566633328597277e+01,2.713250699999999824e+02
9.862022862421829927e+01,2.713250699999999824e+02
9.889203435289103084e+01,2.713250699999999824e+02
9.889238312020459887e+01,2.713250699999999824e+02
9.902840237249608890e+01,2.713250699999999824e+02
9.862147027303754498e+01,2.713250699999999824e+02
9.916477039210114697e+01,2.713250699999999824e+02
9.916515791133845426e+01,2.713250699999999824e+02
9.930113841170620503e+01,2.713250699999999824e+02
9.916593328027288123e+01,2.713250699999999824e+02
9.943750643131126310e+01,2.713250699999999824e+02
9.943793270247229543e+01,2.713250699999999824e+02
9.957387445091632117e+01,2.713250699999999824e+02
9.862395781321184529e+01,2.713250699999999824e+02
9.971024247052137923e+01,2.713250699999999824e+02
9.971070749360613661e+01,2.713250699999999824e+02
9.984661049012643730e+01,2.713250699999999824e+02
9.971163793632746319e+01,2.713250699999999824e+02
9.998297850973149536e+01,2.713250699999999824e+02
9.998348228473997779e+01,2.713250699999999824e+02
1.001193465293365534e+02,2.713250699999999824e+02
9.971350040955631755e+01,2.713250699999999824e+02
1.002557145489416115e+02,2.713250699999999824e+02
1.002562570758738332e+02,2.713250699999999824e+02
1.003920825685466696e+02,2.713250699999999824e+02
1.002573425923820309e+02,2.713250699999999824e+02
1.005284505881517276e+02,2.713250699999999824e+02
1.005290318670076744e+02,2.713250699999999824e+02
1.006648186077567857e+02,2.713250699999999824e+02
2.428987700000000132e+02,3.757132599999999911e+02
1.008011866273618438e+02,2.273107899999999972e+02
1.008018066581415155e+02,2.273107899999999972e+02
1.009375546469669018e+02,2.273107899999999972e+02
1.008030472484366129e+02,2.273107899999999972e+02
1.010739226665719599e+02,2.273107899999999972e+02
1.010745814492753567e+02,2.273107899999999972e+02
1.012102906861770180e+02,2.273107899999999972e+02
1.008055305460750901e+02,2.273107899999999972e+02
1.013466587057820760e+02,2.273107899999999972e+02
1.013473562404092121e+02,2.273107899999999972e+02
1.014830267253871341e+02,2.273107899999999972e+02
1.013487519044911949e+02,2.273107899999999972e+02
1.016193947449921779e+02,2.273107899999999972e+02
1.016201310315430533e+02,2.273107899999999972e+02
1.017557627645972502e+02,2.273107899999999972e+02
1.008105056264236907e+02,2.273107899999999972e+02
1.018921307842022941e+02,2.273107899999999972e+02
1.018929058226768944e+02,2.273107899999999972e+02
1.020284988038073521e+02,2.273107899999999972e+02
1.018944565605457626e+02,2.273107899999999972e+02
1.021648668234124102e+02,2.273107899999999972e+02
1.021656806138107356e+02,2.273107899999999972e+02
1.023012348430174683e+02,2.273107899999999972e+02
1.018975606825938485e+02,2.273107899999999972e+02
1.024376028626225263e+02,2.273107899999999972e+02
1.024384554049445910e+02,2.273107899999999972e+02
1.025739708822275844e+02,2.273107899999999972e+02
1.024401612166003446e+02,2.273107899999999972e+02
1.027103389018326425e+02,2.273107899999999972e+02
1.027112301960784322e+02,2.273107899999999972e+02
1.028467069214377005e+02,2.273107899999999972e+02
1.008204898630137052e+02,2.273107899999999972e+02
1.029830749410427586e+02,2.273107899999999972e+02
1.029840049872122734e+02,2.273107899999999972e+02
1.031194429606478167e+02,2.273107899999999972e+02
1.029858658726549123e+02,2.273107899999999972e+02
1.032558109802528747e+02,2.273107899999999972e+02
1.032567797783461145e+02,2.273107899999999972e+02
1.033921789998579328e+02,2.273107899999999972e+02
1.029895908191126210e+02,2.273107899999999972e+02
1.035285470194629909e+02,2.273107899999999972e+02
1.035295545694799699e+02,2.273107899999999972e+02
1.036649150390680489e+02,2.273107899999999972e+02
1.035315705287094943e+02,2.273107899999999972e+02
1.038012830586731070e+02,2.273107899999999972e+02
1.038023293606138111e+02,2.273107899999999972e+02
1.039376510782781651e+02,2.273107899999999972e+02
1.029970534396355362e+02,2.273107899999999972e+02
1.040740190978832231e+02,2.273107899999999972e+02
1.040751041517476523e+02,2.273107899999999972e+02
1.042103871174882812e+02,2.273107899999999972e+02
1.040772751847640620e+02,2.273107899999999972e+02
1.043467551370933393e+02,2.273107899999999972e+02
1.043478789428814935e+02,2.273107899999999972e+02
1.044831231566983973e+02,2.273107899999999972e+02
1.040816209556313936e+02,2.273107899999999972e+02
1.046194911763034554e+02,2.273107899999999972e+02
1.046206537340153488e+02,2.273107899999999972e+02
1.047558591959085135e+02,2.273107899999999972e+02
1.046229798408186440e+02,2.273107899999999972e+02
1.048922272155135715e+02,2.273107899999999972e+02
1.048934285251491900e+02,2.273107899999999972e+02
1.050285952351186154e+02,2.273107899999999972e+02
2.428987700000000132e+02,3.757132599999999911e+02
1.051649632547236877e+02,2.844644799999999805e+02
1.051662033162830312e+02,2.844644799999999805e+02
1.053013312743287315e+02,2.844644799999999805e+02
1.051686844968732260e+02,2.844644799999999805e+02
1.054376992939337896e+02,2.844644799999999805e+02
1.054389781074168866e+02,2.844644799999999805e+02
1.055740673135388477e+02,2.844644799999999805e+02
1.051736510921501662e+02,2.844644799999999805e+02
1.057104353331439057e+02,2.844644799999999805e+02
1.057117528985507278e+02,2.844644799999999805e+02
1.058468033527489638e+02,2.844644799999999805e+02
1.057143891529277937e+02,2.844644799999999805e+02
1.059831713723540219e+02,2.844644799999999805e+02
1.059845276896845689e+02,2.844644799999999805e+02
1.061195393919590799e+02,2.844644799999999805e+02
1.051836012528473816e+02,2.844644799999999805e+02
1.062559074115641380e+02,2.844644799999999805e+02
1.062573024808184101e+02,2.844644799999999805e+02
1.063922754311691961e+02,2.844644799999999805e+02
1.062600938089823757e+02,2.844644799999999805e+02
1.065286434507742541e+02,2.844644799999999805e+02
1.065300772719522513e+02,2.844644799999999805e+02
1.066650114703793122e+02,2.844644799999999805e+02
1.062656812286689387e+02,2.844644799999999805e+02
1.068013794899843703e+02,2.844644799999999805e+02
1.068028520630861067e+02,2.844644799999999805e+02
1.069377475095894283e+02,2.844644799999999805e+02
1.068057984650369576e+02,2.844644799999999805e+02
1.070741155291944864e+02,2.844644799999999805e+02
1.070756268542199479e+02,2.844644799999999805e+02
1.072104835487995445e+02,2.844644799999999805e+02
1.052035697260273963e+02,2.844644799999999805e+02
1.073468515684046025e+02,2.844644799999999805e+02
1.073484016453537890e+02,2.844644799999999805e+02
1.074832195880096606e+02,2.844644799999999805e+02
1.073515031210915254e+02,2.844644799999999805e+02
1.076195876076147186e+02,2.844644799999999805e+02
1.076211764364876444e+02,2.844644799999999805e+02
1.077559556272197767e+02,2.844644799999999805e+02
1.073577113651877113e+02,2.844644799999999805e+02
1.078923236468248348e+02,2.844644799999999805e+02
1.078939512276214856e+02,2.844644799999999805e+02
1.080286916664298928e+02,2.844644799999999805e+02
1.078972077771461073e+02,2.844644799999999805e+02
1.081650596860349509e+02,2.844644799999999805e+02
1.081667260187553268e+02,2.844644799999999805e+02
1.083014277056400090e+02,2.844644799999999805e+02
1.073701490660592270e+02,2.844644799999999805e+02
1.084377957252450528e+02,2.844644799999999805e+02
1.084395008098891680e+02,2.844644799999999805e+02
1.085741637448501251e+02,2.844644799999999805e+02
1.084429124332006751e+02,2.844644799999999805e+02
1.087105317644551690e+02,2.844644799999999805e+02
1.087122756010230233e+02,2.844644799999999805e+02
1.088468997840602412e+02,2.844644799999999805e+02
1.084497415017064839e+02,2.844644799999999805e+02
1.089832678036652851e+02,2.844644799999999805e+02
1.089850503921568645e+02,2.844644799999999805e+02
1.091196358232703432e+02,2.844644799999999805e+02
1.089886170892552570e+02,2.844644799999999805e+02
1.092560038428754012e+02,2.844644799999999805e+02
1.092578251832907057e+02,2.844644799999999805e+02
1.093923718624804593e+02,2.844644799999999805e+02
2.428987700000000132e+02,3.757132599999999911e+02
1.095287398820855174e+02,2.844644799999999805e+02
1.095305999744245469e+02,2.844644799999999805e+02
1.096651079016905754e+02,2.844644799999999805e+02
1.095343217453098390e+02,2.844644799999999805e+02
1.098014759212956335e+02,2.844644799999999805e+02
1.098033747655584023e+02,2.844644799999999805e+02
1.099378439409006916e+02,2.844644799999999805e+02
1.095417716382252564e+02,2.844644799999999805e+02
1.100742119605057496e+02,2.844644799999999805e+02
1.100761495566922434e+02,2.844644799999999805e+02
1.102105799801108077e+02,2.844644799999999805e+02
1.100800264013644068e+02,2.844644799999999805e+02
1.103469479997158658e+02,2.844644799999999805e+02
1.103489243478260846e+02,2.844644799999999805e+02
1.104833160193209238e+02,2.844644799999999805e+02
1.095566968792710725e+02,2.844644799999999805e+02
1.106196840389259819e+02,2.844644799999999805e+02
1.106216991389599258e+02,2.844644799999999805e+02
1.107560520585310400e+02,2.844644799999999805e+02
1.106257310574189887e+02,2.844644799999999805e+02
1.108924200781360980e+02,2.844644799999999805e+02
1.108944739300937812e+02,2.844644799999999805e+02
1.110287880977411561e+02,2.844644799999999805e+02
1.106338017747440290e+02,2.844644799999999805e+02
1.111651561173462142e+02,2.844644799999999805e+02
1.111672487212276224e+02,2.844644799999999805e+02
1.113015241369512722e+02,2.844644799999999805e+02
1.111714357134735565e+02,2.844644799999999805e+02
1.114378921565563303e+02,2.844644799999999805e+02
1.114400235123614635e+02,2.844644799999999805e+02
1.115742601761613884e+02,2.844644799999999805e+02
1.095866495890410874e+02,2.844644799999999805e+02
1.117106281957664464e+02,2.844644799999999805e+02
1.117127983034953047e+02,2.844644799999999805e+02
1.118469962153715045e+02,2.844644799999999805e+02
1.117171403695281384e+02,2.844644799999999805e+02
1.119833642349765626e+02,2.844644799999999805e+02
1.119855730946291601e+02,2.844644799999999805e+02
1.121197322545816064e+02,2.844644799999999805e+02
1.117258319112628016e+02,2.844644799999999805e+02
1.122561002741866787e+02,2.844644799999999805e+02
1.122583478857630013e+02,2.844644799999999805e+02
1.123924682937917225e+02,2.844644799999999805e+02
1.122628450255827204e+02,2.844644799999999805e+02
1.125288363133967948e+02,2.844644799999999805e+02
1.125311226768968424e+02,2.844644799999999805e+02
1.126652043330018387e+02,2.844644799999999805e+02
1.117432446924829179e+02,2.844644799999999805e+02
1.128015723526068967e+02,2.844644799999999805e+02
1.128038974680306978e+02,2.844644799999999805e+02
1.129379403722119548e+02,2.844644799999999805e+02
1.128085496816372881e+02,2.844644799999999805e+02
1.130743083918170129e+02,2.844644799999999805e+02
1.130766722591645390e+02,2.844644799999999805e+02
1.132106764114220709e+02,2.844644799999999805e+02
1.128178620477815741e+02,2.844644799999999805e+02
1.133470444310271290e+02,2.844644799999999805e+02
1.133494470502983802e+02,2.844644799999999805e+02
1.134834124506321871e+02,2.844644799999999805e+02
1.133542543376918701e+02,2.844644799999999805e+02
1.136197804702372451e+02,2.844644799999999805e+02
1.136222218414322214e+02,2.844644799999999805e+02
1.137561484898423032e+02,2.844644799999999805e+02
2.428987700000000132e+02,3.757132599999999911e+02
1.138925165094473613e+02,1.933339799999999968e+02
1.138949966325660625e+02,1.933339799999999968e+02
1.140288845290524193e+02,1.933339799999999968e+02
1.138999589937464521e+02,1.933339799999999968e+02
1.141652525486574774e+02,1.933339799999999968e+02
1.141677714236999179e+02,1.933339799999999968e+02
1.143016205682625355e+02,1.933339799999999968e+02
1.139098921843003325e+02,1.933339799999999968e+02
1.144379885878675935e+02,1.933339799999999968e+02
1.144405462148337591e+02,1.933339799999999968e+02
1.145743566074726516e+02,1.933339799999999968e+02
1.144456636498010198e+02,1.933339799999999968e+02
1.147107246270777097e+02,1.933339799999999968e+02
1.147133210059676003e+02,1.933339799999999968e+02
1.148470926466827677e+02,1.933339799999999968e+02
1.139297925056947633e+02,1.933339799999999968e+02
1.149834606662878258e+02,1.933339799999999968e+02
1.149860957971014557e+02,1.933339799999999968e+02
1.151198286858928839e+02,1.933339799999999968e+02
1.149913683058556018e+02,1.933339799999999968e+02
1.152561967054979277e+02,1.933339799999999968e+02
1.152588705882352969e+02,1.933339799999999968e+02
1.153925647251030000e+02,1.933339799999999968e+02
1.150019223208191192e+02,1.933339799999999968e+02
1.155289327447080439e+02,1.933339799999999968e+02
1.155316453793691380e+02,1.933339799999999968e+02
1.156653007643131161e+02,1.933339799999999968e+02
1.155370729619101695e+02,1.933339799999999968e+02
1.158016687839181600e+02,1.933339799999999968e+02
1.158044201705029792e+02,1.933339799999999968e+02
1.159380368035232323e+02,1.933339799999999968e+02
1.139697294520547928e+02,1.933339799999999968e+02
1.160744048231282761e+02,1.933339799999999968e+02
1.160771949616368204e+02,1.933339799999999968e+02
1.162107728427333342e+02,1.933339799999999968e+02
1.160827776179647515e+02,1.933339799999999968e+02
1.163471408623383923e+02,1.933339799999999968e+02
1.163499697527706758e+02,1.933339799999999968e+02
1.164835088819434503e+02,1.933339799999999968e+02
1.160939524573378776e+02,1.933339799999999968e+02
1.166198769015485084e+02,1.933339799999999968e+02
1.166227445439045169e+02,1.933339799999999968e+02
1.167562449211535665e+02,1.933339799999999968e+02
1.166284822740193192e+02,1.933339799999999968e+02
1.168926129407586245e+02,1.933339799999999968e+02
1.168955193350383581e+02,1.933339799999999968e+02
1.170289809603636826e+02,1.933339799999999968e+02
1.161163403189066088e+02,1.933339799999999968e+02
1.171653489799687407e+02,1.933339799999999968e+02
1.171682941261722135e+02,1.933339799999999968e+02
1.173017169995737987e+02,1.933339799999999968e+02
1.171741869300739012e+02,1.933339799999999968e+02
1.174380850191788568e+02,1.933339799999999968e+02
1.174410689173060547e+02,1.933339799999999968e+02
1.175744530387839148e+02,1.933339799999999968e+02
1.171859825938566502e+02,1.933339799999999968e+02
1.177108210583889729e+02,1.933339799999999968e+02
1.177138437084398959e+02,1.933339799999999968e+02
1.178471890779940310e+02,1.933339799999999968e+02
1.177198915861284831e+02,1.933339799999999968e+02
1.179835570975990890e+02,1.933339799999999968e+02
1.179866184995737370e+02,1.933339799999999968e+02
1.181199251172041471e+02,1.933339799999999968e+02
2.603550000000000182e+02,3.720192999999999870e+02
1.182562931368092052e+02,1.933339799999999968e+02
1.182593932907075782e+02,1.933339799999999968e+02
1.183926611564142632e+02,1.933339799999999968e+02
1.182655962421830509e+02,1.933339799999999968e+02
1.185290291760193213e+02,1.933339799999999968e+02
1.185321680818414336e+02,1.933339799999999968e+02
1.186653971956243794e+02,1.933339799999999968e+02
1.182780127303754227e+02,1.933339799999999968e+02
1.188017652152294374e+02,1.933339799999999968e+02
1.188049428729752748e+02,1.933339799999999968e+02
1.189381332348344813e+02,1.933339799999999968e+02
1.188113008982376329e+02,1.933339799999999968e+02
1.190745012544395536e+02,1.933339799999999968e+02
1.190777176641091160e+02,1.933339799999999968e+02
1.192108692740445974e+02,1.933339799999999968e+02
1.183028881321184542e+02,1.933339799999999968e+02
1.193472372936496697e+02,1.933339799999999968e+02
1.193504924552429713e+02,1.933339799999999968e+02
1.194836053132547136e+02,1.933339799999999968e+02
1.193570055542922148e+02,1.933339799999999968e+02
1.196199733328597716e+02,1.933339799999999968e+02
1.196232672463768125e+02,1.933339799999999968e+02
1.197563413524648297e+02,1.933339799999999968e+02
1.193700428668941953e+02,1.933339799999999968e+02
1.198927093720698878e+02,1.933339799999999968e+02
1.198960420375106537e+02,1.933339799999999968e+02
1.200290773916749458e+02,1.933339799999999968e+02
1.199027102103467826e+02,1.933339799999999968e+02
1.201654454112800039e+02,1.933339799999999968e+02
1.201688168286445091e+02,1.933339799999999968e+02
1.203018134308850620e+02,1.933339799999999968e+02
1.183528093150684981e+02,1.933339799999999968e+02
1.204381814504901200e+02,1.933339799999999968e+02
1.204415916197783503e+02,1.933339799999999968e+02
1.205745494700951781e+02,1.933339799999999968e+02
1.204484148664013645e+02,1.933339799999999968e+02
1.207109174897002362e+02,1.933339799999999968e+02
1.207143664109121914e+02,1.933339799999999968e+02
1.208472855093052942e+02,1.933339799999999968e+02
1.204620730034129679e+02,1.933339799999999968e+02
1.209836535289103523e+02,1.933339799999999968e+02
1.209871412020460326e+02,1.933339799999999968e+02
1.211200215485154104e+02,1.933339799999999968e+02
1.209941195224559465e+02,1.933339799999999968e+02
1.212563895681204684e+02,1.933339799999999968e+02
1.212599159931798738e+02,1.933339799999999968e+02
1.213927575877255265e+02,1.933339799999999968e+02
1.204894359453302997e+02,1.933339799999999968e+02
1.215291256073305846e+02,1.933339799999999968e+02
1.215326907843137292e+02,1.933339799999999968e+02
1.216654936269356426e+02,1.933339799999999968e+02
1.215398241785105142e+02,1.933339799999999968e+02
1.218018616465407007e+02,1.933339799999999968e+02
1.218054655754475704e+02,1.933339799999999968e+02
1.219382296661457588e+02,1.933339799999999968e+02
1.215541031399317404e+02,1.933339799999999968e+02
1.220745976857508168e+02,1.933339799999999968e+02
1.220782403665814115e+02,1.933339799999999968e+02
1.222109657053558749e+02,1.933339799999999968e+02
1.220855288345650962e+02,1.933339799999999968e+02
1.223473337249609187e+02,1.933339799999999968e+02
1.223510151577152669e+02,1.933339799999999968e+02
1.224837017445659910e+02,1.933339799999999968e+02
2.904195000000000277e+02,3.729295700000000124e+02
1.226200697641710349e+02,1.933339799999999968e+02
1.226237899488491081e+02,1.933339799999999968e+02
1.227564377837761072e+02,1.933339799999999968e+02
1.226312334906196639e+02,1.933339799999999968e+02
1.228928058033811510e+02,1.933339799999999968e+02
1.228965647399829493e+02,1.933339799999999968e+02
1.230291738229862233e+02,1.933339799999999968e+02
1.226461332764505130e+02,1.933339799999999968e+02
1.231655418425912671e+02,1.933339799999999968e+02
1.231693395311167905e+02,1.933339799999999968e+02
1.233019098621963252e+02,1.933339799999999968e+02
1.231769381466742459e+02,1.933339799999999968e+02
1.234382778818013833e+02,1.933339799999999968e+02
1.234421143222506316e+02,1.933339799999999968e+02
1.235746459014064413e+02,1.933339799999999968e+02
1.226759837585421451e+02,1.933339799999999968e+02
1.237110139210114994e+02,1.933339799999999968e+02
1.237148891133844870e+02,1.933339799999999968e+02
1.238473819406165575e+02,1.933339799999999968e+02
1.237226428027288136e+02,1.933339799999999968e+02
1.239837499602216155e+02,1.933339799999999968e+02
1.239876639045183282e+02,1.933339799999999968e+02
1.241201179798266736e+02,1.933339799999999968e+02
1.237381634129692856e+02,1.933339799999999968e+02
1.242564859994317317e+02,1.933339799999999968e+02
1.242604386956521694e+02,1.933339799999999968e+02
1.243928540190367897e+02,1.933339799999999968e+02
1.242683474587833956e+02,1.933339799999999968e+02
1.245292220386418478e+02,1.933339799999999968e+02
1.245332134867860248e+02,1.933339799999999968e+02
1.246655900582469059e+02,1.933339799999999968e+02
1.227358891780821892e+02,1.933339799999999968e+02
1.248019580778519639e+02,1.933339799999999968e+02
1.248059882779198659e+02,1.933339799999999968e+02
1.249383260974570220e+02,1.933339799999999968e+02
1.248140521148379776e+02,1.933339799999999968e+02
1.250746941170620801e+02,1.933339799999999968e+02
1.250787630690537071e+02,1.933339799999999968e+02
1.252110621366671381e+02,1.933339799999999968e+02
1.248301935494880581e+02,1.933339799999999968e+02
1.253474301562721962e+02,1.933339799999999968e+02
1.253515378601875483e+02,1.933339799999999968e+02
1.254837981758772543e+02,1.933339799999999968e+02
1.253597567708925453e+02,1.933339799999999968e+02
1.256201661954823123e+02,1.933339799999999968e+02
1.256243126513213895e+02,1.933339799999999968e+02
1.257565342150873562e+02,1.933339799999999968e+02
1.248625315717539763e+02,1.933339799999999968e+02
1.258929022346924285e+02,1.933339799999999968e+02
1.258970874424552449e+02,1.933339799999999968e+02
1.260292702542974723e+02,1.933339799999999968e+02
1.259054614269471273e+02,1.933339799999999968e+02
1.261656382739025446e+02,1.933339799999999968e+02
1.261698622335890860e+02,1.933339799999999968e+02
1.263020062935075885e+02,1.933339799999999968e+02
1.259222236860068165e+02,1.933339799999999968e+02
1.264383743131126607e+02,1.933339799999999968e+02
1.264426370247229272e+02,1.933339799999999968e+02
1.265747423327177046e+02,1.933339799999999968e+02
1.264511660830017092e+02,1.933339799999999968e+02
1.267111103523227627e+02,1.933339799999999968e+02
1.267154118158567826e+02,1.933339799999999968e+02
1.268474783719278207e+02,1.933339799999999968e+02
3.189303300000000263e+02,3.792839399999999728e+02
1.269838463915328788e+02,3.092325399999999718e+02
1.269881866069906238e+02,3.092325399999999718e+02
1.271202144111379368e+02,3.092325399999999718e+02
1.269968707390562770e+02,3.092325399999999718e+02
1.272565824307429949e+02,3.092325399999999718e+02
1.272609613981244649e+02,3.092325399999999718e+02
1.273929504503480530e+02,3.092325399999999718e+02
1.270142538225256033e+02,3.092325399999999718e+02
1.275293184699531110e+02,3.092325399999999718e+02
1.275337361892583203e+02,3.092325399999999718e+02
1.276656864895581691e+02,3.092325399999999718e+02
1.275425753951108589e+02,3.092325399999999718e+02
1.278020545091632272e+02,3.092325399999999718e+02
1.278065109803921615e+02,3.092325399999999718e+02
1.279384225287682852e+02,3.092325399999999718e+02
1.270490793849658360e+02,3.092325399999999718e+02
1.280747905483733575e+02,3.092325399999999718e+02
1.280792857715260027e+02,3.092325399999999718e+02
1.282111585679784014e+02,3.092325399999999718e+02
1.280882800511654409e+02,3.092325399999999718e+02
1.283475265875834452e+02,3.092325399999999718e+02
1.283520605626598581e+02,3.092325399999999718e+02
1.284838946071885175e+02,3.092325399999999718e+02
1.281062839590443616e+02,3.092325399999999718e+02
1.286202626267935898e+02,3.092325399999999718e+02
1.286248353537936850e+02,3.092325399999999718e+02
1.287566306463986336e+02,3.092325399999999718e+02
1.286339847072200087e+02,3.092325399999999718e+02
1.288929986660036775e+02,3.092325399999999718e+02
1.288976101449275404e+02,3.092325399999999718e+02
1.290293666856087498e+02,3.092325399999999718e+02
1.271189690410958804e+02,3.092325399999999718e+02
1.291657347052137936e+02,3.092325399999999718e+02
1.291703849360613958e+02,3.092325399999999718e+02
1.293021027248188659e+02,3.092325399999999718e+02
1.291796893632745764e+02,3.092325399999999718e+02
1.294384707444239098e+02,3.092325399999999718e+02
1.294431597271952228e+02,3.092325399999999718e+02
1.295748387640289820e+02,3.092325399999999718e+02
1.291983140955631484e+02,3.092325399999999718e+02
1.297112067836340259e+02,3.092325399999999718e+02
1.297159345183290782e+02,3.092325399999999718e+02
1.298475748032390982e+02,3.092325399999999718e+02
1.297253940193291442e+02,3.092325399999999718e+02
1.299839428228441420e+02,3.092325399999999718e+02
1.299887093094629051e+02,3.092325399999999718e+02
1.301203108424492143e+02,3.092325399999999718e+02
1.292356271981776672e+02,3.092325399999999718e+02
1.302566788620542582e+02,3.092325399999999718e+02
1.302614841005967605e+02,3.092325399999999718e+02
1.303930468816593304e+02,3.092325399999999718e+02
1.302710986753837403e+02,3.092325399999999718e+02
1.305294149012643743e+02,3.092325399999999718e+02
1.305342588917305875e+02,3.092325399999999718e+02
1.306657829208694466e+02,3.092325399999999718e+02
1.302903442320819067e+02,3.092325399999999718e+02
1.308021509404744904e+02,3.092325399999999718e+02
1.308070336828644429e+02,3.092325399999999718e+02
1.309385189600795343e+02,3.092325399999999718e+02
1.308168033314383081e+02,3.092325399999999718e+02
1.310748869796846066e+02,3.092325399999999718e+02
1.310798084739982983e+02,3.092325399999999718e+02
1.312112549992896788e+02,3.092325399999999718e+02
3.496572600000000079e+02,3.913283700000000067e+02
1.313476230188947227e+02,3.092325399999999718e+02
1.313525832651321252e+02,3.092325399999999718e+02
1.314839910384997665e+02,3.092325399999999718e+02
1.313625079874929042e+02,3.092325399999999718e+02
1.316203590581048388e+02,3.092325399999999718e+02
1.316253580562659806e+02,3.092325399999999718e+02
1.317567270777099111e+02,3.092325399999999718e+02
1.313823743686006651e+02,3.092325399999999718e+02
1.318930950973149550e+02,3.092325399999999718e+02
1.318981328473998360e+02,3.092325399999999718e+02
1.320294631169199988e+02,3.092325399999999718e+02
1.319082126435474720e+02,3.092325399999999718e+02
1.321658311365250711e+02,3.092325399999999718e+02
1.321709076385336630e+02,3.092325399999999718e+02
1.323021991561301149e+02,3.092325399999999718e+02
1.314221750113895268e+02,3.092325399999999718e+02
1.324385671757351872e+02,3.092325399999999718e+02
1.324436824296675184e+02,3.092325399999999718e+02
1.325749351953402311e+02,3.092325399999999718e+02
1.324539172996020397e+02,3.092325399999999718e+02
1.327113032149453034e+02,3.092325399999999718e+02
1.327164572208013738e+02,3.092325399999999718e+02
1.328476712345503472e+02,3.092325399999999718e+02
1.324744045051194519e+02,3.092325399999999718e+02
1.329840392541554195e+02,3.092325399999999718e+02
1.329892320119352007e+02,3.092325399999999718e+02
1.331204072737604633e+02,3.092325399999999718e+02
1.329996219556566075e+02,3.092325399999999718e+02
1.332567752933655356e+02,3.092325399999999718e+02
1.332620068030690561e+02,3.092325399999999718e+02
1.333931433129705795e+02,3.092325399999999718e+02
1.315020489041095857e+02,3.092325399999999718e+02
1.335295113325756517e+02,3.092325399999999718e+02
1.335347815942029115e+02,3.092325399999999718e+02
1.336658793521806956e+02,3.092325399999999718e+02
1.335453266117112037e+02,3.092325399999999718e+02
1.338022473717857679e+02,3.092325399999999718e+02
1.338075563853367385e+02,3.092325399999999718e+02
1.339386153913908117e+02,3.092325399999999718e+02
1.335664346416382386e+02,3.092325399999999718e+02
1.340749834109958556e+02,3.092325399999999718e+02
1.340803311764705938e+02,3.092325399999999718e+02
1.342113514306009279e+02,3.092325399999999718e+02
1.340910312677657714e+02,3.092325399999999718e+02
1.343477194502060001e+02,3.092325399999999718e+02
1.343531059676044492e+02,3.092325399999999718e+02
1.344840874698110440e+02,3.092325399999999718e+02
1.336087228246013581e+02,3.092325399999999718e+02
1.346204554894160879e+02,3.092325399999999718e+02
1.346258807587382762e+02,3.092325399999999718e+02
1.347568235090211601e+02,3.092325399999999718e+02
1.346367359238203392e+02,3.092325399999999718e+02
1.348931915286262324e+02,3.092325399999999718e+02
1.348986555498721316e+02,3.092325399999999718e+02
1.350295595482312763e+02,3.092325399999999718e+02
1.346584647781569970e+02,3.092325399999999718e+02
1.351659275678363201e+02,3.092325399999999718e+02
1.351714303410059586e+02,3.092325399999999718e+02
1.353022955874413924e+02,3.092325399999999718e+02
1.351824405798749353e+02,3.092325399999999718e+02
1.354386636070464647e+02,3.092325399999999718e+02
1.354442051321398139e+02,3.092325399999999718e+02
1.355750316266515085e+02,3.092325399999999718e+02
3.699586800000000153e+02,4.034166299999999978e+02
1.357113996462565524e+02,1.664929199999999980e+02
1.357169799232736409e+02,1.664929199999999980e+02
1.358477676658616247e+02,1.664929199999999980e+02
1.357281452359295031e+02,1.664929199999999980e+02
1.359841356854666685e+02,1.664929199999999980e+02
1.359897547144074963e+02,1.664929199999999980e+02
1.361205037050717408e+02,1.664929199999999980e+02
1.357504949146757554e+02,1.664929199999999980e+02
1.362568717246767847e+02,1.664929199999999980e+02
1.362625295055413517e+02,1.664929199999999980e+02
1.363932397442818569e+02,1.664929199999999980e+02
1.362738498919840708e+02,1.664929199999999980e+02
1.365296077638869008e+02,1.664929199999999980e+02
1.365353042966751786e+02,1.664929199999999980e+02
1.366659757834919731e+02,1.664929199999999980e+02
1.357952706378132177e+02,1.664929199999999980e+02
1.368023438030970169e+02,1.664929199999999980e+02
1.368080790878090340e+02,1.664929199999999980e+02
1.369387118227020892e+02,1.664929199999999980e+02
1.368195545480386386e+02,1.664929199999999980e+02
1.370750798423071330e+02,1.664929199999999980e+02
1.370808538789428894e+02,1.664929199999999980e+02
1.372114478619122053e+02,1.664929199999999980e+02
1.368425250511945421e+02,1.664929199999999980e+02
1.373478158815172492e+02,1.664929199999999980e+02
1.373536286700767164e+02,1.664929199999999980e+02
1.374841839011223215e+02,1.664929199999999980e+02
1.373652592040932348e+02,1.664929199999999980e+02
1.376205519207273653e+02,1.664929199999999980e+02
1.376264034612105718e+02,1.664929199999999980e+02
1.377569199403324092e+02,1.664929199999999980e+02
1.358851287671232910e+02,1.664929199999999980e+02
1.378932879599374814e+02,1.664929199999999980e+02
1.378991782523444272e+02,1.664929199999999980e+02
1.380296559795425537e+02,1.664929199999999980e+02
1.379109638601478025e+02,1.664929199999999980e+02
1.381660239991475976e+02,1.664929199999999980e+02
1.381719530434782541e+02,1.664929199999999980e+02
1.383023920187526414e+02,1.664929199999999980e+02
1.379345551877133005e+02,1.664929199999999980e+02
1.384387600383577137e+02,1.664929199999999980e+02
1.384447278346121095e+02,1.664929199999999980e+02
1.385751280579627860e+02,1.664929199999999980e+02
1.384566685162023987e+02,1.664929199999999980e+02
1.387114960775678298e+02,1.664929199999999980e+02
1.387175026257459649e+02,1.664929199999999980e+02
1.388478640971728737e+02,1.664929199999999980e+02
1.379818184510250489e+02,1.664929199999999980e+02
1.389842321167779460e+02,1.664929199999999980e+02
1.389902774168797919e+02,1.664929199999999980e+02
1.391206001363830183e+02,1.664929199999999980e+02
1.390023731722569664e+02,1.664929199999999980e+02
1.392569681559880621e+02,1.664929199999999980e+02
1.392630522080136473e+02,1.664929199999999980e+02
1.393933361755931060e+02,1.664929199999999980e+02
1.390265853242320873e+02,1.664929199999999980e+02
1.395297041951981782e+02,1.664929199999999980e+02
1.395358269991474742e+02,1.664929199999999980e+02
1.396660722148032221e+02,1.664929199999999980e+02
1.395480778283115342e+02,1.664929199999999980e+02
1.398024402344082944e+02,1.664929199999999980e+02
1.398086017902813296e+02,1.664929199999999980e+02
1.399388082540133382e+02,1.664929199999999980e+02
3.844834000000000174e+02,4.154791299999999978e+02
1.400751762736184105e+02,1.664929199999999980e+02
1.400813765814151566e+02,1.664929199999999980e+02
1.402115442932234544e+02,1.664929199999999980e+02
1.400937824843661019e+02,1.664929199999999980e+02
1.403479123128285266e+02,1.664929199999999980e+02
1.403541513725490120e+02,1.664929199999999980e+02
1.404842803324335705e+02,1.664929199999999980e+02
1.401186154607508456e+02,1.664929199999999980e+02
1.406206483520386428e+02,1.664929199999999980e+02
1.406269261636828674e+02,1.664929199999999980e+02
1.407570163716436866e+02,1.664929199999999980e+02
1.406394871404206981e+02,1.664929199999999980e+02
1.408933843912487589e+02,1.664929199999999980e+02
1.408997009548166943e+02,1.664929199999999980e+02
1.410297524108538028e+02,1.664929199999999980e+02
1.401683662642369086e+02,1.664929199999999980e+02
1.411661204304588750e+02,1.664929199999999980e+02
1.411724757459505497e+02,1.664929199999999980e+02
1.413024884500639189e+02,1.664929199999999980e+02
1.411851917964752658e+02,1.664929199999999980e+02
1.414388564696689627e+02,1.664929199999999980e+02
1.414452505370844051e+02,1.664929199999999980e+02
1.415752244892740350e+02,1.664929199999999980e+02
1.412106455972696040e+02,1.664929199999999980e+02
1.417115925088791073e+02,1.664929199999999980e+02
1.417180253282182321e+02,1.664929199999999980e+02
1.418479605284841512e+02,1.664929199999999980e+02
1.417308964525298336e+02,1.664929199999999980e+02
1.419843285480891950e+02,1.664929199999999980e+02
1.419908001193520874e+02,1.664929199999999980e+02
1.421206965676942673e+02,1.664929199999999980e+02
1.402682086301369964e+02,1.664929199999999980e+02
1.422570645872993396e+02,1.664929199999999980e+02
1.422635749104859428e+02,1.664929199999999980e+02
1.423934326069043834e+02,1.664929199999999980e+02
1.422766011085844298e+02,1.664929199999999980e+02
1.425298006265094273e+02,1.664929199999999980e+02
1.425363497016197698e+02,1.664929199999999980e+02
1.426661686461144996e+02,1.664929199999999980e+02
1.423026757337883907e+02,1.664929199999999980e+02
1.428025366657195434e+02,1.664929199999999980e+02
1.428091244927536252e+02,1.664929199999999980e+02
1.429389046853246157e+02,1.664929199999999980e+02
1.428223057646389975e+02,1.664929199999999980e+02
1.430752727049296595e+02,1.664929199999999980e+02
1.430818992838874806e+02,1.664929199999999980e+02
1.432116407245347318e+02,1.664929199999999980e+02
1.423549140774487398e+02,1.664929199999999980e+02
1.433480087441397757e+02,1.664929199999999980e+02
1.433546740750213075e+02,1.664929199999999980e+02
1.434843767637448479e+02,1.664929199999999980e+02
1.433680104206935653e+02,1.664929199999999980e+02
1.436207447833498918e+02,1.664929199999999980e+02
1.436274488661551629e+02,1.664929199999999980e+02
1.437571128029549641e+02,1.664929199999999980e+02
1.433947058703071775e+02,1.664929199999999980e+02
1.438934808225600079e+02,1.664929199999999980e+02
1.439002236572890183e+02,1.664929199999999980e+02
1.440298488421650802e+02,1.664929199999999980e+02
1.439137150767481330e+02,1.664929199999999980e+02
1.441662168617701241e+02,1.664929199999999980e+02
1.441729984484228453e+02,1.664929199999999980e+02
1.443025848813751963e+02,1.664929199999999980e+02
3.938802200000000084e+02,4.305525999999999840e+02
1.444389529009802402e+02,1.664929199999999980e+02
1.444457732395567007e+02,1.664929199999999980e+02
1.445753209205852841e+02,1.664929199999999980e+02
1.444594197328027292e+02,1.664929199999999980e+02
1.447116889401903563e+02,1.664929199999999980e+02
1.447185480306905276e+02,1.664929199999999980e+02
1.448480569597954286e+02,1.664929199999999980e+02
1.444867360068259359e+02,1.664929199999999980e+02
1.449844249794004725e+02,1.664929199999999980e+02
1.449913228218243830e+02,1.664929199999999980e+02
1.451207929990055163e+02,1.664929199999999980e+02
1.450051243888572969e+02,1.664929199999999980e+02
1.452571610186105886e+02,1.664929199999999980e+02
1.452640976129582100e+02,1.664929199999999980e+02
1.453935290382156609e+02,1.664929199999999980e+02
1.445414618906605995e+02,1.664929199999999980e+02
1.455298970578207047e+02,1.664929199999999980e+02
1.455368724040920654e+02,1.664929199999999980e+02
1.456662650774257486e+02,1.664929199999999980e+02
1.455508290449118931e+02,1.664929199999999980e+02
1.458026330970308209e+02,1.664929199999999980e+02
1.458096471952259208e+02,1.664929199999999980e+02
1.459390011166358931e+02,1.664929199999999980e+02
1.455787661433446942e+02,1.664929199999999980e+02
1.460753691362409370e+02,1.664929199999999980e+02
1.460824219863597477e+02,1.664929199999999980e+02
1.462117371558459809e+02,1.664929199999999980e+02
1.460965337009664609e+02,1.664929199999999980e+02
1.463481051754510531e+02,1.664929199999999980e+02
1.463551967774936031e+02,1.664929199999999980e+02
1.464844731950560970e+02,1.664929199999999980e+02
1.446512884931506733e+02,1.664929199999999980e+02
1.466208412146611693e+02,1.664929199999999980e+02
1.466279715686274585e+02,1.664929199999999980e+02
1.467572092342662131e+02,1.664929199999999980e+02
1.466422383570210286e+02,1.664929199999999980e+02
1.468935772538712854e+02,1.664929199999999980e+02
1.469007463597612855e+02,1.664929199999999980e+02
1.470299452734763292e+02,1.664929199999999980e+02
1.466707962798634810e+02,1.664929199999999980e+02
1.471663132930814015e+02,1.664929199999999980e+02
1.471735211508951409e+02,1.664929199999999980e+02
1.473026813126864454e+02,1.664929199999999980e+02
1.471879430130755964e+02,1.664929199999999980e+02
1.474390493322915177e+02,1.664929199999999980e+02
1.474462959420289963e+02,1.664929199999999980e+02
1.475754173518965615e+02,1.664929199999999980e+02
1.467280097038724307e+02,1.664929199999999980e+02
1.477117853715016338e+02,1.664929199999999980e+02
1.477190707331628232e+02,1.664929199999999980e+02
1.478481533911066776e+02,1.664929199999999980e+02
1.477336476691301925e+02,1.664929199999999980e+02
1.479845214107117499e+02,1.664929199999999980e+02
1.479918455242966786e+02,1.664929199999999980e+02
1.481208894303167938e+02,1.664929199999999980e+02
1.477628264163822394e+02,1.664929199999999980e+02
1.482572574499218376e+02,1.664929199999999980e+02
1.482646203154305340e+02,1.664929199999999980e+02
1.483936254695269099e+02,1.664929199999999980e+02
1.482793523251847603e+02,1.664929199999999980e+02
1.485299934891319822e+02,1.664929199999999980e+02
1.485373951065643610e+02,1.664929199999999980e+02
1.486663615087370260e+02,1.664929199999999980e+02
4.034818999999999960e+02,4.526057000000000130e+02
1.488027295283420699e+02,3.344775399999999763e+02
1.488101698976982163e+02,3.344775399999999763e+02
1.489390975479471422e+02,3.344775399999999763e+02
1.488250569812393280e+02,3.344775399999999763e+02
1.490754655675522145e+02,3.344775399999999763e+02
1.490829446888320717e+02,3.344775399999999763e+02
1.492118335871572583e+02,3.344775399999999763e+02
1.488548565529010261e+02,3.344775399999999763e+02
1.493482016067623022e+02,3.344775399999999763e+02
1.493557194799658987e+02,3.344775399999999763e+02
1.494845696263673744e+02,3.344775399999999763e+02
1.493707616372939242e+02,3.344775399999999763e+02
1.496209376459724467e+02,3.344775399999999763e+02
1.496284942710997541e+02,3.344775399999999763e+02
1.497573056655774906e+02,3.344775399999999763e+02
1.489145575170842903e+02,3.344775399999999763e+02
1.498936736851825344e+02,3.344775399999999763e+02
1.499012690622335811e+02,3.344775399999999763e+02
1.500300417047876067e+02,3.344775399999999763e+02
1.499164662933484919e+02,3.344775399999999763e+02
1.501664097243926506e+02,3.344775399999999763e+02
1.501740438533674364e+02,3.344775399999999763e+02
1.503027777439977228e+02,3.344775399999999763e+02
1.499468866894197845e+02,3.344775399999999763e+02
1.504391457636027667e+02,3.344775399999999763e+02
1.504468186445012634e+02,3.344775399999999763e+02
1.505755137832078390e+02,3.344775399999999763e+02
1.504621709494030597e+02,3.344775399999999763e+02
1.507118818028128828e+02,3.344775399999999763e+02
1.507195934356351188e+02,3.344775399999999763e+02
1.508482498224179551e+02,3.344775399999999763e+02
1.490343683561643786e+02,3.344775399999999763e+02
1.509846178420229990e+02,3.344775399999999763e+02
1.509923682267689742e+02,3.344775399999999763e+02
1.511209858616280712e+02,3.344775399999999763e+02
1.510078756054576274e+02,3.344775399999999763e+02
1.512573538812331151e+02,3.344775399999999763e+02
1.512651430179028011e+02,3.344775399999999763e+02
1.513937219008381874e+02,3.344775399999999763e+02
1.510389168259385713e+02,3.344775399999999763e+02
1.515300899204432312e+02,3.344775399999999763e+02
1.515379178090366565e+02,3.344775399999999763e+02
1.516664579400483035e+02,3.344775399999999763e+02
1.515535802615122236e+02,3.344775399999999763e+02
1.518028259596533474e+02,3.344775399999999763e+02
1.518106926001705119e+02,3.344775399999999763e+02
1.519391939792583912e+02,3.344775399999999763e+02
1.511011053302961216e+02,3.344775399999999763e+02
1.520755619988634635e+02,3.344775399999999763e+02
1.520834673913043389e+02,3.344775399999999763e+02
1.522119300184685358e+02,3.344775399999999763e+02
1.520992849175667914e+02,3.344775399999999763e+02
1.523482980380735796e+02,3.344775399999999763e+02
1.523562421824381943e+02,3.344775399999999763e+02
1.524846660576786235e+02,3.344775399999999763e+02
1.521309469624573296e+02,3.344775399999999763e+02
1.526210340772836958e+02,3.344775399999999763e+02
1.526290169735720497e+02,3.344775399999999763e+02
1.527574020968887680e+02,3.344775399999999763e+02
1.526449895736213875e+02,3.344775399999999763e+02
1.528937701164938119e+02,3.344775399999999763e+02
1.529017917647058766e+02,3.344775399999999763e+02
1.530301381360988557e+02,3.344775399999999763e+02
4.070745200000000068e+02,4.743006599999999935e+02
1.531665061557039280e+02,3.344775399999999763e+02
1.531745665558397320e+02,3.344775399999999763e+02
1.533028741753089719e+02,3.344775399999999763e+02
1.531906942296759553e+02,3.344775399999999763e+02
1.534392421949140441e+02,3.344775399999999763e+02
1.534473413469735874e+02,3.344775399999999763e+02
1.535756102145190880e+02,3.344775399999999763e+02
1.532229770989761164e+02,3.344775399999999763e+02
1.537119782341241603e+02,3.344775399999999763e+02
1.537201161381074144e+02,3.344775399999999763e+02
1.538483462537292041e+02,3.344775399999999763e+02
1.537363988857305230e+02,3.344775399999999763e+02
1.539847142733342764e+02,3.344775399999999763e+02
1.539928909292412698e+02,3.344775399999999763e+02
1.541210822929393203e+02,3.344775399999999763e+02
1.532876531435079528e+02,3.344775399999999763e+02
1.542574503125443925e+02,3.344775399999999763e+02
1.542656657203750967e+02,3.344775399999999763e+02
1.543938183321494364e+02,3.344775399999999763e+02
1.542821035417850908e+02,3.344775399999999763e+02
1.545301863517545087e+02,3.344775399999999763e+02
1.545384405115089521e+02,3.344775399999999763e+02
1.546665543713595525e+02,3.344775399999999763e+02
1.543150072354948747e+02,3.344775399999999763e+02
1.548029223909646248e+02,3.344775399999999763e+02
1.548112153026427791e+02,3.344775399999999763e+02
1.549392904105696687e+02,3.344775399999999763e+02
1.548278081978396585e+02,3.344775399999999763e+02
1.550756584301747125e+02,3.344775399999999763e+02
1.550839900937766345e+02,3.344775399999999763e+02
1.552120264497797848e+02,3.344775399999999763e+02
1.534174482191780839e+02,3.344775399999999763e+02
1.553483944693848571e+02,3.344775399999999763e+02
1.553567648849104899e+02,3.344775399999999763e+02
1.554847624889899009e+02,3.344775399999999763e+02
1.553735128538942547e+02,3.344775399999999763e+02
1.556211305085949448e+02,3.344775399999999763e+02
1.556295396760443168e+02,3.344775399999999763e+02
1.557574985282000171e+02,3.344775399999999763e+02
1.554070373720136331e+02,3.344775399999999763e+02
1.558938665478050893e+02,3.344775399999999763e+02
1.559023144671781722e+02,3.344775399999999763e+02
1.560302345674101332e+02,3.344775399999999763e+02
1.559192175099488225e+02,3.344775399999999763e+02
1.561666025870151771e+02,3.344775399999999763e+02
1.561750892583120276e+02,3.344775399999999763e+02
1.563029706066202493e+02,3.344775399999999763e+02
1.554742009567198124e+02,3.344775399999999763e+02
1.564393386262253216e+02,3.344775399999999763e+02
1.564478640494458546e+02,3.344775399999999763e+02
1.565757066458303655e+02,3.344775399999999763e+02
1.564649221660034186e+02,3.344775399999999763e+02
1.567120746654354093e+02,3.344775399999999763e+02
1.567206388405797099e+02,3.344775399999999763e+02
1.568484426850404816e+02,3.344775399999999763e+02
1.564990675085324199e+02,3.344775399999999763e+02
1.569848107046455254e+02,3.344775399999999763e+02
1.569934136317135653e+02,3.344775399999999763e+02
1.571211787242505977e+02,3.344775399999999763e+02
1.570106268220579864e+02,3.344775399999999763e+02
1.572575467438556416e+02,3.344775399999999763e+02
1.572661884228473923e+02,3.344775399999999763e+02
1.573939147634607139e+02,3.344775399999999763e+02
4.055452000000000226e+02,4.937099600000000237e+02
1.575302827830657577e+02,3.344775399999999763e+02
1.575389632139812477e+02,3.344775399999999763e+02
1.576666508026708300e+02,3.344775399999999763e+02
1.575563314781125541e+02,3.344775399999999763e+02
1.578030188222758738e+02,3.344775399999999763e+02
1.578117380051151031e+02,3.344775399999999763e+02
1.579393868418809461e+02,3.344775399999999763e+02
1.575910976450512067e+02,3.344775399999999763e+02
1.580757548614859900e+02,3.344775399999999763e+02
1.580845127962489300e+02,3.344775399999999763e+02
1.582121228810910623e+02,3.344775399999999763e+02
1.581020361341671219e+02,3.344775399999999763e+02
1.583484909006961061e+02,3.344775399999999763e+02
1.583572875873827854e+02,3.344775399999999763e+02
1.584848589203011784e+02,3.344775399999999763e+02
1.576607487699316721e+02,3.344775399999999763e+02
1.586212269399062222e+02,3.344775399999999763e+02
1.586300623785166408e+02,3.344775399999999763e+02
1.587575949595112661e+02,3.344775399999999763e+02
1.586477407902217180e+02,3.344775399999999763e+02
1.588939629791163384e+02,3.344775399999999763e+02
1.589028371696504678e+02,3.344775399999999763e+02
1.590303309987214107e+02,3.344775399999999763e+02
1.586831277815699650e+02,3.344775399999999763e+02
1.591666990183264545e+02,3.344775399999999763e+02
1.591756119607843232e+02,3.344775399999999763e+02
1.593030670379314984e+02,3.344775399999999763e+02
1.591934454462762858e+02,3.344775399999999763e+02
1.594394350575365706e+02,3.344775399999999763e+02
1.594483867519181501e+02,3.344775399999999763e+02
1.595758030771416429e+02,3.344775399999999763e+02
1.578005280821917609e+02,3.344775399999999763e+02
1.597121710967466868e+02,3.344775399999999763e+02
1.597211615430520055e+02,3.344775399999999763e+02
1.598485391163517306e+02,3.344775399999999763e+02
1.597391501023308535e+02,3.344775399999999763e+02
1.599849071359568029e+02,3.344775399999999763e+02
1.599939363341858325e+02,3.344775399999999763e+02
1.601212751555618752e+02,3.344775399999999763e+02
1.597751579180887234e+02,3.344775399999999763e+02
1.602576431751669190e+02,3.344775399999999763e+02
1.602667111253196879e+02,3.344775399999999763e+02
1.603940111947719629e+02,3.344775399999999763e+02
1.602848547583854497e+02,3.344775399999999763e+02
1.605303792143770352e+02,3.344775399999999763e+02
1.605394859164535433e+02,3.344775399999999763e+02
1.606667472339821074e+02,3.344775399999999763e+02
1.598472965831435033e+02,3.344775399999999763e+02
1.608031152535871513e+02,3.344775399999999763e+02
1.608122607075873702e+02,3.344775399999999763e+02
1.609394832731921952e+02,3.344775399999999763e+02
1.608305594144400175e+02,3.344775399999999763e+02
1.610758512927972674e+02,3.344775399999999763e+02
1.610850354987212256e+02,3.344775399999999763e+02
1.612122193124023113e+02,3.344775399999999763e+02
1.608671880546074817e+02,3.344775399999999763e+02
1.613485873320073551e+02,3.344775399999999763e+02
1.613578102898550810e+02,3.344775399999999763e+02
1.614849553516124274e+02,3.344775399999999763e+02
1.613762640704945852e+02,3.344775399999999763e+02
1.616213233712174997e+02,3.344775399999999763e+02
1.616305850809889080e+02,3.344775399999999763e+02
1.617576913908225436e+02,3.344775399999999763e+02
3.991259200000000078e+02,5.122350999999999885e+02
1.618940594104275874e+02,1.416257300000000043e+02
1.619033598721227634e+02,1.416257300000000043e+02
1.620304274300326597e+02,1.416257300000000043e+02
1.619219687265491530e+02,1.416257300000000043e+02
1.621667954496377320e+02,1.416257300000000043e+02
1.621761346632566188e+02,1.416257300000000043e+02
1.623031634692427758e+02,1.416257300000000043e+02
1.619592181911262685e+02,1.416257300000000043e+02
1.624395314888478197e+02,1.416257300000000043e+02
1.624489094543904457e+02,1.416257300000000043e+02
1.625758995084528920e+02,1.416257300000000043e+02
1.624676733826037491e+02,1.416257300000000043e+02
1.627122675280579642e+02,1.416257300000000043e+02
1.627216842455243011e+02,1.416257300000000043e+02
1.628486355476630081e+02,1.416257300000000043e+02
1.620338443963553345e+02,1.416257300000000043e+02
1.629850035672680519e+02,1.416257300000000043e+02
1.629944590366581565e+02,1.416257300000000043e+02
1.631213715868731242e+02,1.416257300000000043e+02
1.630133780386583169e+02,1.416257300000000043e+02
1.632577396064781965e+02,1.416257300000000043e+02
1.632672338277919835e+02,1.416257300000000043e+02
1.633941076260832403e+02,1.416257300000000043e+02
1.630512483276450553e+02,1.416257300000000043e+02
1.635304756456882842e+02,1.416257300000000043e+02
1.635400086189258104e+02,1.416257300000000043e+02
1.636668436652933565e+02,1.416257300000000043e+02
1.635590826947129131e+02,1.416257300000000043e+02
1.638032116848984288e+02,1.416257300000000043e+02
1.638127834100596942e+02,1.416257300000000043e+02
1.639395797045034726e+02,1.416257300000000043e+02
1.621836079452054662e+02,1.416257300000000043e+02
1.640759477241085165e+02,1.416257300000000043e+02
1.640855582011935212e+02,1.416257300000000043e+02
1.642123157437135887e+02,1.416257300000000043e+02
1.641047873507674808e+02,1.416257300000000043e+02
1.643486837633186610e+02,1.416257300000000043e+02
1.643583329923273482e+02,1.416257300000000043e+02
1.644850517829237049e+02,1.416257300000000043e+02
1.641432784641638136e+02,1.416257300000000043e+02
1.646214198025287487e+02,1.416257300000000043e+02
1.646311077834612036e+02,1.416257300000000043e+02
1.647577878221338210e+02,1.416257300000000043e+02
1.646504920068220486e+02,1.416257300000000043e+02
1.648941558417388649e+02,1.416257300000000043e+02
1.649038825745950589e+02,1.416257300000000043e+02
1.650305238613439087e+02,1.416257300000000043e+02
1.642203922095671942e+02,1.416257300000000043e+02
1.651668918809489810e+02,1.416257300000000043e+02
1.651766573657288859e+02,1.416257300000000043e+02
1.653032599005540533e+02,1.416257300000000043e+02
1.651961966628766163e+02,1.416257300000000043e+02
1.654396279201590971e+02,1.416257300000000043e+02
1.654494321568627413e+02,1.416257300000000043e+02
1.655759959397641410e+02,1.416257300000000043e+02
1.652353086006825720e+02,1.416257300000000043e+02
1.657123639593692133e+02,1.416257300000000043e+02
1.657222069479965967e+02,1.416257300000000043e+02
1.658487319789742855e+02,1.416257300000000043e+02
1.657419013189311841e+02,1.416257300000000043e+02
1.659850999985793294e+02,1.416257300000000043e+02
1.659949817391304236e+02,1.416257300000000043e+02
1.661214680181843732e+02,1.416257300000000043e+02
3.890328000000000088e+02,5.297655999999999494e+02
1.662578360377894455e+02,1.416257300000000043e+02
1.662677565302642790e+02,1.416257300000000043e+02
1.663942040573945178e+02,1.416257300000000043e+02
1.662876059749857802e+02,1.416257300000000043e+02
1.665305720769995617e+02,1.416257300000000043e+02
1.665405313213981344e+02,1.416257300000000043e+02
1.666669400966046055e+02,1.416257300000000043e+02
1.663273387372013588e+02,1.416257300000000043e+02
1.668033081162096778e+02,1.416257300000000043e+02
1.668133061125319614e+02,1.416257300000000043e+02
1.669396761358147501e+02,1.416257300000000043e+02
1.668333106310403764e+02,1.416257300000000043e+02
1.670760441554197939e+02,1.416257300000000043e+02
1.670860809036658168e+02,1.416257300000000043e+02
1.672124121750248378e+02,1.416257300000000043e+02
1.664069400227790538e+02,1.416257300000000043e+02
1.673487801946299101e+02,1.416257300000000043e+02
1.673588556947996722e+02,1.416257300000000043e+02
1.674851482142349823e+02,1.416257300000000043e+02
1.673790152870949441e+02,1.416257300000000043e+02
1.676215162338400262e+02,1.416257300000000043e+02
1.676316304859334991e+02,1.416257300000000043e+02
1.677578842534450700e+02,1.416257300000000043e+02
1.674193688737201455e+02,1.416257300000000043e+02
1.678942522730501423e+02,1.416257300000000043e+02
1.679044052770673545e+02,1.416257300000000043e+02
1.680306202926551862e+02,1.416257300000000043e+02
1.679247199431495119e+02,1.416257300000000043e+02
1.681669883122602300e+02,1.416257300000000043e+02
1.681771800682012099e+02,1.416257300000000043e+02
1.683033563318653023e+02,1.416257300000000043e+02
1.665666878082191715e+02,1.416257300000000043e+02
1.684397243514703746e+02,1.416257300000000043e+02
1.684499548593350369e+02,1.416257300000000043e+02
1.685760923710754184e+02,1.416257300000000043e+02
1.684704245992040796e+02,1.416257300000000043e+02
1.687124603906804623e+02,1.416257300000000043e+02
1.687227296504688638e+02,1.416257300000000043e+02
1.688488284102855346e+02,1.416257300000000043e+02
1.685113990102389039e+02,1.416257300000000043e+02
1.689851964298906069e+02,1.416257300000000043e+02
1.689955044416027476e+02,1.416257300000000043e+02
1.691215644494956507e+02,1.416257300000000043e+02
1.690161292552586474e+02,1.416257300000000043e+02
1.692579324691006946e+02,1.416257300000000043e+02
1.692682792327365746e+02,1.416257300000000043e+02
1.693943004887057668e+02,1.416257300000000043e+02
1.685934878359908851e+02,1.416257300000000043e+02
1.695306685083108391e+02,1.416257300000000043e+02
1.695410540238704016e+02,1.416257300000000043e+02
1.696670365279158830e+02,1.416257300000000043e+02
1.695618339113132436e+02,1.416257300000000043e+02
1.698034045475209268e+02,1.416257300000000043e+02
1.698138288150042570e+02,1.416257300000000043e+02
1.699397725671259991e+02,1.416257300000000043e+02
1.696034291467576622e+02,1.416257300000000043e+02
1.700761405867310714e+02,1.416257300000000043e+02
1.700866036061381124e+02,1.416257300000000043e+02
1.702125086063361152e+02,1.416257300000000043e+02
1.701075385673678113e+02,1.416257300000000043e+02
1.703488766259411591e+02,1.416257300000000043e+02
1.703593783972719393e+02,1.416257300000000043e+02
1.704852446455462314e+02,1.416257300000000043e+02
3.743266300000000228e+02,5.457585400000000391e+02
1.706216126651513036e+02,1.416257300000000043e+02
1.706321531884057947e+02,1.416257300000000043e+02
1.707579806847563475e+02,1.416257300000000043e+02
1.706532432234224075e+02,1.416257300000000043e+02
1.708943487043613914e+02,1.416257300000000043e+02
1.709049279795396501e+02,1.416257300000000043e+02
1.710307167239664636e+02,1.416257300000000043e+02
1.706954592832764490e+02,1.416257300000000043e+02
1.711670847435715359e+02,1.416257300000000043e+02
1.711777027706734771e+02,1.416257300000000043e+02
1.713034527631765798e+02,1.416257300000000043e+02
1.711989478794769752e+02,1.416257300000000043e+02
1.714398207827816236e+02,1.416257300000000043e+02
1.714504775618073324e+02,1.416257300000000043e+02
1.715761888023866959e+02,1.416257300000000043e+02
1.707800356492027163e+02,1.416257300000000043e+02
1.717125568219917398e+02,1.416257300000000043e+02
1.717232523529411878e+02,1.416257300000000043e+02
1.718489248415967836e+02,1.416257300000000043e+02
1.717446525355315430e+02,1.416257300000000043e+02
1.719852928612018559e+02,1.416257300000000043e+02
1.719960271440750148e+02,1.416257300000000043e+02
1.721216608808069282e+02,1.416257300000000043e+02
1.717874894197952358e+02,1.416257300000000043e+02
1.722580289004119720e+02,1.416257300000000043e+02
1.722688019352088702e+02,1.416257300000000043e+02
1.723943969200170159e+02,1.416257300000000043e+02
1.722903571915861107e+02,1.416257300000000043e+02
1.725307649396220881e+02,1.416257300000000043e+02
1.725415767263427256e+02,1.416257300000000043e+02
1.726671329592271604e+02,1.416257300000000043e+02
1.709497676712328769e+02,1.416257300000000043e+02
1.728035009788322043e+02,1.416257300000000043e+02
1.728143515174765525e+02,1.416257300000000043e+02
1.729398689984372481e+02,1.416257300000000043e+02
1.728360618476406785e+02,1.416257300000000043e+02
1.730762370180423204e+02,1.416257300000000043e+02
1.730871263086103795e+02,1.416257300000000043e+02
1.732126050376473927e+02,1.416257300000000043e+02
1.728795195563139941e+02,1.416257300000000043e+02
1.733489730572524365e+02,1.416257300000000043e+02
1.733599010997442633e+02,1.416257300000000043e+02
1.734853410768574804e+02,1.416257300000000043e+02
1.733817665036952747e+02,1.416257300000000043e+02
1.736217090964625527e+02,1.416257300000000043e+02
1.736326758908780903e+02,1.416257300000000043e+02
1.737580771160676250e+02,1.416257300000000043e+02
1.729665834624145759e+02,1.416257300000000043e+02
1.738944451356726688e+02,1.416257300000000043e+02
1.739054506820119173e+02,1.416257300000000043e+02
1.740308131552777127e+02,1.416257300000000043e+02
1.739274711597498708e+02,1.416257300000000043e+02
1.741671811748827849e+02,1.416257300000000043e+02
1.741782254731457726e+02,1.416257300000000043e+02
1.743035491944878572e+02,1.416257300000000043e+02
1.739715496928327525e+02,1.416257300000000043e+02
1.744399172140929011e+02,1.416257300000000043e+02
1.744510002642796280e+02,1.416257300000000043e+02
1.745762852336979449e+02,1.416257300000000043e+02
1.744731758158044386e+02,1.416257300000000043e+02
1.747126532533030172e+02,1.416257300000000043e+02
1.747237750554134550e+02,1.416257300000000043e+02
1.748490212729080895e+02,1.416257300000000043e+02
3.547001999999999953e+02,5.603218000000000529e+02
1.749853892925131333e+02,1.416257300000000043e+02
1.749965498465473104e+02,1.416257300000000043e+02
1.751217573121181772e+02,1.416257300000000043e+02
1.750188804718590063e+02,1.416257300000000043e+02
1.752581253317232495e+02,1.416257300000000043e+02
1.752693246376811658e+02,1.416257300000000043e+02
1.753944933513282933e+02,1.416257300000000043e+02
1.750635798293515109e+02,1.416257300000000043e+02
1.755308613709333372e+02,1.416257300000000043e+02
1.755420994288149927e+02,1.416257300000000043e+02
1.756672293905384095e+02,1.416257300000000043e+02
1.755645851279135741e+02,1.416257300000000043e+02
1.758035974101434817e+02,1.416257300000000043e+02
1.758148742199488481e+02,1.416257300000000043e+02
1.759399654297485256e+02,1.416257300000000043e+02
1.751531312756264356e+02,1.416257300000000043e+02
1.760763334493535694e+02,1.416257300000000043e+02
1.760876490110827035e+02,1.416257300000000043e+02
1.762127014689586417e+02,1.416257300000000043e+02
1.761102897839681418e+02,1.416257300000000043e+02
1.763490694885637140e+02,1.416257300000000043e+02
1.763604238022165305e+02,1.416257300000000043e+02
1.764854375081687579e+02,1.416257300000000043e+02
1.761556099658702976e+02,1.416257300000000043e+02
1.766218055277738017e+02,1.416257300000000043e+02
1.766331985933503859e+02,1.416257300000000043e+02
1.767581735473788740e+02,1.416257300000000043e+02
1.766559944400227380e+02,1.416257300000000043e+02
1.768945415669839463e+02,1.416257300000000043e+02
1.769059733844842413e+02,1.416257300000000043e+02
1.770309095865889901e+02,1.416257300000000043e+02
1.753328475342465822e+02,1.416257300000000043e+02
1.771672776061940340e+02,1.416257300000000043e+02
1.771787481756180682e+02,1.416257300000000043e+02
1.773036456257991063e+02,1.416257300000000043e+02
1.772016990960773057e+02,1.416257300000000043e+02
1.774400136454041785e+02,1.416257300000000043e+02
1.774515229667519236e+02,1.416257300000000043e+02
1.775763816650092224e+02,1.416257300000000043e+02
1.772476401023890844e+02,1.416257300000000043e+02
1.777127496846142662e+02,1.416257300000000043e+02
1.777242977578857790e+02,1.416257300000000043e+02
1.778491177042193385e+02,1.416257300000000043e+02
1.777474037521319019e+02,1.416257300000000043e+02
1.779854857238244108e+02,1.416257300000000043e+02
1.779970725490196060e+02,1.416257300000000043e+02
1.781218537434294547e+02,1.416257300000000043e+02
1.773396790888382668e+02,1.416257300000000043e+02
1.782582217630344985e+02,1.416257300000000043e+02
1.782698473401534329e+02,1.416257300000000043e+02
1.783945897826395708e+02,1.416257300000000043e+02
1.782931084081864697e+02,1.416257300000000043e+02
1.785309578022446146e+02,1.416257300000000043e+02
1.785426221312873167e+02,1.416257300000000043e+02
1.786673258218496585e+02,1.416257300000000043e+02
1.783396702389078428e+02,1.416257300000000043e+02
1.788036938414547308e+02,1.416257300000000043e+02
1.788153969224211437e+02,1.416257300000000043e+02
1.789400618610598031e+02,1.416257300000000043e+02
1.788388130642410374e+02,1.416257300000000043e+02
1.790764298806648469e+02,1.416257300000000043e+02
1.790881717135549707e+02,1.416257300000000043e+02
1.792127979002698908e+02,1.416257300000000043e+02
3.367566499999999792e+02,5.673513000000000375e+02
1.793491659198749630e+02,3.559793700000000172e+02
1.793609465046888261e+02,3.559793700000000172e+02
1.794855339394800353e+02,3.559793700000000172e+02
1.793845177202956052e+02,3.559793700000000172e+02
1.796219019590850792e+02,3.559793700000000172e+02
1.796337212958226814e+02,3.559793700000000172e+02
1.797582699786901230e+02,3.559793700000000172e+02
1.794317003754266011e+02,3.559793700000000172e+02
1.798946379982951953e+02,3.559793700000000172e+02
1.799064960869565084e+02,3.559793700000000172e+02
1.800310060179002676e+02,3.559793700000000172e+02
1.799302223763501729e+02,3.559793700000000172e+02
1.801673740375053114e+02,3.559793700000000172e+02
1.801792708780903638e+02,3.559793700000000172e+02
1.803037420571103553e+02,3.559793700000000172e+02
1.795262269020500980e+02,3.559793700000000172e+02
1.804401100767154276e+02,3.559793700000000172e+02
1.804520456692242192e+02,3.559793700000000172e+02
1.805764780963204998e+02,3.559793700000000172e+02
1.804759270324047691e+02,3.559793700000000172e+02
1.807128461159255437e+02,3.559793700000000172e+02
1.807248204603580461e+02,3.559793700000000172e+02
1.808492141355305876e+02,3.559793700000000172e+02
1.805237305119453879e+02,3.559793700000000172e+02
1.809855821551356598e+02,3.559793700000000172e+02
1.809975952514919015e+02,3.559793700000000172e+02
1.811219501747407321e+02,3.559793700000000172e+02
1.810216316884593368e+02,3.559793700000000172e+02
1.812583181943457760e+02,3.559793700000000172e+02
1.812703700426257569e+02,3.559793700000000172e+02
1.813946862139508198e+02,3.559793700000000172e+02
1.797159273972602591e+02,3.559793700000000172e+02
1.815310542335558921e+02,3.559793700000000172e+02
1.815431448337595839e+02,3.559793700000000172e+02
1.816674222531609644e+02,3.559793700000000172e+02
1.815673363445139330e+02,3.559793700000000172e+02
1.818037902727660082e+02,3.559793700000000172e+02
1.818159196248934393e+02,3.559793700000000172e+02
1.819401582923710521e+02,3.559793700000000172e+02
1.816157606484641747e+02,3.559793700000000172e+02
1.820765263119761244e+02,3.559793700000000172e+02
1.820886944160272947e+02,3.559793700000000172e+02
1.822128943315811682e+02,3.559793700000000172e+02
1.821130410005685007e+02,3.559793700000000172e+02
1.823492623511862121e+02,3.559793700000000172e+02
1.823614692071611216e+02,3.559793700000000172e+02
1.824856303707912843e+02,3.559793700000000172e+02
1.817127747152619577e+02,3.559793700000000172e+02
1.826219983903963566e+02,3.559793700000000172e+02
1.826342439982949486e+02,3.559793700000000172e+02
1.827583664100014005e+02,3.559793700000000172e+02
1.826587456566230685e+02,3.559793700000000172e+02
1.828947344296064443e+02,3.559793700000000172e+02
1.829070187894288324e+02,3.559793700000000172e+02
1.830311024492115166e+02,3.559793700000000172e+02
1.827077907849829330e+02,3.559793700000000172e+02
1.831674704688165889e+02,3.559793700000000172e+02
1.831797935805626594e+02,3.559793700000000172e+02
1.833038384884216327e+02,3.559793700000000172e+02
1.832044503126776362e+02,3.559793700000000172e+02
1.834402065080266766e+02,3.559793700000000172e+02
1.834525683716964863e+02,3.559793700000000172e+02
1.835765745276317489e+02,3.559793700000000172e+02
3.231127299999999991e+02,5.694070000000000391e+02
1.837129425472368212e+02,3.559793700000000172e+02
1.837253431628303417e+02,3.559793700000000172e+02
1.838493105668418650e+02,3.559793700000000172e+02
1.837501549687322324e+02,3.559793700000000172e+02
1.839856785864469089e+02,3.559793700000000172e+02
1.839981179539641971e+02,3.559793700000000172e+02
1.841220466060519811e+02,3.559793700000000172e+02
1.837998209215016914e+02,3.559793700000000172e+02
1.842584146256570534e+02,3.559793700000000172e+02
1.842708927450980241e+02,3.559793700000000172e+02
1.843947826452620973e+02,3.559793700000000172e+02
1.842958596247868002e+02,3.559793700000000172e+02
1.845311506648671411e+02,3.559793700000000172e+02
1.845436675362318795e+02,3.559793700000000172e+02
1.846675186844722134e+02,3.559793700000000172e+02
1.838993225284738173e+02,3.559793700000000172e+02
1.848038867040772857e+02,3.559793700000000172e+02
1.848164423273657349e+02,3.559793700000000172e+02
1.849402547236823295e+02,3.559793700000000172e+02
1.848415642808413963e+02,3.559793700000000172e+02
1.850766227432873734e+02,3.559793700000000172e+02
1.850892171184995618e+02,3.559793700000000172e+02
1.852129907628924457e+02,3.559793700000000172e+02
1.848918510580204497e+02,3.559793700000000172e+02
1.853493587824975180e+02,3.559793700000000172e+02
1.853619919096334172e+02,3.559793700000000172e+02
1.854857268021025334e+02,3.559793700000000172e+02
1.853872689368959641e+02,3.559793700000000172e+02
1.856220948217076057e+02,3.559793700000000172e+02
1.856347667007672726e+02,3.559793700000000172e+02
1.857584628413126779e+02,3.559793700000000172e+02
1.840990072602739644e+02,3.559793700000000172e+02
1.858948308609177218e+02,3.559793700000000172e+02
1.859075414919010996e+02,3.559793700000000172e+02
1.860311988805227656e+02,3.559793700000000172e+02
1.859329735929505318e+02,3.559793700000000172e+02
1.861675669001278379e+02,3.559793700000000172e+02
1.861803162830349549e+02,3.559793700000000172e+02
1.863039349197329102e+02,3.559793700000000172e+02
1.859838811945392365e+02,3.559793700000000172e+02
1.864403029393379541e+02,3.559793700000000172e+02
1.864530910741688103e+02,3.559793700000000172e+02
1.865766709589429979e+02,3.559793700000000172e+02
1.864786782490050996e+02,3.559793700000000172e+02
1.867130389785480702e+02,3.559793700000000172e+02
1.867258658653026373e+02,3.559793700000000172e+02
1.868494069981531425e+02,3.559793700000000172e+02
1.860858703416856486e+02,3.559793700000000172e+02
1.869857750177581863e+02,3.559793700000000172e+02
1.869986406564364927e+02,3.559793700000000172e+02
1.871221430373632302e+02,3.559793700000000172e+02
1.870243829050596673e+02,3.559793700000000172e+02
1.872585110569683025e+02,3.559793700000000172e+02
1.872714154475703481e+02,3.559793700000000172e+02
1.873948790765733747e+02,3.559793700000000172e+02
1.870759113310580233e+02,3.559793700000000172e+02
1.875312470961784186e+02,3.559793700000000172e+02
1.875441902387041750e+02,3.559793700000000172e+02
1.876676151157834624e+02,3.559793700000000172e+02
1.875700875611142635e+02,3.559793700000000172e+02
1.878039831353885347e+02,3.559793700000000172e+02
1.878169650298380020e+02,3.559793700000000172e+02
1.879403511549936070e+02,3.559793700000000172e+02
3.141521000000000186e+02,5.675306399999999485e+02
1.880767191745986509e+02,3.559793700000000172e+02
1.880897398209718858e+02,3.559793700000000172e+02
1.882130871942036947e+02,3.559793700000000172e+02
1.881157922171688313e+02,3.559793700000000172e+02
1.883494552138087670e+02,3.559793700000000172e+02
1.883625146121057128e+02,3.559793700000000172e+02
1.884858232334138393e+02,3.559793700000000172e+02
1.881679414675767816e+02,3.559793700000000172e+02
1.886221912530188831e+02,3.559793700000000172e+02
1.886352894032395398e+02,3.559793700000000172e+02
1.887585592726239270e+02,3.559793700000000172e+02
1.886614968732234274e+02,3.559793700000000172e+02
1.888949272922289992e+02,3.559793700000000172e+02
1.889080641943733951e+02,3.559793700000000172e+02
1.890312953118340431e+02,3.559793700000000172e+02
1.882724181548974798e+02,3.559793700000000172e+02
1.891676633314390870e+02,3.559793700000000172e+02
1.891808389855072505e+02,3.559793700000000172e+02
1.893040313510441592e+02,3.559793700000000172e+02
1.892072015292779952e+02,3.559793700000000172e+02
1.894403993706492315e+02,3.559793700000000172e+02
1.894536137766410775e+02,3.559793700000000172e+02
1.895767673902542754e+02,3.559793700000000172e+02
1.892599716040955400e+02,3.559793700000000172e+02
1.897131354098593192e+02,3.559793700000000172e+02
1.897263885677749329e+02,3.559793700000000172e+02
1.898495034294643915e+02,3.559793700000000172e+02
1.897529061853325629e+02,3.559793700000000172e+02
1.899858714490694638e+02,3.559793700000000172e+02
1.899991633589087883e+02,3.559793700000000172e+02
1.901222394686745076e+02,3.559793700000000172e+02
1.884820871232876698e+02,3.559793700000000172e+02
1.902586074882795515e+02,3.559793700000000172e+02
1.902719381500426152e+02,3.559793700000000172e+02
1.903949755078846238e+02,3.559793700000000172e+02
1.902986108413871307e+02,3.559793700000000172e+02
1.905313435274896960e+02,3.559793700000000172e+02
1.905447129411764706e+02,3.559793700000000172e+02
1.906677115470947399e+02,3.559793700000000172e+02
1.903520017406143268e+02,3.559793700000000172e+02
1.908040795666997838e+02,3.559793700000000172e+02
1.908174877323103260e+02,3.559793700000000172e+02
1.909404475863048560e+02,3.559793700000000172e+02
1.908443154974416984e+02,3.559793700000000172e+02
1.910768156059099283e+02,3.559793700000000172e+02
1.910902625234441530e+02,3.559793700000000172e+02
1.912131836255149722e+02,3.559793700000000172e+02
1.904589659681093394e+02,3.559793700000000172e+02
1.913495516451200160e+02,3.559793700000000172e+02
1.913630373145780084e+02,3.559793700000000172e+02
1.914859196647250883e+02,3.559793700000000172e+02
1.913900201534962946e+02,3.559793700000000172e+02
1.916222876843301606e+02,3.559793700000000172e+02
1.916358121057118638e+02,3.559793700000000172e+02
1.917586557039352044e+02,3.559793700000000172e+02
1.914440318771331135e+02,3.559793700000000172e+02
1.918950237235402483e+02,3.559793700000000172e+02
1.919085868968456907e+02,3.559793700000000172e+02
1.920313917431453206e+02,3.559793700000000172e+02
1.919357248095508908e+02,3.559793700000000172e+02
1.921677597627503928e+02,3.559793700000000172e+02
1.921813616879795177e+02,3.559793700000000172e+02
1.923041277823554367e+02,3.559793700000000172e+02
3.085602999999999838e+02,5.638504599999999982e+02
1.924404958019604805e+02,3.559793700000000172e+02
1.924541364791134015e+02,3.559793700000000172e+02
1.925768638215655528e+02,3.559793700000000172e+02
1.924814294656054585e+02,3.559793700000000172e+02
1.927132318411705967e+02,3.559793700000000172e+02
1.927269112702472285e+02,3.559793700000000172e+02
1.928495998607756405e+02,3.559793700000000172e+02
1.925360620136518719e+02,3.559793700000000172e+02
1.929859678803807128e+02,3.559793700000000172e+02
1.929996860613810554e+02,3.559793700000000172e+02
1.931223358999857851e+02,3.559793700000000172e+02
1.930271341216600263e+02,3.559793700000000172e+02
1.932587039195908289e+02,3.559793700000000172e+02
1.932724608525149392e+02,3.559793700000000172e+02
1.933950719391958728e+02,3.559793700000000172e+02
1.926455137813211991e+02,3.559793700000000172e+02
1.935314399588009451e+02,3.559793700000000172e+02
1.935452356436487662e+02,3.559793700000000172e+02
1.936678079784060174e+02,3.559793700000000172e+02
1.935728387777145940e+02,3.559793700000000172e+02
1.938041759980110612e+02,3.559793700000000172e+02
1.938180104347825932e+02,3.559793700000000172e+02
1.939405440176161051e+02,3.559793700000000172e+02
1.936280921501706302e+02,3.559793700000000172e+02
1.940769120372211773e+02,3.559793700000000172e+02
1.940907852259164486e+02,3.559793700000000172e+02
1.942132800568262496e+02,3.559793700000000172e+02
1.941185434337691618e+02,3.559793700000000172e+02
1.943496480764312935e+02,3.559793700000000172e+02
1.943635600170503039e+02,3.559793700000000172e+02
1.944860160960363373e+02,3.559793700000000172e+02
1.928651669863013467e+02,3.559793700000000172e+02
1.946223841156414096e+02,3.559793700000000172e+02
1.946363348081841309e+02,3.559793700000000172e+02
1.947587521352464819e+02,3.559793700000000172e+02
1.946642480898237579e+02,3.559793700000000172e+02
1.948951201548515257e+02,3.559793700000000172e+02
1.949091095993179863e+02,3.559793700000000172e+02
1.950314881744565696e+02,3.559793700000000172e+02
1.947201222866894170e+02,3.559793700000000172e+02
1.951678561940616419e+02,3.559793700000000172e+02
1.951818843904518417e+02,3.559793700000000172e+02
1.953042242136667141e+02,3.559793700000000172e+02
1.952099527458783257e+02,3.559793700000000172e+02
1.954405922332717580e+02,3.559793700000000172e+02
1.954546591815856686e+02,3.559793700000000172e+02
1.955769602528768019e+02,3.559793700000000172e+02
1.948320615945330303e+02,3.559793700000000172e+02
1.957133282724818741e+02,3.559793700000000172e+02
1.957274339727195240e+02,3.559793700000000172e+02
1.958496962920869464e+02,3.559793700000000172e+02
1.957556574019329219e+02,3.559793700000000172e+02
1.959860643116919618e+02,3.559793700000000172e+02
1.960002087638533794e+02,3.559793700000000172e+02
1.961224323312970341e+02,3.559793700000000172e+02
1.958121524232081754e+02,3.559793700000000172e+02
1.962588003509021064e+02,3.559793700000000172e+02
1.962729835549872064e+02,3.559793700000000172e+02
1.963951683705071503e+02,3.559793700000000172e+02
1.963013620579874896e+02,3.559793700000000172e+02
1.965315363901121941e+02,3.559793700000000172e+02
1.965457583461210618e+02,3.559793700000000172e+02
1.966679044097172664e+02,3.559793700000000172e+02
3.061510000000000105e+02,5.579375000000000000e+02
1.968042724293223387e+02,1.216146240000000063e+02
1.968185331372549172e+02,1.216146240000000063e+02
1.969406404489273825e+02,1.216146240000000063e+02
1.968470667140420574e+02,1.216146240000000063e+02
1.970770084685324264e+02,1.216146240000000063e+02
1.970913079283887441e+02,1.216146240000000063e+02
1.972133764881374987e+02,1.216146240000000063e+02
1.969041825597269622e+02,1.216146240000000063e+02
1.973497445077425709e+02,1.216146240000000063e+02
1.973640827195225711e+02,1.216146240000000063e+02
1.974861125273476148e+02,1.216146240000000063e+02
1.973927713700966251e+02,1.216146240000000063e+02
1.976224805469526586e+02,1.216146240000000063e+02
1.976368575106564549e+02,1.216146240000000063e+02
1.977588485665577309e+02,1.216146240000000063e+02
1.970186094077448615e+02,1.216146240000000063e+02
1.978952165861628032e+02,1.216146240000000063e+02
1.979096323017902819e+02,1.216146240000000063e+02
1.980315846057678471e+02,1.216146240000000063e+02
1.979384760261511929e+02,1.216146240000000063e+02
1.981679526253728909e+02,1.216146240000000063e+02
1.981824070929241088e+02,1.216146240000000063e+02
1.983043206449779632e+02,1.216146240000000063e+02
1.979962126962457205e+02,1.216146240000000063e+02
1.984406886645830355e+02,1.216146240000000063e+02
1.984551818840579642e+02,1.216146240000000063e+02
1.985770566841880793e+02,1.216146240000000063e+02
1.984841806822057890e+02,1.216146240000000063e+02
1.987134247037931232e+02,1.216146240000000063e+02
1.987279566751918196e+02,1.216146240000000063e+02
1.988497927233981954e+02,1.216146240000000063e+02
1.972482468493150520e+02,1.216146240000000063e+02
1.989861607430032677e+02,1.216146240000000063e+02
1.990007314663256466e+02,1.216146240000000063e+02
1.991225287626083116e+02,1.216146240000000063e+02
1.990298853382603852e+02,1.216146240000000063e+02
1.992588967822133554e+02,1.216146240000000063e+02
1.992735062574595020e+02,1.216146240000000063e+02
1.993952648018184277e+02,1.216146240000000063e+02
1.990882428327644789e+02,1.216146240000000063e+02
1.995316328214234716e+02,1.216146240000000063e+02
1.995462810485933574e+02,1.216146240000000063e+02
1.996680008410285154e+02,1.216146240000000063e+02
1.995755899943149529e+02,1.216146240000000063e+02
1.998043688606335877e+02,1.216146240000000063e+02
1.998190558397271843e+02,1.216146240000000063e+02
1.999407368802386600e+02,1.216146240000000063e+02
1.992051572209567212e+02,1.216146240000000063e+02
2.000771048998437038e+02,1.216146240000000063e+02
2.000918306308610397e+02,1.216146240000000063e+02
2.002134729194487477e+02,1.216146240000000063e+02
2.001212946503695207e+02,1.216146240000000063e+02
2.003498409390538200e+02,1.216146240000000063e+02
2.003646054219948951e+02,1.216146240000000063e+02
2.004862089586588922e+02,1.216146240000000063e+02
2.001802729692832656e+02,1.216146240000000063e+02
2.006225769782639361e+02,1.216146240000000063e+02
2.006373802131287221e+02,1.216146240000000063e+02
2.007589449978689800e+02,1.216146240000000063e+02
2.006669993064240884e+02,1.216146240000000063e+02
2.008953130174740522e+02,1.216146240000000063e+02
2.009101550042625774e+02,1.216146240000000063e+02
2.010316810370791245e+02,1.216146240000000063e+02
3.108708500000000186e+02,5.368053999999999633e+02
2.011680490566841684e+02,1.216146240000000063e+02
2.011829297953964328e+02,1.216146240000000063e+02
2.013044170762892122e+02,1.216146240000000063e+02
2.012127039624786562e+02,1.216146240000000063e+02
2.014407850958942845e+02,1.216146240000000063e+02
2.014557045865302598e+02,1.216146240000000063e+02
2.015771531154993568e+02,1.216146240000000063e+02
2.012723031058020524e+02,1.216146240000000063e+02
2.017135211351044006e+02,1.216146240000000063e+02
2.017284793776641152e+02,1.216146240000000063e+02
2.018498891547094445e+02,1.216146240000000063e+02
2.017584086185332524e+02,1.216146240000000063e+02
2.019862571743145168e+02,1.216146240000000063e+02
2.020012541687979706e+02,1.216146240000000063e+02
2.021226251939195890e+02,1.216146240000000063e+02
2.013917050341685524e+02,1.216146240000000063e+02
2.022589932135246329e+02,1.216146240000000063e+02
2.022740289599317975e+02,1.216146240000000063e+02
2.023953612331296767e+02,1.216146240000000063e+02
2.023041132745878201e+02,1.216146240000000063e+02
2.025317292527347490e+02,1.216146240000000063e+02
2.025468037510656245e+02,1.216146240000000063e+02
2.026680972723398213e+02,1.216146240000000063e+02
2.023643332423208108e+02,1.216146240000000063e+02
2.028044652919448652e+02,1.216146240000000063e+02
2.028195785421995083e+02,1.216146240000000063e+02
2.029408333115499090e+02,1.216146240000000063e+02
2.028498179306424163e+02,1.216146240000000063e+02
2.030772013311549813e+02,1.216146240000000063e+02
2.030923533333333353e+02,1.216146240000000063e+02
2.032135693507600251e+02,1.216146240000000063e+02
2.016313267123287574e+02,1.216146240000000063e+02
2.033499373703650690e+02,1.216146240000000063e+02
2.033651281244671623e+02,1.216146240000000063e+02
2.034863053899701413e+02,1.216146240000000063e+02
2.033955225866969840e+02,1.216146240000000063e+02
2.036226734095752136e+02,1.216146240000000063e+02
2.036379029156010176e+02,1.216146240000000063e+02
2.037590414291802574e+02,1.216146240000000063e+02
2.034563633788395691e+02,1.216146240000000063e+02
2.038954094487853013e+02,1.216146240000000063e+02
2.039106777067348730e+02,1.216146240000000063e+02
2.040317774683903735e+02,1.216146240000000063e+02
2.039412272427515518e+02,1.216146240000000063e+02
2.041681454879954458e+02,1.216146240000000063e+02
2.041834524978687000e+02,1.216146240000000063e+02
2.043045135076004897e+02,1.216146240000000063e+02
2.035782528473803836e+02,1.216146240000000063e+02
2.044408815272055335e+02,1.216146240000000063e+02
2.044562272890025554e+02,1.216146240000000063e+02
2.045772495468106058e+02,1.216146240000000063e+02
2.044869318988061195e+02,1.216146240000000063e+02
2.047136175664156781e+02,1.216146240000000063e+02
2.047290020801364108e+02,1.216146240000000063e+02
2.048499855860207219e+02,1.216146240000000063e+02
2.045483935153583559e+02,1.216146240000000063e+02
2.049863536056257658e+02,1.216146240000000063e+02
2.050017768712702377e+02,1.216146240000000063e+02
2.051227216252308381e+02,1.216146240000000063e+02
2.050326365548606873e+02,1.216146240000000063e+02
2.052590896448359103e+02,1.216146240000000063e+02
2.052745516624040931e+02,1.216146240000000063e+02
2.053954576644409542e+02,1.216146240000000063e+02
3.251013800000000060e+02,5.191539299999999457e+02
2.055318256840459981e+02,1.216146240000000063e+02
2.055473264535379485e+02,1.216146240000000063e+02
2.056681937036510703e+02,1.216146240000000063e+02
2.055783412109152835e+02,1.216146240000000063e+02
2.058045617232561426e+02,1.216146240000000063e+02
2.058201012446717755e+02,1.216146240000000063e+02
2.059409297428611865e+02,1.216146240000000063e+02
2.056404236518771427e+02,1.216146240000000063e+02
2.060772977624662303e+02,1.216146240000000063e+02
2.060928760358056309e+02,1.216146240000000063e+02
2.062136657820713026e+02,1.216146240000000063e+02
2.061240458669698512e+02,1.216146240000000063e+02
2.063500338016763749e+02,1.216146240000000063e+02
2.063656508269394863e+02,1.216146240000000063e+02
2.064864018212813903e+02,1.216146240000000063e+02
2.057648006605922433e+02,1.216146240000000063e+02
2.066227698408864626e+02,1.216146240000000063e+02
2.066384256180733132e+02,1.216146240000000063e+02
2.067591378604915349e+02,1.216146240000000063e+02
2.066697505230244474e+02,1.216146240000000063e+02
2.068955058800965787e+02,1.216146240000000063e+02
2.069112004092071402e+02,1.216146240000000063e+02
2.070318738997016226e+02,1.216146240000000063e+02
2.067324537883959010e+02,1.216146240000000063e+02
2.071682419193066949e+02,1.216146240000000063e+02
2.071839752003410240e+02,1.216146240000000063e+02
2.073046099389117671e+02,1.216146240000000063e+02
2.072154551790790151e+02,1.216146240000000063e+02
2.074409779585168110e+02,1.216146240000000063e+02
2.074567499914748510e+02,1.216146240000000063e+02
2.075773459781218548e+02,1.216146240000000063e+02
2.060144065753424627e+02,1.216146240000000063e+02
2.077137139977269271e+02,1.216146240000000063e+02
2.077295247826086779e+02,1.216146240000000063e+02
2.078500820173319994e+02,1.216146240000000063e+02
2.077611598351335829e+02,1.216146240000000063e+02
2.079864500369370433e+02,1.216146240000000063e+02
2.080022995737425333e+02,1.216146240000000063e+02
2.081228180565420871e+02,1.216146240000000063e+02
2.078244839249146594e+02,1.216146240000000063e+02
2.082591860761471594e+02,1.216146240000000063e+02
2.082750743648763887e+02,1.216146240000000063e+02
2.083955540957522317e+02,1.216146240000000063e+02
2.083068644911881506e+02,1.216146240000000063e+02
2.085319221153572755e+02,1.216146240000000063e+02
2.085478491560102157e+02,1.216146240000000063e+02
2.086682901349623194e+02,1.216146240000000063e+02
2.079513484738041029e+02,1.216146240000000063e+02
2.088046581545673916e+02,1.216146240000000063e+02
2.088206239471440711e+02,1.216146240000000063e+02
2.089410261741724639e+02,1.216146240000000063e+02
2.088525691472427468e+02,1.216146240000000063e+02
2.090773941937775078e+02,1.216146240000000063e+02
2.090933987382779264e+02,1.216146240000000063e+02
2.092137622133825516e+02,1.216146240000000063e+02
2.089165140614334177e+02,1.216146240000000063e+02
2.093501302329876239e+02,1.216146240000000063e+02
2.093661735294117534e+02,1.216146240000000063e+02
2.094864982525926962e+02,1.216146240000000063e+02
2.093982738032973145e+02,1.216146240000000063e+02
2.096228662721977400e+02,1.216146240000000063e+02
2.096389483205456088e+02,1.216146240000000063e+02
2.097592342918027839e+02,1.216146240000000063e+02
3.523815299999999979e+02,4.994845000000000255e+02
2.098956023114078562e+02,3.735796000000000276e+02
2.099117231116794642e+02,3.735796000000000276e+02
2.100319703310129000e+02,3.735796000000000276e+02
2.099439784593519107e+02,3.735796000000000276e+02
2.101683383506179439e+02,3.735796000000000276e+02
2.101844979028132911e+02,3.735796000000000276e+02
2.103047063702230162e+02,3.735796000000000276e+02
2.100085441979522045e+02,3.735796000000000276e+02
2.104410743898280884e+02,3.735796000000000276e+02
2.104572726939471465e+02,3.735796000000000276e+02
2.105774424094331323e+02,3.735796000000000276e+02
2.104896831154064785e+02,3.735796000000000276e+02
2.107138104290381762e+02,3.735796000000000276e+02
2.107300474850810019e+02,3.735796000000000276e+02
2.108501784486432484e+02,3.735796000000000276e+02
2.101378962870159341e+02,3.735796000000000276e+02
2.109865464682483207e+02,3.735796000000000276e+02
2.110028222762148289e+02,3.735796000000000276e+02
2.111229144878533646e+02,3.735796000000000276e+02
2.110353877714610462e+02,3.735796000000000276e+02
2.112592825074584084e+02,3.735796000000000276e+02
2.112755970673486843e+02,3.735796000000000276e+02
2.113956505270634807e+02,3.735796000000000276e+02
2.111005743344709913e+02,3.735796000000000276e+02
2.115320185466685530e+02,3.735796000000000276e+02
2.115483718584825397e+02,3.735796000000000276e+02
2.116683865662735968e+02,3.735796000000000276e+02
2.115810924275156140e+02,3.735796000000000276e+02
2.118047545858786407e+02,3.735796000000000276e+02
2.118211466496163666e+02,3.735796000000000276e+02
2.119411226054837130e+02,3.735796000000000276e+02
2.103974864383561680e+02,3.735796000000000276e+02
2.120774906250887852e+02,3.735796000000000276e+02
2.120939214407501936e+02,3.735796000000000276e+02
2.122138586446938291e+02,3.735796000000000276e+02
2.121267970835701817e+02,3.735796000000000276e+02
2.123502266642988729e+02,3.735796000000000276e+02
2.123666962318840774e+02,3.735796000000000276e+02
2.124865946839039452e+02,3.735796000000000276e+02
2.121926044709897496e+02,3.735796000000000276e+02
2.126229627035090175e+02,3.735796000000000276e+02
2.126394710230179044e+02,3.735796000000000276e+02
2.127593307231140614e+02,3.735796000000000276e+02
2.126725017396247779e+02,3.735796000000000276e+02
2.128956987427191052e+02,3.735796000000000276e+02
2.129122458141517313e+02,3.735796000000000276e+02
2.130320667623241775e+02,3.735796000000000276e+02
2.123244441002277654e+02,3.735796000000000276e+02
2.131684347819292498e+02,3.735796000000000276e+02
2.131850206052855867e+02,3.735796000000000276e+02
2.133048028015342936e+02,3.735796000000000276e+02
2.132182063956793456e+02,3.735796000000000276e+02
2.134411708211393375e+02,3.735796000000000276e+02
2.134577953964194421e+02,3.735796000000000276e+02
2.135775388407444098e+02,3.735796000000000276e+02
2.132846346075085080e+02,3.735796000000000276e+02
2.137139068603494536e+02,3.735796000000000276e+02
2.137305701875532691e+02,3.735796000000000276e+02
2.138502748799544975e+02,3.735796000000000276e+02
2.137639110517339418e+02,3.735796000000000276e+02
2.139866428995595697e+02,3.735796000000000276e+02
2.140033449786871245e+02,3.735796000000000276e+02
2.141230109191646420e+02,3.735796000000000276e+02
3.793250400000000013e+02,4.833502199999999789e+02
2.142593789387696859e+02,3.735796000000000276e+02
2.142761197698209799e+02,3.735796000000000276e+02
2.143957469583747297e+02,3.735796000000000276e+02
2.143096157077885096e+02,3.735796000000000276e+02
2.145321149779798020e+02,3.735796000000000276e+02
2.145488945609548068e+02,3.735796000000000276e+02
2.146684829975848743e+02,3.735796000000000276e+02
2.143766647440272948e+02,3.735796000000000276e+02
2.148048510171899181e+02,3.735796000000000276e+02
2.148216693520886622e+02,3.735796000000000276e+02
2.149412190367949620e+02,3.735796000000000276e+02
2.148553203638430773e+02,3.735796000000000276e+02
2.150775870564000343e+02,3.735796000000000276e+02
2.150944441432225176e+02,3.735796000000000276e+02
2.152139550760051065e+02,3.735796000000000276e+02
2.145109919134396250e+02,3.735796000000000276e+02
2.153503230956101504e+02,3.735796000000000276e+02
2.153672189343563446e+02,3.735796000000000276e+02
2.154866911152151943e+02,3.735796000000000276e+02
2.154010250198976451e+02,3.735796000000000276e+02
2.156230591348202665e+02,3.735796000000000276e+02
2.156399937254901999e+02,3.735796000000000276e+02
2.157594271544253388e+02,3.735796000000000276e+02
2.154686948805460815e+02,3.735796000000000276e+02
2.158957951740303827e+02,3.735796000000000276e+02
2.159127685166240553e+02,3.735796000000000276e+02
2.160321631936354265e+02,3.735796000000000276e+02
2.159467296759522128e+02,3.735796000000000276e+02
2.161685312132404988e+02,3.735796000000000276e+02
2.161855433077578823e+02,3.735796000000000276e+02
2.163048992328455711e+02,3.735796000000000276e+02
2.147805663013698450e+02,3.735796000000000276e+02
2.164412672524506149e+02,3.735796000000000276e+02
2.164583180988917093e+02,3.735796000000000276e+02
2.165776352720556588e+02,3.735796000000000276e+02
2.164924343320068090e+02,3.735796000000000276e+02
2.167140032916607311e+02,3.735796000000000276e+02
2.167310928900255931e+02,3.735796000000000276e+02
2.168503713112658033e+02,3.735796000000000276e+02
2.165607250170648399e+02,3.735796000000000276e+02
2.169867393308708188e+02,3.735796000000000276e+02
2.170038676811594200e+02,3.735796000000000276e+02
2.171231073504758911e+02,3.735796000000000276e+02
2.170381389880614051e+02,3.735796000000000276e+02
2.172594753700809633e+02,3.735796000000000276e+02
2.172766424722932470e+02,3.735796000000000276e+02
2.173958433896860072e+02,3.735796000000000276e+02
2.166975397266514847e+02,3.735796000000000276e+02
2.175322114092910510e+02,3.735796000000000276e+02
2.175494172634271024e+02,3.735796000000000276e+02
2.176685794288961233e+02,3.735796000000000276e+02
2.175838436441159729e+02,3.735796000000000276e+02
2.178049474485011956e+02,3.735796000000000276e+02
2.178221920545609578e+02,3.735796000000000276e+02
2.179413154681062395e+02,3.735796000000000276e+02
2.176527551535835983e+02,3.735796000000000276e+02
2.180776834877112833e+02,3.735796000000000276e+02
2.180949668456947848e+02,3.735796000000000276e+02
2.182140515073163556e+02,3.735796000000000276e+02
2.181295483001705406e+02,3.735796000000000276e+02
2.183504195269214279e+02,3.735796000000000276e+02
2.183677416368286401e+02,3.735796000000000276e+02
2.184867875465264717e+02,3.735796000000000276e+02
4.082499000000000251e+02,4.718627999999999929e+02
2.186231555661315156e+02,3.735796000000000276e+02
2.186405164279624955e+02,3.735796000000000276e+02
2.187595235857365878e+02,3.735796000000000276e+02
2.186752529562251084e+02,3.735796000000000276e+02
2.188958916053416601e+02,3.735796000000000276e+02
2.189132912190963225e+02,3.735796000000000276e+02
2.190322596249467040e+02,3.735796000000000276e+02
2.187447852901023850e+02,3.735796000000000276e+02
2.191686276445517478e+02,3.735796000000000276e+02
2.191860660102301779e+02,3.735796000000000276e+02
2.193049956641568201e+02,3.735796000000000276e+02
2.192209576122796761e+02,3.735796000000000276e+02
2.194413636837618924e+02,3.735796000000000276e+02
2.194588408013640333e+02,3.735796000000000276e+02
2.195777317033669362e+02,3.735796000000000276e+02
2.188840875398633159e+02,3.735796000000000276e+02
2.197140997229719801e+02,3.735796000000000276e+02
2.197316155924978602e+02,3.735796000000000276e+02
2.198504677425770524e+02,3.735796000000000276e+02
2.197666622683342723e+02,3.735796000000000276e+02
2.199868357621821247e+02,3.735796000000000276e+02
2.200043903836317156e+02,3.735796000000000276e+02
2.201232037817871685e+02,3.735796000000000276e+02
2.198368154266211434e+02,3.735796000000000276e+02
2.202595718013922124e+02,3.735796000000000276e+02
2.202771651747655710e+02,3.735796000000000276e+02
2.203959398209972846e+02,3.735796000000000276e+02
2.203123669243888401e+02,3.735796000000000276e+02
2.205323078406023285e+02,3.735796000000000276e+02
2.205499399658993980e+02,3.735796000000000276e+02
2.206686758602073724e+02,3.735796000000000276e+02
2.191636461643835503e+02,3.735796000000000276e+02
2.208050438798124446e+02,3.735796000000000276e+02
2.208227147570332534e+02,3.735796000000000276e+02
2.209414118994175169e+02,3.735796000000000276e+02
2.208580715804434362e+02,3.735796000000000276e+02
2.210777799190225608e+02,3.735796000000000276e+02
2.210954895481671088e+02,3.735796000000000276e+02
2.212141479386276046e+02,3.735796000000000276e+02
2.209288455631399302e+02,3.735796000000000276e+02
2.213505159582326769e+02,3.735796000000000276e+02
2.213682643393009357e+02,3.735796000000000276e+02
2.214868839778377492e+02,3.735796000000000276e+02
2.214037762364980040e+02,3.735796000000000276e+02
2.216232519974427930e+02,3.735796000000000276e+02
2.216410391304347627e+02,3.735796000000000276e+02
2.217596200170478369e+02,3.735796000000000276e+02
2.210706353530751471e+02,3.735796000000000276e+02
2.218959880366529092e+02,3.735796000000000276e+02
2.219138139215686465e+02,3.735796000000000276e+02
2.220323560562579814e+02,3.735796000000000276e+02
2.219494808925525717e+02,3.735796000000000276e+02
2.221687240758630253e+02,3.735796000000000276e+02
2.221865887127024735e+02,3.735796000000000276e+02
2.223050920954680691e+02,3.735796000000000276e+02
2.220208756996586885e+02,3.735796000000000276e+02
2.224414601150731414e+02,3.735796000000000276e+02
2.224593635038363004e+02,3.735796000000000276e+02
2.225778281346782137e+02,3.735796000000000276e+02
2.224951855486071395e+02,3.735796000000000276e+02
2.227141961542832576e+02,3.735796000000000276e+02
2.227321382949701558e+02,3.735796000000000276e+02
2.228505641738883014e+02,3.735796000000000276e+02
4.326452300000000264e+02,4.636065699999999765e+02
2.229869321934933737e+02,3.735796000000000276e+02
2.230049130861040112e+02,3.735796000000000276e+02
2.231233002130984460e+02,3.735796000000000276e+02
2.230408902046617072e+02,3.735796000000000276e+02
2.232596682327034898e+02,3.735796000000000276e+02
2.232776878772378382e+02,3.735796000000000276e+02
2.233960362523085337e+02,3.735796000000000276e+02
2.231129058361774469e+02,3.735796000000000276e+02
2.235324042719136060e+02,3.735796000000000276e+02
2.235504626683716936e+02,3.735796000000000276e+02
2.236687722915186782e+02,3.735796000000000276e+02
2.235865948607163034e+02,3.735796000000000276e+02
2.238051403111237221e+02,3.735796000000000276e+02
2.238232374595055489e+02,3.735796000000000276e+02
2.239415083307287659e+02,3.735796000000000276e+02
2.232571831662870068e+02,3.735796000000000276e+02
2.240778763503338382e+02,3.735796000000000276e+02
2.240960122506393759e+02,3.735796000000000276e+02
2.242142443699388821e+02,3.735796000000000276e+02
2.241322995167708996e+02,3.735796000000000276e+02
2.243506123895439259e+02,3.735796000000000276e+02
2.243687870417732313e+02,3.735796000000000276e+02
2.244869804091489982e+02,3.735796000000000276e+02
2.242049359726962336e+02,3.735796000000000276e+02
2.246233484287540705e+02,3.735796000000000276e+02
2.246415618329070867e+02,3.735796000000000276e+02
2.247597164483591143e+02,3.735796000000000276e+02
2.246780041728254673e+02,3.735796000000000276e+02
2.248960844679641866e+02,3.735796000000000276e+02
2.249143366240409136e+02,3.735796000000000276e+02
2.250324524875692305e+02,3.735796000000000276e+02
2.235467260273972556e+02,3.735796000000000276e+02
2.251688205071743027e+02,3.735796000000000276e+02
2.251871114151747690e+02,3.735796000000000276e+02
2.253051885267793466e+02,3.735796000000000276e+02
2.252237088288800351e+02,3.735796000000000276e+02
2.254415565463844189e+02,3.735796000000000276e+02
2.254598862063085960e+02,3.735796000000000276e+02
2.255779245659894627e+02,3.735796000000000276e+02
2.252969661092149920e+02,3.735796000000000276e+02
2.257142925855945066e+02,3.735796000000000276e+02
2.257326609974424514e+02,3.735796000000000276e+02
2.258506606051995789e+02,3.735796000000000276e+02
2.257694134849346028e+02,3.735796000000000276e+02
2.259870286248046227e+02,3.735796000000000276e+02
2.260054357885763068e+02,3.735796000000000276e+02
2.261233966444096950e+02,3.735796000000000276e+02
2.254437309794988664e+02,3.735796000000000276e+02
2.262597646640147389e+02,3.735796000000000276e+02
2.262782105797101337e+02,3.735796000000000276e+02
2.263961326836198111e+02,3.735796000000000276e+02
2.263151181409891990e+02,3.735796000000000276e+02
2.265325007032248550e+02,3.735796000000000276e+02
2.265509853708439891e+02,3.735796000000000276e+02
2.266688687228299273e+02,3.735796000000000276e+02
2.263889962457337788e+02,3.735796000000000276e+02
2.268052367424349711e+02,3.735796000000000276e+02
2.268237601619778445e+02,3.735796000000000276e+02
2.269416047620400434e+02,3.735796000000000276e+02
2.268608227970437667e+02,3.735796000000000276e+02
2.270779727816450873e+02,3.735796000000000276e+02
2.270965349531116715e+02,3.735796000000000276e+02
2.272143408012501595e+02,3.735796000000000276e+02
4.566876800000000003e+02,4.544087000000000103e+02
2.273507088208552034e+02,3.892866200000000276e+02
2.273693097442455269e+02,3.892866200000000276e+02
2.274870768404602757e+02,3.892866200000000276e+02
2.274065274530983345e+02,3.892866200000000276e+02
2.276234448600653195e+02,3.892866200000000276e+02
2.276420845353793823e+02,3.892866200000000276e+02
2.277598128796703918e+02,3.892866200000000276e+02
2.274810263822525371e+02,3.892866200000000276e+02
2.278961808992754356e+02,3.892866200000000276e+02
2.279148593265132092e+02,3.892866200000000276e+02
2.280325489188805079e+02,3.892866200000000276e+02
2.279522321091529022e+02,3.892866200000000276e+02
2.281689169384855518e+02,3.892866200000000276e+02
2.281876341176470646e+02,3.892866200000000276e+02
2.283052849580906241e+02,3.892866200000000276e+02
2.276302787927106976e+02,3.892866200000000276e+02
2.284416529776956679e+02,3.892866200000000276e+02
2.284604089087808916e+02,3.892866200000000276e+02
2.285780209973007402e+02,3.892866200000000276e+02
2.284979367652074984e+02,3.892866200000000276e+02
2.287143890169057840e+02,3.892866200000000276e+02
2.287331836999147470e+02,3.892866200000000276e+02
2.288507570365108563e+02,3.892866200000000276e+02
2.285730565187713239e+02,3.892866200000000276e+02
2.289871250561159002e+02,3.892866200000000276e+02
2.290059584910486024e+02,3.892866200000000276e+02
2.291234930757209440e+02,3.892866200000000276e+02
2.290436414212620662e+02,3.892866200000000276e+02
2.292598610953260163e+02,3.892866200000000276e+02
2.292787332821824293e+02,3.892866200000000276e+02
2.293962291149310602e+02,3.892866200000000276e+02
2.279298058904109325e+02,3.892866200000000276e+02
2.295325971345361324e+02,3.892866200000000276e+02
2.295515080733162847e+02,3.892866200000000276e+02
2.296689651541411763e+02,3.892866200000000276e+02
2.295893460773166339e+02,3.892866200000000276e+02
2.298053331737462486e+02,3.892866200000000276e+02
2.298242828644501401e+02,3.892866200000000276e+02
2.299417011933512924e+02,3.892866200000000276e+02
2.296650866552900823e+02,3.892866200000000276e+02
2.300780692129563647e+02,3.892866200000000276e+02
2.300970576555839671e+02,3.892866200000000276e+02
2.302144372325614086e+02,3.892866200000000276e+02
2.301350507333712301e+02,3.892866200000000276e+02
2.303508052521664808e+02,3.892866200000000276e+02
2.303698324467178224e+02,3.892866200000000276e+02
2.304871732717715247e+02,3.892866200000000276e+02
2.298168266059225573e+02,3.892866200000000276e+02
2.306235412913765970e+02,3.892866200000000276e+02
2.306426072378516494e+02,3.892866200000000276e+02
2.307599093109816408e+02,3.892866200000000276e+02
2.306807553894257978e+02,3.892866200000000276e+02
2.308962773305867131e+02,3.892866200000000276e+02
2.309153820289855048e+02,3.892866200000000276e+02
2.310326453501917570e+02,3.892866200000000276e+02
2.307571167918088690e+02,3.892866200000000276e+02
2.311690133697968292e+02,3.892866200000000276e+02
2.311881568201193602e+02,3.892866200000000276e+02
2.313053813894018731e+02,3.892866200000000276e+02
2.312264600454803656e+02,3.892866200000000276e+02
2.314417494090069454e+02,3.892866200000000276e+02
2.314609316112531872e+02,3.892866200000000276e+02
2.315781174286119892e+02,3.892866200000000276e+02
4.762126999999999839e+02,4.444235800000000154e+02
2.317144854482170615e+02,3.892866200000000276e+02
2.317337064023870425e+02,3.892866200000000276e+02
2.318508534678221054e+02,3.892866200000000276e+02
2.317721647015349618e+02,3.892866200000000276e+02
2.319872214874271776e+02,3.892866200000000276e+02
2.320064811935208979e+02,3.892866200000000276e+02
2.321235895070322215e+02,3.892866200000000276e+02
2.318491469283276274e+02,3.892866200000000276e+02
2.322599575266372938e+02,3.892866200000000276e+02
2.322792559846547249e+02,3.892866200000000276e+02
2.323963255462423376e+02,3.892866200000000276e+02
2.323178693575895295e+02,3.892866200000000276e+02
2.325326935658474099e+02,3.892866200000000276e+02
2.325520307757885803e+02,3.892866200000000276e+02
2.326690615854524538e+02,3.892866200000000276e+02
2.320033744191343885e+02,3.892866200000000276e+02
2.328054296050574976e+02,3.892866200000000276e+02
2.328248055669224073e+02,3.892866200000000276e+02
2.329417976246625699e+02,3.892866200000000276e+02
2.328635740136440972e+02,3.892866200000000276e+02
2.330781656442676137e+02,3.892866200000000276e+02
2.330975803580562626e+02,3.892866200000000276e+02
2.332145336638726860e+02,3.892866200000000276e+02
2.329411770648464142e+02,3.892866200000000276e+02
2.333509016834777299e+02,3.892866200000000276e+02
2.333703551491901180e+02,3.892866200000000276e+02
2.334872697030828022e+02,3.892866200000000276e+02
2.334092786696986650e+02,3.892866200000000276e+02
2.336236377226878460e+02,3.892866200000000276e+02
2.336431299403239450e+02,3.892866200000000276e+02
2.337600057422929183e+02,3.892866200000000276e+02
2.323128857534246379e+02,3.892866200000000276e+02
2.338963737618979621e+02,3.892866200000000276e+02
2.339159047314578004e+02,3.892866200000000276e+02
2.340327417815030344e+02,3.892866200000000276e+02
2.339549833257532612e+02,3.892866200000000276e+02
2.341691098011080783e+02,3.892866200000000276e+02
2.341886795225916558e+02,3.892866200000000276e+02
2.343054778207131505e+02,3.892866200000000276e+02
2.340332072013651725e+02,3.892866200000000276e+02
2.344418458403181944e+02,3.892866200000000276e+02
2.344614543137254827e+02,3.892866200000000276e+02
2.345782138599232667e+02,3.892866200000000276e+02
2.345006879818078289e+02,3.892866200000000276e+02
2.347145818795283105e+02,3.892866200000000276e+02
2.347342291048593381e+02,3.892866200000000276e+02
2.348509498991333828e+02,3.892866200000000276e+02
2.341899222323462482e+02,3.892866200000000276e+02
2.349873179187384267e+02,3.892866200000000276e+02
2.350070038959931651e+02,3.892866200000000276e+02
2.351236859383434989e+02,3.892866200000000276e+02
2.350463926378623967e+02,3.892866200000000276e+02
2.352600539579485428e+02,3.892866200000000276e+02
2.352797786871270205e+02,3.892866200000000276e+02
2.353964219775536151e+02,3.892866200000000276e+02
2.351252373378839593e+02,3.892866200000000276e+02
2.355327899971586589e+02,3.892866200000000276e+02
2.355525534782608759e+02,3.892866200000000276e+02
2.356691580167637312e+02,3.892866200000000276e+02
2.355920972939169928e+02,3.892866200000000276e+02
2.358055260363687751e+02,3.892866200000000276e+02
2.358253282693947028e+02,3.892866200000000276e+02
2.359418940559738473e+02,3.892866200000000276e+02
4.960102499999999850e+02,4.276074199999999905e+02
2.360782620755788912e+02,3.892866200000000276e+02
2.360981030605285582e+02,3.892866200000000276e+02
2.362146300951839351e+02,3.892866200000000276e+02
2.361378019499715606e+02,3.892866200000000276e+02
2.363509981147890073e+02,3.892866200000000276e+02
2.363708778516624136e+02,3.892866200000000276e+02
2.364873661343940512e+02,3.892866200000000276e+02
2.362172674744027177e+02,3.892866200000000276e+02
2.366237341539991235e+02,3.892866200000000276e+02
2.366436526427962406e+02,3.892866200000000276e+02
2.367601021736041673e+02,3.892866200000000276e+02
2.366835066060261283e+02,3.892866200000000276e+02
2.368964701932092396e+02,3.892866200000000276e+02
2.369164274339300960e+02,3.892866200000000276e+02
2.370328382128142835e+02,3.892866200000000276e+02
2.363764700455580794e+02,3.892866200000000276e+02
2.371692062324193557e+02,3.892866200000000276e+02
2.371892022250639513e+02,3.892866200000000276e+02
2.373055742520243996e+02,3.892866200000000276e+02
2.372292112620807245e+02,3.892866200000000276e+02
2.374419422716294719e+02,3.892866200000000276e+02
2.374619770161977783e+02,3.892866200000000276e+02
2.375783102912345157e+02,3.892866200000000276e+02
2.373092976109214760e+02,3.892866200000000276e+02
2.377146783108395880e+02,3.892866200000000276e+02
2.377347518073316337e+02,3.892866200000000276e+02
2.378510463304446318e+02,3.892866200000000276e+02
2.377749159181352923e+02,3.892866200000000276e+02
2.379874143500497041e+02,3.892866200000000276e+02
2.380075265984654607e+02,3.892866200000000276e+02
2.381237823696547480e+02,3.892866200000000276e+02
2.366959656164383432e+02,3.892866200000000276e+02
2.382601503892598203e+02,3.892866200000000276e+02
2.382803013895993161e+02,3.892866200000000276e+02
2.383965184088648641e+02,3.892866200000000276e+02
2.383206205741898600e+02,3.892866200000000276e+02
2.385328864284699364e+02,3.892866200000000276e+02
2.385530761807331714e+02,3.892866200000000276e+02
2.386692544480749802e+02,3.892866200000000276e+02
2.384013277474402628e+02,3.892866200000000276e+02
2.388056224676800525e+02,3.892866200000000276e+02
2.388258509718669984e+02,3.892866200000000276e+02
2.389419904872850964e+02,3.892866200000000276e+02
2.388663252302444562e+02,3.892866200000000276e+02
2.390783585068901687e+02,3.892866200000000276e+02
2.390986257630008538e+02,3.892866200000000276e+02
2.392147265264952125e+02,3.892866200000000276e+02
2.385630178587699106e+02,3.892866200000000276e+02
2.393510945461002848e+02,3.892866200000000276e+02
2.393714005541347092e+02,3.892866200000000276e+02
2.394874625657053286e+02,3.892866200000000276e+02
2.394120298862990239e+02,3.892866200000000276e+02
2.396238305853103725e+02,3.892866200000000276e+02
2.396441753452685361e+02,3.892866200000000276e+02
2.397601986049154448e+02,3.892866200000000276e+02
2.394933578839590211e+02,3.892866200000000276e+02
2.398965666245204886e+02,3.892866200000000276e+02
2.399169501364023915e+02,3.892866200000000276e+02
2.400329346441255609e+02,3.892866200000000276e+02
2.399577345423535917e+02,3.892866200000000276e+02
2.401693026637306048e+02,3.892866200000000276e+02
2.401897249275362185e+02,3.892866200000000276e+02
2.403056706833356770e+02,3.892866200000000276e+02
5.142109000000000378e+02,4.049600800000000049e+02
2.404420387029407209e+02,3.892866200000000276e+02
2.404624997186700739e+02,3.892866200000000276e+02
2.405784067225457932e+02,3.892866200000000276e+02
2.405034391984081594e+02,3.892866200000000276e+02
2.407147747421508370e+02,3.892866200000000276e+02
2.407352745098039293e+02,3.892866200000000276e+02
2.408511427617559093e+02,3.892866200000000276e+02
2.405853880204778079e+02,3.892866200000000276e+02
2.409875107813609532e+02,3.892866200000000276e+02
2.410080493009377562e+02,3.892866200000000276e+02
2.411238788009660254e+02,3.892866200000000276e+02
2.410491438544627556e+02,3.892866200000000276e+02
2.412602468205710693e+02,3.892866200000000276e+02
2.412808240920716116e+02,3.892866200000000276e+02
2.413966148401761416e+02,3.892866200000000276e+02
2.407495656719817703e+02,3.892866200000000276e+02
2.415329828597811854e+02,3.892866200000000276e+02
2.415535988832054670e+02,3.892866200000000276e+02
2.416693508793862577e+02,3.892866200000000276e+02
2.415948485105173233e+02,3.892866200000000276e+02
2.418057188989913016e+02,3.892866200000000276e+02
2.418263736743392940e+02,3.892866200000000276e+02
2.419420869185963738e+02,3.892866200000000276e+02
2.416774181569965663e+02,3.892866200000000276e+02
2.420784549382014177e+02,3.892866200000000276e+02
2.420991484654731494e+02,3.892866200000000276e+02
2.422148229578064900e+02,3.892866200000000276e+02
2.421405531665718911e+02,3.892866200000000276e+02
2.423511909774115338e+02,3.892866200000000276e+02
2.423719232566069763e+02,3.892866200000000276e+02
2.424875589970166061e+02,3.892866200000000276e+02
2.410790454794520485e+02,3.892866200000000276e+02
2.426239270166216500e+02,3.757132599999999911e+02
2.426446980477408317e+02,3.757132599999999911e+02
2.427602950362267222e+02,3.757132599999999911e+02
2.426862578226264873e+02,3.757132599999999911e+02
2.428966630558317661e+02,3.757132599999999911e+02
2.429174728388746871e+02,3.757132599999999911e+02
2.430330310754368384e+02,3.757132599999999911e+02
2.427694482935153530e+02,3.757132599999999911e+02
2.431693990950418822e+02,3.757132599999999911e+02
2.431902476300085141e+02,3.757132599999999911e+02
2.433057671146469261e+02,3.757132599999999911e+02
2.432319624786810550e+02,3.757132599999999911e+02
2.434421351342519984e+02,3.757132599999999911e+02
2.434630224211423695e+02,3.757132599999999911e+02
2.435785031538570422e+02,3.757132599999999911e+02
2.429361134851936015e+02,3.757132599999999911e+02
2.437148711734621145e+02,3.757132599999999911e+02
2.437357972122762249e+02,3.757132599999999911e+02
2.438512391930671583e+02,3.757132599999999911e+02
2.437776671347356228e+02,3.757132599999999911e+02
2.439876072126722306e+02,3.757132599999999911e+02
2.440085720034100518e+02,3.757132599999999911e+02
2.441239752322772745e+02,3.757132599999999911e+02
2.438614784300341114e+02,3.757132599999999911e+02
2.442603432518823467e+02,3.757132599999999911e+02
2.442813467945439072e+02,3.757132599999999911e+02
2.443967112714873906e+02,3.757132599999999911e+02
2.443233717907902189e+02,3.757132599999999911e+02
2.445330792910924629e+02,3.757132599999999911e+02
2.445541215856777342e+02,3.757132599999999911e+02
2.446694473106975067e+02,3.757132599999999911e+02
5.328478400000000192e+02,3.622466999999999757e+02
2.448058153303025790e+02,1.069481200000000030e+02
2.448268963768115896e+02,1.069481200000000030e+02
2.449421833499076229e+02,1.069481200000000030e+02
2.448690764468447867e+02,1.069481200000000030e+02
2.450785513695126951e+02,1.069481200000000030e+02
2.450996711679454449e+02,1.069481200000000030e+02
2.452149193891177390e+02,1.069481200000000030e+02
2.449535085665528982e+02,1.069481200000000030e+02
2.453512874087228113e+02,1.069481200000000030e+02
2.453724459590792719e+02,1.069481200000000030e+02
2.454876554283278551e+02,1.069481200000000030e+02
2.454147811028993544e+02,1.069481200000000030e+02
2.456240234479329274e+02,1.069481200000000030e+02
2.456452207502131273e+02,1.069481200000000030e+02
2.457603914675379713e+02,1.069481200000000030e+02
2.451226612984054611e+02,1.069481200000000030e+02
2.458967594871430435e+02,1.069481200000000030e+02
2.459179955413469827e+02,1.069481200000000030e+02
2.460331275067480874e+02,1.069481200000000030e+02
2.459604857589539222e+02,1.069481200000000030e+02
2.461694955263531597e+02,1.069481200000000030e+02
2.461907703324808097e+02,1.069481200000000030e+02
2.463058635459582035e+02,1.069481200000000030e+02
2.460455387030716565e+02,1.069481200000000030e+02
2.464422315655632758e+02,1.069481200000000030e+02
2.464635451236146650e+02,1.069481200000000030e+02
2.465785995851683197e+02,1.069481200000000030e+02
2.465061904150085184e+02,1.069481200000000030e+02
2.467149676047733635e+02,1.069481200000000030e+02
2.467363199147485204e+02,1.069481200000000030e+02
2.468513356243784358e+02,1.069481200000000030e+02
2.454621253424657539e+02,1.069481200000000030e+02
2.469877036439834797e+02,1.069481200000000030e+02
2.470090947058823474e+02,1.069481200000000030e+02
2.471240716635885519e+02,1.069481200000000030e+02
2.470518950710630861e+02,1.069481200000000030e+02
2.472604396831935958e+02,1.069481200000000030e+02
2.472818694970162028e+02,1.069481200000000030e+02
2.473968077027986681e+02,1.069481200000000030e+02
2.471375688395904433e+02,1.069481200000000030e+02
2.475331757224037119e+02,1.069481200000000030e+02
2.475546442881500298e+02,1.069481200000000030e+02
2.476695437420087842e+02,1.069481200000000030e+02
2.475975997271176539e+02,1.069481200000000030e+02
2.478059117616138280e+02,1.069481200000000030e+02
2.478274190792838851e+02,1.069481200000000030e+02
2.479422797812189003e+02,1.069481200000000030e+02
2.473092091116172924e+02,1.069481200000000030e+02
2.480786478008239442e+02,1.069481200000000030e+02
2.481001938704177405e+02,1.069481200000000030e+02
2.482150158204290165e+02,1.069481200000000030e+02
2.481433043831722500e+02,1.069481200000000030e+02
2.483513838400340603e+02,1.069481200000000030e+02
2.483729686615515675e+02,1.069481200000000030e+02
2.484877518596391326e+02,1.069481200000000030e+02
2.482295989761092017e+02,1.069481200000000030e+02
2.486241198792441764e+02,1.069481200000000030e+02
2.486457434526854229e+02,1.069481200000000030e+02
2.487604878988492487e+02,1.069481200000000030e+02
2.486890090392268178e+02,1.069481200000000030e+02
2.488968559184542926e+02,1.069481200000000030e+02
2.489185182438192783e+02,1.069481200000000030e+02
2.490332239380593649e+02,1.069481200000000030e+02
5.416548000000000229e+02,3.114255400000000122e+02
2.491695919576644087e+02,1.069481200000000030e+02
2.491912930349531052e+02,1.069481200000000030e+02
2.493059599772694810e+02,1.069481200000000030e+02
2.492347136952813855e+02,1.069481200000000030e+02
2.494423279968745248e+02,1.069481200000000030e+02
2.494640678260869606e+02,1.069481200000000030e+02
2.495786960164795971e+02,1.069481200000000030e+02
2.493216291126279600e+02,1.069481200000000030e+02
2.497150640360846410e+02,1.069481200000000030e+02
2.497368426172207876e+02,1.069481200000000030e+02
2.498514320556897133e+02,1.069481200000000030e+02
2.497804183513359817e+02,1.069481200000000030e+02
2.499878000752947571e+02,1.069481200000000030e+02
2.500096174083546430e+02,1.069481200000000030e+02
2.501241680948998010e+02,1.069481200000000030e+02
2.494957569248291520e+02,1.069481200000000030e+02
2.502605361145048732e+02,1.069481200000000030e+02
2.502823921994884984e+02,1.069481200000000030e+02
2.503969041341099171e+02,1.069481200000000030e+02
2.503261230073905494e+02,1.069481200000000030e+02
2.505332721537149894e+02,1.069481200000000030e+02
2.505551669906223253e+02,1.069481200000000030e+02
2.506696401733200332e+02,1.069481200000000030e+02
2.504136592491467468e+02,1.069481200000000030e+02
2.508060081929251055e+02,1.069481200000000030e+02
2.508279417817561807e+02,1.069481200000000030e+02
2.509423762125301494e+02,1.069481200000000030e+02
2.508718276634451172e+02,1.069481200000000030e+02
2.510787442321352216e+02,1.069481200000000030e+02
2.511007165728900361e+02,1.069481200000000030e+02
2.512151122517402655e+02,1.069481200000000030e+02
2.498452052054794308e+02,1.069481200000000030e+02
2.513514802713453378e+02,1.069481200000000030e+02
2.513734913640238631e+02,1.069481200000000030e+02
2.514878482909503816e+02,1.069481200000000030e+02
2.514175323194997134e+02,1.069481200000000030e+02
2.516242163105554539e+02,1.069481200000000030e+02
2.516462661551577185e+02,1.069481200000000030e+02
2.517605843301604978e+02,1.069481200000000030e+02
2.515056893856655051e+02,1.069481200000000030e+02
2.518969523497655700e+02,1.069481200000000030e+02
2.519190409462915454e+02,1.069481200000000030e+02
2.520333203693706139e+02,1.069481200000000030e+02
2.519632369755542811e+02,1.069481200000000030e+02
2.521696883889756862e+02,1.069481200000000030e+02
2.521918157374254008e+02,1.069481200000000030e+02
2.523060564085807300e+02,1.069481200000000030e+02
2.516823047380409832e+02,1.069481200000000030e+02
2.524424244281858023e+02,1.069481200000000030e+02
2.524645905285592562e+02,1.069481200000000030e+02
2.525787924477908462e+02,1.069481200000000030e+02
2.525089416316088489e+02,1.069481200000000030e+02
2.527151604673959184e+02,1.069481200000000030e+02
2.527373653196930832e+02,1.069481200000000030e+02
2.528515284870009623e+02,1.069481200000000030e+02
2.525977195221842919e+02,1.069481200000000030e+02
2.529878965066060346e+02,1.069481200000000030e+02
2.530101401108269386e+02,1.069481200000000030e+02
2.531242645262110784e+02,1.069481200000000030e+02
2.530546462876634166e+02,1.069481200000000030e+02
2.532606325458161507e+02,1.069481200000000030e+02
2.532829149019607939e+02,1.069481200000000030e+02
2.533970005654211946e+02,1.069481200000000030e+02
5.407770000000000437e+02,2.650507799999999747e+02
2.535333685850262668e+02,3.720192999999999870e+02
2.535556896930946209e+02,3.720192999999999870e+02
2.536697366046313107e+02,3.720192999999999870e+02
2.536003509437180128e+02,3.720192999999999870e+02
2.538061046242363545e+02,3.720192999999999870e+02
2.538284644842284763e+02,3.720192999999999870e+02
2.539424726438414268e+02,3.720192999999999870e+02
2.536897496587030503e+02,3.720192999999999870e+02
2.540788406634464707e+02,3.720192999999999870e+02
2.541012392753623317e+02,3.720192999999999870e+02
2.542152086830515429e+02,3.720192999999999870e+02
2.541460555997725805e+02,3.720192999999999870e+02
2.543515767026565868e+02,3.720192999999999870e+02
2.543740140664961586e+02,3.720192999999999870e+02
2.544879447222616591e+02,3.720192999999999870e+02
2.538688525512528429e+02,3.720192999999999870e+02
2.546243127418667029e+02,3.720192999999999870e+02
2.546467888576300140e+02,3.720192999999999870e+02
2.547606807614717752e+02,3.720192999999999870e+02
2.546917602558271483e+02,3.720192999999999870e+02
2.548970487810768191e+02,3.720192999999999870e+02
2.549195636487638410e+02,3.720192999999999870e+02
2.550334168006818913e+02,3.720192999999999870e+02
2.547817797952218370e+02,3.720192999999999870e+02
2.551697848202869352e+02,3.720192999999999870e+02
2.551923384398976964e+02,3.720192999999999870e+02
2.553061528398920075e+02,3.720192999999999870e+02
2.552374649118817445e+02,3.720192999999999870e+02
2.554425208594970513e+02,3.720192999999999870e+02
2.554651132310315518e+02,3.720192999999999870e+02
2.555788888791021236e+02,3.720192999999999870e+02
2.542282850684931361e+02,3.720192999999999870e+02
2.557152568987071675e+02,3.720192999999999870e+02
2.557378880221653787e+02,3.720192999999999870e+02
2.558516249183122397e+02,3.720192999999999870e+02
2.557831695679363122e+02,3.720192999999999870e+02
2.559879929379172836e+02,3.720192999999999870e+02
2.560106628132992341e+02,3.720192999999999870e+02
2.561243609575223559e+02,3.720192999999999870e+02
2.558738099317405954e+02,3.720192999999999870e+02
2.562607289771274282e+02,3.720192999999999870e+02
2.562834376044330611e+02,3.720192999999999870e+02
2.563970969967324436e+02,3.720192999999999870e+02
2.563288742239908515e+02,3.720192999999999870e+02
2.565334650163375159e+02,3.720192999999999870e+02
2.565562123955669449e+02,3.720192999999999870e+02
2.566698330359425881e+02,3.720192999999999870e+02
2.560554003644646741e+02,3.720192999999999870e+02
2.568062010555476036e+02,3.720192999999999870e+02
2.568289871867007719e+02,3.720192999999999870e+02
2.569425690751527327e+02,3.720192999999999870e+02
2.568745788800454761e+02,3.720192999999999870e+02
2.570789370947577481e+02,3.720192999999999870e+02
2.571017619778345988e+02,3.720192999999999870e+02
2.572153051143627636e+02,3.720192999999999870e+02
2.569658400682593538e+02,3.720192999999999870e+02
2.573516731339678927e+02,3.720192999999999870e+02
2.573745367689684826e+02,3.720192999999999870e+02
2.574880411535729081e+02,3.720192999999999870e+02
2.574202835361000439e+02,3.720192999999999870e+02
2.576244091731779804e+02,3.720192999999999870e+02
2.576473115601023096e+02,3.720192999999999870e+02
2.577607771927830527e+02,3.720192999999999870e+02
5.316557599999999866e+02,2.303575400000000002e+02
2.578971452123880681e+02,3.720192999999999870e+02
2.579200863512361366e+02,3.720192999999999870e+02
2.580335132319931404e+02,3.720192999999999870e+02
2.579659881921546116e+02,3.720192999999999870e+02
2.581698812515982127e+02,3.720192999999999870e+02
2.581928611423700204e+02,3.720192999999999870e+02
2.583062492712032281e+02,3.720192999999999870e+02
2.580578702047781690e+02,3.720192999999999870e+02
2.584426172908083572e+02,3.720192999999999870e+02
2.584656359335038474e+02,3.720192999999999870e+02
2.585789853104133726e+02,3.720192999999999870e+02
2.585116928482091794e+02,3.720192999999999870e+02
2.587153533300184449e+02,3.720192999999999870e+02
2.587384107246376743e+02,3.720192999999999870e+02
2.588517213496235172e+02,3.720192999999999870e+02
2.582419481776765338e+02,3.720192999999999870e+02
2.589880893692285326e+02,3.720192999999999870e+02
2.590111855157715581e+02,3.720192999999999870e+02
2.591244573888336049e+02,3.720192999999999870e+02
2.590573975042638040e+02,3.720192999999999870e+02
2.592608254084386772e+02,3.720192999999999870e+02
2.592839603069053283e+02,3.720192999999999870e+02
2.593971934280436926e+02,3.720192999999999870e+02
2.591499003412969273e+02,3.720192999999999870e+02
2.595335614476488217e+02,3.720192999999999870e+02
2.595567350980392121e+02,3.720192999999999870e+02
2.596699294672538372e+02,3.720192999999999870e+02
2.596031021603183717e+02,3.720192999999999870e+02
2.598062974868589095e+02,3.720192999999999870e+02
2.598295098891730959e+02,3.720192999999999870e+02
2.599426655064639817e+02,3.720192999999999870e+02
2.586113649315068415e+02,3.720192999999999870e+02
2.600790335260689972e+02,3.720192999999999870e+02
2.601022846803068660e+02,3.720192999999999870e+02
2.602154015456740694e+02,3.720192999999999870e+02
2.601488068163729395e+02,3.720192999999999870e+02
2.603517695652791417e+02,3.720192999999999870e+02
2.603750594714407498e+02,3.720192999999999870e+02
2.604881375848841571e+02,3.720192999999999870e+02
2.602419304778156857e+02,3.720192999999999870e+02
2.606245056044892294e+02,3.720192999999999870e+02
2.606478342625746336e+02,3.720192999999999870e+02
2.607608736240943017e+02,3.720192999999999870e+02
2.606945114724275072e+02,3.720192999999999870e+02
2.608972416436993171e+02,3.720192999999999870e+02
2.609206090537084037e+02,3.720192999999999870e+02
2.610336096633044463e+02,3.720192999999999870e+02
2.604284959908883366e+02,3.720192999999999870e+02
2.611699776829094617e+02,3.720192999999999870e+02
2.611933838448422875e+02,3.720192999999999870e+02
2.613063457025145340e+02,3.720192999999999870e+02
2.612402161284820750e+02,3.720192999999999870e+02
2.614427137221196062e+02,3.720192999999999870e+02
2.614661586359761145e+02,3.720192999999999870e+02
2.615790817417246217e+02,3.720192999999999870e+02
2.613339606143344440e+02,3.720192999999999870e+02
2.617154497613296940e+02,3.720192999999999870e+02
2.617389334271099415e+02,3.720192999999999870e+02
2.618518177809347662e+02,3.720192999999999870e+02
2.617859207845366427e+02,3.720192999999999870e+02
2.619881858005397817e+02,3.720192999999999870e+02
2.620117082182438253e+02,3.720192999999999870e+02
2.621245538201449108e+02,3.720192999999999870e+02
5.168269999999999982e+02,2.030732399999999984e+02
2.622609218397499262e+02,3.720192999999999870e+02
2.622844830093776523e+02,3.720192999999999870e+02
2.623972898593549985e+02,3.720192999999999870e+02
2.623316254405912105e+02,3.720192999999999870e+02
2.625336578789600708e+02,3.720192999999999870e+02
2.625572578005114792e+02,3.720192999999999870e+02
2.626700258985650862e+02,3.720192999999999870e+02
2.624259907508532024e+02,3.720192999999999870e+02
2.628063939181701585e+02,3.720192999999999870e+02
2.628300325916453630e+02,3.720192999999999870e+02
2.629427619377752308e+02,3.720192999999999870e+02
2.628773300966457782e+02,3.720192999999999870e+02
2.630791299573802462e+02,3.720192999999999870e+02
2.631028073827791900e+02,3.720192999999999870e+02
2.632154979769853753e+02,3.720192999999999870e+02
2.626150438041001962e+02,3.720192999999999870e+02
2.633518659965903908e+02,3.720192999999999870e+02
2.633755821739130170e+02,3.720192999999999870e+02
2.634882340161954630e+02,3.720192999999999870e+02
2.634230347527003460e+02,3.720192999999999870e+02
2.636246020358005353e+02,3.720192999999999870e+02
2.636483569650469008e+02,3.720192999999999870e+02
2.637609700554055507e+02,3.720192999999999870e+02
2.635180208873720176e+02,3.720192999999999870e+02
2.638973380750106230e+02,3.720192999999999870e+02
2.639211317561807277e+02,3.720192999999999870e+02
2.640337060946156953e+02,3.720192999999999870e+02
2.639687394087549706e+02,3.720192999999999870e+02
2.641700741142207107e+02,3.720192999999999870e+02
2.641939065473145547e+02,3.720192999999999870e+02
2.643064421338257830e+02,3.720192999999999870e+02
2.629944447945205184e+02,3.720192999999999870e+02
2.644428101534308553e+02,3.989085699999999974e+02
2.644666813384484385e+02,3.989085699999999974e+02
2.645791781730358707e+02,3.989085699999999974e+02
2.645144440648095383e+02,3.989085699999999974e+02
2.647155461926409998e+02,3.989085699999999974e+02
2.647394561295822655e+02,3.989085699999999974e+02
2.648519142122460153e+02,3.989085699999999974e+02
2.646100510238907759e+02,3.989085699999999974e+02
2.649882822318510875e+02,3.989085699999999974e+02
2.650122309207160924e+02,3.989085699999999974e+02
2.651246502514561598e+02,3.989085699999999974e+02
2.650601487208641061e+02,3.989085699999999974e+02
2.652610182710611753e+02,3.989085699999999974e+02
2.652850057118499763e+02,3.989085699999999974e+02
2.653973862906662475e+02,3.989085699999999974e+02
2.648015916173120559e+02,3.989085699999999974e+02
2.655337543102713198e+02,3.989085699999999974e+02
2.655577805029838032e+02,3.989085699999999974e+02
2.656701223298763352e+02,3.989085699999999974e+02
2.656058533769186738e+02,3.989085699999999974e+02
2.658064903494814644e+02,3.989085699999999974e+02
2.658305552941176302e+02,3.989085699999999974e+02
2.659428583690864798e+02,3.989085699999999974e+02
2.657020811604095343e+02,3.989085699999999974e+02
2.660792263886915521e+02,3.989085699999999974e+02
2.661033300852515140e+02,3.989085699999999974e+02
2.662155944082966244e+02,3.989085699999999974e+02
2.661515580329732984e+02,3.989085699999999974e+02
2.663519624279016398e+02,3.989085699999999974e+02
2.663761048763853410e+02,3.989085699999999974e+02
2.664883304475067121e+02,3.989085699999999974e+02
4.866245000000000118e+02,1.672763699999999858e+02
2.666246984671117843e+02,3.989085699999999974e+02
2.666488796675191679e+02,3.989085699999999974e+02
2.667610664867167998e+02,3.989085699999999974e+02
2.666972626890278661e+02,3.989085699999999974e+02
2.668974345063219289e+02,3.989085699999999974e+02
2.669216544586530517e+02,3.989085699999999974e+02
2.670338025259269443e+02,3.989085699999999974e+02
2.667941112969283495e+02,3.989085699999999974e+02
2.671701705455320166e+02,3.989085699999999974e+02
2.671944292497868787e+02,3.989085699999999974e+02
2.673065385651370889e+02,3.989085699999999974e+02
2.672429673450824339e+02,3.989085699999999974e+02
2.674429065847421043e+02,3.989085699999999974e+02
2.674672040409207057e+02,3.989085699999999974e+02
2.675792746043471766e+02,3.989085699999999974e+02
2.669881394305239155e+02,3.989085699999999974e+02
2.677156426239522489e+02,3.989085699999999974e+02
2.677399788320545895e+02,3.989085699999999974e+02
2.678520106435572643e+02,3.989085699999999974e+02
2.677886720011370016e+02,3.989085699999999974e+02
2.679883786631623366e+02,3.989085699999999974e+02
2.680127536231884164e+02,3.989085699999999974e+02
2.681247466827674089e+02,3.989085699999999974e+02
2.678861414334470510e+02,3.989085699999999974e+02
2.682611147023724243e+02,3.989085699999999974e+02
2.682855284143222434e+02,3.989085699999999974e+02
2.683974827219775534e+02,3.989085699999999974e+02
2.683343766571915694e+02,3.989085699999999974e+02
2.685338507415825688e+02,3.989085699999999974e+02
2.685583032054561272e+02,3.989085699999999974e+02
2.686702187611876411e+02,3.989085699999999974e+02
2.673775246575341953e+02,3.989085699999999974e+02
2.688065867807927134e+02,3.989085699999999974e+02
2.688310779965898973e+02,3.989085699999999974e+02
2.689429548003977288e+02,3.989085699999999974e+02
2.688800813132461371e+02,3.989085699999999974e+02
2.690793228200028011e+02,3.989085699999999974e+02
2.691038527877237811e+02,3.989085699999999974e+02
2.692156908396078734e+02,3.989085699999999974e+02
2.689781715699658662e+02,3.989085699999999974e+02
2.693520588592128888e+02,3.989085699999999974e+02
2.693766275788576650e+02,3.989085699999999974e+02
2.694884268788180179e+02,3.989085699999999974e+02
2.694257859693007049e+02,3.989085699999999974e+02
2.696247948984230334e+02,3.989085699999999974e+02
2.696494023699914351e+02,3.989085699999999974e+02
2.697611629180281057e+02,3.989085699999999974e+02
2.691746872437357752e+02,3.989085699999999974e+02
2.698975309376331779e+02,3.989085699999999974e+02
2.699221771611253189e+02,3.989085699999999974e+02
2.700338989572381934e+02,3.989085699999999974e+02
2.699714906253552726e+02,3.989085699999999974e+02
2.701702669768432656e+02,3.989085699999999974e+02
2.701949519522592027e+02,3.989085699999999974e+02
2.703066349964483379e+02,3.989085699999999974e+02
2.700702017064846245e+02,3.989085699999999974e+02
2.704430030160533533e+02,3.989085699999999974e+02
2.704677267433929728e+02,3.989085699999999974e+02
2.705793710356584825e+02,3.989085699999999974e+02
2.705171952814098404e+02,3.989085699999999974e+02
2.707157390552634979e+02,3.989085699999999974e+02
2.707405015345268566e+02,3.989085699999999974e+02
2.708521070748685702e+02,3.989085699999999974e+02
4.504006999999999721e+02,1.417485399999999913e+02
2.709884750944736425e+02,3.989085699999999974e+02
2.710132763256606836e+02,3.989085699999999974e+02
2.711248431140786579e+02,3.989085699999999974e+02
2.710628999374644650e+02,3.989085699999999974e+02
2.712612111336837302e+02,3.989085699999999974e+02
2.712860511167945106e+02,3.989085699999999974e+02
2.713975791532888024e+02,3.989085699999999974e+02
2.711622318430033829e+02,3.989085699999999974e+02
2.715339471728938179e+02,3.989085699999999974e+02
2.715588259079283944e+02,3.989085699999999974e+02
2.716703151924988902e+02,3.989085699999999974e+02
2.716086045935190327e+02,3.989085699999999974e+02
2.718066832121039624e+02,3.989085699999999974e+02
2.718316006990622213e+02,3.989085699999999974e+02
2.719430512317089779e+02,3.989085699999999974e+02
2.713612350569476348e+02,3.989085699999999974e+02
2.720794192513141070e+02,3.989085699999999974e+02
2.721043754901960483e+02,3.989085699999999974e+02
2.722157872709191224e+02,3.989085699999999974e+02
2.721543092495736005e+02,3.989085699999999974e+02
2.723521552905241947e+02,3.989085699999999974e+02
2.723771502813299321e+02,3.989085699999999974e+02
2.724885233101292670e+02,3.989085699999999974e+02
2.722542619795221981e+02,3.989085699999999974e+02
2.726248913297342824e+02,3.989085699999999974e+02
2.726499250724637591e+02,3.989085699999999974e+02
2.727612593493393547e+02,3.989085699999999974e+02
2.727000139056281682e+02,3.989085699999999974e+02
2.728976273689444270e+02,3.989085699999999974e+02
2.729226998635975860e+02,3.989085699999999974e+02
2.730339953885494424e+02,3.989085699999999974e+02
2.717606045205479290e+02,3.989085699999999974e+02
2.731703634081545715e+02,3.989085699999999974e+02
2.731954746547314699e+02,3.989085699999999974e+02
2.733067314277595869e+02,3.989085699999999974e+02
2.732457185616827928e+02,3.989085699999999974e+02
2.734430994473646592e+02,3.989085699999999974e+02
2.734682494458652968e+02,3.989085699999999974e+02
2.735794674669697315e+02,3.989085699999999974e+02
2.733462921160408996e+02,3.989085699999999974e+02
2.737158354865747469e+02,3.989085699999999974e+02
2.737410242369991238e+02,3.989085699999999974e+02
2.738522035061798192e+02,3.989085699999999974e+02
2.737914232177373606e+02,3.989085699999999974e+02
2.739885715257848915e+02,3.989085699999999974e+02
2.740137990281330076e+02,3.989085699999999974e+02
2.741249395453899069e+02,3.989085699999999974e+02
2.735477828701594376e+02,3.989085699999999974e+02
2.742613075649950360e+02,3.989085699999999974e+02
2.742865738192668346e+02,3.989085699999999974e+02
2.743976755846000515e+02,3.989085699999999974e+02
2.743371278737919283e+02,3.989085699999999974e+02
2.745340436042050669e+02,3.989085699999999974e+02
2.745593486104006615e+02,3.989085699999999974e+02
2.746704116238101960e+02,3.989085699999999974e+02
2.744383222525597148e+02,3.989085699999999974e+02
2.748067796434152115e+02,3.989085699999999974e+02
2.748321234015345453e+02,3.989085699999999974e+02
2.749431476630202837e+02,3.989085699999999974e+02
2.748828325298464961e+02,3.989085699999999974e+02
2.750795156826253560e+02,3.989085699999999974e+02
2.751048981926683723e+02,3.989085699999999974e+02
2.752158837022303715e+02,3.989085699999999974e+02
4.128464999999999918e+02,1.227132600000000053e+02
2.753522517218354437e+02,9.915881000000000256e+01
2.753776729838021993e+02,9.915881000000000256e+01
2.754886197414405160e+02,9.915881000000000256e+01
2.754285371859010638e+02,9.915881000000000256e+01
2.756249877610455314e+02,9.915881000000000256e+01
2.756504477749360831e+02,9.915881000000000256e+01
2.757613557806506606e+02,9.915881000000000256e+01
2.755303523890784732e+02,9.915881000000000256e+01
2.758977238002556760e+02,9.915881000000000256e+01
2.759232225660699100e+02,9.915881000000000256e+01
2.760340918198607483e+02,9.915881000000000256e+01
2.759742418419556316e+02,9.915881000000000256e+01
2.761704598394658206e+02,9.915881000000000256e+01
2.761959973572037370e+02,9.915881000000000256e+01
2.763068278590708360e+02,9.915881000000000256e+01
2.757343306833712973e+02,9.915881000000000256e+01
2.764431958786759083e+02,9.915881000000000256e+01
2.764687721483376208e+02,9.915881000000000256e+01
2.765795638982809805e+02,9.915881000000000256e+01
2.765199464980101993e+02,9.915881000000000256e+01
2.767159319178859960e+02,9.915881000000000256e+01
2.767415469394714478e+02,9.915881000000000256e+01
2.768522999374911251e+02,9.915881000000000256e+01
2.766223825255972315e+02,9.915881000000000256e+01
2.769886679570961405e+02,9.915881000000000256e+01
2.770143217306052748e+02,9.915881000000000256e+01
2.771250359767012128e+02,9.915881000000000256e+01
2.770656511540647671e+02,9.915881000000000256e+01
2.772614039963062851e+02,9.915881000000000256e+01
2.772870965217391586e+02,9.915881000000000256e+01
2.773977720159113005e+02,9.915881000000000256e+01
2.761436843835616628e+02,9.915881000000000256e+01
2.775341400355163728e+02,9.915881000000000256e+01
2.775598713128729855e+02,9.915881000000000256e+01
2.776705080551214451e+02,9.915881000000000256e+01
2.776113558101193348e+02,9.915881000000000256e+01
2.778068760747264605e+02,9.915881000000000256e+01
2.778326461040068125e+02,9.915881000000000256e+01
2.779432440943315896e+02,9.915881000000000256e+01
2.777144126621160467e+02,9.915881000000000256e+01
2.780796121139366051e+02,9.915881000000000256e+01
2.781054208951406963e+02,9.915881000000000256e+01
2.782159801335416205e+02,9.915881000000000256e+01
2.781570604661739026e+02,9.915881000000000256e+01
2.783523481531467496e+02,9.915881000000000256e+01
2.783781956862744664e+02,9.915881000000000256e+01
2.784887161727517650e+02,9.915881000000000256e+01
2.779208784965831001e+02,9.915881000000000256e+01
2.786250841923568373e+02,9.915881000000000256e+01
2.786509704774083502e+02,9.915881000000000256e+01
2.787614522119619096e+02,9.915881000000000256e+01
2.787027651222285272e+02,9.915881000000000256e+01
2.788978202315669250e+02,9.915881000000000256e+01
2.789237452685422340e+02,9.915881000000000256e+01
2.790341882511719973e+02,9.915881000000000256e+01
2.788064427986348051e+02,9.915881000000000256e+01
2.791705562707770696e+02,9.915881000000000256e+01
2.791965200596760042e+02,9.915881000000000256e+01
2.793069242903820850e+02,9.915881000000000256e+01
2.792484697782830949e+02,9.915881000000000256e+01
2.794432923099872141e+02,9.915881000000000256e+01
2.794692948508098880e+02,9.915881000000000256e+01
2.795796603295922296e+02,9.915881000000000256e+01
3.732463999999999942e+02,1.086536899999999974e+02
2.797160283491973018e+02,9.915881000000000256e+01
2.797420696419437718e+02,9.915881000000000256e+01
2.798523963688023741e+02,9.915881000000000256e+01
2.797941744343376627e+02,9.915881000000000256e+01
2.799887643884073896e+02,9.915881000000000256e+01
2.800148444330775419e+02,9.915881000000000256e+01
2.801251324080124618e+02,9.915881000000000256e+01
2.798984729351535634e+02,9.915881000000000256e+01
2.802615004276175341e+02,9.915881000000000256e+01
2.802876192242114257e+02,9.915881000000000256e+01
2.803978684472225495e+02,9.915881000000000256e+01
2.803398790903922873e+02,9.915881000000000256e+01
2.805342364668276787e+02,9.915881000000000256e+01
2.805603940153453095e+02,9.915881000000000256e+01
2.806706044864326941e+02,9.915881000000000256e+01
2.801074263097949597e+02,9.915881000000000256e+01
2.808069725060377664e+02,9.915881000000000256e+01
2.808331688064790796e+02,9.915881000000000256e+01
2.809433405256428387e+02,9.915881000000000256e+01
2.808855837464468550e+02,9.915881000000000256e+01
2.810797085452478541e+02,9.915881000000000256e+01
2.811059435976129635e+02,9.915881000000000256e+01
2.812160765648529264e+02,9.915881000000000256e+01
2.809905030716723786e+02,9.915881000000000256e+01
2.813524445844579986e+02,9.915881000000000256e+01
2.813787183887467904e+02,9.915881000000000256e+01
2.814888126040630141e+02,9.915881000000000256e+01
2.814312884025014228e+02,9.915881000000000256e+01
2.816251806236680864e+02,9.915881000000000256e+01
2.816514931798806174e+02,9.915881000000000256e+01
2.817615486432731586e+02,9.915881000000000256e+01
2.805267642465753397e+02,9.915881000000000256e+01
2.818979166628781741e+02,9.915881000000000256e+01
2.819242679710145012e+02,9.915881000000000256e+01
2.820342846824833032e+02,9.915881000000000256e+01
2.819769930585559905e+02,9.915881000000000256e+01
2.821706527020883186e+02,9.915881000000000256e+01
2.821970427621483282e+02,9.915881000000000256e+01
2.823070207216933909e+02,9.915881000000000256e+01
2.820825332081910801e+02,9.915881000000000256e+01
2.824433887412984632e+02,9.915881000000000256e+01
2.824698175532821551e+02,9.915881000000000256e+01
2.825797567609034786e+02,9.915881000000000256e+01
2.825226977146105583e+02,9.915881000000000256e+01
2.827161247805085509e+02,9.915881000000000256e+01
2.827425923444160389e+02,9.915881000000000256e+01
2.828524928001136232e+02,9.915881000000000256e+01
2.822939741230068194e+02,9.915881000000000256e+01
2.829888608197186386e+02,9.915881000000000256e+01
2.830153671355498659e+02,9.915881000000000256e+01
2.831252288393237677e+02,9.915881000000000256e+01
2.830684023706651260e+02,9.915881000000000256e+01
2.832615968589287831e+02,9.915881000000000256e+01
2.832881419266836929e+02,9.915881000000000256e+01
2.833979648785338554e+02,9.915881000000000256e+01
2.831745633447098953e+02,9.915881000000000256e+01
2.835343328981389277e+02,9.915881000000000256e+01
2.835609167178175767e+02,9.915881000000000256e+01
2.836707009177439431e+02,9.915881000000000256e+01
2.836141070267196937e+02,9.915881000000000256e+01
2.838070689373490154e+02,9.915881000000000256e+01
2.838336915089514036e+02,9.915881000000000256e+01
2.839434369569540877e+02,9.915881000000000256e+01
3.300966999999999985e+02,9.939807000000000414e+01
2.840798049765591031e+02,9.915881000000000256e+01
2.841064663000852306e+02,9.915881000000000256e+01
2.842161729961642322e+02,9.915881000000000256e+01
2.841598116827742615e+02,9.915881000000000256e+01
2.843525410157692477e+02,9.915881000000000256e+01
2.843792410912191144e+02,9.915881000000000256e+01
2.844889090353743200e+02,9.915881000000000256e+01
2.842665934812286537e+02,9.915881000000000256e+01
2.846252770549793922e+02,9.915881000000000256e+01
2.846520158823529414e+02,9.915881000000000256e+01
2.847616450745844077e+02,9.915881000000000256e+01
2.847055163388288292e+02,9.915881000000000256e+01
2.848980130941894799e+02,9.915881000000000256e+01
2.849247906734867684e+02,9.915881000000000256e+01
2.850343811137945522e+02,9.915881000000000256e+01
2.844805219362186790e+02,9.915881000000000256e+01
2.851707491333995677e+02,9.915881000000000256e+01
2.851975654646206522e+02,9.915881000000000256e+01
2.853071171530046399e+02,9.915881000000000256e+01
2.852512209948833970e+02,9.915881000000000256e+01
2.854434851726097122e+02,9.915881000000000256e+01
2.854703402557544791e+02,9.915881000000000256e+01
2.855798531922147276e+02,9.915881000000000256e+01
2.853586236177474120e+02,9.915881000000000256e+01
2.857162212118198568e+02,9.915881000000000256e+01
2.857431150468883061e+02,9.915881000000000256e+01
2.858525892314248722e+02,9.915881000000000256e+01
2.857969256509380216e+02,9.915881000000000256e+01
2.859889572510299445e+02,9.915881000000000256e+01
2.860158898380221899e+02,9.915881000000000256e+01
2.861253252706350168e+02,9.915881000000000256e+01
2.849098441095890166e+02,9.915881000000000256e+01
2.862616932902400322e+02,9.915881000000000256e+01
2.862886646291560169e+02,9.915881000000000256e+01
2.863980613098451045e+02,9.915881000000000256e+01
2.863426303069925893e+02,9.915881000000000256e+01
2.865344293294501767e+02,9.915881000000000256e+01
2.865614394202898438e+02,9.915881000000000256e+01
2.866707973490551922e+02,9.915881000000000256e+01
2.864506537542662272e+02,9.915881000000000256e+01
2.868071653686603213e+02,9.915881000000000256e+01
2.868342142114237276e+02,9.915881000000000256e+01
2.869435333882653367e+02,9.915881000000000256e+01
2.868883349630471571e+02,9.915881000000000256e+01
2.870799014078704090e+02,9.915881000000000256e+01
2.871069890025575546e+02,9.915881000000000256e+01
2.872162694274754813e+02,9.915881000000000256e+01
2.866670697494305386e+02,9.915881000000000256e+01
2.873526374470804967e+02,9.915881000000000256e+01
2.873797637936913816e+02,9.915881000000000256e+01
2.874890054666855690e+02,9.915881000000000256e+01
2.874340396191017817e+02,9.915881000000000256e+01
2.876253734862906413e+02,9.915881000000000256e+01
2.876525385848252654e+02,9.915881000000000256e+01
2.877617415058956567e+02,9.915881000000000256e+01
2.875426838907849287e+02,9.915881000000000256e+01
2.878981095255007858e+02,9.915881000000000256e+01
2.879253133759590355e+02,9.915881000000000256e+01
2.880344775451058013e+02,9.915881000000000256e+01
2.879797442751563494e+02,9.915881000000000256e+01
2.881708455647108735e+02,9.915881000000000256e+01
2.881980881670929193e+02,9.915881000000000256e+01
2.883072135843159458e+02,9.915881000000000256e+01
2.865751999999999953e+02,9.915881000000000256e+01
2.884435816039209612e+02,4.064802199999999743e+02
2.884708629582268031e+02,4.064802199999999743e+02
2.885799496235260335e+02,4.064802199999999743e+02
2.885254489312109172e+02,4.064802199999999743e+02
2.887163176431311058e+02,4.064802199999999743e+02
2.887436377493605733e+02,4.064802199999999743e+02
2.888526856627361212e+02,4.064802199999999743e+02
2.886347140273037439e+02,4.064802199999999743e+02
2.889890536823411935e+02,4.064802199999999743e+02
2.890164125404944571e+02,4.064802199999999743e+02
2.891254217019462658e+02,4.064802199999999743e+02
2.890711535872654849e+02,4.064802199999999743e+02
2.892617897215512812e+02,4.064802199999999743e+02
2.892891873316283409e+02,4.064802199999999743e+02
2.893981577411564103e+02,4.064802199999999743e+02
2.888536175626423983e+02,4.064802199999999743e+02
2.895345257607614258e+02,4.064802199999999743e+02
2.895619621227621110e+02,4.064802199999999743e+02
2.896708937803664980e+02,4.064802199999999743e+02
2.896168582433200527e+02,4.064802199999999743e+02
2.898072617999715703e+02,4.064802199999999743e+02
2.898347369138959948e+02,4.064802199999999743e+02
2.899436298195765858e+02,4.064802199999999743e+02
2.897267441638225023e+02,4.064802199999999743e+02
2.900799978391816580e+02,3.729295700000000124e+02
2.901075117050298786e+02,3.729295700000000124e+02
2.902163658587867303e+02,3.729295700000000124e+02
2.901625628993746204e+02,3.729295700000000124e+02
2.903527338783917457e+02,3.729295700000000124e+02
2.903802864961636487e+02,3.729295700000000124e+02
2.904891018979968749e+02,3.729295700000000124e+02
2.892929239726026935e+02,4.064802199999999743e+02
2.906254699176018903e+02,3.729295700000000124e+02
2.906530612872975325e+02,3.729295700000000124e+02
2.907618379372069626e+02,3.729295700000000124e+02
2.907082675554291882e+02,3.729295700000000124e+02
2.908982059568120349e+02,3.729295700000000124e+02
2.909258360784313595e+02,3.729295700000000124e+02
2.910345739764170503e+02,3.729295700000000124e+02
2.908187743003412606e+02,3.729295700000000124e+02
2.911709419960221226e+02,3.729295700000000124e+02
2.911986108695651865e+02,3.729295700000000124e+02
2.913073100156271948e+02,3.729295700000000124e+02
2.912539722114837559e+02,3.729295700000000124e+02
2.914436780352322103e+02,3.729295700000000124e+02
2.914713856606990703e+02,3.729295700000000124e+02
2.915800460548373394e+02,3.729295700000000124e+02
2.910401653758542011e+02,3.729295700000000124e+02
2.917164140744423548e+02,3.729295700000000124e+02
2.917441604518328973e+02,3.729295700000000124e+02
2.918527820940474271e+02,3.729295700000000124e+02
2.917996768675383237e+02,3.729295700000000124e+02
2.919891501136524994e+02,3.729295700000000124e+02
2.920169352429667242e+02,3.729295700000000124e+02
2.921255181332575148e+02,3.729295700000000124e+02
2.919108044368600758e+02,3.729295700000000124e+02
2.922618861528625871e+02,3.729295700000000124e+02
2.922897100341006080e+02,3.729295700000000124e+02
2.923982541724676594e+02,3.729295700000000124e+02
2.923453815235928914e+02,3.729295700000000124e+02
2.925346221920726748e+02,3.729295700000000124e+02
2.925624848252344350e+02,3.729295700000000124e+02
2.926709902116777471e+02,3.729295700000000124e+02
2.456937299999999880e+02,1.069481200000000030e+02
2.928073582312828194e+02,3.729295700000000124e+02
2.928352596163682620e+02,3.729295700000000124e+02
2.929437262508878348e+02,3.729295700000000124e+02
2.928910861796475160e+02,3.729295700000000124e+02
2.930800942704929639e+02,3.729295700000000124e+02
2.931080344075021458e+02,3.729295700000000124e+02
2.932164622900979793e+02,3.729295700000000124e+02
2.930028345733788342e+02,3.729295700000000124e+02
2.933528303097030516e+02,3.729295700000000124e+02
2.933808091986359727e+02,3.729295700000000124e+02
2.934891983293081239e+02,3.729295700000000124e+02
2.934367908357020838e+02,3.729295700000000124e+02
2.936255663489131393e+02,3.729295700000000124e+02
2.936535839897697997e+02,3.729295700000000124e+02
2.937619343685182116e+02,3.729295700000000124e+02
2.932267131890660607e+02,3.729295700000000124e+02
2.938983023881232839e+02,3.729295700000000124e+02
2.939263587809036835e+02,3.729295700000000124e+02
2.940346704077282993e+02,3.729295700000000124e+02
2.939824954917566515e+02,3.729295700000000124e+02
2.941710384273334284e+02,3.729295700000000124e+02
2.941991335720375105e+02,3.729295700000000124e+02
2.943074064469384439e+02,3.729295700000000124e+02
2.940948647098975925e+02,3.729295700000000124e+02
2.944437744665435162e+02,3.729295700000000124e+02
2.944719083631713374e+02,3.729295700000000124e+02
2.945801424861485884e+02,3.729295700000000124e+02
2.945282001478112761e+02,3.729295700000000124e+02
2.947165105057536039e+02,3.729295700000000124e+02
2.947446831543052213e+02,3.729295700000000124e+02
2.948528785253586761e+02,3.729295700000000124e+02
2.936760038356164273e+02,3.729295700000000124e+02
2.949892465449637484e+02,3.729295700000000124e+02
2.950174579454390482e+02,3.729295700000000124e+02
2.951256145645687639e+02,3.729295700000000124e+02
2.950739048038658439e+02,3.729295700000000124e+02
2.952619825841738930e+02,3.729295700000000124e+02
2.952902327365728752e+02,3.729295700000000124e+02
2.953983506037789084e+02,3.729295700000000124e+02
2.951868948464163509e+02,3.729295700000000124e+02
2.955347186233839238e+02,3.729295700000000124e+02
2.955630075277067590e+02,3.729295700000000124e+02
2.956710866429890530e+02,3.729295700000000124e+02
2.956196094599204116e+02,3.729295700000000124e+02
2.958074546625940684e+02,3.729295700000000124e+02
2.958357823188405860e+02,3.729295700000000124e+02
2.959438226821991407e+02,3.729295700000000124e+02
2.954132610022778636e+02,3.729295700000000124e+02
2.960801907018042129e+02,3.729295700000000124e+02
2.961085571099744129e+02,3.729295700000000124e+02
2.962165587214092284e+02,3.729295700000000124e+02
2.961653141159749794e+02,3.729295700000000124e+02
2.963529267410143007e+02,3.729295700000000124e+02
2.963813319011082967e+02,3.729295700000000124e+02
2.964892947606193729e+02,3.729295700000000124e+02
2.962789249829351093e+02,3.729295700000000124e+02
2.966256627802243884e+02,3.729295700000000124e+02
2.966541066922421237e+02,3.729295700000000124e+02
2.967620307998295175e+02,3.729295700000000124e+02
2.967110187720295471e+02,3.729295700000000124e+02
2.968983988194345329e+02,3.729295700000000124e+02
2.969268814833759507e+02,3.729295700000000124e+02
2.970347668390396052e+02,3.729295700000000124e+02
2.069419900000000041e+02,1.216146240000000063e+02
2.971711348586446775e+02,3.729295700000000124e+02
2.971996562745098345e+02,3.729295700000000124e+02
2.973075028782496929e+02,3.729295700000000124e+02
2.972567234280841149e+02,3.729295700000000124e+02
2.974438708978547652e+02,3.729295700000000124e+02
2.974724310656436614e+02,3.729295700000000124e+02
2.975802389174598375e+02,3.729295700000000124e+02
2.973709551194539245e+02,3.729295700000000124e+02
2.977166069370648529e+02,3.729295700000000124e+02
2.977452058567774884e+02,3.729295700000000124e+02
2.978529749566699820e+02,3.729295700000000124e+02
2.978024280841386826e+02,3.729295700000000124e+02
2.979893429762749975e+02,3.729295700000000124e+02
2.980179806479113722e+02,3.729295700000000124e+02
2.981257109958800697e+02,3.729295700000000124e+02
2.975998088154897232e+02,3.729295700000000124e+02
2.982620790154851420e+02,3.729295700000000124e+02
2.982907554390451423e+02,3.729295700000000124e+02
2.983984470350901574e+02,3.729295700000000124e+02
2.983481327401932504e+02,3.729295700000000124e+02
2.985348150546952297e+02,3.729295700000000124e+02
2.985635302301790261e+02,3.729295700000000124e+02
2.986711830743003020e+02,3.729295700000000124e+02
2.984629852559726828e+02,3.729295700000000124e+02
2.988075510939053174e+02,3.729295700000000124e+02
2.988363050213129100e+02,3.729295700000000124e+02
2.989439191135103897e+02,3.729295700000000124e+02
2.988938373962478181e+02,3.729295700000000124e+02
2.990802871331154620e+02,3.729295700000000124e+02
2.991090798124466801e+02,3.729295700000000124e+02
2.992166551527204774e+02,3.729295700000000124e+02
2.980590836986301042e+02,3.729295700000000124e+02
2.993530231723256065e+02,3.729295700000000124e+02
2.993818546035805639e+02,3.729295700000000124e+02
2.994893911919306220e+02,3.729295700000000124e+02
2.994395420523023859e+02,3.729295700000000124e+02
2.996257592115356942e+02,3.729295700000000124e+02
2.996546293947144477e+02,3.729295700000000124e+02
2.997621272311407665e+02,3.729295700000000124e+02
2.995550153924914412e+02,3.729295700000000124e+02
2.998984952507457820e+02,3.729295700000000124e+02
2.999274041858482178e+02,3.729295700000000124e+02
3.000348632703508542e+02,3.729295700000000124e+02
2.999852467083570104e+02,3.729295700000000124e+02
3.001712312899559265e+02,3.729295700000000124e+02
3.002001789769821016e+02,3.729295700000000124e+02
3.003075993095609419e+02,3.729295700000000124e+02
2.997863566287015828e+02,3.729295700000000124e+02
3.004439673291660711e+02,3.729295700000000124e+02
3.004729537681159286e+02,3.729295700000000124e+02
3.005803353487710865e+02,3.729295700000000124e+02
3.005309513644115782e+02,3.729295700000000124e+02
3.007167033683761588e+02,3.729295700000000124e+02
3.007457285592497556e+02,3.729295700000000124e+02
3.008530713879812311e+02,3.729295700000000124e+02
3.006470455290102564e+02,3.729295700000000124e+02
3.009894394075862465e+02,3.729295700000000124e+02
3.010185033503836394e+02,3.729295700000000124e+02
3.011258074271913188e+02,3.729295700000000124e+02
3.010766560204661459e+02,3.729295700000000124e+02
3.012621754467963910e+02,3.729295700000000124e+02
3.012912781415174663e+02,3.729295700000000124e+02
3.013985434664014065e+02,3.729295700000000124e+02
1.705953800000000058e+02,1.416257300000000043e+02
3.015349114860065356e+02,5.579375000000000000e+02
3.015640529326512933e+02,5.579375000000000000e+02
3.016712795056115510e+02,5.579375000000000000e+02
3.016223606765207705e+02,5.579375000000000000e+02
3.018076475252166233e+02,5.579375000000000000e+02
3.018368277237851771e+02,5.579375000000000000e+02
3.019440155448216956e+02,5.579375000000000000e+02
3.017390756655289579e+02,5.579375000000000000e+02
3.020803835644267110e+02,5.579375000000000000e+02
3.021096025149190041e+02,5.579375000000000000e+02
3.022167515840317833e+02,5.579375000000000000e+02
3.021680653325753383e+02,5.579375000000000000e+02
3.023531196036368556e+02,5.579375000000000000e+02
3.023823773060528310e+02,5.579375000000000000e+02
3.024894876232418710e+02,5.579375000000000000e+02
3.019729044419134425e+02,5.579375000000000000e+02
3.026258556428469433e+02,5.579375000000000000e+02
3.026551520971867149e+02,5.579375000000000000e+02
3.027622236624520156e+02,5.579375000000000000e+02
3.027137699886299060e+02,5.579375000000000000e+02
3.028985916820570310e+02,5.579375000000000000e+02
3.029279268883205418e+02,5.579375000000000000e+02
3.030349597016621601e+02,5.579375000000000000e+02
3.028311058020477731e+02,5.579375000000000000e+02
3.031713277212671755e+02,5.579375000000000000e+02
3.032007016794543688e+02,5.579375000000000000e+02
3.033076957408722478e+02,5.579375000000000000e+02
3.032594746446844738e+02,5.579375000000000000e+02
3.034440637604773201e+02,5.579375000000000000e+02
3.034734764705882526e+02,5.579375000000000000e+02
3.035804317800823355e+02,5.579375000000000000e+02
3.024421635616438380e+02,5.579375000000000000e+02
3.037167997996874078e+02,5.579375000000000000e+02
3.037462512617220796e+02,5.579375000000000000e+02
3.038531678192924801e+02,5.579375000000000000e+02
3.038051793007390415e+02,5.579375000000000000e+02
3.039895358388974955e+02,5.579375000000000000e+02
3.040190260528559065e+02,5.579375000000000000e+02
3.041259038585026246e+02,5.579375000000000000e+02
3.039231359385665314e+02,5.579375000000000000e+02
3.042622718781076401e+02,5.579375000000000000e+02
3.042918008439897903e+02,5.579375000000000000e+02
3.043986398977127124e+02,5.579375000000000000e+02
3.043508839567936093e+02,5.579375000000000000e+02
3.045350079173177846e+02,5.579375000000000000e+02
3.045645756351236173e+02,5.579375000000000000e+02
3.046713759369228001e+02,5.579375000000000000e+02
3.041594522551253021e+02,5.579375000000000000e+02
3.048077439565278723e+02,5.579375000000000000e+02
3.048373504262574443e+02,5.579375000000000000e+02
3.049441119761329446e+02,5.579375000000000000e+02
3.048965886128481770e+02,5.579375000000000000e+02
3.050804799957379601e+02,5.579375000000000000e+02
3.051101252173913281e+02,5.579375000000000000e+02
3.052168480153430892e+02,5.579375000000000000e+02
3.050151660750852898e+02,5.579375000000000000e+02
3.053532160349481046e+02,5.579375000000000000e+02
3.053829000085251550e+02,5.579375000000000000e+02
3.054895840545531769e+02,5.579375000000000000e+02
3.054422932689027448e+02,5.579375000000000000e+02
3.056259520741582492e+02,5.579375000000000000e+02
3.056556747996589820e+02,5.579375000000000000e+02
3.057623200937632646e+02,5.579375000000000000e+02
1.429438600000000008e+02,1.664929199999999980e+02
3.058986881133683369e+02,5.579375000000000000e+02
3.059284495907928658e+02,5.579375000000000000e+02
3.060350561329734091e+02,5.579375000000000000e+02
3.059879979249573125e+02,5.579375000000000000e+02
3.061714241525784246e+02,5.579375000000000000e+02
3.062012243819266928e+02,5.579375000000000000e+02
3.063077921721834969e+02,5.579375000000000000e+02
3.061071962116041050e+02,5.579375000000000000e+02
3.064441601917885691e+02,5.579375000000000000e+02
3.064739991730605198e+02,5.579375000000000000e+02
3.065805282113935846e+02,5.579375000000000000e+02
3.065337025810118803e+02,5.579375000000000000e+02
3.067168962309987137e+02,5.579375000000000000e+02
3.067467739641944036e+02,5.579375000000000000e+02
3.068532642506037291e+02,5.579375000000000000e+02
3.063460000683371049e+02,5.579375000000000000e+02
3.069896322702088014e+02,5.579375000000000000e+02
3.070195487553282305e+02,5.579375000000000000e+02
3.071260002898138737e+02,5.579375000000000000e+02
3.070794072370665049e+02,5.579375000000000000e+02
3.072623683094188891e+02,5.579375000000000000e+02
3.072923235464620575e+02,5.579375000000000000e+02
3.073987363290239614e+02,5.579375000000000000e+02
3.071992263481228065e+02,5.579375000000000000e+02
3.075351043486290337e+02,5.579375000000000000e+02
3.075650983375959413e+02,5.579375000000000000e+02
3.076714723682340491e+02,5.579375000000000000e+02
3.076251118931210726e+02,5.579375000000000000e+02
3.078078403878391782e+02,5.579375000000000000e+02
3.078378731287297114e+02,5.579375000000000000e+02
3.079442084074441937e+02,5.579375000000000000e+02
3.068252434246575149e+02,5.579375000000000000e+02
3.080805764270492659e+02,5.638504599999999982e+02
3.081106479198635952e+02,5.638504599999999982e+02
3.082169444466543382e+02,5.638504599999999982e+02
3.081708165491756404e+02,5.638504599999999982e+02
3.083533124662593536e+02,5.638504599999999982e+02
3.083834227109974790e+02,5.638504599999999982e+02
3.084896804858644259e+02,5.638504599999999982e+02
3.082912564846416217e+02,5.638504599999999982e+02
3.086260485054694982e+02,5.638504599999999982e+02
3.086561975021312492e+02,5.638504599999999982e+02
3.087624165250745136e+02,5.638504599999999982e+02
3.087165212052302650e+02,5.638504599999999982e+02
3.088987845446796427e+02,5.638504599999999982e+02
3.089289722932651330e+02,5.638504599999999982e+02
3.090351525642846582e+02,5.638504599999999982e+02
3.085325478815489646e+02,5.638504599999999982e+02
3.091715205838897305e+02,5.638504599999999982e+02
3.092017470843990168e+02,5.638504599999999982e+02
3.093078886034948027e+02,5.638504599999999982e+02
3.092622258612848327e+02,5.638504599999999982e+02
3.094442566230998182e+02,5.638504599999999982e+02
3.094745218755327869e+02,5.638504599999999982e+02
3.095806246427048904e+02,5.638504599999999982e+02
3.093832866211603800e+02,5.638504599999999982e+02
3.097169926623099627e+02,5.638504599999999982e+02
3.097472966666666707e+02,5.638504599999999982e+02
3.098533606819149782e+02,5.638504599999999982e+02
3.098079305173394005e+02,5.638504599999999982e+02
3.099897287015200504e+02,5.638504599999999982e+02
3.100200714578004977e+02,5.638504599999999982e+02
3.101260967211251227e+02,5.638504599999999982e+02
1.197249000000000052e+02,1.933339799999999968e+02
3.102624647407301381e+02,5.368053999999999633e+02
3.102928462489343246e+02,5.368053999999999633e+02
3.103988327603352673e+02,5.368053999999999633e+02
3.103536351733939682e+02,5.368053999999999633e+02
3.105352007799402827e+02,5.368053999999999633e+02
3.105656210400682085e+02,5.368053999999999633e+02
3.106715687995453550e+02,5.368053999999999633e+02
3.104753167576791384e+02,5.368053999999999633e+02
3.108079368191504273e+02,5.368053999999999633e+02
3.108383958312020354e+02,5.368053999999999633e+02
3.109443048387554427e+02,5.368053999999999633e+02
3.108993398294485360e+02,5.368053999999999633e+02
3.110806728583605150e+02,4.130234399999999937e+02
3.111111706223358624e+02,4.130234399999999937e+02
3.112170408779655872e+02,4.130234399999999937e+02
3.107190956947607674e+02,5.368053999999999633e+02
3.113534088975706027e+02,4.130234399999999937e+02
3.113839454134697462e+02,4.130234399999999937e+02
3.114897769171757318e+02,4.130234399999999937e+02
3.114450444855031037e+02,4.130234399999999937e+02
3.116261449367807472e+02,4.130234399999999937e+02
3.116567202046035732e+02,4.130234399999999937e+02
3.117625129563858195e+02,4.130234399999999937e+02
3.115673468941979536e+02,4.130234399999999937e+02
3.118988809759908918e+02,4.130234399999999937e+02
3.119294949957374001e+02,4.130234399999999937e+02
3.120352489955959072e+02,4.130234399999999937e+02
3.119907491415576715e+02,4.130234399999999937e+02
3.121716170152009795e+02,4.130234399999999937e+02
3.122022697868712839e+02,4.130234399999999937e+02
3.123079850348060518e+02,4.130234399999999937e+02
3.112083232876711918e+02,4.130234399999999937e+02
3.124443530544110672e+02,5.675306399999999485e+02
3.124750445780051109e+02,5.675306399999999485e+02
3.125807210740161963e+02,5.675306399999999485e+02
3.125364537976122392e+02,5.675306399999999485e+02
3.127170890936212118e+02,5.675306399999999485e+02
3.127478193691389379e+02,5.675306399999999485e+02
3.128534571132262840e+02,5.675306399999999485e+02
3.126593770307167119e+02,5.675306399999999485e+02
3.129898251328313563e+02,5.675306399999999485e+02
3.130205941602728217e+02,5.675306399999999485e+02
3.131261931524363717e+02,5.675306399999999485e+02
3.130821584536668070e+02,5.675306399999999485e+02
3.132625611720414440e+02,5.675306399999999485e+02
3.132933689514066486e+02,5.675306399999999485e+02
3.133989291916465163e+02,5.675306399999999485e+02
3.129056435079726270e+02,5.675306399999999485e+02
3.135352972112515317e+02,5.675306399999999485e+02
3.135661437425404756e+02,5.675306399999999485e+02
3.136716652308566040e+02,5.675306399999999485e+02
3.136278631097213747e+02,5.675306399999999485e+02
3.138080332504616763e+02,5.675306399999999485e+02
3.138389185336743594e+02,5.675306399999999485e+02
3.139444012700666917e+02,5.675306399999999485e+02
3.137514071672354703e+02,5.675306399999999485e+02
3.140807692896718208e+02,5.675306399999999485e+02
3.141116933248081864e+02,5.675306399999999485e+02
3.142171373092768363e+02,5.675306399999999485e+02
3.141735677657759993e+02,5.675306399999999485e+02
3.143535053288819086e+02,5.675306399999999485e+02
3.143844681159420134e+02,5.675306399999999485e+02
3.144898733484869808e+02,5.675306399999999485e+02
1.016219200000000029e+02,2.273107899999999972e+02
3.146262413680919963e+02,5.675306399999999485e+02
3.146572429070758972e+02,5.675306399999999485e+02
3.147626093876970685e+02,5.675306399999999485e+02
3.147192724218305671e+02,5.675306399999999485e+02
3.148989774073021408e+02,5.675306399999999485e+02
3.149300176982097241e+02,5.675306399999999485e+02
3.150353454269071563e+02,5.675306399999999485e+02
3.148434373037542855e+02,5.675306399999999485e+02
3.151717134465122854e+02,5.675306399999999485e+02
3.152027924893435511e+02,5.675306399999999485e+02
3.153080814661173008e+02,5.675306399999999485e+02
3.152649770778851348e+02,5.675306399999999485e+02
3.154444494857223731e+02,5.675306399999999485e+02
3.154755672804774349e+02,5.675306399999999485e+02
3.155808175053274454e+02,5.675306399999999485e+02
3.150921913211844867e+02,5.675306399999999485e+02
3.157171855249324608e+02,5.675306399999999485e+02
3.157483420716112619e+02,5.675306399999999485e+02
3.158535535445375331e+02,5.675306399999999485e+02
3.158106817339397026e+02,5.675306399999999485e+02
3.159899215641426053e+02,5.675306399999999485e+02
3.160211168627450888e+02,5.675306399999999485e+02
3.161262895837476208e+02,5.675306399999999485e+02
3.159354674402729870e+02,5.675306399999999485e+02
3.162626576033527499e+02,5.675306399999999485e+02
3.162938916538789726e+02,5.675306399999999485e+02
3.163990256229577653e+02,5.675306399999999485e+02
3.163563863899943271e+02,5.675306399999999485e+02
3.165353936425627808e+02,5.675306399999999485e+02
3.165666664450127996e+02,5.675306399999999485e+02
3.166717616621679099e+02,5.675306399999999485e+02
3.155914031506849255e+02,5.675306399999999485e+02
3.168081296817729253e+02,3.792839399999999728e+02
3.168394412361466266e+02,3.792839399999999728e+02
3.169444977013779976e+02,3.792839399999999728e+02
3.169020910460488949e+02,3.792839399999999728e+02
3.170808657209830699e+02,3.792839399999999728e+02
3.171122160272805104e+02,3.792839399999999728e+02
3.172172337405880853e+02,3.792839399999999728e+02
3.170274975767918022e+02,3.792839399999999728e+02
3.173536017601931576e+02,3.792839399999999728e+02
3.173849908184142805e+02,3.792839399999999728e+02
3.174899697797982299e+02,3.792839399999999728e+02
3.174477957021034626e+02,3.792839399999999728e+02
3.176263377994032453e+02,3.792839399999999728e+02
3.176577656095481643e+02,3.792839399999999728e+02
3.177627058190083744e+02,3.792839399999999728e+02
3.172787391343963463e+02,3.792839399999999728e+02
3.178990738386133899e+02,3.792839399999999728e+02
3.179305404006820481e+02,3.792839399999999728e+02
3.180354418582184621e+02,3.792839399999999728e+02
3.179935003581580304e+02,3.792839399999999728e+02
3.181718098778235344e+02,3.792839399999999728e+02
3.182033151918158183e+02,3.792839399999999728e+02
3.183081778974285498e+02,3.792839399999999728e+02
3.181195277133105606e+02,3.792839399999999728e+02
3.184445459170336221e+02,3.792839399999999728e+02
3.184760899829497021e+02,3.792839399999999728e+02
3.185809139366386944e+02,3.792839399999999728e+02
3.185392050142125981e+02,3.792839399999999728e+02
3.187172819562437098e+02,3.792839399999999728e+02
3.187488647740835859e+02,3.792839399999999728e+02
3.188536499758488389e+02,3.792839399999999728e+02
9.643740999999999985e+01,2.513711000000000126e+02
3.189900179954538544e+02,3.792839399999999728e+02
3.190216395652173560e+02,3.792839399999999728e+02
3.191263860150589267e+02,3.792839399999999728e+02
3.190849096702671659e+02,3.792839399999999728e+02
3.192627540346639989e+02,3.792839399999999728e+02
3.192944143563512398e+02,3.792839399999999728e+02
3.193991220542690144e+02,3.792839399999999728e+02
3.192115578498293189e+02,3.792839399999999728e+02
3.195354900738740866e+02,3.792839399999999728e+02
3.195671891474850668e+02,3.792839399999999728e+02
3.196718580934791589e+02,3.792839399999999728e+02
3.196306143263217336e+02,3.792839399999999728e+02
3.198082261130841744e+02,3.792839399999999728e+02
3.198399639386188937e+02,3.792839399999999728e+02
3.199445941326892466e+02,3.792839399999999728e+02
3.194652869476082060e+02,3.792839399999999728e+02
3.200809621522943189e+02,3.792839399999999728e+02
3.201127387297527775e+02,3.792839399999999728e+02
3.202173301718993343e+02,3.792839399999999728e+02
3.201763189823763014e+02,3.792839399999999728e+02
3.203536981915044635e+02,3.792839399999999728e+02
3.203855135208866045e+02,3.792839399999999728e+02
3.204900662111094789e+02,3.792839399999999728e+02
3.203035879863481341e+02,3.792839399999999728e+02
3.206264342307145512e+02,3.792839399999999728e+02
3.206582883120204315e+02,3.792839399999999728e+02
3.207628022503196235e+02,3.792839399999999728e+02
3.207220236384308691e+02,3.792839399999999728e+02
3.208991702699246389e+02,3.792839399999999728e+02
3.209310631031543153e+02,3.792839399999999728e+02
3.210355382895297112e+02,3.792839399999999728e+02
3.199744830136986025e+02,3.792839399999999728e+02
3.211719063091347834e+02,5.694070000000000391e+02
3.212038378942881423e+02,5.694070000000000391e+02
3.213082743287397989e+02,5.694070000000000391e+02
3.212677282944854937e+02,5.694070000000000391e+02
3.214446423483449280e+02,5.694070000000000391e+02
3.214766126854219692e+02,5.694070000000000391e+02
3.215810103679499434e+02,5.694070000000000391e+02
3.213956181228668356e+02,5.694070000000000391e+02
3.217173783875550157e+02,5.694070000000000391e+02
3.217493874765558530e+02,5.694070000000000391e+02
3.218537464071600880e+02,5.694070000000000391e+02
3.218134329505400615e+02,5.694070000000000391e+02
3.219901144267651034e+02,5.694070000000000391e+02
3.220221622676896800e+02,5.694070000000000391e+02
3.221264824463701757e+02,5.694070000000000391e+02
3.216518347608200656e+02,5.694070000000000391e+02
3.222628504659752480e+02,5.694070000000000391e+02
3.222949370588235070e+02,5.694070000000000391e+02
3.223992184855802634e+02,5.694070000000000391e+02
3.223591376065946292e+02,5.694070000000000391e+02
3.225355865051853925e+02,5.694070000000000391e+02
3.225677118499573908e+02,5.694070000000000391e+02
3.226719545247904080e+02,5.694070000000000391e+02
3.224876482593856508e+02,5.694070000000000391e+02
3.228083225443954802e+02,5.694070000000000391e+02
3.228404866410912177e+02,5.694070000000000391e+02
3.229446905640005525e+02,5.694070000000000391e+02
3.229048422626491970e+02,5.694070000000000391e+02
3.230810585836055679e+02,5.694070000000000391e+02
3.231132614322250447e+02,5.694070000000000391e+02
3.232174266032106402e+02,5.694070000000000391e+02
9.958404500000000326e+01,2.713250699999999824e+02
3.233537946228157125e+02,5.191539299999999457e+02
3.233860362233589285e+02,5.191539299999999457e+02
3.234901626424207279e+02,5.191539299999999457e+02
3.234505469187038216e+02,5.191539299999999457e+02
3.236265306620258002e+02,5.191539299999999457e+02
3.236588110144927555e+02,5.191539299999999457e+02
3.237628986816308725e+02,5.191539299999999457e+02
3.235796783959044092e+02,5.191539299999999457e+02
3.238992667012358879e+02,5.191539299999999457e+02
3.239315858056265824e+02,5.191539299999999457e+02
3.240356347208410170e+02,5.191539299999999457e+02
3.239962515747583893e+02,5.191539299999999457e+02
3.241720027404460325e+02,5.191539299999999457e+02
3.242043605967604663e+02,5.191539299999999457e+02
3.243083707600511048e+02,5.191539299999999457e+02
3.238383825740318684e+02,5.191539299999999457e+02
3.244447387796561770e+02,5.191539299999999457e+02
3.244771353878942932e+02,5.191539299999999457e+02
3.245811067992611925e+02,5.191539299999999457e+02
3.245419562308129571e+02,5.191539299999999457e+02
3.247174748188662647e+02,5.191539299999999457e+02
3.247499101790281202e+02,5.191539299999999457e+02
3.248538428384713370e+02,5.191539299999999457e+02
3.246717085324231675e+02,5.191539299999999457e+02
3.249902108580763525e+02,5.191539299999999457e+02
3.250226849701620040e+02,5.191539299999999457e+02
3.251265788776814816e+02,5.191539299999999457e+02
3.250876608868675248e+02,5.191539299999999457e+02
3.252629468972864970e+02,5.191539299999999457e+02
3.252954597612958310e+02,5.191539299999999457e+02
3.253993149168915693e+02,5.191539299999999457e+02
3.243575628767123362e+02,5.191539299999999457e+02
3.255356829364966416e+02,5.191539299999999457e+02
3.255682345524296579e+02,5.191539299999999457e+02
3.256720509561016570e+02,5.191539299999999457e+02
3.256333655429220926e+02,5.191539299999999457e+02
3.258084189757067293e+02,5.191539299999999457e+02
3.258410093435635417e+02,5.191539299999999457e+02
3.259447869953118015e+02,5.191539299999999457e+02
3.257637386689419827e+02,5.191539299999999457e+02
3.260811550149168170e+02,5.191539299999999457e+02
3.261137841346973687e+02,5.191539299999999457e+02
3.262175230345219461e+02,5.191539299999999457e+02
3.261790701989766603e+02,5.191539299999999457e+02
3.263538910541269615e+02,5.191539299999999457e+02
3.263865589258311957e+02,5.191539299999999457e+02
3.264902590737320338e+02,5.191539299999999457e+02
3.260249303872437281e+02,5.191539299999999457e+02
3.266266270933371061e+02,5.191539299999999457e+02
3.266593337169650795e+02,5.191539299999999457e+02
3.267629951129421215e+02,5.191539299999999457e+02
3.267247748550312281e+02,5.191539299999999457e+02
3.268993631325471938e+02,5.191539299999999457e+02
3.269321085080988496e+02,5.191539299999999457e+02
3.270357311521522661e+02,5.191539299999999457e+02
3.268557688054607411e+02,5.191539299999999457e+02
3.271720991717572815e+02,5.191539299999999457e+02
3.272048832992327334e+02,5.191539299999999457e+02
3.273084671913623538e+02,5.191539299999999457e+02
3.272704795110857958e+02,5.191539299999999457e+02
3.274448352109674261e+02,5.191539299999999457e+02
3.274776580903666172e+02,5.191539299999999457e+02
3.275812032305724415e+02,5.191539299999999457e+02
1.074840999999999980e+02,2.844644799999999805e+02
3.277175712501775706e+02,9.939807000000000414e+01
3.277504328815003873e+02,9.939807000000000414e+01
3.278539392697825861e+02,9.939807000000000414e+01
3.278161841671403636e+02,9.939807000000000414e+01
3.279903072893876583e+02,9.939807000000000414e+01
3.280232076726342711e+02,9.939807000000000414e+01
3.281266753089927306e+02,9.939807000000000414e+01
3.279477989419794994e+02,9.939807000000000414e+01
3.282630433285977460e+02,9.939807000000000414e+01
3.282959824637681550e+02,9.939807000000000414e+01
3.283994113482028183e+02,9.939807000000000414e+01
3.283618888231949313e+02,9.939807000000000414e+01
3.285357793678078906e+02,9.939807000000000414e+01
3.285687572549019251e+02,9.939807000000000414e+01
3.286721473874129060e+02,9.939807000000000414e+01
3.282114782004555309e+02,9.939807000000000414e+01
3.288085154070180351e+02,9.939807000000000414e+01
3.288415320460358089e+02,9.939807000000000414e+01
3.289448834266230506e+02,9.939807000000000414e+01
3.289075934792495559e+02,9.939807000000000414e+01
3.290812514462281229e+02,9.939807000000000414e+01
3.291143068371696359e+02,9.939807000000000414e+01
3.292176194658331951e+02,9.939807000000000414e+01
3.290398290784983146e+02,9.939807000000000414e+01
3.293539874854382106e+02,9.939807000000000414e+01
3.293870816283034628e+02,9.939807000000000414e+01
3.294903555050432828e+02,9.939807000000000414e+01
3.294532981353041237e+02,9.939807000000000414e+01
3.296267235246483551e+02,9.939807000000000414e+01
3.296598564194373466e+02,9.939807000000000414e+01
3.297630915442533706e+02,9.939807000000000414e+01
3.287406427397260131e+02,9.939807000000000414e+01
3.298994595638584997e+02,9.939807000000000414e+01
3.299326312105711736e+02,9.939807000000000414e+01
3.300358275834635151e+02,9.939807000000000414e+01
3.299990027913586914e+02,9.939807000000000414e+01
3.301721956030685874e+02,9.939807000000000414e+01
3.302054060017050006e+02,9.939807000000000414e+01
3.303085636226736597e+02,9.939807000000000414e+01
3.301318592150170161e+02,9.939807000000000414e+01
3.304449316422786751e+02,9.939807000000000414e+01
3.304781807928388844e+02,9.939807000000000414e+01
3.305812996618837474e+02,9.939807000000000414e+01
3.305447074474133160e+02,9.939807000000000414e+01
3.307176676814888197e+02,9.939807000000000414e+01
3.307509555839727113e+02,9.939807000000000414e+01
3.308540357010938351e+02,9.939807000000000414e+01
3.303980260136673905e+02,9.939807000000000414e+01
3.309904037206989074e+02,4.166902999999999793e+02
3.310237303751065383e+02,4.166902999999999793e+02
3.311267717403039796e+02,4.166902999999999793e+02
3.310904121034678838e+02,4.166902999999999793e+02
3.312631397599089951e+02,4.166902999999999793e+02
3.312965051662404221e+02,4.166902999999999793e+02
3.313995077795141242e+02,4.166902999999999793e+02
3.312238893515358313e+02,4.166902999999999793e+02
3.315358757991191396e+02,4.166902999999999793e+02
3.315692799573742491e+02,4.166902999999999793e+02
3.316722438187242119e+02,4.166902999999999793e+02
3.316361167595224515e+02,4.166902999999999793e+02
3.318086118383292842e+02,4.166902999999999793e+02
3.318420547485080760e+02,4.166902999999999793e+02
3.319449798579342996e+02,4.166902999999999793e+02
1.271994499999999988e+02,3.092325399999999718e+02
3.320813478775393719e+02,4.166902999999999793e+02
3.321148295396419599e+02,4.166902999999999793e+02
3.322177158971444442e+02,4.166902999999999793e+02
3.321818214155770193e+02,4.166902999999999793e+02
3.323540839167494596e+02,4.166902999999999793e+02
3.323876043307757868e+02,4.166902999999999793e+02
3.324904519363545887e+02,4.166902999999999793e+02
3.323159194880545897e+02,4.166902999999999793e+02
3.326268199559596042e+02,4.166902999999999793e+02
3.326603791219096138e+02,4.166902999999999793e+02
3.327631879755646764e+02,4.166902999999999793e+02
3.327275260716315870e+02,4.166902999999999793e+02
3.328995559951697487e+02,4.166902999999999793e+02
3.329331539130434976e+02,4.166902999999999793e+02
3.330359240147747641e+02,4.166902999999999793e+02
3.325845738268792502e+02,4.166902999999999793e+02
3.331722920343798364e+02,4.166902999999999793e+02
3.332059287041773246e+02,4.166902999999999793e+02
3.333086600539849087e+02,4.166902999999999793e+02
3.332732307276861548e+02,4.166902999999999793e+02
3.334450280735899241e+02,4.166902999999999793e+02
3.334787034953111515e+02,4.166902999999999793e+02
3.335813960931950533e+02,4.166902999999999793e+02
3.334079496245733480e+02,4.166902999999999793e+02
3.337177641128000687e+02,4.166902999999999793e+02
3.337514782864450353e+02,4.166902999999999793e+02
3.338541321324050841e+02,4.166902999999999793e+02
3.338189353837407225e+02,4.166902999999999793e+02
3.339905001520102132e+02,4.166902999999999793e+02
3.340242530775788623e+02,4.166902999999999793e+02
3.341268681716152287e+02,4.166902999999999793e+02
3.331237226027396900e+02,4.166902999999999793e+02
3.342632361912203010e+02,4.166902999999999793e+02
3.342970278687126893e+02,4.166902999999999793e+02
3.343996042108253732e+02,4.166902999999999793e+02
3.343646400397952902e+02,4.166902999999999793e+02
3.345359722304303887e+02,4.166902999999999793e+02
3.345698026598465731e+02,4.166902999999999793e+02
3.346723402500354609e+02,4.166902999999999793e+02
3.344999797610921632e+02,4.166902999999999793e+02
3.348087082696405332e+02,4.166902999999999793e+02
3.348425774509804000e+02,4.166902999999999793e+02
3.349450762892455487e+02,4.166902999999999793e+02
3.349103446958498580e+02,4.166902999999999793e+02
3.350814443088506778e+02,4.166902999999999793e+02
3.351153522421142270e+02,4.166902999999999793e+02
3.352178123284556932e+02,4.166902999999999793e+02
3.347711216400911098e+02,4.166902999999999793e+02
3.353541803480607655e+02,4.166902999999999793e+02
3.353881270332481108e+02,4.166902999999999793e+02
3.354905483676658378e+02,4.166902999999999793e+02
3.354560493519044257e+02,4.166902999999999793e+02
3.356269163872708532e+02,4.166902999999999793e+02
3.356609018243819378e+02,4.166902999999999793e+02
3.357632844068759255e+02,4.166902999999999793e+02
3.355920098976108648e+02,4.166902999999999793e+02
3.358996524264809977e+02,4.166902999999999793e+02
3.359336766155157648e+02,4.166902999999999793e+02
3.360360204460860132e+02,4.166902999999999793e+02
3.360017540079590503e+02,4.166902999999999793e+02
3.361723884656911423e+02,4.166902999999999793e+02
3.362064514066496486e+02,4.166902999999999793e+02
3.363087564852961577e+02,4.166902999999999793e+02
1.523416599999999903e+02,3.344775399999999763e+02
3.364451245049012300e+02,5.673513000000000375e+02
3.364792261977834187e+02,5.673513000000000375e+02
3.365814925245063023e+02,5.673513000000000375e+02
3.365474586640136181e+02,5.673513000000000375e+02
3.367178605441113177e+02,5.673513000000000375e+02
3.367520009889173025e+02,5.673513000000000375e+02
3.368542285637163900e+02,5.673513000000000375e+02
3.366840400341296800e+02,5.673513000000000375e+02
3.369905965833214623e+02,5.673513000000000375e+02
3.370247757800511863e+02,5.673513000000000375e+02
3.371269646029264777e+02,5.673513000000000375e+02
3.370931633200681858e+02,5.673513000000000375e+02
3.372633326225316068e+02,5.673513000000000375e+02
3.372975505711849564e+02,5.673513000000000375e+02
3.373997006421366223e+02,5.673513000000000375e+02
3.369576694533029695e+02,5.673513000000000375e+02
3.375360686617416377e+02,5.673513000000000375e+02
3.375703253623188402e+02,5.673513000000000375e+02
3.376724366813467668e+02,5.673513000000000375e+02
3.376388679761228104e+02,5.673513000000000375e+02
3.378088047009517823e+02,5.673513000000000375e+02
3.378431001534527240e+02,5.673513000000000375e+02
3.379451727205568545e+02,5.673513000000000375e+02
3.377760701706484383e+02,5.673513000000000375e+02
3.380815407401619268e+02,5.673513000000000375e+02
3.381158749445864942e+02,5.673513000000000375e+02
3.382179087597669422e+02,5.673513000000000375e+02
3.381845726321773782e+02,5.673513000000000375e+02
3.383542767793720145e+02,5.673513000000000375e+02
3.383886497357203780e+02,5.673513000000000375e+02
3.384906447989770868e+02,5.673513000000000375e+02
3.375068024657533670e+02,5.673513000000000375e+02
3.386270128185821022e+02,5.673513000000000375e+02
3.386614245268542049e+02,5.673513000000000375e+02
3.387633808381872313e+02,5.673513000000000375e+02
3.387302772882319459e+02,5.673513000000000375e+02
3.388997488577922468e+02,5.673513000000000375e+02
3.389341993179880319e+02,5.673513000000000375e+02
3.390361168773973191e+02,5.673513000000000375e+02
3.388681003071671967e+02,5.673513000000000375e+02
3.391724848970023913e+02,5.673513000000000375e+02
3.392069741091219157e+02,5.673513000000000375e+02
3.393088529166074068e+02,5.673513000000000375e+02
3.392759819442865137e+02,5.673513000000000375e+02
3.394452209362124790e+02,5.673513000000000375e+02
3.394797489002557427e+02,5.673513000000000375e+02
3.395815889558175513e+02,5.673513000000000375e+02
3.391442172665148291e+02,5.673513000000000375e+02
3.397179569754225668e+02,5.673513000000000375e+02
3.397525236913895696e+02,5.673513000000000375e+02
3.398543249950276959e+02,5.673513000000000375e+02
3.398216866003410814e+02,5.673513000000000375e+02
3.399906930146327113e+02,5.673513000000000375e+02
3.400252984825234535e+02,5.673513000000000375e+02
3.401270610342377836e+02,5.673513000000000375e+02
3.399601304436860119e+02,5.673513000000000375e+02
3.402634290538428559e+02,5.673513000000000375e+02
3.402980732736572804e+02,5.673513000000000375e+02
3.403997970734478713e+02,5.673513000000000375e+02
3.403673912563956492e+02,5.673513000000000375e+02
3.405361650930529436e+02,5.673513000000000375e+02
3.405708480647911074e+02,5.673513000000000375e+02
3.406725331126580159e+02,5.673513000000000375e+02
1.828684800000000052e+02,3.559793700000000172e+02
3.408089011322630313e+02,5.673513000000000375e+02
3.408436228559249912e+02,5.673513000000000375e+02
3.409452691518681036e+02,5.673513000000000375e+02
3.409130959124502169e+02,5.673513000000000375e+02
3.410816371714731758e+02,5.673513000000000375e+02
3.411163976470588182e+02,5.673513000000000375e+02
3.412180051910781913e+02,5.673513000000000375e+02
3.410521605802047702e+02,5.673513000000000375e+02
3.413543732106833204e+02,5.673513000000000375e+02
3.413891724381926451e+02,5.673513000000000375e+02
3.414907412302883358e+02,5.673513000000000375e+02
3.414588005685047847e+02,5.673513000000000375e+02
3.416271092498934081e+02,5.673513000000000375e+02
3.416619472293265289e+02,5.673513000000000375e+02
3.417634772694984804e+02,5.673513000000000375e+02
3.413307650797266319e+02,5.673513000000000375e+02
3.418998452891034958e+02,5.673513000000000375e+02
3.419347220204603559e+02,5.673513000000000375e+02
3.420362133087085681e+02,5.673513000000000375e+02
3.420045052245593524e+02,5.673513000000000375e+02
3.421725813283136404e+02,5.673513000000000375e+02
3.422074968115941829e+02,5.673513000000000375e+02
3.423089493479186558e+02,5.673513000000000375e+02
3.421441907167235286e+02,5.673513000000000375e+02
3.424453173675237849e+02,5.673513000000000375e+02
3.424802716027280667e+02,5.673513000000000375e+02
3.425816853871288004e+02,5.673513000000000375e+02
3.425502098806139202e+02,5.673513000000000375e+02
3.427180534067338726e+02,5.673513000000000375e+02
3.427530463938618936e+02,5.673513000000000375e+02
3.428544214263389449e+02,5.673513000000000375e+02
3.418898823287671007e+02,5.673513000000000375e+02
3.429907894459439603e+02,5.673513000000000375e+02
3.430258211849957206e+02,5.673513000000000375e+02
3.431271574655490326e+02,5.673513000000000375e+02
3.430959145366685448e+02,5.673513000000000375e+02
3.432635254851541049e+02,5.673513000000000375e+02
3.432985959761296044e+02,5.673513000000000375e+02
3.433998935047591203e+02,5.673513000000000375e+02
3.432362208532422869e+02,5.673513000000000375e+02
3.435362615243642495e+02,5.673513000000000375e+02
3.435713707672634314e+02,5.673513000000000375e+02
3.436726295439692649e+02,5.673513000000000375e+02
3.436416191927231125e+02,5.673513000000000375e+02
3.438089975635743372e+02,5.673513000000000375e+02
3.438441455583972584e+02,5.673513000000000375e+02
3.439453655831794094e+02,5.673513000000000375e+02
3.435173128929384916e+02,5.673513000000000375e+02
3.440817336027844249e+02,5.673513000000000375e+02
3.441169203495311422e+02,5.673513000000000375e+02
3.442181016223894972e+02,5.673513000000000375e+02
3.441873238487776803e+02,5.673513000000000375e+02
3.443544696419945694e+02,5.673513000000000375e+02
3.443896951406649691e+02,5.673513000000000375e+02
3.444908376615995849e+02,5.673513000000000375e+02
3.443282509897610453e+02,5.673513000000000375e+02
3.446272056812046571e+02,5.673513000000000375e+02
3.446624699317987961e+02,5.673513000000000375e+02
3.447635737008097294e+02,5.673513000000000375e+02
3.447330285048323049e+02,5.673513000000000375e+02
3.448999417204147449e+02,5.673513000000000375e+02
3.449352447229326799e+02,5.673513000000000375e+02
3.450363097400198740e+02,5.673513000000000375e+02
2.101476099999999860e+02,3.735796000000000276e+02
3.451726777596248894e+02,3.913283700000000067e+02
3.452080195140665069e+02,3.913283700000000067e+02
3.453090457792299617e+02,3.913283700000000067e+02
3.452787331608868726e+02,3.913283700000000067e+02
3.454454137988350340e+02,3.913283700000000067e+02
3.454807943052003338e+02,3.913283700000000067e+02
3.455817818184400494e+02,3.913283700000000067e+02
3.454202811262798605e+02,3.913283700000000067e+02
3.457181498380451217e+02,3.913283700000000067e+02
3.457535690963342176e+02,3.913283700000000067e+02
3.458545178576501939e+02,3.913283700000000067e+02
3.458244378169414404e+02,3.913283700000000067e+02
3.459908858772552094e+02,3.913283700000000067e+02
3.460263438874679878e+02,3.913283700000000067e+02
3.461272538968603385e+02,3.913283700000000067e+02
3.457038607061502944e+02,3.913283700000000067e+02
3.462636219164653539e+02,3.913283700000000067e+02
3.462991186786018716e+02,3.913283700000000067e+02
3.463999899360704262e+02,3.913283700000000067e+02
3.463701424729960081e+02,3.913283700000000067e+02
3.465363579556754985e+02,3.913283700000000067e+02
3.465718934697357554e+02,3.913283700000000067e+02
3.466727259752805139e+02,3.913283700000000067e+02
3.465123112627986188e+02,3.913283700000000067e+02
3.468090939948855862e+02,3.913283700000000067e+02
3.468446682608695255e+02,3.913283700000000067e+02
3.469454620144906585e+02,3.913283700000000067e+02
3.469158471290505759e+02,3.913283700000000067e+02
3.470818300340956739e+02,3.913283700000000067e+02
3.471174430520034093e+02,3.913283700000000067e+02
3.472181980537008030e+02,3.913283700000000067e+02
3.462729621917808345e+02,3.913283700000000067e+02
3.473545660733058185e+02,3.913283700000000067e+02
3.473902178431372931e+02,3.913283700000000067e+02
3.474909340929108907e+02,3.913283700000000067e+02
3.474615517851051436e+02,3.913283700000000067e+02
3.476273021125159630e+02,3.913283700000000067e+02
3.476629926342710633e+02,3.913283700000000067e+02
3.477636701321209785e+02,3.913283700000000067e+02
3.476043413993173772e+02,3.913283700000000067e+02
3.479000381517260507e+02,3.913283700000000067e+02
3.479357674254049471e+02,3.913283700000000067e+02
3.480364061713311230e+02,3.913283700000000067e+02
3.480072564411597114e+02,3.913283700000000067e+02
3.481727741909361384e+02,3.913283700000000067e+02
3.482085422165387740e+02,3.913283700000000067e+02
3.483091422105412107e+02,3.913283700000000067e+02
3.478904085193621540e+02,3.913283700000000067e+02
3.484455102301462830e+02,3.913283700000000067e+02
3.484813170076726010e+02,3.913283700000000067e+02
3.485818782497512984e+02,3.913283700000000067e+02
3.485529610972142791e+02,3.913283700000000067e+02
3.487182462693564275e+02,3.913283700000000067e+02
3.487540917988064848e+02,3.913283700000000067e+02
3.488546142889614430e+02,3.913283700000000067e+02
3.486963715358361924e+02,3.913283700000000067e+02
3.489909823085665153e+02,3.913283700000000067e+02
3.490268665899403118e+02,3.913283700000000067e+02
3.491273503281715875e+02,3.913283700000000067e+02
3.490986657532688469e+02,3.913283700000000067e+02
3.492637183477766030e+02,3.913283700000000067e+02
3.492996413810741387e+02,3.913283700000000067e+02
3.494000863673816752e+02,3.913283700000000067e+02
2.395764200000000130e+02,3.892866200000000276e+02
3.495364543869867475e+02,3.913283700000000067e+02
3.495724161722080225e+02,3.913283700000000067e+02
3.496728224065917630e+02,3.913283700000000067e+02
3.496443704093234146e+02,3.913283700000000067e+02
3.498091904261968921e+02,3.913283700000000067e+02
3.498451909633418495e+02,3.913283700000000067e+02
3.499455584458019075e+02,4.203788999999999874e+02
3.497884016723548939e+02,3.913283700000000067e+02
3.500819264654069798e+02,4.203788999999999874e+02
3.501179657544756765e+02,4.203788999999999874e+02
3.502182944850120521e+02,4.203788999999999874e+02
3.501900750653780392e+02,4.203788999999999874e+02
3.503546625046170675e+02,4.203788999999999874e+02
3.503907405456095603e+02,4.203788999999999874e+02
3.504910305242221398e+02,4.203788999999999874e+02
3.500769563325740137e+02,4.203788999999999874e+02
3.506273985438272121e+02,4.203788999999999874e+02
3.506635153367433873e+02,4.203788999999999874e+02
3.507637665634322275e+02,4.203788999999999874e+02
3.507357797214326069e+02,4.203788999999999874e+02
3.509001345830373566e+02,4.203788999999999874e+02
3.509362901278772142e+02,4.203788999999999874e+02
3.510365026026423720e+02,4.203788999999999874e+02
3.508804318088737091e+02,4.203788999999999874e+02
3.511728706222474443e+02,4.203788999999999874e+02
3.512090649190110980e+02,4.203788999999999874e+02
3.513092386418525166e+02,4.203788999999999874e+02
3.512814843774871747e+02,4.203788999999999874e+02
3.514456066614575320e+02,4.203788999999999874e+02
3.514818397101449250e+02,4.203788999999999874e+02
3.515819746810626043e+02,4.203788999999999874e+02
3.506560420547945114e+02,4.203788999999999874e+02
3.517183427006676766e+02,4.994845000000000255e+02
3.517546145012787520e+02,4.994845000000000255e+02
3.518547107202726920e+02,4.994845000000000255e+02
3.518271890335417993e+02,4.994845000000000255e+02
3.519910787398777643e+02,4.994845000000000255e+02
3.520273892924126358e+02,4.994845000000000255e+02
3.521274467594828366e+02,4.994845000000000255e+02
3.519724619453924674e+02,4.994845000000000255e+02
3.522638147790878520e+02,4.994845000000000255e+02
3.523001640835464627e+02,4.994845000000000255e+02
3.524001827986929811e+02,4.994845000000000255e+02
3.523728936895963670e+02,4.994845000000000255e+02
3.525365508182979966e+02,4.994845000000000255e+02
3.525729388746802897e+02,4.994845000000000255e+02
3.526729188379030688e+02,4.994845000000000255e+02
3.522635041457858733e+02,4.994845000000000255e+02
3.528092868575081411e+02,4.994845000000000255e+02
3.528457136658141735e+02,4.994845000000000255e+02
3.529456548771131565e+02,4.994845000000000255e+02
3.529185983456509348e+02,4.994845000000000255e+02
3.530820228967182288e+02,4.994845000000000255e+02
3.531184884569480005e+02,4.994845000000000255e+02
3.532183909163233011e+02,4.994845000000000255e+02
3.530644920819112258e+02,4.994845000000000255e+02
3.533547589359283734e+02,4.994845000000000255e+02
3.533912632480818274e+02,4.994845000000000255e+02
3.534911269555333888e+02,4.994845000000000255e+02
3.534643030017055025e+02,4.994845000000000255e+02
3.536274949751384611e+02,4.994845000000000255e+02
3.536640380392157113e+02,4.994845000000000255e+02
3.537638629947435334e+02,4.994845000000000255e+02
2.656567400000000134e+02,3.989085699999999974e+02
3.539002310143486056e+02,5.603218000000000529e+02
3.539368128303495382e+02,5.603218000000000529e+02
3.540365990339536211e+02,5.603218000000000529e+02
3.540100076577600703e+02,5.603218000000000529e+02
3.541729670535586934e+02,5.603218000000000529e+02
3.542095876214833652e+02,5.603218000000000529e+02
3.543093350731637656e+02,5.603218000000000529e+02
3.541565222184299842e+02,5.603218000000000529e+02
3.544457030927688379e+02,5.603218000000000529e+02
3.544823624126171921e+02,5.603218000000000529e+02
3.545820711123738533e+02,5.603218000000000529e+02
3.545557123138146380e+02,5.603218000000000529e+02
3.547184391319789256e+02,5.603218000000000529e+02
3.547551372037510760e+02,5.603218000000000529e+02
3.548548071515839979e+02,5.603218000000000529e+02
3.544500519589977330e+02,5.603218000000000529e+02
3.549911751711890133e+02,5.603218000000000529e+02
3.550279119948849029e+02,5.603218000000000529e+02
3.551275431907940856e+02,5.603218000000000529e+02
3.551014169698692058e+02,5.603218000000000529e+02
3.552639112103991579e+02,5.603218000000000529e+02
3.553006867860187299e+02,5.603218000000000529e+02
3.554002792300042302e+02,5.603218000000000529e+02
3.552485523549487993e+02,5.603218000000000529e+02
3.555366472496092456e+02,5.603218000000000529e+02
3.555734615771526137e+02,5.603218000000000529e+02
3.556730152692143179e+02,5.603218000000000529e+02
3.556471216259237735e+02,5.603218000000000529e+02
3.558093832888193901e+02,5.603218000000000529e+02
3.558462363682864407e+02,5.603218000000000529e+02
3.559457513084244624e+02,5.603218000000000529e+02
3.550391219178081883e+02,5.603218000000000529e+02
3.560821193280294779e+02,5.603218000000000529e+02
3.561190111594202676e+02,5.603218000000000529e+02
3.562184873476345501e+02,5.603218000000000529e+02
3.561928262819783981e+02,5.603218000000000529e+02
3.563548553672396224e+02,5.603218000000000529e+02
3.563917859505541514e+02,5.603218000000000529e+02
3.564912233868446947e+02,5.603218000000000529e+02
3.563405824914675577e+02,5.603218000000000529e+02
3.566275914064497101e+02,5.603218000000000529e+02
3.566645607416879784e+02,5.603218000000000529e+02
3.567639594260547824e+02,5.603218000000000529e+02
3.567385309380329659e+02,5.603218000000000529e+02
3.569003274456598547e+02,5.603218000000000529e+02
3.569373355328218054e+02,5.603218000000000529e+02
3.570366954652649270e+02,5.603218000000000529e+02
3.566365997722095358e+02,5.603218000000000529e+02
3.571730634848699424e+02,5.603218000000000529e+02
3.572101103239556892e+02,5.603218000000000529e+02
3.573094315044750147e+02,5.603218000000000529e+02
3.572842355940875336e+02,5.603218000000000529e+02
3.574457995240800869e+02,5.603218000000000529e+02
3.574828851150895161e+02,5.603218000000000529e+02
3.575821675436851592e+02,5.603218000000000529e+02
3.574326126279863161e+02,5.603218000000000529e+02
3.577185355632901747e+02,5.603218000000000529e+02
3.577556599062233431e+02,5.603218000000000529e+02
3.578549035828952469e+02,5.603218000000000529e+02
3.578299402501421014e+02,5.603218000000000529e+02
3.579912716025003192e+02,5.603218000000000529e+02
3.580284346973572269e+02,5.603218000000000529e+02
3.581276396221053915e+02,5.603218000000000529e+02
2.898602300000000014e+02,4.064802199999999743e+02
3.582640076417104069e+02,5.603218000000000529e+02
3.583012094884910539e+02,5.603218000000000529e+02
3.584003756613154792e+02,5.603218000000000529e+02
3.583756449061966691e+02,5.603218000000000529e+02
3.585367436809205515e+02,5.603218000000000529e+02
3.585739842796248809e+02,5.603218000000000529e+02
3.586731117005255669e+02,5.603218000000000529e+02
3.585246427645050744e+02,5.603218000000000529e+02
3.588094797201306392e+02,5.603218000000000529e+02
3.588467590707587647e+02,5.603218000000000529e+02
3.589458477397357115e+02,5.603218000000000529e+02
3.589213495622512369e+02,5.603218000000000529e+02
3.590822157593407837e+02,5.603218000000000529e+02
3.591195338618925916e+02,5.603218000000000529e+02
3.592185837789457992e+02,5.603218000000000529e+02
3.588231475854213954e+02,5.603218000000000529e+02
3.593549517985508714e+02,5.603218000000000529e+02
3.593923086530264186e+02,5.603218000000000529e+02
3.594913198181559437e+02,5.603218000000000529e+02
3.594670542183058046e+02,5.603218000000000529e+02
3.596276878377610160e+02,5.603218000000000529e+02
3.596650834441602456e+02,5.603218000000000529e+02
3.597640558573660314e+02,5.603218000000000529e+02
3.596166729010238896e+02,5.603218000000000529e+02
3.599004238769711037e+02,5.603218000000000529e+02
3.599378582352941294e+02,5.603218000000000529e+02
3.600367918965761760e+02,5.603218000000000529e+02
3.600127588743604292e+02,5.603218000000000529e+02
3.601731599161812483e+02,5.603218000000000529e+02
3.602106330264279563e+02,5.603218000000000529e+02
3.603095279357862637e+02,5.603218000000000529e+02
3.594222017808218652e+02,5.603218000000000529e+02
3.604458959553913360e+02,5.603218000000000529e+02
3.604834078175617833e+02,5.603218000000000529e+02
3.605822639749964083e+02,5.603218000000000529e+02
3.605584635304149970e+02,5.603218000000000529e+02
3.607186319946014805e+02,5.603218000000000529e+02
3.607561826086956671e+02,5.603218000000000529e+02
3.608550000142064960e+02,5.603218000000000529e+02
3.607087030375426480e+02,5.603218000000000529e+02
3.609913680338115682e+02,5.603218000000000529e+02
3.610289573998294941e+02,5.603218000000000529e+02
3.611277360534166405e+02,5.603218000000000529e+02
3.611041681864695647e+02,5.603218000000000529e+02
3.612641040730217128e+02,5.603218000000000529e+02
3.613017321909633210e+02,5.603218000000000529e+02
3.614004720926267282e+02,5.603218000000000529e+02
3.610096953986332551e+02,5.603218000000000529e+02
3.615368401122318005e+02,5.603218000000000529e+02
3.615745069820972049e+02,5.603218000000000529e+02
3.616732081318368728e+02,5.603218000000000529e+02
3.616498728425241325e+02,5.603218000000000529e+02
3.618095761514418882e+02,5.603218000000000529e+02
3.618472817732310318e+02,5.603218000000000529e+02
3.619459441710469605e+02,5.603218000000000529e+02
3.618007331740614063e+02,5.603218000000000529e+02
3.620823121906520328e+02,5.603218000000000529e+02
3.621200565643648588e+02,5.603218000000000529e+02
3.622186802102571050e+02,5.603218000000000529e+02
3.621955774985787002e+02,5.603218000000000529e+02
3.623550482298621205e+02,5.603218000000000529e+02
3.623928313554987426e+02,5.603218000000000529e+02
3.624914162494671928e+02,5.603218000000000529e+02
3.113501999999999725e+02,4.130234399999999937e+02
3.626277842690722650e+02,4.229934000000000083e+02
3.626656061466325696e+02,4.229934000000000083e+02
3.627641522886773373e+02,4.229934000000000083e+02
3.627412821546332680e+02,4.229934000000000083e+02
3.629005203082823527e+02,4.229934000000000083e+02
3.629383809377663965e+02,4.229934000000000083e+02
3.630368883278874250e+02,4.229934000000000083e+02
3.628927633105801647e+02,4.229934000000000083e+02
3.631732563474924973e+02,4.229934000000000083e+02
3.632111557289002803e+02,4.229934000000000083e+02
3.633096243670975696e+02,4.229934000000000083e+02
3.632869868106878357e+02,4.229934000000000083e+02
3.634459923867025850e+02,4.229934000000000083e+02
3.634839305200341073e+02,4.229934000000000083e+02
3.635823604063076573e+02,4.229934000000000083e+02
3.631962432118451147e+02,4.229934000000000083e+02
3.637187284259127296e+02,4.229934000000000083e+02
3.637567053111679343e+02,4.229934000000000083e+02
3.638550964455178018e+02,4.229934000000000083e+02
3.638326914667424603e+02,4.229934000000000083e+02
3.639914644651228173e+02,4.229934000000000083e+02
3.640294801023017612e+02,4.229934000000000083e+02
3.641278324847278896e+02,4.229934000000000083e+02
3.639847934470989799e+02,4.229934000000000083e+02
3.642642005043329618e+02,4.229934000000000083e+02
3.643022548934356450e+02,4.229934000000000083e+02
3.644005685239380341e+02,4.229934000000000083e+02
3.643783961227970281e+02,4.229934000000000083e+02
3.645369365435430495e+02,4.229934000000000083e+02
3.645750296845694720e+02,4.229934000000000083e+02
3.646733045631481218e+02,4.229934000000000083e+02
3.638052816438355990e+02,4.229934000000000083e+02
3.648096725827531941e+02,4.229934000000000083e+02
3.648478044757032990e+02,4.229934000000000083e+02
3.649460406023582664e+02,4.229934000000000083e+02
3.649241007788515958e+02,4.229934000000000083e+02
3.650824086219632818e+02,4.229934000000000083e+02
3.651205792668371828e+02,4.229934000000000083e+02
3.652187766415683541e+02,4.229934000000000083e+02
3.650768235836177382e+02,4.229934000000000083e+02
3.653551446611734264e+02,4.229934000000000083e+02
3.653933540579710098e+02,4.229934000000000083e+02
3.654915126807784418e+02,4.229934000000000083e+02
3.654698054349061636e+02,4.229934000000000083e+02
3.656278807003835141e+02,4.229934000000000083e+02
3.656661288491048367e+02,4.229934000000000083e+02
3.657642487199885863e+02,4.229934000000000083e+02
3.653827910250569175e+02,4.229934000000000083e+02
3.659006167395936586e+02,4.229934000000000083e+02
3.659389036402387205e+02,4.229934000000000083e+02
3.660369847591986741e+02,4.229934000000000083e+02
3.660155100909607313e+02,4.229934000000000083e+02
3.661733527788037463e+02,4.229934000000000083e+02
3.662116784313725475e+02,4.229934000000000083e+02
3.663097207984088186e+02,4.229934000000000083e+02
3.661688537201364966e+02,4.229934000000000083e+02
3.664460888180138909e+02,4.229934000000000083e+02
3.664844532225063745e+02,4.229934000000000083e+02
3.665824568376189063e+02,4.229934000000000083e+02
3.665612147470152991e+02,4.229934000000000083e+02
3.667188248572239786e+02,4.229934000000000083e+02
3.667572280136402583e+02,4.229934000000000083e+02
3.668551928768290509e+02,4.229934000000000083e+02
3.319658000000000015e+02,4.166902999999999793e+02
3.669915608964341232e+02,4.034166299999999978e+02
3.670300028047740852e+02,4.034166299999999978e+02
3.671279289160391386e+02,4.034166299999999978e+02
3.671069194030699236e+02,4.034166299999999978e+02
3.672642969356442109e+02,4.034166299999999978e+02
3.673027775959079122e+02,4.034166299999999978e+02
3.674006649552492831e+02,4.034166299999999978e+02
3.672608838566552549e+02,4.034166299999999978e+02
3.675370329748543554e+02,4.034166299999999978e+02
3.675755523870417960e+02,4.034166299999999978e+02
3.676734009944593708e+02,4.034166299999999978e+02
3.676526240591244914e+02,4.034166299999999978e+02
3.678097690140644431e+02,4.034166299999999978e+02
3.678483271781756230e+02,4.034166299999999978e+02
3.679461370336695154e+02,4.034166299999999978e+02
3.675693388382687772e+02,4.034166299999999978e+02
3.680825050532745877e+02,4.034166299999999978e+02
3.681211019693094499e+02,4.034166299999999978e+02
3.682188730728796031e+02,4.034166299999999978e+02
3.681983287151790591e+02,4.034166299999999978e+02
3.683552410924846754e+02,4.034166299999999978e+02
3.683938767604433338e+02,4.034166299999999978e+02
3.684916091120897477e+02,4.034166299999999978e+02
3.683529139931740133e+02,4.034166299999999978e+02
3.686279771316948199e+02,4.034166299999999978e+02
3.686666515515771607e+02,4.034166299999999978e+02
3.687643451512998354e+02,4.034166299999999978e+02
3.687440333712336269e+02,4.034166299999999978e+02
3.689007131709049077e+02,4.034166299999999978e+02
3.689394263427109877e+02,4.034166299999999978e+02
3.690370811905099799e+02,4.034166299999999978e+02
3.681883615068492759e+02,4.034166299999999978e+02
3.691734492101149954e+02,4.034166299999999978e+02
3.692122011338448146e+02,4.034166299999999978e+02
3.693098172297200676e+02,4.034166299999999978e+02
3.692897380272881946e+02,4.034166299999999978e+02
3.694461852493251399e+02,4.034166299999999978e+02
3.694849759249786985e+02,4.034166299999999978e+02
3.695825532689302122e+02,4.034166299999999978e+02
3.694449441296928285e+02,4.034166299999999978e+02
3.697189212885352276e+02,4.034166299999999978e+02
3.697577507161125254e+02,4.034166299999999978e+02
3.698552893081402999e+02,4.034166299999999978e+02
3.698354426833427624e+02,4.034166299999999978e+02
3.699916573277453722e+02,4.034166299999999978e+02
3.700305255072463524e+02,4.034166299999999978e+02
3.701280253473504445e+02,4.034166299999999978e+02
3.697558866514806368e+02,4.034166299999999978e+02
3.702643933669554599e+02,4.034166299999999978e+02
3.703033002983802362e+02,4.034166299999999978e+02
3.704007613865605322e+02,4.034166299999999978e+02
3.703811473393973301e+02,4.034166299999999978e+02
3.705371294061656045e+02,4.034166299999999978e+02
3.705760750895140632e+02,4.034166299999999978e+02
3.706734974257706767e+02,4.034166299999999978e+02
3.705369742662115868e+02,4.034166299999999978e+02
3.708098654453756922e+02,4.034166299999999978e+02
3.708488498806478901e+02,4.034166299999999978e+02
3.709462334649807644e+02,4.034166299999999978e+02
3.709268519954519547e+02,4.034166299999999978e+02
3.710826014845858367e+02,4.034166299999999978e+02
3.711216246717817739e+02,4.034166299999999978e+02
3.712189695041909090e+02,4.034166299999999978e+02
3.499463799999999765e+02,4.203788999999999874e+02
3.713553375237959244e+02,1.086536899999999974e+02
3.713943994629156009e+02,1.086536899999999974e+02
3.714917055434009967e+02,1.086536899999999974e+02
3.714725566515065225e+02,1.086536899999999974e+02
3.716280735630060690e+02,1.086536899999999974e+02
3.716671742540494279e+02,1.086536899999999974e+02
3.717644415826111413e+02,1.086536899999999974e+02
3.716290044027303452e+02,1.086536899999999974e+02
3.719008096022161567e+02,1.086536899999999974e+02
3.719399490451833117e+02,1.086536899999999974e+02
3.720371776218212290e+02,1.086536899999999974e+02
3.720182613075610902e+02,1.086536899999999974e+02
3.721735456414263012e+02,1.086536899999999974e+02
3.722127238363171386e+02,1.086536899999999974e+02
3.723099136610313167e+02,1.086536899999999974e+02
3.719424344646924965e+02,1.086536899999999974e+02
3.724462816806363890e+02,1.086536899999999974e+02
3.724854986274509656e+02,1.086536899999999974e+02
3.725826497002414612e+02,1.086536899999999974e+02
3.725639659636156580e+02,1.086536899999999974e+02
3.727190177198465335e+02,1.086536899999999974e+02
3.727582734185848494e+02,1.086536899999999974e+02
3.728553857394515489e+02,1.086536899999999974e+02
3.727210345392491035e+02,1.086536899999999974e+02
3.729917537590566212e+02,1.086536899999999974e+02
3.730310482097186764e+02,1.086536899999999974e+02
3.731281217786616935e+02,1.086536899999999974e+02
3.731096706196702257e+02,1.086536899999999974e+02
3.732644897982667658e+02,1.086536899999999974e+02
3.733038230008525034e+02,1.086536899999999974e+02
3.734008578178717812e+02,1.086536899999999974e+02
3.725714413698630096e+02,1.086536899999999974e+02
3.735372258374768535e+02,5.457585400000000391e+02
3.735765977919863303e+02,5.457585400000000391e+02
3.736735938570819258e+02,5.457585400000000391e+02
3.736553752757247935e+02,5.457585400000000391e+02
3.738099618766869980e+02,5.457585400000000391e+02
3.738493725831202141e+02,5.457585400000000391e+02
3.739463298962920135e+02,5.457585400000000391e+02
3.738130646757679187e+02,5.457585400000000391e+02
3.740826979158970857e+02,5.457585400000000391e+02
3.741221473742540411e+02,5.457585400000000391e+02
3.742190659355021580e+02,5.457585400000000391e+02
3.742010799317794181e+02,5.457585400000000391e+02
3.743554339551072303e+02,5.457585400000000391e+02
3.743949221653878681e+02,5.457585400000000391e+02
3.744918019747122457e+02,5.457585400000000391e+02
3.741289822779042993e+02,5.457585400000000391e+02
3.746281699943173180e+02,5.457585400000000391e+02
3.746676969565217519e+02,5.457585400000000391e+02
3.747645380139223903e+02,5.457585400000000391e+02
3.747467845878339858e+02,5.457585400000000391e+02
3.749009060335274626e+02,5.457585400000000391e+02
3.749404717476555788e+02,5.457585400000000391e+02
3.750372740531324780e+02,5.457585400000000391e+02
3.749050948122866771e+02,5.457585400000000391e+02
3.751736420727375503e+02,5.457585400000000391e+02
3.752132465387894058e+02,5.457585400000000391e+02
3.753100100923426226e+02,5.457585400000000391e+02
3.752924892438885536e+02,5.457585400000000391e+02
3.754463781119476948e+02,5.457585400000000391e+02
3.754860213299232896e+02,5.457585400000000391e+02
3.755827461315527103e+02,5.457585400000000391e+02
3.654582199999999830e+02,4.229934000000000083e+02
3.757191141511577825e+02,4.833502199999999789e+02
3.757587961210571166e+02,4.833502199999999789e+02
3.758554821707628548e+02,4.833502199999999789e+02
3.758381938999431213e+02,4.833502199999999789e+02
3.759918501903678703e+02,4.833502199999999789e+02
3.760315709121909435e+02,4.833502199999999789e+02
3.761282182099729425e+02,4.833502199999999789e+02
3.759971249488054355e+02,4.833502199999999789e+02
3.762645862295780148e+02,4.833502199999999789e+02
3.763043457033248274e+02,4.833502199999999789e+02
3.764009542491830871e+02,4.833502199999999789e+02
3.763838985559976891e+02,4.833502199999999789e+02
3.765373222687881025e+02,4.833502199999999789e+02
3.765771204944586543e+02,4.833502199999999789e+02
3.766736902883931748e+02,4.833502199999999789e+02
3.763155300911161589e+02,4.833502199999999789e+02
3.768100583079982471e+02,4.833502199999999789e+02
3.768498952855924813e+02,4.833502199999999789e+02
3.769464263276033194e+02,4.833502199999999789e+02
3.769296032120522568e+02,4.833502199999999789e+02
3.770827943472083348e+02,4.833502199999999789e+02
3.771226700767263651e+02,4.833502199999999789e+02
3.772191623668134071e+02,4.833502199999999789e+02
3.770891550853241938e+02,4.833502199999999789e+02
3.773555303864184793e+02,4.833502199999999789e+02
3.773954448678601921e+02,4.833502199999999789e+02
3.774918984060235516e+02,4.833502199999999789e+02
3.774753078681068246e+02,4.833502199999999789e+02
3.776282664256285670e+02,4.833502199999999789e+02
3.776682196589940190e+02,4.833502199999999789e+02
3.777646344452336393e+02,4.833502199999999789e+02
3.769545212328766866e+02,4.833502199999999789e+02
3.779010024648387116e+02,4.833502199999999789e+02
3.779409944501279028e+02,4.833502199999999789e+02
3.780373704844437839e+02,4.833502199999999789e+02
3.780210125241614492e+02,4.833502199999999789e+02
3.781737385040487993e+02,4.833502199999999789e+02
3.782137692412617298e+02,4.833502199999999789e+02
3.783101065236538716e+02,4.833502199999999789e+02
3.781811852218429522e+02,4.833502199999999789e+02
3.784464745432589439e+02,4.833502199999999789e+02
3.784865440323955568e+02,4.833502199999999789e+02
3.785828425628640161e+02,4.833502199999999789e+02
3.785667171802160169e+02,4.833502199999999789e+02
3.787192105824690316e+02,4.833502199999999789e+02
3.787593188235293837e+02,4.833502199999999789e+02
3.788555786020741039e+02,4.833502199999999789e+02
3.785020779043280186e+02,4.833502199999999789e+02
3.789919466216791761e+02,4.833502199999999789e+02
3.790320936146632675e+02,4.833502199999999789e+02
3.791283146412842484e+02,4.833502199999999789e+02
3.791124218362705847e+02,4.833502199999999789e+02
3.792646826608892638e+02,4.833502199999999789e+02
3.793048684057970945e+02,4.833502199999999789e+02
3.794010506804943361e+02,4.833502199999999789e+02
3.792732153583617674e+02,4.833502199999999789e+02
3.795374187000994084e+02,4.833502199999999789e+02
3.795776431969309215e+02,4.833502199999999789e+02
3.796737867197044238e+02,4.833502199999999789e+02
3.796581264923251524e+02,4.833502199999999789e+02
3.798101547393094961e+02,4.833502199999999789e+02
3.798504179880648053e+02,4.833502199999999789e+02
3.799465227589145684e+02,4.833502199999999789e+02
3.834757000000000176e+02,4.236923800000000142e+02
3.800828907785196407e+02,4.833502199999999789e+02
3.801231927791986323e+02,4.833502199999999789e+02
3.802192587981246561e+02,4.833502199999999789e+02
3.802038311483797202e+02,4.833502199999999789e+02
3.803556268177297284e+02,4.833502199999999789e+02
3.803959675703324592e+02,4.833502199999999789e+02
3.804919948373348006e+02,4.833502199999999789e+02
3.803652454948805257e+02,4.833502199999999789e+02
3.806283628569398729e+02,4.833502199999999789e+02
3.806687423614663430e+02,4.833502199999999789e+02
3.807647308765448884e+02,4.833502199999999789e+02
3.807495358044342879e+02,4.833502199999999789e+02
3.809010988961499606e+02,4.833502199999999789e+02
3.809415171526001700e+02,4.833502199999999789e+02
3.810374669157550329e+02,4.833502199999999789e+02
3.806886257175398214e+02,4.833502199999999789e+02
3.811738349353601052e+02,4.833502199999999789e+02
3.812142919437339970e+02,4.833502199999999789e+02
3.813102029549651206e+02,4.833502199999999789e+02
3.812952404604889125e+02,4.833502199999999789e+02
3.814465709745701929e+02,4.833502199999999789e+02
3.814870667348678808e+02,4.833502199999999789e+02
3.815829389941752652e+02,4.833502199999999789e+02
3.814572756313992841e+02,4.833502199999999789e+02
3.817193070137803375e+02,4.833502199999999789e+02
3.817598415260017077e+02,4.833502199999999789e+02
3.818556750333853529e+02,4.833502199999999789e+02
3.818409451165434803e+02,4.833502199999999789e+02
3.819920430529904252e+02,4.833502199999999789e+02
3.820326163171355347e+02,4.833502199999999789e+02
3.821284110725954974e+02,4.833502199999999789e+02
3.813376010958903635e+02,4.833502199999999789e+02
3.822647790922005697e+02,4.236923800000000142e+02
3.823053911082694185e+02,4.236923800000000142e+02
3.824011471118055852e+02,4.236923800000000142e+02
3.823866497725980480e+02,4.236923800000000142e+02
3.825375151314106574e+02,4.236923800000000142e+02
3.825781658994032455e+02,4.236923800000000142e+02
3.826738831510157297e+02,4.236923800000000142e+02
3.825493057679180424e+02,4.236923800000000142e+02
3.828102511706207451e+02,4.236923800000000142e+02
3.828509406905370724e+02,4.236923800000000142e+02
3.829466191902258174e+02,4.236923800000000142e+02
3.829323544286526158e+02,4.236923800000000142e+02
3.830829872098308897e+02,4.236923800000000142e+02
3.831237154816708994e+02,4.236923800000000142e+02
3.832193552294359620e+02,4.236923800000000142e+02
3.828751735307516810e+02,4.236923800000000142e+02
3.833557232490409774e+02,4.236923800000000142e+02
3.833964902728047832e+02,4.236923800000000142e+02
3.834920912686460497e+02,4.236923800000000142e+02
3.834780590847071835e+02,4.236923800000000142e+02
3.836284592882511220e+02,4.236923800000000142e+02
3.836692650639386102e+02,4.236923800000000142e+02
3.837648273078561942e+02,4.236923800000000142e+02
3.836413359044368576e+02,4.236923800000000142e+02
3.839011953274612097e+02,4.236923800000000142e+02
3.839420398550724371e+02,4.236923800000000142e+02
3.840375633470662819e+02,4.236923800000000142e+02
3.840237637407617513e+02,4.236923800000000142e+02
3.841739313666713542e+02,4.236923800000000142e+02
3.842148146462063210e+02,4.236923800000000142e+02
3.843102993862764265e+02,4.236923800000000142e+02
3.985525799999999776e+02,4.236923800000000142e+02
3.844466674058814419e+02,4.154791299999999978e+02
3.844875894373401479e+02,4.154791299999999978e+02
3.845830354254865142e+02,4.154791299999999978e+02
3.845694683968163190e+02,4.154791299999999978e+02
3.847194034450915865e+02,4.154791299999999978e+02
3.847603642284739749e+02,4.154791299999999978e+02
3.848557714646966588e+02,4.154791299999999978e+02
3.847333660409556160e+02,4.154791299999999978e+02
3.849921394843016742e+02,4.154791299999999978e+02
3.850331390196078587e+02,4.154791299999999978e+02
3.851285075039067465e+02,4.154791299999999978e+02
3.851151730528709436e+02,4.154791299999999978e+02
3.852648755235118188e+02,4.154791299999999978e+02
3.853059138107416857e+02,4.154791299999999978e+02
3.854012435431168910e+02,4.154791299999999978e+02
3.850617213439635407e+02,4.154791299999999978e+02
3.855376115627219065e+02,4.154791299999999978e+02
3.855786886018755126e+02,4.154791299999999978e+02
3.856739795823269787e+02,4.154791299999999978e+02
3.856608777089255113e+02,4.154791299999999978e+02
3.858103476019320510e+02,4.154791299999999978e+02
3.858514633930093964e+02,4.154791299999999978e+02
3.859467156215371233e+02,4.154791299999999978e+02
3.858253961774743743e+02,4.154791299999999978e+02
3.860830836411421387e+02,4.154791299999999978e+02
3.861242381841432234e+02,4.154791299999999978e+02
3.862194516607472110e+02,4.154791299999999978e+02
3.862065823649800791e+02,4.154791299999999978e+02
3.863558196803522833e+02,4.154791299999999978e+02
3.863970129752770504e+02,4.154791299999999978e+02
3.864921876999572987e+02,4.154791299999999978e+02
3.857206809589040972e+02,4.154791299999999978e+02
3.866285557195623710e+02,4.154791299999999978e+02
3.866697877664109342e+02,4.154791299999999978e+02
3.867649237391674433e+02,4.154791299999999978e+02
3.867522870210346468e+02,4.154791299999999978e+02
3.869012917587725155e+02,4.154791299999999978e+02
3.869425625575447611e+02,4.154791299999999978e+02
3.870376597783775310e+02,4.154791299999999978e+02
3.869174263139931327e+02,4.154791299999999978e+02
3.871740277979826033e+02,4.154791299999999978e+02
3.872153373486785881e+02,4.154791299999999978e+02
3.873103958175876755e+02,4.154791299999999978e+02
3.872979916770892146e+02,4.154791299999999978e+02
3.874467638371927478e+02,4.154791299999999978e+02
3.874881121398124719e+02,4.154791299999999978e+02
3.875831318567977632e+02,4.154791299999999978e+02
3.872482691571754003e+02,4.154791299999999978e+02
3.877194998764028355e+02,4.154791299999999978e+02
3.877608869309462989e+02,4.154791299999999978e+02
3.878558678960079078e+02,4.154791299999999978e+02
3.878436963331437823e+02,4.154791299999999978e+02
3.879922359156129801e+02,4.154791299999999978e+02
3.880336617220801259e+02,4.154791299999999978e+02
3.881286039352179955e+02,4.154791299999999978e+02
3.880094564505118910e+02,4.154791299999999978e+02
3.882649719548230678e+02,4.154791299999999978e+02
3.883064365132139528e+02,4.154791299999999978e+02
3.884013399744281401e+02,4.154791299999999978e+02
3.883894009891984069e+02,4.154791299999999978e+02
3.885377079940332123e+02,4.154791299999999978e+02
3.885792113043478366e+02,4.154791299999999978e+02
3.886740760136382278e+02,4.154791299999999978e+02
4.129454000000000065e+02,4.240777600000000120e+02
3.888104440332433001e+02,5.297655999999999494e+02
3.888519860954816636e+02,5.297655999999999494e+02
3.889468120528483723e+02,5.297655999999999494e+02
3.889351056452529747e+02,5.297655999999999494e+02
3.890831800724534446e+02,5.297655999999999494e+02
3.891247608866154906e+02,5.297655999999999494e+02
3.892195480920584600e+02,5.297655999999999494e+02
3.891014865870307062e+02,5.297655999999999494e+02
3.893559161116635323e+02,5.297655999999999494e+02
3.893975356777493744e+02,5.297655999999999494e+02
3.894922841312686046e+02,5.297655999999999494e+02
3.894808103013075424e+02,5.297655999999999494e+02
3.896286521508736769e+02,5.297655999999999494e+02
3.896703104688832013e+02,5.297655999999999494e+02
3.897650201704786923e+02,5.297655999999999494e+02
3.894348169703872031e+02,5.297655999999999494e+02
3.899013881900837646e+02,5.297655999999999494e+02
3.899430852600170283e+02,5.297655999999999494e+02
3.900377562096888369e+02,5.297655999999999494e+02
3.900265149573621102e+02,5.297655999999999494e+02
3.901741242292938523e+02,5.297655999999999494e+02
3.902158600511509121e+02,5.297655999999999494e+02
3.903104922488989246e+02,5.297655999999999494e+02
3.901935167235494646e+02,5.297655999999999494e+02
3.904468602685039968e+02,5.297655999999999494e+02
3.904886348422847391e+02,5.297655999999999494e+02
3.905832282881090691e+02,5.297655999999999494e+02
3.905722196134166779e+02,5.297655999999999494e+02
3.907195963077140846e+02,5.297655999999999494e+02
3.907614096334185660e+02,5.297655999999999494e+02
3.908559643273191568e+02,5.297655999999999494e+02
3.901037608219177741e+02,5.297655999999999494e+02
3.909923323469242291e+02,5.297655999999999494e+02
3.910341844245524499e+02,5.297655999999999494e+02
3.911287003665293014e+02,5.297655999999999494e+02
3.911179242694712457e+02,5.297655999999999494e+02
3.912650683861343168e+02,5.297655999999999494e+02
3.913069592156862768e+02,5.297655999999999494e+02
3.914014364057393891e+02,5.297655999999999494e+02
3.912855468600682229e+02,5.297655999999999494e+02
3.915378044253444614e+02,5.297655999999999494e+02
3.915797340068201038e+02,5.297655999999999494e+02
3.916741724449495337e+02,5.297655999999999494e+02
3.916636289255258134e+02,5.297655999999999494e+02
3.918105404645545491e+02,5.297655999999999494e+02
3.918525087979539876e+02,5.297655999999999494e+02
3.919469084841596214e+02,5.297655999999999494e+02
3.916213647835990628e+02,5.297655999999999494e+02
3.920832765037646936e+02,5.297655999999999494e+02
3.921252835890878146e+02,5.297655999999999494e+02
3.922196445233697659e+02,5.297655999999999494e+02
3.922093335815804380e+02,5.297655999999999494e+02
3.923560125429747814e+02,5.297655999999999494e+02
3.923980583802216415e+02,5.297655999999999494e+02
3.924923805625798536e+02,5.297655999999999494e+02
3.923775769965869813e+02,5.297655999999999494e+02
3.926287485821849259e+02,5.297655999999999494e+02
3.926708331713554685e+02,5.297655999999999494e+02
3.927651166017899982e+02,5.297655999999999494e+02
3.927550382376350058e+02,5.297655999999999494e+02
3.929014846213950136e+02,5.297655999999999494e+02
3.929436079624893523e+02,5.297655999999999494e+02
3.930378526410000859e+02,5.297655999999999494e+02
4.279343299999999886e+02,4.241259800000000268e+02
3.931742206606051582e+02,4.305525999999999840e+02
3.932163827536231793e+02,4.305525999999999840e+02
3.933105886802101736e+02,4.305525999999999840e+02
3.933007428936895735e+02,4.305525999999999840e+02
3.934469566998152459e+02,4.305525999999999840e+02
3.934891575447570062e+02,4.305525999999999840e+02
3.935833247194203182e+02,4.305525999999999840e+02
3.934696071331057965e+02,4.305525999999999840e+02
3.937196927390253904e+02,4.305525999999999840e+02
3.937619323358908900e+02,4.305525999999999840e+02
3.938560607586304059e+02,4.305525999999999840e+02
3.938464475497441413e+02,4.305525999999999840e+02
3.939924287782354781e+02,4.305525999999999840e+02
3.940347071270247170e+02,4.305525999999999840e+02
3.941287967978405504e+02,4.305525999999999840e+02
3.938079125968109224e+02,4.305525999999999840e+02
3.942651648174456227e+02,4.305525999999999840e+02
3.943074819181585440e+02,4.305525999999999840e+02
3.944015328370506381e+02,4.305525999999999840e+02
3.943921522057987090e+02,4.305525999999999840e+02
3.945379008566557104e+02,4.305525999999999840e+02
3.945802567092924278e+02,4.305525999999999840e+02
3.946742688762607827e+02,4.305525999999999840e+02
3.945616372696245548e+02,4.305525999999999840e+02
3.948106368958658550e+02,4.305525999999999840e+02
3.948530315004262548e+02,4.305525999999999840e+02
3.949470049154708704e+02,4.305525999999999840e+02
3.949378568618532768e+02,4.305525999999999840e+02
3.950833729350759427e+02,4.305525999999999840e+02
3.951258062915600817e+02,4.305525999999999840e+02
3.952197409546810150e+02,4.305525999999999840e+02
3.944868406849315079e+02,4.305525999999999840e+02
3.953561089742860872e+02,4.305525999999999840e+02
3.953985810826939655e+02,4.305525999999999840e+02
3.954924769938911027e+02,4.305525999999999840e+02
3.954835615179078445e+02,4.305525999999999840e+02
3.956288450134961749e+02,4.305525999999999840e+02
3.956713558738277925e+02,4.305525999999999840e+02
3.957652130331012472e+02,4.305525999999999840e+02
3.956536674061433132e+02,4.305525999999999840e+02
3.959015810527063195e+02,4.305525999999999840e+02
3.959441306649616195e+02,4.305525999999999840e+02
3.960379490723113349e+02,4.305525999999999840e+02
3.960292661739624691e+02,4.305525999999999840e+02
3.961743170919164072e+02,4.305525999999999840e+02
3.962169054560955033e+02,4.305525999999999840e+02
3.963106851115214795e+02,4.305525999999999840e+02
3.959944604100227821e+02,4.305525999999999840e+02
3.964470531311265518e+02,4.305525999999999840e+02
3.964896802472293302e+02,4.305525999999999840e+02
3.965834211507315672e+02,4.305525999999999840e+02
3.965749708300170369e+02,4.305525999999999840e+02
3.967197891703366395e+02,4.305525999999999840e+02
3.967624550383631572e+02,4.305525999999999840e+02
3.968561571899417117e+02,4.305525999999999840e+02
3.967456975426620716e+02,4.305525999999999840e+02
3.969925252095467272e+02,4.305525999999999840e+02
3.970352298294970410e+02,4.305525999999999840e+02
3.971288932291517995e+02,4.305525999999999840e+02
3.971206754860716046e+02,4.305525999999999840e+02
3.972652612487568717e+02,4.305525999999999840e+02
3.973080046206308680e+02,4.305525999999999840e+02
3.974016292683619440e+02,4.305525999999999840e+02
4.431889300000000276e+02,4.222879599999999982e+02
3.975379972879669594e+02,4.236923800000000142e+02
3.975807794117646949e+02,4.236923800000000142e+02
3.976743653075720317e+02,4.236923800000000142e+02
3.976663801421261724e+02,4.236923800000000142e+02
3.978107333271771040e+02,4.236923800000000142e+02
3.978535542028985219e+02,4.236923800000000142e+02
3.979471013467821763e+02,4.236923800000000142e+02
3.978377276791808868e+02,4.236923800000000142e+02
3.980834693663871917e+02,4.236923800000000142e+02
3.981263289940324057e+02,4.236923800000000142e+02
3.982198373859922640e+02,4.236923800000000142e+02
3.982120847981807401e+02,4.236923800000000142e+02
3.983562054055973363e+02,4.236923800000000142e+02
3.983991037851662327e+02,4.236923800000000142e+02
3.984925734252024085e+02,4.236923800000000142e+02
3.981810082232345849e+02,4.236923800000000142e+02
3.986289414448074240e+02,5.122350999999999885e+02
3.986718785763000596e+02,5.122350999999999885e+02
3.987653094644124963e+02,5.122350999999999885e+02
3.987577894542353079e+02,5.122350999999999885e+02
3.989016774840175685e+02,5.122350999999999885e+02
3.989446533674339435e+02,5.122350999999999885e+02
3.990380455036226408e+02,5.122350999999999885e+02
3.989297578156996451e+02,5.122350999999999885e+02
3.991744135232276562e+02,5.122350999999999885e+02
3.992174281585677704e+02,5.122350999999999885e+02
3.993107815428327285e+02,5.122350999999999885e+02
3.993034941102899325e+02,5.122350999999999885e+02
3.994471495624378008e+02,5.122350999999999885e+02
3.994902029497015974e+02,5.122350999999999885e+02
3.995835175820428731e+02,5.122350999999999885e+02
3.988699205479451848e+02,5.122350999999999885e+02
3.997198856016478885e+02,5.122350999999999885e+02
3.997629777408354812e+02,5.122350999999999885e+02
3.998562536212529608e+02,5.122350999999999885e+02
3.998491987663445002e+02,5.122350999999999885e+02
3.999926216408580331e+02,5.122350999999999885e+02
4.000357525319693082e+02,5.122350999999999885e+02
4.001289896604631053e+02,5.122350999999999885e+02
4.000217879522184035e+02,5.122350999999999885e+02
4.002653576800681208e+02,5.122350999999999885e+02
4.003085273231031351e+02,5.122350999999999885e+02
4.004017256996731930e+02,5.122350999999999885e+02
4.003949034223990679e+02,5.122350999999999885e+02
4.005380937192782653e+02,5.122350999999999885e+02
4.005813021142370189e+02,5.122350999999999885e+02
4.006744617388832808e+02,5.122350999999999885e+02
4.003675560364464445e+02,5.122350999999999885e+02
4.008108297584883530e+02,5.122350999999999885e+02
4.008540769053708459e+02,5.122350999999999885e+02
4.009471977780934253e+02,5.122350999999999885e+02
4.009406080784536357e+02,5.122350999999999885e+02
4.010835657976984976e+02,5.122350999999999885e+02
4.011268516965046729e+02,5.122350999999999885e+02
4.012199338173035130e+02,5.122350999999999885e+02
4.011138180887371618e+02,5.122350999999999885e+02
4.013563018369085853e+02,5.122350999999999885e+02
4.013996264876385567e+02,5.122350999999999885e+02
4.014926698565136576e+02,5.122350999999999885e+02
4.014863127345082034e+02,5.122350999999999885e+02
4.016290378761187299e+02,5.122350999999999885e+02
4.016724012787723836e+02,5.122350999999999885e+02
4.017654058957237453e+02,5.122350999999999885e+02
4.591958000000000197e+02,4.189850999999999885e+02
4.019017739153288176e+02,4.526057000000000130e+02
4.019451760699062106e+02,4.526057000000000130e+02
4.020381419349338898e+02,4.526057000000000130e+02
4.020320173905627712e+02,4.526057000000000130e+02
4.021745099545389621e+02,4.526057000000000130e+02
4.022179508610400944e+02,4.526057000000000130e+02
4.023108779741439776e+02,4.526057000000000130e+02
4.022058482252559202e+02,4.526057000000000130e+02
4.024472459937490498e+02,4.526057000000000130e+02
4.024907256521739214e+02,4.526057000000000130e+02
4.025836140133541221e+02,4.526057000000000130e+02
4.025777220466173389e+02,4.526057000000000130e+02
4.027199820329591944e+02,4.526057000000000130e+02
4.027635004433077484e+02,4.526057000000000130e+02
4.028563500525642098e+02,4.526057000000000130e+02
4.025541038496583042e+02,4.526057000000000130e+02
4.029927180721692821e+02,4.526057000000000130e+02
4.030362752344415753e+02,4.526057000000000130e+02
4.031290860917743544e+02,4.526057000000000130e+02
4.031234267026719635e+02,4.526057000000000130e+02
4.032654541113794266e+02,4.526057000000000130e+02
4.033090500255754591e+02,4.526057000000000130e+02
4.034018221309844421e+02,4.526057000000000130e+02
4.032978783617747354e+02,4.526057000000000130e+02
4.035381901505895144e+02,4.526057000000000130e+02
4.035818248167092861e+02,4.526057000000000130e+02
4.036745581701945866e+02,4.526057000000000130e+02
4.036691313587265313e+02,4.526057000000000130e+02
4.038109261897996021e+02,4.526057000000000130e+02
4.038545996078431131e+02,4.526057000000000130e+02
4.039472942094046743e+02,4.526057000000000130e+02
4.032530004109588617e+02,4.526057000000000130e+02
4.040836622290097466e+02,4.937099600000000237e+02
4.041273743989769969e+02,4.937099600000000237e+02
4.042200302486148189e+02,4.937099600000000237e+02
4.042148360147810990e+02,4.937099600000000237e+02
4.043563982682198343e+02,4.937099600000000237e+02
4.044001491901108238e+02,4.937099600000000237e+02
4.044927662878249066e+02,4.937099600000000237e+02
4.043899084982934937e+02,4.937099600000000237e+02
4.046291343074299789e+02,4.937099600000000237e+02
4.046729239812446508e+02,4.937099600000000237e+02
4.047655023270350512e+02,4.937099600000000237e+02
4.047605406708356668e+02,4.937099600000000237e+02
4.049018703466400666e+02,4.937099600000000237e+02
4.049456987723785346e+02,4.937099600000000237e+02
4.050382383662451389e+02,4.937099600000000237e+02
4.047406516628701638e+02,4.937099600000000237e+02
4.051746063858502112e+02,4.937099600000000237e+02
4.052184735635123616e+02,4.937099600000000237e+02
4.053109744054552834e+02,4.937099600000000237e+02
4.053062453268902345e+02,4.937099600000000237e+02
4.054473424250602989e+02,4.937099600000000237e+02
4.054912483546461885e+02,4.937099600000000237e+02
4.055837104446653711e+02,4.937099600000000237e+02
4.054819386348122521e+02,4.937099600000000237e+02
4.057200784642704434e+02,4.937099600000000237e+02
4.057640231457800724e+02,4.937099600000000237e+02
4.058564464838755157e+02,4.937099600000000237e+02
4.058519499829448023e+02,4.937099600000000237e+02
4.059928145034805311e+02,4.937099600000000237e+02
4.060367979369138993e+02,4.937099600000000237e+02
4.061291825230856034e+02,4.937099600000000237e+02
4.730916700000000219e+02,4.152808800000000247e+02
4.062655505426906757e+02,4.743006599999999935e+02
4.063095727280477263e+02,4.743006599999999935e+02
4.064019185622957480e+02,4.743006599999999935e+02
4.063976546389994269e+02,4.743006599999999935e+02
4.065382865819007634e+02,4.743006599999999935e+02
4.065823475191816101e+02,4.743006599999999935e+02
4.066746546015058357e+02,4.743006599999999935e+02
4.065739687713310104e+02,4.743006599999999935e+02
4.068110226211109079e+02,4.743006599999999935e+02
4.068551223103154371e+02,4.743006599999999935e+02
4.069473906407159802e+02,4.743006599999999935e+02
4.069433592950539946e+02,4.743006599999999935e+02
4.070837586603209957e+02,4.743006599999999935e+02
4.071278971014492640e+02,4.743006599999999935e+02
4.072201266799260679e+02,4.743006599999999935e+02
4.069271994760819666e+02,4.743006599999999935e+02
4.073564946995311402e+02,4.743006599999999935e+02
4.074006718925830910e+02,4.743006599999999935e+02
4.074928627191361556e+02,4.743006599999999935e+02
4.074890639511085624e+02,4.743006599999999935e+02
4.076292307387412279e+02,4.743006599999999935e+02
4.076734466837169748e+02,4.743006599999999935e+02
4.077655987583463002e+02,4.743006599999999935e+02
4.076659989078498256e+02,4.743006599999999935e+02
4.079019667779513725e+02,4.718627999999999929e+02
4.079462214748508018e+02,4.718627999999999929e+02
4.080383347975563879e+02,4.718627999999999929e+02
4.080347686071631301e+02,4.718627999999999929e+02
4.081747028171614602e+02,4.718627999999999929e+02
4.082189962659846287e+02,4.718627999999999929e+02
4.083110708367665325e+02,4.718627999999999929e+02
4.076360802739725955e+02,4.743006599999999935e+02
4.084474388563716047e+02,4.718627999999999929e+02
4.084917710571185125e+02,4.718627999999999929e+02
4.085838068759766202e+02,4.718627999999999929e+02
4.085804732632176979e+02,4.718627999999999929e+02
4.087201748955816925e+02,4.718627999999999929e+02
4.087645458482523395e+02,4.718627999999999929e+02
4.088565429151867647e+02,4.718627999999999929e+02
4.087580290443685840e+02,4.718627999999999929e+02
4.089929109347918370e+02,4.718627999999999929e+02
4.090373206393861665e+02,4.718627999999999929e+02
4.091292789543968524e+02,4.718627999999999929e+02
4.091261779192722656e+02,4.718627999999999929e+02
4.092656469740019247e+02,4.718627999999999929e+02
4.093100954305200503e+02,4.718627999999999929e+02
4.094020149936069970e+02,4.718627999999999929e+02
4.091137472892938263e+02,4.718627999999999929e+02
4.095383830132120693e+02,4.718627999999999929e+02
4.095828702216538773e+02,4.718627999999999929e+02
4.096747510328170847e+02,4.718627999999999929e+02
4.096718825753268334e+02,4.718627999999999929e+02
4.098111190524221570e+02,4.718627999999999929e+02
4.098556450127877042e+02,4.718627999999999929e+02
4.099474870720272293e+02,4.718627999999999929e+02
4.098500591808873423e+02,4.718627999999999929e+02
4.100838550916323015e+02,4.718627999999999929e+02
4.101284198039215880e+02,4.718627999999999929e+02
4.102202231112373170e+02,4.718627999999999929e+02
4.102175872313814580e+02,4.718627999999999929e+02
4.103565911308423892e+02,4.718627999999999929e+02
4.104011945950554150e+02,4.718627999999999929e+02
4.104929591504474615e+02,4.718627999999999929e+02
4.855430999999999813e+02,4.116659000000000219e+02
4.106293271700525338e+02,1.227132600000000053e+02
4.106739693861892420e+02,1.227132600000000053e+02
4.107656951896575492e+02,1.227132600000000053e+02
4.107632918874360257e+02,1.227132600000000053e+02
4.109020632092626215e+02,1.227132600000000053e+02
4.109467441773231258e+02,1.227132600000000053e+02
4.110384312288676938e+02,1.227132600000000053e+02
4.109420893174061007e+02,1.227132600000000053e+02
4.111747992484727092e+02,1.227132600000000053e+02
4.112195189684569527e+02,1.227132600000000053e+02
4.113111672680777815e+02,1.227132600000000053e+02
4.113089965434905935e+02,1.227132600000000053e+02
4.114475352876828538e+02,1.227132600000000053e+02
4.114922937595907797e+02,1.227132600000000053e+02
4.115839033072879261e+02,1.227132600000000053e+02
4.113002951025056859e+02,1.227132600000000053e+02
4.117202713268929415e+02,1.227132600000000053e+02
4.117650685507246635e+02,1.227132600000000053e+02
4.118566393464980138e+02,1.227132600000000053e+02
4.118547011995451612e+02,1.227132600000000053e+02
4.119930073661030860e+02,1.227132600000000053e+02
4.120378433418584905e+02,1.227132600000000053e+02
4.121293753857081583e+02,1.227132600000000053e+02
4.120341194539248590e+02,1.227132600000000053e+02
4.122657434053131738e+02,1.227132600000000053e+02
4.123106181329923174e+02,1.227132600000000053e+02
4.124021114249182460e+02,1.227132600000000053e+02
4.124004058555997290e+02,1.227132600000000053e+02
4.125384794445233183e+02,1.227132600000000053e+02
4.125833929241261444e+02,1.227132600000000053e+02
4.126748474641283906e+02,1.227132600000000053e+02
4.120191601369862724e+02,1.227132600000000053e+02
4.128112154837334060e+02,1.227132600000000053e+02
4.128561677152600282e+02,1.227132600000000053e+02
4.129475835033384783e+02,4.240777600000000120e+02
4.129461105116542967e+02,4.240777600000000120e+02
4.130839515229435506e+02,4.240777600000000120e+02
4.131289425063938552e+02,4.240777600000000120e+02
4.132203195425486228e+02,4.240777600000000120e+02
4.131261495904436742e+02,4.240777600000000120e+02
4.133566875621536383e+02,4.240777600000000120e+02
4.134017172975276821e+02,4.240777600000000120e+02
4.134930555817587106e+02,4.240777600000000120e+02
4.134918151677089213e+02,4.240777600000000120e+02
4.136294236013637828e+02,4.240777600000000120e+02
4.136744920886615660e+02,4.240777600000000120e+02
4.137657916209688551e+02,4.240777600000000120e+02
4.134868429157175456e+02,4.240777600000000120e+02
4.139021596405738705e+02,4.240777600000000120e+02
4.139472668797953929e+02,4.240777600000000120e+02
4.140385276601789428e+02,4.240777600000000120e+02
4.140375198237634891e+02,4.240777600000000120e+02
4.141748956797840151e+02,4.240777600000000120e+02
4.142200416709292199e+02,4.240777600000000120e+02
4.143112636993890305e+02,4.240777600000000120e+02
4.142181797269624326e+02,4.240777600000000120e+02
4.144476317189941028e+02,4.240777600000000120e+02
4.144928164620631037e+02,4.240777600000000120e+02
4.145839997385991751e+02,4.240777600000000120e+02
4.145832244798180568e+02,4.240777600000000120e+02
4.147203677582042474e+02,4.240777600000000120e+02
4.147655912531969307e+02,4.240777600000000120e+02
4.148567357778092628e+02,4.240777600000000120e+02
4.965760999999999967e+02,4.072053199999999720e+02
4.149931037974143351e+02,4.240777600000000120e+02
4.150383660443307576e+02,4.240777600000000120e+02
4.151294718170194074e+02,4.240777600000000120e+02
4.151289291358726246e+02,4.240777600000000120e+02
4.152658398366244796e+02,4.240777600000000120e+02
4.153111408354646414e+02,4.240777600000000120e+02
4.154022078562294951e+02,4.240777600000000120e+02
4.153102098634811910e+02,4.240777600000000120e+02
4.155385758758345673e+02,4.240777600000000120e+02
4.155839156265984684e+02,4.240777600000000120e+02
4.156749438954396396e+02,4.240777600000000120e+02
4.156746337919271923e+02,4.240777600000000120e+02
4.158113119150447119e+02,4.240777600000000120e+02
4.158566904177322954e+02,4.240777600000000120e+02
4.159476799346497273e+02,4.240777600000000120e+02
4.156733907289293484e+02,4.240777600000000120e+02
4.160840479542547996e+02,4.240777600000000120e+02
4.161294652088661792e+02,4.240777600000000120e+02
4.162204159738598719e+02,4.240777600000000120e+02
4.162203384479817601e+02,4.240777600000000120e+02
4.163567839934649442e+02,4.240777600000000120e+02
4.164022400000000061e+02,4.240777600000000120e+02
4.164931520130699596e+02,4.240777600000000120e+02
4.164022399999999493e+02,4.240777600000000120e+02
4.166295200326750319e+02,4.240777600000000120e+02
4.166750147911338331e+02,4.240777600000000120e+02
4.167658880522801041e+02,4.240777600000000120e+02
4.167660431040363278e+02,4.240777600000000120e+02
4.169022560718851764e+02,4.240777600000000120e+02
4.169477895822676601e+02,4.240777600000000120e+02
4.170386240914901919e+02,4.240777600000000120e+02
4.164022399999999493e+02,4.240777600000000120e+02
4.171749921110952641e+02,4.240777600000000120e+02
4.172205643734015439e+02,4.240777600000000120e+02
4.173113601307003364e+02,4.240777600000000120e+02
4.173117477600909524e+02,4.240777600000000120e+02
4.174477281503054087e+02,4.240777600000000120e+02
4.174933391645353709e+02,4.240777600000000120e+02
4.175840961699104241e+02,4.240777600000000120e+02
4.174942701365187645e+02,4.240777600000000120e+02
4.177204641895154964e+02,4.240777600000000120e+02
4.177661139556691978e+02,4.240777600000000120e+02
4.178568322091205687e+02,4.240777600000000120e+02
4.178574524161455201e+02,4.240777600000000120e+02
4.179932002287255841e+02,4.240777600000000120e+02
4.180388887468030816e+02,4.240777600000000120e+02
4.181295682483306564e+02,4.240777600000000120e+02
4.178599385421412080e+02,4.240777600000000120e+02
4.182659362679357287e+02,4.240777600000000120e+02
4.183116635379369086e+02,4.240777600000000120e+02
4.184023042875408009e+02,4.240777600000000120e+02
4.184031570722000879e+02,4.240777600000000120e+02
4.185386723071458164e+02,4.240777600000000120e+02
4.185844383290707356e+02,4.240777600000000120e+02
4.186750403267508887e+02,4.240777600000000120e+02
4.185863002730375229e+02,4.240777600000000120e+02
4.188114083463559609e+02,4.240777600000000120e+02
4.188572131202046194e+02,4.240777600000000120e+02
4.189477763659610332e+02,4.240777600000000120e+02
4.189488617282546556e+02,4.240777600000000120e+02
4.190841443855660486e+02,4.240777600000000120e+02
4.191299879113384463e+02,4.240777600000000120e+02
4.192205124051711209e+02,4.240777600000000120e+02
5.060771500000000174e+02,4.024731400000000008e+02
4.193568804247761932e+02,4.241259800000000268e+02
4.194027627024722733e+02,4.241259800000000268e+02
4.194932484443812655e+02,4.241259800000000268e+02
4.194945663843092234e+02,4.241259800000000268e+02
4.196296164639862809e+02,4.241259800000000268e+02
4.196755374936061571e+02,4.241259800000000268e+02
4.197659844835913532e+02,4.241259800000000268e+02
4.196783304095562812e+02,4.241259800000000268e+02
4.199023525031964255e+02,4.241259800000000268e+02
4.199483122847399841e+02,4.241259800000000268e+02
4.200387205228014977e+02,4.241259800000000268e+02
4.200402710403637911e+02,4.241259800000000268e+02
4.201750885424065132e+02,4.241259800000000268e+02
4.202210870758738110e+02,4.241259800000000268e+02
4.203114565620115854e+02,4.241259800000000268e+02
4.200464863553530677e+02,4.241259800000000268e+02
4.204478245816166577e+02,4.241259800000000268e+02
4.204938618670076949e+02,4.241259800000000268e+02
4.205841926012217300e+02,4.241259800000000268e+02
4.205859756964183589e+02,4.241259800000000268e+02
4.207205606208267454e+02,4.241259800000000268e+02
4.207666366581415218e+02,4.241259800000000268e+02
4.208569286404318177e+02,4.241259800000000268e+02
4.207703605460750396e+02,4.241259800000000268e+02
4.209932966600368900e+02,4.241259800000000268e+02
4.210394114492753488e+02,4.241259800000000268e+02
4.211296646796419054e+02,4.241259800000000268e+02
4.211316803524729835e+02,4.241259800000000268e+02
4.212660326992469777e+02,4.241259800000000268e+02
4.213121862404092326e+02,4.241259800000000268e+02
4.214024007188520500e+02,4.241259800000000268e+02
4.207853198630136831e+02,4.241259800000000268e+02
4.215387687384571223e+02,4.241259800000000268e+02
4.215849610315430596e+02,4.241259800000000268e+02
4.216751367580621377e+02,4.241259800000000268e+02
4.216773850085275512e+02,4.241259800000000268e+02
4.218115047776672100e+02,4.241259800000000268e+02
4.218577358226768865e+02,4.241259800000000268e+02
4.219478727972722822e+02,4.241259800000000268e+02
4.218623906825938548e+02,4.241259800000000268e+02
4.220842408168773545e+02,4.241259800000000268e+02
4.221305106138107135e+02,4.241259800000000268e+02
4.222206088364823700e+02,4.241259800000000268e+02
4.222230896645821190e+02,4.241259800000000268e+02
4.223569768560874422e+02,4.241259800000000268e+02
4.224032854049445973e+02,4.241259800000000268e+02
4.224933448756925145e+02,4.241259800000000268e+02
4.222330341685649273e+02,4.241259800000000268e+02
4.226297128952975868e+02,4.241259800000000268e+02
4.226760601960784243e+02,4.241259800000000268e+02
4.227660809149026022e+02,4.241259800000000268e+02
4.227687943206366867e+02,4.241259800000000268e+02
4.229024489345076745e+02,4.241259800000000268e+02
4.229488349872122512e+02,4.241259800000000268e+02
4.230388169541127468e+02,4.241259800000000268e+02
4.229544208191126131e+02,4.241259800000000268e+02
4.231751849737178190e+02,4.241259800000000268e+02
4.232216097783461350e+02,4.241259800000000268e+02
4.233115529933228345e+02,4.241259800000000268e+02
4.233144989766912545e+02,4.241259800000000268e+02
4.234479210129279068e+02,4.241259800000000268e+02
4.234943845694799620e+02,4.241259800000000268e+02
4.235842890325329790e+02,4.241259800000000268e+02
5.138468000000000302e+02,3.979073500000000081e+02
4.237206570521380513e+02,4.241259800000000268e+02
4.237671593606137890e+02,4.241259800000000268e+02
4.238570250717430667e+02,4.241259800000000268e+02
4.238602036327458222e+02,4.241259800000000268e+02
4.239933930913481390e+02,4.241259800000000268e+02
4.240399341517476728e+02,4.241259800000000268e+02
4.241297611109532113e+02,4.241259800000000268e+02
4.240464509556313715e+02,4.241259800000000268e+02
4.242661291305582836e+02,4.241259800000000268e+02
4.243127089428814998e+02,4.241259800000000268e+02
4.244024971501632990e+02,4.241259800000000268e+02
4.244059082888004468e+02,4.241259800000000268e+02
4.245388651697683713e+02,4.241259800000000268e+02
4.245854837340153267e+02,4.241259800000000268e+02
4.246752331893734436e+02,4.241259800000000268e+02
4.244195819817767301e+02,4.241259800000000268e+02
4.248116012089784590e+02,4.241259800000000268e+02
4.248582585251492105e+02,4.241259800000000268e+02
4.249479692285835313e+02,4.241259800000000268e+02
4.249516129448550146e+02,4.241259800000000268e+02
4.250843372481886036e+02,4.241259800000000268e+02
4.251310333162830375e+02,4.241259800000000268e+02
4.252207052677936758e+02,4.241259800000000268e+02
4.251384810921501298e+02,4.241259800000000268e+02
4.253570732873986913e+02,4.241259800000000268e+02
4.254038081074168645e+02,4.241259800000000268e+02
4.254934413070037635e+02,4.241259800000000268e+02
4.254973176009095823e+02,4.241259800000000268e+02
4.256298093266088358e+02,4.241259800000000268e+02
4.256765828985507483e+02,4.241259800000000268e+02
4.257661773462139081e+02,4.241259800000000268e+02
4.251683997260273600e+02,4.241259800000000268e+02
4.259025453658189235e+02,4.241259800000000268e+02
4.259493576896845752e+02,4.241259800000000268e+02
4.260389133854239958e+02,4.241259800000000268e+02
4.260430222569641501e+02,4.241259800000000268e+02
4.261752814050290681e+02,4.241259800000000268e+02
4.262221324808184022e+02,4.241259800000000268e+02
4.263116494246341404e+02,4.241259800000000268e+02
4.262305112286688882e+02,4.241259800000000268e+02
4.264480174442391558e+02,4.241259800000000268e+02
4.264949072719522292e+02,4.241259800000000268e+02
4.265843854638442281e+02,4.241259800000000268e+02
4.265887269130187178e+02,4.241259800000000268e+02
4.267207534834493003e+02,4.241259800000000268e+02
4.267676820630861130e+02,4.241259800000000268e+02
4.268571215030543726e+02,4.241259800000000268e+02
4.266061297949885898e+02,4.241259800000000268e+02
4.269934895226593881e+02,4.241259800000000268e+02
4.270404568542199399e+02,4.241259800000000268e+02
4.271298575422644603e+02,4.241259800000000268e+02
4.271344315690732856e+02,4.241259800000000268e+02
4.272662255618695326e+02,4.241259800000000268e+02
4.273132316453537669e+02,4.241259800000000268e+02
4.274025935814746049e+02,4.241259800000000268e+02
4.273225413651877034e+02,4.241259800000000268e+02
4.275389616010796203e+02,4.241259800000000268e+02
4.275860064364876507e+02,4.241259800000000268e+02
4.276753296206846926e+02,4.241259800000000268e+02
4.276801362251278533e+02,4.241259800000000268e+02
4.278116976402897649e+02,4.241259800000000268e+02
4.278587812276214777e+02,4.241259800000000268e+02
4.279480656598948372e+02,4.241259800000000268e+02
5.200483000000000402e+02,3.932703999999999951e+02
4.280844336794998526e+02,4.241259800000000268e+02
4.281315560187553046e+02,4.241259800000000268e+02
4.282208016991049249e+02,4.241259800000000268e+02
4.282258408811824779e+02,4.241259800000000268e+02
4.283571697187099971e+02,4.241259800000000268e+02
4.284043308098891885e+02,4.241259800000000268e+02
4.284935377383150126e+02,4.241259800000000268e+02
4.284145715017064617e+02,4.241259800000000268e+02
4.286299057579200849e+02,4.241259800000000268e+02
4.286771056010230154e+02,4.241259800000000268e+02
4.287662737775251571e+02,4.241259800000000268e+02
4.287715455372370457e+02,4.241259800000000268e+02
4.289026417971302294e+02,4.241259800000000268e+02
4.289498803921568424e+02,4.241259800000000268e+02
4.290390098167352448e+02,4.241259800000000268e+02
4.287926776082004494e+02,4.241259800000000268e+02
4.291753778363403171e+02,4.241259800000000268e+02
4.292226551832907262e+02,4.241259800000000268e+02
4.293117458559453894e+02,4.241259800000000268e+02
4.293172501932916134e+02,4.241259800000000268e+02
4.294481138755504617e+02,4.241259800000000268e+02
4.294954299744245532e+02,4.241259800000000268e+02
4.295844818951554771e+02,4.241259800000000268e+02
4.295066016382252201e+02,4.241259800000000268e+02
4.297208499147605494e+02,4.241259800000000268e+02
4.297682047655583801e+02,4.241259800000000268e+02
4.298572179343656217e+02,4.241259800000000268e+02
4.298629548493461812e+02,4.241259800000000268e+02
4.299935859539706939e+02,4.241259800000000268e+02
4.300409795566922639e+02,4.241259800000000268e+02
4.301299539735757094e+02,4.241259800000000268e+02
4.295514795890410369e+02,4.241259800000000268e+02
4.302663219931807816e+02,4.241259800000000268e+02
4.303137543478260909e+02,4.241259800000000268e+02
4.304026900127858539e+02,4.241259800000000268e+02
4.304086595054007489e+02,4.241259800000000268e+02
4.305390580323909262e+02,4.241259800000000268e+02
4.305865291389599179e+02,4.241259800000000268e+02
4.306754260519959416e+02,4.241259800000000268e+02
4.305986317747439784e+02,4.241259800000000268e+02
4.308117940716010139e+02,4.241259800000000268e+02
4.308593039300938017e+02,4.241259800000000268e+02
4.309481620912060862e+02,4.241259800000000268e+02
4.309543641614553167e+02,4.241259800000000268e+02
4.310845301108111585e+02,4.241259800000000268e+02
4.311320787212276286e+02,4.241259800000000268e+02
4.312208981304161739e+02,4.241259800000000268e+02
4.309792254214123091e+02,4.241259800000000268e+02
4.313572661500212462e+02,4.241259800000000268e+02
4.314048535123614556e+02,4.241259800000000268e+02
4.314936341696263185e+02,4.241259800000000268e+02
4.315000688175099413e+02,4.241259800000000268e+02
4.316300021892313339e+02,4.241259800000000268e+02
4.316776283034952826e+02,4.241259800000000268e+02
4.317663702088364062e+02,4.241259800000000268e+02
4.316906619112627936e+02,4.241259800000000268e+02
4.319027382284414784e+02,4.241259800000000268e+02
4.319504030946291664e+02,4.241259800000000268e+02
4.320391062480465507e+02,4.241259800000000268e+02
4.320457734735645090e+02,4.241259800000000268e+02
4.321754742676515662e+02,4.241259800000000268e+02
4.322231778857629934e+02,4.241259800000000268e+02
4.323118422872566384e+02,4.241259800000000268e+02
5.247358000000000402e+02,3.847249800000000164e+02
4.324482103068617107e+02,4.636065699999999765e+02
4.324959526768968203e+02,4.636065699999999765e+02
4.325845783264667830e+02,4.636065699999999765e+02
4.325914781296190768e+02,4.636065699999999765e+02
4.327209463460717984e+02,4.636065699999999765e+02
4.327687274680307041e+02,4.636065699999999765e+02
4.328573143656768707e+02,4.636065699999999765e+02
4.327826920477815520e+02,4.636065699999999765e+02
4.329936823852819430e+02,4.636065699999999765e+02
4.330415022591645311e+02,4.636065699999999765e+02
4.331300504048870152e+02,4.636065699999999765e+02
4.331371827856736445e+02,4.636065699999999765e+02
4.332664184244920307e+02,4.636065699999999765e+02
4.333142770502983581e+02,4.636065699999999765e+02
4.334027864440971030e+02,4.636065699999999765e+02
4.331657732346241119e+02,4.636065699999999765e+02
4.335391544637021752e+02,4.636065699999999765e+02
4.335870518414322419e+02,4.636065699999999765e+02
4.336755224833072475e+02,4.636065699999999765e+02
4.336828874417282123e+02,4.636065699999999765e+02
4.338118905029122629e+02,4.636065699999999765e+02
4.338598266325660688e+02,4.636065699999999765e+02
4.339482585225173352e+02,4.636065699999999765e+02
4.338747221843003103e+02,4.636065699999999765e+02
4.340846265421224075e+02,4.636065699999999765e+02
4.341326014236998958e+02,4.636065699999999765e+02
4.342209945617274798e+02,4.636065699999999765e+02
4.342285920977827800e+02,4.636065699999999765e+02
4.343573625813324952e+02,4.636065699999999765e+02
4.344053762148337796e+02,4.636065699999999765e+02
4.344937306009375675e+02,4.636065699999999765e+02
4.339345594520547706e+02,4.636065699999999765e+02
4.346300986205426398e+02,4.636065699999999765e+02
4.346781510059676066e+02,4.636065699999999765e+02
4.347664666401477120e+02,4.636065699999999765e+02
4.347742967538373478e+02,4.636065699999999765e+02
4.349028346597527275e+02,4.636065699999999765e+02
4.349509257971014335e+02,4.636065699999999765e+02
4.350392026793577998e+02,4.636065699999999765e+02
4.349667523208190687e+02,4.636065699999999765e+02
4.351755706989628720e+02,4.636065699999999765e+02
4.352237005882353174e+02,4.636065699999999765e+02
4.353119387185678875e+02,4.636065699999999765e+02
4.353200014098919723e+02,4.636065699999999765e+02
4.354483067381729597e+02,4.636065699999999765e+02
4.354964753793691443e+02,4.636065699999999765e+02
4.355846747577780320e+02,4.636065699999999765e+02
4.353523210478359715e+02,4.636065699999999765e+02
4.357210427773831043e+02,4.636065699999999765e+02
4.357692501705029713e+02,4.636065699999999765e+02
4.358574107969881197e+02,4.636065699999999765e+02
4.358657060659465401e+02,4.636065699999999765e+02
4.359937788165931920e+02,4.636065699999999765e+02
4.360420249616367983e+02,4.636065699999999765e+02
4.361301468361982643e+02,4.636065699999999765e+02
4.360587824573378271e+02,4.636065699999999765e+02
4.362665148558033366e+02,4.636065699999999765e+02
4.363147997527706821e+02,4.636065699999999765e+02
4.364028828754083520e+02,4.636065699999999765e+02
4.364114107220011078e+02,4.636065699999999765e+02
4.365392508950134243e+02,4.636065699999999765e+02
4.365875745439045090e+02,4.636065699999999765e+02
4.366756189146184965e+02,4.636065699999999765e+02
5.354938399999999774e+02,3.611231700000000160e+02
4.368119869342235688e+02,4.222879599999999982e+02
4.368603493350383360e+02,4.222879599999999982e+02
4.369483549538285843e+02,4.222879599999999982e+02
4.369571153780556756e+02,4.222879599999999982e+02
4.370847229734336565e+02,4.222879599999999982e+02
4.371331241261722198e+02,4.222879599999999982e+02
4.372210909930387288e+02,4.222879599999999982e+02
4.371508125938566423e+02,4.222879599999999982e+02
4.373574590126438011e+02,4.222879599999999982e+02
4.374058989173060468e+02,4.222879599999999982e+02
4.374938270322488165e+02,4.222879599999999982e+02
4.375028200341102433e+02,4.222879599999999982e+02
4.376301950518538888e+02,4.222879599999999982e+02
4.376786737084398737e+02,4.222879599999999982e+02
4.377665630714589611e+02,4.222879599999999982e+02
4.375388688610478312e+02,4.222879599999999982e+02
4.379029310910640334e+02,4.222879599999999982e+02
4.379514484995737575e+02,4.222879599999999982e+02
4.380392991106690488e+02,4.222879599999999982e+02
4.380485246901648111e+02,4.222879599999999982e+02
4.381756671302741211e+02,4.222879599999999982e+02
4.382242232907075845e+02,4.222879599999999982e+02
4.383120351498791933e+02,4.222879599999999982e+02
4.382428427303754006e+02,4.222879599999999982e+02
4.384484031694842656e+02,4.222879599999999982e+02
4.384969980818414115e+02,4.222879599999999982e+02
4.385847711890892811e+02,4.222879599999999982e+02
4.385942293462194357e+02,4.222879599999999982e+02
4.387211392086943533e+02,4.222879599999999982e+02
4.387697728729752953e+02,4.222879599999999982e+02
4.388575072282994256e+02,4.222879599999999982e+02
4.383176393150684476e+02,4.222879599999999982e+02
4.389938752479044410e+02,4.222879599999999982e+02
4.390425476641091223e+02,4.222879599999999982e+02
4.391302432675095133e+02,4.222879599999999982e+02
4.391399340022740034e+02,4.222879599999999982e+02
4.392666112871145856e+02,4.222879599999999982e+02
4.393153224552429492e+02,4.222879599999999982e+02
4.394029793067196579e+02,4.222879599999999982e+02
4.393348728668941590e+02,4.222879599999999982e+02
4.395393473263246733e+02,4.222879599999999982e+02
4.395880972463768330e+02,4.222879599999999982e+02
4.396757153459297456e+02,4.222879599999999982e+02
4.396856386583285712e+02,4.222879599999999982e+02
4.398120833655348179e+02,4.222879599999999982e+02
4.398608720375106600e+02,4.222879599999999982e+02
4.399484513851398901e+02,4.222879599999999982e+02
4.397254166742596908e+02,4.222879599999999982e+02
4.400848194047449056e+02,4.222879599999999982e+02
4.401336468286444870e+02,4.222879599999999982e+02
4.402211874243499778e+02,4.222879599999999982e+02
4.402313433143831389e+02,4.222879599999999982e+02
4.403575554439550501e+02,4.222879599999999982e+02
4.404064216197783708e+02,4.222879599999999982e+02
4.404939234635601224e+02,4.222879599999999982e+02
4.404269030034129173e+02,4.222879599999999982e+02
4.406302914831651378e+02,4.222879599999999982e+02
4.406791964109121977e+02,4.222879599999999982e+02
4.407666595027702101e+02,4.222879599999999982e+02
4.407770479704377067e+02,4.222879599999999982e+02
4.409030275223752824e+02,4.222879599999999982e+02
4.409519712020460247e+02,4.222879599999999982e+02
4.410393955419803547e+02,4.222879599999999982e+02
5.424757700000000114e+02,3.377757599999999911e+02
4.411757635615853701e+02,4.222879599999999982e+02
4.412247459931798517e+02,4.222879599999999982e+02
4.413121315811904424e+02,4.222879599999999982e+02
4.413227526264922744e+02,4.222879599999999982e+02
4.414484996007955147e+02,4.222879599999999982e+02
4.414975207843137355e+02,4.222879599999999982e+02
4.415848676204005869e+02,4.222879599999999982e+02
4.415189331399317325e+02,4.222879599999999982e+02
4.417212356400056024e+02,4.222879599999999982e+02
4.417702955754475624e+02,4.222879599999999982e+02
4.418576036596106746e+02,4.222879599999999982e+02
4.418684572825468422e+02,4.222879599999999982e+02
4.419939716792157469e+02,4.222879599999999982e+02
4.420430703665813894e+02,4.222879599999999982e+02
4.421303396988207624e+02,4.222879599999999982e+02
4.419119644874714936e+02,4.222879599999999982e+02
4.422667077184258346e+02,4.222879599999999982e+02
4.423158451577152732e+02,4.222879599999999982e+02
4.424030757380309069e+02,4.222879599999999982e+02
4.424141619386014668e+02,4.222879599999999982e+02
4.425394437576359792e+02,4.222879599999999982e+02
4.425886199488491002e+02,4.222879599999999982e+02
4.426758117772409946e+02,4.222879599999999982e+02
4.426109632764504909e+02,4.222879599999999982e+02
4.428121797968460669e+02,4.222879599999999982e+02
4.428613947399829271e+02,4.222879599999999982e+02
4.429485478164511392e+02,4.222879599999999982e+02
4.429598665946560345e+02,4.222879599999999982e+02
4.430849158360562114e+02,4.222879599999999982e+02
4.431341695311168110e+02,4.222879599999999982e+02
4.432212838556612269e+02,4.222879599999999982e+02
4.427007191780821813e+02,4.222879599999999982e+02
4.433576518752662992e+02,4.222879599999999982e+02
4.434069443222506379e+02,4.222879599999999982e+02
4.434940198948713714e+02,4.222879599999999982e+02
4.435055712507106023e+02,4.222879599999999982e+02
4.436303879144764437e+02,4.222879599999999982e+02
4.436797191133844649e+02,4.222879599999999982e+02
4.437667559340814591e+02,4.222879599999999982e+02
4.437029934129692492e+02,4.222879599999999982e+02
4.439031239536865314e+02,4.222879599999999982e+02
4.439524939045183487e+02,4.222879599999999982e+02
4.440394919732916037e+02,4.222879599999999982e+02
4.440512759067651700e+02,4.222879599999999982e+02
4.441758599928966760e+02,4.222879599999999982e+02
4.442252686956521757e+02,4.222879599999999982e+02
4.443122280125016914e+02,4.222879599999999982e+02
4.440985123006833533e+02,4.222879599999999982e+02
4.444485960321067637e+02,4.222879599999999982e+02
4.444980434867860026e+02,4.222879599999999982e+02
4.445849640517118360e+02,4.222879599999999982e+02
4.445969805628197378e+02,4.222879599999999982e+02
4.447213320713169082e+02,4.222879599999999982e+02
4.447708182779198864e+02,4.222879599999999982e+02
4.448577000909219237e+02,4.222879599999999982e+02
4.447950235494880076e+02,4.222879599999999982e+02
4.449940681105269960e+02,4.222879599999999982e+02
4.450435930690537134e+02,4.222879599999999982e+02
4.451304361301320682e+02,4.222879599999999982e+02
4.451426852188743055e+02,4.222879599999999982e+02
4.452668041497371405e+02,4.222879599999999982e+02
4.453163678601875404e+02,4.222879599999999982e+02
4.454031721693421559e+02,4.222879599999999982e+02
5.473905600000000504e+02,3.178260500000000093e+02
4.455395401889472282e+02,1.417485399999999913e+02
4.455891426513213673e+02,1.417485399999999913e+02
4.456759082085523005e+02,1.417485399999999913e+02
4.456883898749289301e+02,1.417485399999999913e+02
4.458122762281573159e+02,1.417485399999999913e+02
4.458619174424552511e+02,1.417485399999999913e+02
4.459486442477623882e+02,1.417485399999999913e+02
4.458870536860067659e+02,1.417485399999999913e+02
4.460850122673674605e+02,1.417485399999999913e+02
4.461346922335890781e+02,1.417485399999999913e+02
4.462213802869725328e+02,1.417485399999999913e+02
4.462340945309834979e+02,1.417485399999999913e+02
4.463577483065775482e+02,1.417485399999999913e+02
4.464074670247229051e+02,1.417485399999999913e+02
4.464941163261826205e+02,1.417485399999999913e+02
4.462850601138952129e+02,1.417485399999999913e+02
4.466304843457876927e+02,1.417485399999999913e+02
4.466802418158567889e+02,1.417485399999999913e+02
4.467668523653927650e+02,1.417485399999999913e+02
4.467797991870380656e+02,1.417485399999999913e+02
4.469032203849977805e+02,1.417485399999999913e+02
4.469530166069906159e+02,1.417485399999999913e+02
4.470395884046028527e+02,1.417485399999999913e+02
4.469790838225255811e+02,1.417485399999999913e+02
4.471759564242079250e+02,1.417485399999999913e+02
4.472257913981244428e+02,1.417485399999999913e+02
4.473123244438129973e+02,1.417485399999999913e+02
4.473255038430926334e+02,1.417485399999999913e+02
4.474486924634180127e+02,1.417485399999999913e+02
4.474985661892583266e+02,1.417485399999999913e+02
4.475850604830230850e+02,1.417485399999999913e+02
4.470837990410958582e+02,1.417485399999999913e+02
4.477214285026281573e+02,1.417485399999999913e+02
4.477713409803921536e+02,1.417485399999999913e+02
4.478577965222332296e+02,1.417485399999999913e+02
4.478712084991472011e+02,1.417485399999999913e+02
4.479941645418382450e+02,1.417485399999999913e+02
4.480441157715259806e+02,1.417485399999999913e+02
4.481305325614433173e+02,1.417485399999999913e+02
4.480711139590443395e+02,1.417485399999999913e+02
4.482669005810483895e+02,1.417485399999999913e+02
4.483168905626598644e+02,1.417485399999999913e+02
4.484032686006534618e+02,1.417485399999999913e+02
4.484169131552017689e+02,1.417485399999999913e+02
4.485396366202584773e+02,1.417485399999999913e+02
4.485896653537936913e+02,1.417485399999999913e+02
4.486760046398635495e+02,1.417485399999999913e+02
4.484716079271070157e+02,1.417485399999999913e+02
4.488123726594686218e+02,1.417485399999999913e+02
4.488624401449275183e+02,1.417485399999999913e+02
4.489487406790736941e+02,1.417485399999999913e+02
4.489626178112563366e+02,1.417485399999999913e+02
4.490851086986787095e+02,1.417485399999999913e+02
4.491352149360614021e+02,1.417485399999999913e+02
4.492214767182837818e+02,1.417485399999999913e+02
4.491631440955630978e+02,1.417485399999999913e+02
4.493578447378888541e+02,1.417485399999999913e+02
4.494079897271952291e+02,1.417485399999999913e+02
4.494942127574938695e+02,1.417485399999999913e+02
4.495083224673109612e+02,1.417485399999999913e+02
4.496305807770989418e+02,1.417485399999999913e+02
4.496807645183290560e+02,1.417485399999999913e+02
4.497669487967040141e+02,1.417485399999999913e+02
5.509999000000000251e+02,3.043901399999999740e+02
4.499033168163090863e+02,1.417485399999999913e+02
4.499535393094629399e+02,1.417485399999999913e+02
4.500396848359141018e+02,1.417485399999999913e+02
4.500540271233655290e+02,1.417485399999999913e+02
4.501760528555191740e+02,1.417485399999999913e+02
4.502263141005967668e+02,1.417485399999999913e+02
4.503124208751242463e+02,1.417485399999999913e+02
4.502551742320818562e+02,1.417485399999999913e+02
4.504487888947293186e+02,1.417485399999999913e+02
4.504990888917305938e+02,1.417485399999999913e+02
4.505851569143343340e+02,1.417485399999999913e+02
4.505997317794200967e+02,1.417485399999999913e+02
4.507215249339394063e+02,1.417485399999999913e+02
4.507718636828644208e+02,1.417485399999999913e+02
4.508578929535444786e+02,1.417485399999999913e+02
4.506581557403188754e+02,1.417485399999999913e+02
4.509942609731495509e+02,1.417485399999999913e+02
4.510446384739983046e+02,1.417485399999999913e+02
4.511306289927545663e+02,1.417485399999999913e+02
4.511454364354746644e+02,1.417485399999999913e+02
4.512669970123596386e+02,1.417485399999999913e+02
4.513174132651321315e+02,1.417485399999999913e+02
4.514033650319647109e+02,1.417485399999999913e+02
4.513472043686006714e+02,1.417485399999999913e+02
4.515397330515697831e+02,1.417485399999999913e+02
4.515901880562659585e+02,1.417485399999999913e+02
4.516761010711747986e+02,1.417485399999999913e+02
4.516911410915292322e+02,1.417485399999999913e+02
4.518124690907798708e+02,1.417485399999999913e+02
4.518629628473998423e+02,1.417485399999999913e+02
4.519488371103849431e+02,1.417485399999999913e+02
4.514668789041095351e+02,1.417485399999999913e+02
4.520852051299900154e+02,1.417485399999999913e+02
4.521357376385336693e+02,1.417485399999999913e+02
4.522215731495950308e+02,1.417485399999999913e+02
4.522368457475837999e+02,1.417485399999999913e+02
4.523579411692001031e+02,1.417485399999999913e+02
4.524085124296674962e+02,1.417485399999999913e+02
4.524943091888051754e+02,1.417485399999999913e+02
4.524392345051194297e+02,1.417485399999999913e+02
4.526306772084101908e+02,1.417485399999999913e+02
4.526812872208013800e+02,1.417485399999999913e+02
4.527670452280152631e+02,1.417485399999999913e+02
4.527825504036383677e+02,1.417485399999999913e+02
4.529034132476203354e+02,1.417485399999999913e+02
4.529540620119352070e+02,1.417485399999999913e+02
4.530397812672254076e+02,1.417485399999999913e+02
4.528447035535307350e+02,1.417485399999999913e+02
4.531761492868304231e+02,1.417485399999999913e+02
4.532268368030690340e+02,1.417485399999999913e+02
4.533125173064354954e+02,1.417485399999999913e+02
4.533282550596929923e+02,1.417485399999999913e+02
4.534488853260405676e+02,1.417485399999999913e+02
4.534996115942029178e+02,1.417485399999999913e+02
4.535852533456456399e+02,1.417485399999999913e+02
4.535312646416381881e+02,1.417485399999999913e+02
4.537216213652506553e+02,1.417485399999999913e+02
4.537723863853367448e+02,1.417485399999999913e+02
4.538579893848557276e+02,1.417485399999999913e+02
4.538739597157475600e+02,1.417485399999999913e+02
4.539943574044607999e+02,1.417485399999999913e+02
4.540451611764705717e+02,1.417485399999999913e+02
4.541307254240658722e+02,1.417485399999999913e+02
5.533269000000000233e+02,2.952259500000000116e+02
4.542670934436708876e+02,4.544087000000000103e+02
4.543179359676044555e+02,4.544087000000000103e+02
4.544034614632759599e+02,4.544087000000000103e+02
4.544196643718021278e+02,4.544087000000000103e+02
4.545398294828810322e+02,4.544087000000000103e+02
4.545907107587382825e+02,4.544087000000000103e+02
4.546761975024861044e+02,4.544087000000000103e+02
4.546232947781569464e+02,4.544087000000000103e+02
4.548125655220911199e+02,4.544087000000000103e+02
4.548634855498721095e+02,4.544087000000000103e+02
4.549489335416961922e+02,4.544087000000000103e+02
4.549653690278566955e+02,4.544087000000000103e+02
4.550853015613012644e+02,4.544087000000000103e+02
4.551362603410059933e+02,4.544087000000000103e+02
4.552216695809063367e+02,4.544087000000000103e+02
4.550312513667425947e+02,4.544087000000000103e+02
4.553580376005113521e+02,4.544087000000000103e+02
4.554090351321398202e+02,4.544087000000000103e+02
4.554944056201164244e+02,4.544087000000000103e+02
4.555110736839112633e+02,4.544087000000000103e+02
4.556307736397214967e+02,4.544087000000000103e+02
4.556818099232736472e+02,4.544087000000000103e+02
4.557671416593265690e+02,4.544087000000000103e+02
4.557153249146757616e+02,4.544087000000000103e+02
4.559035096789315844e+02,4.544087000000000103e+02
4.559545847144074742e+02,4.544087000000000103e+02
4.560398776985366567e+02,4.544087000000000103e+02
4.560567783399658310e+02,4.544087000000000103e+02
4.561762457181417290e+02,4.544087000000000103e+02
4.562273595055413580e+02,4.544087000000000103e+02
4.563126137377467444e+02,4.544087000000000103e+02
4.558499587671232689e+02,4.544087000000000103e+02
4.564489817573518167e+02,4.544087000000000103e+02
4.565001342966751849e+02,4.544087000000000103e+02
4.565853497769568889e+02,4.544087000000000103e+02
4.566024829960204556e+02,4.544087000000000103e+02
4.567217177965619612e+02,4.544087000000000103e+02
4.567729090878090119e+02,4.544087000000000103e+02
4.568580858161669767e+02,4.544087000000000103e+02
4.568073550511945200e+02,4.544087000000000103e+02
4.569944538357720489e+02,4.544087000000000103e+02
4.570456838789428957e+02,4.544087000000000103e+02
4.571308218553771212e+02,4.544087000000000103e+02
4.571481876520750234e+02,4.544087000000000103e+02
4.572671898749821935e+02,4.544087000000000103e+02
4.573184586700767227e+02,4.544087000000000103e+02
4.574035578945872089e+02,4.544087000000000103e+02
4.572177991799543975e+02,4.544087000000000103e+02
4.575399259141922812e+02,4.544087000000000103e+02
4.575912334612105496e+02,4.544087000000000103e+02
4.576762939337973535e+02,4.544087000000000103e+02
4.576938923081295911e+02,4.544087000000000103e+02
4.578126619534024258e+02,4.544087000000000103e+02
4.578640082523444335e+02,4.544087000000000103e+02
4.579490299730074412e+02,4.544087000000000103e+02
4.578993851877132784e+02,4.544087000000000103e+02
4.580853979926125135e+02,4.544087000000000103e+02
4.581367830434782604e+02,4.544087000000000103e+02
4.582217660122175857e+02,4.544087000000000103e+02
4.582395969641841589e+02,4.544087000000000103e+02
4.583581340318226580e+02,4.544087000000000103e+02
4.584095578346120874e+02,4.544087000000000103e+02
4.584945020514276735e+02,4.544087000000000103e+02
5.545978999999999814e+02,2.916598000000000184e+02
4.586308700710327457e+02,4.189850999999999885e+02
4.586823326257459712e+02,4.189850999999999885e+02
4.587672380906378180e+02,4.189850999999999885e+02
4.587853016202387266e+02,4.189850999999999885e+02
4.589036061102428903e+02,4.189850999999999885e+02
4.589551074168797982e+02,4.189850999999999885e+02
4.590399741298479057e+02,4.189850999999999885e+02
4.589914153242320367e+02,4.189850999999999885e+02
4.591763421494529780e+02,4.189850999999999885e+02
4.592278822080136251e+02,4.189850999999999885e+02
4.593127101690580503e+02,4.189850999999999885e+02
4.593310062762932944e+02,4.189850999999999885e+02
4.594490781886631225e+02,4.189850999999999885e+02
4.595006569991475089e+02,4.189850999999999885e+02
4.595854462082681380e+02,4.189850999999999885e+02
4.594043469931662571e+02,4.189850999999999885e+02
4.597218142278732103e+02,4.189850999999999885e+02
4.597734317902813359e+02,4.189850999999999885e+02
4.598581822474782825e+02,4.189850999999999885e+02
4.598767109323478621e+02,4.189850999999999885e+02
4.599945502670832980e+02,4.189850999999999885e+02
4.600462065814151629e+02,4.189850999999999885e+02
4.601309182866883702e+02,4.189850999999999885e+02
4.600834454607507951e+02,4.189850999999999885e+02
4.602672863062934425e+02,4.189850999999999885e+02
4.603189813725489898e+02,4.189850999999999885e+02
4.604036543258985148e+02,4.189850999999999885e+02
4.604224155884024867e+02,4.189850999999999885e+02
4.605400223455035302e+02,4.189850999999999885e+02
4.605917561636828736e+02,4.189850999999999885e+02
4.606763903651086025e+02,4.189850999999999885e+02
4.602330386301369458e+02,4.189850999999999885e+02
4.608127583847136748e+02,4.189850999999999885e+02
4.608645309548167006e+02,4.189850999999999885e+02
4.609491264043187471e+02,4.189850999999999885e+02
4.609681202444570545e+02,4.189850999999999885e+02
4.610854944239237625e+02,4.189850999999999885e+02
4.611373057459505276e+02,4.189850999999999885e+02
4.612218624435288348e+02,4.189850999999999885e+02
4.611754755972696103e+02,4.189850999999999885e+02
4.613582304631339071e+02,4.189850999999999885e+02
4.614100805370844114e+02,4.189850999999999885e+02
4.614945984827389793e+02,4.189850999999999885e+02
4.615138249005116222e+02,4.189850999999999885e+02
4.616309665023439948e+02,4.189850999999999885e+02
4.616828553282182384e+02,4.189850999999999885e+02
4.617673345219490670e+02,4.189850999999999885e+02
4.615908948063781168e+02,4.189850999999999885e+02
4.619037025415541393e+02,4.189850999999999885e+02
4.619556301193520653e+02,4.189850999999999885e+02
4.620400705611592116e+02,4.189850999999999885e+02
4.620595295565661900e+02,4.189850999999999885e+02
4.621764385807642270e+02,4.189850999999999885e+02
4.622284049104859491e+02,4.189850999999999885e+02
4.623128066003692993e+02,4.189850999999999885e+02
4.622675057337883686e+02,4.189850999999999885e+02
4.624491746199743716e+02,4.189850999999999885e+02
4.625011797016197761e+02,4.189850999999999885e+02
4.625855426395794439e+02,4.189850999999999885e+02
4.626052342126207577e+02,4.189850999999999885e+02
4.627219106591844593e+02,4.189850999999999885e+02
4.627739544927536031e+02,4.189850999999999885e+02
4.628582786787895316e+02,4.189850999999999885e+02
5.563256000000000085e+02,2.891979999999999791e+02
4.629946466983946038e+02,4.189850999999999885e+02
4.630467292838874869e+02,4.189850999999999885e+02
4.631310147179996193e+02,4.189850999999999885e+02
4.631509388686753255e+02,4.189850999999999885e+02
4.632673827376046916e+02,4.189850999999999885e+02
4.633195040750213138e+02,4.189850999999999885e+02
4.634037507572097638e+02,4.189850999999999885e+02
4.633595358703071270e+02,4.189850999999999885e+02
4.635401187768148361e+02,4.189850999999999885e+02
4.635922788661551408e+02,4.189850999999999885e+02
4.636764867964198515e+02,4.189850999999999885e+02
4.636966435247299501e+02,4.189850999999999885e+02
4.638128548160249238e+02,4.189850999999999885e+02
4.638650536572890246e+02,4.189850999999999885e+02
4.639492228356299961e+02,4.189850999999999885e+02
4.637774426195899764e+02,4.189850999999999885e+02
4.640855908552350684e+02,4.189850999999999885e+02
4.641378284484228516e+02,4.189850999999999885e+02
4.642219588748400838e+02,4.189850999999999885e+02
4.642423481807845178e+02,4.189850999999999885e+02
4.643583268944451561e+02,4.189850999999999885e+02
4.644106032395566785e+02,4.189850999999999885e+02
4.644946949140502284e+02,4.189850999999999885e+02
4.644515660068258853e+02,4.189850999999999885e+02
4.646310629336553006e+02,4.189850999999999885e+02
4.646833780306905624e+02,4.189850999999999885e+02
4.647674309532603161e+02,4.189850999999999885e+02
4.647880528368390856e+02,4.189850999999999885e+02
4.649037989728653884e+02,4.189850999999999885e+02
4.649561528218243893e+02,4.189850999999999885e+02
4.650401669924704606e+02,4.189850999999999885e+02
4.646161184931506796e+02,4.189850999999999885e+02
4.651765350120755329e+02,4.189850999999999885e+02
4.652289276129582163e+02,4.189850999999999885e+02
4.653129030316805483e+02,4.189850999999999885e+02
4.653337574928936533e+02,4.189850999999999885e+02
4.654492710512856206e+02,4.189850999999999885e+02
4.655017024040920433e+02,4.189850999999999885e+02
4.655856390708906929e+02,4.189850999999999885e+02
4.655435961433447005e+02,4.189850999999999885e+02
4.657220070904957652e+02,4.189850999999999885e+02
4.657744771952259271e+02,4.189850999999999885e+02
4.658583751101007806e+02,4.189850999999999885e+02
4.658794621489482211e+02,4.189850999999999885e+02
4.659947431297058529e+02,4.189850999999999885e+02
4.660472519863597540e+02,4.189850999999999885e+02
4.661311111493109252e+02,4.189850999999999885e+02
4.659639904328017792e+02,4.189850999999999885e+02
4.662674791689159974e+02,4.189850999999999885e+02
4.663200267774935810e+02,4.189850999999999885e+02
4.664038471885210129e+02,4.189850999999999885e+02
4.664251668050027888e+02,4.189850999999999885e+02
4.665402152081260851e+02,4.189850999999999885e+02
4.665928015686274648e+02,4.189850999999999885e+02
4.666765832277311574e+02,4.189850999999999885e+02
4.666356262798634589e+02,4.189850999999999885e+02
4.668129512473361729e+02,4.189850999999999885e+02
4.668655763597612918e+02,4.189850999999999885e+02
4.669493192669412451e+02,4.189850999999999885e+02
4.669708714610573566e+02,4.189850999999999885e+02
4.670856872865463174e+02,4.189850999999999885e+02
4.671383511508951187e+02,4.189850999999999885e+02
4.672220553061513897e+02,4.189850999999999885e+02
5.601779000000000224e+02,2.877514600000000087e+02
4.673584233257564051e+02,4.152808800000000247e+02
4.674111259420290025e+02,4.152808800000000247e+02
4.674947913453614774e+02,4.152808800000000247e+02
4.675165761171119811e+02,4.152808800000000247e+02
4.676311593649665497e+02,4.152808800000000247e+02
4.676839007331628295e+02,4.152808800000000247e+02
4.677675273845716220e+02,4.152808800000000247e+02
4.677276564163822172e+02,4.152808800000000247e+02
4.679038954041766374e+02,4.152808800000000247e+02
4.679566755242966565e+02,4.152808800000000247e+02
4.680402634237817097e+02,4.152808800000000247e+02
4.680622807731665489e+02,4.152808800000000247e+02
4.681766314433867819e+02,4.152808800000000247e+02
4.682294503154305403e+02,4.152808800000000247e+02
4.683129994629918542e+02,4.152808800000000247e+02
4.681505382460136389e+02,4.152808800000000247e+02
4.684493674825968696e+02,4.152808800000000247e+02
4.685022251065643673e+02,4.152808800000000247e+02
4.685857355022019419e+02,4.152808800000000247e+02
4.686079854292211166e+02,4.152808800000000247e+02
4.687221035218070142e+02,4.152808800000000247e+02
4.687749998976981942e+02,4.152808800000000247e+02
4.688584715414120865e+02,4.152808800000000247e+02
4.688196865529009756e+02,4.152808800000000247e+02
4.689948395610171019e+02,4.152808800000000247e+02
4.690477746888320780e+02,4.152808800000000247e+02
4.691312075806221742e+02,4.152808800000000247e+02
4.691536900852756844e+02,4.152808800000000247e+02
4.692675756002272465e+02,4.152808800000000247e+02
4.693205494799659050e+02,4.152808800000000247e+02
4.694039436198323187e+02,4.152808800000000247e+02
4.689991983561643565e+02,4.152808800000000247e+02
4.695403116394373342e+02,4.152808800000000247e+02
4.695933242710997320e+02,4.152808800000000247e+02
4.696766796590424065e+02,4.152808800000000247e+02
4.696993947413302521e+02,4.152808800000000247e+02
4.698130476786474787e+02,4.152808800000000247e+02
4.698660990622335589e+02,4.152808800000000247e+02
4.699494156982525510e+02,4.152808800000000247e+02
4.699117166894197339e+02,4.152808800000000247e+02
4.700857837178575664e+02,4.152808800000000247e+02
4.701388738533674427e+02,4.152808800000000247e+02
4.702221517374626387e+02,4.152808800000000247e+02
4.702450993973848199e+02,4.152808800000000247e+02
4.703585197570677110e+02,4.152808800000000247e+02
4.704116486445012697e+02,4.152808800000000247e+02
4.704948877766727264e+02,4.152808800000000247e+02
4.703370860592254985e+02,4.152808800000000247e+02
4.706312557962777987e+02,4.152808800000000247e+02
4.706844234356350967e+02,4.152808800000000247e+02
4.707676238158828710e+02,4.152808800000000247e+02
4.707908040534394445e+02,4.152808800000000247e+02
4.709039918354879433e+02,4.152808800000000247e+02
4.709571982267689805e+02,4.152808800000000247e+02
4.710403598550929587e+02,4.152808800000000247e+02
4.710037468259385491e+02,4.152808800000000247e+02
4.711767278746980310e+02,4.152808800000000247e+02
4.712299730179028074e+02,4.152808800000000247e+02
4.713130958943031033e+02,4.152808800000000247e+02
4.713365087094940122e+02,4.152808800000000247e+02
4.714494639139081755e+02,4.152808800000000247e+02
4.715027478090366344e+02,4.152808800000000247e+02
4.715858319335131910e+02,4.152808800000000247e+02
5.670567999999999529e+02,2.908147000000000162e+02
4.717221999531182632e+02,4.152808800000000247e+02
4.717755226001705182e+02,4.152808800000000247e+02
4.718585679727233355e+02,4.152808800000000247e+02
4.718822133655485800e+02,4.152808800000000247e+02
4.719949359923284078e+02,4.152808800000000247e+02
4.720482973913043452e+02,4.152808800000000247e+02
4.721313040119334232e+02,4.152808800000000247e+02
4.720957769624573075e+02,4.152808800000000247e+02
4.722676720315384955e+02,4.152808800000000247e+02
4.723210721824381721e+02,4.152808800000000247e+02
4.724040400511435678e+02,4.152808800000000247e+02
4.724279180216031477e+02,4.152808800000000247e+02
4.725404080707486401e+02,4.152808800000000247e+02
4.725938469735720560e+02,4.152808800000000247e+02
4.726767760903536555e+02,4.152808800000000247e+02
4.725236338724373581e+02,4.152808800000000247e+02
4.728131441099587278e+02,4.152808800000000247e+02
4.728666217647058829e+02,4.152808800000000247e+02
4.729495121295638000e+02,4.152808800000000247e+02
4.729736226776577155e+02,4.152808800000000247e+02
4.730858801491688723e+02,4.152808800000000247e+02
4.731393965558397099e+02,4.152808800000000247e+02
4.732222481687738878e+02,4.152808800000000247e+02
4.731878070989760658e+02,4.152808800000000247e+02
4.733586161883789600e+02,4.152808800000000247e+02
4.734121713469735937e+02,4.152808800000000247e+02
4.734949842079840323e+02,4.152808800000000247e+02
4.735193273337122832e+02,4.152808800000000247e+02
4.736313522275890477e+02,4.152808800000000247e+02
4.736849461381074207e+02,4.152808800000000247e+02
4.737677202471941200e+02,4.152808800000000247e+02
4.733822782191780334e+02,4.152808800000000247e+02
4.739040882667991923e+02,4.152808800000000247e+02
4.739577209292412476e+02,4.152808800000000247e+02
4.740404562864042646e+02,4.152808800000000247e+02
4.740650319897668510e+02,4.152808800000000247e+02
4.741768243060092800e+02,4.152808800000000247e+02
4.742304957203751314e+02,4.152808800000000247e+02
4.743131923256143523e+02,4.152808800000000247e+02
4.742798372354948242e+02,4.152808800000000247e+02
4.744495603452194246e+02,4.152808800000000247e+02
4.745032705115089584e+02,4.152808800000000247e+02
4.745859283648244968e+02,4.152808800000000247e+02
4.746107366458214756e+02,4.152808800000000247e+02
4.747222963844295123e+02,4.152808800000000247e+02
4.747760453026427854e+02,4.152808800000000247e+02
4.748586644040345845e+02,4.152808800000000247e+02
4.747101816856491610e+02,4.152808800000000247e+02
4.749950324236396568e+02,4.152808800000000247e+02
4.750488200937766123e+02,4.152808800000000247e+02
4.751314004432447291e+02,4.152808800000000247e+02
4.751564413018760433e+02,4.152808800000000247e+02
4.752677684628497445e+02,4.152808800000000247e+02
4.753215948849104961e+02,4.152808800000000247e+02
4.754041364824548168e+02,4.152808800000000247e+02
4.753718673720136394e+02,4.152808800000000247e+02
4.755405045020598891e+02,4.152808800000000247e+02
4.755943696760443231e+02,4.152808800000000247e+02
4.756768725216649614e+02,4.152808800000000247e+02
4.757021459579306111e+02,4.152808800000000247e+02
4.758132405412699768e+02,4.152808800000000247e+02
4.758671444671781501e+02,4.152808800000000247e+02
4.759496085608750491e+02,4.152808800000000247e+02
5.777394000000000460e+02,3.005455299999999852e+02
4.760859765804801214e+02,4.444235800000000154e+02
4.761399192583120339e+02,4.444235800000000154e+02
4.762223446000851936e+02,4.444235800000000154e+02
4.762478506139851788e+02,4.444235800000000154e+02
4.763587126196902091e+02,4.444235800000000154e+02
4.764126940494458609e+02,4.444235800000000154e+02
4.764950806392952813e+02,4.444235800000000154e+02
4.764638975085323978e+02,4.444235800000000154e+02
4.766314486589003536e+02,4.444235800000000154e+02
4.766854688405796878e+02,4.444235800000000154e+02
4.767678166785054259e+02,4.444235800000000154e+02
4.767935552700397466e+02,4.444235800000000154e+02
4.769041846981104413e+02,4.444235800000000154e+02
4.769582436317135716e+02,4.444235800000000154e+02
4.770405527177155136e+02,4.444235800000000154e+02
4.768967294988610206e+02,4.444235800000000154e+02
4.771769207373205859e+02,4.444235800000000154e+02
4.772310184228473986e+02,4.444235800000000154e+02
4.773132887569256013e+02,4.444235800000000154e+02
4.773392599260943143e+02,4.444235800000000154e+02
4.774496567765306736e+02,4.444235800000000154e+02
4.775037932139812256e+02,4.444235800000000154e+02
4.775860247961357459e+02,4.444235800000000154e+02
4.775559276450511561e+02,4.444235800000000154e+02
4.777223928157408182e+02,4.444235800000000154e+02
4.777765680051151094e+02,4.444235800000000154e+02
4.778587608353458336e+02,4.444235800000000154e+02
4.778849645821488821e+02,4.444235800000000154e+02
4.779951288549509059e+02,4.444235800000000154e+02
4.780493427962489363e+02,4.444235800000000154e+02
4.781314968745559781e+02,4.444235800000000154e+02
4.777653580821917672e+02,4.444235800000000154e+02
4.782678648941610504e+02,4.444235800000000154e+02
4.783221175873827633e+02,4.444235800000000154e+02
4.784042329137660658e+02,4.444235800000000154e+02
4.784306692382035067e+02,4.444235800000000154e+02
4.785406009333711381e+02,4.444235800000000154e+02
4.785948923785166471e+02,4.444235800000000154e+02
4.786769689529762104e+02,4.444235800000000154e+02
4.786479577815699145e+02,4.444235800000000154e+02
4.788133369725812827e+02,4.444235800000000154e+02
4.788676671696504741e+02,4.444235800000000154e+02
4.789497049921862981e+02,4.444235800000000154e+02
4.789763738942580744e+02,4.444235800000000154e+02
4.790860730117913704e+02,4.444235800000000154e+02
4.791404419607843010e+02,4.444235800000000154e+02
4.792224410313964427e+02,4.444235800000000154e+02
4.790832773120728802e+02,4.444235800000000154e+02
4.793588090510015149e+02,4.444235800000000154e+02
4.794132167519181280e+02,4.444235800000000154e+02
4.794951770706065304e+02,4.444235800000000154e+02
4.795220785503126422e+02,4.444235800000000154e+02
4.796315450902116027e+02,4.444235800000000154e+02
4.796859915430520118e+02,4.444235800000000154e+02
4.797679131098166749e+02,4.444235800000000154e+02
4.797399879180887297e+02,4.444235800000000154e+02
4.799042811294217472e+02,4.444235800000000154e+02
4.799587663341858388e+02,4.444235800000000154e+02
4.800406491490267626e+02,4.444235800000000154e+02
4.800677832063672099e+02,4.444235800000000154e+02
4.801770171686318349e+02,4.444235800000000154e+02
4.802315411253196658e+02,4.444235800000000154e+02
4.803133851882369072e+02,4.444235800000000154e+02
5.901357400000000553e+02,3.168669399999999996e+02
4.804497532078419226e+02,4.116659000000000219e+02
4.805043159164535496e+02,4.116659000000000219e+02
4.805861212274469949e+02,4.116659000000000219e+02
4.806134878624217777e+02,4.116659000000000219e+02
4.807224892470520672e+02,4.116659000000000219e+02
4.807770907075873765e+02,4.116659000000000219e+02
4.808588572666571395e+02,4.116659000000000219e+02
4.808320180546074880e+02,4.116659000000000219e+02
4.809952252862621549e+02,4.116659000000000219e+02
4.810498654987212035e+02,4.116659000000000219e+02
4.811315933058672272e+02,4.116659000000000219e+02
4.811591925184763454e+02,4.116659000000000219e+02
4.812679613254722994e+02,4.116659000000000219e+02
4.813226402898550873e+02,4.116659000000000219e+02
4.814043293450773717e+02,4.116659000000000219e+02
4.812698251252847399e+02,4.116659000000000219e+02
4.815406973646823872e+02,4.116659000000000219e+02
4.815954150809889143e+02,4.116659000000000219e+02
4.816770653842874594e+02,4.116659000000000219e+02
4.817048971745309700e+02,4.116659000000000219e+02
4.818134334038925317e+02,4.116659000000000219e+02
4.818681898721227412e+02,4.116659000000000219e+02
4.819498014234976040e+02,4.116659000000000219e+02
4.819240481911262464e+02,4.116659000000000219e+02
4.820861694431026194e+02,4.116659000000000219e+02
4.821409646632566250e+02,4.116659000000000219e+02
4.822225374627076917e+02,4.116659000000000219e+02
4.822506018305855378e+02,4.116659000000000219e+02
4.823589054823127640e+02,4.116659000000000219e+02
4.824137394543904520e+02,4.116659000000000219e+02
4.824952735019178363e+02,4.116659000000000219e+02
4.821484379452054441e+02,4.116659000000000219e+02
4.826316415215228517e+02,4.116659000000000219e+02
4.826865142455242790e+02,4.116659000000000219e+02
4.827680095411279240e+02,4.116659000000000219e+02
4.827963064866401055e+02,4.116659000000000219e+02
4.829043775607329962e+02,4.116659000000000219e+02
4.829592890366581628e+02,4.116659000000000219e+02
4.830407455803380685e+02,4.116659000000000219e+02
4.830160783276450047e+02,4.116659000000000219e+02
4.831771135999430840e+02,4.116659000000000219e+02
4.832320638277919898e+02,4.116659000000000219e+02
4.833134816195481562e+02,4.116659000000000219e+02
4.833420111426946733e+02,4.116659000000000219e+02
4.834498496391532285e+02,4.116659000000000219e+02
4.835048386189258167e+02,4.116659000000000219e+02
4.835862176587583008e+02,4.116659000000000219e+02
4.834563729384965427e+02,4.116659000000000219e+02
4.837225856783633162e+02,4.116659000000000219e+02
4.837776134100597005e+02,4.116659000000000219e+02
4.838589536979683885e+02,4.116659000000000219e+02
4.838877157987492410e+02,4.116659000000000219e+02
4.839953217175734608e+02,4.116659000000000219e+02
4.840503882011935275e+02,4.116659000000000219e+02
4.841316897371784762e+02,4.116659000000000219e+02
4.841081084641637631e+02,4.116659000000000219e+02
4.842680577567835485e+02,4.116659000000000219e+02
4.843231629923273545e+02,4.116659000000000219e+02
4.844044257763886208e+02,4.116659000000000219e+02
4.844334204548038088e+02,4.116659000000000219e+02
4.845407937959936930e+02,4.116659000000000219e+02
4.845959377834611814e+02,4.116659000000000219e+02
4.846771618155987085e+02,4.116659000000000219e+02
6.025585999999999558e+02,3.343321500000000128e+02
4.848135298352037807e+02,4.116659000000000219e+02
4.848687125745950652e+02,4.116659000000000219e+02
4.849498978548088530e+02,4.116659000000000219e+02
4.849791251108583765e+02,4.116659000000000219e+02
4.850862658744139253e+02,4.116659000000000219e+02
4.851414873657288922e+02,4.116659000000000219e+02
4.852226338940189407e+02,4.116659000000000219e+02
4.852001386006825783e+02,4.116659000000000219e+02
4.853590019136240130e+02,4.116659000000000219e+02
4.854142621568627192e+02,4.116659000000000219e+02
4.854953699332290853e+02,4.116659000000000219e+02
4.855248297669130011e+02,4.116659000000000219e+02
4.856317379528341576e+02,4.116659000000000219e+02
4.856870369479966030e+02,4.116659000000000219e+02
4.857681059724391730e+02,4.116659000000000219e+02
4.856429207517084023e+02,4.116659000000000219e+02
4.859044739920442453e+02,1.672763699999999858e+02
4.859598117391304299e+02,1.672763699999999858e+02
4.860408420116493176e+02,1.672763699999999858e+02
4.860705344229675688e+02,1.672763699999999858e+02
4.861772100312543898e+02,1.672763699999999858e+02
4.862325865302642569e+02,1.672763699999999858e+02
4.863135780508594053e+02,1.672763699999999858e+02
4.862921687372013366e+02,1.672763699999999858e+02
4.864499460704644775e+02,1.672763699999999858e+02
4.865053613213981407e+02,1.672763699999999858e+02
4.865863140900695498e+02,1.672763699999999858e+02
4.866162390790221366e+02,1.672763699999999858e+02
4.867226821096746221e+02,1.672763699999999858e+02
4.867781361125319677e+02,1.672763699999999858e+02
4.868590501292796375e+02,1.672763699999999858e+02
4.865315178082191210e+02,1.672763699999999858e+02
4.869954181488847098e+02,1.672763699999999858e+02
4.870509109036657946e+02,1.672763699999999858e+02
4.871317861684897821e+02,1.672763699999999858e+02
4.871619437350767043e+02,1.672763699999999858e+02
4.872681541880948544e+02,1.672763699999999858e+02
4.873236856947996785e+02,1.672763699999999858e+02
4.874045222076998698e+02,1.672763699999999858e+02
4.873841988737200950e+02,1.672763699999999858e+02
4.875408902273049421e+02,1.672763699999999858e+02
4.875964604859335054e+02,1.672763699999999858e+02
4.876772582469100143e+02,1.672763699999999858e+02
4.877076483911312721e+02,1.672763699999999858e+02
4.878136262665150298e+02,1.672763699999999858e+02
4.878692352770673324e+02,1.672763699999999858e+02
4.879499942861201021e+02,1.672763699999999858e+02
4.878294685649202620e+02,1.672763699999999858e+02
4.880863623057251743e+02,1.672763699999999858e+02
4.881420100682012162e+02,1.672763699999999858e+02
4.882227303253302466e+02,1.672763699999999858e+02
4.882533530471858398e+02,1.672763699999999858e+02
4.883590983449352620e+02,1.672763699999999858e+02
4.884147848593350432e+02,1.672763699999999858e+02
4.884954663645403343e+02,1.672763699999999858e+02
4.884762290102388533e+02,1.672763699999999858e+02
4.886318343841454066e+02,1.672763699999999858e+02
4.886875596504688701e+02,1.672763699999999858e+02
4.887682024037504789e+02,1.672763699999999858e+02
4.887990577032404644e+02,1.672763699999999858e+02
4.889045704233554943e+02,1.672763699999999858e+02
4.889603344416026971e+02,1.672763699999999858e+02
4.890409384429605666e+02,1.672763699999999858e+02
6.154809000000000196e+02,3.508841600000000085e+02
4.891773064625656389e+02,1.672763699999999858e+02
4.892331092327365809e+02,1.672763699999999858e+02
4.893136744821707111e+02,1.672763699999999858e+02
4.893447623592950322e+02,1.672763699999999858e+02
4.894500425017757266e+02,1.672763699999999858e+02
4.895058840238704079e+02,1.672763699999999858e+02
4.895864105213807989e+02,1.672763699999999858e+02
4.895682591467576685e+02,1.672763699999999858e+02
4.897227785409858711e+02,1.672763699999999858e+02
4.897786588150042348e+02,1.672763699999999858e+02
4.898591465605909434e+02,1.672763699999999858e+02
4.898904670153495999e+02,1.672763699999999858e+02
4.899955145801959588e+02,1.672763699999999858e+02
4.900514336061381186e+02,1.672763699999999858e+02
4.901318825998010311e+02,1.672763699999999858e+02
4.900160163781321216e+02,1.672763699999999858e+02
4.902682506194061034e+02,1.672763699999999858e+02
4.903242083972719456e+02,1.672763699999999858e+02
4.904046186390111757e+02,1.672763699999999858e+02
4.904361716714041677e+02,1.672763699999999858e+02
4.905409866586161911e+02,1.672763699999999858e+02
4.905969831884057726e+02,1.672763699999999858e+02
4.906773546782212634e+02,1.672763699999999858e+02
4.906602892832764269e+02,1.672763699999999858e+02
4.908137226978263357e+02,1.672763699999999858e+02
4.908697579795396564e+02,1.672763699999999858e+02
4.909500907174313511e+02,1.672763699999999858e+02
4.909818763274587354e+02,1.672763699999999858e+02
4.910864587370364234e+02,1.672763699999999858e+02
4.911425327706734834e+02,1.672763699999999858e+02
4.912228267566414956e+02,1.672763699999999858e+02
4.909145976712328547e+02,1.672763699999999858e+02
4.913591947762465679e+02,1.672763699999999858e+02
4.914153075618073103e+02,1.672763699999999858e+02
4.914955627958515834e+02,1.672763699999999858e+02
4.915275809835133032e+02,1.672763699999999858e+02
4.916319308154566556e+02,1.672763699999999858e+02
4.916880823529411941e+02,1.672763699999999858e+02
4.917682988350617279e+02,1.672763699999999858e+02
4.917523194197951852e+02,1.672763699999999858e+02
4.919046668546668002e+02,1.672763699999999858e+02
4.919608571440750211e+02,1.672763699999999858e+02
4.920410348742718156e+02,1.672763699999999858e+02
4.920732856395678709e+02,1.672763699999999858e+02
4.921774028938768879e+02,1.672763699999999858e+02
4.922336319352088481e+02,1.672763699999999858e+02
4.923137709134819602e+02,1.672763699999999858e+02
4.922025641913439244e+02,1.672763699999999858e+02
4.924501389330870325e+02,1.672763699999999858e+02
4.925064067263427319e+02,1.672763699999999858e+02
4.925865069526920479e+02,1.672763699999999858e+02
4.926189902956224955e+02,1.672763699999999858e+02
4.927228749722971202e+02,1.672763699999999858e+02
4.927791815174765588e+02,1.672763699999999858e+02
4.928592429919021924e+02,1.672763699999999858e+02
4.928443495563139436e+02,1.672763699999999858e+02
4.929956110115072647e+02,1.672763699999999858e+02
4.930519563086103858e+02,1.672763699999999858e+02
4.931319790311122802e+02,1.672763699999999858e+02
4.931646949516770633e+02,1.672763699999999858e+02
4.932683470507173524e+02,1.672763699999999858e+02
4.933247310997442696e+02,1.672763699999999858e+02
4.934047150703224247e+02,1.672763699999999858e+02
6.278902000000000498e+02,3.654255400000000122e+02
4.935410830899274970e+02,4.276074199999999905e+02
4.935975058908780966e+02,4.276074199999999905e+02
4.936774511095325124e+02,4.276074199999999905e+02
4.937103996077316310e+02,4.276074199999999905e+02
4.938138191291375847e+02,4.276074199999999905e+02
4.938702806820119235e+02,4.276074199999999905e+02
4.939501871487426570e+02,4.276074199999999905e+02
4.939363796928327019e+02,4.276074199999999905e+02
4.940865551683477292e+02,4.276074199999999905e+02
4.941430554731457505e+02,4.276074199999999905e+02
4.942229231879527447e+02,4.276074199999999905e+02
4.942561042637861988e+02,4.276074199999999905e+02
4.943592912075578170e+02,4.276074199999999905e+02
4.944158302642796343e+02,4.276074199999999905e+02
4.944956592271628892e+02,4.276074199999999905e+02
4.943891120045557841e+02,4.276074199999999905e+02
4.946320272467679047e+02,4.276074199999999905e+02
4.946886050554134613e+02,4.276074199999999905e+02
4.947683952663729769e+02,4.276074199999999905e+02
4.948018089198407665e+02,4.276074199999999905e+02
4.949047632859780492e+02,4.276074199999999905e+02
4.949613798465472883e+02,4.276074199999999905e+02
4.950411313055831215e+02,4.276074199999999905e+02
4.950284098293515171e+02,4.276074199999999905e+02
4.951774993251881369e+02,4.276074199999999905e+02
4.952341546376811721e+02,4.276074199999999905e+02
4.953138673447932092e+02,4.276074199999999905e+02
4.953475135758953343e+02,4.276074199999999905e+02
4.954502353643982815e+02,4.276074199999999905e+02
4.955069294288149990e+02,4.276074199999999905e+02
4.955866033840033538e+02,4.276074199999999905e+02
4.952976775342465316e+02,4.276074199999999905e+02
4.957229714036083692e+02,4.276074199999999905e+02
4.957797042199488260e+02,4.276074199999999905e+02
4.958593394232134415e+02,4.276074199999999905e+02
4.958932182319499589e+02,4.276074199999999905e+02
4.959957074428185138e+02,4.276074199999999905e+02
4.960524790110827098e+02,4.276074199999999905e+02
4.961320754624235860e+02,4.276074199999999905e+02
4.961204399658702755e+02,4.276074199999999905e+02
4.962684434820286015e+02,4.072053199999999720e+02
4.963252538022165368e+02,4.072053199999999720e+02
4.964048115016336737e+02,4.072053199999999720e+02
4.964389228880045266e+02,4.072053199999999720e+02
4.965411795212387460e+02,4.072053199999999720e+02
4.965980285933503637e+02,4.072053199999999720e+02
4.966775475408438183e+02,4.072053199999999720e+02
4.965756598177676437e+02,4.072053199999999720e+02
4.968139155604488337e+02,4.072053199999999720e+02
4.968708033844842475e+02,4.072053199999999720e+02
4.969502835800539060e+02,4.072053199999999720e+02
4.969846275440590944e+02,4.072053199999999720e+02
4.970866515996589783e+02,4.072053199999999720e+02
4.971435781756180745e+02,4.072053199999999720e+02
4.972230196192640506e+02,4.072053199999999720e+02
4.972124701023890339e+02,4.072053199999999720e+02
4.973593876388690660e+02,4.072053199999999720e+02
4.974163529667519015e+02,4.072053199999999720e+02
4.974957556584741383e+02,4.072053199999999720e+02
4.975303322001136621e+02,4.072053199999999720e+02
4.976321236780792105e+02,4.072053199999999720e+02
4.976891277578857853e+02,4.072053199999999720e+02
4.977684916976842828e+02,4.072053199999999720e+02
6.375813000000000557e+02,3.752304700000000253e+02
4.979048597172892983e+02,4.072053199999999720e+02
4.979619025490196123e+02,4.072053199999999720e+02
4.980412277368943705e+02,4.072053199999999720e+02
4.980760368561682299e+02,4.072053199999999720e+02
4.981775957564994428e+02,4.072053199999999720e+02
4.982346773401534392e+02,4.072053199999999720e+02
4.983139637761044582e+02,4.072053199999999720e+02
4.983045002389077922e+02,4.072053199999999720e+02
4.984503317957095305e+02,4.072053199999999720e+02
4.985074521312873230e+02,4.072053199999999720e+02
4.985866998153146028e+02,4.072053199999999720e+02
4.986217415122227976e+02,4.072053199999999720e+02
4.987230678349196751e+02,4.072053199999999720e+02
4.987802269224211500e+02,4.072053199999999720e+02
4.988594358545246905e+02,4.072053199999999720e+02
4.987622076309795034e+02,4.072053199999999720e+02
4.989958038741297628e+02,4.072053199999999720e+02
4.990530017135549770e+02,4.072053199999999720e+02
4.991321718937348351e+02,4.072053199999999720e+02
4.991674461682773654e+02,4.072053199999999720e+02
4.992685399133399073e+02,4.072053199999999720e+02
4.993257765046888039e+02,4.072053199999999720e+02
4.994049079329449228e+02,4.072053199999999720e+02
4.993965303754266074e+02,4.072053199999999720e+02
4.995412759525499951e+02,4.072053199999999720e+02
4.995985512958226877e+02,4.072053199999999720e+02
4.996776439721550673e+02,4.072053199999999720e+02
4.997131508243319900e+02,4.072053199999999720e+02
4.998140119917601396e+02,4.072053199999999720e+02
4.998713260869565147e+02,4.072053199999999720e+02
4.999503800113651550e+02,4.072053199999999720e+02
4.996807573972602086e+02,4.072053199999999720e+02
5.000867480309702273e+02,4.072053199999999720e+02
5.001441008780903417e+02,4.072053199999999720e+02
5.002231160505752996e+02,4.072053199999999720e+02
5.002588554803865577e+02,4.072053199999999720e+02
5.003594840701803719e+02,4.072053199999999720e+02
5.004168756692242255e+02,4.072053199999999720e+02
5.004958520897853873e+02,4.072053199999999720e+02
5.004885605119453658e+02,4.072053199999999720e+02
5.006322201093904596e+02,4.072053199999999720e+02
5.006896504603580524e+02,4.072053199999999720e+02
5.007685881289955319e+02,4.072053199999999720e+02
5.008045601364411255e+02,4.072053199999999720e+02
5.009049561486006041e+02,4.072053199999999720e+02
5.009624252514918794e+02,4.072053199999999720e+02
5.010413241682056196e+02,4.072053199999999720e+02
5.009487554441913062e+02,4.072053199999999720e+02
5.011776921878106918e+02,4.072053199999999720e+02
5.012352000426257632e+02,4.072053199999999720e+02
5.013140602074157641e+02,4.072053199999999720e+02
5.013502647924956932e+02,4.072053199999999720e+02
5.014504282270207796e+02,4.072053199999999720e+02
5.015079748337595902e+02,4.072053199999999720e+02
5.015867962466258518e+02,4.072053199999999720e+02
5.015805906484641241e+02,4.072053199999999720e+02
5.017231642662309241e+02,4.072053199999999720e+02
5.017807496248934171e+02,4.072053199999999720e+02
5.018595322858359964e+02,4.072053199999999720e+02
5.018959694485502609e+02,4.072053199999999720e+02
5.019959003054410118e+02,4.072053199999999720e+02
5.020535244160273010e+02,4.072053199999999720e+02
5.021322683250460841e+02,4.072053199999999720e+02
6.477055000000000291e+02,3.834637500000000045e+02
5.022686363446511564e+02,4.024731400000000008e+02
5.023262992071611279e+02,4.024731400000000008e+02
5.024050043642562287e+02,4.024731400000000008e+02
5.024416741046048287e+02,4.024731400000000008e+02
5.025413723838612441e+02,4.024731400000000008e+02
5.025990739982949549e+02,4.024731400000000008e+02
5.026777404034663164e+02,4.024731400000000008e+02
5.026726207849828825e+02,4.024731400000000008e+02
5.028141084230713886e+02,4.024731400000000008e+02
5.028718487894288387e+02,4.024731400000000008e+02
5.029504764426764609e+02,4.024731400000000008e+02
5.029873787606593964e+02,4.024731400000000008e+02
5.030868444622814764e+02,4.024731400000000008e+02
5.031446235805626657e+02,4.024731400000000008e+02
5.032232124818865486e+02,4.024731400000000008e+02
5.031353032574031658e+02,4.024731400000000008e+02
5.033595805014916209e+02,4.024731400000000008e+02
5.034173983716964926e+02,4.024731400000000008e+02
5.034959485210966932e+02,4.024731400000000008e+02
5.035330834167140210e+02,4.024731400000000008e+02
5.036323165407017086e+02,4.024731400000000008e+02
5.036901731628303196e+02,4.024731400000000008e+02
5.037686845603067809e+02,4.024731400000000008e+02
5.037646509215016977e+02,4.024731400000000008e+02
5.039050525799118532e+02,4.024731400000000008e+02
5.039629479539642034e+02,4.024731400000000008e+02
5.040414205995169254e+02,4.024731400000000008e+02
5.040787880727685888e+02,4.024731400000000008e+02
5.041777886191219409e+02,4.024731400000000008e+02
5.042357227450980304e+02,4.024731400000000008e+02
5.043141566387270132e+02,4.024731400000000008e+02
5.040638372602739423e+02,4.024731400000000008e+02
5.044505246583320854e+02,4.024731400000000008e+02
5.045084975362318573e+02,4.024731400000000008e+02
5.045868926779371577e+02,4.024731400000000008e+02
5.046244927288231565e+02,4.024731400000000008e+02
5.047232606975421731e+02,4.024731400000000008e+02
5.047812723273657411e+02,4.024731400000000008e+02
5.048596287171472454e+02,4.024731400000000008e+02
5.048566810580204560e+02,4.024731400000000008e+02
5.049959967367523177e+02,4.024731400000000008e+02
5.050540471184995681e+02,4.024731400000000008e+02
5.051323647563573331e+02,4.024731400000000008e+02
5.051701973848777243e+02,4.024731400000000008e+02
5.052687327759624054e+02,4.024731400000000008e+02
5.053268219096333951e+02,4.024731400000000008e+02
5.054051007955674777e+02,4.024731400000000008e+02
5.053218510706150255e+02,4.024731400000000008e+02
5.055414688151725500e+02,4.024731400000000008e+02
5.055995967007672789e+02,4.024731400000000008e+02
5.056778368347775654e+02,4.024731400000000008e+02
5.057159020409322920e+02,4.024731400000000008e+02
5.058142048543826377e+02,4.024731400000000008e+02
5.058723714919011059e+02,4.024731400000000008e+02
5.059505728739877100e+02,4.024731400000000008e+02
5.059487111945392144e+02,4.024731400000000008e+02
5.060869408935927822e+02,4.024731400000000008e+02
5.061451462830349328e+02,4.024731400000000008e+02
5.062233089131977977e+02,4.024731400000000008e+02
5.062616066969868598e+02,4.024731400000000008e+02
5.063596769328028699e+02,4.024731400000000008e+02
5.064179210741688166e+02,4.024731400000000008e+02
5.064960449524079422e+02,4.024731400000000008e+02
6.550108999999999924e+02,3.863752400000000193e+02
5.066324129720130145e+02,4.024731400000000008e+02
5.066906958653026436e+02,4.024731400000000008e+02
5.067687809916180299e+02,4.024731400000000008e+02
5.068073113530414844e+02,4.024731400000000008e+02
5.069051490112231022e+02,4.024731400000000008e+02
5.069634706564364706e+02,4.024731400000000008e+02
5.070415170308281745e+02,4.024731400000000008e+02
5.070407413310579727e+02,4.024731400000000008e+02
5.071778850504332468e+02,4.024731400000000008e+02
5.072362454475703544e+02,4.024731400000000008e+02
5.073142530700382622e+02,4.024731400000000008e+02
5.073530160090960521e+02,4.024731400000000008e+02
5.074506210896433345e+02,4.024731400000000008e+02
5.075090202387041813e+02,4.024731400000000008e+02
5.075869891092484067e+02,4.024731400000000008e+02
5.075083988838268851e+02,4.024731400000000008e+02
5.077233571288534790e+02,4.024731400000000008e+02
5.077817950298380083e+02,4.024731400000000008e+02
5.078597251484584945e+02,4.024731400000000008e+02
5.078987206651506199e+02,4.024731400000000008e+02
5.079960931680635667e+02,4.024731400000000008e+02
5.080545698209718921e+02,4.024731400000000008e+02
5.081324611876686390e+02,4.024731400000000008e+02
5.081327714675767311e+02,4.024731400000000008e+02
5.082688292072737113e+02,4.024731400000000008e+02
5.083273446121057191e+02,4.024731400000000008e+02
5.084051972268787267e+02,4.024731400000000008e+02
5.084444253212051876e+02,4.024731400000000008e+02
5.085415652464837990e+02,4.024731400000000008e+02
5.086001194032395460e+02,4.024731400000000008e+02
5.086779332660888713e+02,4.024731400000000008e+02
5.084469171232876192e+02,4.024731400000000008e+02
5.088143012856938867e+02,4.024731400000000008e+02
5.088728941943733730e+02,4.024731400000000008e+02
5.089506693052989590e+02,4.024731400000000008e+02
5.089901299772597554e+02,4.024731400000000008e+02
5.090870373249040313e+02,4.024731400000000008e+02
5.091456689855072568e+02,4.024731400000000008e+02
5.092234053445091035e+02,4.024731400000000008e+02
5.092248016040955463e+02,4.024731400000000008e+02
5.093597733641141190e+02,4.024731400000000008e+02
5.094184437766410838e+02,4.024731400000000008e+02
5.094961413837191913e+02,4.024731400000000008e+02
5.095358346333143231e+02,4.024731400000000008e+02
5.096325094033242635e+02,4.024731400000000008e+02
5.096912185677749108e+02,4.024731400000000008e+02
5.097688774229293358e+02,4.024731400000000008e+02
5.096949466970386879e+02,4.024731400000000008e+02
5.099052454425343512e+02,4.024731400000000008e+02
5.099639933589087946e+02,4.024731400000000008e+02
5.100416134621394235e+02,4.024731400000000008e+02
5.100815392893688909e+02,4.024731400000000008e+02
5.101779814817444958e+02,4.024731400000000008e+02
5.102367681500426215e+02,4.024731400000000008e+02
5.103143495013495681e+02,4.024731400000000008e+02
5.103168317406143046e+02,4.024731400000000008e+02
5.104507175209545835e+02,4.024731400000000008e+02
5.105095429411764485e+02,4.024731400000000008e+02
5.105870855405596558e+02,4.024731400000000008e+02
5.106272439454235155e+02,4.024731400000000008e+02
5.107234535601647281e+02,4.024731400000000008e+02
5.107823177323103323e+02,4.024731400000000008e+02
5.108598215797698003e+02,4.024731400000000008e+02
6.599917000000000371e+02,3.859436000000000035e+02
5.109961895993748158e+02,3.979073500000000081e+02
5.110550925234441593e+02,3.979073500000000081e+02
5.111325576189798880e+02,3.979073500000000081e+02
5.111729486014780832e+02,3.979073500000000081e+02
5.112689256385849603e+02,3.979073500000000081e+02
5.113278673145779862e+02,3.979073500000000081e+02
5.114052936581900326e+02,3.979073500000000081e+02
5.114088618771330630e+02,3.979073500000000081e+02
5.115416616777950480e+02,3.979073500000000081e+02
5.116006421057118700e+02,3.979073500000000081e+02
5.116780296974001203e+02,3.979073500000000081e+02
5.117186532575326510e+02,3.979073500000000081e+02
5.118143977170051926e+02,3.979073500000000081e+02
5.118734168968456970e+02,3.979073500000000081e+02
5.119507657366102080e+02,3.979073500000000081e+02
5.118814945102505476e+02,3.979073500000000081e+02
5.120871337562152803e+02,3.979073500000000081e+02
5.121461916879795808e+02,3.979073500000000081e+02
5.122235017758202957e+02,3.979073500000000081e+02
5.122643579135872187e+02,3.979073500000000081e+02
5.123598697954254249e+02,3.979073500000000081e+02
5.124189664791133509e+02,3.979073500000000081e+02
5.124962378150304403e+02,3.979073500000000081e+02
5.125008920136517645e+02,3.979073500000000081e+02
5.126326058346355694e+02,3.979073500000000081e+02
5.126917412702472348e+02,3.979073500000000081e+02
5.127689738542405848e+02,3.979073500000000081e+02
5.128100625696417865e+02,3.979073500000000081e+02
5.129053418738456003e+02,3.979073500000000081e+02
5.129645160613811186e+02,3.979073500000000081e+02
5.130417098934506157e+02,3.979073500000000081e+02
5.128299969863013530e+02,3.979073500000000081e+02
5.131780779130557448e+02,3.979073500000000081e+02
5.132372908525148887e+02,3.979073500000000081e+02
5.133144459326608740e+02,3.979073500000000081e+02
5.133557672256963542e+02,3.979073500000000081e+02
5.134508139522658894e+02,3.979073500000000081e+02
5.135100656436487725e+02,3.979073500000000081e+02
5.135871819718709048e+02,3.979073500000000081e+02
5.135929221501705797e+02,3.979073500000000081e+02
5.137235499914759203e+02,3.979073500000000081e+02
5.137828404347826563e+02,3.979073500000000081e+02
5.138599180110810494e+02,3.979073500000000081e+02
5.139014718817509220e+02,3.979073500000000081e+02
5.139962860306861785e+02,4.049600800000000049e+02
5.140556152259164264e+02,4.049600800000000049e+02
5.141326540502911939e+02,4.049600800000000049e+02
5.140680423234623504e+02,4.049600800000000049e+02
5.142690220698962094e+02,4.049600800000000049e+02
5.143283900170503102e+02,4.049600800000000049e+02
5.144053900895012248e+02,4.049600800000000049e+02
5.144471765378054897e+02,4.049600800000000049e+02
5.145417581091063539e+02,4.049600800000000049e+02
5.146011648081841940e+02,4.049600800000000049e+02
5.146781261287113693e+02,4.049600800000000049e+02
5.146849522866893949e+02,4.049600800000000049e+02
5.148144941483164985e+02,4.049600800000000049e+02
5.148739395993179642e+02,4.049600800000000049e+02
5.149508621679215139e+02,4.049600800000000049e+02
5.149928811938600575e+02,4.049600800000000049e+02
5.150872301875265293e+02,4.049600800000000049e+02
5.151467143904518480e+02,4.049600800000000049e+02
5.152235982071315448e+02,4.049600800000000049e+02
6.623093000000000075e+02,3.841121800000000235e+02
5.153599662267366739e+02,2.030732399999999984e+02
5.154194891815857318e+02,2.030732399999999984e+02
5.154963342463418030e+02,2.030732399999999984e+02
5.155385858499146252e+02,2.030732399999999984e+02
5.156327022659468184e+02,2.030732399999999984e+02
5.156922639727195019e+02,2.030732399999999984e+02
5.157690702855518339e+02,2.030732399999999984e+02
5.157769824232082101e+02,2.030732399999999984e+02
5.159054383051568493e+02,2.030732399999999984e+02
5.159650387638533857e+02,2.030732399999999984e+02
5.160418063247619784e+02,2.030732399999999984e+02
5.160842905059691930e+02,2.030732399999999984e+02
5.161781743443669939e+02,2.030732399999999984e+02
5.162378135549872695e+02,2.030732399999999984e+02
5.163145423639721230e+02,2.030732399999999984e+02
5.162545901366742100e+02,2.030732399999999984e+02
5.164509103835771384e+02,2.030732399999999984e+02
5.165105883461210396e+02,2.030732399999999984e+02
5.165872784031821539e+02,2.030732399999999984e+02
5.166299951620237607e+02,2.030732399999999984e+02
5.167236464227871693e+02,2.030732399999999984e+02
5.167833631372549235e+02,2.030732399999999984e+02
5.168600144423922984e+02,2.030732399999999984e+02
5.168690125597269116e+02,2.030732399999999984e+02
5.169963824619974275e+02,2.030732399999999984e+02
5.170561379283888073e+02,2.030732399999999984e+02
5.171327504816024430e+02,2.030732399999999984e+02
5.171756998180783285e+02,2.030732399999999984e+02
5.172691185012074584e+02,2.030732399999999984e+02
5.173289127195225774e+02,2.030732399999999984e+02
5.174054865208124738e+02,2.030732399999999984e+02
5.172130768493150299e+02,2.030732399999999984e+02
5.175418545404176029e+02,2.030732399999999984e+02
5.176016875106564612e+02,2.030732399999999984e+02
5.176782225600227321e+02,2.030732399999999984e+02
5.177214044741330099e+02,2.030732399999999984e+02
5.178145905796277475e+02,2.030732399999999984e+02
5.178744623017903450e+02,2.030732399999999984e+02
5.179509585992327629e+02,2.030732399999999984e+02
5.179610426962456131e+02,2.030732399999999984e+02
5.180873266188377784e+02,2.030732399999999984e+02
5.181472370929241151e+02,2.030732399999999984e+02
5.182236946384429075e+02,2.030732399999999984e+02
5.182671091301875776e+02,2.030732399999999984e+02
5.183600626580479229e+02,2.030732399999999984e+02
5.184200118840578853e+02,2.030732399999999984e+02
5.184964306776530520e+02,2.030732399999999984e+02
5.184411379498860697e+02,2.030732399999999984e+02
5.186327986972580675e+02,2.030732399999999984e+02
5.186927866751918828e+02,2.030732399999999984e+02
5.187691667168630829e+02,2.030732399999999984e+02
5.188128137862421454e+02,2.030732399999999984e+02
5.189055347364680983e+02,2.030732399999999984e+02
5.189655614663256529e+02,2.030732399999999984e+02
5.190419027560732275e+02,2.030732399999999984e+02
5.190530728327644283e+02,2.030732399999999984e+02
5.191782707756783566e+02,2.030732399999999984e+02
5.192383362574594230e+02,2.030732399999999984e+02
5.193146387952833720e+02,2.030732399999999984e+02
5.193585184422967131e+02,2.030732399999999984e+02
5.194510068148883875e+02,2.030732399999999984e+02
5.195111110485934205e+02,2.030732399999999984e+02
5.195873748344934029e+02,2.030732399999999984e+02
6.647083999999999833e+02,3.759964600000000132e+02
5.197237428540985320e+02,3.932703999999999951e+02
5.197838858397271906e+02,3.932703999999999951e+02
5.198601108737035474e+02,3.932703999999999951e+02
5.199042230983512809e+02,3.932703999999999951e+02
5.199964788933086766e+02,3.932703999999999951e+02
5.200566606308609607e+02,3.932703999999999951e+02
5.201328469129136920e+02,3.932703999999999951e+02
5.201451029692832435e+02,3.932703999999999951e+02
5.202692149325187074e+02,3.932703999999999951e+02
5.203294354219949582e+02,3.932703999999999951e+02
5.204055829521237229e+02,3.932703999999999951e+02
5.204499277544058486e+02,3.932703999999999951e+02
5.205419509717288520e+02,3.932703999999999951e+02
5.206022102131287284e+02,3.932703999999999951e+02
5.206783189913339811e+02,3.932703999999999951e+02
5.206276857630979293e+02,3.932703999999999951e+02
5.208146870109389965e+02,3.932703999999999951e+02
5.208749850042624985e+02,3.932703999999999951e+02
5.209510550305440120e+02,3.932703999999999951e+02
5.209956324104605301e+02,3.932703999999999951e+02
5.210874230501490274e+02,3.932703999999999951e+02
5.211477597953964960e+02,3.932703999999999951e+02
5.212237910697541565e+02,3.932703999999999951e+02
5.212371331058020587e+02,3.932703999999999951e+02
5.213601590893592856e+02,3.932703999999999951e+02
5.214205345865302661e+02,3.932703999999999951e+02
5.214965271089643011e+02,3.932703999999999951e+02
5.215413370665150978e+02,3.932703999999999951e+02
5.216328951285693165e+02,3.932703999999999951e+02
5.216933093776640362e+02,3.932703999999999951e+02
5.217692631481743319e+02,3.932703999999999951e+02
5.215961567123287068e+02,3.932703999999999951e+02
5.219056311677794611e+02,3.932703999999999951e+02
5.219660841687980337e+02,3.932703999999999951e+02
5.220419991873844765e+02,3.932703999999999951e+02
5.220870417225696656e+02,3.932703999999999951e+02
5.221783672069896056e+02,3.932703999999999951e+02
5.222388589599318038e+02,3.932703999999999951e+02
5.223147352265946211e+02,3.932703999999999951e+02
5.223291632423207602e+02,3.932703999999999951e+02
5.224511032461996365e+02,3.932703999999999951e+02
5.225116337510655740e+02,3.932703999999999951e+02
5.225874712658046519e+02,3.932703999999999951e+02
5.226327463786242333e+02,3.932703999999999951e+02
5.227238392854097810e+02,3.932703999999999951e+02
5.227844085421994578e+02,3.932703999999999951e+02
5.228602073050149102e+02,3.932703999999999951e+02
5.228142335763097890e+02,3.932703999999999951e+02
5.229965753246199256e+02,3.932703999999999951e+02
5.230571833333333416e+02,3.932703999999999951e+02
5.231329433442249410e+02,3.932703999999999951e+02
5.231784510346788011e+02,3.932703999999999951e+02
5.232693113638299565e+02,3.932703999999999951e+02
5.233299581244671117e+02,3.932703999999999951e+02
5.234056793834350856e+02,3.932703999999999951e+02
5.234211933788395754e+02,3.932703999999999951e+02
5.235420474030401010e+02,3.932703999999999951e+02
5.236027329156009955e+02,3.932703999999999951e+02
5.236784154226452301e+02,3.932703999999999951e+02
5.237241556907333688e+02,3.932703999999999951e+02
5.238147834422502456e+02,3.932703999999999951e+02
5.238755077067348793e+02,3.932703999999999951e+02
5.239511514618552610e+02,3.932703999999999951e+02
6.667608000000000175e+02,3.476413600000000201e+02
5.240875194814602764e+02,3.847249800000000164e+02
5.241482824978686494e+02,3.847249800000000164e+02
5.242238875010654056e+02,3.847249800000000164e+02
5.242698603467879366e+02,3.847249800000000164e+02
5.243602555206705347e+02,3.847249800000000164e+02
5.244210572890025333e+02,3.847249800000000164e+02
5.244966235402755501e+02,3.847249800000000164e+02
5.245132235153582769e+02,3.847249800000000164e+02
5.246329915598805655e+02,3.847249800000000164e+02
5.246938320801364171e+02,3.847249800000000164e+02
5.247693595794855810e+02,3.847249800000000164e+02
5.248155650028425043e+02,3.847249800000000164e+02
5.249057275990907101e+02,3.847249800000000164e+02
5.249666068712701872e+02,3.847249800000000164e+02
5.250420956186958392e+02,3.847249800000000164e+02
5.250007813895215349e+02,3.847249800000000164e+02
5.251784636383008547e+02,3.847249800000000164e+02
5.252393816624040710e+02,3.847249800000000164e+02
5.253148316579058701e+02,3.847249800000000164e+02
5.253612696588970721e+02,3.847249800000000164e+02
5.254511996775108855e+02,3.847249800000000164e+02
5.255121564535379548e+02,3.847249800000000164e+02
5.255875676971160146e+02,3.847249800000000164e+02
5.256052536518770921e+02,3.847249800000000164e+02
5.257239357167210301e+02,3.847249800000000164e+02
5.257849312446717249e+02,3.847249800000000164e+02
5.258603037363261592e+02,3.847249800000000164e+02
5.259069743149516398e+02,3.847249800000000164e+02
5.259966717559311746e+02,3.847249800000000164e+02
5.260577060358056087e+02,3.847249800000000164e+02
5.261330397755361901e+02,3.847249800000000164e+02
5.259792365753423837e+02,3.847249800000000164e+02
5.262694077951412055e+02,3.847249800000000164e+02
5.263304808269394925e+02,3.847249800000000164e+02
5.264057758147463346e+02,3.847249800000000164e+02
5.264526789710062076e+02,3.847249800000000164e+02
5.265421438343514637e+02,3.847249800000000164e+02
5.266032556180732627e+02,3.847249800000000164e+02
5.266785118539564792e+02,3.847249800000000164e+02
5.266972837883959073e+02,3.847249800000000164e+02
5.268148798735614946e+02,3.847249800000000164e+02
5.268760304092071465e+02,3.847249800000000164e+02
5.269512478931665100e+02,3.847249800000000164e+02
5.269983836270607753e+02,3.847249800000000164e+02
5.270876159127716392e+02,3.847249800000000164e+02
5.271488052003410303e+02,3.847249800000000164e+02
5.272239839323766546e+02,3.847249800000000164e+02
5.271873292027335083e+02,3.847249800000000164e+02
5.273603519519817837e+02,3.847249800000000164e+02
5.274215799914748004e+02,3.847249800000000164e+02
5.274967199715867991e+02,3.847249800000000164e+02
5.275440882831153431e+02,3.847249800000000164e+02
5.276330879911918146e+02,3.847249800000000164e+02
5.276943547826086842e+02,3.847249800000000164e+02
5.277694560107968300e+02,3.847249800000000164e+02
5.277893139249146088e+02,3.847249800000000164e+02
5.279058240304019591e+02,3.847249800000000164e+02
5.279671295737425680e+02,3.847249800000000164e+02
5.280421920500070883e+02,3.847249800000000164e+02
5.280897929391699108e+02,3.847249800000000164e+02
5.281785600696121037e+02,3.847249800000000164e+02
5.282399043648763381e+02,3.847249800000000164e+02
5.283149280892171191e+02,3.847249800000000164e+02
6.625059999999999718e+02,3.235337999999999852e+02
5.284512961088221346e+02,2.303575400000000002e+02
5.285126791560102220e+02,2.303575400000000002e+02
5.285876641284272637e+02,2.303575400000000002e+02
5.286354975952244786e+02,2.303575400000000002e+02
5.287240321480323928e+02,2.303575400000000002e+02
5.287854539471441058e+02,2.303575400000000002e+02
5.288604001676374082e+02,2.303575400000000002e+02
5.288813440614334240e+02,2.303575400000000002e+02
5.289967681872424237e+02,2.303575400000000002e+02
5.290582287382778759e+02,2.303575400000000002e+02
5.291331362068474391e+02,2.303575400000000002e+02
5.291812022512790463e+02,2.303575400000000002e+02
5.292695042264525682e+02,2.303575400000000002e+02
5.293310035294117597e+02,2.303575400000000002e+02
5.294058722460575837e+02,2.303575400000000002e+02
5.293738770159452542e+02,2.303575400000000002e+02
5.295422402656627128e+02,2.303575400000000002e+02
5.296037783205456435e+02,2.303575400000000002e+02
5.296786082852677282e+02,2.303575400000000002e+02
5.297269069073336141e+02,2.303575400000000002e+02
5.298149763048727436e+02,2.303575400000000002e+02
5.298765531116794136e+02,2.303575400000000002e+02
5.299513443244777591e+02,2.303575400000000002e+02
5.299733741979521255e+02,2.303575400000000002e+02
5.300877123440828882e+02,2.303575400000000002e+02
5.301493279028132974e+02,2.303575400000000002e+02
5.302240803636880173e+02,2.303575400000000002e+02
5.302726115633881818e+02,2.303575400000000002e+02
5.303604483832930327e+02,2.303575400000000002e+02
5.304221026939471813e+02,2.303575400000000002e+02
5.304968164028980482e+02,2.303575400000000002e+02
5.303623164383561743e+02,2.303575400000000002e+02
5.306331844225030636e+02,2.303575400000000002e+02
5.306948774850809514e+02,2.303575400000000002e+02
5.307695524421081927e+02,2.303575400000000002e+02
5.308183162194427496e+02,2.303575400000000002e+02
5.309059204617132082e+02,2.303575400000000002e+02
5.309676522762148352e+02,2.303575400000000002e+02
5.310422884813183373e+02,2.303575400000000002e+02
5.310654043344709407e+02,2.303575400000000002e+02
5.311786565009233527e+02,2.303575400000000002e+02
5.312404270673487190e+02,2.303575400000000002e+02
5.313150245205283682e+02,2.303575400000000002e+02
5.313640208754973173e+02,2.303575400000000002e+02
5.314513925401333836e+02,2.303575400000000002e+02
5.315132018584824891e+02,2.303575400000000002e+02
5.315877605597385127e+02,2.303575400000000002e+02
5.315604248291572276e+02,2.303575400000000002e+02
5.317241285793436418e+02,2.303575400000000002e+02
5.317859766496163729e+02,2.303575400000000002e+02
5.318604965989486573e+02,2.303575400000000002e+02
5.319097255315519988e+02,2.303575400000000002e+02
5.319968646185536727e+02,2.303575400000000002e+02
5.320587514407502567e+02,2.303575400000000002e+02
5.321332326381586881e+02,2.303575400000000002e+02
5.321574344709897559e+02,2.303575400000000002e+02
5.322696006577638173e+02,2.303575400000000002e+02
5.323315262318840269e+02,2.303575400000000002e+02
5.324059686773689464e+02,2.303575400000000002e+02
5.324554301876065665e+02,2.303575400000000002e+02
5.325423366969739618e+02,2.303575400000000002e+02
5.326043010230179107e+02,2.303575400000000002e+02
5.326787047165789772e+02,2.303575400000000002e+02
6.553301999999999907e+02,3.042919999999999732e+02
5.328150727361839927e+02,3.622466999999999757e+02
5.328770758141517945e+02,3.622466999999999757e+02
5.329514407557890081e+02,3.622466999999999757e+02
5.330011348436611343e+02,3.622466999999999757e+02
5.330878087753941372e+02,3.622466999999999757e+02
5.331498506052855646e+02,3.622466999999999757e+02
5.332241767949992663e+02,3.622466999999999757e+02
5.332494646075085711e+02,3.622466999999999757e+02
5.333605448146042818e+02,3.622466999999999757e+02
5.334226253964194484e+02,3.622466999999999757e+02
5.334969128342092972e+02,3.622466999999999757e+02
5.335468394997157020e+02,3.622466999999999757e+02
5.336332808538143126e+02,3.622466999999999757e+02
5.336954001875533322e+02,3.622466999999999757e+02
5.337696488734194418e+02,3.622466999999999757e+02
5.337469726423689735e+02,3.622466999999999757e+02
5.339060168930245709e+02,3.611231700000000160e+02
5.339681749786871023e+02,3.611231700000000160e+02
5.340423849126295863e+02,3.611231700000000160e+02
5.340925441557702698e+02,3.611231700000000160e+02
5.341787529322346018e+02,3.611231700000000160e+02
5.342409497698209861e+02,3.611231700000000160e+02
5.343151209518396172e+02,3.611231700000000160e+02
5.343414947440272726e+02,3.611231700000000160e+02
5.344514889714447463e+02,3.611231700000000160e+02
5.345137245609548700e+02,3.611231700000000160e+02
5.345878569910497617e+02,3.611231700000000160e+02
5.346382488118248375e+02,3.611231700000000160e+02
5.347242250106548909e+02,3.611231700000000160e+02
5.347864993520886401e+02,3.611231700000000160e+02
5.348605930302599063e+02,3.611231700000000160e+02
5.347453963013698512e+02,3.611231700000000160e+02
5.349969610498649217e+02,3.611231700000000160e+02
5.350592741432225239e+02,3.611231700000000160e+02
5.351333290694699372e+02,3.611231700000000160e+02
5.351839534678794053e+02,3.611231700000000160e+02
5.352696970890750663e+02,3.611231700000000160e+02
5.353320489343564077e+02,3.611231700000000160e+02
5.354060651086801954e+02,3.611231700000000160e+02
5.354335248805459742e+02,3.611231700000000160e+02
5.355424331282852108e+02,3.611231700000000160e+02
5.356048237254901778e+02,3.611231700000000160e+02
5.356788011478902263e+02,3.611231700000000160e+02
5.357296581239340867e+02,3.611231700000000160e+02
5.358151691674952417e+02,3.611231700000000160e+02
5.358775985166240616e+02,3.611231700000000160e+02
5.359515371871003708e+02,3.611231700000000160e+02
5.359335204555808332e+02,3.611231700000000160e+02
5.360879052067054999e+02,3.611231700000000160e+02
5.361503733077579454e+02,3.611231700000000160e+02
5.362242732263105154e+02,3.611231700000000160e+02
5.362753627799886544e+02,3.611231700000000160e+02
5.363606412459155308e+02,3.611231700000000160e+02
5.364231480988917156e+02,3.611231700000000160e+02
5.364970092655205463e+02,3.611231700000000160e+02
5.365255550170647894e+02,3.611231700000000160e+02
5.366333772851255617e+02,3.611231700000000160e+02
5.366959228900255994e+02,3.611231700000000160e+02
5.367697453047306908e+02,3.611231700000000160e+02
5.368210674360432222e+02,3.611231700000000160e+02
5.369061133243358199e+02,3.611231700000000160e+02
5.369686976811594832e+02,3.611231700000000160e+02
5.370424813439408354e+02,3.611231700000000160e+02
6.498777999999999793e+02,2.923921000000000276e+02
5.371788493635458508e+02,2.650507799999999747e+02
5.372414724722932533e+02,2.650507799999999747e+02
5.373152173831508662e+02,2.650507799999999747e+02
5.373667720920977899e+02,2.650507799999999747e+02
5.374515854027559953e+02,2.650507799999999747e+02
5.375142472634270234e+02,2.650507799999999747e+02
5.375879534223611245e+02,2.650507799999999747e+02
5.376175851535836046e+02,2.650507799999999747e+02
5.377243214419661399e+02,2.650507799999999747e+02
5.377870220545610209e+02,2.650507799999999747e+02
5.378606894615711553e+02,2.650507799999999747e+02
5.379124767481523577e+02,2.650507799999999747e+02
5.379970574811761708e+02,2.650507799999999747e+02
5.380597968456947910e+02,2.650507799999999747e+02
5.381334255007812999e+02,2.650507799999999747e+02
5.381200682687926928e+02,2.650507799999999747e+02
5.382697935203863153e+02,2.650507799999999747e+02
5.383325716368285612e+02,2.650507799999999747e+02
5.384061615399914444e+02,2.650507799999999747e+02
5.384581814042069254e+02,2.650507799999999747e+02
5.385425295595964599e+02,2.650507799999999747e+02
5.386053464279625587e+02,2.650507799999999747e+02
5.386788975792014753e+02,2.650507799999999747e+02
5.387096152901024197e+02,2.650507799999999747e+02
5.388152655988064907e+02,2.650507799999999747e+02
5.388781212190963288e+02,2.650507799999999747e+02
5.389516336184116199e+02,2.650507799999999747e+02
5.390038860602614932e+02,2.650507799999999747e+02
5.390880016380167490e+02,2.650507799999999747e+02
5.391508960102300989e+02,2.650507799999999747e+02
5.392243696576217644e+02,2.650507799999999747e+02
5.391284761643835282e+02,2.650507799999999747e+02
5.393607376772267799e+02,2.650507799999999747e+02
5.394236708013640964e+02,2.650507799999999747e+02
5.394971056968317953e+02,2.650507799999999747e+02
5.395495907163160609e+02,2.650507799999999747e+02
5.396334737164369244e+02,2.650507799999999747e+02
5.396964455924978665e+02,2.650507799999999747e+02
5.397698417360420535e+02,2.650507799999999747e+02
5.398016454266211213e+02,2.650507799999999747e+02
5.399062097556470690e+02,2.650507799999999747e+02
5.399692203836316367e+02,2.650507799999999747e+02
5.400425777752520844e+02,2.650507799999999747e+02
5.400952953723706287e+02,2.650507799999999747e+02
5.401789457948570998e+02,2.650507799999999747e+02
5.402419951747656341e+02,2.650507799999999747e+02
5.403153138144621153e+02,2.650507799999999747e+02
5.403066160820045525e+02,2.650507799999999747e+02
5.404516818340672444e+02,2.650507799999999747e+02
5.405147699658994043e+02,2.650507799999999747e+02
5.405880498536723735e+02,2.650507799999999747e+02
5.406410000284251964e+02,2.650507799999999747e+02
5.407244178732773889e+02,2.650507799999999747e+02
5.407875447570331744e+02,2.650507799999999747e+02
5.408607858928824044e+02,2.650507799999999747e+02
5.408936755631398228e+02,2.650507799999999747e+02
5.409971539124874198e+02,2.650507799999999747e+02
5.410603195481671719e+02,2.650507799999999747e+02
5.411335219320925489e+02,2.650507799999999747e+02
5.411867046844797642e+02,2.650507799999999747e+02
5.412698899516976780e+02,2.650507799999999747e+02
5.413330943393009420e+02,2.650507799999999747e+02
5.414062579713026935e+02,2.650507799999999747e+02
6.442579299999999876e+02,2.815136699999999905e+02
5.415426259909077089e+02,3.114255400000000122e+02
5.416058691304347121e+02,3.114255400000000122e+02
5.416789940105127243e+02,3.114255400000000122e+02
5.417324093405343319e+02,3.114255400000000122e+02
5.418153620301178535e+02,3.114255400000000122e+02
5.418786439215687096e+02,3.114255400000000122e+02
5.419517300497228689e+02,3.114255400000000122e+02
5.419857056996586380e+02,3.114255400000000122e+02
5.420880980693279980e+02,3.377757599999999911e+02
5.421514187127024798e+02,3.377757599999999911e+02
5.422244660889330135e+02,3.377757599999999911e+02
5.422781139965888997e+02,3.377757599999999911e+02
5.423608341085380289e+02,3.377757599999999911e+02
5.424241935038362499e+02,3.377757599999999911e+02
5.424972021281430443e+02,3.377757599999999911e+02
5.424931638952164121e+02,3.377757599999999911e+02
5.426335701477481734e+02,3.377757599999999911e+02
5.426969682949701337e+02,3.377757599999999911e+02
5.427699381673533026e+02,3.377757599999999911e+02
5.428238186526434674e+02,3.377757599999999911e+02
5.429063061869583180e+02,3.377757599999999911e+02
5.429697430861040175e+02,3.377757599999999911e+02
5.430426742065633334e+02,3.377757599999999911e+02
5.430777358361774532e+02,3.377757599999999911e+02
5.431790422261683489e+02,3.377757599999999911e+02
5.432425178772377876e+02,3.377757599999999911e+02
5.433154102457734780e+02,3.377757599999999911e+02
5.433695233086980352e+02,3.377757599999999911e+02
5.434517782653784934e+02,3.377757599999999911e+02
5.435152926683716714e+02,3.377757599999999911e+02
5.435881462849836225e+02,3.377757599999999911e+02
5.435115560273972051e+02,3.377757599999999911e+02
5.437245143045886380e+02,3.377757599999999911e+02
5.437880674595055552e+02,3.377757599999999911e+02
5.438608823241936534e+02,3.377757599999999911e+02
5.439152279647526029e+02,3.377757599999999911e+02
5.439972503437986688e+02,3.377757599999999911e+02
5.440608422506393254e+02,3.377757599999999911e+02
5.441336183634037980e+02,3.377757599999999911e+02
5.441697659726962684e+02,3.377757599999999911e+02
5.442699863830089271e+02,3.377757599999999911e+02
5.443336170417732092e+02,3.377757599999999911e+02
5.444063544026139425e+02,3.377757599999999911e+02
5.444609326208071707e+02,3.377757599999999911e+02
5.445427224222189579e+02,3.377757599999999911e+02
5.446063918329070930e+02,3.377757599999999911e+02
5.446790904418239734e+02,3.377757599999999911e+02
5.446797117084281581e+02,3.377757599999999911e+02
5.448154584614291025e+02,3.377757599999999911e+02
5.448791666240408631e+02,3.377757599999999911e+02
5.449518264810342316e+02,3.377757599999999911e+02
5.450066372768617384e+02,3.377757599999999911e+02
5.450881945006392471e+02,3.377757599999999911e+02
5.451519414151747469e+02,3.377757599999999911e+02
5.452245625202442625e+02,3.377757599999999911e+02
5.452617961092149699e+02,3.377757599999999911e+02
5.453609305398492779e+02,3.377757599999999911e+02
5.454247162063086307e+02,3.377757599999999911e+02
5.454972985594544070e+02,3.377757599999999911e+02
5.455523419329163062e+02,3.377757599999999911e+02
5.456336665790594225e+02,3.377757599999999911e+02
5.456974909974424008e+02,3.377757599999999911e+02
5.457700345986645516e+02,3.377757599999999911e+02
6.411530999999999949e+02,2.769517799999999852e+02
5.459064026182695670e+02,3.178260500000000093e+02
5.459702657885762846e+02,3.178260500000000093e+02
5.460427706378745825e+02,3.178260500000000093e+02
5.460980465889709876e+02,3.178260500000000093e+02
5.461791386574795979e+02,3.178260500000000093e+02
5.462430405797101685e+02,3.178260500000000093e+02
5.463155066770847270e+02,3.178260500000000093e+02
5.463538262457336714e+02,3.178260500000000093e+02
5.464518746966898561e+02,3.178260500000000093e+02
5.465158153708439386e+02,3.178260500000000093e+02
5.465882427162948716e+02,3.178260500000000093e+02
5.466437512450255554e+02,3.178260500000000093e+02
5.467246107358998870e+02,3.178260500000000093e+02
5.467885901619778224e+02,3.178260500000000093e+02
5.468609787555049024e+02,3.178260500000000093e+02
5.468662595216401314e+02,3.178260500000000093e+02
5.469973467751100316e+02,3.178260500000000093e+02
5.470613649531117062e+02,3.178260500000000093e+02
5.471337147947150470e+02,3.178260500000000093e+02
5.471894559010801231e+02,3.178260500000000093e+02
5.472700828143201761e+02,3.178260500000000093e+02
5.473341397442454763e+02,3.178260500000000093e+02
5.474064508339251915e+02,3.178260500000000093e+02
5.474458563822524866e+02,3.178260500000000093e+02
5.475428188535302070e+02,3.178260500000000093e+02
5.476069145353793601e+02,3.178260500000000093e+02
5.476791868731352224e+02,3.178260500000000093e+02
5.477351605571346909e+02,3.178260500000000093e+02
5.478155548927403515e+02,3.178260500000000093e+02
5.478796893265132439e+02,3.178260500000000093e+02
5.479519229123454807e+02,3.178260500000000093e+02
5.478946358904108820e+02,3.178260500000000093e+02
5.480882909319504961e+02,3.178260500000000093e+02
5.481524641176470141e+02,3.178260500000000093e+02
5.482246589515555115e+02,3.178260500000000093e+02
5.482808652131892586e+02,3.178260500000000093e+02
5.483610269711605270e+02,3.178260500000000093e+02
5.484252389087808979e+02,3.178260500000000093e+02
5.484973949907656561e+02,3.178260500000000093e+02
5.485378865187713018e+02,3.178260500000000093e+02
5.486337630103707852e+02,3.178260500000000093e+02
5.486980136999147817e+02,3.178260500000000093e+02
5.487701310299758006e+02,3.178260500000000093e+02
5.488265698692438264e+02,3.178260500000000093e+02
5.489064990495808161e+02,3.178260500000000093e+02
5.489707884910485518e+02,3.178260500000000093e+02
5.490428670691858315e+02,3.178260500000000093e+02
5.490528073348518774e+02,3.178260500000000093e+02
5.491792350887909606e+02,3.178260500000000093e+02
5.492435632821824356e+02,3.178260500000000093e+02
5.493156031083959761e+02,3.178260500000000093e+02
5.493722745252983941e+02,3.178260500000000093e+02
5.494519711280011052e+02,3.178260500000000093e+02
5.495163380733163194e+02,3.178260500000000093e+02
5.495883391476061206e+02,3.178260500000000093e+02
5.496299166552901170e+02,3.178260500000000093e+02
5.497247071672111360e+02,3.178260500000000093e+02
5.497891128644500895e+02,3.178260500000000093e+02
5.498610751868161515e+02,3.178260500000000093e+02
5.499179791813530755e+02,3.178260500000000093e+02
5.499974432064212806e+02,3.178260500000000093e+02
5.500618876555839734e+02,3.178260500000000093e+02
5.501338112260264097e+02,3.178260500000000093e+02
6.396925999999999704e+02,2.751755400000000122e+02
5.502701792456314251e+02,3.043901399999999740e+02
5.503346624467178572e+02,3.043901399999999740e+02
5.504065472652364406e+02,3.043901399999999740e+02
5.504636838374076433e+02,3.043901399999999740e+02
5.505429152848414560e+02,3.043901399999999740e+02
5.506074372378516273e+02,3.043901399999999740e+02
5.506792833044465851e+02,3.043901399999999740e+02
5.507219467918088185e+02,3.043901399999999740e+02
5.508156513240516006e+02,3.043901399999999740e+02
5.508802120289855111e+02,3.043901399999999740e+02
5.509520193436567297e+02,3.043901399999999740e+02
5.510093884934622110e+02,3.043901399999999740e+02
5.510883873632617451e+02,3.043901399999999740e+02
5.511529868201193949e+02,3.043901399999999740e+02
5.512247553828667606e+02,3.043901399999999740e+02
5.512393551480637370e+02,3.043901399999999740e+02
5.513611234024717760e+02,2.952259500000000116e+02
5.514257616112531650e+02,2.952259500000000116e+02
5.514974914220769051e+02,2.952259500000000116e+02
5.515550931495167788e+02,2.952259500000000116e+02
5.516338594416820342e+02,2.952259500000000116e+02
5.516985364023870488e+02,2.952259500000000116e+02
5.517702274612870497e+02,2.952259500000000116e+02
5.518139769283275200e+02,2.952259500000000116e+02
5.519065954808920651e+02,2.952259500000000116e+02
5.519713111935209326e+02,2.952259500000000116e+02
5.520429635004970805e+02,2.952259500000000116e+02
5.521007978055713465e+02,2.952259500000000116e+02
5.521793315201022097e+02,2.952259500000000116e+02
5.522440859846547028e+02,2.952259500000000116e+02
5.523156995397073388e+02,2.952259500000000116e+02
5.522777157534246726e+02,2.952259500000000116e+02
5.524520675593123542e+02,2.952259500000000116e+02
5.525168607757885866e+02,2.952259500000000116e+02
5.525884355789173696e+02,2.952259500000000116e+02
5.526465024616259143e+02,2.952259500000000116e+02
5.527248035985223851e+02,2.952259500000000116e+02
5.527896355669224704e+02,2.952259500000000116e+02
5.528611716181275142e+02,2.952259500000000116e+02
5.529060070648463352e+02,2.952259500000000116e+02
5.529975396377325296e+02,2.952259500000000116e+02
5.530624103580562405e+02,2.952259500000000116e+02
5.531339076573376587e+02,2.952259500000000116e+02
5.531922071176804820e+02,2.952259500000000116e+02
5.532702756769426742e+02,2.952259500000000116e+02
5.533351851491901243e+02,2.952259500000000116e+02
5.534066436965476896e+02,2.952259500000000116e+02
5.534259029612755967e+02,2.952259500000000116e+02
5.535430117161527050e+02,2.952259500000000116e+02
5.536079599403240081e+02,2.952259500000000116e+02
5.536793797357578342e+02,2.952259500000000116e+02
5.537379117737350498e+02,2.952259500000000116e+02
5.538157477553629633e+02,2.952259500000000116e+02
5.538807347314577783e+02,2.952259500000000116e+02
5.539521157749679787e+02,2.952259500000000116e+02
5.539980372013651504e+02,2.952259500000000116e+02
5.540884837945729942e+02,2.952259500000000116e+02
5.541535095225916621e+02,2.952259500000000116e+02
5.542248518141780096e+02,2.952259500000000116e+02
5.542836164297896175e+02,2.952259500000000116e+02
5.543612198337831387e+02,2.952259500000000116e+02
5.544262843137255459e+02,2.952259500000000116e+02
5.544975878533881541e+02,2.952259500000000116e+02
6.385302000000000362e+02,2.744238300000000095e+02
5.546339558729932833e+02,2.916598000000000184e+02
5.546990591048593160e+02,2.916598000000000184e+02
5.547703238925982987e+02,2.916598000000000184e+02
5.548293210858441853e+02,2.916598000000000184e+02
5.549066919122033141e+02,2.916598000000000184e+02
5.549718338959931998e+02,2.916598000000000184e+02
5.550430599318083296e+02,2.916598000000000184e+02
5.550900673378839656e+02,2.916598000000000184e+02
5.551794279514134587e+02,2.891979999999999791e+02
5.552446086871270836e+02,2.891979999999999791e+02
5.553157959710185878e+02,2.891979999999999791e+02
5.553750257418987530e+02,2.891979999999999791e+02
5.554521639906236032e+02,2.891979999999999791e+02
5.555173834782608537e+02,2.891979999999999791e+02
5.555885320102286187e+02,2.891979999999999791e+02
5.556124507744874563e+02,2.891979999999999791e+02
5.557249000298336341e+02,2.891979999999999791e+02
5.557901582693947375e+02,2.891979999999999791e+02
5.558612680494387632e+02,2.891979999999999791e+02
5.559207303979533208e+02,2.891979999999999791e+02
5.559976360690438923e+02,2.891979999999999791e+02
5.560629330605286214e+02,2.891979999999999791e+02
5.561340040886489078e+02,2.891979999999999791e+02
5.561820974744026671e+02,2.891979999999999791e+02
5.562703721082539232e+02,2.891979999999999791e+02
5.563357078516623915e+02,2.891979999999999791e+02
5.564067401278589386e+02,2.891979999999999791e+02
5.564664350540078885e+02,2.891979999999999791e+02
5.565431081474640678e+02,2.891979999999999791e+02
5.566084826427961616e+02,2.891979999999999791e+02
5.566794761670690832e+02,2.891979999999999791e+02
5.566607956164382358e+02,2.891979999999999791e+02
5.568158441866742123e+02,2.891979999999999791e+02
5.568812574339301591e+02,2.891979999999999791e+02
5.569522122062792278e+02,2.891979999999999791e+02
5.570121397100624563e+02,2.891979999999999791e+02
5.570885802258842432e+02,2.891979999999999791e+02
5.571540322250639292e+02,2.891979999999999791e+02
5.572249482454892586e+02,2.891979999999999791e+02
5.572741276109214823e+02,2.891979999999999791e+02
5.573613162650943877e+02,2.891979999999999791e+02
5.574268070161976993e+02,2.891979999999999791e+02
5.574976842846995169e+02,2.891979999999999791e+02
5.575578443661170240e+02,2.891979999999999791e+02
5.576340523043045323e+02,2.891979999999999791e+02
5.576995818073316968e+02,2.891979999999999791e+02
5.577704203239095477e+02,2.891979999999999791e+02
5.577989985876993160e+02,2.891979999999999791e+02
5.579067883435145632e+02,2.891979999999999791e+02
5.579723565984654670e+02,2.891979999999999791e+02
5.580431563631196923e+02,2.891979999999999791e+02
5.581035490221715918e+02,2.891979999999999791e+02
5.581795243827247077e+02,2.891979999999999791e+02
5.582451313895992371e+02,2.891979999999999791e+02
5.583158924023298368e+02,2.891979999999999791e+02
5.583661577474401838e+02,2.891979999999999791e+02
5.584522604219348523e+02,2.891979999999999791e+02
5.585179061807332346e+02,2.891979999999999791e+02
5.585886284415398677e+02,2.891979999999999791e+02
5.586492536782261595e+02,2.891979999999999791e+02
5.587249964611448831e+02,2.891979999999999791e+02
5.587906809718670047e+02,2.891979999999999791e+02
5.588613644807500123e+02,2.891979999999999791e+02
6.387699000000000069e+02,2.756462399999999775e+02
5.589977325003551414e+02,2.877514600000000087e+02
5.590634557630007748e+02,2.877514600000000087e+02
5.591341005199601568e+02,2.877514600000000087e+02
5.591949583342807273e+02,2.877514600000000087e+02
5.592704685395651723e+02,2.877514600000000087e+02
5.593362305541347723e+02,2.877514600000000087e+02
5.594068365591701877e+02,2.877514600000000087e+02
5.594581878839589990e+02,2.877514600000000087e+02
5.595432045787753168e+02,2.877514600000000087e+02
5.596090053452685424e+02,2.877514600000000087e+02
5.596795725983804459e+02,2.877514600000000087e+02
5.597406629903352950e+02,2.877514600000000087e+02
5.598159406179854614e+02,2.877514600000000087e+02
5.598817801364023126e+02,2.877514600000000087e+02
5.599523086375904768e+02,2.877514600000000087e+02
5.599855464009110619e+02,2.877514600000000087e+02
5.600886766571954922e+02,2.877514600000000087e+02
5.601545549275363101e+02,2.877514600000000087e+02
5.602250446768006213e+02,2.877514600000000087e+02
5.602863676463898628e+02,2.877514600000000087e+02
5.603614126964056368e+02,2.877514600000000087e+02
5.604273297186700802e+02,2.877514600000000087e+02
5.604977807160107659e+02,2.877514600000000087e+02
5.605502180204778142e+02,2.877514600000000087e+02
5.606341487356157813e+02,2.877514600000000087e+02
5.607001045098038503e+02,2.877514600000000087e+02
5.607705167552207968e+02,2.877514600000000087e+02
5.608320723024445442e+02,2.877514600000000087e+02
5.609068847748258122e+02,2.877514600000000087e+02
5.609728793009378478e+02,2.877514600000000087e+02
5.610432527944309413e+02,2.877514600000000087e+02
5.610438754794520264e+02,2.877514600000000087e+02
5.611796208140360704e+02,2.877514600000000087e+02
5.612456540920716179e+02,2.877514600000000087e+02
5.613159888336410859e+02,2.877514600000000087e+02
5.613777769584991120e+02,2.877514600000000087e+02
5.614523568532461013e+02,2.877514600000000087e+02
5.615184288832053880e+02,2.877514600000000087e+02
5.615887248728511167e+02,2.877514600000000087e+02
5.616422481569966294e+02,2.877514600000000087e+02
5.617250928924562459e+02,2.877514600000000087e+02
5.617912036743392719e+02,2.877514600000000087e+02
5.618614609120612613e+02,2.877514600000000087e+02
5.619234816145536797e+02,2.877514600000000087e+02
5.619978289316663904e+02,2.877514600000000087e+02
5.620639784654731557e+02,2.877514600000000087e+02
5.621341969512714059e+02,2.877514600000000087e+02
5.621720942141230353e+02,2.877514600000000087e+02
5.622705649708764213e+02,2.877514600000000087e+02
5.623367532566069258e+02,2.877514600000000087e+02
5.624069329904814367e+02,2.877514600000000087e+02
5.624691862706082475e+02,2.877514600000000087e+02
5.625433010100865658e+02,2.877514600000000087e+02
5.626095280477408096e+02,2.877514600000000087e+02
5.626796690296916950e+02,2.877514600000000087e+02
5.627342782935153309e+02,2.877514600000000087e+02
5.628160370492967104e+02,2.877514600000000087e+02
5.628823028388746934e+02,2.877514600000000087e+02
5.629524050689017258e+02,2.877514600000000087e+02
5.630148909266628152e+02,2.877514600000000087e+02
5.630887730885067413e+02,2.877514600000000087e+02
5.631550776300084635e+02,2.877514600000000087e+02
5.632251411081118704e+02,2.877514600000000087e+02
6.425952999999999520e+02,2.805501699999999801e+02
5.633615091277169995e+02,2.908147000000000162e+02
5.634278524211423473e+02,2.908147000000000162e+02
5.634978771473220149e+02,2.908147000000000162e+02
5.635605955827173830e+02,2.908147000000000162e+02
5.636342451669270304e+02,2.908147000000000162e+02
5.637006272122762311e+02,2.908147000000000162e+02
5.637706131865320458e+02,2.908147000000000162e+02
5.638263084300340324e+02,2.908147000000000162e+02
5.639069812061371749e+02,2.908147000000000162e+02
5.639734020034100013e+02,2.908147000000000162e+02
5.640433492257421904e+02,2.908147000000000162e+02
5.641063002387720644e+02,2.908147000000000162e+02
5.641797172453473195e+02,2.908147000000000162e+02
5.642461767945438851e+02,2.908147000000000162e+02
5.643160852649523349e+02,2.908147000000000162e+02
5.643586420273347812e+02,2.908147000000000162e+02
5.644524532845573503e+02,2.908147000000000162e+02
5.645189515856777689e+02,2.908147000000000162e+02
5.645888213041623658e+02,2.908147000000000162e+02
5.646520048948266322e+02,2.908147000000000162e+02
5.647251893237674949e+02,2.908147000000000162e+02
5.647917263768115390e+02,2.908147000000000162e+02
5.648615573433726240e+02,2.908147000000000162e+02
5.649183385665528476e+02,2.908147000000000162e+02
5.649979253629776395e+02,2.908147000000000162e+02
5.650645011679454228e+02,2.908147000000000162e+02
5.651342933825826549e+02,2.908147000000000162e+02
5.651977095508811999e+02,2.908147000000000162e+02
5.652706614021876703e+02,2.908147000000000162e+02
5.653372759590793066e+02,2.908147000000000162e+02
5.654070294217927994e+02,2.908147000000000162e+02
5.654269553424657033e+02,2.908147000000000162e+02
5.655433974413978149e+02,2.908147000000000162e+02
5.656100507502130768e+02,2.908147000000000162e+02
5.656797654610029440e+02,2.908147000000000162e+02
5.657434142069357677e+02,2.908147000000000162e+02
5.658161334806079594e+02,2.908147000000000162e+02
5.658828255413469606e+02,2.908147000000000162e+02
5.659525015002129749e+02,2.908147000000000162e+02
5.660103687030716628e+02,2.908147000000000162e+02
5.660888695198179903e+02,2.908147000000000162e+02
5.661556003324808444e+02,2.908147000000000162e+02
5.662252375394231194e+02,2.908147000000000162e+02
5.662891188629903354e+02,2.908147000000000162e+02
5.663616055590282485e+02,2.908147000000000162e+02
5.664283751236146145e+02,2.908147000000000162e+02
5.664979735786332640e+02,2.908147000000000162e+02
5.665451898405467546e+02,2.908147000000000162e+02
5.666343415982382794e+02,2.908147000000000162e+02
5.667011499147484983e+02,2.908147000000000162e+02
5.667707096178432948e+02,2.908147000000000162e+02
5.668348235190449032e+02,2.908147000000000162e+02
5.669070776374484240e+02,2.908147000000000162e+02
5.669739247058823821e+02,2.908147000000000162e+02
5.670434456570535531e+02,2.908147000000000162e+02
5.671023988395904780e+02,2.908147000000000162e+02
5.671798136766585685e+02,2.908147000000000162e+02
5.672466994970161522e+02,2.908147000000000162e+02
5.673161816962635839e+02,2.908147000000000162e+02
5.673805281750994709e+02,2.908147000000000162e+02
5.674525497158685994e+02,2.908147000000000162e+02
5.675194742881500360e+02,2.908147000000000162e+02
5.675889177354737285e+02,2.908147000000000162e+02
6.544225999999999885e+02,2.919332299999999805e+02
5.677252857550787439e+02,2.908147000000000162e+02
5.677922490792839199e+02,2.908147000000000162e+02
5.678616537746838731e+02,2.908147000000000162e+02
5.679262328311540386e+02,2.908147000000000162e+02
5.679980217942888885e+02,2.908147000000000162e+02
5.680650238704176900e+02,2.908147000000000162e+02
5.681343898138939039e+02,2.908147000000000162e+02
5.681944289761091795e+02,2.908147000000000162e+02
5.682707578334989194e+02,2.908147000000000162e+02
5.683377986615515738e+02,2.908147000000000162e+02
5.684071258531040485e+02,2.908147000000000162e+02
5.684719374872086064e+02,2.908147000000000162e+02
5.685434938727091776e+02,2.908147000000000162e+02
5.686105734526854576e+02,2.908147000000000162e+02
5.686798618923141930e+02,2.908147000000000162e+02
5.687317376537585005e+02,2.908147000000000162e+02
5.688162299119192085e+02,2.908147000000000162e+02
5.688833482438192277e+02,2.908147000000000162e+02
5.689525979315242239e+02,2.908147000000000162e+02
5.690176421432631741e+02,2.908147000000000162e+02
5.690889659511293530e+02,2.908147000000000162e+02
5.691561230349531115e+02,2.908147000000000162e+02
5.692253339707343684e+02,2.908147000000000162e+02
5.692864591126278810e+02,2.908147000000000162e+02
5.693617019903394976e+02,2.908147000000000162e+02
5.694288978260869953e+02,2.908147000000000162e+02
5.694980700099445130e+02,2.908147000000000162e+02
5.695633467993177419e+02,2.908147000000000162e+02
5.696344380295495284e+02,2.908147000000000162e+02
5.697016726172207655e+02,2.908147000000000162e+02
5.697708060491545439e+02,2.908147000000000162e+02
5.698100352054793802e+02,2.908147000000000162e+02
5.699071740687596730e+02,2.908147000000000162e+02
5.699744474083546493e+02,2.908147000000000162e+02
5.700435420883648021e+02,2.908147000000000162e+02
5.701090514553723096e+02,2.908147000000000162e+02
5.701799101079698175e+02,2.908147000000000162e+02
5.702472221994885331e+02,2.908147000000000162e+02
5.703162781275748330e+02,2.908147000000000162e+02
5.703784892491466962e+02,2.908147000000000162e+02
5.704526461471798484e+02,2.908147000000000162e+02
5.705199969906223032e+02,2.908147000000000162e+02
5.705890141667849775e+02,2.908147000000000162e+02
5.706547561114268774e+02,2.908147000000000162e+02
5.707253821863901067e+02,2.908147000000000162e+02
5.707927717817561870e+02,2.908147000000000162e+02
5.708617502059951221e+02,2.908147000000000162e+02
5.709182854669703602e+02,2.908147000000000162e+02
5.709981182256001375e+02,2.908147000000000162e+02
5.710655465728900708e+02,2.908147000000000162e+02
5.711344862452051530e+02,2.908147000000000162e+02
5.712004607674814451e+02,2.908147000000000162e+02
5.712708542648101684e+02,2.908147000000000162e+02
5.713383213640238409e+02,2.908147000000000162e+02
5.714072222844152975e+02,2.908147000000000162e+02
5.714705193856655114e+02,2.908147000000000162e+02
5.715435903040204266e+02,2.908147000000000162e+02
5.716110961551577248e+02,2.908147000000000162e+02
5.716799583236254421e+02,2.908147000000000162e+02
5.717461654235360129e+02,2.908147000000000162e+02
5.718163263432304575e+02,2.908147000000000162e+02
5.718838709462916086e+02,2.908147000000000162e+02
5.719526943628354729e+02,2.908147000000000162e+02
6.698868999999999687e+02,3.029312699999999836e+02
5.720890623824406021e+02,3.005455299999999852e+02
5.721566457374253787e+02,3.005455299999999852e+02
5.722254304020457312e+02,3.005455299999999852e+02
5.722918700795905806e+02,3.005455299999999852e+02
5.723617984216507466e+02,3.005455299999999852e+02
5.724294205285592625e+02,3.005455299999999852e+02
5.724981664412557620e+02,3.005455299999999852e+02
5.725625495221843266e+02,3.005455299999999852e+02
5.726345344608607775e+02,3.005455299999999852e+02
5.727021953196931463e+02,3.005455299999999852e+02
5.727709024804659066e+02,3.005455299999999852e+02
5.728375747356451484e+02,3.005455299999999852e+02
5.729072705000709220e+02,3.005455299999999852e+02
5.729749701108269164e+02,3.005455299999999852e+02
5.730436385196760511e+02,3.005455299999999852e+02
5.731048332801822198e+02,3.005455299999999852e+02
5.731800065392810666e+02,3.005455299999999852e+02
5.732477449019608002e+02,3.005455299999999852e+02
5.733163745588860820e+02,3.005455299999999852e+02
5.733832793916997161e+02,3.005455299999999852e+02
5.734527425784910974e+02,3.005455299999999852e+02
5.735205196930946840e+02,3.005455299999999852e+02
5.735891105980962266e+02,3.005455299999999852e+02
5.736545796587030281e+02,3.005455299999999852e+02
5.737254786177013557e+02,3.005455299999999852e+02
5.737932944842284542e+02,3.005455299999999852e+02
5.738618466373063711e+02,3.005455299999999852e+02
5.739289840477542839e+02,3.005455299999999852e+02
5.739982146569113866e+02,3.005455299999999852e+02
5.740660692753623380e+02,3.005455299999999852e+02
5.741345826765164020e+02,3.005455299999999852e+02
5.741931150684931708e+02,3.005455299999999852e+02
5.742709506961215311e+02,3.005455299999999852e+02
5.743388440664962218e+02,3.005455299999999852e+02
5.744073187157266602e+02,3.005455299999999852e+02
5.744746887038088516e+02,3.005455299999999852e+02
5.745436867353316757e+02,3.005455299999999852e+02
5.746116188576299919e+02,3.005455299999999852e+02
5.746800547549366911e+02,3.005455299999999852e+02
5.747466097952217297e+02,3.005455299999999852e+02
5.748164227745417065e+02,3.005455299999999852e+02
5.748843936487638757e+02,3.005455299999999852e+02
5.749527907941467220e+02,3.005455299999999852e+02
5.750203933598635331e+02,3.005455299999999852e+02
5.750891588137518511e+02,3.005455299999999852e+02
5.751571684398977595e+02,3.005455299999999852e+02
5.752255268333569802e+02,3.005455299999999852e+02
5.752913810933940795e+02,3.005455299999999852e+02
5.753618948529619956e+02,3.005455299999999852e+02
5.754299432310315296e+02,3.005455299999999852e+02
5.754982628725670111e+02,3.005455299999999852e+02
5.755660980159181008e+02,3.005455299999999852e+02
5.756346308921720265e+02,3.005455299999999852e+02
5.757027180221652998e+02,3.005455299999999852e+02
5.757709989117771556e+02,3.005455299999999852e+02
5.758386399317405449e+02,3.005455299999999852e+02
5.759073669313822847e+02,3.005455299999999852e+02
5.759754928132992973e+02,3.005455299999999852e+02
5.760437349509873002e+02,3.005455299999999852e+02
5.761118026719726686e+02,3.005455299999999852e+02
5.761801029705923156e+02,3.005455299999999852e+02
5.762482676044330674e+02,3.005455299999999852e+02
5.763164709901973310e+02,3.005455299999999852e+02
6.864337000000000444e+02,3.129743700000000217e+02
5.764528390098024602e+02,3.005455299999999852e+02
5.765210423955668375e+02,3.005455299999999852e+02
5.765892070294074756e+02,3.005455299999999852e+02
5.766575073280272363e+02,3.005455299999999852e+02
5.767255750490126047e+02,3.005455299999999852e+02
5.767938171867008350e+02,3.005455299999999852e+02
5.768619430686176202e+02,3.005455299999999852e+02
5.769306700682593601e+02,3.005455299999999852e+02
5.769983110882226356e+02,3.005455299999999852e+02
5.770665919778346051e+02,3.005455299999999852e+02
5.771346791078276510e+02,3.005455299999999852e+02
5.772032119840818041e+02,3.005455299999999852e+02
5.772710471274327801e+02,3.005455299999999852e+02
5.773393667689683753e+02,3.005455299999999852e+02
5.774074151470379093e+02,3.005455299999999852e+02
5.774779289066059391e+02,3.005455299999999852e+02
5.775437831666429247e+02,3.005455299999999852e+02
5.776121415601023728e+02,3.005455299999999852e+02
5.776801511862479401e+02,3.005455299999999852e+02
5.777489166401363718e+02,3.005455299999999852e+02
5.778165192058529556e+02,3.005455299999999852e+02
5.778849163512361429e+02,3.005455299999999852e+02
5.779528872254580847e+02,3.005455299999999852e+02
5.780227002047781752e+02,3.005455299999999852e+02
5.780892552450632138e+02,3.005455299999999852e+02
5.781576911423699130e+02,3.005455299999999852e+02
5.782256232646682292e+02,3.005455299999999852e+02
5.782946212961910533e+02,3.005455299999999852e+02
5.783619912842732447e+02,3.005455299999999852e+02
5.784304659335039105e+02,3.005455299999999852e+02
5.784983593038782601e+02,3.005455299999999852e+02
5.785761949315067341e+02,3.005455299999999852e+02
5.786347273234832755e+02,3.005455299999999852e+02
5.787032407246376806e+02,3.005455299999999852e+02
5.787710953430884047e+02,3.005455299999999852e+02
5.788403259522456210e+02,3.005455299999999852e+02
5.789074633626935338e+02,3.005455299999999852e+02
5.789760155157714507e+02,3.005455299999999852e+02
5.790438313822985492e+02,3.005455299999999852e+02
5.791147303412968768e+02,3.005455299999999852e+02
5.791801994019035646e+02,3.005455299999999852e+02
5.792487903069054482e+02,3.005455299999999852e+02
5.793165674215085801e+02,3.005455299999999852e+02
5.793860306083001888e+02,3.005455299999999852e+02
5.794529354411137092e+02,3.005455299999999852e+02
5.795215650980392184e+02,3.005455299999999852e+02
5.795893034607188383e+02,3.005455299999999852e+02
5.796644767198176851e+02,3.005455299999999852e+02
5.797256714803238538e+02,3.005455299999999852e+02
5.797943398891729885e+02,3.005455299999999852e+02
5.798620394999288692e+02,3.005455299999999852e+02
5.799317352643547565e+02,3.005455299999999852e+02
5.799984075195338846e+02,3.005455299999999852e+02
5.800671146803069860e+02,3.005455299999999852e+02
5.801347755391390137e+02,3.005455299999999852e+02
5.802067604778155783e+02,3.005455299999999852e+02
5.802711435587440292e+02,3.005455299999999852e+02
5.803398894714407561e+02,3.005455299999999852e+02
5.804075115783491583e+02,3.005455299999999852e+02
5.804774399204093243e+02,3.005455299999999852e+02
5.805438795979541737e+02,3.005455299999999852e+02
5.806126642625745262e+02,3.005455299999999852e+02
5.806802476175591892e+02,3.005455299999999852e+02
7.039635600000000295e+02,3.206410999999999945e+02
5.808166156371642046e+02,3.005455299999999852e+02
5.808854390537084100e+02,3.005455299999999852e+02
5.809529836567693337e+02,3.005455299999999852e+02
5.810231445764638920e+02,3.005455299999999852e+02
5.810893516763744628e+02,3.005455299999999852e+02
5.811582138448422938e+02,3.005455299999999852e+02
5.812257196959794783e+02,3.005455299999999852e+02
5.812987906143343935e+02,3.005455299999999852e+02
5.813620877155844937e+02,3.005455299999999852e+02
5.814309886359760640e+02,3.005455299999999852e+02
5.814984557351895091e+02,3.005455299999999852e+02
5.815688492325184598e+02,3.005455299999999852e+02
5.816348237547946383e+02,3.005455299999999852e+02
5.817037634271099478e+02,3.005455299999999852e+02
5.817711917743996537e+02,3.005455299999999852e+02
5.818510245330296584e+02,3.005455299999999852e+02
5.819075597940047828e+02,3.005455299999999852e+02
5.819765382182438316e+02,3.005455299999999852e+02
5.820439278136097982e+02,3.005455299999999852e+02
5.821145538885730275e+02,3.005455299999999852e+02
5.821802958332148137e+02,3.005455299999999852e+02
5.822493130093776017e+02,3.005455299999999852e+02
5.823166638528198291e+02,3.005455299999999852e+02
5.823908207508532087e+02,3.005455299999999852e+02
5.824530318724249582e+02,3.005455299999999852e+02
5.825220878005114855e+02,3.005455299999999852e+02
5.825893998920300874e+02,3.005455299999999852e+02
5.826602585446275953e+02,3.005455299999999852e+02
5.827257679116351028e+02,3.005455299999999852e+02
5.827948625916453693e+02,3.005455299999999852e+02
5.828621359312401182e+02,3.005455299999999852e+02
5.829592747945205247e+02,3.005455299999999852e+02
5.829985039508451337e+02,3.005455299999999852e+02
5.830676373827791394e+02,3.005455299999999852e+02
5.831348719704502628e+02,3.005455299999999852e+02
5.832059632006821630e+02,3.005455299999999852e+02
5.832712399900553919e+02,3.005455299999999852e+02
5.833404121739130233e+02,3.005455299999999852e+02
5.834076080096604073e+02,3.005455299999999852e+02
5.834828508873720239e+02,3.005455299999999852e+02
5.835439760292654228e+02,3.005455299999999852e+02
5.836131869650469071e+02,3.005455299999999852e+02
5.836803440488704382e+02,3.005455299999999852e+02
5.837516678567367308e+02,3.005455299999999852e+02
5.838167120684755673e+02,3.005455299999999852e+02
5.838859617561806772e+02,3.005455299999999852e+02
5.839530800880805828e+02,3.005455299999999852e+02
5.840375723462414044e+02,3.005455299999999852e+02
5.840894481076857119e+02,3.005455299999999852e+02
5.841587365473145610e+02,3.005455299999999852e+02
5.842258161272907273e+02,3.005455299999999852e+02
5.842973725127912985e+02,3.005455299999999852e+02
5.843621841468957427e+02,3.005455299999999852e+02
5.844315113384484448e+02,3.005455299999999852e+02
5.844985521665007582e+02,3.005455299999999852e+02
5.845748810238907254e+02,3.005455299999999852e+02
5.846349201861058873e+02,3.005455299999999852e+02
5.847042861295822149e+02,3.005455299999999852e+02
5.847712882057110164e+02,3.005455299999999852e+02
5.848430771688458663e+02,3.005455299999999852e+02
5.849076562253160319e+02,3.005455299999999852e+02
5.849770609207160987e+02,3.005455299999999852e+02
5.850440242449210473e+02,3.005455299999999852e+02
7.206942999999999984e+02,3.245356400000000008e+02
5.851803922645260627e+02,3.168669399999999996e+02
5.852498357118499825e+02,3.168669399999999996e+02
5.853167602841311918e+02,3.168669399999999996e+02
5.853887818249004340e+02,3.168669399999999996e+02
5.854531283037362073e+02,3.168669399999999996e+02
5.855226105029837527e+02,3.168669399999999996e+02
5.855894963233413364e+02,3.168669399999999996e+02
5.856669111604095406e+02,3.168669399999999996e+02
5.857258643429463518e+02,3.168669399999999996e+02
5.857953852941176365e+02,3.168669399999999996e+02
5.858622323625513673e+02,3.168669399999999996e+02
5.859344864809550018e+02,3.168669399999999996e+02
5.859986003821563827e+02,3.168669399999999996e+02
5.860681600852515203e+02,3.168669399999999996e+02
5.861349684017615118e+02,3.168669399999999996e+02
5.862241201594532640e+02,3.168669399999999996e+02
5.862713364213666409e+02,3.168669399999999996e+02
5.863409348763852904e+02,3.168669399999999996e+02
5.864077044409716564e+02,3.168669399999999996e+02
5.864801911370095695e+02,3.168669399999999996e+02
5.865440724605766718e+02,3.168669399999999996e+02
5.866137096675191742e+02,3.168669399999999996e+02
5.866804404801816872e+02,3.168669399999999996e+02
5.867589412969282421e+02,3.168669399999999996e+02
5.868168084997868164e+02,3.168669399999999996e+02
5.868864844586530580e+02,3.168669399999999996e+02
5.869531765193919455e+02,3.168669399999999996e+02
5.870258957930641373e+02,3.168669399999999996e+02
5.870895445389969609e+02,3.168669399999999996e+02
5.871592592497868281e+02,3.168669399999999996e+02
5.872259125586019763e+02,3.168669399999999996e+02
5.873423546575342016e+02,3.168669399999999996e+02
5.873622805782069918e+02,3.168669399999999996e+02
5.874320340409207120e+02,3.168669399999999996e+02
5.874986485978121209e+02,3.168669399999999996e+02
5.875716004491187050e+02,3.168669399999999996e+02
5.876350166174171363e+02,3.168669399999999996e+02
5.877048088320545958e+02,3.168669399999999996e+02
5.877713846370222655e+02,3.168669399999999996e+02
5.878509714334470573e+02,3.168669399999999996e+02
5.879077526566272809e+02,3.168669399999999996e+02
5.879775836231883659e+02,3.168669399999999996e+02
5.880441206762322963e+02,3.168669399999999996e+02
5.881173051051732728e+02,3.168669399999999996e+02
5.881804886958373118e+02,3.168669399999999996e+02
5.882503584143222497e+02,3.168669399999999996e+02
5.883168567154424409e+02,3.168669399999999996e+02
5.884106679726651237e+02,3.168669399999999996e+02
5.884532247350475700e+02,3.168669399999999996e+02
5.885231332054561335e+02,3.168669399999999996e+02
5.885895927546525854e+02,3.168669399999999996e+02
5.886630097612278405e+02,3.168669399999999996e+02
5.887259607742576009e+02,3.168669399999999996e+02
5.887959079965899036e+02,3.168669399999999996e+02
5.888623287938626163e+02,3.168669399999999996e+02
5.889430015699658725e+02,3.168669399999999996e+02
5.889986968134677454e+02,3.168669399999999996e+02
5.890686827877237874e+02,3.168669399999999996e+02
5.891350648330727608e+02,3.168669399999999996e+02
5.892087144172825219e+02,3.168669399999999996e+02
5.892714328526778900e+02,3.168669399999999996e+02
5.893414575788576713e+02,3.168669399999999996e+02
5.894078008722829054e+02,3.168669399999999996e+02
7.358631599999999935e+02,3.250686000000000035e+02
5.895441688918879208e+02,3.168669399999999996e+02
5.896142323699914414e+02,3.168669399999999996e+02
5.896805369114929363e+02,3.168669399999999996e+02
5.897544190733370897e+02,3.168669399999999996e+02
5.898169049310980654e+02,3.168669399999999996e+02
5.898870071611253252e+02,3.168669399999999996e+02
5.899532729507031945e+02,3.168669399999999996e+02
5.900350317064845740e+02,3.168669399999999996e+02
5.900896409703082099e+02,3.168669399999999996e+02
5.901597819522592090e+02,3.168669399999999996e+02
5.902260089899132254e+02,3.168669399999999996e+02
5.903001237293916574e+02,3.168669399999999996e+02
5.903623770095182408e+02,3.168669399999999996e+02
5.904325567433929791e+02,3.168669399999999996e+02
5.904987450291233699e+02,3.168669399999999996e+02
5.905972157858769833e+02,3.168669399999999996e+02
5.906351130487284991e+02,3.168669399999999996e+02
5.907053315345268629e+02,3.168669399999999996e+02
5.907714810683335145e+02,3.168669399999999996e+02
5.908458283854462252e+02,3.168669399999999996e+02
5.909078490879385299e+02,3.168669399999999996e+02
5.909781063256607467e+02,3.168669399999999996e+02
5.910442171075435454e+02,3.168669399999999996e+02
5.911270618430033892e+02,3.168669399999999996e+02
5.911805851271486745e+02,3.168669399999999996e+02
5.912508811167945169e+02,3.168669399999999996e+02
5.913169531467536899e+02,3.168669399999999996e+02
5.913915330415007929e+02,3.168669399999999996e+02
5.914533211663588190e+02,3.168669399999999996e+02
5.915236559079284007e+02,3.168669399999999996e+02
5.915896891859638345e+02,3.168669399999999996e+02
5.917254345205478785e+02,3.168669399999999996e+02
5.917260572055688499e+02,3.168669399999999996e+02
5.917964306990622845e+02,3.168669399999999996e+02
5.918624252251738653e+02,3.168669399999999996e+02
5.919372376975553607e+02,3.168669399999999996e+02
5.919987932447789944e+02,3.168669399999999996e+02
5.920692054901960546e+02,3.168669399999999996e+02
5.921351612643841236e+02,3.168669399999999996e+02
5.922190919795220907e+02,3.168669399999999996e+02
5.922715292839891390e+02,3.168669399999999996e+02
5.923419802813299384e+02,3.168669399999999996e+02
5.924078973035941544e+02,3.168669399999999996e+02
5.924829423536099284e+02,3.168669399999999996e+02
5.925442653231991699e+02,3.168669399999999996e+02
5.926147550724638222e+02,3.168669399999999996e+02
5.926806333428042990e+02,3.168669399999999996e+02
5.927837635990888430e+02,3.168669399999999996e+02
5.928170013624093144e+02,3.168669399999999996e+02
5.928875298635975923e+02,3.168669399999999996e+02
5.929533693820144435e+02,3.168669399999999996e+02
5.930286470096646099e+02,3.168669399999999996e+02
5.930897374016194590e+02,3.168669399999999996e+02
5.931603046547314761e+02,3.168669399999999996e+02
5.932261054212244744e+02,3.168669399999999996e+02
5.933111221160409059e+02,3.168669399999999996e+02
5.933624734408294898e+02,3.168669399999999996e+02
5.934330794458653600e+02,3.168669399999999996e+02
5.934988414604346190e+02,3.168669399999999996e+02
5.935743516657191776e+02,3.168669399999999996e+02
5.936352094800397481e+02,3.168669399999999996e+02
5.937058542369991301e+02,3.168669399999999996e+02
5.937715774996447635e+02,3.168669399999999996e+02
7.483417399999999589e+02,3.226471000000000231e+02
5.939079455192497790e+02,3.168669399999999996e+02
5.939786290281330139e+02,3.168669399999999996e+02
5.940443135388547944e+02,3.168669399999999996e+02
5.941200563217737454e+02,3.168669399999999996e+02
5.941806815584599235e+02,3.168669399999999996e+02
5.942514038192668977e+02,3.168669399999999996e+02
5.943170495780650526e+02,3.168669399999999996e+02
5.944031522525597211e+02,3.168669399999999996e+02
5.944534175976700681e+02,3.168669399999999996e+02
5.945241786104006678e+02,3.168669399999999996e+02
5.945897856172750835e+02,3.168669399999999996e+02
5.946657609778283131e+02,3.168669399999999996e+02
5.947261536368800989e+02,3.168669399999999996e+02
5.947969534015345516e+02,3.168669399999999996e+02
5.948625216564852280e+02,3.168669399999999996e+02
5.949703114123005889e+02,3.168669399999999996e+02
5.949988896760902435e+02,3.168669399999999996e+02
5.950697281926684354e+02,3.168669399999999996e+02
5.951352576956953726e+02,3.168669399999999996e+02
5.952114656338828809e+02,3.168669399999999996e+02
5.952716257153003880e+02,3.168669399999999996e+02
5.953425029838022056e+02,3.168669399999999996e+02
5.954079937349054035e+02,3.168669399999999996e+02
5.954951823890785363e+02,3.168669399999999996e+02
5.955443617545104189e+02,3.168669399999999996e+02
5.956152777749359757e+02,3.168669399999999996e+02
5.956807297741155480e+02,3.168669399999999996e+02
5.957571702899374486e+02,3.168669399999999996e+02
5.958170977937206771e+02,3.168669399999999996e+02
5.958880525660699732e+02,3.168669399999999996e+02
5.959534658133256926e+02,3.168669399999999996e+02
5.961085143835616691e+02,3.168669399999999996e+02
5.960898338329307080e+02,3.168669399999999996e+02
5.961608273572037433e+02,3.168669399999999996e+02
5.962262018525357234e+02,3.168669399999999996e+02
5.963028749459920164e+02,3.168669399999999996e+02
5.963625698721408526e+02,3.168669399999999996e+02
5.964336021483375134e+02,3.168669399999999996e+02
5.964989378917458680e+02,3.168669399999999996e+02
5.965872125255972378e+02,3.168669399999999996e+02
5.966353059113509971e+02,3.168669399999999996e+02
5.967063769394715109e+02,3.168669399999999996e+02
5.967716739309560126e+02,3.168669399999999996e+02
5.968485796020465841e+02,3.168669399999999996e+02
5.969080419505610280e+02,3.168669399999999996e+02
5.969791517306052810e+02,3.168669399999999996e+02
5.970444099701660434e+02,3.168669399999999996e+02
5.971568592255125623e+02,3.168669399999999996e+02
5.971807779897711725e+02,3.168669399999999996e+02
5.972519265217390512e+02,3.168669399999999996e+02
5.973171460093763017e+02,3.168669399999999996e+02
5.973942842581011519e+02,3.168669399999999996e+02
5.974535140289813171e+02,3.168669399999999996e+02
5.975247013128730487e+02,3.168669399999999996e+02
5.975898820485863325e+02,3.168669399999999996e+02
5.976792426621159393e+02,3.168669399999999996e+02
5.977262500681913480e+02,3.168669399999999996e+02
5.977974761040068188e+02,3.168669399999999996e+02
5.978626180877964771e+02,3.168669399999999996e+02
5.979399889141557196e+02,3.168669399999999996e+02
5.979989861074016062e+02,3.168669399999999996e+02
5.980702508951405889e+02,3.168669399999999996e+02
5.981353541270066216e+02,3.168669399999999996e+02
7.585787400000000389e+02,3.171621000000000095e+02
5.982717221466116371e+02,3.343321500000000128e+02
5.983430256862745864e+02,3.343321500000000128e+02
5.984080901662166525e+02,3.343321500000000128e+02
5.984856935702102874e+02,3.343321500000000128e+02
5.985444581858217816e+02,3.343321500000000128e+02
5.986158004774083565e+02,3.343321500000000128e+02
5.986808262054267971e+02,3.343321500000000128e+02
5.987712727986347545e+02,3.343321500000000128e+02
5.988171942250319262e+02,3.343321500000000128e+02
5.988885752685421267e+02,3.343321500000000128e+02
5.989535622446369416e+02,3.343321500000000128e+02
5.990313982262648551e+02,3.343321500000000128e+02
5.990899302642419570e+02,3.343321500000000128e+02
5.991613500596761241e+02,3.343321500000000128e+02
5.992262982838469725e+02,3.343321500000000128e+02
5.993434070387243082e+02,3.343321500000000128e+02
5.993626663034521016e+02,3.343321500000000128e+02
5.994341248508098943e+02,3.343321500000000128e+02
5.994990343230572307e+02,3.343321500000000128e+02
5.995771028823194229e+02,3.343321500000000128e+02
5.996354023426622462e+02,3.343321500000000128e+02
5.997068996419436644e+02,3.343321500000000128e+02
5.997717703622672616e+02,3.343321500000000128e+02
5.998633029351535697e+02,3.343321500000000128e+02
5.999081383818722770e+02,3.343321500000000128e+02
5.999796744330775482e+02,3.343321500000000128e+02
6.000445064014774061e+02,3.343321500000000128e+02
6.001228075383739906e+02,3.343321500000000128e+02
6.001808744210824216e+02,3.343321500000000128e+02
6.002524492242114320e+02,3.343321500000000128e+02
6.003172424406875507e+02,3.343321500000000128e+02
6.004915942465752323e+02,3.343321500000000128e+02
6.004536104602925661e+02,3.343321500000000128e+02
6.005252240153452021e+02,3.343321500000000128e+02
6.005899784798975816e+02,3.343321500000000128e+02
6.006685121944285584e+02,3.343321500000000128e+02
6.007263464995025970e+02,3.343321500000000128e+02
6.007979988064790859e+02,3.343321500000000128e+02
6.008627145191077261e+02,3.343321500000000128e+02
6.009553330716723849e+02,3.343321500000000128e+02
6.009990825387128552e+02,3.343321500000000128e+02
6.010707735976129698e+02,3.343321500000000128e+02
6.011354505583178707e+02,3.343321500000000128e+02
6.012142168504831261e+02,3.343321500000000128e+02
6.012718185779228861e+02,3.343321500000000128e+02
6.013435483887467399e+02,3.343321500000000128e+02
6.014081865975279015e+02,3.343321500000000128e+02
6.015299548519361679e+02,3.343321500000000128e+02
6.015445546171330307e+02,3.343321500000000128e+02
6.016163231798806237e+02,3.343321500000000128e+02
6.016809226367381598e+02,3.343321500000000128e+02
6.017599215065376939e+02,3.343321500000000128e+02
6.018172906563431752e+02,3.343321500000000128e+02
6.018890979710145075e+02,3.343321500000000128e+02
6.019536586759481906e+02,3.343321500000000128e+02
6.020473632081910864e+02,3.343321500000000128e+02
6.020900266955532061e+02,3.343321500000000128e+02
6.021618727621482776e+02,3.343321500000000128e+02
6.022263947151583352e+02,3.343321500000000128e+02
6.023056261625922616e+02,3.343321500000000128e+02
6.023627627347633506e+02,3.343321500000000128e+02
6.024346475532821614e+02,3.343321500000000128e+02
6.024991307543684798e+02,3.343321500000000128e+02
7.678957500000000209e+02,3.089096700000000055e+02
6.026354987739734952e+02,3.343321500000000128e+02
6.027074223444160452e+02,3.343321500000000128e+02
6.027718667935785106e+02,3.343321500000000128e+02
6.028513308186468294e+02,3.343321500000000128e+02
6.029082348131835261e+02,3.343321500000000128e+02
6.029801971355498154e+02,3.343321500000000128e+02
6.030446028327886552e+02,3.343321500000000128e+02
6.031393933447097879e+02,3.343321500000000128e+02
6.031809708523937843e+02,3.343321500000000128e+02
6.032529719266836992e+02,3.343321500000000128e+02
6.033173388719987997e+02,3.343321500000000128e+02
6.033970354747015108e+02,3.343321500000000128e+02
6.034537068916038152e+02,3.343321500000000128e+02
6.035257467178175830e+02,3.343321500000000128e+02
6.035900749112088306e+02,3.343321500000000128e+02
6.037165026651480275e+02,3.343321500000000128e+02
6.037264429308139597e+02,3.343321500000000128e+02
6.037985215089513531e+02,3.343321500000000128e+02
6.038628109504189752e+02,3.343321500000000128e+02
6.039427401307560785e+02,3.343321500000000128e+02
6.039991789700241043e+02,3.343321500000000128e+02
6.040712963000852369e+02,3.343321500000000128e+02
6.041355469896291197e+02,3.343321500000000128e+02
6.042314234812286031e+02,3.343321500000000128e+02
6.042719150092341351e+02,3.343321500000000128e+02
6.043440710912191207e+02,3.343321500000000128e+02
6.044082830288391506e+02,3.343321500000000128e+02
6.044884447868106463e+02,3.343321500000000128e+02
6.045446510484442797e+02,3.343321500000000128e+02
6.046168458823528908e+02,3.343321500000000128e+02
6.046810190680494088e+02,3.343321500000000128e+02
6.048746741095890229e+02,3.343321500000000128e+02
6.048173870876544242e+02,3.343321500000000128e+02
6.048896206734867746e+02,3.343321500000000128e+02
6.049537551072594397e+02,3.343321500000000128e+02
6.050341494428652140e+02,3.343321500000000128e+02
6.050901231268644551e+02,3.343321500000000128e+02
6.051623954646206585e+02,3.343321500000000128e+02
6.052264911464695842e+02,3.343321500000000128e+02
6.053234536177474183e+02,3.343321500000000128e+02
6.053628591660747134e+02,3.343321500000000128e+02
6.054351702557544286e+02,3.343321500000000128e+02
6.054992271856797288e+02,3.343321500000000128e+02
6.055798540989197818e+02,3.343321500000000128e+02
6.056355952052847442e+02,3.343321500000000128e+02
6.057079450468883124e+02,3.343321500000000128e+02
6.057719632248897597e+02,3.343321500000000128e+02
6.059030504783598872e+02,3.343321500000000128e+02
6.059083312444948888e+02,3.343321500000000128e+02
6.059807198380221962e+02,3.343321500000000128e+02
6.060446992640999042e+02,3.343321500000000128e+02
6.061255587549743495e+02,3.343321500000000128e+02
6.061810672837050333e+02,3.343321500000000128e+02
6.062534946291559663e+02,3.343321500000000128e+02
6.063174353033100488e+02,3.343321500000000128e+02
6.064154837542662335e+02,3.343321500000000128e+02
6.064538033229150642e+02,3.343321500000000128e+02
6.065262694202898501e+02,3.343321500000000128e+02
6.065901713425200796e+02,3.343321500000000128e+02
6.066712634110289173e+02,3.343321500000000128e+02
6.067265393621252088e+02,3.343321500000000128e+02
6.067990442114237339e+02,3.343321500000000128e+02
6.068629073817303379e+02,3.343321500000000128e+02
7.815099000000000160e+02,2.938610800000000154e+02
6.069992754013353533e+02,3.508841600000000085e+02
6.070718190025575041e+02,3.508841600000000085e+02
6.071356434209403687e+02,3.508841600000000085e+02
6.072169680670835987e+02,3.508841600000000085e+02
6.072720114405453842e+02,3.508841600000000085e+02
6.073445937936913879e+02,3.508841600000000085e+02
6.074083794601505133e+02,3.508841600000000085e+02
6.075075138907849350e+02,3.508841600000000085e+02
6.075447474797555287e+02,3.508841600000000085e+02
6.076173685848252717e+02,3.508841600000000085e+02
6.076811154993606579e+02,3.508841600000000085e+02
6.077626727231381665e+02,3.508841600000000085e+02
6.078174835189656733e+02,3.508841600000000085e+02
6.078901433759590418e+02,3.508841600000000085e+02
6.079538515385706887e+02,3.508841600000000085e+02
6.080895982915717468e+02,3.508841600000000085e+02
6.080902195581757042e+02,3.508841600000000085e+02
6.081629181670929256e+02,3.508841600000000085e+02
6.082265875777808333e+02,3.508841600000000085e+02
6.083083773791927342e+02,3.508841600000000085e+02
6.083629555973859624e+02,3.508841600000000085e+02
6.084356929582268094e+02,3.508841600000000085e+02
6.084993236169909778e+02,3.508841600000000085e+02
6.085995440273037502e+02,3.508841600000000085e+02
6.086356916365959933e+02,3.508841600000000085e+02
6.087084677493605795e+02,3.508841600000000085e+02
6.087720596562011224e+02,3.508841600000000085e+02
6.088540820352473020e+02,3.508841600000000085e+02
6.089084276758061378e+02,3.508841600000000085e+02
6.089812425404944634e+02,3.508841600000000085e+02
6.090447956954111532e+02,3.508841600000000085e+02
6.092577539726026998e+02,3.508841600000000085e+02
6.091811637150162824e+02,3.508841600000000085e+02
6.092540173316283472e+02,3.508841600000000085e+02
6.093175317346212978e+02,3.508841600000000085e+02
6.093997866913018697e+02,3.508841600000000085e+02
6.094538997542263132e+02,3.508841600000000085e+02
6.095267921227621173e+02,3.508841600000000085e+02
6.095902677738314424e+02,3.508841600000000085e+02
6.096915741638224517e+02,3.508841600000000085e+02
6.097266357934364578e+02,3.508841600000000085e+02
6.097995669138960011e+02,3.508841600000000085e+02
6.098630038130414732e+02,3.508841600000000085e+02
6.099454913473564375e+02,3.508841600000000085e+02
6.099993718326466023e+02,3.508841600000000085e+02
6.100723417050298849e+02,3.508841600000000085e+02
6.101357398522516178e+02,3.508841600000000085e+02
6.102761461047836065e+02,3.508841600000000085e+02
6.102721078718567469e+02,3.508841600000000085e+02
6.103451164961636550e+02,3.508841600000000085e+02
6.104084758914617623e+02,3.508841600000000085e+02
6.104911960034110052e+02,3.508841600000000085e+02
6.105448439110667778e+02,3.508841600000000085e+02
6.106178912872975388e+02,3.508841600000000085e+02
6.106812119306719069e+02,3.508841600000000085e+02
6.107836043003412669e+02,3.508841600000000085e+02
6.108175799502769223e+02,3.508841600000000085e+02
6.108906660784314226e+02,3.508841600000000085e+02
6.109539479698819378e+02,3.508841600000000085e+02
6.110369006594655730e+02,3.508841600000000085e+02
6.110903159894870669e+02,3.508841600000000085e+02
6.111634408695651928e+02,3.508841600000000085e+02
6.112266840090920823e+02,3.508841600000000085e+02
8.016598999999999933e+02,2.534318800000000067e+02
6.113630520286972114e+02,3.508841600000000085e+02
6.114362156606990766e+02,3.508841600000000085e+02
6.114994200483022269e+02,3.508841600000000085e+02
6.115826053155201407e+02,3.508841600000000085e+02
6.116357880679072423e+02,3.508841600000000085e+02
6.117089904518329604e+02,3.508841600000000085e+02
6.117721560875123714e+02,3.508841600000000085e+02
6.118756344368599684e+02,3.508841600000000085e+02
6.119085241071173868e+02,3.508841600000000085e+02
6.119817652429667305e+02,3.508841600000000085e+02
6.120448921267224023e+02,3.508841600000000085e+02
6.121283099715747085e+02,3.508841600000000085e+02
6.121812601463275314e+02,3.508841600000000085e+02
6.122545400341006143e+02,3.508841600000000085e+02
6.123176281659325468e+02,3.508841600000000085e+02
6.124626939179954661e+02,3.508841600000000085e+02
6.124539961855376760e+02,3.508841600000000085e+02
6.125273148252343844e+02,3.508841600000000085e+02
6.125903642051426914e+02,3.508841600000000085e+02
6.126740146276292762e+02,3.508841600000000085e+02
6.127267322247477068e+02,3.508841600000000085e+02
6.128000896163682683e+02,3.508841600000000085e+02
6.128631002443528359e+02,3.508841600000000085e+02
6.129676645733787836e+02,3.508841600000000085e+02
6.129994682639578514e+02,3.508841600000000085e+02
6.130728644075021521e+02,3.508841600000000085e+02
6.131358362835628668e+02,3.508841600000000085e+02
6.132197192836838440e+02,3.508841600000000085e+02
6.132722043031679959e+02,3.508841600000000085e+02
6.133456391986359222e+02,3.508841600000000085e+02
6.134085723227730114e+02,3.508841600000000085e+02
6.136408338356163767e+02,3.508841600000000085e+02
6.135449403423780268e+02,3.508841600000000085e+02
6.136184139897698060e+02,3.508841600000000085e+02
6.136813083619831559e+02,3.508841600000000085e+02
6.137654239397384117e+02,3.508841600000000085e+02
6.138176763815881714e+02,3.508841600000000085e+02
6.138911887809036898e+02,3.508841600000000085e+02
6.139540444011933005e+02,3.508841600000000085e+02
6.140596947098975988e+02,3.508841600000000085e+02
6.140904124207983159e+02,3.508841600000000085e+02
6.141639635720374599e+02,3.508841600000000085e+02
6.142267804404033313e+02,3.508841600000000085e+02
6.143111285957929795e+02,3.508841600000000085e+02
6.143631484600084605e+02,3.508841600000000085e+02
6.144367383631713437e+02,3.508841600000000085e+02
6.144995164796134759e+02,3.508841600000000085e+02
6.146492417312072121e+02,3.508841600000000085e+02
6.146358844992184913e+02,3.508841600000000085e+02
6.147095131543052275e+02,3.508841600000000085e+02
6.147722525188236204e+02,3.508841600000000085e+02
6.148568332518475472e+02,3.508841600000000085e+02
6.149086205384286359e+02,3.508841600000000085e+02
6.149822879454389977e+02,3.508841600000000085e+02
6.150449885580337650e+02,3.508841600000000085e+02
6.151517248464163004e+02,3.508841600000000085e+02
6.151813565776387804e+02,3.508841600000000085e+02
6.152550627365728815e+02,3.508841600000000085e+02
6.153177245972437959e+02,3.508841600000000085e+02
6.154025379079021150e+02,3.508841600000000085e+02
6.154540926168489250e+02,3.508841600000000085e+02
6.155278375277067653e+02,3.508841600000000085e+02
6.155904606364539404e+02,3.508841600000000085e+02
8.049619000000000142e+02,2.302725800000000049e+02
6.157268286560589559e+02,3.508841600000000085e+02
6.158006123188405354e+02,3.508841600000000085e+02
6.158631966756640850e+02,3.508841600000000085e+02
6.159482425639567964e+02,3.508841600000000085e+02
6.159995646952691004e+02,3.508841600000000085e+02
6.160733871099744192e+02,3.508841600000000085e+02
6.161359327148742295e+02,3.508841600000000085e+02
6.162437549829351155e+02,3.508841600000000085e+02
6.162723007344792450e+02,3.508841600000000085e+02
6.163461619011083030e+02,3.508841600000000085e+02
6.164086687540842604e+02,3.508841600000000085e+02
6.164939472200113642e+02,3.508841600000000085e+02
6.165450367736893895e+02,3.508841600000000085e+02
6.166189366922420731e+02,3.508841600000000085e+02
6.166814047932944050e+02,3.508841600000000085e+02
6.168357895444190717e+02,3.508841600000000085e+02
6.168177728128994204e+02,3.508841600000000085e+02
6.168917114833759570e+02,3.508841600000000085e+02
6.169541408325045495e+02,3.508841600000000085e+02
6.170396518760659319e+02,3.508841600000000085e+02
6.170905088521095649e+02,3.508841600000000085e+02
6.171644862745098408e+02,3.508841600000000085e+02
6.172268768717145804e+02,3.508841600000000085e+02
6.173357851194539307e+02,3.508841600000000085e+02
6.173632448913197095e+02,3.508841600000000085e+02
6.174372610656436109e+02,3.508841600000000085e+02
6.174996129109247249e+02,3.508841600000000085e+02
6.175853565321204997e+02,3.508841600000000085e+02
6.176359809305298540e+02,3.508841600000000085e+02
6.177100358567774947e+02,3.508841600000000085e+02
6.177723489501348695e+02,3.508841600000000085e+02
6.180239136986300537e+02,3.508841600000000085e+02
6.179087169697398849e+02,3.508841600000000085e+02
6.179828106479113785e+02,3.508841600000000085e+02
6.180450849893450140e+02,3.508841600000000085e+02
6.181310611881750674e+02,3.508841600000000085e+02
6.181814530089500295e+02,3.508841600000000085e+02
6.182555854390451486e+02,3.508841600000000085e+02
6.183178210285550449e+02,3.508841600000000085e+02
6.184278152559726323e+02,3.508841600000000085e+02
6.184541890481601740e+02,3.508841600000000085e+02
6.185283602301790324e+02,3.508841600000000085e+02
6.185905570677651895e+02,3.508841600000000085e+02
6.186767658442296351e+02,3.508841600000000085e+02
6.187269250873703186e+02,3.508841600000000085e+02
6.188011350213129163e+02,3.508841600000000085e+02
6.188632931069753340e+02,3.508841600000000085e+02
6.190223373576309314e+02,3.508841600000000085e+02
6.189996611265803494e+02,3.508841600000000085e+02
6.190739098124466864e+02,3.508841600000000085e+02
6.191360291461854786e+02,3.508841600000000085e+02
6.192224705002842029e+02,3.508841600000000085e+02
6.192723971657904940e+02,3.508841600000000085e+02
6.193466846035805702e+02,3.508841600000000085e+02
6.194087651853955094e+02,3.508841600000000085e+02
6.195198453924914475e+02,3.508841600000000085e+02
6.195451332050006386e+02,3.508841600000000085e+02
6.196194593947144540e+02,3.508841600000000085e+02
6.196815012246056540e+02,3.508841600000000085e+02
6.197681751563387706e+02,3.508841600000000085e+02
6.198178692442107831e+02,3.508841600000000085e+02
6.198922341858482241e+02,3.508841600000000085e+02
6.199542372638157985e+02,3.508841600000000085e+02
8.057155999999999949e+02,2.086190200000000061e+02
6.200906052834208140e+02,3.654255400000000122e+02
6.201650089769821079e+02,3.654255400000000122e+02
6.202269733030259431e+02,3.654255400000000122e+02
6.203138798123933384e+02,3.654255400000000122e+02
6.203633413226309585e+02,3.654255400000000122e+02
6.204377837681159917e+02,3.654255400000000122e+02
6.204997093422359740e+02,3.654255400000000122e+02
6.206118755290101490e+02,3.654255400000000122e+02
6.206360773618411031e+02,3.654255400000000122e+02
6.207105585592497619e+02,3.654255400000000122e+02
6.207724453814461185e+02,3.654255400000000122e+02
6.208595844684479061e+02,3.654255400000000122e+02
6.209088134010511340e+02,3.654255400000000122e+02
6.209833333503836457e+02,3.654255400000000122e+02
6.210451814206562631e+02,3.654255400000000122e+02
6.212088851708427910e+02,3.654255400000000122e+02
6.211815494402612785e+02,3.654255400000000122e+02
6.212561081415175295e+02,3.654255400000000122e+02
6.213179174598664076e+02,3.654255400000000122e+02
6.214052891245024739e+02,3.654255400000000122e+02
6.214542854794714231e+02,3.654255400000000122e+02
6.215288829326512996e+02,3.654255400000000122e+02
6.215906534990764385e+02,3.654255400000000122e+02
6.217039056655289642e+02,3.654255400000000122e+02
6.217270215186815676e+02,3.654255400000000122e+02
6.218016577237851834e+02,3.654255400000000122e+02
6.218633895382865830e+02,3.654255400000000122e+02
6.219509937805570416e+02,3.654255400000000122e+02
6.219997575578915985e+02,3.654255400000000122e+02
6.220744325149189535e+02,3.654255400000000122e+02
6.221361255774967276e+02,3.654255400000000122e+02
6.224069935616437306e+02,3.654255400000000122e+02
6.222724935971017430e+02,3.654255400000000122e+02
6.223472073060528373e+02,3.654255400000000122e+02
6.224088616167068722e+02,3.654255400000000122e+02
6.224966984366116094e+02,3.654255400000000122e+02
6.225452296363118876e+02,3.654255400000000122e+02
6.226199820971867211e+02,3.654255400000000122e+02
6.226815976559169030e+02,3.654255400000000122e+02
6.227959358020477794e+02,3.654255400000000122e+02
6.228179656755220321e+02,3.654255400000000122e+02
6.228927568883204913e+02,3.654255400000000122e+02
6.229543336951270476e+02,3.654255400000000122e+02
6.230424030926662908e+02,3.654255400000000122e+02
6.230907017147320630e+02,3.654255400000000122e+02
6.231655316794543751e+02,3.654255400000000122e+02
6.232270697343371921e+02,3.654255400000000122e+02
6.233954329840546507e+02,3.654255400000000122e+02
6.233634377539422076e+02,3.654255400000000122e+02
6.234383064705882589e+02,3.654255400000000122e+02
6.234998057735473367e+02,3.654255400000000122e+02
6.235881077487208586e+02,3.654255400000000122e+02
6.236361737931523521e+02,3.654255400000000122e+02
6.237110812617220290e+02,3.654255400000000122e+02
6.237725418127573676e+02,3.654255400000000122e+02
6.238879659385664809e+02,3.654255400000000122e+02
6.239089098323624967e+02,3.654255400000000122e+02
6.239838560528559128e+02,3.654255400000000122e+02
6.240452778519675121e+02,3.654255400000000122e+02
6.241338124047754263e+02,3.654255400000000122e+02
6.241816458715725275e+02,3.654255400000000122e+02
6.242566308439897966e+02,3.654255400000000122e+02
6.243180138911776567e+02,3.654255400000000122e+02
8.024036999999999580e+02,1.940686000000000035e+02
6.244543819107826721e+02,3.654255400000000122e+02
6.245294056351235668e+02,3.654255400000000122e+02
6.245907499303876875e+02,3.654255400000000122e+02
6.246795170608299941e+02,3.654255400000000122e+02
6.247271179499928166e+02,3.654255400000000122e+02
6.248021804262574506e+02,3.654255400000000122e+02
6.248634859695978321e+02,3.654255400000000122e+02
6.249799960750852961e+02,3.654255400000000122e+02
6.249998539892029612e+02,3.654255400000000122e+02
6.250749552173913344e+02,3.654255400000000122e+02
6.251362220088079766e+02,3.654255400000000122e+02
6.252252217168845618e+02,3.654255400000000122e+02
6.252725900284129921e+02,3.654255400000000122e+02
6.253477300085251045e+02,3.654255400000000122e+02
6.254089580480181212e+02,3.654255400000000122e+02
6.255819807972665103e+02,3.654255400000000122e+02
6.255453260676231366e+02,3.654255400000000122e+02
6.256205047996589883e+02,3.654255400000000122e+02
6.256816940872281521e+02,3.654255400000000122e+02
6.257709263729391296e+02,3.654255400000000122e+02
6.258180621068332812e+02,3.654255400000000122e+02
6.258932795907928721e+02,3.654255400000000122e+02
6.259544301264382966e+02,3.654255400000000122e+02
6.260720262116039976e+02,3.654255400000000122e+02
6.260907981460434257e+02,3.654255400000000122e+02
6.261660543819266422e+02,3.654255400000000122e+02
6.262271661656484412e+02,3.654255400000000122e+02
6.263166310289936973e+02,3.654255400000000122e+02
6.263635341852534566e+02,3.654255400000000122e+02
6.264388291730605260e+02,3.654255400000000122e+02
6.264999022048585857e+02,3.654255400000000122e+02
6.267900734246575212e+02,3.654255400000000122e+02
6.266362702244636012e+02,3.654255400000000122e+02
6.267116039641944099e+02,3.654255400000000122e+02
6.267726382440686166e+02,3.654255400000000122e+02
6.268623356850482651e+02,3.654255400000000122e+02
6.269090062636737457e+02,3.654255400000000122e+02
6.269843787553281800e+02,3.654255400000000122e+02
6.270453742832787611e+02,3.654255400000000122e+02
6.271640563481228128e+02,3.654255400000000122e+02
6.271817423028837766e+02,3.654255400000000122e+02
6.272571535464620638e+02,3.654255400000000122e+02
6.273181103224889057e+02,3.654255400000000122e+02
6.274080403411028328e+02,3.654255400000000122e+02
6.274544783420939211e+02,3.654255400000000122e+02
6.275299283375959476e+02,3.654255400000000122e+02
6.275908463616990502e+02,3.654255400000000122e+02
6.277685286104783700e+02,3.654255400000000122e+02
6.277272143813040657e+02,3.654255400000000122e+02
6.278027031287297177e+02,3.654255400000000122e+02
6.278635824009090811e+02,3.654255400000000122e+02
6.279537449971574006e+02,3.654255400000000122e+02
6.279999504205142102e+02,3.654255400000000122e+02
6.280754779198636015e+02,3.654255400000000122e+02
6.281363184401192257e+02,3.654255400000000122e+02
6.282560864846416280e+02,3.654255400000000122e+02
6.282726864597242411e+02,3.654255400000000122e+02
6.283482527109974853e+02,3.654255400000000122e+02
6.284090544793293702e+02,3.654255400000000122e+02
6.284994496532119683e+02,3.654255400000000122e+02
6.285454224989343857e+02,3.654255400000000122e+02
6.286210275021312555e+02,3.654255400000000122e+02
6.286817905185395148e+02,3.654255400000000122e+02
7.982839000000000169e+02,1.865400400000000047e+02
6.288181585381445302e+02,3.654255400000000122e+02
6.288938022932651393e+02,3.654255400000000122e+02
6.289545265577495456e+02,3.654255400000000122e+02
6.290451543092665361e+02,3.654255400000000122e+02
6.290908945773546748e+02,3.654255400000000122e+02
6.291665770843990231e+02,3.654255400000000122e+02
6.292272625969596902e+02,3.654255400000000122e+02
6.293481166211603295e+02,3.654255400000000122e+02
6.293636306165647056e+02,3.654255400000000122e+02
6.294393518755327932e+02,3.654255400000000122e+02
6.294999986361698348e+02,3.654255400000000122e+02
6.295908589653211038e+02,3.654255400000000122e+02
6.296363666557748502e+02,3.654255400000000122e+02
6.297121266666666770e+02,3.654255400000000122e+02
6.297727346753799793e+02,3.654255400000000122e+02
6.299550764236902296e+02,3.654255400000000122e+02
6.299091026949849947e+02,3.654255400000000122e+02
6.299849014578005608e+02,3.654255400000000122e+02
6.300454707145900102e+02,3.654255400000000122e+02
6.301365636213756716e+02,3.654255400000000122e+02
6.301818387341951393e+02,3.654255400000000122e+02
6.302576762489343309e+02,3.654255400000000122e+02
6.303182067538001547e+02,3.654255400000000122e+02
6.304401467576791447e+02,3.654255400000000122e+02
6.304545747734051702e+02,3.654255400000000122e+02
6.305304510400682148e+02,3.654255400000000122e+02
6.305909427930102993e+02,3.654255400000000122e+02
6.306822682774303530e+02,3.654255400000000122e+02
6.307273108126153147e+02,3.654255400000000122e+02
6.308032258312020986e+02,3.654255400000000122e+02
6.308636788322203302e+02,3.654255400000000122e+02
6.311731532876711981e+02,3.654255400000000122e+02
6.310000468518254593e+02,3.654255400000000122e+02
6.310760006223358687e+02,3.654255400000000122e+02
6.311364148714304747e+02,3.654255400000000122e+02
6.312279729334849208e+02,3.654255400000000122e+02
6.312727828910356038e+02,3.654255400000000122e+02
6.313487754134697525e+02,3.654255400000000122e+02
6.314091509106406193e+02,3.654255400000000122e+02
6.315321768941979599e+02,3.654255400000000122e+02
6.315455189302456347e+02,3.654255400000000122e+02
6.316215502046035226e+02,3.654255400000000122e+02
6.316818869498507638e+02,3.654255400000000122e+02
6.317736775895394885e+02,3.654255400000000122e+02
6.318182549694557792e+02,3.654255400000000122e+02
6.318943249957374064e+02,3.654255400000000122e+02
6.319546229890607947e+02,3.654255400000000122e+02
6.321416242369019756e+02,3.654255400000000122e+02
6.320909910086659238e+02,3.654255400000000122e+02
6.321670997868712902e+02,3.654255400000000122e+02
6.322273590282709392e+02,3.654255400000000122e+02
6.323193822455940563e+02,3.654255400000000122e+02
6.323637270478760684e+02,3.654255400000000122e+02
6.324398745780050604e+02,3.654255400000000122e+02
6.325000950674810838e+02,3.654255400000000122e+02
6.326242070307166614e+02,3.654255400000000122e+02
6.326364630870860992e+02,3.654255400000000122e+02
6.327126493691389442e+02,3.654255400000000122e+02
6.327728311066912283e+02,3.654255400000000122e+02
6.328650869016486240e+02,3.654255400000000122e+02
6.329091991262962438e+02,3.654255400000000122e+02
6.329854241602728280e+02,3.654255400000000122e+02
6.330455671459012592e+02,3.654255400000000122e+02
7.911852999999999838e+02,1.806634500000000116e+02
6.331819351655063883e+02,3.752304700000000253e+02
6.332581989514065981e+02,3.752304700000000253e+02
6.333183031851114038e+02,3.752304700000000253e+02
6.334107915577031918e+02,3.752304700000000253e+02
6.334546712047165329e+02,3.752304700000000253e+02
6.335309737425404819e+02,3.752304700000000253e+02
6.335910392243215483e+02,3.752304700000000253e+02
6.337162371672354766e+02,3.752304700000000253e+02
6.337274072439265638e+02,3.752304700000000253e+02
6.338037485336743657e+02,3.752304700000000253e+02
6.338637752635316929e+02,3.752304700000000253e+02
6.339564962137577595e+02,3.752304700000000253e+02
6.340001432831367083e+02,3.752304700000000253e+02
6.340765233248081358e+02,3.752304700000000253e+02
6.341365113027417237e+02,3.752304700000000253e+02
6.343281720501138352e+02,3.752304700000000253e+02
6.342728793223468529e+02,3.752304700000000253e+02
6.343492981159420196e+02,3.752304700000000253e+02
6.344092473419518683e+02,3.752304700000000253e+02
6.345022008698123273e+02,3.752304700000000253e+02
6.345456153615568837e+02,3.752304700000000253e+02
6.346220729070759035e+02,3.752304700000000253e+02
6.346819833811620128e+02,3.752304700000000253e+02
6.348082673037541781e+02,3.752304700000000253e+02
6.348183514007670283e+02,3.752304700000000253e+02
6.348948476982096736e+02,3.752304700000000253e+02
6.349547194203721574e+02,3.752304700000000253e+02
6.350479055258668950e+02,3.752304700000000253e+02
6.350910874399771728e+02,3.752304700000000253e+02
6.351676224893435574e+02,3.752304700000000253e+02
6.352274554595821883e+02,3.752304700000000253e+02
6.355562331506848750e+02,3.752304700000000253e+02
6.353638234791873174e+02,3.752304700000000253e+02
6.354403972804774412e+02,3.752304700000000253e+02
6.355001914987923328e+02,3.752304700000000253e+02
6.355936101819214628e+02,3.752304700000000253e+02
6.356365595183973483e+02,3.752304700000000253e+02
6.357131720716112113e+02,3.752304700000000253e+02
6.357729275380024774e+02,3.752304700000000253e+02
6.359002974402729933e+02,3.752304700000000253e+02
6.359092955576074928e+02,3.752304700000000253e+02
6.359859468627450951e+02,3.752304700000000253e+02
6.360456635772126219e+02,3.752304700000000253e+02
6.361393148379760305e+02,3.752304700000000253e+02
6.361820315968176374e+02,3.752304700000000253e+02
6.362587216538789789e+02,3.752304700000000253e+02
6.363183996164226528e+02,3.752304700000000253e+02
6.365147198633256949e+02,3.752304700000000253e+02
6.364547676360277819e+02,3.752304700000000253e+02
6.365314964450127491e+02,3.752304700000000253e+02
6.365911356556327974e+02,3.752304700000000253e+02
6.366850194940305983e+02,3.752304700000000253e+02
6.367275036752378128e+02,3.752304700000000253e+02
6.368042712361466329e+02,3.752304700000000253e+02
6.368638716948429419e+02,3.752304700000000253e+02
6.369923275767918085e+02,3.752304700000000253e+02
6.370002397144479573e+02,3.752304700000000253e+02
6.370770460272805167e+02,3.752304700000000253e+02
6.371366077340530865e+02,3.752304700000000253e+02
6.372307241500851660e+02,3.752304700000000253e+02
6.372729757536581019e+02,3.752304700000000253e+02
6.373498208184142868e+02,3.752304700000000253e+02
6.374093437732631173e+02,3.752304700000000253e+02
7.832431000000000267e+02,1.784654500000000041e+02
6.375457117928682464e+02,3.752304700000000253e+02
6.376225956095481706e+02,3.752304700000000253e+02
6.376820798124732619e+02,3.752304700000000253e+02
6.377764288061398474e+02,3.752304700000000253e+02
6.378184478320782773e+02,3.752304700000000253e+02
6.378953704006820544e+02,3.752304700000000253e+02
6.379548158516834064e+02,3.752304700000000253e+02
6.380843577133105100e+02,2.744238300000000095e+02
6.380911838712884219e+02,2.744238300000000095e+02
6.381681451918158245e+02,2.744238300000000095e+02
6.382275518908934373e+02,2.744238300000000095e+02
6.383221334621944152e+02,2.744238300000000095e+02
6.383639199104985664e+02,2.744238300000000095e+02
6.384409199829497084e+02,2.744238300000000095e+02
6.385002879301035819e+02,2.744238300000000095e+02
6.387012676765375545e+02,2.756462399999999775e+02
6.386366559497087110e+02,2.756462399999999775e+02
6.387136947740835922e+02,2.756462399999999775e+02
6.387730239693137264e+02,2.756462399999999775e+02
6.388678381182489829e+02,2.756462399999999775e+02
6.389093919889187418e+02,2.756462399999999775e+02
6.389864695652173623e+02,2.756462399999999775e+02
6.390457600085238710e+02,2.756462399999999775e+02
6.391763878498293252e+02,2.756462399999999775e+02
6.391821280281288864e+02,2.756462399999999775e+02
6.392592443563512461e+02,2.756462399999999775e+02
6.393184960477339018e+02,2.756462399999999775e+02
6.394135427743035507e+02,2.756462399999999775e+02
6.394548640673390310e+02,2.756462399999999775e+02
6.395320191474851299e+02,2.756462399999999775e+02
6.395912320869440464e+02,2.756462399999999775e+02
6.399393130136985519e+02,2.751755400000000122e+02
6.397276001065491755e+02,2.751755400000000122e+02
6.398047939386189000e+02,2.751755400000000122e+02
6.398639681261541909e+02,2.751755400000000122e+02
6.399592474303581184e+02,2.751755400000000122e+02
6.400003361457592064e+02,2.751755400000000122e+02
6.400775687297527838e+02,2.751755400000000122e+02
6.401367041653643355e+02,2.751755400000000122e+02
6.402684179863480267e+02,2.751755400000000122e+02
6.402730721849693509e+02,2.751755400000000122e+02
6.403503435208866676e+02,2.751755400000000122e+02
6.404094402045743664e+02,2.751755400000000122e+02
6.405049520864126862e+02,2.751755400000000122e+02
6.405458082241794955e+02,2.751755400000000122e+02
6.406231183120204378e+02,2.751755400000000122e+02
6.406821762437845109e+02,2.751755400000000122e+02
6.408878154897494142e+02,2.769517799999999852e+02
6.408185442633896400e+02,2.769517799999999852e+02
6.408958931031543216e+02,2.769517799999999852e+02
6.409549122829946555e+02,2.769517799999999852e+02
6.410506567424672539e+02,2.769517799999999852e+02
6.410912803025996709e+02,2.769517799999999852e+02
6.411686678942880917e+02,2.769517799999999852e+02
6.412276483222048000e+02,2.769517799999999852e+02
6.413604481228668419e+02,2.769517799999999852e+02
6.413640163418098155e+02,2.769517799999999852e+02
6.414414426854219755e+02,2.769517799999999852e+02
6.415003843614148309e+02,2.769517799999999852e+02
6.415963613985218217e+02,2.769517799999999852e+02
6.416367523810199600e+02,2.769517799999999852e+02
6.417142174765558593e+02,2.769517799999999852e+02
6.417731204006249754e+02,2.769517799999999852e+02
7.759698499999999513e+02,1.801337900000000047e+02
6.419094884202299909e+02,2.805501699999999801e+02
6.419869922676896294e+02,2.805501699999999801e+02
6.420458564398351200e+02,2.805501699999999801e+02
6.421420660545763894e+02,2.805501699999999801e+02
6.421822244594401354e+02,2.805501699999999801e+02
6.422597670588235133e+02,2.805501699999999801e+02
6.423185924790452646e+02,2.805501699999999801e+02
6.424524782593856571e+02,2.805501699999999801e+02
6.424549604986502800e+02,2.805501699999999801e+02
6.425325418499573971e+02,2.805501699999999801e+02
6.425913285182552954e+02,2.805501699999999801e+02
6.426877707106309572e+02,2.805501699999999801e+02
6.427276965378604245e+02,2.805501699999999801e+02
6.428053166410911672e+02,2.805501699999999801e+02
6.428640645574654400e+02,2.805501699999999801e+02
6.430743633029612738e+02,2.805501699999999801e+02
6.430004325770704554e+02,2.805501699999999801e+02
6.430780914322250510e+02,2.805501699999999801e+02
6.431368005966755845e+02,2.805501699999999801e+02
6.432334753666855249e+02,2.805501699999999801e+02
6.432731686162806000e+02,2.805501699999999801e+02
6.433508662233589348e+02,2.805501699999999801e+02
6.434095366358857291e+02,2.805501699999999801e+02
6.435445083959043586e+02,2.805501699999999801e+02
6.435459046554907445e+02,2.805501699999999801e+02
6.436236410144927049e+02,2.805501699999999801e+02
6.436822726750957600e+02,2.805501699999999801e+02
6.437791800227400927e+02,2.805501699999999801e+02
6.438186406947008891e+02,2.805501699999999801e+02
6.438964158056265887e+02,2.805501699999999801e+02
6.439550087143059045e+02,2.805501699999999801e+02
6.443223928767122288e+02,2.815136699999999905e+02
6.440913767339109199e+02,2.815136699999999905e+02
6.441691905967604725e+02,2.815136699999999905e+02
6.442277447535160491e+02,2.815136699999999905e+02
6.443248846787946604e+02,2.815136699999999905e+02
6.443641127731210645e+02,2.815136699999999905e+02
6.444419653878942427e+02,2.815136699999999905e+02
6.445004807927261936e+02,2.815136699999999905e+02
6.446365385324231738e+02,2.815136699999999905e+02
6.446368488123312090e+02,2.815136699999999905e+02
6.447147401790281265e+02,2.815136699999999905e+02
6.447732168319362245e+02,2.815136699999999905e+02
6.448705893348493419e+02,2.815136699999999905e+02
6.449095848515413536e+02,2.815136699999999905e+02
6.449875149701620103e+02,2.815136699999999905e+02
6.450459528711463690e+02,2.815136699999999905e+02
6.452609111161731335e+02,2.815136699999999905e+02
6.451823208907513845e+02,2.815136699999999905e+02
6.452602897612957804e+02,2.815136699999999905e+02
6.453186889103565136e+02,2.815136699999999905e+02
6.454162939909039096e+02,2.815136699999999905e+02
6.454550569299615290e+02,2.815136699999999905e+02
6.455330645524296642e+02,2.815136699999999905e+02
6.455914249495665445e+02,2.815136699999999905e+02
6.457285686689418753e+02,2.815136699999999905e+02
6.457277929691716736e+02,2.815136699999999905e+02
6.458058393435635480e+02,2.815136699999999905e+02
6.458641609887766890e+02,2.815136699999999905e+02
6.459619986469584774e+02,2.815136699999999905e+02
6.460005290083818181e+02,2.815136699999999905e+02
6.460786141346973181e+02,2.815136699999999905e+02
6.461368970279868336e+02,2.815136699999999905e+02
7.683869600000000446e+02,1.856810299999999927e+02
6.462732650475918490e+02,3.834637500000000045e+02
6.463513889258312020e+02,3.834637500000000045e+02
6.464096330671969781e+02,3.834637500000000045e+02
6.465077033030130451e+02,3.834637500000000045e+02
6.465460010868019936e+02,3.834637500000000045e+02
6.466241637169650858e+02,3.834637500000000045e+02
6.466823691064070090e+02,3.834637500000000045e+02
6.468205988054606905e+02,3.834637500000000045e+02
6.468187371260121381e+02,3.834637500000000045e+02
6.468969385080988559e+02,3.834637500000000045e+02
6.469551051456171535e+02,3.834637500000000045e+02
6.470534079590676129e+02,3.834637500000000045e+02
6.470914731652222827e+02,3.834637500000000045e+02
6.471697132992327397e+02,3.834637500000000045e+02
6.472278411848272981e+02,3.834637500000000045e+02
6.474474589293849931e+02,3.834637500000000045e+02
6.473642092044323135e+02,3.834637500000000045e+02
6.474424880903666235e+02,3.834637500000000045e+02
6.475005772240374426e+02,3.834637500000000045e+02
6.475991126151221806e+02,3.834637500000000045e+02
6.476369452436424581e+02,3.834637500000000045e+02
6.477152628815003936e+02,3.834637500000000045e+02
6.477733132632474735e+02,3.834637500000000045e+02
6.479126289419795057e+02,3.834637500000000045e+02
6.479096812828526026e+02,3.834637500000000045e+02
6.479880376726342774e+02,3.834637500000000045e+02
6.480460493024576181e+02,3.834637500000000045e+02
6.481448172711767484e+02,3.834637500000000045e+02
6.481824173220626335e+02,3.834637500000000045e+02
6.482608124637681613e+02,3.834637500000000045e+02
6.483187853416677626e+02,3.834637500000000045e+02
6.487054727397260194e+02,3.834637500000000045e+02
6.484551533612727781e+02,3.834637500000000045e+02
6.485335872549019314e+02,3.834637500000000045e+02
6.485915213808779072e+02,3.834637500000000045e+02
6.486905219272313161e+02,3.834637500000000045e+02
6.487278894004829226e+02,3.834637500000000045e+02
6.488063620460358152e+02,3.834637500000000045e+02
6.488642574200879380e+02,3.834637500000000045e+02
6.490046590784982072e+02,3.834637500000000045e+02
6.490006254396930672e+02,3.834637500000000045e+02
6.490791368371696990e+02,3.834637500000000045e+02
6.491369934592980826e+02,3.834637500000000045e+02
6.492362265832858839e+02,3.834637500000000045e+02
6.492733614789030980e+02,3.834637500000000045e+02
6.493519116283034691e+02,3.834637500000000045e+02
6.494097294985082272e+02,3.834637500000000045e+02
6.496340067425967391e+02,2.923921000000000276e+02
6.495460975181132426e+02,2.923921000000000276e+02
6.496246864194373529e+02,2.923921000000000276e+02
6.496824655377183717e+02,2.923921000000000276e+02
6.497819312393404516e+02,2.923921000000000276e+02
6.498188335573233871e+02,2.923921000000000276e+02
6.498974612105712367e+02,2.923921000000000276e+02
6.499552015769284026e+02,2.923921000000000276e+02
6.500966892150170224e+02,2.923921000000000276e+02
6.500915695965335317e+02,2.923921000000000276e+02
6.501702360017050069e+02,2.923921000000000276e+02
6.502279376161385471e+02,2.923921000000000276e+02
6.503276358953950194e+02,2.923921000000000276e+02
6.503643056357435626e+02,2.923921000000000276e+02
6.504430107928388907e+02,2.923921000000000276e+02
6.505006736553486917e+02,2.923921000000000276e+02
7.605675999999999704e+02,2.005206300000000113e+02
6.506370416749537071e+02,2.919332299999999805e+02
6.507157855839726608e+02,2.919332299999999805e+02
6.507734096945588362e+02,2.919332299999999805e+02
6.508733405514495871e+02,2.919332299999999805e+02
6.509097777141638517e+02,2.919332299999999805e+02
6.509885603751065446e+02,2.919332299999999805e+02
6.510461457337688671e+02,2.919332299999999805e+02
6.511887193515358376e+02,2.919332299999999805e+02
6.511825137533739962e+02,2.919332299999999805e+02
6.512613351662404284e+02,2.919332299999999805e+02
6.513188817729790117e+02,2.919332299999999805e+02
6.514190452075041549e+02,2.919332299999999805e+02
6.514552497925840271e+02,2.919332299999999805e+02
6.515341099573741985e+02,2.919332299999999805e+02
6.515916178121891562e+02,2.919332299999999805e+02
6.518205545558085987e+02,2.919332299999999805e+02
6.517279858317941716e+02,2.919332299999999805e+02
6.518068847485080823e+02,2.919332299999999805e+02
6.518643538513991871e+02,2.919332299999999805e+02
6.519647498635588363e+02,2.919332299999999805e+02
6.520007218710043162e+02,2.919332299999999805e+02
6.520796595396419661e+02,2.919332299999999805e+02
6.521370898906093316e+02,2.919332299999999805e+02
6.522807494880545391e+02,2.919332299999999805e+02
6.522734579102144608e+02,2.919332299999999805e+02
6.523524343307757363e+02,2.919332299999999805e+02
6.524098259298194762e+02,2.919332299999999805e+02
6.525104545196134040e+02,2.919332299999999805e+02
6.525461939494244916e+02,2.919332299999999805e+02
6.526252091219096201e+02,2.919332299999999805e+02
6.526825619690296207e+02,2.919332299999999805e+02
6.530885526027396963e+02,2.919332299999999805e+02
6.528189299886346362e+02,2.919332299999999805e+02
6.528979839130435039e+02,2.919332299999999805e+02
6.529552980082396516e+02,2.919332299999999805e+02
6.530561591756679718e+02,2.919332299999999805e+02
6.530916660278447807e+02,2.919332299999999805e+02
6.531707587041772740e+02,2.919332299999999805e+02
6.532280340474497962e+02,2.919332299999999805e+02
6.533727796245733543e+02,2.919332299999999805e+02
6.533644020670549253e+02,2.919332299999999805e+02
6.534435334953111578e+02,2.919332299999999805e+02
6.535007700866599407e+02,2.919332299999999805e+02
6.536018638317225395e+02,2.919332299999999805e+02
6.536371381062649561e+02,2.919332299999999805e+02
6.537163082864450416e+02,2.919332299999999805e+02
6.537735061258700853e+02,2.919332299999999805e+02
6.540071023690204584e+02,2.919332299999999805e+02
6.539098741454751007e+02,2.919332299999999805e+02
6.539890830775788118e+02,2.919332299999999805e+02
6.540462421650801161e+02,2.919332299999999805e+02
6.541475684877771073e+02,2.919332299999999805e+02
6.541826101846852453e+02,2.919332299999999805e+02
6.542618578687126956e+02,2.919332299999999805e+02
6.543189782042902607e+02,2.919332299999999805e+02
6.544648097610920559e+02,2.919332299999999805e+02
6.544553462238953898e+02,2.919332299999999805e+02
6.545346326598465794e+02,2.919332299999999805e+02
6.545917142435004052e+02,2.919332299999999805e+02
6.546932731438316750e+02,2.919332299999999805e+02
6.547280822631054207e+02,2.919332299999999805e+02
6.548074074509803495e+02,2.919332299999999805e+02
6.548644502827105498e+02,2.919332299999999805e+02
7.543949999999999818e+02,2.203421600000000069e+02
6.550008183023155652e+02,3.863752400000000193e+02
6.550801822421142333e+02,3.863752400000000193e+02
6.551371863219205807e+02,3.863752400000000193e+02
6.552389777998862428e+02,3.042919999999999732e+02
6.552735543415257098e+02,3.042919999999999732e+02
6.553529570332481171e+02,3.042919999999999732e+02
6.554099223611307252e+02,3.042919999999999732e+02
6.555568398976108710e+02,3.042919999999999732e+02
6.555462903807357407e+02,3.042919999999999732e+02
6.556257318243818872e+02,3.042919999999999732e+02
6.556826584003408698e+02,3.042919999999999732e+02
6.557846824559408105e+02,3.042919999999999732e+02
6.558190264199458852e+02,3.042919999999999732e+02
6.558985066155157710e+02,3.042919999999999732e+02
6.559553944395510143e+02,3.042919999999999732e+02
6.561936501822323180e+02,3.042919999999999732e+02
6.560917624591560298e+02,3.042919999999999732e+02
6.561712814066496549e+02,3.042919999999999732e+02
6.562281304787610452e+02,3.042919999999999732e+02
6.563303871119953783e+02,3.042919999999999732e+02
6.563644984983661743e+02,3.042919999999999732e+02
6.564440561977834250e+02,3.042919999999999732e+02
6.565008665179711898e+02,3.042919999999999732e+02
6.566488700341296862e+02,3.042919999999999732e+02
6.566372345375762052e+02,3.042919999999999732e+02
6.567168309889173088e+02,3.042919999999999732e+02
6.567736025571813343e+02,3.042919999999999732e+02
6.568760917680499460e+02,3.042919999999999732e+02
6.569099705767863497e+02,3.042919999999999732e+02
6.569896057800511926e+02,3.042919999999999732e+02
6.570463385963914789e+02,3.042919999999999732e+02
6.574716324657533733e+02,3.042919999999999732e+02
6.571827066159964943e+02,3.042919999999999732e+02
6.572623805711849627e+02,3.042919999999999732e+02
6.573190746356015097e+02,3.042919999999999732e+02
6.574217964241045138e+02,3.042919999999999732e+02
6.574554426552066388e+02,3.042919999999999732e+02
6.575351553623188465e+02,3.042919999999999732e+02
6.575918106748116543e+02,3.042919999999999732e+02
6.577409001706483878e+02,3.042919999999999732e+02
6.577281786944166697e+02,3.042919999999999732e+02
6.578079301534527303e+02,3.042919999999999732e+02
6.578645467140217988e+02,3.042919999999999732e+02
6.579675010801590815e+02,3.042919999999999732e+02
6.580009147336268143e+02,3.042919999999999732e+02
6.580807049445865005e+02,3.042919999999999732e+02
6.581372827532319434e+02,3.042919999999999732e+02
6.583801979954441776e+02,3.042919999999999732e+02
6.582736507728369588e+02,3.042919999999999732e+02
6.583534797357203843e+02,3.042919999999999732e+02
6.584100187924419743e+02,3.042919999999999732e+02
6.585132057362136493e+02,3.042919999999999732e+02
6.585463868120471034e+02,3.042919999999999732e+02
6.586262545268542681e+02,3.042919999999999732e+02
6.586827548316521188e+02,3.042919999999999732e+02
6.588329303071672030e+02,3.042919999999999732e+02
6.588191228512571342e+02,3.042919999999999732e+02
6.588990293179880382e+02,3.042919999999999732e+02
6.589554908708622634e+02,3.042919999999999732e+02
6.590589103922683307e+02,3.042919999999999732e+02
6.590918588904672788e+02,3.042919999999999732e+02
6.591718041091219220e+02,3.042919999999999732e+02
6.592282269100722942e+02,3.042919999999999732e+02
7.542314999999999827e+02,2.362054400000000101e+02
6.593645949296774234e+02,3.859436000000000035e+02
6.594445789002558058e+02,3.859436000000000035e+02
6.595009629492824388e+02,3.859436000000000035e+02
6.596046150483228985e+02,3.859436000000000035e+02
6.596373309688875679e+02,3.859436000000000035e+02
6.597173536913895759e+02,3.859436000000000035e+02
6.597736989884925833e+02,3.859436000000000035e+02
6.599249604436859045e+02,3.859436000000000035e+02
6.599100670080975988e+02,3.859436000000000035e+02
6.599901284825234598e+02,3.859436000000000035e+02
6.600464350277027279e+02,3.859436000000000035e+02
6.601503197043774662e+02,3.859436000000000035e+02
6.601828030473077433e+02,3.859436000000000035e+02
6.602629032736572299e+02,3.859436000000000035e+02
6.603191710669127588e+02,3.859436000000000035e+02
6.605667458086560373e+02,3.859436000000000035e+02
6.604555390865178879e+02,3.859436000000000035e+02
6.605356780647911137e+02,3.859436000000000035e+02
6.605919071061229033e+02,3.859436000000000035e+02
6.606960243604320340e+02,3.859436000000000035e+02
6.607282751257280324e+02,3.859436000000000035e+02
6.608084528559249975e+02,3.859436000000000035e+02
6.608646431453330479e+02,3.859436000000000035e+02
6.610169905802047197e+02,3.859436000000000035e+02
6.610010111649380633e+02,3.859436000000000035e+02
6.610812276470587676e+02,3.859436000000000035e+02
6.611373791845431924e+02,3.859436000000000035e+02
6.612417290164866017e+02,3.859436000000000035e+02
6.612737472041482079e+02,3.859436000000000035e+02
6.613540024381926514e+02,3.859436000000000035e+02
6.614101152237532233e+02,3.859436000000000035e+02
6.618547123287670502e+02,3.841121800000000235e+02
6.615464832433583524e+02,3.841121800000000235e+02
6.616267772293265352e+02,3.841121800000000235e+02
6.616828512629633678e+02,3.841121800000000235e+02
6.617874336725411695e+02,3.841121800000000235e+02
6.618192192825684970e+02,3.841121800000000235e+02
6.618995520204603054e+02,3.841121800000000235e+02
6.619555873021735124e+02,3.841121800000000235e+02
6.621090207167235349e+02,3.841121800000000235e+02
6.620919553217785278e+02,3.841121800000000235e+02
6.621723268115941892e+02,3.841121800000000235e+02
6.622283233413836570e+02,3.841121800000000235e+02
6.623331383285957372e+02,3.841121800000000235e+02
6.623646913609886724e+02,3.841121800000000235e+02
6.624451016027280730e+02,3.235337999999999852e+02
6.625010593805936878e+02,3.235337999999999852e+02
6.627532936218678969e+02,3.235337999999999852e+02
6.626374274001988169e+02,3.235337999999999852e+02
6.627178763938618431e+02,3.235337999999999852e+02
6.627737954198038324e+02,3.235337999999999852e+02
6.628788429846503050e+02,3.235337999999999852e+02
6.629101634394088478e+02,3.235337999999999852e+02
6.629906511849957269e+02,3.235337999999999852e+02
6.630465314590139769e+02,3.235337999999999852e+02
6.632010508532422364e+02,3.235337999999999852e+02
6.631828994786189924e+02,3.235337999999999852e+02
6.632634259761296107e+02,3.235337999999999852e+02
6.633192674982241215e+02,3.235337999999999852e+02
6.634245476407048727e+02,3.235337999999999852e+02
6.634556355178291369e+02,3.235337999999999852e+02
6.635362007672633808e+02,3.235337999999999852e+02
6.635920035374341523e+02,3.235337999999999852e+02
7.573821400000000494e+02,2.481708999999999889e+02
6.637283715570392815e+02,3.759964600000000132e+02
6.638089755583972646e+02,3.759964600000000132e+02
6.638647395766442969e+02,3.759964600000000132e+02
6.639702522967594405e+02,3.759964600000000132e+02
6.640011075962493123e+02,3.759964600000000132e+02
6.640817503495311485e+02,3.759964600000000132e+02
6.641374756158544415e+02,3.759964600000000132e+02
6.642930809897610516e+02,3.759964600000000132e+02
6.642738436354594569e+02,3.759964600000000132e+02
6.643545251406649186e+02,3.759964600000000132e+02
6.644102116550645860e+02,3.759964600000000132e+02
6.645159569528140082e+02,3.759964600000000132e+02
6.645465796746696014e+02,3.759964600000000132e+02
6.646272999317988024e+02,3.759964600000000132e+02
6.646829476942746169e+02,3.759964600000000132e+02
6.649398414350796429e+02,3.759964600000000132e+02
6.648193157138797460e+02,3.759964600000000132e+02
6.649000747229326862e+02,3.759964600000000132e+02
6.649556837334847614e+02,3.759964600000000132e+02
6.650616616088685760e+02,3.759964600000000132e+02
6.650920517530897769e+02,3.759964600000000132e+02
6.651728495140664563e+02,3.759964600000000132e+02
6.652284197726949060e+02,3.759964600000000132e+02
6.653851111262798668e+02,3.759964600000000132e+02
6.653647877922999214e+02,3.759964600000000132e+02
6.654456243052003401e+02,3.759964600000000132e+02
6.655011558119049369e+02,3.759964600000000132e+02
6.656073662649231437e+02,3.759964600000000132e+02
6.656375238315100660e+02,3.759964600000000132e+02
6.657183990963342239e+02,3.759964600000000132e+02
6.657738918511150814e+02,3.759964600000000132e+02
6.662377921917807271e+02,3.476413600000000201e+02
6.659102598707202105e+02,3.476413600000000201e+02
6.659911738874679941e+02,3.476413600000000201e+02
6.660466278903252260e+02,3.476413600000000201e+02
6.661530709209778252e+02,3.476413600000000201e+02
6.661829959099302414e+02,3.476413600000000201e+02
6.662639486786018779e+02,3.476413600000000201e+02
6.663193639295353705e+02,3.476413600000000201e+02
6.664771412627985683e+02,3.476413600000000201e+02
6.664557319491403860e+02,3.476413600000000201e+02
6.665367234697357617e+02,3.476413600000000201e+02
6.665920999687454014e+02,3.476413600000000201e+02
6.666987755770323929e+02,3.476413600000000201e+02
6.667284679883505305e+02,3.476413600000000201e+02
6.668094982608695318e+02,3.476413600000000201e+02
6.668648360079555459e+02,3.476413600000000201e+02
6.671263892482915026e+02,3.476413600000000201e+02
6.670012040275606751e+02,3.476413600000000201e+02
6.670822730520034156e+02,3.476413600000000201e+02
6.671375720471656905e+02,3.476413600000000201e+02
6.672444802330869607e+02,3.476413600000000201e+02
6.672739400667707059e+02,3.476413600000000201e+02
6.673550478431372994e+02,3.476413600000000201e+02
6.674103080863758350e+02,3.476413600000000201e+02
6.675691713993173835e+02,3.476413600000000201e+02
6.675466761059808505e+02,3.476413600000000201e+02
6.676278226342710695e+02,3.476413600000000201e+02
6.676830441255858659e+02,3.476413600000000201e+02
6.677901848891415284e+02,3.476413600000000201e+02
6.678194121451909950e+02,3.476413600000000201e+02
6.679005974254049534e+02,3.476413600000000201e+02
6.679557801647960105e+02,3.476413600000000201e+02
7.620163999999999760e+02,2.580517600000000016e+02
6.680921481844011396e+02,3.029312699999999836e+02
6.681733722165388372e+02,3.029312699999999836e+02
6.682285162040061550e+02,3.029312699999999836e+02
6.683358895451960962e+02,3.029312699999999836e+02
6.683648842236111705e+02,3.029312699999999836e+02
6.684461470076726073e+02,3.029312699999999836e+02
6.685012522432162996e+02,3.029312699999999836e+02
6.686612015358360850e+02,3.029312699999999836e+02
6.686376202628213150e+02,3.029312699999999836e+02
6.687189217988064911e+02,3.029312699999999836e+02
6.687739882824263304e+02,3.029312699999999836e+02
6.688815942012506639e+02,3.029312699999999836e+02
6.689103563020314596e+02,3.029312699999999836e+02
6.689916965899403749e+02,3.029312699999999836e+02
6.690467243216364750e+02,3.029312699999999836e+02
6.693129370615033622e+02,3.029312699999999836e+02
6.691830923412414904e+02,3.029312699999999836e+02
6.692644713810741450e+02,3.029312699999999836e+02
6.693194603608466196e+02,3.029312699999999836e+02
6.694272988573052316e+02,3.029312699999999836e+02
6.694558283804516350e+02,3.029312699999999836e+02
6.695372461722080288e+02,3.029312699999999836e+02
6.695921964000567641e+02,3.029312699999999836e+02
6.697532316723549002e+02,3.029312699999999836e+02
6.697285644196617795e+02,3.029312699999999836e+02
6.698100209633417990e+02,3.029312699999999836e+02
6.698649324392667950e+02,3.029312699999999836e+02
6.699730035133597994e+02,3.029312699999999836e+02
6.700013004588719241e+02,3.029312699999999836e+02
6.700827957544756828e+02,3.029312699999999836e+02
6.701376684784769395e+02,3.029312699999999836e+02
6.706208720547945177e+02,3.029312699999999836e+02
6.702740364980819550e+02,3.029312699999999836e+02
6.703555705456095666e+02,3.029312699999999836e+02
6.704104045176870841e+02,3.029312699999999836e+02
6.705187081694143671e+02,3.029312699999999836e+02
6.705467725372920995e+02,3.029312699999999836e+02
6.706283453367433367e+02,3.029312699999999836e+02
6.706831405568972286e+02,3.029312699999999836e+02
6.708452618088737154e+02,3.029312699999999836e+02
6.708195085765022441e+02,3.029312699999999836e+02
6.709011201278772205e+02,3.029312699999999836e+02
6.709558765961072595e+02,3.029312699999999836e+02
6.710644128254689349e+02,3.029312699999999836e+02
6.710922446157123886e+02,3.029312699999999836e+02
6.711738949190111043e+02,3.029312699999999836e+02
6.712286126353174041e+02,3.029312699999999836e+02
6.714994848747152218e+02,3.029312699999999836e+02
6.713649806549224195e+02,3.029312699999999836e+02
6.714466697101448744e+02,3.029312699999999836e+02
6.715013486745275486e+02,3.029312699999999836e+02
6.716101174815235026e+02,3.029312699999999836e+02
6.716377166941325640e+02,3.029312699999999836e+02
6.717194445012787583e+02,3.029312699999999836e+02
6.717740847137376932e+02,3.029312699999999836e+02
6.719372919453924169e+02,3.029312699999999836e+02
6.719104527333427086e+02,3.029312699999999836e+02
6.719922192924126421e+02,3.029312699999999836e+02
6.720468207529477240e+02,3.029312699999999836e+02
6.721558221375780704e+02,3.029312699999999836e+02
6.721831887725528532e+02,3.029312699999999836e+02
6.722649940835464122e+02,3.029312699999999836e+02
6.723195567921578686e+02,3.029312699999999836e+02
7.729098500000000058e+02,2.693515600000000063e+02
6.724559248117628840e+02,3.029312699999999836e+02
6.725377688746802960e+02,3.029312699999999836e+02
6.725922928313680131e+02,3.029312699999999836e+02
6.727015267936326381e+02,3.029312699999999836e+02
6.727286608509730286e+02,3.029312699999999836e+02
6.728105436658141798e+02,3.029312699999999836e+02
6.728650288705780440e+02,3.029312699999999836e+02
6.730293220819112321e+02,3.029312699999999836e+02
6.730013968901831731e+02,3.029312699999999836e+02
6.730833184569479499e+02,3.029312699999999836e+02
6.731377649097881886e+02,3.029312699999999836e+02
6.732472314496873196e+02,3.029312699999999836e+02
6.732741329293933177e+02,3.029312699999999836e+02
6.733560932480818337e+02,3.029312699999999836e+02
6.734105009489983331e+02,3.029312699999999836e+02
6.736860326879270815e+02,3.029312699999999836e+02
6.735468689686033485e+02,3.029312699999999836e+02
6.736288680392157175e+02,3.029312699999999836e+02
6.736832369882084777e+02,3.029312699999999836e+02
6.737929361057418873e+02,3.029312699999999836e+02
6.738196050078134931e+02,3.029312699999999836e+02
6.739016428303494877e+02,3.029312699999999836e+02
6.739559730274185085e+02,3.029312699999999836e+02
6.741213522184299336e+02,3.029312699999999836e+02
6.740923410470236377e+02,3.029312699999999836e+02
6.741744176214833715e+02,3.029312699999999836e+02
6.742287090666286531e+02,3.029312699999999836e+02
6.743386407617964551e+02,3.029312699999999836e+02
6.743650770862337822e+02,3.029312699999999836e+02
6.744471924126172553e+02,3.029312699999999836e+02
6.745014451058387976e+02,3.029312699999999836e+02
6.750039519178081946e+02,3.029312699999999836e+02
6.746378131254438131e+02,3.029312699999999836e+02
6.747199672037510254e+02,3.029312699999999836e+02
6.747741811450489422e+02,3.029312699999999836e+02
6.748843454178510228e+02,3.029312699999999836e+02
6.749105491646539576e+02,3.029312699999999836e+02
6.749927419948849092e+02,3.029312699999999836e+02
6.750469171842589731e+02,3.029312699999999836e+02
6.752133823549487488e+02,3.029312699999999836e+02
6.751832852038641022e+02,3.029312699999999836e+02
6.752655167860187930e+02,3.029312699999999836e+02
6.753196532234691176e+02,3.029312699999999836e+02
6.754300500739055906e+02,3.029312699999999836e+02
6.754560212430742467e+02,3.029312699999999836e+02
6.755382915771525631e+02,3.029312699999999836e+02
6.755923892626792622e+02,3.029312699999999836e+02
6.758725805011389411e+02,3.029312699999999836e+02
6.757287572822842776e+02,3.029312699999999836e+02
6.758110663682864470e+02,3.029312699999999836e+02
6.758651253018894067e+02,3.029312699999999836e+02
6.759757547299601583e+02,3.029312699999999836e+02
6.760014933214944222e+02,3.029312699999999836e+02
6.760838411594203308e+02,3.029312699999999836e+02
6.761378613410994376e+02,3.029312699999999836e+02
6.763054124914675640e+02,3.029312699999999836e+02
6.762742293607045667e+02,3.029312699999999836e+02
6.763566159505541009e+02,3.029312699999999836e+02
6.764105973803095821e+02,3.029312699999999836e+02
6.765214593860147261e+02,3.029312699999999836e+02
6.765469653999145976e+02,3.029312699999999836e+02
6.766293907416879847e+02,3.029312699999999836e+02
6.766833334195197267e+02,3.029312699999999836e+02
7.854479000000000042e+02,2.772231400000000008e+02
6.768197014391247421e+02,3.129743700000000217e+02
6.769021655328218685e+02,3.129743700000000217e+02
6.769560694587298713e+02,3.129743700000000217e+02
6.770671640420692938e+02,3.129743700000000217e+02
6.770924374783348867e+02,3.129743700000000217e+02
6.771749403239556386e+02,3.129743700000000217e+02
6.772288054979399021e+02,3.129743700000000217e+02
6.773974426279862655e+02,3.129743700000000217e+02
6.773651735175450312e+02,3.129743700000000217e+02
6.774477151150895224e+02,3.129743700000000217e+02
6.775015415371500467e+02,3.129743700000000217e+02
6.776128686981238616e+02,3.129743700000000217e+02
6.776379095567550621e+02,3.129743700000000217e+02
6.777204899062234063e+02,3.129743700000000217e+02
6.777742775763601912e+02,3.129743700000000217e+02
6.780591283143508008e+02,3.129743700000000217e+02
6.779106455959652067e+02,3.129743700000000217e+02
6.779932646973571764e+02,3.129743700000000217e+02
6.780470136155703358e+02,3.129743700000000217e+02
6.781585733541784293e+02,3.129743700000000217e+02
6.781833816351753512e+02,3.129743700000000217e+02
6.782660394884910602e+02,3.129743700000000217e+02
6.783197496547803667e+02,3.129743700000000217e+02
6.784894727645050807e+02,3.129743700000000217e+02
6.784561176743854958e+02,3.129743700000000217e+02
6.785388142796249440e+02,3.129743700000000217e+02
6.785924856939905112e+02,3.129743700000000217e+02
6.787042780102329971e+02,3.129743700000000217e+02
6.787288537135955266e+02,3.129743700000000217e+02
6.788115890707587141e+02,3.129743700000000217e+02
6.788652217332006558e+02,3.129743700000000217e+02
6.793870317808218715e+02,3.129743700000000217e+02
6.790015897528056712e+02,3.129743700000000217e+02
6.790843638618925979e+02,3.129743700000000217e+02
6.791379577724108003e+02,3.129743700000000217e+02
6.792499826662875648e+02,3.129743700000000217e+02
6.792743257920158158e+02,3.129743700000000217e+02
6.793571386530263680e+02,3.129743700000000217e+02
6.794106938116208312e+02,3.129743700000000217e+02
6.795815029010237822e+02,3.129743700000000217e+02
6.795470618312259603e+02,3.129743700000000217e+02
6.796299134441602519e+02,3.129743700000000217e+02
6.796834298508309757e+02,3.129743700000000217e+02
6.797956873223421326e+02,3.129743700000000217e+02
6.798197978704359912e+02,3.129743700000000217e+02
6.799026882352941357e+02,3.129743700000000217e+02
6.799561658900411203e+02,3.129743700000000217e+02
6.802456761275626604e+02,3.129743700000000217e+02
6.800925339096461357e+02,3.129743700000000217e+02
6.801754630264279058e+02,3.129743700000000217e+02
6.802289019292511512e+02,3.129743700000000217e+02
6.803413919783968140e+02,3.129743700000000217e+02
6.803652699488562803e+02,3.129743700000000217e+02
6.804482378175617896e+02,3.129743700000000217e+02
6.805016379684612957e+02,3.129743700000000217e+02
6.806735330375425974e+02,3.129743700000000217e+02
6.806380059880664248e+02,3.129743700000000217e+02
6.807210126086956734e+02,3.129743700000000217e+02
6.807743740076714403e+02,3.129743700000000217e+02
6.808870966344513818e+02,3.129743700000000217e+02
6.809107420272764557e+02,3.129743700000000217e+02
6.809937873998294435e+02,3.129743700000000217e+02
6.810471100468815848e+02,3.129743700000000217e+02
7.955347000000000435e+02,2.779778999999999769e+02
6.811834780664866003e+02,3.129743700000000217e+02
6.812665621909633273e+02,3.129743700000000217e+02
6.813198460860916157e+02,3.129743700000000217e+02
6.814328012905059495e+02,3.129743700000000217e+02
6.814562141056967448e+02,3.129743700000000217e+02
6.815393369820972111e+02,3.129743700000000217e+02
6.815925821253017602e+02,3.129743700000000217e+02
6.817655631740614126e+02,3.129743700000000217e+02
6.817289501449068894e+02,3.129743700000000217e+02
6.818121117732309813e+02,3.129743700000000217e+02
6.818653181645119048e+02,3.129743700000000217e+02
6.819785059465605173e+02,3.129743700000000217e+02
6.820016861841169202e+02,3.129743700000000217e+02
6.820848865643648651e+02,3.129743700000000217e+02
6.821380542037220494e+02,3.129743700000000217e+02
6.824322239407744064e+02,3.129743700000000217e+02
6.822744222233270648e+02,3.129743700000000217e+02
6.823576613554987489e+02,3.129743700000000217e+02
6.824107902429320802e+02,3.129743700000000217e+02
6.825242106026150850e+02,3.129743700000000217e+02
6.825471582625372093e+02,3.129743700000000217e+02
6.826304361466325190e+02,3.129743700000000217e+02
6.826835262821422248e+02,3.129743700000000217e+02
6.828575933105801141e+02,3.129743700000000217e+02
6.828198943017473539e+02,3.129743700000000217e+02
6.829032109377664028e+02,3.129743700000000217e+02
6.829562623213523693e+02,3.129743700000000217e+02
6.830699152586696528e+02,3.129743700000000217e+02
6.830926303409573848e+02,3.129743700000000217e+02
6.831759857289002866e+02,3.129743700000000217e+02
6.832289983605625139e+02,3.129743700000000217e+02
6.837701116438355484e+02,3.129743700000000217e+02
6.833653663801675293e+02,3.129743700000000217e+02
6.834487605200340568e+02,3.129743700000000217e+02
6.835017343997725447e+02,3.129743700000000217e+02
6.836156199147242205e+02,3.129743700000000217e+02
6.836381024193776739e+02,3.129743700000000217e+02
6.837215353111679406e+02,3.129743700000000217e+02
6.837744704389826893e+02,3.129743700000000217e+02
6.839496234470989293e+02,3.129743700000000217e+02
6.839108384585877047e+02,3.129743700000000217e+02
6.839943101023018244e+02,3.129743700000000217e+02
6.840472064781928339e+02,3.129743700000000217e+02
6.841613245707787883e+02,3.129743700000000217e+02
6.841835744977978493e+02,3.129743700000000217e+02
6.842670848934355945e+02,3.129743700000000217e+02
6.843199425174029784e+02,3.129743700000000217e+02
6.846187717539862660e+02,3.129743700000000217e+02
6.844563105370079938e+02,3.129743700000000217e+02
6.845398596845694783e+02,3.129743700000000217e+02
6.845926785566130093e+02,3.129743700000000217e+02
6.847070292268333560e+02,3.129743700000000217e+02
6.847290465762181384e+02,3.129743700000000217e+02
6.848126344757033621e+02,3.129743700000000217e+02
6.848654145958231538e+02,3.129743700000000217e+02
6.850416535836177445e+02,3.129743700000000217e+02
6.850017826154281693e+02,3.129743700000000217e+02
6.850854092668371322e+02,3.129743700000000217e+02
6.851381506350332984e+02,3.129743700000000217e+02
6.852527338828879238e+02,3.129743700000000217e+02
6.852745186546383138e+02,3.129743700000000217e+02
6.853581840579710160e+02,3.129743700000000217e+02
6.854108866742434429e+02,3.129743700000000217e+02
8.019615999999999758e+02,2.738376499999999965e+02
6.855472546938484584e+02,3.129743700000000217e+02
6.856309588491048999e+02,3.129743700000000217e+02
6.856836227134534738e+02,3.129743700000000217e+02
6.857984385389424915e+02,3.129743700000000217e+02
6.858199907330586029e+02,3.129743700000000217e+02
6.859037336402386700e+02,3.129743700000000217e+02
6.859563587526636184e+02,3.129743700000000217e+02
6.861336837201364460e+02,3.129743700000000217e+02
6.860927267722686338e+02,3.129743700000000217e+02
6.861765084313725538e+02,3.129743700000000217e+02
6.862290947918737629e+02,3.129743700000000217e+02
6.863441431949970593e+02,3.129743700000000217e+02
6.863654628114787783e+02,3.129743700000000217e+02
6.864492832225064376e+02,3.129743700000000217e+02
6.865018308310837938e+02,3.129743700000000217e+02
6.868053195671981257e+02,3.129743700000000217e+02
6.866381988506889229e+02,3.129743700000000217e+02
6.867220580136402077e+02,3.129743700000000217e+02
6.867745668702939383e+02,3.129743700000000217e+02
6.868898478510516270e+02,3.129743700000000217e+02
6.869109348898990675e+02,3.129743700000000217e+02
6.869948328047740915e+02,3.129743700000000217e+02
6.870473029095040829e+02,3.129743700000000217e+02
6.872257138566552612e+02,3.129743700000000217e+02
6.871836709291090983e+02,3.129743700000000217e+02
6.872676075959079753e+02,3.129743700000000217e+02
6.873200389487142274e+02,3.129743700000000217e+02
6.874355525071061948e+02,3.129743700000000217e+02
6.874564069683192429e+02,3.129743700000000217e+02
6.875403823870417455e+02,3.129743700000000217e+02
6.875927749879242583e+02,3.129743700000000217e+02
6.881531915068492253e+02,3.129743700000000217e+02
6.877291430075293874e+02,3.129743700000000217e+02
6.878131571781756293e+02,3.129743700000000217e+02
6.878655110271344029e+02,3.129743700000000217e+02
6.879812571631608762e+02,3.129743700000000217e+02
6.880018790467395320e+02,3.129743700000000217e+02
6.880859319693095131e+02,3.129743700000000217e+02
6.881382470663445474e+02,3.129743700000000217e+02
6.883177439931739627e+02,3.129743700000000217e+02
6.882746150859495629e+02,3.129743700000000217e+02
6.883587067604432832e+02,3.129743700000000217e+02
6.884109831055546920e+02,3.129743700000000217e+02
6.885269618192154439e+02,3.129743700000000217e+02
6.885473511251597074e+02,3.129743700000000217e+02
6.886314815515771670e+02,3.129743700000000217e+02
6.886837191447647228e+02,3.129743700000000217e+02
6.889918673804099853e+02,3.129743700000000217e+02
6.888200871643698520e+02,3.129743700000000217e+02
6.889042563427109371e+02,3.129743700000000217e+02
6.889564551839748674e+02,3.129743700000000217e+02
6.890726664752700117e+02,3.129743700000000217e+02
6.890928232035799965e+02,3.129743700000000217e+02
6.891770311338448209e+02,3.129743700000000217e+02
6.892291912231850119e+02,3.129743700000000217e+02
6.894097741296927779e+02,3.129743700000000217e+02
6.893655592427900274e+02,3.129743700000000217e+02
6.894498059249787048e+02,3.129743700000000217e+02
6.895019272623951565e+02,3.129743700000000217e+02
6.896183711313245794e+02,3.129743700000000217e+02
6.896382952820001719e+02,3.129743700000000217e+02
6.897225807161124749e+02,3.129743700000000217e+02
6.897746633016051874e+02,3.129743700000000217e+02
8.147696499999999560e+02,2.525389399999999966e+02
6.899110313212103165e+02,3.129743700000000217e+02
6.899953555072463587e+02,3.129743700000000217e+02
6.900473993408153319e+02,3.129743700000000217e+02
6.901640757873791472e+02,3.129743700000000217e+02
6.901837673604203474e+02,3.129743700000000217e+02
6.902681302983802425e+02,3.129743700000000217e+02
6.903201353800254765e+02,3.129743700000000217e+02
6.905018042662115931e+02,3.129743700000000217e+02
6.904565033996304919e+02,3.129743700000000217e+02
6.905409050895140126e+02,3.129743700000000217e+02
6.905928714192356210e+02,3.129743700000000217e+02
6.907097804434337149e+02,3.129743700000000217e+02
6.907292394388406365e+02,3.129743700000000217e+02
6.908136798806478964e+02,3.129743700000000217e+02
6.908656074584456519e+02,3.129743700000000217e+02
6.911784151936218450e+02,3.129743700000000217e+02
6.910019754780507810e+02,3.129743700000000217e+02
6.910864546717817802e+02,3.129743700000000217e+02
6.911383434976557965e+02,3.129743700000000217e+02
6.912554850994882827e+02,3.129743700000000217e+02
6.912747115172608119e+02,3.129743700000000217e+02
6.913592294629155504e+02,3.129743700000000217e+02
6.914110795368659410e+02,3.129743700000000217e+02
6.915938344027302946e+02,3.129743700000000217e+02
6.915474475564709564e+02,3.129743700000000217e+02
6.916320042540494342e+02,3.129743700000000217e+02
6.916838155760760856e+02,3.129743700000000217e+02
6.918011897555428504e+02,3.129743700000000217e+02
6.918201835956811010e+02,3.129743700000000217e+02
6.919047790451833180e+02,3.129743700000000217e+02
6.919565516152861164e+02,3.129743700000000217e+02
6.925362713698630159e+02,3.129743700000000217e+02
6.920929196348912456e+02,3.129743700000000217e+02
6.921775538363170881e+02,3.129743700000000217e+02
6.922292876544962610e+02,3.129743700000000217e+02
6.923468944115974182e+02,3.129743700000000217e+02
6.923656556741012764e+02,3.129743700000000217e+02
6.924503286274509719e+02,3.129743700000000217e+02
6.925020236937064055e+02,3.129743700000000217e+02
6.926858645392491098e+02,3.129743700000000217e+02
6.926383917133114210e+02,3.129743700000000217e+02
6.927231034185848557e+02,3.129743700000000217e+02
6.927747597329165501e+02,3.129743700000000217e+02
6.928925990676519859e+02,3.129743700000000217e+02
6.929111277525215655e+02,3.129743700000000217e+02
6.929958782097186258e+02,3.129743700000000217e+02
6.930474957721265810e+02,3.129743700000000217e+02
6.933649630068337046e+02,3.129743700000000217e+02
6.931838637917317101e+02,3.129743700000000217e+02
6.932686530008525096e+02,3.129743700000000217e+02
6.933202318113367255e+02,3.129743700000000217e+02
6.934383037237065537e+02,3.129743700000000217e+02
6.934565998309417409e+02,3.129743700000000217e+02
6.935414277919863935e+02,3.129743700000000217e+02
6.935929678505468701e+02,3.129743700000000217e+02
6.937778946757678113e+02,3.129743700000000217e+02
6.937293358701518855e+02,3.129743700000000217e+02
6.938142025831201636e+02,3.129743700000000217e+02
6.938657038897569009e+02,3.129743700000000217e+02
6.939840083797611214e+02,3.129743700000000217e+02
6.940020719093620301e+02,3.129743700000000217e+02
6.940869773742540474e+02,3.129743700000000217e+02
6.941384399289670455e+02,3.129743700000000217e+02
8.242776000000000067e+02,2.173592500000000030e+02
6.942748079485721746e+02,3.206410999999999945e+02
6.943597521653879312e+02,3.206410999999999945e+02
6.944111759681771900e+02,3.206410999999999945e+02
6.945297130358156892e+02,3.206410999999999945e+02
6.945475439877822055e+02,3.206410999999999945e+02
6.946325269565217013e+02,3.206410999999999945e+02
6.946839120073873346e+02,3.206410999999999945e+02
6.948699248122866265e+02,3.206410999999999945e+02
6.948202800269923500e+02,3.206410999999999945e+02
6.949053017476555851e+02,3.206410999999999945e+02
6.949566480465973655e+02,3.206410999999999945e+02
6.950754176918703706e+02,3.206410999999999945e+02
6.950930160662024946e+02,3.206410999999999945e+02
6.951780765387894689e+02,3.206410999999999945e+02
6.952293840858075100e+02,3.206410999999999945e+02
6.955515108200455643e+02,3.206410999999999945e+02
6.953657521054126391e+02,3.206410999999999945e+02
6.954508513299232391e+02,3.206410999999999945e+02
6.955021201250176546e+02,3.206410999999999945e+02
6.956211223479249384e+02,3.206410999999999945e+02
6.956384881446226700e+02,3.206410999999999945e+02
6.957236261210571229e+02,3.206410999999999945e+02
6.957748561642277991e+02,3.206410999999999945e+02
6.959619549488054417e+02,3.206410999999999945e+02
6.959112241838328146e+02,3.206410999999999945e+02
6.959964009121910067e+02,3.206410999999999945e+02
6.960475922034378300e+02,3.206410999999999945e+02
6.961668270039795061e+02,3.206410999999999945e+02
6.961839602230429591e+02,3.206410999999999945e+02
6.962691757033247768e+02,3.206410999999999945e+02
6.963203282426479745e+02,3.206410999999999945e+02
6.969193512328766928e+02,3.206410999999999945e+02
6.964566962622531037e+02,3.206410999999999945e+02
6.965419504944586606e+02,3.206410999999999945e+02
6.965930642818581191e+02,3.206410999999999945e+02
6.967125316600340739e+02,3.206410999999999945e+02
6.967294323014631345e+02,3.206410999999999945e+02
6.968147252855925444e+02,3.206410999999999945e+02
6.968658003210682637e+02,3.206410999999999945e+02
6.970539850853241433e+02,3.206410999999999945e+02
6.970021683406732791e+02,3.206410999999999945e+02
6.970875000767263145e+02,3.206410999999999945e+02
6.971385363602782945e+02,3.206410999999999945e+02
6.972582363160886416e+02,3.206410999999999945e+02
6.972749043798834236e+02,3.206410999999999945e+02
6.973602748678601984e+02,3.206410999999999945e+02
6.974112723994884391e+02,3.206410999999999945e+02
6.977380586332574239e+02,3.206410999999999945e+02
6.975476404190934545e+02,3.206410999999999945e+02
6.976330496589940822e+02,3.206410999999999945e+02
6.976840084386985836e+02,3.206410999999999945e+02
6.978039409721432094e+02,3.206410999999999945e+02
6.978203764583035991e+02,3.206410999999999945e+02
6.979058244501278523e+02,3.206410999999999945e+02
6.979567444779087282e+02,3.206410999999999945e+02
6.981460152218429585e+02,3.206410999999999945e+02
6.980931124975137436e+02,3.206410999999999945e+02
6.981785992412617361e+02,3.206410999999999945e+02
6.982294805171187591e+02,3.206410999999999945e+02
6.983496456281977771e+02,3.206410999999999945e+02
6.983658485367238882e+02,3.206410999999999945e+02
6.984513740323955062e+02,3.206410999999999945e+02
6.985022165563289036e+02,3.206410999999999945e+02
8.213443600000000515e+02,1.839577600000000075e+02
6.986385845759339190e+02,3.206410999999999945e+02
6.987241488235293900e+02,3.206410999999999945e+02
6.987749525955390482e+02,3.206410999999999945e+02
6.988953502842523449e+02,3.206410999999999945e+02
6.989113206151440636e+02,3.206410999999999945e+02
6.989969236146632738e+02,3.206410999999999945e+02
6.990476886347491927e+02,3.206410999999999945e+02
6.992380453583617737e+02,3.206410999999999945e+02
6.991840566543542081e+02,3.206410999999999945e+02
6.992696984057970440e+02,3.206410999999999945e+02
6.993204246739592236e+02,3.206410999999999945e+02
6.994410549403069126e+02,3.206410999999999945e+02
6.994567926935643527e+02,3.206410999999999945e+02
6.995424731969309278e+02,3.206410999999999945e+02
6.995931607131693681e+02,3.206410999999999945e+02
6.999246064464691699e+02,3.206410999999999945e+02
6.997295287327743836e+02,3.206410999999999945e+02
6.998152479880648116e+02,3.206410999999999945e+02
6.998658967523795127e+02,3.206410999999999945e+02
6.999867595963614804e+02,3.206410999999999945e+02
7.000022647719845281e+02,3.206410999999999945e+02
7.000880227791985817e+02,3.206410999999999945e+02
7.001386327915896572e+02,3.206410999999999945e+02
7.003300754948804752e+02,3.206410999999999945e+02
7.002750008111946727e+02,3.206410999999999945e+02
7.003607975703324655e+02,3.206410999999999945e+02
7.004113688307996881e+02,3.206410999999999945e+02
7.005324642524160481e+02,3.206410999999999945e+02
7.005477368504048172e+02,3.206410999999999945e+02
7.006335723614663493e+02,3.206410999999999945e+02
7.006841048700098327e+02,3.206410999999999945e+02
7.013024310958903698e+02,3.206410999999999945e+02
7.008204728896148481e+02,3.206410999999999945e+02
7.009063471526001194e+02,3.206410999999999945e+02
7.009568409092199772e+02,3.206410999999999945e+02
7.010781689084706159e+02,3.206410999999999945e+02
7.010932089288249927e+02,3.206410999999999945e+02
7.011791219437340033e+02,3.206410999999999945e+02
7.012295769484300081e+02,3.206410999999999945e+02
7.014221056313992904e+02,3.206410999999999945e+02
7.013659449680351372e+02,3.206410999999999945e+02
7.014518967348678871e+02,3.206410999999999945e+02
7.015023129876401526e+02,3.206410999999999945e+02
7.016238735645251836e+02,3.206410999999999945e+02
7.016386810072452818e+02,3.206410999999999945e+02
7.017246715260016572e+02,3.206410999999999945e+02
7.017750490268502972e+02,3.206410999999999945e+02
7.021111542596810295e+02,3.206410999999999945e+02
7.019114170464553126e+02,3.206410999999999945e+02
7.019974463171355410e+02,3.206410999999999945e+02
7.020477850660604417e+02,3.206410999999999945e+02
7.021695782205798650e+02,3.206410999999999945e+02
7.021841530856654572e+02,3.206410999999999945e+02
7.022702211082694248e+02,3.206410999999999945e+02
7.023205211052704726e+02,3.206410999999999945e+02
7.025141357679179919e+02,3.206410999999999945e+02
7.024568891248756017e+02,3.206410999999999945e+02
7.025429958994031949e+02,3.206410999999999945e+02
7.025932571444806172e+02,3.206410999999999945e+02
7.027152828766344328e+02,3.206410999999999945e+02
7.027296251640857463e+02,3.206410999999999945e+02
7.028157706905370787e+02,3.206410999999999945e+02
7.028659931836907617e+02,3.206410999999999945e+02
8.126751000000000431e+02,1.508088400000000036e+02
7.030023612032957772e+02,3.206410999999999945e+02
7.030885454816709625e+02,3.206410999999999945e+02
7.031387292229009063e+02,3.206410999999999945e+02
7.032609875326890005e+02,3.206410999999999945e+02
7.032750972425059217e+02,3.206410999999999945e+02
7.033613202728047327e+02,3.206410999999999945e+02
7.034114652621109371e+02,3.206410999999999945e+02
7.036061659044368071e+02,3.206410999999999945e+02
7.035478332817160663e+02,3.206410999999999945e+02
7.036340950639386165e+02,3.206410999999999945e+02
7.036842013013210817e+02,3.206410999999999945e+02
7.038066921887435683e+02,3.206410999999999945e+02
7.038205693209262108e+02,3.206410999999999945e+02
7.039068698550725003e+02,3.206410999999999945e+02
7.039569373405312263e+02,3.206410999999999945e+02
7.042977020728928892e+02,3.206410999999999945e+02
7.040933053601362417e+02,3.206410999999999945e+02
7.041796446462062704e+02,3.206410999999999945e+02
7.042296733797413708e+02,3.206410999999999945e+02
7.043523968447981360e+02,3.206410999999999945e+02
7.043660413993463862e+02,3.206410999999999945e+02
7.044524194373401542e+02,3.206410999999999945e+02
7.045024094189514017e+02,3.206410999999999945e+02
7.046981960409556223e+02,3.206410999999999945e+02
7.046387774385565308e+02,3.206410999999999945e+02
7.047251942284740380e+02,3.206410999999999945e+02
7.047751454581615462e+02,3.206410999999999945e+02
7.048981015008527038e+02,3.206410999999999945e+02
7.049115134777665617e+02,3.206410999999999945e+02
7.049979690196078081e+02,3.206410999999999945e+02
7.050478814973716908e+02,3.206410999999999945e+02
7.056855109589040467e+02,3.206410999999999945e+02
7.051842495169767062e+02,3.206410999999999945e+02
7.052707438107416920e+02,3.206410999999999945e+02
7.053206175365818353e+02,3.206410999999999945e+02
7.054438061569072715e+02,3.206410999999999945e+02
7.054569855561868508e+02,3.206410999999999945e+02
7.055435186018755758e+02,3.206410999999999945e+02
7.055933535757918662e+02,3.206410999999999945e+02
7.057902261774743238e+02,3.206410999999999945e+02
7.057297215953969953e+02,3.206410999999999945e+02
7.058162933930093459e+02,3.206410999999999945e+02
7.058660896150020108e+02,3.206410999999999945e+02
7.059895108129618393e+02,3.206410999999999945e+02
7.060024576346070262e+02,3.206410999999999945e+02
7.060890681841432297e+02,3.206410999999999945e+02
7.061388256542121553e+02,3.206410999999999945e+02
7.064842498861047488e+02,3.206410999999999945e+02
7.062751936738171707e+02,3.206410999999999945e+02
7.063618429752771135e+02,3.206410999999999945e+02
7.064115616934222999e+02,3.206410999999999945e+02
7.065352154690164070e+02,3.206410999999999945e+02
7.065479297130273153e+02,3.206410999999999945e+02
7.066346177664108836e+02,3.206410999999999945e+02
7.066842977326323307e+02,3.206410999999999945e+02
7.068822563139931390e+02,3.206410999999999945e+02
7.068206657522374599e+02,3.206410999999999945e+02
7.069073925575447674e+02,3.206410999999999945e+02
7.069570337718424753e+02,3.206410999999999945e+02
7.070809201250709748e+02,3.206410999999999945e+02
7.070934017914474907e+02,3.206410999999999945e+02
7.071801673486786513e+02,3.206410999999999945e+02
7.072297698110526198e+02,3.206410999999999945e+02
8.017915000000000418e+02,1.186905500000000018e+02
7.073661378306576353e+02,3.206410999999999945e+02
7.074529421398124214e+02,3.206410999999999945e+02
7.075025058502626507e+02,3.206410999999999945e+02
7.076266247811255425e+02,3.206410999999999945e+02
7.076388738698677798e+02,3.206410999999999945e+02
7.077257169309463052e+02,3.206410999999999945e+02
7.077752418894727953e+02,3.206410999999999945e+02
7.079742864505118405e+02,3.206410999999999945e+02
7.079116099090779244e+02,3.206410999999999945e+02
7.079984917220801890e+02,3.206410999999999945e+02
7.080479779286829398e+02,3.206410999999999945e+02
7.081723294371801103e+02,3.206410999999999945e+02
7.081843459482879553e+02,3.206410999999999945e+02
7.082712665132139591e+02,3.206410999999999945e+02
7.083207139678930844e+02,3.206410999999999945e+02
7.086707976993166085e+02,3.206410999999999945e+02
7.084570819874980998e+02,3.206410999999999945e+02
7.085440413043478429e+02,3.206410999999999945e+02
7.085934500071031152e+02,3.206410999999999945e+02
7.087180340932346780e+02,3.206410999999999945e+02
7.087298180267082444e+02,3.206410999999999945e+02
7.088168160954816130e+02,3.206410999999999945e+02
7.088661860463132598e+02,3.206410999999999945e+02
7.090663165870306557e+02,3.206410999999999945e+02
7.090025540659183889e+02,3.206410999999999945e+02
7.090895908866154969e+02,3.206410999999999945e+02
7.091389220855234043e+02,3.206410999999999945e+02
7.092637387492893595e+02,3.206410999999999945e+02
7.092752901051284198e+02,3.206410999999999945e+02
7.093623656777493807e+02,3.206410999999999945e+02
7.094116581247335489e+02,3.206410999999999945e+02
7.100685908219177236e+02,3.206410999999999945e+02
7.095480261443385643e+02,3.206410999999999945e+02
7.096351404688831508e+02,3.206410999999999945e+02
7.096843941639435798e+02,3.206410999999999945e+02
7.098094434053439272e+02,3.206410999999999945e+02
7.098207621835487089e+02,3.206410999999999945e+02
7.099079152600170346e+02,3.206410999999999945e+02
7.099571302031537243e+02,3.206410999999999945e+02
7.101583467235494709e+02,3.206410999999999945e+02
7.100934982227588534e+02,3.206410999999999945e+02
7.101806900511509184e+02,3.206410999999999945e+02
7.102298662423638689e+02,3.206410999999999945e+02
7.103551480613984950e+02,3.206410999999999945e+02
7.103662342619688843e+02,3.206410999999999945e+02
7.104534648422846885e+02,3.206410999999999945e+02
7.105026022815740134e+02,3.206410999999999945e+02
7.108573455125284681e+02,3.206410999999999945e+02
7.106389703011790289e+02,3.206410999999999945e+02
7.107262396334185723e+02,3.206410999999999945e+02
7.107753383207840443e+02,3.206410999999999945e+02
7.109008527174530627e+02,3.206410999999999945e+02
7.109117063403891734e+02,3.206410999999999945e+02
7.109990144245524561e+02,3.206410999999999945e+02
7.110480743599941889e+02,3.206410999999999945e+02
7.112503768600681724e+02,3.206410999999999945e+02
7.111844423795992043e+02,3.206410999999999945e+02
7.112717892156862263e+02,3.206410999999999945e+02
7.113208103992043334e+02,3.206410999999999945e+02
7.114465573735076305e+02,3.206410999999999945e+02
7.114571784188093488e+02,3.206410999999999945e+02
7.115445640068201101e+02,3.206410999999999945e+02
7.115935464384144780e+02,3.206410999999999945e+02
7.899388000000000147e+02,9.857860999999999763e+01
7.117299144580194934e+02,3.245356400000000008e+02
7.118173387979539939e+02,3.245356400000000008e+02
7.118662824776245088e+02,3.245356400000000008e+02
7.119922620295621982e+02,3.245356400000000008e+02
7.120026504972296379e+02,3.245356400000000008e+02
7.120901135890877640e+02,3.245356400000000008e+02
7.121390185168346534e+02,3.245356400000000008e+02
7.123424069965869876e+02,3.245356400000000008e+02
7.122753865364396688e+02,3.245356400000000008e+02
7.123628883802216478e+02,3.245356400000000008e+02
7.124117545560447979e+02,3.245356400000000008e+02
7.125379666856167660e+02,3.245356400000000008e+02
7.125481225756498134e+02,3.245356400000000008e+02
7.126356631713555316e+02,3.245356400000000008e+02
7.126844905952549425e+02,3.245356400000000008e+02
7.130438933257403278e+02,3.245356400000000008e+02
7.128208586148599579e+02,3.245356400000000008e+02
7.129084379624893018e+02,3.245356400000000008e+02
7.129572266344649734e+02,3.245356400000000008e+02
7.130836713416713337e+02,3.245356400000000008e+02
7.130935946540701025e+02,3.245356400000000008e+02
7.131812127536231856e+02,3.245356400000000008e+02
7.132299626736751179e+02,3.245356400000000008e+02
7.134344371331058028e+02,3.245356400000000008e+02
7.133663306932801333e+02,3.245356400000000008e+02
7.134539875447570694e+02,3.245356400000000008e+02
7.135026987128852625e+02,3.245356400000000008e+02
7.136293759977259015e+02,3.245356400000000008e+02
7.136390667324902779e+02,3.245356400000000008e+02
7.137267623358908395e+02,3.245356400000000008e+02
7.137754347520954070e+02,3.245356400000000008e+02
7.144516706849314005e+02,3.245356400000000008e+02
7.139118027717004225e+02,3.245356400000000008e+02
7.139995371270247233e+02,3.245356400000000008e+02
7.140481707913054379e+02,3.245356400000000008e+02
7.141750806537804692e+02,3.245356400000000008e+02
7.141845388109105670e+02,3.245356400000000008e+02
7.142723119181586071e+02,3.245356400000000008e+02
7.143209068305155824e+02,3.245356400000000008e+02
7.145264672696245043e+02,3.245356400000000008e+02
7.144572748501205979e+02,3.245356400000000008e+02
7.145450867092923772e+02,3.245356400000000008e+02
7.145936428697257270e+02,3.245356400000000008e+02
7.147207853098350370e+02,3.245356400000000008e+02
7.147300108893307424e+02,3.245356400000000008e+02
7.148178615004262610e+02,3.245356400000000008e+02
7.148663789089357579e+02,3.245356400000000008e+02
7.152304411389521874e+02,3.245356400000000008e+02
7.150027469285408870e+02,3.245356400000000008e+02
7.150906362915601449e+02,3.245356400000000008e+02
7.151391149481459024e+02,3.245356400000000008e+02
7.152664899658896047e+02,3.245356400000000008e+02
7.152754829677510315e+02,3.245356400000000008e+02
7.153634110826939150e+02,3.245356400000000008e+02
7.154118509873560470e+02,3.245356400000000008e+02
7.156184974061433195e+02,3.245356400000000008e+02
7.155482190069610624e+02,3.245356400000000008e+02
7.156361858738277988e+02,3.245356400000000008e+02
7.156845870265661915e+02,3.245356400000000008e+02
7.158121946219441725e+02,3.245356400000000008e+02
7.158209550461712070e+02,3.245356400000000008e+02
7.159089606649616826e+02,3.245356400000000008e+02
7.159573230657762224e+02,3.245356400000000008e+02
7.721455700000000206e+02,7.676953000000000316e+01
7.160936910853813515e+02,3.245356400000000008e+02
7.161817354560954527e+02,3.245356400000000008e+02
7.162300591049863669e+02,3.245356400000000008e+02
7.163578992779988539e+02,3.245356400000000008e+02
7.163664271245914961e+02,3.245356400000000008e+02
7.164545102472293365e+02,3.245356400000000008e+02
7.165027951441965115e+02,3.245356400000000008e+02
7.167105275426620210e+02,3.245356400000000008e+02
7.166391631638015269e+02,3.245356400000000008e+02
7.167272850383632203e+02,3.245356400000000008e+02
7.167755311834066561e+02,3.245356400000000008e+02
7.169036039340534217e+02,3.245356400000000008e+02
7.169118992030116715e+02,3.245356400000000008e+02
7.170000598294969905e+02,3.245356400000000008e+02
7.170482672226166869e+02,3.245356400000000008e+02
7.174169889521639334e+02,3.245356400000000008e+02
7.171846352422218160e+02,3.245356400000000008e+02
7.172728346206308743e+02,3.245356400000000008e+02
7.173210032618268315e+02,3.245356400000000008e+02
7.174493085901079894e+02,3.245356400000000008e+02
7.174573712814319606e+02,3.245356400000000008e+02
7.175456094117647581e+02,3.245356400000000008e+02
7.175937393010369760e+02,3.245356400000000008e+02
7.178025576791808362e+02,3.245356400000000008e+02
7.177301073206419915e+02,3.245356400000000008e+02
7.178183842028985282e+02,3.245356400000000008e+02
7.178664753402471206e+02,3.245356400000000008e+02
7.179950132461625572e+02,3.245356400000000008e+02
7.180028433598521360e+02,3.245356400000000008e+02
7.180911589940324120e+02,3.245356400000000008e+02
7.181392113794571515e+02,3.245356400000000008e+02
7.188347505479451911e+02,3.245356400000000008e+02
7.182755793990622806e+02,3.245356400000000008e+02
7.183639337851661821e+02,3.245356400000000008e+02
7.184119474186672960e+02,3.245356400000000008e+02
7.185407179022171249e+02,3.245356400000000008e+02
7.185483154382723114e+02,3.245356400000000008e+02
7.186367085763000659e+02,3.245356400000000008e+02
7.186846834578774406e+02,3.245356400000000008e+02
7.188945878156996514e+02,3.245356400000000008e+02
7.188210514774824560e+02,3.245356400000000008e+02
7.189094833674339498e+02,3.245356400000000008e+02
7.189574194970875851e+02,3.245356400000000008e+02
7.190864225582716927e+02,3.245356400000000008e+02
7.190937875166926005e+02,3.245356400000000008e+02
7.191822581585677199e+02,3.245356400000000008e+02
7.192301555362976160e+02,3.245356400000000008e+02
7.196035367653757930e+02,3.245356400000000008e+02
7.193665235559027451e+02,3.245356400000000008e+02
7.194550329497016037e+02,3.245356400000000008e+02
7.195028915755077605e+02,3.245356400000000008e+02
7.196321272143262604e+02,3.245356400000000008e+02
7.196392595951127760e+02,3.245356400000000008e+02
7.197278077408354875e+02,3.245356400000000008e+02
7.197756276147179051e+02,3.245356400000000008e+02
7.199866179522183529e+02,3.245356400000000008e+02
7.199119956343229205e+02,3.245356400000000008e+02
7.200005825319692576e+02,3.245356400000000008e+02
7.200483636539280496e+02,3.245356400000000008e+02
7.201778318703808281e+02,3.245356400000000008e+02
7.201847316735330651e+02,3.245356400000000008e+02
7.202733573231031414e+02,3.245356400000000008e+02
7.203210996931380805e+02,3.245356400000000008e+02
7.590800000000000409e+02,6.191076699999999988e+01
7.204574677127432096e+02,3.245356400000000008e+02
7.205461321142370252e+02,3.245356400000000008e+02
7.205938357323482251e+02,3.245356400000000008e+02
7.207235365264353959e+02,3.245356400000000008e+02
7.207302037519532405e+02,3.245356400000000008e+02
7.208189069053707954e+02,3.245356400000000008e+02
7.208665717715583696e+02,3.245356400000000008e+02
7.210786480887371681e+02,3.245356400000000008e+02
7.210029397911633851e+02,3.245356400000000008e+02
7.210916816965046792e+02,3.245356400000000008e+02
7.211393078107685142e+02,3.245356400000000008e+02
7.212692411824899636e+02,3.245356400000000008e+02
7.212756758303735296e+02,3.245356400000000008e+02
7.213644564876385630e+02,3.245356400000000008e+02
7.214120438499785450e+02,3.245356400000000008e+02
7.217900845785876527e+02,3.245356400000000008e+02
7.215484118695836742e+02,3.245356400000000008e+02
7.216372312787723331e+02,3.245356400000000008e+02
7.216847798891886896e+02,3.245356400000000008e+02
7.218149458385445314e+02,3.245356400000000008e+02
7.218211479087937050e+02,3.245356400000000008e+02
7.219100060699062169e+02,3.245356400000000008e+02
7.219575159283988341e+02,3.245356400000000008e+02
7.221706782252558696e+02,3.245356400000000008e+02
7.220938839480038496e+02,3.245356400000000008e+02
7.221827808610401007e+02,3.245356400000000008e+02
7.222302519676088650e+02,3.245356400000000008e+02
7.223606504945990991e+02,3.245356400000000008e+02
7.223666199872139941e+02,3.245356400000000008e+02
7.224555556521738708e+02,3.245356400000000008e+02
7.225029880068190096e+02,3.245356400000000008e+02
7.232178304109588680e+02,3.245356400000000008e+02
7.226393560264241387e+02,3.245356400000000008e+02
7.227283304433077546e+02,3.245356400000000008e+02
7.227757240460291541e+02,3.245356400000000008e+02
7.229063551506536669e+02,3.245356400000000008e+02
7.229120920656341696e+02,3.245356400000000008e+02
7.230011052344416385e+02,3.245356400000000008e+02
7.230484600852392987e+02,3.245356400000000008e+02
7.232627083617746848e+02,3.245356400000000008e+02
7.231848281048443141e+02,3.245356400000000008e+02
7.232738800255754086e+02,3.245356400000000008e+02
7.233211961244493295e+02,3.245356400000000008e+02
7.234520598067083483e+02,3.245356400000000008e+02
7.234575641440544587e+02,3.245356400000000008e+02
7.235466548167092924e+02,3.245356400000000008e+02
7.235939321636594741e+02,3.245356400000000008e+02
7.239766323917995123e+02,3.245356400000000008e+02
7.237303001832646032e+02,3.245356400000000008e+02
7.238194296078431762e+02,3.245356400000000008e+02
7.238666682028696187e+02,3.245356400000000008e+02
7.239977644627629161e+02,3.245356400000000008e+02
7.240030362224746341e+02,3.245356400000000008e+02
7.240922043989769463e+02,3.245356400000000008e+02
7.241394042420797632e+02,3.245356400000000008e+02
7.243547384982935000e+02,3.245356400000000008e+02
7.242757722616847786e+02,3.245356400000000008e+02
7.243649791901108301e+02,3.245356400000000008e+02
7.244121402812897941e+02,3.245356400000000008e+02
7.245434691188174838e+02,3.245356400000000008e+02
7.245485083008949232e+02,3.245356400000000008e+02
7.246377539812447139e+02,3.245356400000000008e+02
7.246848763204999386e+02,3.245356400000000008e+02
7.502633700000000090e+02,5.370361299999999716e+01
7.248212443401050677e+02,3.245356400000000008e+02
7.249105287723784841e+02,3.245356400000000008e+02
7.249576123597100832e+02,3.245356400000000008e+02
7.250891737748720516e+02,3.245356400000000008e+02
7.250939803793150986e+02,3.245356400000000008e+02
7.251833035635123679e+02,3.245356400000000008e+02
7.252303483989202277e+02,3.245356400000000008e+02
7.254467686348122015e+02,3.245356400000000008e+02
7.253667164185252432e+02,3.245356400000000008e+02
7.254560783546462517e+02,3.245356400000000008e+02
7.255030844381302586e+02,3.245356400000000008e+02
7.256348784309266193e+02,3.245356400000000008e+02
7.256394524577353877e+02,3.245356400000000008e+02
7.257288531457800218e+02,3.245356400000000008e+02
7.257758204773404032e+02,3.245356400000000008e+02
7.261631802050113720e+02,3.245356400000000008e+02
7.259121884969454186e+02,3.245356400000000008e+02
7.260016279369139056e+02,3.245356400000000008e+02
7.260485565165505477e+02,3.245356400000000008e+02
7.261805830869811871e+02,3.245356400000000008e+02
7.261849245361555631e+02,3.245356400000000008e+02
7.262744027280477894e+02,3.245356400000000008e+02
7.263212925557606923e+02,3.245356400000000008e+02
7.265387987713310167e+02,3.245356400000000008e+02
7.264576605753657077e+02,3.245356400000000008e+02
7.265471775191815595e+02,3.245356400000000008e+02
7.265940285949707231e+02,3.245356400000000008e+02
7.267262877430357548e+02,3.245356400000000008e+02
7.267303966145758523e+02,3.245356400000000008e+02
7.268199523103154434e+02,3.245356400000000008e+02
7.268667646341808677e+02,3.245356400000000008e+02
7.276009102739725449e+02,3.245356400000000008e+02
7.270031326537858831e+02,3.245356400000000008e+02
7.270927271014493272e+02,3.245356400000000008e+02
7.271395006733910122e+02,3.245356400000000008e+02
7.272719923990903226e+02,3.245356400000000008e+02
7.272758686929960277e+02,3.245356400000000008e+02
7.273655018925830973e+02,3.245356400000000008e+02
7.274122367126011568e+02,3.245356400000000008e+02
7.276308289078497182e+02,3.245356400000000008e+02
7.275486047322061722e+02,3.245356400000000008e+02
7.276382766837169811e+02,3.245356400000000008e+02
7.276849727518111877e+02,3.245356400000000008e+02
7.278176970551448903e+02,3.245356400000000008e+02
7.278213407714163168e+02,3.245356400000000008e+02
7.279110514748507512e+02,3.245356400000000008e+02
7.279577087910213322e+02,3.245356400000000008e+02
7.283497280182232316e+02,3.245356400000000008e+02
7.280940768106263477e+02,3.245356400000000008e+02
7.281838262659846350e+02,3.245356400000000008e+02
7.282304448302314768e+02,3.245356400000000008e+02
7.283634017111994581e+02,3.245356400000000008e+02
7.283668128498364922e+02,3.245356400000000008e+02
7.284566010571185188e+02,3.245356400000000008e+02
7.285031808694415076e+02,3.245356400000000008e+02
7.287228590443685334e+02,3.245356400000000008e+02
7.286395488890466368e+02,3.245356400000000008e+02
7.287293758482522890e+02,3.245356400000000008e+02
7.287759169086516522e+02,3.245356400000000008e+02
7.289091063672540258e+02,3.245356400000000008e+02
7.289122849282567813e+02,3.245356400000000008e+02
7.290021506393861728e+02,3.245356400000000008e+02
7.290486529478617967e+02,3.245356400000000008e+02
7.448052400000000262e+02,5.036816400000000016e+01
7.291850209674668122e+02,3.250686000000000035e+02
7.292749254305200566e+02,3.250686000000000035e+02
7.293213889870719413e+02,3.250686000000000035e+02
7.294548110233085936e+02,3.250686000000000035e+02
7.294577570066769567e+02,3.250686000000000035e+02
7.295477002216538267e+02,3.250686000000000035e+02
7.295941250262819722e+02,3.250686000000000035e+02
7.298148891808873486e+02,3.250686000000000035e+02
7.297304930458871013e+02,3.250686000000000035e+02
7.298204750127877105e+02,3.250686000000000035e+02
7.298668610654921167e+02,3.250686000000000035e+02
7.300005156793631613e+02,3.250686000000000035e+02
7.300032290850972458e+02,3.250686000000000035e+02
7.300932498039215943e+02,3.250686000000000035e+02
7.301395971047022613e+02,3.250686000000000035e+02
7.305362758314350913e+02,3.250686000000000035e+02
7.302759651243072767e+02,3.250686000000000035e+02
7.303660245950553644e+02,3.250686000000000035e+02
7.304123331439124058e+02,3.250686000000000035e+02
7.305462203354178428e+02,3.250686000000000035e+02
7.305487011635174213e+02,3.250686000000000035e+02
7.306387993861892483e+02,3.250686000000000035e+02
7.306850691831224367e+02,3.250686000000000035e+02
7.309069193174060501e+02,3.250686000000000035e+02
7.308214372027275658e+02,3.250686000000000035e+02
7.309115741773231321e+02,3.250686000000000035e+02
7.309578052223325813e+02,3.250686000000000035e+02
7.310919249914724105e+02,3.250686000000000035e+02
7.310941732419377104e+02,3.250686000000000035e+02
7.311843489684569022e+02,3.250686000000000035e+02
7.312305412615427258e+02,3.250686000000000035e+02
7.319839901369862218e+02,3.250686000000000035e+02
7.313669092811477412e+02,3.250686000000000035e+02
7.314571237595907860e+02,3.250686000000000035e+02
7.315032773007528704e+02,3.250686000000000035e+02
7.316376296475269783e+02,3.250686000000000035e+02
7.316396453203578858e+02,3.250686000000000035e+02
7.317298985507246698e+02,3.250686000000000035e+02
7.317760133399629012e+02,3.250686000000000035e+02
7.319989494539248653e+02,3.250686000000000035e+02
7.319123813595680303e+02,3.250686000000000035e+02
7.320026733418584399e+02,3.250686000000000035e+02
7.320487493791730458e+02,3.250686000000000035e+02
7.321833343035815460e+02,3.250686000000000035e+02
7.321851173987780612e+02,3.250686000000000035e+02
7.322754481329923237e+02,3.250686000000000035e+02
7.323214854183831903e+02,3.250686000000000035e+02
7.327228236446468372e+02,3.250686000000000035e+02
7.324578534379882058e+02,3.250686000000000035e+02
7.325482229241262075e+02,3.250686000000000035e+02
7.325942214575933349e+02,3.250686000000000035e+02
7.327290389596361138e+02,3.250686000000000035e+02
7.327305894771983503e+02,3.250686000000000035e+02
7.328209977152599777e+02,3.250686000000000035e+02
7.328669574968033658e+02,3.250686000000000035e+02
7.330909795904436805e+02,3.250686000000000035e+02
7.330033255164084949e+02,3.250686000000000035e+02
7.330937725063938615e+02,3.250686000000000035e+02
7.331396935360135103e+02,3.250686000000000035e+02
7.332747436156906815e+02,3.250686000000000035e+02
7.332760615556185257e+02,3.250686000000000035e+02
7.333665472975277453e+02,3.250686000000000035e+02
7.334124295752236549e+02,3.250686000000000035e+02
7.431166399999999612e+02,5.073303200000000146e+01
7.335487975948286703e+02,3.250686000000000035e+02
7.336393220886615154e+02,3.250686000000000035e+02
7.336851656144337994e+02,3.250686000000000035e+02
7.338204482717452493e+02,3.250686000000000035e+02
7.338215336340388149e+02,3.250686000000000035e+02
7.339120968797953992e+02,3.250686000000000035e+02
7.339579016536438303e+02,3.250686000000000035e+02
7.341830097269623820e+02,3.250686000000000035e+02
7.340942696732489594e+02,3.250686000000000035e+02
7.341848716709292830e+02,3.250686000000000035e+02
7.342306376928539748e+02,3.250686000000000035e+02
7.343661529277998170e+02,3.250686000000000035e+02
7.343670057124589903e+02,3.250686000000000035e+02
7.344576464620630531e+02,3.250686000000000035e+02
7.345033737320641194e+02,3.250686000000000035e+02
7.349093714578586969e+02,3.250686000000000035e+02
7.346397417516691348e+02,3.250686000000000035e+02
7.347304212531969370e+02,3.250686000000000035e+02
7.347761097712742639e+02,3.250686000000000035e+02
7.349118575838543848e+02,3.250686000000000035e+02
7.349124777908792794e+02,3.250686000000000035e+02
7.350031960443308208e+02,3.250686000000000035e+02
7.350488458104842948e+02,3.250686000000000035e+02
7.352750398634811972e+02,3.250686000000000035e+02
7.351852138300894239e+02,3.250686000000000035e+02
7.352759708354645909e+02,3.250686000000000035e+02
7.353215818496944394e+02,3.250686000000000035e+02
7.354575622399089525e+02,3.250686000000000035e+02
7.354579498692994548e+02,3.250686000000000035e+02
7.355487456265984747e+02,3.250686000000000035e+02
7.355943178889045839e+02,3.250686000000000035e+02
7.363670699999998988e+02,3.250686000000000035e+02
7.357306859085095994e+02,3.250686000000000035e+02
7.358215204177323585e+02,3.250686000000000035e+02
7.358670539281146148e+02,3.250686000000000035e+02
7.360032668959635203e+02,3.250686000000000035e+02
7.360034219477197439e+02,3.250686000000000035e+02
7.360942952088661286e+02,3.250686000000000035e+02
7.361397899673247593e+02,3.250686000000000035e+02
7.363670699999998988e+02,3.250686000000000035e+02
7.362761579869298885e+02,3.250686000000000035e+02
7.363670700000000124e+02,3.250686000000000035e+02
7.364125260065349039e+02,3.250686000000000035e+02
7.365489715520180880e+02,3.250686000000000035e+02
7.365488940261399193e+02,3.250686000000000035e+02
7.366398447911338963e+02,3.250686000000000035e+02
7.366852620457450485e+02,3.250686000000000035e+02
7.370959192710705565e+02,3.250686000000000035e+02
7.368216300653500639e+02,3.250686000000000035e+02
7.369126195822676664e+02,3.250686000000000035e+02
7.369579980849550793e+02,3.250686000000000035e+02
7.370946762080726558e+02,3.250686000000000035e+02
7.370943661045602084e+02,3.250686000000000035e+02
7.371853943734015502e+02,3.250686000000000035e+02
7.372307341241652239e+02,3.250686000000000035e+02
7.374591001365187140e+02,3.250686000000000035e+02
7.373671021437703530e+02,3.250686000000000035e+02
7.374581691645353203e+02,3.250686000000000035e+02
7.375034701633753684e+02,3.250686000000000035e+02
7.376403808641273372e+02,3.250686000000000035e+02
7.376398381829803839e+02,3.250686000000000035e+02
7.377309439556692041e+02,3.250686000000000035e+02
7.377762062025855130e+02,3.250686000000000035e+02
7.420811999999999671e+02,5.490185499999999763e+01
7.379125742221905284e+02,5.490185499999999763e+01
7.380037187468030879e+02,5.490185499999999763e+01
7.380489422417955439e+02,5.490185499999999763e+01
7.381860855201819049e+02,5.490185499999999763e+01
7.381853102614006730e+02,5.490185499999999763e+01
7.382764935379368580e+02,5.490185499999999763e+01
7.383216782810056884e+02,5.490185499999999763e+01
7.385511302730375292e+02,5.490185499999999763e+01
7.384580463006108175e+02,5.490185499999999763e+01
7.385492683290707419e+02,5.490185499999999763e+01
7.385944143202158330e+02,5.490185499999999763e+01
7.387317901762364727e+02,5.490185499999999763e+01
7.387307823398208484e+02,5.490185499999999763e+01
7.388220431202046257e+02,5.490185499999999763e+01
7.388671503594259775e+02,5.490185499999999763e+01
7.392824670842824162e+02,5.490185499999999763e+01
7.390035183790309929e+02,5.490185499999999763e+01
7.390948179113383958e+02,5.490185499999999763e+01
7.391398863986360084e+02,5.490185499999999763e+01
7.392774948322910404e+02,5.490185499999999763e+01
7.392762544182411375e+02,5.490185499999999763e+01
7.393675927024722796e+02,5.490185499999999763e+01
7.394126224378461529e+02,5.490185499999999763e+01
7.396431604095562307e+02,5.490185499999999763e+01
7.395489904574511684e+02,5.490185499999999763e+01
7.396403674936061634e+02,5.490185499999999763e+01
7.396853584770562975e+02,5.490185499999999763e+01
7.398231994883456082e+02,5.490185499999999763e+01
7.398217264966613129e+02,5.490185499999999763e+01
7.399131422847399335e+02,5.490185499999999763e+01
7.399580945162664420e+02,5.490185499999999763e+01
7.407501498630136894e+02,5.490185499999999763e+01
7.400944625358714575e+02,5.490185499999999763e+01
7.401859170758738173e+02,5.490185499999999763e+01
7.402308305554764729e+02,5.490185499999999763e+01
7.403689041444001759e+02,5.490185499999999763e+01
7.403671985750816020e+02,5.490185499999999763e+01
7.404586918670077011e+02,5.490185499999999763e+01
7.405035665946866175e+02,5.490185499999999763e+01
7.407351905460750459e+02,5.490185499999999763e+01
7.406399346142916329e+02,5.490185499999999763e+01
7.407314666581414713e+02,5.490185499999999763e+01
7.407763026338967620e+02,5.490185499999999763e+01
7.409146088004547437e+02,5.490185499999999763e+01
7.409126706535017775e+02,5.490185499999999763e+01
7.410042414492753551e+02,5.490185499999999763e+01
7.410490386731069066e+02,5.490185499999999763e+01
7.414690148974942758e+02,5.490185499999999763e+01
7.411854066927119220e+02,5.490185499999999763e+01
7.412770162404092389e+02,5.490185499999999763e+01
7.413217747123169374e+02,5.490185499999999763e+01
7.414603134565093114e+02,5.490185499999999763e+01
7.414581427319220666e+02,5.490185499999999763e+01
7.415497910315430090e+02,5.490185499999999763e+01
7.415945107515270820e+02,5.490185499999999763e+01
7.418272206825937474e+02,5.490185499999999763e+01
7.417308787711320974e+02,5.490185499999999763e+01
7.418225658226768928e+02,5.490185499999999763e+01
7.418672467907372265e+02,5.490185499999999763e+01
7.420060181125638792e+02,5.490185499999999763e+01
7.420036148103422420e+02,5.490185499999999763e+01
7.420953406138107766e+02,5.490185499999999763e+01
7.421399828299473711e+02,5.490185499999999763e+01
7.450993999999999460e+02,6.869678000000000395e+01
7.422763508495523865e+02,5.073303200000000146e+01
7.423681154049445468e+02,5.073303200000000146e+01
7.424127188691574020e+02,5.073303200000000146e+01
7.425517227686184469e+02,5.073303200000000146e+01
7.425490868887625311e+02,5.073303200000000146e+01
7.426408901960784306e+02,5.073303200000000146e+01
7.426854549083675465e+02,5.073303200000000146e+01
7.429192508191125626e+02,5.073303200000000146e+01
7.428218229279725620e+02,5.073303200000000146e+01
7.429136649872123144e+02,5.073303200000000146e+01
7.429581909475776911e+02,5.073303200000000146e+01
7.430974274246730147e+02,5.073303200000000146e+01
7.430945589671827065e+02,5.073303200000000146e+01
7.431864397783460845e+02,5.073303200000000146e+01
7.432309269867877219e+02,5.073303200000000146e+01
7.436555627107061355e+02,5.073303200000000146e+01
7.433672950063928511e+02,5.073303200000000146e+01
7.434592145694799683e+02,5.073303200000000146e+01
7.435036630259978665e+02,5.073303200000000146e+01
7.436431320807275824e+02,5.073303200000000146e+01
7.436400310456029956e+02,5.073303200000000146e+01
7.437319893606138521e+02,5.073303200000000146e+01
7.437763990652080111e+02,5.073303200000000146e+01
7.440112809556313778e+02,5.073303200000000146e+01
7.439127670848130265e+02,5.073303200000000146e+01
7.440047641517476222e+02,5.073303200000000146e+01
7.440491351044181556e+02,5.073303200000000146e+01
7.441888367367821502e+02,5.073303200000000146e+01
7.441855031240231710e+02,5.073303200000000146e+01
7.442775389428815060e+02,5.073303200000000146e+01
7.443218711436281865e+02,5.073303200000000146e+01
7.451332297260273663e+02,6.869678000000000395e+01
7.444582391632333156e+02,5.036816400000000016e+01
7.445503137340153899e+02,5.036816400000000016e+01
7.445946071828383310e+02,5.036816400000000016e+01
7.447345413928367179e+02,5.036816400000000016e+01
7.447309752024434601e+02,5.036816400000000016e+01
7.448230885251491600e+02,5.036816400000000016e+01
7.448673432220484756e+02,5.036816400000000016e+01
7.451033110921500793e+02,6.869678000000000395e+01
7.450037112416534910e+02,6.869678000000000395e+01
7.450958633162830438e+02,6.869678000000000395e+01
7.451400792612586201e+02,6.869678000000000395e+01
7.452802460488913994e+02,6.869678000000000395e+01
7.452764472808636356e+02,6.869678000000000395e+01
7.453686381074169276e+02,6.869678000000000395e+01
7.454128153004686510e+02,6.869678000000000395e+01
7.458421105239179951e+02,6.869678000000000395e+01
7.455491833200737801e+02,6.869678000000000395e+01
7.456414128985506977e+02,6.869678000000000395e+01
7.456855513396787956e+02,6.869678000000000395e+01
7.458259507049459671e+02,6.869678000000000395e+01
7.458219193592838110e+02,6.869678000000000395e+01
7.459141876896845815e+02,6.869678000000000395e+01
7.459582873788889401e+02,6.869678000000000395e+01
7.461953412286688945e+02,6.869678000000000395e+01
7.460946553984939555e+02,6.869678000000000395e+01
7.461869624808184653e+02,6.869678000000000395e+01
7.462310234180990847e+02,6.869678000000000395e+01
7.463716553610005349e+02,6.869678000000000395e+01
7.463673914377041001e+02,6.869678000000000395e+01
7.464597372719522355e+02,6.869678000000000395e+01
7.465037594573091155e+02,6.869678000000000395e+01
7.544530600000000504e+02,9.608532999999999902e+01
7.466401274769142447e+02,3.226471000000000231e+02
7.467325120630861193e+02,3.226471000000000231e+02
7.467764954965192601e+02,3.226471000000000231e+02
7.469173600170551026e+02,3.226471000000000231e+02
7.469128635161242755e+02,3.226471000000000231e+02
7.470052868542198894e+02,3.226471000000000231e+02
7.470492315357294046e+02,3.226471000000000231e+02
7.472873713651877097e+02,3.226471000000000231e+02
7.471855995553344201e+02,3.226471000000000231e+02
7.472780616453537732e+02,3.226471000000000231e+02
7.473219675749395492e+02,3.226471000000000231e+02
7.474630646731096704e+02,3.226471000000000231e+02
7.474583355945445646e+02,3.226471000000000231e+02
7.475508364364876570e+02,3.226471000000000231e+02
7.475947036141495801e+02,3.226471000000000231e+02
7.480286583371298548e+02,3.226471000000000231e+02
7.477310716337547092e+02,3.226471000000000231e+02
7.478236112276214271e+02,3.226471000000000231e+02
7.478674396533597246e+02,3.226471000000000231e+02
7.480087693291642381e+02,3.226471000000000231e+02
7.480038076729647400e+02,3.226471000000000231e+02
7.480963860187553109e+02,3.226471000000000231e+02
7.481401756925698692e+02,3.226471000000000231e+02
7.483794015017064112e+02,3.226471000000000231e+02
7.482765437121748846e+02,3.226471000000000231e+02
7.483691608098891948e+02,3.226471000000000231e+02
7.484129117317800137e+02,3.226471000000000231e+02
7.485544739852188059e+02,3.226471000000000231e+02
7.485492797513850292e+02,3.226471000000000231e+02
7.486419356010229649e+02,3.226471000000000231e+02
7.486856477709900446e+02,3.226471000000000231e+02
7.495163095890410432e+02,5.370361299999999716e+01
7.488220157905951737e+02,5.370361299999999716e+01
7.489147103921568487e+02,5.370361299999999716e+01
7.489583838102001891e+02,5.370361299999999716e+01
7.491001786412733736e+02,5.370361299999999716e+01
7.490947518298052046e+02,5.370361299999999716e+01
7.491874851832907325e+02,5.370361299999999716e+01
7.492311198494103337e+02,5.370361299999999716e+01
7.494714316382252264e+02,5.370361299999999716e+01
7.493674878690153491e+02,5.370361299999999716e+01
7.494602599744245026e+02,5.370361299999999716e+01
7.495038558886203646e+02,5.370361299999999716e+01
7.496458832973279414e+02,5.370361299999999716e+01
7.496402239082254937e+02,5.370361299999999716e+01
7.497330347655583864e+02,5.370361299999999716e+01
7.497765919278305091e+02,5.370361299999999716e+01
7.502152061503416007e+02,5.370361299999999716e+01
7.499129599474356382e+02,5.370361299999999716e+01
7.500058095566922702e+02,5.370361299999999716e+01
7.500493279670406537e+02,5.370361299999999716e+01
7.501915879533825091e+02,5.370361299999999716e+01
7.501856959866456691e+02,5.370361299999999716e+01
7.502785843478260404e+02,5.370361299999999716e+01
7.503220640062507982e+02,5.370361299999999716e+01
7.505634617747439279e+02,5.370361299999999716e+01
7.504584320258558137e+02,5.370361299999999716e+01
7.505513591389599242e+02,5.370361299999999716e+01
7.505948000454608291e+02,5.370361299999999716e+01
7.507372926094370769e+02,5.370361299999999716e+01
7.507311680650659582e+02,5.370361299999999716e+01
7.508241339300938080e+02,5.370361299999999716e+01
7.508675360846709737e+02,5.370361299999999716e+01
7.682614999999999554e+02,1.193199500000000057e+02
7.510039041042761028e+02,2.362054400000000101e+02
7.510969087212275781e+02,2.362054400000000101e+02
7.511402721238811182e+02,2.362054400000000101e+02
7.512829972654916446e+02,2.362054400000000101e+02
7.512766401434861336e+02,2.362054400000000101e+02
7.513696835123614619e+02,2.362054400000000101e+02
7.514130081630912628e+02,2.362054400000000101e+02
7.516554919112627431e+02,2.362054400000000101e+02
7.515493761826962782e+02,2.362054400000000101e+02
7.516424583034953457e+02,2.362054400000000101e+02
7.516857442023012936e+02,2.362054400000000101e+02
7.518287019215462124e+02,2.362054400000000101e+02
7.518221122219064227e+02,2.362054400000000101e+02
7.519152330946291158e+02,2.362054400000000101e+02
7.519584802415114382e+02,2.362054400000000101e+02
7.524017539635534604e+02,2.362054400000000101e+02
7.520948482611165673e+02,2.362054400000000101e+02
7.521880078857629996e+02,2.362054400000000101e+02
7.522312162807215827e+02,2.362054400000000101e+02
7.523744065776008938e+02,2.362054400000000101e+02
7.523675843003265982e+02,2.362054400000000101e+02
7.524607826768968835e+02,2.362054400000000101e+02
7.525039523199317273e+02,2.362054400000000101e+02
7.527475220477815583e+02,2.362054400000000101e+02
7.526403203395367427e+02,2.362054400000000101e+02
7.527335574680306536e+02,2.362054400000000101e+02
7.527766883591417582e+02,2.362054400000000101e+02
7.529201112336554615e+02,2.362054400000000101e+02
7.529130563787468873e+02,2.362054400000000101e+02
7.530063322591645374e+02,2.362054400000000101e+02
7.530494243983519027e+02,2.362054400000000101e+02
7.538993894520547201e+02,2.362054400000000101e+02
7.531857924179569181e+02,2.362054400000000101e+02
7.532791070502984212e+02,2.362054400000000101e+02
7.533221604375620473e+02,2.362054400000000101e+02
7.534658158897100293e+02,2.362054400000000101e+02
7.534585284571670627e+02,2.362054400000000101e+02
7.535518818414321913e+02,2.362054400000000101e+02
7.535948964767721918e+02,2.362054400000000101e+02
7.538395521843002598e+02,2.362054400000000101e+02
7.537312644963772073e+02,2.362054400000000101e+02
7.538246566325660751e+02,2.362054400000000101e+02
7.538676325159822227e+02,2.362054400000000101e+02
7.540115205457645970e+02,2.362054400000000101e+02
7.540040005355873518e+02,2.362054400000000101e+02
7.540974314236999589e+02,2.362054400000000101e+02
7.541403685551923672e+02,2.362054400000000101e+02
7.545883017767653200e+02,9.608532999999999902e+01
7.542767365747973827e+02,2.362054400000000101e+02
7.543702062148337291e+02,2.203421600000000069e+02
7.544131045944025118e+02,2.203421600000000069e+02
7.545572252018191648e+02,9.608532999999999902e+01
7.545494726140075272e+02,9.608532999999999902e+01
7.546429810059676129e+02,9.608532999999999902e+01
7.546858406336126563e+02,9.608532999999999902e+01
7.549315823208190750e+02,9.608532999999999902e+01
7.548222086532176718e+02,9.608532999999999902e+01
7.549157557971014967e+02,9.608532999999999902e+01
7.549585766728226872e+02,9.608532999999999902e+01
7.551029298578737325e+02,9.608532999999999902e+01
7.550949446924278163e+02,9.608532999999999902e+01
7.551885305882352668e+02,9.608532999999999902e+01
7.552313127120328318e+02,9.608532999999999902e+01
7.916878000000000384e+02,1.509179699999999968e+02
7.553676807316378472e+02,2.481708999999999889e+02
7.554613053793691506e+02,2.481708999999999889e+02
7.555040487512429763e+02,2.481708999999999889e+02
7.556486345139283003e+02,2.481708999999999889e+02
7.556404167708479918e+02,2.481708999999999889e+02
7.557340801705030344e+02,2.481708999999999889e+02
7.557767847904531209e+02,2.481708999999999889e+02
7.560236124573377765e+02,2.481708999999999889e+02
7.559131528100581363e+02,2.481708999999999889e+02
7.560068549616368045e+02,2.481708999999999889e+02
7.560495208296631517e+02,2.481708999999999889e+02
7.561943391699828680e+02,2.481708999999999889e+02
7.561858888492682809e+02,2.481708999999999889e+02
7.562796297527706884e+02,2.481708999999999889e+02
7.563222568688732963e+02,2.481708999999999889e+02
7.567748495899771797e+02,2.481708999999999889e+02
7.564586248884783117e+02,2.481708999999999889e+02
7.565524045439044585e+02,2.481708999999999889e+02
7.565949929080834409e+02,2.481708999999999889e+02
7.567400438260374358e+02,2.481708999999999889e+02
7.567313609276884563e+02,2.481708999999999889e+02
7.568251793350383423e+02,2.481708999999999889e+02
7.568677289472934717e+02,2.481708999999999889e+02
7.571156425938565917e+02,2.481708999999999889e+02
7.570040969668986008e+02,2.481708999999999889e+02
7.570979541261722261e+02,2.481708999999999889e+02
7.571404649865036163e+02,2.481708999999999889e+02
7.572857484820920035e+02,2.481708999999999889e+02
7.572768330061087454e+02,2.481708999999999889e+02
7.573707289173059962e+02,2.481708999999999889e+02
7.574132010257137608e+02,2.481708999999999889e+02
7.582824693150683970e+02,3.171621000000000095e+02
7.575495690453187763e+02,3.171621000000000095e+02
7.576435037084398800e+02,3.171621000000000095e+02
7.576859370649239054e+02,3.171621000000000095e+02
7.578314531381465713e+02,3.171621000000000095e+02
7.578223050845289208e+02,3.171621000000000095e+02
7.579162784995737638e+02,3.171621000000000095e+02
7.579586731041339362e+02,3.171621000000000095e+02
7.582076727303754069e+02,3.171621000000000095e+02
7.580950411237390654e+02,3.171621000000000095e+02
7.581890532907075340e+02,3.171621000000000095e+02
7.582314091433440808e+02,3.171621000000000095e+02
7.583771577942011390e+02,3.171621000000000095e+02
7.583677771629492099e+02,3.171621000000000095e+02
7.584618280818414178e+02,3.171621000000000095e+02
7.585041451825542254e+02,3.171621000000000095e+02
7.589613974031890393e+02,6.191076699999999988e+01
7.586405132021592408e+02,3.171621000000000095e+02
7.587346028729753016e+02,3.171621000000000095e+02
7.587768812217643699e+02,3.171621000000000095e+02
7.589228624502557068e+02,6.191076699999999988e+01
7.589132492413693853e+02,6.191076699999999988e+01
7.590073776641090717e+02,6.191076699999999988e+01
7.590496172609744008e+02,6.191076699999999988e+01
7.592997028668941084e+02,6.191076699999999988e+01
7.591859852805795299e+02,6.191076699999999988e+01
7.592801524552429555e+02,6.191076699999999988e+01
7.593223533001845453e+02,6.191076699999999988e+01
7.594685671063103882e+02,6.191076699999999988e+01
7.594587213197896745e+02,6.191076699999999988e+01
7.595529272463768393e+02,6.191076699999999988e+01
7.595950893393946899e+02,6.191076699999999988e+01
8.182802000000000362e+02,1.811370799999999974e+02
7.597314573589997053e+02,2.005206300000000113e+02
7.598257020375106094e+02,2.005206300000000113e+02
7.598678253786048344e+02,2.005206300000000113e+02
7.600142717623649560e+02,2.005206300000000113e+02
7.600041933982098499e+02,2.005206300000000113e+02
7.600984768286444933e+02,2.005206300000000113e+02
7.601405614178148653e+02,2.005206300000000113e+02
7.603917330034129236e+02,2.005206300000000113e+02
7.602769294374199944e+02,2.005206300000000113e+02
7.603712516197783771e+02,2.005206300000000113e+02
7.604132974570250099e+02,2.005206300000000113e+02
7.605599764184195237e+02,2.005206300000000113e+02
7.605496654766300253e+02,2.005206300000000113e+02
7.606440264109121472e+02,2.005206300000000113e+02
7.606860334962351544e+02,2.005206300000000113e+02
7.611479452164008990e+02,2.005206300000000113e+02
7.608224015158401698e+02,2.005206300000000113e+02
7.609168012020460310e+02,2.005206300000000113e+02
7.609587695354452990e+02,2.005206300000000113e+02
7.611056810744740915e+02,2.005206300000000113e+02
7.610951375550503144e+02,2.005206300000000113e+02
7.611895759931799148e+02,2.005206300000000113e+02
7.612315055746553298e+02,2.005206300000000113e+02
7.614837631399316251e+02,2.005206300000000113e+02
7.613678735942604590e+02,2.005206300000000113e+02
7.614623507843136849e+02,2.005206300000000113e+02
7.615042416138654744e+02,2.005206300000000113e+02
7.616513857305286592e+02,2.005206300000000113e+02
7.616406096334704898e+02,2.005206300000000113e+02
7.617351255754475687e+02,2.005206300000000113e+02
7.617769776530756189e+02,2.005206300000000113e+02
7.626655491780820739e+02,2.580517600000000016e+02
7.619133456726806344e+02,2.580517600000000016e+02
7.620079003665814525e+02,2.580517600000000016e+02
7.620497136922857635e+02,2.580517600000000016e+02
7.621970903865832270e+02,2.580517600000000016e+02
7.621860817118907789e+02,2.580517600000000016e+02
7.622806751577152227e+02,2.580517600000000016e+02
7.623224497314957944e+02,2.580517600000000016e+02
7.625757932764504403e+02,2.580517600000000016e+02
7.624588177511009235e+02,2.580517600000000016e+02
7.625534499488491065e+02,2.580517600000000016e+02
7.625951857707059389e+02,2.580517600000000016e+02
7.627427950426377947e+02,2.580517600000000016e+02
7.627315537903109544e+02,2.580517600000000016e+02
7.628262247399829903e+02,2.580517600000000016e+02
7.628679218099160835e+02,2.580517600000000016e+02
7.633344930296127586e+02,2.580517600000000016e+02
7.630042898295210989e+02,2.580517600000000016e+02
7.630989995311167604e+02,2.580517600000000016e+02
7.631406578491262280e+02,2.580517600000000016e+02
7.632884996986923625e+02,2.580517600000000016e+02
7.632770258687312435e+02,2.580517600000000016e+02
7.633717743222506442e+02,2.580517600000000016e+02
7.634133938883362589e+02,2.580517600000000016e+02
7.636678234129692555e+02,2.580517600000000016e+02
7.635497619079413880e+02,2.580517600000000016e+02
7.636445491133845280e+02,2.580517600000000016e+02
7.636861299275464035e+02,2.580517600000000016e+02
7.638342043547469302e+02,2.580517600000000016e+02
7.638224979471514189e+02,2.580517600000000016e+02
7.639173239045182981e+02,2.580517600000000016e+02
7.639588659667565480e+02,2.580517600000000016e+02
8.433905999999999494e+02,2.048427700000000016e+02
7.640952339863615634e+02,3.089096700000000055e+02
7.641900986956521820e+02,3.089096700000000055e+02
7.642316020059665789e+02,3.089096700000000055e+02
7.643799090108014980e+02,3.089096700000000055e+02
7.643679700255717080e+02,3.089096700000000055e+02
7.644628734867860658e+02,3.089096700000000055e+02
7.645043380451767234e+02,3.089096700000000055e+02
7.647598535494879570e+02,3.089096700000000055e+02
7.646407060647818525e+02,3.089096700000000055e+02
7.647356482779198359e+02,3.089096700000000055e+02
7.647770740843868680e+02,3.089096700000000055e+02
7.649256136668560657e+02,3.089096700000000055e+02
7.649134421039918834e+02,3.089096700000000055e+02
7.650084230690537197e+02,3.089096700000000055e+02
7.650498101235970125e+02,3.089096700000000055e+02
7.655210408428246183e+02,3.089096700000000055e+02
7.651861781432020280e+02,3.089096700000000055e+02
7.652811978601876035e+02,3.089096700000000055e+02
7.653225461628070434e+02,3.089096700000000055e+02
7.654713183229106335e+02,3.089096700000000055e+02
7.654589141824121725e+02,3.089096700000000055e+02
7.655539726513213736e+02,3.089096700000000055e+02
7.655952822020171880e+02,3.089096700000000055e+02
7.658518836860067722e+02,3.089096700000000055e+02
7.657316502216223171e+02,3.089096700000000055e+02
7.658267474424552574e+02,3.089096700000000055e+02
7.658680182412273325e+02,3.089096700000000055e+02
7.660170229789652012e+02,3.089096700000000055e+02
7.660043862608323479e+02,3.089096700000000055e+02
7.660995222335890276e+02,3.089096700000000055e+02
7.661407542804374771e+02,3.089096700000000055e+02
7.670486290410958645e+02,3.089096700000000055e+02
7.662771223000424925e+02,3.089096700000000055e+02
7.663722970247229114e+02,3.089096700000000055e+02
7.664134903196475079e+02,3.089096700000000055e+02
7.665627276350198827e+02,3.089096700000000055e+02
7.665498583392526371e+02,3.089096700000000055e+02
7.666450718158567952e+02,3.089096700000000055e+02
7.666862263588576525e+02,3.089096700000000055e+02
7.669439138225255874e+02,3.089096700000000055e+02
7.668225943784626679e+02,3.089096700000000055e+02
7.669178466069905653e+02,3.089096700000000055e+02
7.669589623980677970e+02,3.089096700000000055e+02
7.671084322910744504e+02,3.089096700000000055e+02
7.670953304176728125e+02,3.089096700000000055e+02
7.671906213981244491e+02,3.089096700000000055e+02
7.672316984372779416e+02,3.089096700000000055e+02
7.677075886560363642e+02,3.089096700000000055e+02
7.673680664568829570e+02,3.089096700000000055e+02
7.674633961892583329e+02,3.089096700000000055e+02
7.675044344764879725e+02,3.089096700000000055e+02
7.676541369471290182e+02,3.089096700000000055e+02
7.676408024960931016e+02,3.089096700000000055e+02
7.677361709803921030e+02,3.089096700000000055e+02
7.677771705156981170e+02,3.089096700000000055e+02
7.680359439590442889e+02,3.089096700000000055e+02
7.679135385353031324e+02,3.089096700000000055e+02
7.680089457715259869e+02,3.089096700000000055e+02
7.680499065549082616e+02,3.089096700000000055e+02
7.681998416031835859e+02,1.193199500000000057e+02
7.681862745745132770e+02,1.193199500000000057e+02
7.682817205626598707e+02,1.193199500000000057e+02
7.683226425941184061e+02,1.193199500000000057e+02
8.668440000000000509e+02,2.216370799999999974e+02
7.684590106137234216e+02,1.856810299999999927e+02
7.685544953537936408e+02,1.856810299999999927e+02
7.685953786333284370e+02,1.856810299999999927e+02
7.687455462592381537e+02,1.856810299999999927e+02
7.687317466529335661e+02,1.856810299999999927e+02
7.688272701449275246e+02,1.856810299999999927e+02
7.688681146725385815e+02,1.856810299999999927e+02
7.691279740955631041e+02,1.856810299999999927e+02
7.690044826921435970e+02,1.856810299999999927e+02
7.691000449360614084e+02,1.856810299999999927e+02
7.691408507117487261e+02,1.856810299999999927e+02
7.692912509152927214e+02,1.856810299999999927e+02
7.692772187313537415e+02,1.856810299999999927e+02
7.693728197271951785e+02,1.856810299999999927e+02
7.694135867509588707e+02,1.856810299999999927e+02
7.698941364692482239e+02,1.856810299999999927e+02
7.695499547705638861e+02,1.856810299999999927e+02
7.696455945183290623e+02,1.856810299999999927e+02
7.696863227901689015e+02,1.856810299999999927e+02
7.698369555713472892e+02,1.856810299999999927e+02
7.698226908097740306e+02,1.856810299999999927e+02
7.699183693094629461e+02,1.856810299999999927e+02
7.699590588293790461e+02,1.856810299999999927e+02
7.702200042320818056e+02,1.856810299999999927e+02
7.700954268489840615e+02,1.856810299999999927e+02
7.701911441005967163e+02,1.856810299999999927e+02
7.702317948685891906e+02,1.856810299999999927e+02
7.703826602274018569e+02,1.856810299999999927e+02
7.703681628881942061e+02,1.856810299999999927e+02
7.704639188917306001e+02,1.856810299999999927e+02
7.705045309077992215e+02,1.856810299999999927e+02
7.714317089041095414e+02,7.676953000000000316e+01
7.706408989274043506e+02,7.676953000000000316e+01
7.707366936828644839e+02,7.676953000000000316e+01
7.707772669470093660e+02,7.676953000000000316e+01
7.709283648834564246e+02,7.676953000000000316e+01
7.709136349666144952e+02,7.676953000000000316e+01
7.710094684739982540e+02,7.676953000000000316e+01
7.710500029862195106e+02,7.676953000000000316e+01
7.713120343686006208e+02,7.676953000000000316e+01
7.711863710058245260e+02,7.676953000000000316e+01
7.712822432651321378e+02,7.676953000000000316e+01
7.713227390254296552e+02,7.676953000000000316e+01
7.714740695395109924e+02,7.676953000000000316e+01
7.714591070450346706e+02,7.676953000000000316e+01
7.715550180562660216e+02,7.676953000000000316e+01
7.715954750646396860e+02,7.676953000000000316e+01
7.720806842824600835e+02,7.676953000000000316e+01
7.717318430842448151e+02,7.676953000000000316e+01
7.718277928473997918e+02,7.676953000000000316e+01
7.718682111038498306e+02,7.676953000000000316e+01
7.720197741955655601e+02,7.676953000000000316e+01
7.720045791234549597e+02,7.676953000000000316e+01
7.721005676385336756e+02,7.676953000000000316e+01
7.721409471430599751e+02,7.676953000000000316e+01
7.724040645051194360e+02,7.676953000000000316e+01
7.722773151626649906e+02,7.676953000000000316e+01
7.723733424296675594e+02,7.676953000000000316e+01
7.724136831822701197e+02,7.676953000000000316e+01
7.725654788516201279e+02,7.676953000000000316e+01
7.725500512018751351e+02,7.676953000000000316e+01
7.726461172208013295e+02,7.676953000000000316e+01
7.726864192214801506e+02,7.676953000000000316e+01
8.871820699999999533e+02,2.297004399999999862e+02
7.728227872410852797e+02,2.693515600000000063e+02
7.729188920119352133e+02,2.693515600000000063e+02
7.729591552606902951e+02,2.693515600000000063e+02
7.731111835076746956e+02,2.693515600000000063e+02
7.730955232802954242e+02,2.693515600000000063e+02
7.731916668030690971e+02,2.693515600000000063e+02
7.732318912999004397e+02,2.693515600000000063e+02
7.734960946416381375e+02,2.693515600000000063e+02
7.733682593195054551e+02,2.693515600000000063e+02
7.734644415942028672e+02,2.693515600000000063e+02
7.735046273391105842e+02,2.693515600000000063e+02
7.736568881637293771e+02,2.693515600000000063e+02
7.736409953587155997e+02,2.693515600000000063e+02
7.737372163853367510e+02,2.693515600000000063e+02
7.737773633783206151e+02,2.693515600000000063e+02
7.742672320956719432e+02,2.693515600000000063e+02
7.739137313979257442e+02,2.693515600000000063e+02
7.740099911764706349e+02,2.693515600000000063e+02
7.740500994175307596e+02,2.693515600000000063e+02
7.742025928197839448e+02,2.693515600000000063e+02
7.741864674371357751e+02,2.693515600000000063e+02
7.742827659676044050e+02,2.693515600000000063e+02
7.743228354567409042e+02,2.693515600000000063e+02
7.745881247781569527e+02,2.693515600000000063e+02
7.744592034763459196e+02,2.693515600000000063e+02
7.745555407587382888e+02,2.693515600000000063e+02
7.745955714959510487e+02,2.693515600000000063e+02
7.747482974758385126e+02,2.693515600000000063e+02
7.747319395155560642e+02,2.693515600000000063e+02
7.748283155498721726e+02,2.693515600000000063e+02
7.748683075351610796e+02,2.693515600000000063e+02
7.758147887671232183e+02,1.801337900000000047e+02
7.750046755547662087e+02,1.801337900000000047e+02
7.751010903410059427e+02,1.801337900000000047e+02
7.751410435743712242e+02,1.801337900000000047e+02
7.752940021318930803e+02,1.801337900000000047e+02
7.752774115939762396e+02,1.801337900000000047e+02
7.753738651321398265e+02,1.801337900000000047e+02
7.754137796135813687e+02,1.801337900000000047e+02
7.756801549146756543e+02,1.801337900000000047e+02
7.755501476331863842e+02,1.801337900000000047e+02
7.756466399232735967e+02,1.801337900000000047e+02
7.756865156527915133e+02,1.801337900000000047e+02
7.758397067879476481e+02,1.801337900000000047e+02
7.758228836723965287e+02,1.801337900000000047e+02
7.759194147144074805e+02,1.801337900000000047e+02
7.759592516920015441e+02,1.801337900000000047e+02
7.764537799088838028e+02,1.801337900000000047e+02
7.760956197116066733e+02,1.801337900000000047e+02
7.761921895055413643e+02,1.801337900000000047e+02
7.762319877312116887e+02,1.801337900000000047e+02
7.763854114440022158e+02,1.801337900000000047e+02
7.763683557508167041e+02,1.801337900000000047e+02
7.764649642966751344e+02,1.801337900000000047e+02
7.765047237704218333e+02,1.801337900000000047e+02
7.767721850511944695e+02,1.801337900000000047e+02
7.766410917900268487e+02,1.801337900000000047e+02
7.767377390878090182e+02,1.801337900000000047e+02
7.767774598096319778e+02,1.801337900000000047e+02
7.769311161000567836e+02,1.801337900000000047e+02
7.769138278292369932e+02,1.801337900000000047e+02
7.770105138789429020e+02,1.801337900000000047e+02
7.770501958488420087e+02,1.801337900000000047e+02
9.030553599999999506e+02,2.317581800000000101e+02
7.771865638684471378e+02,2.938610800000000154e+02
7.772832886700766721e+02,2.938610800000000154e+02
7.773229318880521532e+02,2.938610800000000154e+02
7.774768207561113513e+02,2.938610800000000154e+02
7.774592999076571687e+02,2.938610800000000154e+02
7.775560634612105559e+02,2.938610800000000154e+02
7.775956679272622978e+02,2.938610800000000154e+02
7.778642151877132846e+02,2.938610800000000154e+02
7.777320359468673132e+02,2.938610800000000154e+02
7.778288382523444398e+02,2.938610800000000154e+02
7.778684039664723286e+02,2.938610800000000154e+02
7.780225254121659191e+02,2.938610800000000154e+02
7.780047719860774578e+02,2.938610800000000154e+02
7.781016130434782099e+02,2.938610800000000154e+02
7.781411400056824732e+02,2.938610800000000154e+02
7.786403277220956625e+02,2.938610800000000154e+02
7.782775080252876023e+02,2.938610800000000154e+02
7.783743878346120937e+02,2.938610800000000154e+02
7.784138760448926178e+02,2.938610800000000154e+02
7.785682300682204868e+02,2.938610800000000154e+02
7.785502440644976332e+02,2.938610800000000154e+02
7.786471626257459775e+02,2.938610800000000154e+02
7.786866120841027623e+02,2.938610800000000154e+02
7.789562453242319862e+02,2.938610800000000154e+02
7.788229801037077777e+02,2.938610800000000154e+02
7.789199374168797476e+02,2.938610800000000154e+02
7.789593481233127932e+02,2.938610800000000154e+02
7.791139347242750546e+02,2.938610800000000154e+02
7.790957161429179223e+02,2.938610800000000154e+02
7.791927122080136314e+02,2.938610800000000154e+02
7.792320841625229377e+02,2.938610800000000154e+02
7.801978686301368953e+02,2.938610800000000154e+02
7.793684521821280669e+02,2.938610800000000154e+02
7.794654869991475152e+02,2.938610800000000154e+02
7.795048202017330823e+02,2.938610800000000154e+02
7.796596393803296223e+02,2.938610800000000154e+02
7.796411882213380977e+02,2.938610800000000154e+02
7.797382617902812854e+02,2.938610800000000154e+02
7.797775562409432268e+02,2.938610800000000154e+02
7.800482754607508014e+02,2.938610800000000154e+02
7.799139242605482423e+02,2.938610800000000154e+02
7.800110365814151692e+02,2.938610800000000154e+02
7.800502922801532577e+02,2.938610800000000154e+02
7.802053440363841901e+02,2.938610800000000154e+02
7.801866602997583868e+02,2.938610800000000154e+02
7.802838113725490530e+02,2.938610800000000154e+02
7.803230283193634023e+02,2.938610800000000154e+02
7.808268755353075221e+02,2.938610800000000154e+02
7.804593963389685314e+02,2.938610800000000154e+02
7.805565861636828231e+02,2.938610800000000154e+02
7.805957643585735468e+02,2.938610800000000154e+02
7.807510486924388715e+02,2.938610800000000154e+02
7.807321323781785622e+02,2.938610800000000154e+02
7.808293609548167069e+02,2.938610800000000154e+02
7.808685003977836914e+02,2.938610800000000154e+02
7.811403055972696166e+02,2.938610800000000154e+02
7.810048684173887068e+02,2.938610800000000154e+02
7.811021357459505907e+02,2.938610800000000154e+02
7.811412364369937222e+02,2.938610800000000154e+02
7.812967533484934393e+02,2.938610800000000154e+02
7.812776044565988514e+02,2.938610800000000154e+02
7.813749105370843608e+02,2.938610800000000154e+02
7.814139724762038668e+02,2.938610800000000154e+02
9.137327000000000226e+02,2.290895999999999901e+02
7.815503404958088822e+02,2.938610800000000154e+02
7.816476853282182446e+02,2.938610800000000154e+02
7.816867085154140113e+02,2.938610800000000154e+02
7.818424580045480070e+02,2.938610800000000154e+02
7.818230765350190268e+02,2.938610800000000154e+02
7.819204601193521285e+02,2.938610800000000154e+02
7.819594445546241559e+02,2.938610800000000154e+02
7.822323357337883181e+02,2.938610800000000154e+02
7.820958125742291713e+02,2.938610800000000154e+02
7.821932349104858986e+02,2.938610800000000154e+02
7.822321805938341868e+02,2.938610800000000154e+02
7.823881626606025748e+02,2.938610800000000154e+02
7.823685486134393159e+02,2.938610800000000154e+02
7.824660097016197824e+02,2.938610800000000154e+02
7.825049166330443313e+02,2.938610800000000154e+02
7.830134233485193818e+02,1.784654500000000041e+02
7.826412846526493468e+02,1.784654500000000041e+02
7.827387844927536662e+02,1.784654500000000041e+02
7.827776526722544759e+02,1.784654500000000041e+02
7.829338673166571425e+02,1.784654500000000041e+02
7.829140206918594913e+02,1.784654500000000041e+02
7.830115592838874363e+02,1.784654500000000041e+02
7.830503887114646204e+02,1.784654500000000041e+02
7.833243658703071333e+02,1.784654500000000041e+02
7.831867567310696359e+02,1.784654500000000041e+02
7.832843340750213201e+02,1.784654500000000041e+02
7.833231247506746513e+02,1.784654500000000041e+02
7.834795719727117103e+02,1.784654500000000041e+02
7.834594927702797804e+02,1.784654500000000041e+02
7.835571088661552039e+02,1.784654500000000041e+02
7.835958607898847958e+02,1.784654500000000041e+02
7.845809484931505722e+02,2.772231400000000008e+02
7.837322288094898113e+02,2.772231400000000008e+02
7.838298836572889741e+02,2.772231400000000008e+02
7.838685968290949404e+02,2.772231400000000008e+02
7.840252766287662780e+02,2.772231400000000008e+02
7.840049648486999558e+02,2.772231400000000008e+02
7.841026584484228579e+02,2.772231400000000008e+02
7.841413328683050850e+02,2.772231400000000008e+02
7.844163960068258348e+02,2.772231400000000008e+02
7.842777008879101004e+02,2.772231400000000008e+02
7.843754332395567417e+02,2.772231400000000008e+02
7.844140689075151158e+02,2.772231400000000008e+02
7.845709812848208458e+02,2.772231400000000008e+02
7.845504369271202449e+02,2.772231400000000008e+02
7.846482080306905118e+02,2.772231400000000008e+02
7.846868049467252604e+02,2.772231400000000008e+02
7.851999711617311277e+02,2.772231400000000008e+02
7.848231729663302758e+02,2.772231400000000008e+02
7.849209828218243956e+02,2.772231400000000008e+02
7.849595409859354049e+02,2.772231400000000008e+02
7.851166859408754135e+02,2.772231400000000008e+02
7.850959090055404204e+02,2.772231400000000008e+02
7.851937576129581657e+02,2.772231400000000008e+02
7.852322770251454358e+02,2.772231400000000008e+02
7.855084261433446500e+02,2.772231400000000008e+02
7.853686450447505649e+02,2.772231400000000008e+02
7.854665324040920495e+02,2.772231400000000008e+02
7.855050130643555804e+02,2.772231400000000008e+02
7.856623905969299813e+02,2.772231400000000008e+02
7.856413810839607095e+02,2.772231400000000008e+02
7.857393071952259334e+02,2.772231400000000008e+02
7.857777491035657249e+02,2.772231400000000008e+02
9.189524499999999989e+02,2.253128700000000038e+02
7.859141171231707403e+02,9.857860999999999763e+01
7.860120819863597035e+02,9.857860999999999763e+01
7.860504851427758695e+02,9.857860999999999763e+01
7.862080952529845490e+02,9.857860999999999763e+01
7.861868531623808849e+02,9.857860999999999763e+01
7.862848567774935873e+02,9.857860999999999763e+01
7.863232211819859003e+02,9.857860999999999763e+01
7.866004562798634652e+02,9.857860999999999763e+01
7.864595892015910295e+02,9.857860999999999763e+01
7.865576315686274711e+02,9.857860999999999763e+01
7.865959572211960449e+02,9.857860999999999763e+01
7.867537999090391168e+02,9.857860999999999763e+01
7.867323252408011740e+02,9.857860999999999763e+01
7.868304063597612412e+02,9.857860999999999763e+01
7.868686932604061894e+02,9.857860999999999763e+01
7.873865189749429874e+02,9.857860999999999763e+01
7.870050612800112049e+02,9.857860999999999763e+01
7.871031811508951250e+02,9.857860999999999763e+01
7.871414292996163340e+02,9.857860999999999763e+01
7.872995045650936845e+02,9.857860999999999763e+01
7.872777973192213494e+02,9.857860999999999763e+01
7.873759559420290088e+02,9.857860999999999763e+01
7.874141653388263649e+02,9.857860999999999763e+01
7.876924864163821667e+02,9.857860999999999763e+01
7.875505333584314940e+02,9.857860999999999763e+01
7.876487307331627790e+02,9.857860999999999763e+01
7.876869013780365094e+02,9.857860999999999763e+01
7.878452092211483659e+02,9.857860999999999763e+01
7.878232693976415248e+02,9.857860999999999763e+01
7.879215055242966628e+02,9.857860999999999763e+01
7.879596374172466540e+02,9.857860999999999763e+01
7.889640283561643628e+02,9.857860999999999763e+01
7.880960054368516694e+02,9.857860999999999763e+01
7.881942803154305466e+02,9.857860999999999763e+01
7.882323734564567985e+02,9.857860999999999763e+01
7.883909138772029337e+02,9.857860999999999763e+01
7.883687414760618140e+02,9.857860999999999763e+01
7.884670551065643167e+02,9.857860999999999763e+01
7.885051094956668294e+02,9.857860999999999763e+01
7.887845165529009819e+02,9.857860999999999763e+01
7.886414775152719585e+02,9.857860999999999763e+01
7.887398298976982005e+02,9.857860999999999763e+01
7.887778455348769739e+02,9.857860999999999763e+01
7.889366185332575014e+02,9.857860999999999763e+01
7.889142135544819894e+02,9.857860999999999763e+01
7.890126046888320843e+02,9.857860999999999763e+01
7.890505815740871185e+02,9.857860999999999763e+01
7.895730667881548470e+02,9.857860999999999763e+01
7.891869495936921339e+02,9.857860999999999763e+01
7.892853794799658544e+02,9.857860999999999763e+01
7.893233176132972631e+02,9.857860999999999763e+01
7.894823231893120692e+02,9.857860999999999763e+01
7.894596856329022785e+02,9.857860999999999763e+01
7.895581542710997383e+02,9.857860999999999763e+01
7.895960536525072939e+02,9.857860999999999763e+01
7.898765466894196834e+02,9.857860999999999763e+01
7.897324216721124230e+02,9.857860999999999763e+01
7.898309290622336221e+02,9.857860999999999763e+01
7.898687896917174385e+02,9.857860999999999763e+01
7.900280278453666369e+02,9.857860999999999763e+01
7.900051577113224539e+02,9.857860999999999763e+01
7.901037038533673922e+02,9.857860999999999763e+01
7.901415257309275830e+02,9.857860999999999763e+01
9.239320699999999533e+02,2.142491499999999860e+02
7.902778937505325985e+02,1.806634500000000116e+02
7.903764786445012760e+02,1.806634500000000116e+02
7.904142617701377276e+02,1.806634500000000116e+02
7.905737325014212047e+02,1.806634500000000116e+02
7.905506297897427430e+02,1.806634500000000116e+02
7.906492534356351598e+02,1.806634500000000116e+02
7.906869978093477584e+02,1.806634500000000116e+02
7.909685768259384986e+02,1.806634500000000116e+02
7.908233658289528876e+02,1.806634500000000116e+02
7.909220282267689299e+02,1.806634500000000116e+02
7.909597338485579030e+02,1.806634500000000116e+02
7.911194371574757724e+02,1.806634500000000116e+02
7.910961018681629184e+02,1.806634500000000116e+02
7.911948030179028137e+02,1.806634500000000116e+02
7.912324698877680476e+02,1.806634500000000116e+02
7.917596146013667067e+02,1.509179699999999968e+02
7.913688379073730630e+02,1.509179699999999968e+02
7.914675778090366975e+02,1.509179699999999968e+02
7.915052059269780784e+02,1.509179699999999968e+02
7.916651418135303402e+02,1.509179699999999968e+02
7.916415739465832075e+02,1.509179699999999968e+02
7.917403526001704677e+02,1.509179699999999968e+02
7.917779419661882230e+02,1.509179699999999968e+02
7.920606069624573138e+02,1.509179699999999968e+02
7.919143099857933521e+02,1.509179699999999968e+02
7.920131273913043515e+02,1.509179699999999968e+02
7.920506780053983675e+02,1.509179699999999968e+02
7.922108464695849079e+02,1.509179699999999968e+02
7.921870460250033830e+02,1.509179699999999968e+02
7.922859021824382353e+02,1.509179699999999968e+02
7.923234140446085121e+02,1.509179699999999968e+02
7.933471082191780397e+02,1.509179699999999968e+02
7.924597820642135275e+02,1.509179699999999968e+02
7.925586769735720054e+02,1.509179699999999968e+02
7.925961500838185430e+02,1.509179699999999968e+02
7.927565511256394757e+02,1.509179699999999968e+02
7.927325181034236721e+02,1.509179699999999968e+02
7.928314517647058892e+02,1.509179699999999968e+02
7.928688861230286875e+02,1.509179699999999968e+02
7.931526370989760153e+02,1.509179699999999968e+02
7.930052541426338166e+02,1.509179699999999968e+02
7.931042265558397730e+02,1.509179699999999968e+02
7.931416221622388321e+02,1.509179699999999968e+02
7.933022557816940434e+02,1.509179699999999968e+02
7.932779901818438475e+02,1.509179699999999968e+02
7.933770013469735431e+02,1.509179699999999968e+02
7.934143582014489766e+02,1.509179699999999968e+02
7.939461624145785663e+02,1.509179699999999968e+02
7.935507262210539920e+02,1.509179699999999968e+02
7.936497761381074270e+02,1.509179699999999968e+02
7.936870942406590075e+02,1.509179699999999968e+02
7.938479604377486112e+02,1.509179699999999968e+02
7.938234622602641366e+02,1.509179699999999968e+02
7.939225509292413108e+02,1.509179699999999968e+02
7.939598302798691520e+02,1.509179699999999968e+02
7.942446672354948305e+02,1.509179699999999968e+02
7.940961982994742812e+02,1.509179699999999968e+02
7.941953257203750809e+02,1.509179699999999968e+02
7.942325663190792966e+02,1.509179699999999968e+02
7.943936650938031789e+02,1.509179699999999968e+02
7.943689343386843120e+02,1.509179699999999968e+02
7.944681005115089647e+02,1.509179699999999968e+02
7.945053023582894411e+02,1.509179699999999968e+02
9.347286000000000286e+02,1.796052200000000028e+02
7.946416703778944566e+02,2.779778999999999769e+02
7.947408753026427348e+02,2.779778999999999769e+02
7.947780383974994720e+02,2.779778999999999769e+02
7.949393697498578604e+02,2.779778999999999769e+02
7.949144064171046011e+02,2.779778999999999769e+02
7.950136500937766186e+02,2.779778999999999769e+02
7.950507744367096166e+02,2.779778999999999769e+02
7.953366973720135320e+02,2.779778999999999769e+02
7.951871424563146320e+02,2.779778999999999769e+02
7.952864248849105024e+02,2.779778999999999769e+02
7.953235104759197611e+02,2.779778999999999769e+02
7.954850744059124281e+02,2.779778999999999769e+02
7.954598784955247766e+02,2.779778999999999769e+02
7.955591996760442726e+02,2.779778999999999769e+02
7.955962465151299057e+02,2.779778999999999769e+02
7.961327102277904260e+02,2.779778999999999769e+02
7.957326145347349211e+02,2.779778999999999769e+02
7.958319744671781564e+02,2.779778999999999769e+02
7.958689825543399365e+02,2.779778999999999769e+02
7.960307790619669959e+02,2.779778999999999769e+02
7.960053505739450657e+02,2.779778999999999769e+02
7.961047492583120402e+02,2.779778999999999769e+02
7.961417185935500811e+02,2.779778999999999769e+02
7.964287275085323472e+02,2.779778999999999769e+02
7.962780866131550965e+02,2.779778999999999769e+02
7.963775240494458103e+02,2.779778999999999769e+02
7.964144546327602256e+02,2.779778999999999769e+02
7.965764837180215636e+02,2.779778999999999769e+02
7.965508226523652411e+02,2.779778999999999769e+02
7.966502988405796941e+02,2.779778999999999769e+02
7.966871906719703702e+02,2.779778999999999769e+02
7.977301880821917166e+02,1.865400400000000047e+02
7.968235586915753856e+02,1.865400400000000047e+02
7.969230736317135779e+02,1.865400400000000047e+02
7.969599267111804011e+02,1.865400400000000047e+02
7.971221883740761314e+02,1.865400400000000047e+02
7.970962947307855302e+02,1.865400400000000047e+02
7.971958484228473480e+02,1.865400400000000047e+02
7.972326627503905456e+02,1.865400400000000047e+02
7.975207576450511624e+02,1.865400400000000047e+02
7.973690307699955611e+02,1.865400400000000047e+02
7.974686232139812319e+02,1.865400400000000047e+02
7.975053987896006902e+02,1.865400400000000047e+02
7.976678930301306991e+02,1.865400400000000047e+02
7.976417668092057056e+02,1.865400400000000047e+02
7.977413980051151157e+02,1.865400400000000047e+02
7.977781348288108347e+02,1.865400400000000047e+02
7.983192580410022856e+02,1.865400400000000047e+02
7.979145028484158502e+02,1.865400400000000047e+02
7.980141727962488858e+02,1.865400400000000047e+02
7.980508708680208656e+02,1.865400400000000047e+02
7.982135976861852669e+02,1.865400400000000047e+02
7.981872388876259947e+02,1.865400400000000047e+02
7.982869475873827696e+02,1.865400400000000047e+02
7.983236069072310102e+02,1.865400400000000047e+02
7.986127877815698639e+02,1.865400400000000047e+02
7.984599749268360256e+02,1.865400400000000047e+02
7.985597223785166534e+02,1.865400400000000047e+02
7.985963429464411547e+02,1.865400400000000047e+02
7.987593023422398346e+02,1.865400400000000047e+02
7.987327109660461701e+02,1.865400400000000047e+02
7.988324971696504235e+02,1.865400400000000047e+02
7.988690789856511856e+02,1.865400400000000047e+02
9.364953000000000429e+02,1.545571300000000008e+02
7.990054470052563147e+02,2.534318800000000067e+02
7.991052719607843073e+02,2.534318800000000067e+02
7.991418150248613301e+02,2.534318800000000067e+02
7.993050069982944024e+02,2.534318800000000067e+02
7.992781830444664593e+02,2.534318800000000067e+02
7.993780467519181911e+02,2.534318800000000067e+02
7.994145510640714747e+02,2.534318800000000067e+02
7.997048179180886791e+02,2.534318800000000067e+02
7.995509190836764901e+02,2.534318800000000067e+02
7.996508215430519613e+02,2.534318800000000067e+02
7.996872871032816192e+02,2.534318800000000067e+02
7.998507116543489701e+02,2.534318800000000067e+02
7.998236551228866347e+02,2.534318800000000067e+02
7.999235963341858451e+02,2.534318800000000067e+02
7.999600231424916501e+02,2.534318800000000067e+02
8.005058058542140316e+02,2.534318800000000067e+02
8.000963911620967792e+02,2.534318800000000067e+02
8.001963711253197289e+02,2.534318800000000067e+02
8.002327591817017947e+02,2.534318800000000067e+02
8.003964163104035379e+02,2.534318800000000067e+02
8.003691272013069238e+02,2.534318800000000067e+02
8.004691459164534990e+02,2.534318800000000067e+02
8.005054952209119392e+02,2.534318800000000067e+02
8.007968480546074943e+02,2.534318800000000067e+02
8.006418632405169546e+02,2.534318800000000067e+02
8.007419207075873828e+02,2.534318800000000067e+02
8.007782312601220838e+02,2.534318800000000067e+02
8.009421209664581056e+02,2.534318800000000067e+02
8.009145992797270992e+02,2.534318800000000067e+02
8.010146954987212666e+02,2.534318800000000067e+02
8.010509672993321146e+02,2.534318800000000067e+02
8.021132679452053935e+02,2.738376499999999965e+02
8.011873353189372438e+02,2.534318800000000067e+02
8.012874702898550368e+02,2.534318800000000067e+02
8.013237033385422592e+02,2.534318800000000067e+02
8.014878256225126734e+02,2.534318800000000067e+02
8.014600713581473883e+02,2.534318800000000067e+02
8.015602450809889206e+02,2.534318800000000067e+02
8.015964393777524037e+02,2.534318800000000067e+02
8.018888781911261958e+02,2.738376499999999965e+02
8.017328073973574192e+02,1.186905500000000018e+02
8.018330198721228044e+02,1.186905500000000018e+02
8.018691754169625483e+02,2.738376499999999965e+02
8.020335302785672411e+02,2.738376499999999965e+02
8.020055434365675637e+02,2.738376499999999965e+02
8.021057946632565745e+02,2.738376499999999965e+02
8.021419114561725792e+02,2.738376499999999965e+02
8.026923536674258912e+02,1.940686000000000035e+02
8.022782794757777083e+02,1.940686000000000035e+02
8.023785694543904583e+02,1.940686000000000035e+02
8.024146474953827237e+02,1.940686000000000035e+02
8.025792349346219225e+02,1.940686000000000035e+02
8.025510155149877392e+02,1.940686000000000035e+02
8.026513442455243421e+02,1.940686000000000035e+02
8.026873835345928683e+02,1.940686000000000035e+02
8.029809083276450110e+02,1.940686000000000035e+02
8.028237515541978837e+02,1.940686000000000035e+02
8.029241190366581122e+02,1.940686000000000035e+02
8.029601195738030128e+02,1.940686000000000035e+02
8.031249395906764903e+02,1.940686000000000035e+02
8.030964875934080283e+02,1.940686000000000035e+02
8.031968938277919960e+02,1.940686000000000035e+02
8.032328556130130437e+02,1.940686000000000035e+02
9.345259399999999914e+02,1.371906700000000114e+02
8.033692236326181728e+02,2.302725800000000049e+02
8.034696686189258799e+02,2.302725800000000049e+02
8.035055916522231882e+02,2.302725800000000049e+02
8.036706442467310580e+02,2.302725800000000049e+02
8.036419596718282037e+02,2.302725800000000049e+02
8.037424434100596500e+02,2.302725800000000049e+02
8.037783276914333328e+02,2.302725800000000049e+02
8.040729384641637125e+02,2.302725800000000049e+02
8.039146957110383482e+02,2.302725800000000049e+02
8.040152182011935338e+02,2.302725800000000049e+02
8.040510637306434774e+02,2.302725800000000049e+02
8.042163489027856258e+02,2.302725800000000049e+02
8.041874317502484928e+02,2.302725800000000049e+02
8.042879929923274176e+02,2.302725800000000049e+02
8.043237997698535082e+02,2.302725800000000049e+02
8.048789014806377509e+02,2.302725800000000049e+02
8.044601677894586373e+02,2.302725800000000049e+02
8.045607677834611877e+02,2.302725800000000049e+02
8.045965358090636528e+02,2.302725800000000049e+02
8.047620535588401935e+02,2.302725800000000049e+02
8.047329038286686682e+02,2.302725800000000049e+02
8.048335425745950715e+02,2.302725800000000049e+02
8.048692718482737973e+02,2.302725800000000049e+02
8.051649686006825277e+02,2.302725800000000049e+02
8.050056398678788128e+02,2.302725800000000049e+02
8.051063173657288417e+02,2.302725800000000049e+02
8.051420078874838282e+02,2.302725800000000049e+02
8.053077582148947613e+02,2.302725800000000049e+02
8.052783759070889573e+02,2.302725800000000049e+02
8.053790921568627255e+02,2.302725800000000049e+02
8.054147439266939728e+02,2.302725800000000049e+02
8.064963478082190704e+02,2.086190200000000061e+02
8.055511119462991019e+02,2.086190200000000061e+02
8.056518669479966093e+02,2.086190200000000061e+02
8.056874799659041173e+02,2.086190200000000061e+02
8.058534628709493290e+02,2.086190200000000061e+02
8.058238479855091327e+02,2.086190200000000061e+02
8.059246417391303794e+02,2.086190200000000061e+02
8.059602160051142619e+02,2.086190200000000061e+02
8.062569987372013429e+02,2.086190200000000061e+02
8.060965840247192773e+02,2.086190200000000061e+02
8.061974165302642632e+02,2.086190200000000061e+02
8.062329520443242927e+02,2.086190200000000061e+02
8.063991675270038968e+02,2.086190200000000061e+02
8.063693200639294218e+02,2.086190200000000061e+02
8.064701913213981470e+02,2.086190200000000061e+02
8.065056880835344373e+02,2.086190200000000061e+02
8.070654492938496105e+02,2.086190200000000061e+02
8.066420561031395664e+02,2.086190200000000061e+02
8.067429661125319171e+02,2.086190200000000061e+02
8.067784241227445818e+02,2.086190200000000061e+02
8.069448721830584645e+02,2.086190200000000061e+02
8.069147921423495973e+02,2.086190200000000061e+02
8.070157409036658009e+02,2.086190200000000061e+02
8.070511601619547264e+02,2.086190200000000061e+02
8.073490288737200444e+02,2.086190200000000061e+02
8.071875281815597418e+02,2.086190200000000061e+02
8.072885156947996848e+02,2.086190200000000061e+02
8.073238962011647573e+02,2.086190200000000061e+02
8.074905768391130323e+02,2.086190200000000061e+02
8.074602642207698864e+02,2.086190200000000061e+02
8.075612904859334549e+02,2.086190200000000061e+02
8.075966322403749018e+02,2.086190200000000061e+02
9.296725500000000011e+02,1.242620849999999990e+02
8.077330002599800309e+02,1.508088400000000036e+02
8.078340652770673387e+02,1.508088400000000036e+02
8.078693682795850464e+02,1.508088400000000036e+02
8.080362814951676000e+02,1.508088400000000036e+02
8.080057362991900618e+02,1.508088400000000036e+02
8.081068400682012225e+02,1.508088400000000036e+02
8.081421043187951909e+02,1.508088400000000036e+02
8.084410590102388596e+02,1.508088400000000036e+02
8.082784723384002064e+02,1.508088400000000036e+02
8.083796148593349926e+02,1.508088400000000036e+02
8.084148403580052218e+02,1.508088400000000036e+02
8.085819861512221678e+02,1.508088400000000036e+02
8.085512083776103509e+02,1.508088400000000036e+02
8.086523896504688764e+02,1.508088400000000036e+02
8.086875763972153663e+02,1.508088400000000036e+02
8.092519971070614702e+02,1.508088400000000036e+02
8.088239444168203818e+02,1.508088400000000036e+02
8.089251644416027602e+02,1.508088400000000036e+02
8.089603124364255109e+02,1.508088400000000036e+02
8.091276908072767355e+02,1.508088400000000036e+02
8.090966804560305263e+02,1.508088400000000036e+02
8.091979392327365304e+02,1.508088400000000036e+02
8.092330484756356554e+02,1.508088400000000036e+02
8.095330891467575611e+02,1.508088400000000036e+02
8.093694164952406709e+02,1.508088400000000036e+02
8.094707140238704142e+02,1.508088400000000036e+02
8.095057845148456863e+02,1.508088400000000036e+02
8.096733954633314170e+02,1.508088400000000036e+02
8.096421525344508154e+02,1.508088400000000036e+02
8.097434888150042980e+02,1.508088400000000036e+02
8.097785205540558309e+02,1.508088400000000036e+02
8.108794276712328610e+02,1.508088400000000036e+02
8.099148885736608463e+02,1.508088400000000036e+02
8.100162636061380681e+02,1.508088400000000036e+02
8.100512565932659754e+02,1.508088400000000036e+02
8.102191001193859847e+02,1.508088400000000036e+02
8.101876246128709909e+02,1.508088400000000036e+02
8.102890383972719519e+02,1.508088400000000036e+02
8.103239926324761200e+02,1.508088400000000036e+02
8.106251192832763763e+02,1.508088400000000036e+02
8.104603606520811354e+02,1.508088400000000036e+02
8.105618131884058357e+02,1.508088400000000036e+02
8.105967286716861508e+02,1.508088400000000036e+02
8.107648047754405525e+02,1.508088400000000036e+02
8.107330966912912800e+02,1.508088400000000036e+02
8.108345879795396058e+02,1.508088400000000036e+02
8.108694647108962954e+02,1.508088400000000036e+02
8.114385449202733298e+02,1.508088400000000036e+02
8.110058327305013108e+02,1.508088400000000036e+02
8.111073627706734896e+02,1.508088400000000036e+02
8.111422007501064400e+02,1.508088400000000036e+02
8.113105094314951202e+02,1.508088400000000036e+02
8.112785687697114554e+02,1.508088400000000036e+02
8.113801375618073735e+02,1.508088400000000036e+02
8.114149367893165845e+02,1.508088400000000036e+02
8.117171494197951915e+02,1.508088400000000036e+02
8.115513048089215999e+02,1.508088400000000036e+02
8.116529123529411436e+02,1.508088400000000036e+02
8.116876728285266154e+02,1.508088400000000036e+02
8.118562140875496880e+02,1.508088400000000036e+02
8.118240408481317445e+02,1.508088400000000036e+02
8.119256871440750274e+02,1.508088400000000036e+02
8.119604088677367599e+02,1.508088400000000036e+02
9.254085700000000543e+02,1.175837400000000059e+02
8.120967768873417754e+02,1.508088400000000036e+02
8.121984619352089112e+02,1.508088400000000036e+02
8.122331449069469045e+02,1.508088400000000036e+02
8.124019187436042557e+02,1.508088400000000036e+02
8.123695129265519199e+02,1.508088400000000036e+02
8.124712367263426813e+02,1.508088400000000036e+02
8.125058809461569354e+02,1.508088400000000036e+02
8.128091795563138930e+02,1.508088400000000036e+02
8.126422489657620645e+02,1.508088400000000036e+02
8.127440115174765651e+02,1.508088400000000036e+02
8.127786169853670799e+02,1.508088400000000036e+02
8.129476233996588235e+02,1.508088400000000036e+02
8.129149850049722090e+02,1.508088400000000036e+02
8.130167863086104489e+02,1.508088400000000036e+02
8.130513530245772245e+02,1.508088400000000036e+02
8.136250927334851895e+02,1.508088400000000036e+02
8.131877210441822399e+02,1.508088400000000036e+02
8.132895610997442191e+02,1.508088400000000036e+02
8.133240890637873690e+02,1.508088400000000036e+02
8.134933280557133912e+02,1.508088400000000036e+02
8.134604570833923844e+02,1.508088400000000036e+02
8.135623358908781029e+02,1.508088400000000036e+02
8.135968251029973999e+02,1.508088400000000036e+02
8.139012096928327082e+02,1.508088400000000036e+02
8.137331931226025290e+02,1.508088400000000036e+02
8.138351106820119867e+02,1.508088400000000036e+02
8.138695611422075444e+02,1.508088400000000036e+02
8.140390327117679590e+02,1.508088400000000036e+02
8.140059291618126736e+02,1.508088400000000036e+02
8.141078854731457568e+02,1.508088400000000036e+02
8.141422971814176890e+02,1.508088400000000036e+02
8.152625075342465379e+02,2.525389399999999966e+02
8.142786652010227044e+02,2.525389399999999966e+02
8.143806602642796406e+02,2.525389399999999966e+02
8.144150332206278335e+02,2.525389399999999966e+02
8.145847373678225267e+02,2.525389399999999966e+02
8.145514012402328490e+02,2.525389399999999966e+02
8.146534350554134107e+02,2.525389399999999966e+02
8.146877692598378644e+02,2.525389399999999966e+02
8.149932398293515234e+02,2.525389399999999966e+02
8.148241372794429935e+02,2.525389399999999966e+02
8.149262098465472945e+02,2.525389399999999966e+02
8.149605052990480090e+02,2.525389399999999966e+02
8.151304420238770945e+02,2.525389399999999966e+02
8.150968733186531381e+02,2.525389399999999966e+02
8.151989846376811784e+02,2.525389399999999966e+02
8.152332413382581535e+02,2.525389399999999966e+02
8.158116405466970491e+02,2.525389399999999966e+02
8.153696093578631690e+02,2.525389399999999966e+02
8.154717594288149485e+02,2.525389399999999966e+02
8.155059773774682981e+02,2.525389399999999966e+02
8.156761466799316622e+02,2.525389399999999966e+02
8.156423453970733135e+02,2.525389399999999966e+02
8.157445342199488323e+02,2.525389399999999966e+02
8.157787134166783289e+02,2.525389399999999966e+02
8.160852699658702250e+02,2.525389399999999966e+02
8.159150814362834581e+02,2.525389399999999966e+02
8.160173090110827161e+02,2.525389399999999966e+02
8.160514494558884735e+02,2.525389399999999966e+02
8.162218513359862300e+02,2.525389399999999966e+02
8.161878174754934889e+02,2.525389399999999966e+02
8.162900838022164862e+02,2.525389399999999966e+02
8.163241854950986180e+02,2.525389399999999966e+02
9.188084000000000060e+02,1.126551500000000061e+02
8.164605535147036335e+02,1.811370799999999974e+02
8.165628585933503700e+02,1.811370799999999974e+02
8.165969215343087626e+02,1.811370799999999974e+02
8.167675559920409114e+02,1.811370799999999974e+02
8.167332895539137780e+02,1.811370799999999974e+02
8.168356333844842538e+02,1.811370799999999974e+02
8.168696575735187935e+02,1.811370799999999974e+02
8.171773001023890401e+02,1.811370799999999974e+02
8.170060255931239226e+02,1.811370799999999974e+02
8.171084081756180240e+02,1.811370799999999974e+02
8.171423936127289380e+02,1.811370799999999974e+02
8.173132606480954792e+02,1.811370799999999974e+02
8.172787616323339535e+02,1.811370799999999974e+02
8.173811829667519078e+02,1.811370799999999974e+02
8.174151296519390826e+02,1.811370799999999974e+02
8.179981883599087951e+02,1.811370799999999974e+02
8.175514976715440980e+02,1.811370799999999974e+02
8.176539577578857916e+02,1.811370799999999974e+02
8.176878656911492271e+02,1.811370799999999974e+02
8.178589653041500469e+02,1.811370799999999974e+02
8.178242337107542426e+02,1.811370799999999974e+02
8.179267325490195617e+02,1.811370799999999974e+02
8.179606017303592580e+02,1.811370799999999974e+02
8.182693302389077417e+02,1.811370799999999974e+02
8.180969697499643871e+02,1.811370799999999974e+02
8.181995073401534455e+02,1.811370799999999974e+02
8.182333377695694026e+02,1.811370799999999974e+02
8.184046699602046147e+02,1.811370799999999974e+02
8.183697057891744180e+02,1.811370799999999974e+02
8.184722821312873293e+02,1.811370799999999974e+02
8.185060738087795471e+02,1.811370799999999974e+02
8.196455873972602149e+02,1.811370799999999974e+02
8.186424418283845625e+02,1.811370799999999974e+02
8.187450569224210994e+02,1.811370799999999974e+02
8.187788098479896917e+02,1.811370799999999974e+02
8.189503746162591824e+02,1.811370799999999974e+02
8.189151778675947071e+02,1.811370799999999974e+02
8.190178317135549833e+02,1.811370799999999974e+02
8.190515458871997225e+02,1.811370799999999974e+02
8.193613603754265569e+02,1.811370799999999974e+02
8.191879139068048516e+02,1.811370799999999974e+02
8.192906065046888671e+02,1.811370799999999974e+02
8.193242819264098671e+02,1.811370799999999974e+02
8.194960792723137502e+02,1.811370799999999974e+02
8.194606499460148825e+02,1.811370799999999974e+02
8.195633812958226372e+02,1.811370799999999974e+02
8.195970179656200116e+02,1.811370799999999974e+02
8.201847361731206547e+02,1.811370799999999974e+02
8.197333859852250271e+02,1.811370799999999974e+02
8.198361560869565210e+02,1.811370799999999974e+02
8.198697540048300425e+02,1.811370799999999974e+02
8.200417839283683179e+02,1.811370799999999974e+02
8.200061220244351716e+02,1.811370799999999974e+02
8.201089308780904048e+02,1.811370799999999974e+02
8.201424900440401871e+02,1.811370799999999974e+02
8.204533905119453721e+02,1.811370799999999974e+02
8.202788580636453162e+02,1.811370799999999974e+02
8.203817056692241749e+02,1.811370799999999974e+02
8.204152260832503316e+02,1.811370799999999974e+02
8.205874885844228857e+02,1.811370799999999974e+02
8.205515941028553470e+02,1.811370799999999974e+02
8.206544804603580587e+02,1.811370799999999974e+02
8.206879621224604762e+02,1.811370799999999974e+02
9.120727000000000544e+02,1.123630399999999980e+02
8.208243301420654916e+02,1.839577600000000075e+02
8.209272552514919425e+02,1.839577600000000075e+02
8.209606981616705070e+02,1.839577600000000075e+02
8.211331932404774534e+02,1.839577600000000075e+02
8.210970661812756362e+02,1.839577600000000075e+02
8.212000300426257127e+02,1.839577600000000075e+02
8.212334342008806516e+02,1.839577600000000075e+02
8.215454206484640736e+02,1.839577600000000075e+02
8.213698022204857807e+02,1.839577600000000075e+02
8.214728048337595965e+02,1.839577600000000075e+02
8.215061702400907961e+02,1.839577600000000075e+02
8.216788978965320212e+02,1.839577600000000075e+02
8.216425382596958116e+02,1.839577600000000075e+02
8.217455796248934803e+02,1.839577600000000075e+02
8.217789062793009407e+02,1.839577600000000075e+02
8.223712839863325144e+02,1.839577600000000075e+02
8.219152742989059561e+02,1.839577600000000075e+02
8.220183544160272504e+02,1.839577600000000075e+02
8.220516423185109716e+02,1.839577600000000075e+02
8.222246025525865889e+02,1.839577600000000075e+02
8.221880103381161007e+02,1.839577600000000075e+02
8.222911292071611342e+02,1.839577600000000075e+02
8.223243783577211161e+02,1.839577600000000075e+02
8.226374507849828888e+02,1.839577600000000075e+02
8.224607463773262452e+02,1.839577600000000075e+02
8.225639039982950180e+02,1.839577600000000075e+02
8.225971143969312607e+02,1.839577600000000075e+02
8.227703072086411566e+02,1.839577600000000075e+02
8.227334824165362761e+02,1.839577600000000075e+02
8.228366787894287881e+02,1.839577600000000075e+02
8.228698504361414052e+02,1.839577600000000075e+02
8.240286672602738918e+02,2.173592500000000030e+02
8.230062184557464207e+02,2.173592500000000030e+02
8.231094535805626720e+02,2.173592500000000030e+02
8.231425864753514361e+02,2.173592500000000030e+02
8.233160118646957244e+02,2.173592500000000030e+02
8.232789544949565652e+02,2.173592500000000030e+02
8.233822283716965558e+02,2.173592500000000030e+02
8.234153225145615806e+02,2.173592500000000030e+02
8.237294809215015903e+02,2.173592500000000030e+02
8.235516905341665961e+02,2.173592500000000030e+02
8.236550031628303259e+02,2.173592500000000030e+02
8.236880585537717252e+02,2.173592500000000030e+02
8.238617165207504058e+02,2.173592500000000030e+02
8.238244265733767406e+02,2.173592500000000030e+02
8.239277779539642097e+02,2.173592500000000030e+02
8.239607945929818698e+02,2.173592500000000030e+02
8.245578317995443740e+02,2.173592500000000030e+02
8.240971626125868852e+02,2.173592500000000030e+02
8.242005527450979798e+02,2.173592500000000030e+02
8.242335306321919006e+02,2.173592500000000030e+02
8.244074211768049736e+02,2.173592500000000030e+02
8.243698986517970297e+02,2.173592500000000030e+02
8.244733275362318636e+02,2.173592500000000030e+02
8.245062666714020452e+02,2.173592500000000030e+02
8.248215110580204055e+02,2.173592500000000030e+02
8.246426346910070606e+02,2.173592500000000030e+02
8.247461023273657474e+02,2.173592500000000030e+02
8.247790027106121897e+02,2.173592500000000030e+02
8.249531258328595413e+02,2.173592500000000030e+02
8.249153707302172052e+02,2.173592500000000030e+02
8.250188771184995176e+02,2.173592500000000030e+02
8.250517387498223343e+02,2.173592500000000030e+02
9.063239999999999554e+02,1.149260249999999957e+02
8.251881067694273497e+02,2.173592500000000030e+02
8.252916519096334014e+02,2.173592500000000030e+02
8.253244747890323652e+02,2.173592500000000030e+02
8.254988304889141091e+02,2.173592500000000030e+02
8.254608428086374943e+02,2.173592500000000030e+02
8.255644267007672852e+02,2.173592500000000030e+02
8.255972108282425097e+02,2.173592500000000030e+02
8.259135411945392207e+02,2.173592500000000030e+02
8.257335788478475251e+02,2.173592500000000030e+02
8.258372014919010553e+02,2.173592500000000030e+02
8.258699468674526543e+02,2.173592500000000030e+02
8.260445351449686768e+02,2.173592500000000030e+02
8.260063148870576697e+02,2.173592500000000030e+02
8.261099762830349391e+02,2.173592500000000030e+02
8.261426829066626851e+02,2.173592500000000030e+02
8.267443796127562337e+02,2.173592500000000030e+02
8.262790509262678142e+02,2.173592500000000030e+02
8.263827510741688229e+02,2.173592500000000030e+02
8.264154189458728297e+02,2.173592500000000030e+02
8.265902398010232446e+02,2.173592500000000030e+02
8.265517869654779588e+02,2.173592500000000030e+02
8.266555258653025930e+02,2.173592500000000030e+02
8.266881549850829742e+02,2.173592500000000030e+02
8.270055713310579222e+02,2.173592500000000030e+02
8.268245230046879897e+02,2.173592500000000030e+02
8.269283006564364769e+02,2.173592500000000030e+02
8.269608910242931188e+02,2.173592500000000030e+02
8.271359444570778123e+02,2.173592500000000030e+02
8.270972590438981342e+02,2.173592500000000030e+02
8.272010754475703607e+02,2.173592500000000030e+02
8.272336270635031497e+02,2.173592500000000030e+02
8.284117471232875687e+02,2.173592500000000030e+02
8.273699950831082788e+02,2.173592500000000030e+02
8.274738502387041308e+02,2.173592500000000030e+02
8.275063631027132942e+02,2.173592500000000030e+02
8.276816491131323801e+02,2.173592500000000030e+02
8.276427311223184233e+02,2.173592500000000030e+02
8.277466250298380146e+02,2.173592500000000030e+02
8.277790991419234388e+02,2.173592500000000030e+02
8.280976014675767374e+02,2.173592500000000030e+02
8.279154671615284542e+02,2.173592500000000030e+02
8.280193998209718984e+02,2.173592500000000030e+02
8.280518351811335833e+02,2.173592500000000030e+02
8.282273537691869478e+02,2.173592500000000030e+02
8.281882032007385988e+02,2.173592500000000030e+02
8.282921746121056685e+02,2.173592500000000030e+02
8.283245712203436142e+02,2.173592500000000030e+02
8.289309274259680933e+02,2.173592500000000030e+02
8.284609392399487433e+02,2.173592500000000030e+02
8.285649494032395523e+02,2.173592500000000030e+02
8.285973072595537587e+02,2.173592500000000030e+02
8.287730584252415156e+02,2.173592500000000030e+02
8.287336752791588879e+02,2.173592500000000030e+02
8.288377241943734361e+02,2.173592500000000030e+02
8.288700432987639033e+02,2.173592500000000030e+02
8.291896316040955526e+02,2.173592500000000030e+02
8.290064113183689187e+02,2.173592500000000030e+02
8.291104989855072063e+02,2.173592500000000030e+02
8.291427793379740478e+02,2.173592500000000030e+02
8.293187630812960833e+02,2.173592500000000030e+02
8.292791473575790633e+02,2.173592500000000030e+02
8.293832737766410901e+02,2.173592500000000030e+02
8.294155153771840787e+02,2.173592500000000030e+02
9.014542000000000144e+02,1.194648399999999953e+02
8.295518833967892078e+02,2.173592500000000030e+02
8.296560485677749739e+02,2.173592500000000030e+02
8.296882514163942233e+02,2.173592500000000030e+02
8.298644677373506511e+02,2.173592500000000030e+02
8.298246194359992387e+02,2.173592500000000030e+02
8.299288233589087440e+02,2.173592500000000030e+02
8.299609874556043678e+02,2.173592500000000030e+02
8.302816617406142541e+02,2.173592500000000030e+02
8.300973554752093833e+02,2.173592500000000030e+02
8.302015981500426278e+02,2.173592500000000030e+02
8.302337234948145124e+02,2.173592500000000030e+02
8.304101723934052188e+02,2.173592500000000030e+02
8.303700915144195278e+02,2.173592500000000030e+02
8.304743729411765116e+02,2.173592500000000030e+02
8.305064595340245432e+02,2.173592500000000030e+02
8.311174752391799530e+02,2.173592500000000030e+02
8.306428275536296724e+02,2.173592500000000030e+02
8.307471477323102818e+02,2.173592500000000030e+02
8.307791955732346878e+02,2.173592500000000030e+02
8.309558770494599003e+02,2.173592500000000030e+02
8.309155635928397032e+02,2.173592500000000030e+02
8.310199225234441656e+02,2.173592500000000030e+02
8.310519316124448324e+02,2.173592500000000030e+02
8.313736918771330693e+02,2.173592500000000030e+02
8.311882996320498478e+02,2.173592500000000030e+02
8.312926973145780494e+02,2.173592500000000030e+02
8.313246676516549769e+02,2.173592500000000030e+02
8.315015817055144680e+02,2.173592500000000030e+02
8.314610356712599923e+02,2.173592500000000030e+02
8.315654721057118195e+02,2.173592500000000030e+02
8.315974036908650078e+02,2.173592500000000030e+02
8.327948269863013593e+02,2.173592500000000030e+02
8.317337717104701369e+02,2.173592500000000030e+02
8.318382468968457033e+02,2.173592500000000030e+02
8.318701397300751523e+02,2.173592500000000030e+02
8.320472863615690358e+02,2.173592500000000030e+02
8.320065077496801678e+02,2.173592500000000030e+02
8.321110216879795871e+02,2.173592500000000030e+02
8.321428757692852969e+02,2.173592500000000030e+02
8.324657220136517708e+02,2.173592500000000030e+02
8.322792437888903123e+02,2.173592500000000030e+02
8.323837964791133572e+02,2.173592500000000030e+02
8.324156118084954414e+02,2.173592500000000030e+02
8.325929910176236035e+02,2.173592500000000030e+02
8.325519798281004569e+02,2.173592500000000030e+02
8.326565712702472410e+02,2.173592500000000030e+02
8.326883478477054723e+02,2.173592500000000030e+02
8.333040230523918126e+02,2.173592500000000030e+02
8.328247158673106014e+02,2.173592500000000030e+02
8.329293460613811249e+02,2.173592500000000030e+02
8.329610838869156169e+02,2.173592500000000030e+02
8.331386956736781713e+02,2.173592500000000030e+02
8.330974519065206323e+02,2.173592500000000030e+02
8.332021208525148950e+02,2.173592500000000030e+02
8.332338199261257614e+02,2.173592500000000030e+02
8.335577521501705860e+02,2.173592500000000030e+02
8.333701879457307768e+02,2.173592500000000030e+02
8.334748956436487788e+02,2.173592500000000030e+02
8.335065559653357923e+02,2.173592500000000030e+02
8.336844003297327390e+02,2.173592500000000030e+02
8.336429239849409214e+02,2.173592500000000030e+02
8.337476704347825489e+02,2.173592500000000030e+02
8.337792920045459368e+02,2.173592500000000030e+02
8.953363000000000511e+02,1.345026900000000012e+02
8.339156600241510660e+02,2.048427700000000016e+02
8.340204452259164327e+02,2.048427700000000016e+02
8.340520280437560814e+02,2.048427700000000016e+02
8.342301049857873068e+02,2.048427700000000016e+02
8.341883960633610968e+02,2.048427700000000016e+02
8.342932200170503165e+02,2.048427700000000016e+02
8.343247640829662259e+02,2.048427700000000016e+02
8.346497822866894012e+02,2.048427700000000016e+02
8.344611321025712414e+02,2.048427700000000016e+02
8.345659948081840867e+02,2.048427700000000016e+02
8.345975001221762568e+02,2.048427700000000016e+02
8.347758096418418745e+02,2.048427700000000016e+02
8.347338681417813859e+02,2.048427700000000016e+02
8.348387695993179705e+02,2.048427700000000016e+02
8.348702361613864014e+02,2.048427700000000016e+02
8.354905708656035586e+02,2.048427700000000016e+02
8.350066041809915305e+02,2.048427700000000016e+02
8.351115443904518543e+02,2.048427700000000016e+02
8.351429722005965459e+02,2.048427700000000016e+02
8.353215142978964423e+02,2.048427700000000016e+02
8.352793402202015614e+02,2.048427700000000016e+02
8.353843191815856244e+02,2.048427700000000016e+02
8.354157082398066905e+02,2.048427700000000016e+02
8.357418124232081027e+02,2.048427700000000016e+02
8.355520762594117059e+02,2.048427700000000016e+02
8.356570939727195082e+02,2.048427700000000016e+02
8.356884442790167213e+02,2.048427700000000016e+02
8.358672189539510100e+02,2.048427700000000016e+02
8.358248122986218505e+02,2.048427700000000016e+02
8.359298687638533920e+02,2.048427700000000016e+02
8.359611803182268659e+02,2.048427700000000016e+02
8.371779068493150362e+02,2.048427700000000016e+02
8.360975483378319950e+02,2.048427700000000016e+02
8.362026435549871621e+02,2.048427700000000016e+02
8.362339163574370104e+02,2.048427700000000016e+02
8.364129236100055778e+02,2.048427700000000016e+02
8.363702843770420259e+02,2.048427700000000016e+02
8.364754183461210459e+02,2.048427700000000016e+02
8.365066523966471550e+02,2.048427700000000016e+02
8.368338425597269179e+02,2.048427700000000016e+02
8.366430204162521704e+02,2.048427700000000016e+02
8.367481931372549298e+02,2.048427700000000016e+02
8.367793884358571859e+02,2.048427700000000016e+02
8.369586282660601455e+02,2.048427700000000016e+02
8.369157564554623150e+02,2.048427700000000016e+02
8.370209679283886999e+02,2.048427700000000016e+02
8.370521244750673304e+02,2.048427700000000016e+02
8.376771186788154182e+02,2.048427700000000016e+02
8.371884924946723459e+02,2.048427700000000016e+02
8.372937427195225837e+02,2.048427700000000016e+02
8.373248605142774750e+02,2.048427700000000016e+02
8.375043329221147133e+02,2.048427700000000016e+02
8.374612285338824904e+02,2.048427700000000016e+02
8.375665175106564675e+02,2.048427700000000016e+02
8.375975965534876195e+02,2.048427700000000016e+02
8.379258726962456194e+02,2.048427700000000016e+02
8.377339645730926350e+02,2.048427700000000016e+02
8.378392923017902376e+02,2.048427700000000016e+02
8.378703325926976504e+02,2.048427700000000016e+02
8.380500375781693947e+02,2.048427700000000016e+02
8.380067006123027795e+02,2.048427700000000016e+02
8.381120670929241214e+02,2.048427700000000016e+02
8.381430686319077950e+02,2.048427700000000016e+02
8.936778600000000097e+02,1.573679199999999980e+02
8.382794366515128104e+02,2.048427700000000016e+02
8.383848418840580052e+02,2.048427700000000016e+02
8.384158046711179395e+02,2.048427700000000016e+02
8.385957422342239624e+02,2.048427700000000016e+02
8.385521726907229549e+02,2.048427700000000016e+02
8.386576166751917754e+02,2.048427700000000016e+02
8.386885407103280841e+02,2.048427700000000016e+02
8.390179028327644346e+02,2.048427700000000016e+02
8.388249087299330995e+02,2.048427700000000016e+02
8.389303914663256592e+02,2.048427700000000016e+02
8.389612767495381149e+02,2.048427700000000016e+02
8.391414468902785302e+02,2.048427700000000016e+02
8.390976447691432440e+02,2.048427700000000016e+02
8.392031662574595430e+02,2.048427700000000016e+02
8.392340127887482595e+02,2.048427700000000016e+02
8.398636664920272779e+02,2.048427700000000016e+02
8.393703808083532749e+02,2.048427700000000016e+02
8.394759410485933131e+02,2.048427700000000016e+02
8.395067488279584040e+02,2.048427700000000016e+02
8.396871515463330979e+02,2.048427700000000016e+02
8.396431168475634195e+02,2.048427700000000016e+02
8.397487158397271969e+02,2.048427700000000016e+02
8.397794848671685486e+02,2.048427700000000016e+02
8.401099329692832498e+02,2.048427700000000016e+02
8.399158528867735640e+02,2.048427700000000016e+02
8.400214906308610807e+02,2.048427700000000016e+02
8.400522209063785795e+02,2.048427700000000016e+02
8.402328562023876657e+02,2.048427700000000016e+02
8.401885889259837086e+02,2.048427700000000016e+02
8.402942654219948508e+02,2.048427700000000016e+02
8.403249569455887240e+02,2.048427700000000016e+02
8.415609867123287131e+02,2.048427700000000016e+02
8.404613249651937394e+02,2.048427700000000016e+02
8.405670402131287346e+02,2.048427700000000016e+02
8.405976929847988686e+02,2.048427700000000016e+02
8.407785608584422334e+02,2.048427700000000016e+02
8.407340610044038840e+02,2.048427700000000016e+02
8.408398150042626185e+02,2.048427700000000016e+02
8.408704290240088994e+02,2.048427700000000016e+02
8.412019631058019513e+02,2.048427700000000016e+02
8.410067970436140286e+02,2.048427700000000016e+02
8.411125897953963886e+02,2.048427700000000016e+02
8.411431650632190440e+02,2.048427700000000016e+02
8.413242655144968012e+02,2.048427700000000016e+02
8.412795330828241731e+02,2.048427700000000016e+02
8.413853645865302724e+02,2.048427700000000016e+02
8.414159011024291885e+02,2.048427700000000016e+02
8.420502143052391375e+02,2.048427700000000016e+02
8.415522691220342040e+02,2.048427700000000016e+02
8.416581393776641562e+02,2.048427700000000016e+02
8.416886371416393331e+02,2.048427700000000016e+02
8.418699701705513689e+02,2.048427700000000016e+02
8.418250051612443485e+02,2.048427700000000016e+02
8.419309141687979263e+02,2.048427700000000016e+02
8.419613731808493640e+02,2.048427700000000016e+02
8.422939932423207665e+02,2.048427700000000016e+02
8.420977412004544931e+02,2.048427700000000016e+02
8.422036889599318101e+02,2.048427700000000016e+02
8.422341092200595085e+02,2.048427700000000016e+02
8.424156748266059367e+02,2.048427700000000016e+02
8.423704772396646376e+02,2.048427700000000016e+02
8.424764637510656939e+02,2.048427700000000016e+02
8.425068452592696531e+02,2.048427700000000016e+02
8.953211000000000013e+02,1.738526599999999860e+02
8.426432132788746685e+02,2.048427700000000016e+02
8.427492385421994641e+02,2.048427700000000016e+02
8.427795812984797976e+02,2.048427700000000016e+02
8.429613794826605044e+02,2.048427700000000016e+02
8.429159493180848131e+02,2.048427700000000016e+02
8.430220133333333479e+02,2.048427700000000016e+02
8.430523173376898285e+02,2.048427700000000016e+02
8.433860233788394680e+02,2.048427700000000016e+02
8.431886853572949576e+02,2.048427700000000016e+02
8.432947881244671180e+02,2.048427700000000016e+02
8.433250533768999730e+02,2.048427700000000016e+02
8.435070841387150722e+02,2.048427700000000016e+02
8.434614213965051022e+02,2.048427700000000016e+02
8.435675629156010018e+02,2.048427700000000016e+02
8.435977894161101176e+02,2.048427700000000016e+02
8.442367621184509971e+02,2.048427700000000016e+02
8.437341574357151330e+02,2.048427700000000016e+02
8.438403377067348856e+02,2.048427700000000016e+02
8.438705254553202622e+02,2.048427700000000016e+02
8.440527887947696399e+02,2.048427700000000016e+02
8.440068934749252776e+02,2.048427700000000016e+02
8.441131124978686557e+02,2.048427700000000016e+02
8.441432614945302930e+02,2.048427700000000016e+02
8.444780535153582832e+02,2.048427700000000016e+02
8.442796295141354221e+02,2.048427700000000016e+02
8.443858872890025395e+02,2.048427700000000016e+02
8.444159975337404376e+02,2.048427700000000016e+02
8.445984934508242077e+02,2.048427700000000016e+02
8.445523655533454530e+02,2.048427700000000016e+02
8.446586620801364234e+02,2.048427700000000016e+02
8.446887335729505821e+02,2.048427700000000016e+02
8.459440665753423900e+02,2.048427700000000016e+02
8.448251015925555976e+02,2.048427700000000016e+02
8.449314368712701935e+02,2.048427700000000016e+02
8.449614696121607267e+02,2.048427700000000016e+02
8.451441981068788891e+02,2.048427700000000016e+02
8.450978376317657421e+02,2.048427700000000016e+02
8.452042116624040773e+02,2.048427700000000016e+02
8.452342056513707576e+02,2.048427700000000016e+02
8.455700836518770984e+02,2.048427700000000016e+02
8.453705736709758867e+02,2.048427700000000016e+02
8.454769864535379611e+02,2.048427700000000016e+02
8.455069416905809021e+02,2.048427700000000016e+02
8.456899027629334569e+02,2.048427700000000016e+02
8.456433097101859175e+02,2.048427700000000016e+02
8.457497612446717312e+02,2.048427700000000016e+02
8.457796777297910467e+02,2.048427700000000016e+02
8.464233099316628568e+02,2.048427700000000016e+02
8.459160457493960621e+02,2.048427700000000016e+02
8.460225360358056150e+02,2.048427700000000016e+02
8.460524137690011912e+02,2.048427700000000016e+02
8.462356074189880246e+02,2.048427700000000016e+02
8.461887817886062066e+02,2.048427700000000016e+02
8.462953108269394988e+02,2.048427700000000016e+02
8.463251498082112221e+02,2.048427700000000016e+02
8.466621137883957999e+02,2.048427700000000016e+02
8.464615178278163512e+02,2.048427700000000016e+02
8.465680856180732690e+02,2.048427700000000016e+02
8.465978858474213666e+02,2.048427700000000016e+02
8.467813120750425924e+02,2.048427700000000016e+02
8.467342538670263821e+02,2.048427700000000016e+02
8.468408604092071528e+02,2.048427700000000016e+02
8.468706218866315112e+02,2.048427700000000016e+02
9.006571699999999510e+02,1.911355000000000075e+02
8.470069899062365266e+02,2.048427700000000016e+02
8.471136352003410366e+02,2.048427700000000016e+02
8.471433579258415421e+02,2.048427700000000016e+02
8.473270167310971601e+02,2.048427700000000016e+02
8.472797259454466712e+02,2.048427700000000016e+02
8.473864099914748067e+02,2.048427700000000016e+02
8.474160939650516866e+02,2.048427700000000016e+02
8.477541439249146151e+02,2.048427700000000016e+02
8.475524619846568157e+02,2.048427700000000016e+02
8.476591847826086905e+02,2.048427700000000016e+02
8.476888300042618312e+02,2.048427700000000016e+02
8.478727213871517279e+02,2.048427700000000016e+02
8.478251980238668466e+02,2.048427700000000016e+02
8.479319595737425743e+02,2.048427700000000016e+02
8.479615660434719757e+02,2.048427700000000016e+02
8.486098577448747164e+02,2.048427700000000016e+02
8.480979340630769912e+02,2.048427700000000016e+02
8.482047343648763444e+02,2.048427700000000016e+02
8.482343020826820066e+02,2.048427700000000016e+02
8.484184260432062956e+02,2.048427700000000016e+02
8.483706701022871357e+02,2.048427700000000016e+02
8.484775091560102283e+02,2.048427700000000016e+02
8.485070381218921511e+02,2.048427700000000016e+02
8.488461740614334303e+02,2.048427700000000016e+02
8.486434061414972803e+02,2.048427700000000016e+02
8.487502839471441121e+02,2.048427700000000016e+02
8.487797741611022957e+02,2.048427700000000016e+02
8.489641306992608634e+02,2.048427700000000016e+02
8.489161421807073111e+02,2.048427700000000016e+02
8.490230587382778822e+02,2.048427700000000016e+02
8.490525102003124402e+02,2.048427700000000016e+02
8.503271464383560669e+02,2.048427700000000016e+02
8.491888782199174557e+02,2.048427700000000016e+02
8.492958335294117660e+02,2.048427700000000016e+02
8.493252462395224711e+02,2.048427700000000016e+02
8.495098353553154311e+02,2.048427700000000016e+02
8.494616142591276002e+02,2.048427700000000016e+02
8.495686083205456498e+02,2.048427700000000016e+02
8.495979822787326157e+02,2.048427700000000016e+02
8.499382041979521318e+02,2.048427700000000016e+02
8.497343502983377448e+02,2.048427700000000016e+02
8.498413831116794199e+02,2.048427700000000016e+02
8.498707183179427602e+02,2.048427700000000016e+02
8.500555400113699989e+02,2.048427700000000016e+02
8.500070863375477757e+02,2.048427700000000016e+02
8.501141579028133037e+02,2.048427700000000016e+02
8.501434543571529048e+02,2.048427700000000016e+02
8.507964055580865761e+02,2.048427700000000016e+02
8.502798223767579202e+02,2.048427700000000016e+02
8.503869326939471875e+02,2.048427700000000016e+02
8.504161903963629356e+02,2.048427700000000016e+02
8.506012446674245666e+02,2.048427700000000016e+02
8.505525584159680648e+02,2.048427700000000016e+02
8.506597074850809577e+02,2.048427700000000016e+02
8.506889264355730802e+02,2.048427700000000016e+02
8.510302343344709470e+02,2.048427700000000016e+02
8.508252944551780956e+02,2.048427700000000016e+02
8.509324822762148415e+02,2.048427700000000016e+02
8.509616624747832248e+02,2.048427700000000016e+02
8.511469493234791344e+02,2.048427700000000016e+02
8.510980304943882402e+02,2.048427700000000016e+02
8.512052570673487253e+02,2.048427700000000016e+02
8.512343985139933693e+02,2.048427700000000016e+02
9.061139500000000453e+02,1.999351800000000026e+02
8.513707665335983847e+02,2.048427700000000016e+02
8.514780318584824954e+02,2.048427700000000016e+02
8.515071345532034002e+02,2.048427700000000016e+02
8.516926539795337021e+02,2.048427700000000016e+02
8.516435025728085293e+02,2.048427700000000016e+02
8.517508066496163792e+02,2.048427700000000016e+02
8.517798705924135447e+02,2.048427700000000016e+02
8.521222644709896485e+02,2.048427700000000016e+02
8.519162386120185602e+02,2.048427700000000016e+02
8.520235814407502630e+02,2.048427700000000016e+02
8.520526066316236893e+02,2.048427700000000016e+02
8.522383586355882699e+02,2.048427700000000016e+02
8.521889746512287047e+02,2.048427700000000016e+02
8.522963562318840331e+02,2.048427700000000016e+02
8.523253426708338338e+02,2.048427700000000016e+02
8.529829533712983221e+02,2.048427700000000016e+02
8.524617106904388493e+02,2.048427700000000016e+02
8.525691310230179170e+02,2.048427700000000016e+02
8.525980787100438647e+02,2.048427700000000016e+02
8.527840632916429513e+02,2.048427700000000016e+02
8.527344467296489938e+02,2.048427700000000016e+02
8.528419058141516871e+02,2.048427700000000016e+02
8.528708147492540093e+02,2.048427700000000016e+02
8.532142946075084637e+02,2.048427700000000016e+02
8.530071827688590247e+02,2.048427700000000016e+02
8.531146806052855709e+02,2.048427700000000016e+02
8.531435507884641538e+02,2.048427700000000016e+02
8.533297679476975190e+02,2.048427700000000016e+02
8.532799188080691692e+02,2.048427700000000016e+02
8.533874553964194547e+02,2.048427700000000016e+02
8.534162868276742984e+02,2.048427700000000016e+02
8.547102263013697439e+02,2.048427700000000016e+02
8.535526548472793138e+02,2.048427700000000016e+02
8.536602301875532248e+02,2.048427700000000016e+02
8.536890228668843292e+02,2.048427700000000016e+02
8.538754726037520868e+02,2.048427700000000016e+02
8.538253908864894584e+02,2.048427700000000016e+02
8.539330049786871086e+02,2.048427700000000016e+02
8.539617589060944738e+02,2.048427700000000016e+02
8.543063247440272789e+02,2.048427700000000016e+02
8.540981269256994892e+02,2.048427700000000016e+02
8.542057797698209924e+02,2.048427700000000016e+02
8.542344949453046183e+02,2.048427700000000016e+02
8.544211772598066545e+02,2.048427700000000016e+02
8.543708629649096338e+02,2.048427700000000016e+02
8.544785545609547626e+02,2.048427700000000016e+02
8.545072309845146492e+02,2.048427700000000016e+02
8.551695011845101817e+02,2.048427700000000016e+02
8.546435990041197783e+02,2.048427700000000016e+02
8.547513293520886464e+02,2.048427700000000016e+02
8.547799670237247938e+02,2.048427700000000016e+02
8.549668819158612223e+02,2.048427700000000016e+02
8.549163350433299229e+02,2.048427700000000016e+02
8.550241041432225302e+02,2.048427700000000016e+02
8.550527030629349383e+02,2.048427700000000016e+02
8.553983548805459804e+02,2.048427700000000016e+02
8.551890710825399537e+02,2.048427700000000016e+02
8.552968789343563003e+02,2.048427700000000016e+02
8.553254391021450829e+02,2.048427700000000016e+02
8.555125865719157900e+02,2.048427700000000016e+02
8.554618071217500983e+02,2.048427700000000016e+02
8.555696537254901841e+02,2.048427700000000016e+02
8.555981751413551137e+02,2.048427700000000016e+02
9.141623499999999467e+02,2.076455100000000016e+02
8.557345431609602429e+02,2.216370799999999974e+02
8.558424285166240679e+02,2.216370799999999974e+02
8.558709111805652583e+02,2.216370799999999974e+02
8.560582912279703578e+02,2.216370799999999974e+02
8.560072792001703874e+02,2.216370799999999974e+02
8.561152033077578380e+02,2.216370799999999974e+02
8.561436472197754028e+02,2.216370799999999974e+02
8.564903850170647956e+02,2.216370799999999974e+02
8.562800152393804183e+02,2.216370799999999974e+02
8.563879780988917219e+02,2.216370799999999974e+02
8.564163832589855474e+02,2.216370799999999974e+02
8.566039958840249255e+02,2.216370799999999974e+02
8.565527512785905628e+02,2.216370799999999974e+02
8.566607528900256057e+02,2.216370799999999974e+02
8.566891192981955783e+02,2.216370799999999974e+02
8.573560489977220413e+02,2.216370799999999974e+02
8.568254873178007074e+02,2.216370799999999974e+02
8.569335276811593758e+02,2.216370799999999974e+02
8.569618553374057228e+02,2.216370799999999974e+02
8.571497005400794933e+02,2.216370799999999974e+02
8.570982233570108519e+02,2.216370799999999974e+02
8.572063024722932596e+02,2.216370799999999974e+02
8.572345913766158674e+02,2.216370799999999974e+02
8.575824151535834972e+02,2.216370799999999974e+02
8.573709593962208828e+02,2.216370799999999974e+02
8.574790772634271434e+02,2.216370799999999974e+02
8.575073274158260119e+02,2.216370799999999974e+02
8.576954051961340610e+02,2.216370799999999974e+02
8.576436954354310274e+02,2.216370799999999974e+02
8.577518520545609135e+02,2.216370799999999974e+02
8.577800634550360428e+02,2.216370799999999974e+02
8.590933061643835345e+02,2.216370799999999974e+02
8.579164314746411719e+02,2.216370799999999974e+02
8.580246268456947973e+02,2.216370799999999974e+02
8.580527994942461874e+02,2.216370799999999974e+02
8.582411098521886288e+02,2.216370799999999974e+02
8.581891675138512028e+02,2.216370799999999974e+02
8.582974016368286811e+02,2.216370799999999974e+02
8.583255355334563319e+02,2.216370799999999974e+02
8.586744452901023124e+02,2.216370799999999974e+02
8.584619035530613473e+02,2.216370799999999974e+02
8.585701764279624513e+02,2.216370799999999974e+02
8.585982715726664765e+02,2.216370799999999974e+02
8.587868145082431965e+02,2.216370799999999974e+02
8.587346395922714919e+02,2.216370799999999974e+02
8.588429512190963351e+02,2.216370799999999974e+02
8.588710076118765073e+02,2.216370799999999974e+02
8.595425968109339010e+02,2.216370799999999974e+02
8.590073756314816364e+02,2.216370799999999974e+02
8.591157260102302189e+02,2.216370799999999974e+02
8.591437436510866519e+02,2.216370799999999974e+02
8.593325191642977643e+02,2.216370799999999974e+02
8.592801116706916673e+02,2.216370799999999974e+02
8.593885008013639890e+02,2.216370799999999974e+02
8.594164796902967964e+02,2.216370799999999974e+02
8.597664754266211276e+02,2.216370799999999974e+02
8.595528477099018119e+02,2.216370799999999974e+02
8.596612755924978728e+02,2.216370799999999974e+02
8.596892157295069410e+02,2.216370799999999974e+02
8.598782238203524457e+02,2.216370799999999974e+02
8.598255837491119564e+02,2.216370799999999974e+02
8.599340503836317566e+02,2.216370799999999974e+02
8.599619517687169719e+02,2.216370799999999974e+02
9.219609000000000378e+02,2.128801300000000083e+02
8.600983197883221010e+02,2.216370799999999974e+02
8.602068251747655268e+02,2.216370799999999974e+02
8.602346878079271164e+02,2.216370799999999974e+02
8.604239284764070135e+02,2.216370799999999974e+02
8.603710558275321318e+02,2.216370799999999974e+02
8.604795999658994106e+02,2.216370799999999974e+02
8.605074238471372610e+02,2.216370799999999974e+02
8.608585055631398291e+02,2.216370799999999974e+02
8.606437918667422764e+02,2.216370799999999974e+02
8.607523747570332944e+02,2.216370799999999974e+02
8.607801598863474055e+02,2.216370799999999974e+02
8.609696331324615812e+02,2.216370799999999974e+02
8.609165279059524210e+02,2.216370799999999974e+02
8.610251495481670645e+02,2.216370799999999974e+02
8.610528959255574364e+02,2.216370799999999974e+02
8.617291446241457606e+02,2.216370799999999974e+02
8.611892639451625655e+02,2.216370799999999974e+02
8.612979243393009483e+02,2.216370799999999974e+02
8.613256319647675809e+02,2.216370799999999974e+02
8.615153377885161490e+02,2.216370799999999974e+02
8.614619999843725964e+02,2.216370799999999974e+02
8.615706991304348321e+02,2.216370799999999974e+02
8.615983680039777255e+02,2.216370799999999974e+02
8.619505356996586443e+02,2.216370799999999974e+02
8.617347360235827409e+02,2.216370799999999974e+02
8.618434739215686022e+02,2.216370799999999974e+02
8.618711040431877564e+02,2.216370799999999974e+02
8.620610424445707167e+02,2.216370799999999974e+02
8.620074720627928855e+02,2.216370799999999974e+02
8.621162487127024860e+02,2.216370799999999974e+02
8.621438400823979009e+02,2.216370799999999974e+02
8.634763860273972114e+02,2.216370799999999974e+02
8.622802081020030300e+02,2.216370799999999974e+02
8.623890235038362562e+02,2.216370799999999974e+02
8.624165761216080455e+02,2.216370799999999974e+02
8.626067471006252845e+02,2.216370799999999974e+02
8.625529441412130609e+02,2.216370799999999974e+02
8.626617982949701400e+02,2.216370799999999974e+02
8.626893121608181900e+02,2.216370799999999974e+02
8.630425658361774595e+02,2.216370799999999974e+02
8.628256801804232055e+02,2.216370799999999974e+02
8.629345730861040238e+02,2.216370799999999974e+02
8.629620482000282209e+02,2.216370799999999974e+02
8.631524517566798522e+02,2.216370799999999974e+02
8.630984162196333500e+02,2.216370799999999974e+02
8.632073478772377939e+02,2.216370799999999974e+02
8.632347842392383654e+02,2.216370799999999974e+02
8.639156924373576203e+02,2.216370799999999974e+02
8.633711522588434946e+02,2.216370799999999974e+02
8.634801226683716777e+02,2.216370799999999974e+02
8.635075202784485100e+02,2.216370799999999974e+02
8.636981564127344200e+02,2.216370799999999974e+02
8.636438882980535254e+02,2.216370799999999974e+02
8.637528974595055615e+02,2.216370799999999974e+02
8.637802563176586546e+02,2.216370799999999974e+02
8.641345959726961610e+02,2.216370799999999974e+02
8.639166243372636700e+02,2.216370799999999974e+02
8.640256722506393317e+02,2.216370799999999974e+02
8.640529923568686854e+02,2.216370799999999974e+02
8.642438610687889877e+02,2.216370799999999974e+02
8.641893603764738145e+02,2.216370799999999974e+02
8.642984470417732155e+02,2.216370799999999974e+02
8.643257283960788300e+02,2.216370799999999974e+02
9.292413299999999481e+02,2.140056199999999933e+02
8.644620964156838454e+02,2.216370799999999974e+02
8.645712218329070993e+02,2.216370799999999974e+02
8.645984644352889745e+02,2.216370799999999974e+02
8.647895657248435555e+02,2.216370799999999974e+02
8.647348324548939900e+02,2.216370799999999974e+02
8.648439966240408694e+02,2.216370799999999974e+02
8.648712004744991191e+02,2.216370799999999974e+02
8.652266261092149762e+02,2.216370799999999974e+02
8.650075684941041345e+02,2.216370799999999974e+02
8.651167714151747532e+02,2.216370799999999974e+02
8.651439365137091499e+02,2.216370799999999974e+02
8.653352703808981232e+02,2.216370799999999974e+02
8.652803045333142791e+02,2.216370799999999974e+02
8.653895462063086370e+02,2.216370799999999974e+02
8.654166725529192945e+02,2.216370799999999974e+02
8.661022402505694799e+02,2.216370799999999974e+02
8.655530405725243099e+02,2.216370799999999974e+02
8.656623209974424071e+02,2.216370799999999974e+02
8.656894085921294391e+02,2.216370799999999974e+02
8.658809750369526910e+02,2.216370799999999974e+02
8.658257766117344545e+02,2.216370799999999974e+02
8.659350957885762909e+02,2.216370799999999974e+02
8.659621446313395836e+02,2.216370799999999974e+02
8.663186562457336777e+02,2.216370799999999974e+02
8.660985126509445990e+02,2.216370799999999974e+02
8.662078705797101748e+02,2.216370799999999974e+02
8.662348806705496145e+02,2.216370799999999974e+02
8.664266796930072587e+02,2.216370799999999974e+02
8.663712486901547436e+02,2.216370799999999974e+02
8.664806453708439449e+02,2.216370799999999974e+02
8.665076167097597590e+02,2.216370799999999974e+02
8.678594658904108883e+02,2.216370799999999974e+02
8.666439847293647745e+02,2.216370799999999974e+02
8.667534201619778287e+02,2.216370799999999974e+02
8.667803527489699036e+02,2.216370799999999974e+02
8.669723843490619402e+02,2.216370799999999974e+02
8.669167207685749190e+02,2.216370799999999974e+02
8.670261949531117125e+02,2.216370799999999974e+02
8.670530887881800481e+02,2.216370799999999974e+02
8.674106863822524929e+02,2.216370799999999974e+02
8.671894568077850636e+02,2.216370799999999974e+02
8.672989697442454826e+02,2.216370799999999974e+02
8.673258248273900790e+02,2.216370799999999974e+02
8.675180890051165079e+02,2.216370799999999974e+02
8.674621928469952081e+02,2.216370799999999974e+02
8.675717445353793664e+02,2.216370799999999974e+02
8.675985608666002236e+02,2.216370799999999974e+02
8.682887880637812259e+02,2.216370799999999974e+02
8.677349288862052390e+02,2.216370799999999974e+02
8.678445193265132502e+02,2.216370799999999974e+02
8.678712969058103681e+02,2.216370799999999974e+02
8.680637936611710757e+02,2.216370799999999974e+02
8.680076649254153835e+02,2.216370799999999974e+02
8.681172941176470204e+02,2.216370799999999974e+02
8.681440329450203990e+02,2.216370799999999974e+02
8.685027165187713081e+02,2.216370799999999974e+02
8.682804009646255281e+02,2.216370799999999974e+02
8.683900689087809042e+02,2.216370799999999974e+02
8.684167689842305435e+02,2.216370799999999974e+02
8.686094983172256434e+02,2.216370799999999974e+02
8.685531370038356727e+02,2.216370799999999974e+02
8.686628436999147880e+02,2.216370799999999974e+02
8.686895050234406881e+02,2.216370799999999974e+02
9.349530999999999494e+02,2.113050499999999943e+02
8.688258730430457035e+02,2.216370799999999974e+02
8.689356184910485581e+02,2.216370799999999974e+02
8.689622410626508326e+02,2.216370799999999974e+02
8.691552029732802112e+02,2.216370799999999974e+02
8.690986090822558481e+02,2.216370799999999974e+02
8.692083932821824419e+02,2.216370799999999974e+02
8.692349771018608635e+02,2.216370799999999974e+02
8.695947466552900096e+02,2.216370799999999974e+02
8.693713451214659926e+02,2.216370799999999974e+02
8.694811680733163257e+02,2.216370799999999974e+02
8.695077131410710081e+02,2.216370799999999974e+02
8.697009076293347789e+02,2.216370799999999974e+02
8.696440811606761372e+02,2.216370799999999974e+02
8.697539428644500958e+02,2.216370799999999974e+02
8.697804491802811526e+02,2.216370799999999974e+02
8.704753358769930855e+02,2.216370799999999974e+02
8.699168171998861681e+02,2.216370799999999974e+02
8.700267176555839796e+02,2.216370799999999974e+02
8.700531852194912972e+02,2.216370799999999974e+02
8.702466122853893467e+02,2.216370799999999974e+02
8.701895532390963126e+02,2.216370799999999974e+02
8.702994924467178635e+02,2.216370799999999974e+02
8.703259212587013280e+02,2.216370799999999974e+02
8.706867767918088248e+02,2.216370799999999974e+02
8.704622892783064572e+02,2.216370799999999974e+02
8.705722672378516336e+02,2.216370799999999974e+02
8.705986572979114726e+02,2.216370799999999974e+02
8.707923169414439144e+02,2.216370799999999974e+02
8.707350253175166017e+02,2.216370799999999974e+02
8.708450420289855174e+02,2.216370799999999974e+02
8.708713933371216172e+02,2.216370799999999974e+02
8.722425457534245652e+02,2.216370799999999974e+02
8.710077613567266326e+02,2.216370799999999974e+02
8.711178168201194012e+02,2.216370799999999974e+02
8.711441293763317617e+02,2.216370799999999974e+02
8.713380215974984822e+02,2.216370799999999974e+02
8.712804973959367771e+02,2.216370799999999974e+02
8.713905916112531713e+02,2.216370799999999974e+02
8.714168654155417926e+02,2.216370799999999974e+02
8.717788069283275263e+02,2.216370799999999974e+02
8.715532334351469217e+02,2.216370799999999974e+02
8.716633664023870551e+02,2.216370799999999974e+02
8.716896014547519371e+02,2.216370799999999974e+02
8.718837262535530499e+02,2.216370799999999974e+02
8.718259694743569526e+02,2.216370799999999974e+02
8.719361411935208253e+02,2.216370799999999974e+02
8.719623374939620817e+02,2.216370799999999974e+02
8.726618836902049452e+02,2.216370799999999974e+02
8.720987055135670971e+02,2.216370799999999974e+02
8.722089159846547091e+02,2.216370799999999974e+02
8.722350735331722262e+02,2.216370799999999974e+02
8.724294309096076177e+02,2.216370799999999974e+02
8.723714415527772417e+02,2.216370799999999974e+02
8.724816907757885929e+02,2.216370799999999974e+02
8.725078095723822571e+02,2.216370799999999974e+02
8.728708370648463415e+02,2.216370799999999974e+02
8.726441775919873862e+02,2.216370799999999974e+02
8.727544655669223630e+02,2.216370799999999974e+02
8.727805456115924017e+02,2.216370799999999974e+02
8.729751355656621854e+02,2.216370799999999974e+02
8.729169136311974171e+02,2.216370799999999974e+02
8.730272403580562468e+02,2.216370799999999974e+02
8.730532816508025462e+02,2.216370799999999974e+02
9.364607999999999493e+02,2.081632099999999923e+02
8.731896496704075616e+02,2.216370799999999974e+02
8.733000151491901306e+02,2.216370799999999974e+02
8.733260176900126908e+02,2.216370799999999974e+02
8.735208402217167531e+02,2.216370799999999974e+02
8.734623857096177062e+02,2.216370799999999974e+02
8.735727899403239007e+02,2.216370799999999974e+02
8.735987537292227216e+02,2.216370799999999974e+02
8.739628672013651567e+02,2.216370799999999974e+02
8.737351217488278508e+02,2.216370799999999974e+02
8.738455647314577845e+02,2.216370799999999974e+02
8.738714897684328662e+02,2.216370799999999974e+02
8.740665448777714346e+02,2.216370799999999974e+02
8.740078577880378816e+02,2.216370799999999974e+02
8.741183395225916684e+02,2.216370799999999974e+02
8.741442258076430107e+02,2.216370799999999974e+02
8.748484315034168048e+02,2.216370799999999974e+02
8.742805938272480262e+02,2.216370799999999974e+02
8.743911143137254385e+02,2.216370799999999974e+02
8.744169618468531553e+02,2.216370799999999974e+02
8.746122495338260023e+02,2.216370799999999974e+02
8.745533298664581707e+02,2.216370799999999974e+02
8.746638891048593223e+02,2.216370799999999974e+02
8.746896978860631862e+02,2.216370799999999974e+02
8.750548973378838582e+02,2.216370799999999974e+02
8.748260659056683153e+02,2.216370799999999974e+02
8.749366638959932061e+02,2.216370799999999974e+02
8.749624339252733307e+02,2.216370799999999974e+02
8.751579541898805701e+02,2.216370799999999974e+02
8.750988019448783461e+02,2.216370799999999974e+02
8.752094386871269762e+02,2.216370799999999974e+02
8.752351699644834753e+02,2.216370799999999974e+02
8.766256256164382421e+02,2.216370799999999974e+02
8.753715379840884907e+02,2.216370799999999974e+02
8.754822134782608600e+02,2.216370799999999974e+02
8.755079060036935061e+02,2.216370799999999974e+02
8.757036588459351378e+02,2.216370799999999974e+02
8.756442740232986353e+02,2.216370799999999974e+02
8.757549882693947438e+02,2.216370799999999974e+02
8.757806420429036507e+02,2.216370799999999974e+02
8.761469274744026734e+02,2.216370799999999974e+02
8.759170100625087798e+02,2.216370799999999974e+02
8.760277630605285140e+02,2.216370799999999974e+02
8.760533780821137952e+02,2.216370799999999974e+02
8.762493635019897056e+02,2.216370799999999974e+02
8.761897461017188107e+02,2.216370799999999974e+02
8.763005378516623978e+02,2.216370799999999974e+02
8.763261141213239398e+02,2.216370799999999974e+02
8.770349793166286645e+02,2.216370799999999974e+02
8.764624821409289552e+02,2.216370799999999974e+02
8.765733126427962816e+02,2.216370799999999974e+02
8.765988501605339707e+02,2.216370799999999974e+02
8.767950681580442733e+02,2.216370799999999974e+02
8.767352181801390998e+02,2.216370799999999974e+02
8.768460874339300517e+02,2.216370799999999974e+02
8.768715861997441152e+02,2.216370799999999974e+02
8.772389576109213749e+02,2.216370799999999974e+02
8.770079542193492443e+02,2.216370799999999974e+02
8.771188622250639355e+02,2.216370799999999974e+02
8.771443222389542598e+02,2.216370799999999974e+02
8.773407728140988411e+02,2.216370799999999974e+02
8.772806902585592752e+02,2.216370799999999974e+02
8.773916370161978193e+02,2.216370799999999974e+02
8.774170582781644043e+02,2.216370799999999974e+02
9.377987000000000535e+02,1.986688200000000109e+02
8.775534262977694198e+02,2.297004399999999862e+02
8.776644118073315894e+02,2.297004399999999862e+02
8.776897943173744352e+02,2.297004399999999862e+02
8.778864774701534088e+02,2.297004399999999862e+02
8.778261623369795643e+02,2.297004399999999862e+02
8.779371865984654733e+02,2.297004399999999862e+02
8.779625303565845797e+02,2.297004399999999862e+02
8.783309877474401901e+02,2.297004399999999862e+02
8.780988983761897089e+02,2.297004399999999862e+02
8.782099613895993571e+02,2.297004399999999862e+02
8.782352663957947243e+02,2.297004399999999862e+02
8.784321821262079766e+02,2.297004399999999862e+02
8.783716344153997397e+02,2.297004399999999862e+02
8.784827361807331272e+02,2.297004399999999862e+02
8.785080024350048689e+02,2.297004399999999862e+02
8.792215271298405241e+02,2.297004399999999862e+02
8.786443704546098843e+02,2.297004399999999862e+02
8.787555109718670110e+02,2.297004399999999862e+02
8.787807384742148997e+02,2.297004399999999862e+02
8.789778867822625443e+02,2.297004399999999862e+02
8.789171064938200288e+02,2.297004399999999862e+02
8.790282857630008948e+02,2.297004399999999862e+02
8.790534745134250443e+02,2.297004399999999862e+02
8.794230178839590053e+02,2.297004399999999862e+02
8.791898425330300597e+02,2.297004399999999862e+02
8.793010605541346649e+02,2.297004399999999862e+02
8.793262105526351888e+02,2.297004399999999862e+02
8.795235914383171121e+02,2.297004399999999862e+02
8.794625785722402043e+02,2.297004399999999862e+02
8.795738353452685487e+02,2.297004399999999862e+02
8.795989465918453334e+02,2.297004399999999862e+02
8.810087054794520327e+02,2.297004399999999862e+02
8.797353146114503488e+02,2.297004399999999862e+02
8.798466101364024325e+02,2.297004399999999862e+02
8.798716826310553643e+02,2.297004399999999862e+02
8.800692960943716798e+02,2.297004399999999862e+02
8.800080506506604934e+02,2.297004399999999862e+02
8.801193849275362027e+02,2.297004399999999862e+02
8.801444186702655088e+02,2.297004399999999862e+02
8.805150480204777068e+02,2.297004399999999862e+02
8.802807866898705242e+02,2.297004399999999862e+02
8.803921597186700865e+02,2.297004399999999862e+02
8.804171547094756534e+02,2.297004399999999862e+02
8.806150007504262476e+02,2.297004399999999862e+02
8.805535227290806688e+02,2.297004399999999862e+02
8.806649345098039703e+02,2.297004399999999862e+02
8.806898907486857979e+02,2.297004399999999862e+02
8.814080749430523838e+02,2.297004399999999862e+02
8.808262587682908134e+02,2.297004399999999862e+02
8.809377093009377404e+02,2.297004399999999862e+02
8.809626267878958288e+02,2.297004399999999862e+02
8.811607054064809290e+02,2.297004399999999862e+02
8.810989948075009579e+02,2.297004399999999862e+02
8.812104840920716242e+02,2.297004399999999862e+02
8.812353628271059733e+02,2.297004399999999862e+02
8.816070781569965220e+02,2.297004399999999862e+02
8.813717308467109888e+02,2.297004399999999862e+02
8.814832588832053943e+02,2.297004399999999862e+02
8.815080988663161179e+02,2.297004399999999862e+02
8.817064100625354968e+02,2.297004399999999862e+02
8.816444668859211333e+02,2.297004399999999862e+02
8.817560336743392782e+02,2.297004399999999862e+02
8.817808349055262624e+02,2.297004399999999862e+02
9.384612399999999752e+02,1.720289300000000026e+02
8.819172029251312779e+02,2.297004399999999862e+02
8.820288084654731620e+02,2.297004399999999862e+02
8.820535709447362933e+02,2.297004399999999862e+02
8.822521147185900645e+02,2.297004399999999862e+02
8.821899389643414224e+02,2.297004399999999862e+02
8.823015832566069321e+02,2.297004399999999862e+02
8.823263069839464379e+02,2.297004399999999862e+02
8.826991082935153372e+02,2.297004399999999862e+02
8.824626750035514533e+02,2.297004399999999862e+02
8.825743580477408159e+02,2.297004399999999862e+02
8.825990430231565824e+02,2.297004399999999862e+02
8.827978193746446323e+02,2.297004399999999862e+02
8.827354110427615979e+02,2.297004399999999862e+02
8.828471328388746997e+02,2.297004399999999862e+02
8.828717790623666133e+02,2.297004399999999862e+02
8.835946227562642434e+02,2.297004399999999862e+02
8.830081470819717424e+02,2.297004399999999862e+02
8.831199076300084698e+02,2.297004399999999862e+02
8.831445151015767578e+02,2.297004399999999862e+02
8.833435240306992000e+02,2.297004399999999862e+02
8.832808831211818870e+02,2.297004399999999862e+02
8.833926824211423536e+02,2.297004399999999862e+02
8.834172511407869024e+02,2.297004399999999862e+02
8.837911384300340387e+02,2.297004399999999862e+02
8.835536191603919178e+02,2.297004399999999862e+02
8.836654572122762374e+02,2.297004399999999862e+02
8.836899871799970470e+02,2.297004399999999862e+02
8.838892286867537678e+02,2.297004399999999862e+02
8.838263551996020624e+02,2.297004399999999862e+02
8.839382320034100076e+02,2.297004399999999862e+02
8.839627232192070778e+02,2.297004399999999862e+02
8.853917853424657096e+02,2.297004399999999862e+02
8.840990912388122069e+02,2.297004399999999862e+02
8.842110067945438914e+02,2.297004399999999862e+02
8.842354592584172224e+02,2.297004399999999862e+02
8.844349333428083355e+02,2.297004399999999862e+02
8.843718272780223515e+02,2.297004399999999862e+02
8.844837815856777752e+02,2.297004399999999862e+02
8.845081952976273669e+02,2.297004399999999862e+02
8.848831685665528539e+02,2.297004399999999862e+02
8.846445633172323824e+02,2.297004399999999862e+02
8.847565563768115453e+02,2.297004399999999862e+02
8.847809313368375115e+02,2.297004399999999862e+02
8.849806379988629033e+02,2.297004399999999862e+02
8.849172993564425269e+02,2.297004399999999862e+02
8.850293311679454291e+02,2.297004399999999862e+02
8.850536673760475423e+02,2.297004399999999862e+02
8.857811705694759894e+02,2.297004399999999862e+02
8.851900353956526715e+02,2.297004399999999862e+02
8.853021059590793129e+02,2.297004399999999862e+02
8.853264034152576869e+02,2.297004399999999862e+02
8.855263426549174710e+02,2.297004399999999862e+02
8.854627714348627023e+02,2.297004399999999862e+02
8.855748807502130830e+02,2.297004399999999862e+02
8.855991394544678315e+02,2.297004399999999862e+02
8.859751987030715554e+02,2.297004399999999862e+02
8.857355074740728469e+02,2.297004399999999862e+02
8.858476555413469669e+02,2.297004399999999862e+02
8.858718754936779760e+02,2.297004399999999862e+02
8.860720473109720388e+02,2.297004399999999862e+02
8.860082435132829914e+02,2.297004399999999862e+02
8.861204303324808507e+02,2.297004399999999862e+02
8.861446115328880069e+02,2.297004399999999862e+02
9.342272000000000389e+02,1.542725800000000049e+02
8.862809795524931360e+02,2.297004399999999862e+02
8.863932051236146208e+02,2.297004399999999862e+02
8.864173475720981514e+02,2.297004399999999862e+02
8.866177519670266065e+02,2.297004399999999862e+02
8.865537155917031669e+02,2.297004399999999862e+02
8.866659799147485046e+02,2.297004399999999862e+02
8.866900836113082960e+02,2.297004399999999862e+02
8.870672288395903706e+02,2.297004399999999862e+02
8.868264516309133114e+02,2.297004399999999862e+02
8.869387547058823884e+02,2.297004399999999862e+02
8.869628196505184405e+02,2.297004399999999862e+02
8.871634566230811743e+02,2.297004399999999862e+02
8.870991876701234560e+02,2.297004399999999862e+02
8.872115294970161585e+02,2.297004399999999862e+02
8.872355556897284714e+02,2.297004399999999862e+02
8.879677183826878490e+02,2.297004399999999862e+02
8.873719237093336005e+02,2.297004399999999862e+02
8.874843042881500423e+02,2.297004399999999862e+02
8.875082917289386160e+02,2.297004399999999862e+02
8.877091612791357420e+02,2.297004399999999862e+02
8.876446597485436314e+02,2.297004399999999862e+02
8.877570790792839261e+02,2.297004399999999862e+02
8.877810277681487605e+02,2.297004399999999862e+02
8.881592589761091858e+02,2.297004399999999862e+02
8.879173957877537759e+02,2.297004399999999862e+02
8.880298538704176963e+02,2.297004399999999862e+02
8.880537638073589051e+02,2.297004399999999862e+02
8.882548659351904234e+02,2.297004399999999862e+02
8.881901318269639205e+02,2.297004399999999862e+02
8.883026286615515801e+02,2.297004399999999862e+02
8.883264998465689359e+02,2.297004399999999862e+02
8.897748652054793865e+02,2.297004399999999862e+02
8.884628678661740651e+02,2.297004399999999862e+02
8.885754034526854639e+02,2.297004399999999862e+02
8.885992358857790805e+02,2.297004399999999862e+02
8.888005705912449912e+02,2.297004399999999862e+02
8.887356039053840959e+02,2.297004399999999862e+02
8.888481782438192340e+02,2.297004399999999862e+02
8.888719719249892250e+02,2.297004399999999862e+02
8.892512891126278873e+02,2.297004399999999862e+02
8.890083399445942405e+02,2.297004399999999862e+02
8.891209530349531178e+02,2.297004399999999862e+02
8.891447079641992559e+02,2.297004399999999862e+02
8.893462752472995589e+02,2.297004399999999862e+02
8.892810759838043850e+02,2.297004399999999862e+02
8.893937278260870016e+02,2.297004399999999862e+02
8.894174440034094005e+02,2.297004399999999862e+02
8.901542661958997087e+02,2.297004399999999862e+02
8.895538120230145296e+02,2.297004399999999862e+02
8.896665026172207718e+02,2.297004399999999862e+02
8.896901800426195450e+02,2.297004399999999862e+02
8.898919799033541267e+02,2.297004399999999862e+02
8.898265480622245605e+02,2.297004399999999862e+02
8.899392774083546556e+02,2.297004399999999862e+02
8.899629160818296896e+02,2.297004399999999862e+02
8.903433192491467025e+02,2.297004399999999862e+02
8.900992841014347050e+02,2.297004399999999862e+02
8.902120521994885394e+02,2.297004399999999862e+02
8.902356521210397204e+02,2.297004399999999862e+02
8.904376845594086944e+02,2.297004399999999862e+02
8.903720201406448496e+02,2.297004399999999862e+02
8.904848269906223095e+02,2.297004399999999862e+02
8.905083881602498650e+02,2.297004399999999862e+02
9.293844599999999900e+02,1.441855500000000063e+02
8.906447561798549941e+02,1.573679199999999980e+02
8.907576017817561933e+02,1.573679199999999980e+02
8.907811241994600095e+02,1.573679199999999980e+02
8.909833892154632622e+02,1.573679199999999980e+02
8.909174922190650250e+02,1.573679199999999980e+02
8.910303765728900771e+02,1.573679199999999980e+02
8.910538602386701541e+02,1.573679199999999980e+02
8.914353493856654040e+02,1.573679199999999980e+02
8.911902282582751695e+02,1.573679199999999980e+02
8.913031513640238472e+02,1.573679199999999980e+02
8.913265962778801850e+02,1.573679199999999980e+02
8.915290938715178299e+02,1.573679199999999980e+02
8.914629642974853141e+02,1.573679199999999980e+02
8.915759261551577310e+02,1.573679199999999980e+02
8.915993323170903295e+02,1.573679199999999980e+02
8.923408140091115683e+02,1.573679199999999980e+02
8.917357003366954586e+02,1.573679199999999980e+02
8.918487009462915012e+02,1.573679199999999980e+02
8.918720683563004741e+02,1.573679199999999980e+02
8.920747985275723977e+02,1.573679199999999980e+02
8.920084363759054895e+02,1.573679199999999980e+02
8.921214757374253850e+02,1.573679199999999980e+02
8.921448043955106186e+02,1.573679199999999980e+02
8.925273795221842192e+02,1.573679199999999980e+02
8.922811724151156341e+02,1.573679199999999980e+02
8.923942505285592688e+02,1.573679199999999980e+02
8.924175404347206495e+02,1.573679199999999980e+02
8.926205031836269654e+02,1.573679199999999980e+02
8.925539084543257786e+02,1.573679199999999980e+02
8.926670253196930389e+02,1.573679199999999980e+02
8.926902764739307941e+02,1.573679199999999980e+02
8.941579450684930634e+02,1.573679199999999980e+02
8.928266444935358095e+02,1.573679199999999980e+02
8.929398001108269227e+02,1.573679199999999980e+02
8.929630125131409386e+02,1.573679199999999980e+02
8.931662078396815332e+02,1.573679199999999980e+02
8.930993805327459540e+02,1.573679199999999980e+02
8.932125749019608065e+02,1.573679199999999980e+02
8.932357485523510832e+02,1.573679199999999980e+02
8.936194096587030344e+02,1.573679199999999980e+02
8.933721165719560986e+02,1.573679199999999980e+02
8.934853496930945767e+02,1.573679199999999980e+02
8.935084845915611140e+02,1.573679199999999980e+02
8.937119124957361009e+02,1.573679199999999980e+02
8.936448526111662432e+02,1.573679199999999980e+02
8.937581244842284605e+02,1.573679199999999980e+02
8.937812206307712586e+02,1.573679199999999980e+02
8.945273618223234280e+02,1.573679199999999980e+02
8.939175886503762740e+02,1.573679199999999980e+02
8.940308992753623443e+02,1.573679199999999980e+02
8.940539566699814031e+02,1.573679199999999980e+02
8.942576171517906687e+02,1.573679199999999980e+02
8.941903246895864186e+02,1.573679199999999980e+02
8.943036740664961144e+02,1.573679199999999980e+02
8.943266927091915477e+02,1.573679199999999980e+02
8.947114397952217359e+02,1.573679199999999980e+02
8.944630607287965631e+02,1.573679199999999980e+02
8.945764488576299982e+02,1.573679199999999980e+02
8.945994287484015786e+02,1.573679199999999980e+02
8.948033218078452364e+02,1.573679199999999980e+02
8.947357967680067077e+02,1.573679199999999980e+02
8.948492236487638820e+02,1.573679199999999980e+02
8.948721647876117231e+02,1.573679199999999980e+02
9.253157300000000305e+02,1.386683299999999974e+02
8.950085328072167385e+02,1.738526599999999860e+02
8.951219984398976521e+02,1.738526599999999860e+02
8.951449008268218677e+02,1.738526599999999860e+02
8.953490264638999179e+02,1.345026900000000012e+02
8.952812688464268831e+02,1.738526599999999860e+02
8.953947732310315359e+02,1.345026900000000012e+02
8.954176368660320122e+02,1.345026900000000012e+02
8.958034699317405511e+02,1.345026900000000012e+02
8.955540048856370277e+02,1.345026900000000012e+02
8.956675480221654198e+02,1.345026900000000012e+02
8.956903729052420431e+02,1.345026900000000012e+02
8.958947311199544856e+02,1.345026900000000012e+02
8.958267409248471722e+02,1.345026900000000012e+02
8.959403228132991899e+02,1.345026900000000012e+02
8.959631089444521876e+02,1.345026900000000012e+02
8.967139096355352876e+02,1.345026900000000012e+02
8.960994769640572031e+02,1.345026900000000012e+02
8.962130976044330737e+02,1.345026900000000012e+02
8.962358449836623322e+02,1.345026900000000012e+02
8.964404357760090534e+02,1.345026900000000012e+02
8.963722130032673476e+02,1.345026900000000012e+02
8.964858723955669575e+02,1.345026900000000012e+02
8.965085810228723631e+02,1.345026900000000012e+02
8.968955000682593663e+02,1.345026900000000012e+02
8.966449490424774922e+02,1.345026900000000012e+02
8.967586471867007276e+02,1.345026900000000012e+02
8.967813170620825076e+02,1.345026900000000012e+02
8.969861404320636211e+02,1.345026900000000012e+02
8.969176850816876367e+02,1.345026900000000012e+02
8.970314219778346114e+02,1.345026900000000012e+02
8.970540531012926522e+02,1.345026900000000012e+02
8.985410249315067404e+02,1.911355000000000075e+02
8.971904211208976676e+02,1.911355000000000075e+02
8.973041967689684952e+02,1.911355000000000075e+02
8.973267891405027967e+02,1.911355000000000075e+02
8.975318450881181889e+02,1.911355000000000075e+02
8.974631571601078122e+02,1.911355000000000075e+02
8.975769715601022654e+02,1.911355000000000075e+02
8.975995251797128276e+02,1.911355000000000075e+02
8.979875302047780679e+02,1.911355000000000075e+02
8.977358931993179567e+02,1.911355000000000075e+02
8.978497463512361492e+02,1.911355000000000075e+02
8.978722612189229721e+02,1.911355000000000075e+02
8.980775497441727566e+02,1.911355000000000075e+02
8.980086292385281013e+02,1.911355000000000075e+02
8.981225211423700330e+02,1.911355000000000075e+02
8.981449972581331167e+02,1.911355000000000075e+02
8.989004574487471473e+02,1.911355000000000075e+02
8.982813652777381321e+02,1.911355000000000075e+02
8.983952959335038031e+02,1.911355000000000075e+02
8.984177332973432613e+02,1.911355000000000075e+02
8.986232544002273244e+02,1.911355000000000075e+02
8.985541013169482767e+02,1.911355000000000075e+02
8.986680707246376869e+02,1.911355000000000075e+02
8.986904693365532921e+02,1.911355000000000075e+02
8.990795603412968831e+02,1.911355000000000075e+02
8.988268373561584212e+02,1.911355000000000075e+02
8.989408455157715707e+02,1.911355000000000075e+02
8.989632053757634367e+02,1.911355000000000075e+02
8.991689590562818921e+02,1.911355000000000075e+02
8.990995733953685658e+02,1.911355000000000075e+02
8.992136203069053408e+02,1.911355000000000075e+02
8.992359414149735812e+02,1.911355000000000075e+02
9.221377599999999575e+02,1.357818599999999947e+02
8.993723094345785967e+02,1.911355000000000075e+02
8.994863950980392246e+02,1.911355000000000075e+02
8.995086774541837258e+02,1.911355000000000075e+02
8.997146637123364599e+02,1.911355000000000075e+02
8.996450454737887412e+02,1.911355000000000075e+02
8.997591698891731085e+02,1.911355000000000075e+02
8.997814134933937567e+02,1.911355000000000075e+02
9.001715904778155846e+02,1.911355000000000075e+02
8.999177815129988858e+02,1.911355000000000075e+02
9.000319446803068786e+02,1.911355000000000075e+02
9.000541495326039012e+02,1.911355000000000075e+02
9.002603683683910276e+02,1.911355000000000075e+02
9.001905175522089166e+02,1.911355000000000075e+02
9.003047194714407624e+02,1.911355000000000075e+02
9.003268855718140458e+02,1.911355000000000075e+02
9.010870052619590069e+02,1.194648399999999953e+02
9.004632535914190612e+02,1.911355000000000075e+02
9.005774942625746462e+02,1.911355000000000075e+02
9.005996216110241903e+02,1.911355000000000075e+02
9.008060730244455954e+02,1.911355000000000075e+02
9.007359896306292057e+02,1.911355000000000075e+02
9.008502690537084163e+02,1.911355000000000075e+02
9.008723576502342212e+02,1.911355000000000075e+02
9.012636206143343998e+02,1.194648399999999953e+02
9.010087256698393503e+02,1.194648399999999953e+02
9.011230438448423001e+02,1.194648399999999953e+02
9.011450936894443657e+02,1.194648399999999953e+02
9.013517776805001631e+02,1.194648399999999953e+02
9.012814617090493812e+02,1.194648399999999953e+02
9.013958186359760703e+02,1.194648399999999953e+02
9.014178297286545103e+02,1.194648399999999953e+02
9.029241047945204173e+02,2.317581800000000101e+02
9.015541977482595257e+02,1.194648399999999953e+02
9.016685934271099541e+02,1.194648399999999953e+02
9.016905657678646548e+02,1.194648399999999953e+02
9.018974823365547309e+02,1.194648399999999953e+02
9.018269337874696703e+02,1.194648399999999953e+02
9.019413682182438379e+02,1.194648399999999953e+02
9.019633018070746857e+02,1.194648399999999953e+02
9.023556507508532150e+02,2.317581800000000101e+02
9.020996698266798148e+02,2.317581800000000101e+02
9.022141430093776080e+02,2.317581800000000101e+02
9.022360378462848303e+02,2.317581800000000101e+02
9.024431869926094123e+02,2.317581800000000101e+02
9.023724058658898457e+02,2.317581800000000101e+02
9.024869178005114918e+02,2.317581800000000101e+02
9.025087738854949748e+02,2.317581800000000101e+02
9.032735530751707529e+02,2.317581800000000101e+02
9.026451419050999903e+02,2.317581800000000101e+02
9.027596925916453756e+02,2.317581800000000101e+02
9.027815099247051194e+02,2.317581800000000101e+02
9.029888916486639800e+02,2.317581800000000101e+02
9.029178779443101348e+02,2.317581800000000101e+02
9.030324673827791457e+02,2.317581800000000101e+02
9.030542459639151502e+02,2.317581800000000101e+02
9.034476808873719165e+02,2.317581800000000101e+02
9.031906139835202794e+02,2.317581800000000101e+02
9.033052421739130295e+02,2.317581800000000101e+02
9.033269820031252948e+02,2.317581800000000101e+02
9.035345963047185478e+02,2.317581800000000101e+02
9.034633500227303102e+02,2.317581800000000101e+02
9.035780169650469134e+02,2.317581800000000101e+02
9.035997180423354393e+02,2.317581800000000101e+02
9.211184700000000021e+02,1.349288300000000049e+02
9.037360860619404548e+02,1.999351800000000026e+02
9.038507917561806835e+02,1.999351800000000026e+02
9.038724540815454702e+02,1.999351800000000026e+02
9.040803009607731155e+02,1.999351800000000026e+02
9.040088221011505993e+02,1.999351800000000026e+02
9.041235665473145673e+02,1.999351800000000026e+02
9.041451901207556148e+02,1.999351800000000026e+02
9.045397110238907317e+02,1.999351800000000026e+02
9.042815581403607439e+02,1.999351800000000026e+02
9.043963413384484511e+02,1.999351800000000026e+02
9.044179261599657593e+02,1.999351800000000026e+02
9.046260056168276833e+02,1.999351800000000026e+02
9.045542941795707748e+02,1.999351800000000026e+02
9.046691161295822212e+02,1.999351800000000026e+02
9.046906621991759039e+02,1.999351800000000026e+02
9.054601008883826125e+02,1.999351800000000026e+02
9.048270302187809193e+02,1.999351800000000026e+02
9.049418909207161050e+02,1.999351800000000026e+02
9.049633982383859347e+02,1.999351800000000026e+02
9.051717102728822510e+02,1.999351800000000026e+02
9.050997662579910639e+02,1.999351800000000026e+02
9.052146657118499888e+02,1.999351800000000026e+02
9.052361342775960793e+02,1.999351800000000026e+02
9.056317411604094332e+02,1.999351800000000026e+02
9.053725022972012084e+02,1.999351800000000026e+02
9.054874405029837590e+02,1.999351800000000026e+02
9.055088703168062239e+02,1.999351800000000026e+02
9.057174149289368188e+02,1.999351800000000026e+02
9.056452383364112393e+02,1.999351800000000026e+02
9.057602152941176428e+02,1.999351800000000026e+02
9.057816063560163684e+02,1.999351800000000026e+02
9.073071846575342079e+02,1.149260249999999957e+02
9.059179743756213838e+02,1.999351800000000026e+02
9.060329900852515266e+02,1.999351800000000026e+02
9.060543423952263993e+02,1.999351800000000026e+02
9.062631195849913865e+02,1.149260249999999957e+02
9.061907104148315284e+02,1.149260249999999957e+02
9.063057648763852967e+02,1.149260249999999957e+02
9.063270784344365438e+02,1.149260249999999957e+02
9.067237712969282484e+02,1.149260249999999957e+02
9.064634464540415593e+02,1.149260249999999957e+02
9.065785396675191805e+02,1.149260249999999957e+02
9.065998144736466884e+02,1.149260249999999957e+02
9.068088242410459543e+02,1.149260249999999957e+02
9.067361824932517038e+02,1.149260249999999957e+02
9.068513144586530643e+02,1.149260249999999957e+02
9.068725505128568329e+02,1.149260249999999957e+02
9.076466487015944722e+02,1.149260249999999957e+02
9.070089185324618484e+02,1.149260249999999957e+02
9.071240892497868344e+02,1.149260249999999957e+02
9.071452865520668638e+02,1.149260249999999957e+02
9.073545288971005220e+02,1.149260249999999957e+02
9.072816545716719929e+02,1.149260249999999957e+02
9.073968640409207183e+02,1.149260249999999957e+02
9.074180225912770084e+02,1.149260249999999957e+02
9.078158014334470636e+02,1.149260249999999957e+02
9.075543906108820238e+02,1.149260249999999957e+02
9.076696388320546021e+02,1.149260249999999957e+02
9.076907586304871529e+02,1.149260249999999957e+02
9.079002335531550898e+02,1.149260249999999957e+02
9.078271266500921683e+02,1.149260249999999957e+02
9.079424136231883722e+02,1.149260249999999957e+02
9.079634946696972975e+02,1.149260249999999957e+02
9.200807499999999663e+02,1.349288300000000049e+02
9.080998626893023129e+02,1.123630399999999980e+02
9.082151884143222560e+02,1.123630399999999980e+02
9.082362307089073283e+02,1.123630399999999980e+02
9.084459382092096575e+02,1.123630399999999980e+02
9.083725987285124575e+02,1.123630399999999980e+02
9.084879632054561398e+02,1.123630399999999980e+02
9.085089667481174729e+02,1.123630399999999980e+02
9.089078315699657651e+02,1.123630399999999980e+02
9.086453347677224883e+02,1.123630399999999980e+02
9.087607379965899099e+02,1.123630399999999980e+02
9.087817027873276174e+02,1.123630399999999980e+02
9.089916428652642253e+02,1.123630399999999980e+02
9.089180708069326329e+02,1.123630399999999980e+02
9.090335127877237937e+02,1.123630399999999980e+02
9.090544388265377620e+02,1.123630399999999980e+02
9.098331965148063318e+02,1.123630399999999980e+02
9.091908068461427774e+02,1.123630399999999980e+02
9.093062875788576775e+02,1.123630399999999980e+02
9.093271748657477929e+02,1.123630399999999980e+02
9.095373475213187930e+02,1.123630399999999980e+02
9.094635428853529220e+02,1.123630399999999980e+02
9.095790623699914477e+02,1.123630399999999980e+02
9.095999109049579374e+02,1.123630399999999980e+02
9.099998617064845803e+02,1.123630399999999980e+02
9.097362789245629529e+02,1.123630399999999980e+02
9.098518371611253315e+02,1.123630399999999980e+02
9.098726469441680820e+02,1.123630399999999980e+02
9.100830521773734745e+02,1.123630399999999980e+02
9.100090149637730974e+02,1.123630399999999980e+02
9.101246119522592153e+02,1.123630399999999980e+02
9.101453829833781128e+02,1.123630399999999980e+02
9.116902645205478848e+02,1.123630399999999980e+02
9.102817510029832420e+02,1.123630399999999980e+02
9.103973867433929854e+02,1.123630399999999980e+02
9.104181190225882574e+02,1.123630399999999980e+02
9.106287568334280422e+02,1.123630399999999980e+02
9.105544870421933865e+02,1.123630399999999980e+02
9.106701615345268692e+02,1.123630399999999980e+02
9.106908550617984019e+02,1.123630399999999980e+02
9.110918918430033955e+02,1.123630399999999980e+02
9.108272230814034174e+02,1.123630399999999980e+02
9.109429363256606393e+02,1.123630399999999980e+02
9.109635911010085465e+02,1.123630399999999980e+02
9.111744614894826100e+02,1.123630399999999980e+02
9.110999591206135619e+02,1.123630399999999980e+02
9.112157111167945232e+02,1.123630399999999980e+02
9.112363271402185774e+02,1.123630399999999980e+02
9.120197443280181915e+02,1.123630399999999980e+02
9.113726951598237065e+02,1.123630399999999980e+02
9.114884859079284070e+02,1.123630399999999980e+02
9.115090631794287219e+02,1.123630399999999980e+02
9.117201661455371777e+02,1.123630399999999980e+02
9.116454311990338510e+02,1.123630399999999980e+02
9.117612606990621771e+02,1.123630399999999980e+02
9.117817992186388665e+02,1.123630399999999980e+02
9.121839219795220970e+02,1.123630399999999980e+02
9.119181672382438819e+02,1.123630399999999980e+02
9.120340354901960609e+02,1.123630399999999980e+02
9.120545352578490110e+02,1.123630399999999980e+02
9.122658708015917455e+02,1.123630399999999980e+02
9.121909032774540265e+02,1.123630399999999980e+02
9.123068102813299447e+02,1.123630399999999980e+02
9.123272712970590419e+02,1.123630399999999980e+02
9.203086499999999432e+02,1.389462900000000047e+02
9.124636393166641710e+02,2.290895999999999901e+02
9.125795850724637148e+02,2.290895999999999901e+02
9.126000073362691865e+02,2.290895999999999901e+02
9.128115754576463132e+02,2.290895999999999901e+02
9.127363753558743156e+02,2.290895999999999901e+02
9.128523598635975986e+02,2.290895999999999901e+02
9.128727433754793310e+02,2.290895999999999901e+02
9.132759521160409122e+02,2.290895999999999901e+02
9.130091113950843464e+02,2.290895999999999901e+02
9.131251346547314824e+02,2.290895999999999901e+02
9.131454794146894756e+02,2.290895999999999901e+02
9.133572801137008810e+02,2.290895999999999901e+02
9.132818474342944910e+02,2.290895999999999901e+02
9.133979094458652526e+02,2.290895999999999901e+02
9.134182154538995064e+02,2.290895999999999901e+02
9.142062921412300511e+02,2.076455100000000016e+02
9.135545834735046355e+02,2.290895999999999901e+02
9.136706842369991364e+02,2.290895999999999901e+02
9.136909514931096510e+02,2.290895999999999901e+02
9.139029847697554487e+02,2.290895999999999901e+02
9.138273195127146664e+02,2.290895999999999901e+02
9.139434590281330202e+02,2.290895999999999901e+02
9.139636875323197955e+02,2.290895999999999901e+02
9.143679822525596137e+02,2.076455100000000016e+02
9.141000555519248110e+02,2.076455100000000016e+02
9.142162338192667903e+02,2.076455100000000016e+02
9.142364235715299401e+02,2.076455100000000016e+02
9.144486894258100165e+02,2.076455100000000016e+02
9.143727915911349555e+02,2.076455100000000016e+02
9.144890086104006741e+02,2.076455100000000016e+02
9.145091596107399710e+02,2.076455100000000016e+02
9.160733443835615617e+02,9.649902000000000868e+00
9.146455276303451001e+02,9.649902000000000868e+00
9.147617834015345579e+02,9.649902000000000868e+00
9.147818956499501155e+02,9.649902000000000868e+00
9.149943940818645842e+02,9.649902000000000868e+00
9.149182636695551309e+02,9.649902000000000868e+00
9.150345581926683280e+02,9.649902000000000868e+00
9.150546316891602601e+02,9.649902000000000868e+00
9.154600123890784289e+02,9.649902000000000868e+00
9.151909997087652755e+02,9.649902000000000868e+00
9.153073329838022119e+02,9.649902000000000868e+00
9.153273677283704046e+02,9.649902000000000868e+00
9.155400987379191520e+02,9.649902000000000868e+00
9.154637357479754201e+02,9.649902000000000868e+00
9.155801077749360957e+02,9.649902000000000868e+00
9.156001037675804355e+02,9.649902000000000868e+00
9.163928399544419108e+02,9.649902000000000868e+00
9.157364717871855646e+02,9.649902000000000868e+00
9.158528825660698658e+02,9.649902000000000868e+00
9.158728398067905800e+02,9.649902000000000868e+00
9.160858033939737197e+02,9.649902000000000868e+00
9.160092078263955955e+02,9.649902000000000868e+00
9.161256573572037496e+02,9.649902000000000868e+00
9.161455758460007246e+02,9.649902000000000868e+00
9.165520425255972441e+02,9.649902000000000868e+00
9.162819438656057400e+02,9.649902000000000868e+00
9.163984321483376334e+02,9.649902000000000868e+00
9.164183118852108691e+02,9.649902000000000868e+00
9.166315080500282875e+02,9.649902000000000868e+00
9.165546799048158846e+02,9.649902000000000868e+00
9.166712069394714035e+02,9.649902000000000868e+00
9.166910479244209000e+02,9.649902000000000868e+00
9.226684599999999818e+02,1.437978500000000111e+02
9.168274159440260291e+02,9.649902000000000868e+00
9.169439817306052873e+02,9.649902000000000868e+00
9.169637839636310446e+02,9.649902000000000868e+00
9.171772127060829689e+02,9.649902000000000868e+00
9.171001519832360600e+02,9.649902000000000868e+00
9.172167565217391711e+02,9.649902000000000868e+00
9.172365200028411891e+02,9.649902000000000868e+00
9.176440726621159456e+02,9.649902000000000868e+00
9.173728880224462046e+02,9.649902000000000868e+00
9.174895313128729413e+02,9.649902000000000868e+00
9.175092560420512200e+02,9.649902000000000868e+00
9.177229173621375367e+02,9.649902000000000868e+00
9.176456240616563491e+02,9.649902000000000868e+00
9.177623061040068251e+02,9.649902000000000868e+00
9.177819920812613645e+02,9.649902000000000868e+00
9.185793877676537704e+02,1.126551500000000061e+02
9.179183601008664937e+02,9.649902000000000868e+00
9.180350808951407089e+02,9.649902000000000868e+00
9.180547281204715091e+02,9.649902000000000868e+00
9.182686220181921044e+02,1.009240699999999968e+01
9.181910961400765245e+02,1.009240699999999968e+01
9.183078556862744790e+02,1.009240699999999968e+01
9.183274641596816537e+02,1.009240699999999968e+01
9.187361027986347608e+02,1.126551500000000061e+02
9.184638321792866691e+02,1.126551500000000061e+02
9.185806304774083628e+02,1.126551500000000061e+02
9.186002001988916845e+02,1.126551500000000061e+02
9.188143266742466722e+02,1.126551500000000061e+02
9.187365682184968136e+02,1.126551500000000061e+02
9.188534052685422466e+02,1.126551500000000061e+02
9.188729362381018291e+02,1.126551500000000061e+02
9.204564242465752386e+02,1.389462900000000047e+02
9.190093042577069582e+02,1.021765100000000004e+01
9.191261800596760168e+02,1.021765100000000004e+01
9.191456722773119736e+02,1.021765100000000004e+01
9.193600313303012399e+02,1.021765100000000004e+01
9.192820402969169891e+02,1.021765100000000004e+01
9.193989548508099006e+02,1.021765100000000004e+01
9.194184083165221182e+02,1.021765100000000004e+01
9.198281329351534623e+02,1.349288300000000049e+02
9.195547763361271336e+02,1.349288300000000049e+02
9.196717296419437844e+02,1.349288300000000049e+02
9.196911443557321491e+02,1.349288300000000049e+02
9.199057359863558077e+02,1.349288300000000049e+02
9.198275123753372782e+02,1.349288300000000049e+02
9.199445044330775545e+02,1.349288300000000049e+02
9.199638803949422936e+02,1.349288300000000049e+02
9.207659355808655164e+02,1.389462900000000047e+02
9.201002484145474227e+02,1.349288300000000049e+02
9.202172792242114383e+02,1.389462900000000047e+02
9.202366164341524382e+02,1.389462900000000047e+02
9.204514406424103754e+02,1.389462900000000047e+02
9.203729844537574536e+02,1.389462900000000047e+02
9.204900540153452084e+02,1.389462900000000047e+02
9.205093524733625827e+02,1.389462900000000047e+02
9.209201630716722775e+02,1.389462900000000047e+02
9.206457204929675981e+02,1.389462900000000047e+02
9.207628288064790922e+02,1.389462900000000047e+02
9.207820885125726136e+02,1.389462900000000047e+02
9.209971452984649432e+02,1.389462900000000047e+02
9.209184565321777427e+02,1.389462900000000047e+02
9.210356035976129760e+02,1.389462900000000047e+02
9.210548245517827581e+02,1.389462900000000047e+02
9.259896999999999707e+02,1.484517800000000136e+02
9.211911925713877736e+02,1.349288300000000049e+02
9.213083783887467462e+02,1.349288300000000049e+02
9.213275605909929027e+02,1.349288300000000049e+02
9.215428499545195109e+02,1.270361300000000071e+01
9.214639286105979181e+02,1.270361300000000071e+01
9.215811531798806300e+02,1.270361300000000071e+01
9.216002966302030472e+02,1.270361300000000071e+01
9.220121932081910927e+02,2.128801300000000083e+02
9.217366646498080627e+02,1.270361300000000071e+01
9.218539279710145138e+02,1.270361300000000071e+01
9.218730326694130781e+02,1.270361300000000071e+01
9.220885546105740787e+02,1.357818599999999947e+02
9.220094006890182072e+02,2.128801300000000083e+02
9.221267027621482839e+02,1.357818599999999947e+02
9.221457687086232227e+02,1.357818599999999947e+02
9.229524833940773760e+02,1.437978500000000111e+02
9.222821367282282381e+02,1.247949200000000047e+01
9.223994775532821677e+02,1.247949200000000047e+01
9.224185047478333672e+02,1.247949200000000047e+01
9.226342592666286464e+02,1.437978500000000111e+02
9.225548727674383827e+02,1.437978500000000111e+02
9.226722523444160515e+02,1.437978500000000111e+02
9.226912407870435118e+02,1.437978500000000111e+02
9.231042233447097942e+02,1.437978500000000111e+02
9.228276088066485272e+02,1.437978500000000111e+02
9.229450271355498217e+02,1.437978500000000111e+02
9.229639768262535426e+02,1.437978500000000111e+02
9.231799639226832142e+02,1.437978500000000111e+02
9.231003448458586718e+02,1.437978500000000111e+02
9.232178019266837055e+02,1.437978500000000111e+02
9.232367128654636872e+02,1.437978500000000111e+02
9.248395041095889155e+02,1.386683299999999974e+02
9.233730808850687026e+02,2.142491499999999860e+02
9.234905767178175893e+02,2.142491499999999860e+02
9.235094489046738317e+02,2.142491499999999860e+02
9.237256685787377819e+02,2.142491499999999860e+02
9.236458169242788472e+02,2.142491499999999860e+02
9.237633515089513594e+02,2.142491499999999860e+02
9.237821849438839763e+02,2.142491499999999860e+02
9.241962534812286094e+02,2.142491499999999860e+02
9.239185529634889917e+02,2.142491499999999860e+02
9.240361263000852432e+02,2.142491499999999860e+02
9.240549209830940072e+02,2.142491499999999860e+02
9.242713732347924633e+02,2.142491499999999860e+02
9.241912890026991363e+02,2.142491499999999860e+02
9.243089010912191270e+02,2.142491499999999860e+02
9.243276570223041517e+02,2.142491499999999860e+02
9.251390312072892357e+02,1.386683299999999974e+02
9.244640250419091672e+02,1.386683299999999974e+02
9.245816758823528971e+02,1.386683299999999974e+02
9.246003930615142963e+02,1.386683299999999974e+02
9.248170778908470311e+02,1.386683299999999974e+02
9.247367610811193117e+02,1.386683299999999974e+02
9.248544506734867809e+02,1.386683299999999974e+02
9.248731291007243271e+02,1.386683299999999974e+02
9.252882836177473109e+02,1.386683299999999974e+02
9.250094971203294563e+02,1.386683299999999974e+02
9.251272254646206648e+02,1.386683299999999974e+02
9.251458651399344717e+02,1.386683299999999974e+02
9.253627825469015988e+02,1.175837400000000059e+02
9.252822331595396008e+02,1.386683299999999974e+02
9.254000002557544349e+02,1.175837400000000059e+02
9.254186011791446163e+02,1.175837400000000059e+02
9.308786999999999807e+02,1.535546899999999937e+02
9.255549691987496317e+02,1.484517800000000136e+02
9.256727750468883187e+02,1.484517800000000136e+02
9.256913372183547608e+02,1.484517800000000136e+02
9.259084872029561666e+02,1.484517800000000136e+02
9.258277052379597762e+02,1.484517800000000136e+02
9.259455498380222025e+02,1.484517800000000136e+02
9.259640732575647917e+02,1.484517800000000136e+02
9.263803137542661261e+02,1.849352999999999980e+01
9.261004412771699208e+02,1.484517800000000136e+02
9.262183246291559726e+02,1.849352999999999980e+01
9.262368092967749362e+02,1.849352999999999980e+01
9.264541918590107343e+02,1.849352999999999980e+01
9.263731773163800653e+02,1.849352999999999980e+01
9.264910994202898564e+02,1.849352999999999980e+01
9.265095453359850808e+02,1.849352999999999980e+01
9.273255790205010953e+02,1.849352999999999980e+01
9.266459133555900962e+02,1.849352999999999980e+01
9.267638742114237402e+02,1.849352999999999980e+01
9.267822813751952253e+02,1.849352999999999980e+01
9.269998965150653021e+02,1.849352999999999980e+01
9.269186493948002408e+02,1.849352999999999980e+01
9.270366490025575104e+02,1.849352999999999980e+01
9.270550174144052562e+02,1.849352999999999980e+01
9.274723438907849413e+02,1.849352999999999980e+01
9.271913854340103853e+02,1.849352999999999980e+01
9.273094237936913942e+02,1.849352999999999980e+01
9.273277534536154008e+02,1.849352999999999980e+01
9.275456011711198698e+02,1.849352999999999980e+01
9.274641214732204162e+02,1.849352999999999980e+01
9.275821985848252780e+02,1.849352999999999980e+01
9.276004894928255453e+02,1.849352999999999980e+01
9.292225839726027061e+02,2.140056199999999933e+02
9.277368575124305607e+02,2.140056199999999933e+02
9.278549733759590481e+02,2.140056199999999933e+02
9.278732255320356899e+02,2.140056199999999933e+02
9.280913058271744376e+02,2.140056199999999933e+02
9.280095935516407053e+02,2.140056199999999933e+02
9.281277481670929319e+02,2.140056199999999933e+02
9.281459615712457207e+02,2.140056199999999933e+02
9.285643740273036428e+02,2.140056199999999933e+02
9.282823295908508499e+02,2.140056199999999933e+02
9.284005229582268157e+02,2.140056199999999933e+02
9.284186976104558653e+02,2.140056199999999933e+02
9.286370104832290053e+02,2.140056199999999933e+02
9.285550656300608807e+02,2.140056199999999933e+02
9.286732977493605858e+02,2.140056199999999933e+02
9.286914336496660098e+02,2.140056199999999933e+02
9.295121268337129550e+02,1.441855500000000063e+02
9.288278016692710253e+02,2.140056199999999933e+02
9.289460725404944696e+02,2.140056199999999933e+02
9.289641696888761544e+02,2.140056199999999933e+02
9.291827151392835731e+02,2.140056199999999933e+02
9.291005377084811698e+02,2.140056199999999933e+02
9.292188473316283535e+02,2.140056199999999933e+02
9.292369057280861853e+02,2.140056199999999933e+02
9.296564041638224580e+02,1.242620849999999990e+02
9.293732737476913144e+02,1.441855500000000063e+02
9.294916221227621236e+02,1.441855500000000063e+02
9.295096417672963298e+02,1.441855500000000063e+02
9.297284197953381408e+02,1.242620849999999990e+02
9.296460097869013453e+02,1.242620849999999990e+02
9.297643969138960074e+02,1.242620849999999990e+02
9.297823778065064744e+02,1.242620849999999990e+02
9.360707400000000007e+02,1.558610799999999870e+02
9.299187458261114898e+02,1.535546899999999937e+02
9.300371717050297775e+02,1.535546899999999937e+02
9.300551138457166189e+02,1.535546899999999937e+02
9.302741244513927086e+02,1.535546899999999937e+02
9.301914818653216344e+02,1.535546899999999937e+02
9.303099464961636613e+02,1.535546899999999937e+02
9.303278498849266498e+02,1.535546899999999937e+02
9.307484343003412732e+02,1.535546899999999937e+02
9.304642179045317789e+02,1.535546899999999937e+02
9.305827212872975451e+02,1.535546899999999937e+02
9.306005859241367943e+02,1.535546899999999937e+02
9.308198291074472763e+02,1.535546899999999937e+02
9.307369539437418098e+02,1.535546899999999937e+02
9.308554960784313153e+02,1.535546899999999937e+02
9.308733219633469389e+02,1.535546899999999937e+02
9.316986746469248146e+02,2.722814999999999941e+01
9.310096899829519543e+02,2.722814999999999941e+01
9.311282708695651991e+02,2.722814999999999941e+01
9.311460580025569698e+02,2.722814999999999941e+01
9.313655337635019578e+02,2.722814999999999941e+01
9.312824260221620989e+02,2.722814999999999941e+01
9.314010456606990829e+02,2.722814999999999941e+01
9.314187940417671143e+02,2.722814999999999941e+01
9.318404644368599747e+02,2.722814999999999941e+01
9.315551620613722434e+02,2.722814999999999941e+01
9.316738204518328530e+02,2.722814999999999941e+01
9.316915300809772589e+02,2.722814999999999941e+01
9.319112384195565255e+02,2.722814999999999941e+01
9.318278981005822743e+02,2.722814999999999941e+01
9.319465952429667368e+02,2.722814999999999941e+01
9.319642661201874034e+02,2.722814999999999941e+01
9.336056638356163830e+02,1.542725800000000049e+02
9.321006341397924189e+02,1.606713900000000095e+01
9.322193700341006206e+02,1.606713900000000095e+01
9.322370021593974343e+02,1.606713900000000095e+01
9.324569430756110933e+02,1.606713900000000095e+01
9.323733701790025634e+02,1.606713900000000095e+01
9.324921448252343907e+02,1.606713900000000095e+01
9.325097381986075789e+02,1.606713900000000095e+01
9.329324945733787899e+02,1.542725800000000049e+02
9.326461062182127080e+02,1.542725800000000049e+02
9.327649196163682745e+02,1.542725800000000049e+02
9.327824742378177234e+02,1.542725800000000049e+02
9.330026477316656610e+02,1.542725800000000049e+02
9.329188422574227388e+02,1.542725800000000049e+02
9.330376944075021584e+02,1.542725800000000049e+02
9.330552102770278680e+02,1.542725800000000049e+02
9.338852224601366743e+02,1.542725800000000049e+02
9.331915782966328834e+02,1.542725800000000049e+02
9.333104691986359285e+02,1.542725800000000049e+02
9.333279463162378988e+02,1.542725800000000049e+02
9.335483523877202288e+02,1.542725800000000049e+02
9.334643143358430279e+02,1.542725800000000049e+02
9.335832439897698123e+02,1.542725800000000049e+02
9.336006823554480434e+02,1.542725800000000049e+02
9.340245247098974914e+02,1.542725800000000049e+02
9.337370503750531725e+02,1.542725800000000049e+02
9.338560187809036961e+02,1.542725800000000049e+02
9.338734183946581879e+02,1.542725800000000049e+02
9.340940570437747965e+02,1.542725800000000049e+02
9.340097864142632034e+02,1.542725800000000049e+02
9.341287935720374662e+02,1.542725800000000049e+02
9.341461544338683325e+02,1.542725800000000049e+02
9.416778600000000097e+02,1.557173999999999978e+02
9.342825224534733479e+02,1.542725800000000049e+02
9.344015683631713500e+02,1.371906700000000114e+02
9.344188904730783634e+02,1.371906700000000114e+02
9.346397616998293643e+02,1.796052200000000028e+02
9.345552584926834925e+02,1.371906700000000114e+02
9.346743431543052338e+02,1.796052200000000028e+02
9.346916265122885079e+02,1.796052200000000028e+02
9.351165548464163066e+02,2.113050499999999943e+02
9.348279945318935233e+02,1.796052200000000028e+02
9.349471179454390040e+02,2.113050499999999943e+02
9.349643625514986525e+02,2.113050499999999943e+02
9.351854663558839320e+02,2.113050499999999943e+02
9.351007305711036679e+02,2.113050499999999943e+02
9.352198927365728878e+02,2.113050499999999943e+02
9.352370985907087970e+02,2.113050499999999943e+02
9.360717702733484202e+02,1.558610799999999870e+02
9.353734666103138125e+02,1.558610799999999870e+02
9.354926675277067716e+02,1.558610799999999870e+02
9.355098346299188279e+02,1.558610799999999870e+02
9.357311710119384998e+02,1.558610799999999870e+02
9.356462026495239570e+02,1.558610799999999870e+02
9.357654423188405417e+02,1.558610799999999870e+02
9.357825706691289724e+02,1.558610799999999870e+02
9.362085849829351218e+02,1.558610799999999870e+02
9.359189386887339879e+02,1.558610799999999870e+02
9.360382171099744255e+02,1.558610799999999870e+02
9.360553067083391170e+02,1.558610799999999870e+02
9.362768756679930675e+02,1.558610799999999870e+02
9.361916747279441324e+02,1.558610799999999870e+02
9.363109919011083093e+02,1.558610799999999870e+02
9.363280427475492615e+02,1.558610799999999870e+02
9.379887436986300600e+02,1.986688200000000109e+02
9.364644107671542770e+02,2.081632099999999923e+02
9.365837666922420794e+02,1.545571300000000008e+02
9.366007787867592924e+02,1.545571300000000008e+02
9.368225803240476353e+02,1.545571300000000008e+02
9.367371468063644215e+02,1.545571300000000008e+02
9.368565414833759633e+02,1.545571300000000008e+02
9.368735148259694370e+02,1.545571300000000008e+02
9.373006151194538234e+02,1.986688200000000109e+02
9.370098828455744524e+02,1.986688200000000109e+02
9.371293162745098471e+02,1.986688200000000109e+02
9.371462508651795815e+02,1.986688200000000109e+02
9.373682849801022030e+02,1.986688200000000109e+02
9.372826188847845970e+02,1.986688200000000109e+02
9.374020910656436172e+02,1.986688200000000109e+02
9.374189869043897261e+02,1.986688200000000109e+02
9.382583180865602799e+02,1.720289300000000026e+02
9.375553549239947415e+02,1.986688200000000109e+02
9.376748658567775010e+02,1.986688200000000109e+02
9.376917229435997569e+02,1.986688200000000109e+02
9.379139896361567708e+02,1.986688200000000109e+02
9.378280909632048861e+02,1.986688200000000109e+02
9.379476406479113848e+02,1.986688200000000109e+02
9.379644589828099015e+02,1.986688200000000109e+02
9.383926452559726386e+02,1.720289300000000026e+02
9.381008270024149169e+02,1.986688200000000109e+02
9.382204154390451549e+02,1.720289300000000026e+02
9.382371950220200461e+02,1.720289300000000026e+02
9.384596942922114522e+02,1.720289300000000026e+02
9.383735630416250615e+02,1.720289300000000026e+02
9.384931902301790387e+02,1.720289300000000026e+02
9.385099310612300769e+02,1.720289300000000026e+02
9.453058499999999640e+02,1.530225800000000049e+02
9.386462990808352060e+02,4.549377400000000193e+01
9.387659650213129225e+02,4.549377400000000193e+01
9.387826671004402215e+02,4.549377400000000193e+01
9.390053989482660199e+02,4.549377400000000193e+01
9.389190351200453506e+02,4.549377400000000193e+01
9.390387398124466927e+02,4.549377400000000193e+01
9.390554031396503660e+02,4.549377400000000193e+01
9.394846753924913401e+02,4.549377400000000193e+01
9.391917711592553815e+02,4.549377400000000193e+01
9.393115146035805765e+02,4.549377400000000193e+01
9.393281391788605106e+02,4.549377400000000193e+01
9.395511036043205877e+02,4.549377400000000193e+01
9.394645071984655260e+02,4.549377400000000193e+01
9.395842893947143466e+02,4.549377400000000193e+01
9.396008752180705415e+02,4.549377400000000193e+01
9.404448658997721395e+02,4.549377400000000193e+01
9.397372432376756706e+02,4.549377400000000193e+01
9.398570641858482304e+02,4.549377400000000193e+01
9.398736112572806860e+02,4.549377400000000193e+01
9.400968082603751554e+02,4.549377400000000193e+01
9.400099792768858151e+02,4.549377400000000193e+01
9.401298389769821142e+02,4.549377400000000193e+01
9.401463472964908306e+02,4.549377400000000193e+01
9.405767055290101553e+02,4.549377400000000193e+01
9.402827153160958460e+02,4.549377400000000193e+01
9.404026137681158843e+02,4.549377400000000193e+01
9.404190833357009751e+02,4.549377400000000193e+01
9.406425129164297232e+02,4.549377400000000193e+01
9.405554513553059905e+02,4.549377400000000193e+01
9.406753885592497682e+02,4.549377400000000193e+01
9.406918193749110060e+02,4.549377400000000193e+01
9.423718235616437369e+02,1.557173999999999978e+02
9.408281873945161351e+02,4.549377400000000193e+01
9.409481633503836520e+02,4.549377400000000193e+01
9.409645554141211505e+02,4.549377400000000193e+01
9.411882175724842909e+02,4.549377400000000193e+01
9.411009234337262797e+02,4.549377400000000193e+01
9.412209381415174221e+02,4.549377400000000193e+01
9.412372914533312951e+02,4.549377400000000193e+01
9.416687356655289705e+02,1.557173999999999978e+02
9.413736594729363105e+02,4.549377400000000193e+01
9.414937129326513059e+02,4.549377400000000193e+01
9.415100274925414396e+02,4.549377400000000193e+01
9.417339222285388587e+02,1.557173999999999978e+02
9.416463955121464551e+02,1.557173999999999978e+02
9.417664877237851897e+02,1.557173999999999978e+02
9.417827635317514705e+02,1.557173999999999978e+02
9.426314137129839992e+02,1.557173999999999978e+02
9.419191315513565996e+02,1.557173999999999978e+02
9.420392625149189598e+02,1.557173999999999978e+02
9.420554995709616151e+02,1.557173999999999978e+02
9.422796268845934264e+02,1.557173999999999978e+02
9.421918675905666305e+02,1.557173999999999978e+02
9.423120373060528436e+02,1.557173999999999978e+02
9.423282356101717596e+02,1.557173999999999978e+02
9.427607658020476720e+02,1.557173999999999978e+02
9.424646036297767751e+02,1.557173999999999978e+02
9.425848120971867274e+02,1.557173999999999978e+02
9.426009716493819042e+02,1.557173999999999978e+02
9.428253315406479942e+02,1.557173999999999978e+02
9.427373396689869196e+02,1.557173999999999978e+02
9.428575868883204976e+02,1.557173999999999978e+02
9.428737076885919350e+02,1.557173999999999978e+02
9.475318600000000515e+02,1.496336699999999951e+02
9.430100757081970642e+02,1.530225800000000049e+02
9.431303616794543814e+02,1.530225800000000049e+02
9.431464437278020796e+02,1.530225800000000049e+02
9.433710361967025619e+02,1.530225800000000049e+02
9.432828117474070950e+02,1.530225800000000049e+02
9.434031364705882652e+02,1.530225800000000049e+02
9.434191797670122241e+02,1.530225800000000049e+02
9.438527959385664872e+02,1.530225800000000049e+02
9.435555477866172396e+02,1.530225800000000049e+02
9.436759112617220353e+02,1.530225800000000049e+02
9.436919158062223687e+02,1.530225800000000049e+02
9.439167408527571297e+02,1.530225800000000049e+02
9.438282838258273841e+02,1.530225800000000049e+02
9.439486860528559191e+02,1.530225800000000049e+02
9.439646518454323996e+02,1.530225800000000049e+02
9.448179615261958588e+02,1.530225800000000049e+02
9.441010198650375287e+02,1.530225800000000049e+02
9.442214608439898029e+02,1.530225800000000049e+02
9.442373878846425441e+02,1.530225800000000049e+02
9.444624455088116974e+02,1.530225800000000049e+02
9.443737559042475596e+02,1.530225800000000049e+02
9.444942356351235730e+02,1.530225800000000049e+02
9.445101239238526887e+02,1.530225800000000049e+02
9.449448260750853024e+02,1.530225800000000049e+02
9.446464919434577041e+02,1.530225800000000049e+02
9.447670104262574569e+02,1.530225800000000049e+02
9.447828599630627195e+02,1.530225800000000049e+02
9.450081501648662652e+02,1.530225800000000049e+02
9.449192279826678487e+02,1.530225800000000049e+02
9.450397852173913407e+02,1.530225800000000049e+02
9.450555960022728641e+02,1.530225800000000049e+02
9.467549034246574138e+02,1.496336699999999951e+02
9.451919640218779932e+02,1.530225800000000049e+02
9.453125600085251108e+02,1.530225800000000049e+02
9.453283320414830087e+02,1.530225800000000049e+02
9.455538548209209466e+02,1.530225800000000049e+02
9.454647000610880241e+02,1.530225800000000049e+02
9.455853347996589946e+02,1.530225800000000049e+02
9.456010680806931532e+02,1.530225800000000049e+02
9.460368562116040039e+02,1.496336699999999951e+02
9.457374361002981686e+02,1.496336699999999951e+02
9.458581095907928784e+02,1.496336699999999951e+02
9.458738041199031841e+02,1.496336699999999951e+02
9.460995594769755144e+02,1.496336699999999951e+02
9.460101721395083132e+02,1.496336699999999951e+02
9.461308843819266485e+02,1.496336699999999951e+02
9.461465401591133286e+02,1.496336699999999951e+02
9.470045093394077185e+02,1.496336699999999951e+02
9.462829081787184577e+02,1.496336699999999951e+02
9.464036591730605323e+02,1.496336699999999951e+02
9.464192761983234732e+02,1.496336699999999951e+02
9.466452641330300821e+02,1.496336699999999951e+02
9.465556442179284886e+02,1.496336699999999951e+02
9.466764339641944161e+02,1.496336699999999951e+02
9.466920122375336177e+02,1.496336699999999951e+02
9.471288863481228191e+02,1.496336699999999951e+02
9.468283802571386332e+02,1.496336699999999951e+02
9.469492087553281863e+02,1.496336699999999951e+02
9.469647482767436486e+02,1.496336699999999951e+02
9.471909687890846499e+02,1.496336699999999951e+02
9.471011162963487777e+02,1.496336699999999951e+02
9.472219835464620701e+02,1.496336699999999951e+02
9.472374843159537932e+02,1.496336699999999951e+02
9.514071699999999510e+02,1.333840299999999957e+02
9.473738523355589223e+02,1.496336699999999951e+02
9.474947583375959539e+02,1.496336699999999951e+02
9.475102203551639377e+02,1.496336699999999951e+02
9.477366734451392176e+02,1.496336699999999951e+02
9.476465883747689531e+02,1.496336699999999951e+02
9.477675331287297240e+02,1.496336699999999951e+02
9.477829563943740823e+02,1.496336699999999951e+02
9.482209164846415206e+02,2.035656699999999830e+01
9.479193244139790977e+02,2.035656699999999830e+01
9.480403079198636078e+02,2.035656699999999830e+01
9.480556924335841131e+02,2.035656699999999830e+01
9.482823781011937854e+02,2.035656699999999830e+01
9.481920604531892423e+02,2.035656699999999830e+01
9.483130827109974916e+02,2.035656699999999830e+01
9.483284284727942577e+02,2.035656699999999830e+01
9.491910571526195781e+02,7.180835000000000434e+01
9.484647964923992731e+02,7.180835000000000434e+01
9.485858575021312618e+02,7.180835000000000434e+01
9.486011645120044022e+02,7.180835000000000434e+01
9.488280827572483531e+02,7.180835000000000434e+01
9.487375325316094177e+02,7.180835000000000434e+01
9.488586322932651456e+02,7.180835000000000434e+01
9.488739005512145468e+02,7.180835000000000434e+01
9.493129466211603358e+02,7.180835000000000434e+01
9.490102685708195622e+02,7.180835000000000434e+01
9.491314070843989157e+02,7.180835000000000434e+01
9.491466365904245777e+02,7.180835000000000434e+01
9.493737874133029209e+02,7.180835000000000434e+01
9.492830046100297068e+02,7.180835000000000434e+01
9.494041818755327995e+02,7.180835000000000434e+01
9.494193726296347222e+02,7.180835000000000434e+01
9.511379832876712044e+02,1.333840299999999957e+02
9.495557406492397376e+02,1.333840299999999957e+02
9.496769566666666833e+02,1.333840299999999957e+02
9.496921086688448668e+02,1.333840299999999957e+02
9.499194920693574886e+02,1.333840299999999957e+02
9.498284766884498822e+02,1.333840299999999957e+02
9.499497314578004534e+02,1.333840299999999957e+02
9.499648447080550113e+02,1.333840299999999957e+02
9.504049767576791510e+02,1.333840299999999957e+02
9.501012127276600268e+02,1.333840299999999957e+02
9.502225062489343372e+02,1.333840299999999957e+02
9.502375807472650422e+02,1.333840299999999957e+02
9.504651967254120564e+02,1.333840299999999957e+02
9.503739487668701713e+02,1.333840299999999957e+02
9.504952810400682210e+02,1.333840299999999957e+02
9.505103167864751867e+02,1.333840299999999957e+02
9.513776049658314378e+02,1.333840299999999957e+02
9.506466848060802022e+02,1.333840299999999957e+02
9.507680558312019912e+02,1.333840299999999957e+02
9.507830528256853313e+02,1.333840299999999957e+02
9.510109013814666241e+02,1.333840299999999957e+02
9.509194208452903467e+02,1.333840299999999957e+02
9.510408306223358750e+02,1.333840299999999957e+02
9.510557888648954759e+02,1.333840299999999957e+02
9.514970068941978525e+02,1.333840299999999957e+02
9.511921568845004913e+02,1.333840299999999957e+02
9.513136054134697588e+02,1.333840299999999957e+02
9.513285249041055067e+02,1.333840299999999957e+02
9.515566060375211919e+02,1.333840299999999957e+02
9.514648929237106358e+02,1.333840299999999957e+02
9.515863802046035289e+02,1.333840299999999957e+02
9.516012609433156513e+02,1.333840299999999957e+02
9.542486599999999726e+02,9.920360999999999763e+01
9.517376289629206667e+02,9.920360999999999763e+01
9.518591549957374127e+02,9.920360999999999763e+01
9.518739969825257958e+02,9.920360999999999763e+01
9.521023106935757596e+02,9.920360999999999763e+01
9.520103650021308113e+02,9.920360999999999763e+01
9.521319297868712965e+02,9.920360999999999763e+01
9.521467330217358267e+02,9.920360999999999763e+01
9.525890370307166677e+02,9.920360999999999763e+01
9.522831010413409558e+02,9.920360999999999763e+01
9.524047045780050667e+02,9.920360999999999763e+01
9.524194690609459713e+02,9.920360999999999763e+01
9.526480153496304411e+02,9.920360999999999763e+01
9.525558370805511004e+02,9.920360999999999763e+01
9.526774793691389505e+02,9.920360999999999763e+01
9.526922051001561158e+02,9.920360999999999763e+01
9.535641527790431837e+02,9.920360999999999763e+01
9.528285731197611312e+02,9.920360999999999763e+01
9.529502541602728343e+02,9.920360999999999763e+01
9.529649411393662604e+02,9.920360999999999763e+01
9.531937200056850088e+02,9.920360999999999763e+01
9.531013091589712758e+02,9.920360999999999763e+01
9.532230289514066044e+02,9.920360999999999763e+01
9.532376771785762912e+02,9.920360999999999763e+01
9.536810671672353692e+02,9.920360999999999763e+01
9.533740451981814203e+02,9.920360999999999763e+01
9.534958037425404882e+02,9.920360999999999763e+01
9.535104132177864358e+02,9.920360999999999763e+01
9.537394246617395765e+02,9.920360999999999763e+01
9.536467812373915649e+02,9.920360999999999763e+01
9.537685785336743720e+02,9.920360999999999763e+01
9.537831492569965803e+02,9.920360999999999763e+01
9.555210631506848813e+02,9.920360999999999763e+01
9.539195172766015958e+02,9.920360999999999763e+01
9.540413533248081421e+02,9.920360999999999763e+01
9.540558852962067249e+02,9.920360999999999763e+01
9.542851293177941443e+02,9.920360999999999763e+01
9.541922533158117403e+02,9.920360999999999763e+01
9.543141281159420259e+02,9.920360999999999763e+01
9.543286213354167558e+02,9.920360999999999763e+01
9.547730973037541844e+02,9.920360999999999763e+01
9.544649893550218849e+02,9.920360999999999763e+01
9.545869029070759098e+02,9.920360999999999763e+01
9.546013573746269003e+02,9.920360999999999763e+01
9.548308339738487120e+02,9.920360999999999763e+01
9.547377253942320294e+02,9.920360999999999763e+01
9.548596776982096799e+02,9.920360999999999763e+01
9.548740934138370449e+02,9.920360999999999763e+01
9.557507005922550434e+02,9.920360999999999763e+01
9.550104614334420603e+02,9.920360999999999763e+01
9.551324524893435637e+02,9.920360999999999763e+01
9.551468294530471894e+02,9.920360999999999763e+01
9.553765386299032798e+02,9.920360999999999763e+01
9.552831974726522049e+02,9.920360999999999763e+01
9.554052272804774475e+02,9.920360999999999763e+01
9.554195654922572203e+02,9.920360999999999763e+01
9.558651274402729996e+02,9.920360999999999763e+01
9.555559335118623494e+02,9.920360999999999763e+01
9.556780020716112176e+02,9.920360999999999763e+01
9.556923015314673648e+02,9.920360999999999763e+01
9.559222432859578475e+02,9.920360999999999763e+01
9.558286695510723803e+02,9.920360999999999763e+01
9.559507768627451014e+02,9.920360999999999763e+01
9.559650375706775094e+02,9.920360999999999763e+01
9.491606399999999439e+02,7.180835000000000434e+01
9.561014055902825248e+02,9.920360999999999763e+01
9.562235516538789852e+02,9.920360999999999763e+01
9.562377736098876539e+02,9.920360999999999763e+01
9.564679479420124153e+02,9.920360999999999763e+01
9.563741416294926694e+02,9.920360999999999763e+01
9.564963264450127554e+02,9.920360999999999763e+01
9.565105096490976848e+02,9.920360999999999763e+01
9.569571575767917011e+02,9.920360999999999763e+01
9.566468776687028139e+02,9.920360999999999763e+01
9.567691012361466392e+02,9.920360999999999763e+01
9.567832456883078294e+02,9.920360999999999763e+01
9.570136525980669830e+02,9.920360999999999763e+01
9.569196137079128448e+02,9.920360999999999763e+01
9.570418760272805230e+02,9.920360999999999763e+01
9.570559817275179739e+02,9.920360999999999763e+01
9.579372484054669030e+02,9.920360999999999763e+01
9.571923497471229894e+02,9.920360999999999763e+01
9.573146508184142931e+02,9.920360999999999763e+01
9.573287177667281185e+02,9.920360999999999763e+01
9.575593572541215508e+02,9.920360999999999763e+01
9.574650857863331339e+02,9.920360999999999763e+01
9.575874256095481769e+02,9.920360999999999763e+01
9.576014538059381493e+02,9.920360999999999763e+01
9.580491877133105163e+02,9.920360999999999763e+01
9.577378218255432785e+02,9.920360999999999763e+01
9.578602004006820607e+02,9.920360999999999763e+01
9.578741898451482939e+02,9.920360999999999763e+01
9.581050619101761185e+02,9.920360999999999763e+01
9.580105578647533093e+02,9.920360999999999763e+01
9.581329751918158308e+02,9.920360999999999763e+01
9.581469258843584385e+02,9.920360999999999763e+01
9.599041430136985582e+02,9.920360999999999763e+01
9.582832939039634539e+02,9.920360999999999763e+01
9.584057499829497146e+02,9.920360999999999763e+01
9.584196619235685830e+02,9.920360999999999763e+01
9.586507665662306863e+02,9.920360999999999763e+01
9.585560299431735984e+02,9.920360999999999763e+01
9.586785247740834848e+02,9.920360999999999763e+01
9.586923979627786139e+02,9.920360999999999763e+01
9.591412178498292178e+02,9.920360999999999763e+01
9.588287659823837430e+02,9.920360999999999763e+01
9.589512995652173686e+02,9.920360999999999763e+01
9.589651340019887584e+02,9.920360999999999763e+01
9.591964712222852540e+02,9.920360999999999763e+01
9.591015020215937739e+02,9.920360999999999763e+01
9.592240743563512524e+02,9.920360999999999763e+01
9.592378700411989030e+02,9.920360999999999763e+01
9.601237962186787627e+02,9.920360999999999763e+01
9.593742380608039184e+02,9.920360999999999763e+01
9.594968491474850225e+02,9.920360999999999763e+01
9.595106060804089338e+02,9.920360999999999763e+01
9.597421758783399355e+02,9.920360999999999763e+01
9.596469741000140630e+02,9.920360999999999763e+01
9.597696239386189063e+02,9.920360999999999763e+01
9.597833421196190784e+02,9.920360999999999763e+01
9.602332479863480330e+02,9.920360999999999763e+01
9.599197101392242075e+02,9.920360999999999763e+01
9.600423987297527901e+02,9.920360999999999763e+01
9.600560781588292230e+02,9.920360999999999763e+01
9.602878805343945032e+02,9.920360999999999763e+01
9.601924461784342384e+02,9.920360999999999763e+01
9.603151735208865603e+02,9.920360999999999763e+01
9.603288141980393675e+02,9.920360999999999763e+01
9.414021599999999808e+02,4.549377400000000193e+01
9.604651822176443829e+02,2.694958499999999901e+01
9.605879483120204441e+02,2.694958499999999901e+01
9.606015502372493984e+02,2.694958499999999901e+01
9.608335851904490710e+02,2.694958499999999901e+01
9.607379182568545275e+02,2.694958499999999901e+01
9.608607231031543279e+02,2.694958499999999901e+01
9.608742862764595429e+02,2.694958499999999901e+01
9.613252781228668482e+02,2.694958499999999901e+01
9.610106542960646721e+02,2.694958499999999901e+01
9.611334978942880980e+02,2.694958499999999901e+01
9.611470223156696875e+02,2.694958499999999901e+01
9.613792898465036387e+02,2.694958499999999901e+01
9.612833903352747029e+02,2.694958499999999901e+01
9.614062726854219818e+02,2.694958499999999901e+01
9.614197583548798320e+02,2.694958499999999901e+01
9.623103440318906223e+02,2.694958499999999901e+01
9.615561263744848475e+02,2.694958499999999901e+01
9.616790474765558656e+02,2.694958499999999901e+01
9.616924943940898629e+02,2.694958499999999901e+01
9.619249945025582065e+02,2.694958499999999901e+01
9.618288624136949920e+02,2.694958499999999901e+01
9.619518222676896357e+02,2.694958499999999901e+01
9.619652304333000075e+02,2.694958499999999901e+01
9.624173082593855497e+02,2.694958499999999901e+01
9.621015984529051366e+02,2.694958499999999901e+01
9.622245970588235195e+02,2.694958499999999901e+01
9.622379664725101520e+02,2.694958499999999901e+01
9.624706991586127742e+02,2.694958499999999901e+01
9.623743344921151674e+02,2.694958499999999901e+01
9.624973718499574034e+02,2.694958499999999901e+01
9.625107025117202966e+02,2.694958499999999901e+01
9.642872228767122351e+02,2.694958499999999901e+01
9.626470705313253120e+02,2.694958499999999901e+01
9.627701466410911735e+02,2.694958499999999901e+01
9.627834385509303274e+02,2.694958499999999901e+01
9.630164038146673420e+02,2.694958499999999901e+01
9.629198065705354566e+02,2.694958499999999901e+01
9.630429214322250573e+02,2.694958499999999901e+01
9.630561745901404720e+02,2.694958499999999901e+01
9.635093383959043649e+02,2.694958499999999901e+01
9.631925426097454874e+02,2.694958499999999901e+01
9.633156962233589411e+02,2.694958499999999901e+01
9.633289106293506165e+02,2.694958499999999901e+01
9.635621084707219097e+02,2.694958499999999901e+01
9.634652786489556320e+02,2.694958499999999901e+01
9.635884710144927112e+02,2.694958499999999901e+01
9.636016466685607611e+02,2.694958499999999901e+01
9.644968918451024820e+02,2.694958499999999901e+01
9.637380146881657765e+02,2.694958499999999901e+01
9.638612458056265950e+02,2.694958499999999901e+01
9.638743827077707920e+02,2.694958499999999901e+01
9.641078131267764775e+02,2.694958499999999901e+01
9.640107507273759211e+02,2.694958499999999901e+01
9.641340205967604788e+02,2.694958499999999901e+01
9.641471187469809365e+02,2.694958499999999901e+01
9.646013685324231801e+02,2.694958499999999901e+01
9.642834867665859520e+02,2.694958499999999901e+01
9.644067953878942490e+02,2.694958499999999901e+01
9.644198547861910811e+02,2.694958499999999901e+01
9.646535177828310452e+02,2.694958499999999901e+01
9.645562228057960965e+02,2.694958499999999901e+01
9.646795701790281328e+02,2.694958499999999901e+01
9.646925908254012256e+02,2.694958499999999901e+01
9.315665999999999940e+02,2.722814999999999941e+01
9.648289588450062411e+02,2.694958499999999901e+01
9.649523449701620166e+02,2.694958499999999901e+01
9.649653268646112565e+02,2.694958499999999901e+01
9.651992224388856130e+02,2.694958499999999901e+01
9.651016948842163856e+02,2.694958499999999901e+01
9.652251197612957867e+02,2.694958499999999901e+01
9.652380629038214011e+02,2.694958499999999901e+01
9.656933986689418816e+02,2.694958499999999901e+01
9.653744309234264165e+02,2.694958499999999901e+01
9.654978945524296705e+02,2.694958499999999901e+01
9.655107989430315456e+02,2.694958499999999901e+01
9.657449270949401807e+02,2.694958499999999901e+01
9.656471669626365610e+02,2.694958499999999901e+01
9.657706693435635543e+02,2.694958499999999901e+01
9.657835349822415765e+02,2.694958499999999901e+01
9.666834396583143416e+02,2.694958499999999901e+01
9.659199030018467056e+02,2.694958499999999901e+01
9.660434441346973244e+02,2.694958499999999901e+01
9.660562710214517210e+02,2.694958499999999901e+01
9.662906317509947485e+02,2.694958499999999901e+01
9.661926390410568501e+02,2.694958499999999901e+01
9.663162189258312083e+02,2.694958499999999901e+01
9.663290070606618656e+02,2.694958499999999901e+01
9.667854288054606968e+02,2.694958499999999901e+01
9.664653750802668810e+02,2.694958499999999901e+01
9.665889937169650921e+02,2.694958499999999901e+01
9.666017430998720101e+02,2.694958499999999901e+01
9.668363364070493162e+02,2.694958499999999901e+01
9.667381111194770256e+02,2.694958499999999901e+01
9.668617685080988622e+02,2.694958499999999901e+01
9.668744791390820410e+02,2.694958499999999901e+01
9.686703027397259120e+02,2.694958499999999901e+01
9.670108471586871701e+02,2.694958499999999901e+01
9.671345432992327460e+02,2.694958499999999901e+01
9.671472151782921856e+02,2.694958499999999901e+01
9.673820410631039977e+02,2.694958499999999901e+01
9.672835831978973147e+02,2.694958499999999901e+01
9.674073180903666298e+02,2.694958499999999901e+01
9.674199512175023301e+02,2.694958499999999901e+01
9.678774589419793983e+02,2.694958499999999901e+01
9.675563192371073455e+02,2.694958499999999901e+01
9.676800928815003999e+02,2.694958499999999901e+01
9.676926872567124747e+02,2.694958499999999901e+01
9.679277457191585654e+02,2.694958499999999901e+01
9.678290552763174901e+02,2.694958499999999901e+01
9.679528676726342837e+02,2.694958499999999901e+01
9.679654232959225055e+02,2.694958499999999901e+01
9.688699874715262013e+02,2.694958499999999901e+01
9.681017913155276347e+02,2.694958499999999901e+01
9.682256424637680539e+02,2.694958499999999901e+01
9.682381593351326501e+02,2.694958499999999901e+01
9.684734503752131332e+02,2.694958499999999901e+01
9.683745273547377792e+02,2.694958499999999901e+01
9.684984172549019377e+02,2.694958499999999901e+01
9.685108953743427946e+02,2.694958499999999901e+01
9.689694890784982135e+02,2.694958499999999901e+01
9.686472633939478101e+02,2.694958499999999901e+01
9.687711920460358215e+02,2.694958499999999901e+01
9.687836314135529392e+02,2.694958499999999901e+01
9.690191550312677009e+02,2.694958499999999901e+01
9.689199994331579546e+02,2.694958499999999901e+01
9.690439668371695916e+02,2.694958499999999901e+01
9.690563674527629701e+02,2.694958499999999901e+01
9.266529000000000451e+02,1.849352999999999980e+01
9.691927354723680992e+02,2.694958499999999901e+01
9.693167416283034754e+02,2.694958499999999901e+01
9.693291034919731146e+02,2.694958499999999901e+01
9.695648596873222687e+02,2.694958499999999901e+01
9.694654715115781300e+02,2.694958499999999901e+01
9.695895164194373592e+02,2.694958499999999901e+01
9.696018395311832592e+02,2.694958499999999901e+01
9.700615192150170287e+02,2.694958499999999901e+01
9.697382075507882746e+02,2.694958499999999901e+01
9.698622912105711293e+02,2.694958499999999901e+01
9.698745755703934037e+02,2.694958499999999901e+01
9.701105643433768364e+02,2.694958499999999901e+01
9.700109435899984192e+02,2.694958499999999901e+01
9.701350660017050132e+02,2.694958499999999901e+01
9.701473116096034346e+02,2.694958499999999901e+01
9.710565352847379472e+02,2.694958499999999901e+01
9.702836796292085637e+02,2.694958499999999901e+01
9.704078407928388970e+02,2.694958499999999901e+01
9.704200476488135791e+02,2.694958499999999901e+01
9.706562689994314042e+02,2.694958499999999901e+01
9.705564156684185946e+02,2.694958499999999901e+01
9.706806155839726671e+02,2.694958499999999901e+01
9.706927836880237237e+02,2.694958499999999901e+01
9.711535493515357302e+02,2.694958499999999901e+01
9.708291517076287391e+02,2.694958499999999901e+01
9.709533903751065509e+02,2.694958499999999901e+01
9.709655197272338683e+02,2.694958499999999901e+01
9.712019736554859719e+02,2.694958499999999901e+01
9.711018877468388837e+02,2.694958499999999901e+01
9.712261651662404347e+02,2.694958499999999901e+01
9.712382557664438991e+02,2.694958499999999901e+01
9.730533826027397026e+02,2.694958499999999901e+01
9.713746237860490282e+02,2.694958499999999901e+01
9.714989399573742048e+02,2.694958499999999901e+01
9.715109918056540437e+02,2.694958499999999901e+01
9.717476783115405397e+02,2.694958499999999901e+01
9.716473598252590591e+02,2.694958499999999901e+01
9.717717147485080886e+02,2.694958499999999901e+01
9.717837278448641882e+02,2.694958499999999901e+01
9.722455794880545454e+02,2.694958499999999901e+01
9.719200958644692037e+02,2.694958499999999901e+01
9.720444895396419724e+02,2.694958499999999901e+01
9.720564638840743328e+02,2.694958499999999901e+01
9.722933829675951074e+02,2.694958499999999901e+01
9.721928319036793482e+02,2.694958499999999901e+01
9.723172643307757426e+02,2.694958499999999901e+01
9.723291999232843636e+02,2.694958499999999901e+01
9.732430830979498069e+02,2.694958499999999901e+01
9.724655679428894928e+02,2.694958499999999901e+01
9.725900391219096264e+02,2.694958499999999901e+01
9.726019359624945082e+02,2.694958499999999901e+01
9.728390876236496752e+02,2.694958499999999901e+01
9.727383039820995236e+02,2.694958499999999901e+01
9.728628139130435102e+02,2.694958499999999901e+01
9.728746720017046528e+02,2.694958499999999901e+01
9.733376096245732469e+02,2.694958499999999901e+01
9.730110400213096682e+02,2.694958499999999901e+01
9.731355887041772803e+02,2.694958499999999901e+01
9.731474080409146836e+02,2.694958499999999901e+01
9.733847922797042429e+02,2.694958499999999901e+01
9.732837760605198127e+02,2.694958499999999901e+01
9.734083634953111641e+02,2.694958499999999901e+01
9.734201440801248282e+02,2.694958499999999901e+01
9.217555499999999711e+02,1.270361300000000071e+01
9.735565120997299573e+02,3.438268999999999664e+01
9.736811382864450479e+02,3.438268999999999664e+01
9.736928801193349727e+02,3.438268999999999664e+01
9.739304969357588107e+02,3.438268999999999664e+01
9.738292481389399882e+02,3.438268999999999664e+01
9.739539130775788180e+02,3.438268999999999664e+01
9.739656161585451173e+02,3.438268999999999664e+01
9.744296397610920621e+02,3.438268999999999664e+01
9.741019841781501327e+02,3.438268999999999664e+01
9.742266878687127019e+02,3.438268999999999664e+01
9.742383521977551482e+02,3.438268999999999664e+01
9.744762015918134921e+02,3.438268999999999664e+01
9.743747202173602773e+02,3.438268999999999664e+01
9.744994626598465857e+02,3.438268999999999664e+01
9.745110882369652927e+02,3.438268999999999664e+01
9.754296309111616665e+02,3.438268999999999664e+01
9.746474562565704218e+02,3.438268999999999664e+01
9.747722374509803558e+02,3.438268999999999664e+01
9.747838242761754373e+02,3.438268999999999664e+01
9.750219062478680598e+02,3.438268999999999664e+01
9.749201922957804527e+02,3.438268999999999664e+01
9.750450122421142396e+02,3.438268999999999664e+01
9.750565603153855818e+02,3.438268999999999664e+01
9.755216698976108773e+02,3.438268999999999664e+01
9.751929283349905972e+02,3.438268999999999664e+01
9.753177870332481234e+02,3.438268999999999664e+01
9.753292963545956127e+02,3.438268999999999664e+01
9.755676109039226276e+02,3.438268999999999664e+01
9.754656643742007418e+02,3.438268999999999664e+01
9.755905618243818935e+02,3.438268999999999664e+01
9.756020323938057572e+02,3.438268999999999664e+01
9.774364624657533795e+02,3.438268999999999664e+01
9.757384004134108864e+02,3.438268999999999664e+01
9.758633366155157773e+02,3.438268999999999664e+01
9.758747684330159018e+02,3.438268999999999664e+01
9.761133155599771953e+02,3.438268999999999664e+01
9.760111364526209172e+02,3.438268999999999664e+01
9.761361114066496611e+02,3.438268999999999664e+01
9.761475044722260463e+02,3.438268999999999664e+01
9.766137000341295789e+02,3.438268999999999664e+01
9.762838724918310618e+02,3.438268999999999664e+01
9.764088861977834313e+02,3.438268999999999664e+01
9.764202405114360772e+02,3.438268999999999664e+01
9.766590202160317631e+02,3.438268999999999664e+01
9.765566085310412063e+02,3.438268999999999664e+01
9.766816609889173151e+02,3.438268999999999664e+01
9.766929765506462218e+02,3.438268999999999664e+01
9.776161787243735262e+02,3.438268999999999664e+01
9.768293445702512372e+02,3.438268999999999664e+01
9.769544357800511989e+02,3.438268999999999664e+01
9.769657125898563663e+02,3.438268999999999664e+01
9.772047248720863308e+02,3.438268999999999664e+01
9.771020806094613818e+02,3.438268999999999664e+01
9.772272105711849690e+02,3.438268999999999664e+01
9.772384486290665109e+02,3.438268999999999664e+01
9.777057301706483941e+02,3.438268999999999664e+01
9.773748166486715263e+02,3.438268999999999664e+01
9.774999853623188528e+02,3.438268999999999664e+01
9.775111846682765417e+02,3.438268999999999664e+01
9.777504295281408986e+02,3.438268999999999664e+01
9.776475526878816709e+02,3.438268999999999664e+01
9.777727601534526229e+02,3.438268999999999664e+01
9.777839207074866863e+02,3.438268999999999664e+01
9.189981699999999591e+02,1.021765100000000004e+01
9.779202887270917017e+02,3.438268999999999664e+01
9.780455349445865068e+02,3.438268999999999664e+01
9.780566567466968309e+02,3.438268999999999664e+01
9.782961341841954663e+02,3.438268999999999664e+01
9.781930247663018463e+02,3.438268999999999664e+01
9.783183097357203906e+02,3.438268999999999664e+01
9.783293927859069754e+02,3.438268999999999664e+01
9.787977603071672092e+02,3.438268999999999664e+01
9.784657608055119908e+02,3.438268999999999664e+01
9.785910845268541607e+02,3.438268999999999664e+01
9.786021288251170063e+02,3.438268999999999664e+01
9.788418388402500341e+02,3.438268999999999664e+01
9.787384968447221354e+02,3.438268999999999664e+01
9.788638593179880445e+02,3.438268999999999664e+01
9.788748648643271508e+02,3.438268999999999664e+01
9.798027265375853858e+02,3.438268999999999664e+01
9.790112328839321663e+02,3.438268999999999664e+01
9.791366341091219283e+02,3.438268999999999664e+01
9.791476009035372954e+02,3.438268999999999664e+01
9.793875434963046018e+02,3.438268999999999664e+01
9.792839689231423108e+02,3.438268999999999664e+01
9.794094089002556984e+02,3.438268999999999664e+01
9.794203369427474399e+02,3.438268999999999664e+01
9.798897904436859108e+02,3.438268999999999664e+01
9.795567049623524554e+02,3.438268999999999664e+01
9.796821836913895822e+02,3.438268999999999664e+01
9.796930729819574708e+02,3.438268999999999664e+01
9.799332481523591696e+02,3.438268999999999664e+01
9.798294410015625999e+02,3.438268999999999664e+01
9.799549584825234660e+02,3.438268999999999664e+01
9.799658090211676154e+02,3.438268999999999664e+01
9.818195423287670565e+02,3.438268999999999664e+01
9.801021770407726308e+02,3.438268999999999664e+01
9.802277332736572362e+02,3.438268999999999664e+01
9.802385450603777599e+02,3.438268999999999664e+01
9.804789528084137373e+02,3.438268999999999664e+01
9.803749130799827753e+02,3.438268999999999664e+01
9.805005080647911200e+02,3.438268999999999664e+01
9.805112810995877908e+02,3.438268999999999664e+01
9.809818205802047260e+02,3.438268999999999664e+01
9.806476491191929199e+02,3.438268999999999664e+01
9.807732828559250038e+02,3.438268999999999664e+01
9.807840171387979353e+02,3.438268999999999664e+01
9.810246574644683051e+02,3.438268999999999664e+01
9.809203851584030645e+02,3.438268999999999664e+01
9.810460576470587739e+02,3.438268999999999664e+01
9.810567531780080799e+02,3.438268999999999664e+01
9.819892743507972455e+02,3.438268999999999664e+01
9.811931211976130953e+02,3.438268999999999664e+01
9.813188324381926577e+02,3.438268999999999664e+01
9.813294892172182244e+02,3.438268999999999664e+01
9.815703621205229865e+02,3.438268999999999664e+01
9.814658572368232399e+02,3.438268999999999664e+01
9.815916072293265415e+02,3.438268999999999664e+01
9.816022252564282553e+02,3.438268999999999664e+01
9.820738507167234275e+02,3.438268999999999664e+01
9.817385932760333844e+02,3.438268999999999664e+01
9.818643820204603117e+02,3.438268999999999664e+01
9.818749612956383999e+02,3.438268999999999664e+01
9.821160667765775543e+02,3.438268999999999664e+01
9.820113293152435290e+02,3.438268999999999664e+01
9.821371568115941955e+02,3.438268999999999664e+01
9.821476973348485444e+02,3.438268999999999664e+01
9.179588999999999714e+02,9.649902000000000868e+00
9.822840653544535598e+02,3.438268999999999664e+01
9.824099316027280793e+02,3.438268999999999664e+01
9.824204333740586890e+02,3.438268999999999664e+01
9.826617714326321220e+02,3.438268999999999664e+01
9.825568013936637044e+02,3.438268999999999664e+01
9.826827063938618494e+02,3.438268999999999664e+01
9.826931694132687198e+02,3.438268999999999664e+01
9.831658808532422427e+02,3.438268999999999664e+01
9.828295374328738490e+02,3.438268999999999664e+01
9.829554811849957332e+02,3.438268999999999664e+01
9.829659054524788644e+02,3.438268999999999664e+01
9.832074760886866898e+02,3.438268999999999664e+01
9.831022734720839935e+02,3.438268999999999664e+01
9.832282559761296170e+02,3.438268999999999664e+01
9.832386414916890089e+02,3.438268999999999664e+01
9.841758221640091051e+02,3.438268999999999664e+01
9.833750095112940244e+02,3.438268999999999664e+01
9.835010307672633871e+02,3.438268999999999664e+01
9.835113775308991535e+02,3.438268999999999664e+01
9.837531807447412575e+02,3.438268999999999664e+01
9.836477455505041689e+02,3.438268999999999664e+01
9.837738055583972709e+02,3.438268999999999664e+01
9.837841135701091844e+02,3.438268999999999664e+01
9.842579109897610579e+02,3.438268999999999664e+01
9.839204815897143135e+02,3.438268999999999664e+01
9.840465803495311548e+02,3.438268999999999664e+01
9.840568496093193289e+02,3.438268999999999664e+01
9.842988854007958253e+02,3.438268999999999664e+01
9.841932176289243444e+02,3.438268999999999664e+01
9.843193551406649249e+02,3.438268999999999664e+01
9.843295856485294735e+02,3.438268999999999664e+01
9.862026221917807334e+02,3.438268999999999664e+01
9.844659536681344889e+02,3.438268999999999664e+01
9.845921299317988087e+02,3.438268999999999664e+01
9.846023216877396180e+02,3.438268999999999664e+01
9.848445900568503930e+02,3.438268999999999664e+01
9.847386897073446335e+02,3.438268999999999664e+01
9.848649047229326925e+02,3.438268999999999664e+01
9.848750577269496489e+02,3.438268999999999664e+01
9.853499411262797594e+02,3.438268999999999664e+01
9.850114257465547780e+02,3.438268999999999664e+01
9.851376795140664626e+02,3.438268999999999664e+01
9.851477937661597934e+02,3.438268999999999664e+01
9.853902947129049608e+02,3.438268999999999664e+01
9.852841617857648089e+02,3.438268999999999664e+01
9.854104543052003464e+02,3.438268999999999664e+01
9.854205298053699380e+02,3.438268999999999664e+01
9.863623699772209648e+02,3.438268999999999664e+01
9.855568978249749534e+02,3.438268999999999664e+01
9.856832290963342302e+02,3.438268999999999664e+01
9.856932658445800826e+02,3.438268999999999664e+01
9.859359993689595285e+02,3.438268999999999664e+01
9.858296338641850980e+02,3.438268999999999664e+01
9.859560038874680004e+02,3.438268999999999664e+01
9.859660018837901134e+02,3.438268999999999664e+01
9.864419712627985746e+02,3.438268999999999664e+01
9.861023699033952425e+02,3.438268999999999664e+01
9.862287786786018842e+02,3.438268999999999664e+01
9.862387379230002580e+02,3.438268999999999664e+01
9.864817040250140963e+02,3.438268999999999664e+01
9.863751059426052734e+02,3.438268999999999664e+01
9.865015534697357680e+02,3.438268999999999664e+01
9.865114739622104025e+02,3.438268999999999664e+01
9.176791399999999612e+02,9.649902000000000868e+00
9.866478419818154180e+02,3.438268999999999664e+01
9.867743282608695381e+02,3.438268999999999664e+01
9.867842100014204334e+02,3.438268999999999664e+01
9.870274086810686640e+02,3.438268999999999664e+01
9.869205780210255625e+02,3.438268999999999664e+01
9.870471030520034219e+02,3.438268999999999664e+01
9.870569460406305780e+02,3.438268999999999664e+01
9.875340013993172761e+02,3.438268999999999664e+01
9.871933140602357071e+02,3.438268999999999664e+01
9.873198778431373057e+02,3.438268999999999664e+01
9.873296820798407225e+02,3.438268999999999664e+01
9.875731133371232318e+02,3.438268999999999664e+01
9.874660500994457379e+02,3.438268999999999664e+01
9.875926526342710758e+02,3.438268999999999664e+01
9.876024181190508671e+02,3.438268999999999664e+01
9.885489177904327107e+02,3.438268999999999664e+01
9.877387861386558825e+02,3.438268999999999664e+01
9.878654274254049596e+02,3.438268999999999664e+01
9.878751541582608979e+02,3.438268999999999664e+01
9.881188179931777995e+02,3.438268999999999664e+01
9.880115221778660271e+02,3.438268999999999664e+01
9.881382022165387298e+02,3.438268999999999664e+01
9.881478901974710425e+02,3.438268999999999664e+01
9.886260315358360913e+02,3.438268999999999664e+01
9.882842582170761716e+02,3.438268999999999664e+01
9.884109770076726136e+02,3.438268999999999664e+01
9.884206262366811870e+02,3.438268999999999664e+01
9.886645226492324809e+02,3.438268999999999664e+01
9.885569942562862025e+02,3.438268999999999664e+01
9.886837517988064974e+02,3.438268999999999664e+01
9.886933622758913316e+02,3.438268999999999664e+01
9.905857020547944103e+02,3.438268999999999664e+01
9.888297302954963470e+02,3.438268999999999664e+01
9.889565265899402675e+02,3.438268999999999664e+01
9.889660983151013625e+02,3.438268999999999664e+01
9.892102273052870487e+02,3.438268999999999664e+01
9.891024663347064916e+02,3.438268999999999664e+01
9.892293013810741513e+02,3.438268999999999664e+01
9.892388343543115070e+02,3.438268999999999664e+01
9.897180616723549065e+02,3.438268999999999664e+01
9.893752023739166361e+02,3.438268999999999664e+01
9.895020761722080351e+02,3.438268999999999664e+01
9.895115703935216516e+02,3.438268999999999664e+01
9.897559319613416164e+02,3.438268999999999664e+01
9.896479384131266670e+02,3.438268999999999664e+01
9.897748509633418053e+02,3.438268999999999664e+01
9.897843064327317961e+02,3.438268999999999664e+01
9.907354656036445704e+02,3.438268999999999664e+01
9.899206744523368116e+02,3.438268999999999664e+01
9.900476257544756891e+02,3.438268999999999664e+01
9.900570424719418270e+02,3.438268999999999664e+01
9.903016366173961842e+02,3.438268999999999664e+01
9.901934104915469561e+02,3.438268999999999664e+01
9.903204005456095729e+02,3.438268999999999664e+01
9.903297785111519715e+02,3.438268999999999664e+01
9.908100918088736080e+02,3.438268999999999664e+01
9.904661465307569870e+02,3.438268999999999664e+01
9.905931753367433430e+02,3.438268999999999664e+01
9.906025145503621161e+02,3.438268999999999664e+01
9.908473412734507519e+02,3.438268999999999664e+01
9.907388825699671315e+02,3.438268999999999664e+01
9.908659501278772268e+02,3.438268999999999664e+01
9.908752505895722607e+02,3.438268999999999664e+01
9.181769000000000460e+02,1.009240699999999968e+01
9.910116186091772761e+02,4.450182999999999822e+01
9.911387249190111106e+02,4.450182999999999822e+01
9.911479866287822915e+02,4.450182999999999822e+01
9.913930459295053197e+02,4.450182999999999822e+01
9.912843546483874206e+02,4.450182999999999822e+01
9.914114997101448807e+02,4.450182999999999822e+01
9.914207226679924361e+02,4.450182999999999822e+01
9.919021219453924232e+02,4.450182999999999822e+01
9.915570906875974515e+02,4.450182999999999822e+01
9.916842745012787645e+02,4.450182999999999822e+01
9.916934587072025806e+02,4.450182999999999822e+01
9.919387505855598874e+02,4.450182999999999822e+01
9.918298267268075961e+02,4.450182999999999822e+01
9.919570492924126484e+02,4.450182999999999822e+01
9.919661947464127252e+02,4.450182999999999822e+01
9.929220134168564300e+02,4.450182999999999822e+01
9.921025627660177406e+02,4.450182999999999822e+01
9.922298240835464185e+02,4.450182999999999822e+01
9.922389307856227560e+02,4.450182999999999822e+01
9.924844552416144552e+02,4.450182999999999822e+01
9.923752988052278852e+02,4.450182999999999822e+01
9.925025988746803023e+02,4.450182999999999822e+01
9.925116668248329006e+02,4.450182999999999822e+01
9.929941520819112384e+02,4.450182999999999822e+01
9.926480348444379160e+02,4.450182999999999822e+01
9.927753736658141861e+02,4.450182999999999822e+01
9.927844028640430452e+02,4.450182999999999822e+01
9.930301598976690229e+02,4.450182999999999822e+01
9.929207708836480606e+02,4.450182999999999822e+01
9.930481484569479562e+02,4.450182999999999822e+01
9.930571389032531897e+02,4.450182999999999822e+01
9.949687819178080872e+02,4.450182999999999822e+01
9.931935069228582051e+02,4.450182999999999822e+01
9.933209232480818400e+02,4.450182999999999822e+01
9.933298749424632206e+02,4.450182999999999822e+01
9.935758645537235907e+02,4.450182999999999822e+01
9.934662429620683497e+02,4.450182999999999822e+01
9.935936980392157238e+02,4.450182999999999822e+01
9.936026109816733651e+02,4.450182999999999822e+01
9.940861822184299399e+02,4.450182999999999822e+01
9.937389790012783806e+02,4.450182999999999822e+01
9.938664728303494940e+02,4.450182999999999822e+01
9.938753470208835097e+02,4.450182999999999822e+01
9.941215692097781584e+02,4.450182999999999822e+01
9.940117150404885251e+02,4.450182999999999822e+01
9.941392476214833778e+02,4.450182999999999822e+01
9.941480830600935406e+02,4.450182999999999822e+01
9.951085612300682897e+02,4.450182999999999822e+01
9.942844510796986697e+02,4.450182999999999822e+01
9.944120224126172616e+02,4.450182999999999822e+01
9.944208190993036851e+02,4.450182999999999822e+01
9.946672738658327262e+02,4.450182999999999822e+01
9.945571871189088142e+02,4.450182999999999822e+01
9.946847972037510317e+02,4.450182999999999822e+01
9.946935551385138297e+02,4.450182999999999822e+01
9.951782123549487551e+02,4.450182999999999822e+01
9.948299231581188451e+02,4.450182999999999822e+01
9.949575719948849155e+02,4.450182999999999822e+01
9.949662911777239742e+02,4.450182999999999822e+01
9.952129785218872939e+02,4.450182999999999822e+01
9.951026591973289896e+02,4.450182999999999822e+01
9.952303467860187993e+02,4.450182999999999822e+01
9.952390272169340051e+02,4.450182999999999822e+01
9.224546500000000151e+02,1.247949200000000047e+01
9.953753952365391342e+02,4.450182999999999822e+01
9.955031215771525694e+02,4.450182999999999822e+01
9.955117632561441496e+02,4.450182999999999822e+01
9.957586831779419754e+02,4.450182999999999822e+01
9.956481312757492788e+02,4.450182999999999822e+01
9.957758963682864533e+02,4.450182999999999822e+01
9.957844992953542942e+02,4.450182999999999822e+01
9.962702424914674566e+02,4.450182999999999822e+01
9.959208673149593096e+02,4.450182999999999822e+01
9.960486711594203371e+02,4.450182999999999822e+01
9.960572353345644387e+02,4.450182999999999822e+01
9.963043878339965431e+02,4.450182999999999822e+01
9.961936033541694542e+02,4.450182999999999822e+01
9.963214459505541072e+02,4.450182999999999822e+01
9.963299713737744696e+02,4.450182999999999822e+01
9.972951090432801493e+02,4.450182999999999822e+01
9.964663393933795987e+02,4.450182999999999822e+01
9.965942207416879910e+02,4.450182999999999822e+01
9.966027074129846142e+02,4.450182999999999822e+01
9.968500924900511109e+02,4.450182999999999822e+01
9.967390754325897433e+02,4.450182999999999822e+01
9.968669955328218748e+02,4.450182999999999822e+01
9.968754434521947587e+02,4.450182999999999822e+01
9.973622726279862718e+02,4.450182999999999822e+01
9.970118114717997742e+02,4.450182999999999822e+01
9.971397703239556449e+02,4.450182999999999822e+01
9.971481794914049033e+02,4.450182999999999822e+01
9.973957971461056786e+02,4.450182999999999822e+01
9.972845475110099187e+02,4.450182999999999822e+01
9.974125451150895287e+02,4.450182999999999822e+01
9.974209155306149341e+02,4.450182999999999822e+01
9.993518617808218778e+02,4.450182999999999822e+01
9.975572835502200633e+02,4.450182999999999822e+01
9.976853199062232989e+02,4.450182999999999822e+01
9.976936515698250787e+02,4.450182999999999822e+01
9.979415018021602464e+02,4.450182999999999822e+01
9.978300195894300941e+02,4.450182999999999822e+01
9.979580946973571827e+02,4.450182999999999822e+01
9.979663876090352232e+02,4.450182999999999822e+01
9.984543027645050870e+02,4.450182999999999822e+01
9.981027556286402387e+02,4.450182999999999822e+01
9.982308694884910665e+02,4.450182999999999822e+01
9.982391236482453678e+02,4.450182999999999822e+01
9.984872064582148141e+02,4.450182999999999822e+01
9.983754916678503832e+02,4.450182999999999822e+01
9.985036442796248366e+02,4.450182999999999822e+01
9.985118596874553987e+02,4.450182999999999822e+01
9.994816568564920090e+02,4.450182999999999822e+01
9.986482277070605278e+02,4.450182999999999822e+01
9.987764190707587204e+02,4.450182999999999822e+01
9.987845957266655432e+02,4.450182999999999822e+01
9.990329111142693819e+02,4.450182999999999822e+01
9.989209637462705587e+02,4.450182999999999822e+01
9.990491938618926042e+02,4.450182999999999822e+01
9.990573317658756878e+02,4.450182999999999822e+01
9.995463329010237885e+02,4.450182999999999822e+01
9.991936997854807032e+02,4.450182999999999822e+01
9.993219686530263743e+02,4.450182999999999822e+01
9.993300678050858323e+02,4.450182999999999822e+01
9.995786157703239496e+02,4.450182999999999822e+01
9.994664358246908478e+02,4.450182999999999822e+01
9.995947434441602582e+02,4.450182999999999822e+01
9.996028038442958632e+02,4.450182999999999822e+01
9.321476999999999862e+02,1.606713900000000095e+01
9.997391718639009923e+02,4.450182999999999822e+01
9.998675182352941420e+02,4.450182999999999822e+01
9.998755398835060078e+02,4.450182999999999822e+01
1.000124320426378517e+03,4.450182999999999822e+01
1.000011907903111023e+03,4.450182999999999822e+01
1.000140293026427912e+03,4.450182999999999822e+01
1.000148275922716152e+03,4.450182999999999822e+01
1.000638363037542604e+03,4.450182999999999822e+01
1.000284643942321168e+03,4.450182999999999822e+01
1.000413067817561796e+03,4.450182999999999822e+01
1.000421011961926297e+03,4.450182999999999822e+01
1.000670025082433085e+03,4.450182999999999822e+01
1.000557379981531312e+03,4.450182999999999822e+01
1.000685842608695680e+03,4.450182999999999822e+01
1.000693748001136328e+03,4.450182999999999822e+01
1.001668204669703869e+03,4.450182999999999822e+01
1.000830116020741457e+03,4.450182999999999822e+01
1.000958617399829450e+03,4.450182999999999822e+01
1.000966484040346472e+03,4.450182999999999822e+01
1.001215729738487653e+03,4.450182999999999822e+01
1.001102852059951488e+03,4.450182999999999822e+01
1.001231392190963334e+03,4.450182999999999822e+01
1.001239220079556617e+03,4.450182999999999822e+01
1.001730393174061305e+03,4.450182999999999822e+01
1.001375588099161632e+03,4.450182999999999822e+01
1.001504166982097217e+03,4.450182999999999822e+01
1.001511956118766648e+03,4.450182999999999822e+01
1.001761434394542221e+03,4.450182999999999822e+01
1.001648324138371777e+03,4.450182999999999822e+01
1.001776941773230988e+03,4.450182999999999822e+01
1.001784692157976792e+03,4.450182999999999822e+01
1.003734941643835555e+03,4.450182999999999822e+01
1.001921060177581921e+03,4.450182999999999822e+01
1.002049716564364871e+03,4.450182999999999822e+01
1.002057428197186937e+03,4.450182999999999822e+01
1.002307139050596788e+03,4.450182999999999822e+01
1.002193796216791952e+03,4.450182999999999822e+01
1.002322491355498755e+03,4.450182999999999822e+01
1.002330164236397081e+03,4.450182999999999822e+01
1.002822423310580120e+03,4.450182999999999822e+01
1.002466532256002097e+03,4.450182999999999822e+01
1.002595266146632525e+03,4.450182999999999822e+01
1.002602900275607112e+03,4.450182999999999822e+01
1.002852843706651470e+03,4.450182999999999822e+01
1.002739268295212241e+03,4.450182999999999822e+01
1.002868040937766409e+03,4.450182999999999822e+01
1.002875636314817257e+03,4.450182999999999822e+01
1.003854752482915728e+03,4.450182999999999822e+01
1.003012004334422386e+03,4.450182999999999822e+01
1.003140815728900293e+03,4.450182999999999822e+01
1.003148372354027401e+03,4.450182999999999822e+01
1.003398548362706038e+03,4.450182999999999822e+01
1.003284740373632417e+03,4.450182999999999822e+01
1.003413590520034063e+03,4.450182999999999822e+01
1.003421108393237546e+03,4.450182999999999822e+01
1.003914453447098936e+03,4.450182999999999822e+01
1.003557476412842561e+03,4.450182999999999822e+01
1.003686365311167947e+03,4.450182999999999822e+01
1.003693844432447577e+03,4.450182999999999822e+01
1.003944253018760605e+03,4.450182999999999822e+01
1.003830212452052706e+03,4.450182999999999822e+01
1.003959140102301831e+03,4.450182999999999822e+01
1.003966580471657721e+03,4.450182999999999822e+01
9.479783300000000281e+02,2.035656699999999830e+01
1.004102948491262850e+03,5.553247000000000355e+01
1.004231914893435601e+03,5.553247000000000355e+01
1.004239316510867866e+03,5.553247000000000355e+01
1.004489957674815173e+03,5.553247000000000355e+01
1.004375684530472881e+03,5.553247000000000355e+01
1.004504689684569485e+03,5.553247000000000355e+01
1.004512052550078010e+03,5.553247000000000355e+01
1.005006483583617637e+03,5.553247000000000355e+01
1.004648420569683026e+03,5.553247000000000355e+01
1.004777464475703368e+03,5.553247000000000355e+01
1.004784788589288041e+03,5.553247000000000355e+01
1.005035662330869741e+03,5.553247000000000355e+01
1.004921156608893170e+03,5.553247000000000355e+01
1.005050239266837139e+03,5.553247000000000355e+01
1.005057524628498186e+03,5.553247000000000355e+01
1.006041300296127474e+03,5.553247000000000355e+01
1.005193892648103201e+03,5.553247000000000355e+01
1.005323014057971022e+03,5.553247000000000355e+01
1.005330260667708330e+03,5.553247000000000355e+01
1.005581366986924309e+03,5.553247000000000355e+01
1.005466628687313346e+03,5.553247000000000355e+01
1.005595788849104906e+03,5.553247000000000355e+01
1.005602996706918475e+03,5.553247000000000355e+01
1.006098513720136452e+03,5.553247000000000355e+01
1.005739364726523490e+03,5.553247000000000355e+01
1.005868563640238676e+03,5.553247000000000355e+01
1.005875732746128506e+03,5.553247000000000355e+01
1.006127071642978876e+03,5.553247000000000355e+01
1.006012100765733635e+03,5.553247000000000355e+01
1.006141338431372560e+03,5.553247000000000355e+01
1.006148468785338650e+03,5.553247000000000355e+01
1.008118021506849232e+03,5.553247000000000355e+01
1.006284836804943666e+03,5.553247000000000355e+01
1.006414113222506444e+03,5.553247000000000355e+01
1.006421204824548795e+03,5.553247000000000355e+01
1.006672776299033444e+03,5.553247000000000355e+01
1.006557572844153810e+03,5.553247000000000355e+01
1.006686888013640214e+03,5.553247000000000355e+01
1.006693940863758939e+03,5.553247000000000355e+01
1.007190543856655154e+03,5.553247000000000355e+01
1.006830308883363955e+03,5.553247000000000355e+01
1.006959662804774098e+03,5.553247000000000355e+01
1.006966676902968970e+03,5.553247000000000355e+01
1.007218480955088012e+03,5.553247000000000355e+01
1.007103044922574099e+03,5.553247000000000355e+01
1.007232437595907868e+03,5.553247000000000355e+01
1.007239412942179115e+03,5.553247000000000355e+01
1.008227848109339334e+03,5.553247000000000355e+01
1.007375780961784130e+03,5.553247000000000355e+01
1.007505212387041752e+03,5.553247000000000355e+01
1.007512148981389259e+03,5.553247000000000355e+01
1.007764185611142580e+03,5.553247000000000355e+01
1.007648517000994275e+03,5.553247000000000355e+01
1.007777987178175636e+03,5.553247000000000355e+01
1.007784885020599290e+03,5.553247000000000355e+01
1.008282573993173969e+03,5.553247000000000355e+01
1.007921253040204419e+03,5.553247000000000355e+01
1.008050761969309406e+03,5.553247000000000355e+01
1.008057621059809435e+03,5.553247000000000355e+01
1.008309890267197147e+03,5.553247000000000355e+01
1.008193989079414564e+03,5.553247000000000355e+01
1.008323536760443289e+03,5.553247000000000355e+01
1.008330357099019579e+03,5.553247000000000355e+01
9.679056399999999485e+02,2.694958499999999901e+01
1.008466725118624595e+03,5.553247000000000355e+01
1.008596311551577173e+03,5.553247000000000355e+01
1.008603093138229724e+03,5.553247000000000355e+01
1.008855594923251715e+03,5.553247000000000355e+01
1.008739461157834739e+03,5.553247000000000355e+01
1.008869086342710943e+03,5.553247000000000355e+01
1.008875829177439755e+03,5.553247000000000355e+01
1.009374604129692784e+03,5.553247000000000355e+01
1.009012197197044884e+03,5.553247000000000355e+01
1.009141861133844827e+03,5.553247000000000355e+01
1.009148565216649899e+03,5.553247000000000355e+01
1.009401299579306283e+03,5.553247000000000355e+01
1.009284933236255029e+03,5.553247000000000355e+01
1.009414635924978711e+03,5.553247000000000355e+01
1.009421301255860044e+03,5.553247000000000355e+01
1.010414395922551194e+03,5.553247000000000355e+01
1.009557669275465059e+03,5.553247000000000355e+01
1.009687410716112481e+03,5.553247000000000355e+01
1.009694037295070189e+03,5.553247000000000355e+01
1.009947004235360964e+03,5.553247000000000355e+01
1.009830405314675204e+03,5.553247000000000355e+01
1.009960185507246365e+03,5.553247000000000355e+01
1.009966773334280219e+03,5.553247000000000355e+01
1.010466634266211486e+03,5.553247000000000355e+01
1.010103141353885349e+03,5.553247000000000355e+01
1.010232960298380249e+03,5.553247000000000355e+01
1.010239509373490364e+03,5.553247000000000355e+01
1.010492708891415532e+03,5.553247000000000355e+01
1.010375877393095493e+03,5.553247000000000355e+01
1.010505735089514019e+03,5.553247000000000355e+01
1.010512245412700508e+03,5.553247000000000355e+01
1.012501101369862909e+03,5.553247000000000355e+01
1.010648613432305524e+03,5.553247000000000355e+01
1.010778509880647903e+03,5.553247000000000355e+01
1.010784981451910653e+03,5.553247000000000355e+01
1.011038413547470100e+03,5.553247000000000355e+01
1.010921349471515668e+03,5.553247000000000355e+01
1.011051284671781787e+03,5.553247000000000355e+01
1.011057717491120684e+03,5.553247000000000355e+01
1.011558664402730301e+03,5.553247000000000355e+01
1.011194085510725813e+03,5.553247000000000355e+01
1.011324059462915557e+03,5.553247000000000355e+01
1.011330453530330828e+03,5.553247000000000355e+01
1.011584118203524667e+03,5.553247000000000355e+01
1.011466821549935844e+03,5.553247000000000355e+01
1.011596834254049440e+03,5.553247000000000355e+01
1.011603189569540973e+03,5.553247000000000355e+01
1.012600943735763053e+03,5.553247000000000355e+01
1.011739557589145988e+03,5.553247000000000355e+01
1.011869609045183324e+03,5.553247000000000355e+01
1.011875925608751118e+03,5.553247000000000355e+01
1.012129822859579235e+03,5.553247000000000355e+01
1.012012293628356133e+03,5.553247000000000355e+01
1.012142383836317094e+03,5.553247000000000355e+01
1.012148661647961148e+03,5.553247000000000355e+01
1.012650694539249116e+03,5.553247000000000355e+01
1.012285029667566278e+03,5.553247000000000355e+01
1.012415158627450978e+03,5.553247000000000355e+01
1.012421397687171293e+03,5.553247000000000355e+01
1.012675527515633803e+03,5.553247000000000355e+01
1.012557765706776308e+03,5.553247000000000355e+01
1.012687933418584862e+03,5.553247000000000355e+01
1.012694133726381438e+03,5.553247000000000355e+01
9.843508000000000493e+02,3.438268999999999664e+01
1.012830501745986453e+03,5.553247000000000355e+01
1.012960708209718632e+03,5.553247000000000355e+01
1.012966869765591582e+03,5.553247000000000355e+01
1.013221232171688371e+03,5.553247000000000355e+01
1.013103237785196598e+03,5.553247000000000355e+01
1.013233483000852516e+03,5.553247000000000355e+01
1.013239605804801613e+03,5.553247000000000355e+01
1.013742724675767818e+03,5.553247000000000355e+01
1.013375973824406742e+03,5.553247000000000355e+01
1.013506257791986400e+03,5.553247000000000355e+01
1.013512341844011758e+03,5.553247000000000355e+01
1.013766936827742938e+03,5.553247000000000355e+01
1.013648709863616773e+03,5.553247000000000355e+01
1.013779032583120170e+03,5.553247000000000355e+01
1.013785077883221902e+03,5.553247000000000355e+01
1.014787491548974913e+03,5.553247000000000355e+01
1.013921445902826918e+03,5.553247000000000355e+01
1.014051807374254054e+03,5.553247000000000355e+01
1.014057813922432047e+03,5.553247000000000355e+01
1.014312641483797506e+03,5.553247000000000355e+01
1.014194181942037062e+03,5.553247000000000355e+01
1.014324582165387937e+03,5.553247000000000355e+01
1.014330549961642078e+03,5.553247000000000355e+01
1.014834754812286633e+03,5.553247000000000355e+01
1.014466917981247207e+03,5.553247000000000355e+01
1.014597356956521708e+03,5.553247000000000355e+01
1.014603286000852222e+03,5.553247000000000355e+01
1.014858346139852074e+03,5.553247000000000355e+01
1.014739654020457237e+03,5.553247000000000355e+01
1.014870131747655591e+03,5.553247000000000355e+01
1.014876022040062367e+03,5.553247000000000355e+01
1.016884181232876585e+03,5.553247000000000355e+01
1.015012390059667382e+03,5.553247000000000355e+01
1.015142906538789475e+03,5.553247000000000355e+01
1.015148758079272397e+03,5.553247000000000355e+01
1.015404050795906642e+03,5.553247000000000355e+01
1.015285126098877527e+03,5.553247000000000355e+01
1.015415681329923245e+03,5.553247000000000355e+01
1.015421494118482542e+03,5.553247000000000355e+01
1.015926784948805334e+03,5.553247000000000355e+01
1.015557862138087671e+03,5.553247000000000355e+01
1.015688456121057129e+03,5.553247000000000355e+01
1.015694230157692687e+03,5.553247000000000355e+01
1.015949755451961209e+03,5.553247000000000355e+01
1.015830598177297702e+03,5.553247000000000355e+01
1.015961230912191013e+03,5.553247000000000355e+01
1.015966966196902831e+03,5.553247000000000355e+01
1.016974039362186772e+03,5.553247000000000355e+01
1.016103334216507847e+03,5.553247000000000355e+01
1.016234005703324783e+03,5.553247000000000355e+01
1.016239702236112862e+03,5.553247000000000355e+01
1.016495460108015777e+03,5.553247000000000355e+01
1.016376070255717991e+03,5.553247000000000355e+01
1.016506780494458667e+03,5.553247000000000355e+01
1.016512438275323007e+03,5.553247000000000355e+01
1.017018815085324150e+03,5.553247000000000355e+01
1.016648806294928136e+03,5.553247000000000355e+01
1.016779555285592437e+03,5.553247000000000355e+01
1.016785174314533151e+03,5.553247000000000355e+01
1.017041164764070459e+03,5.553247000000000355e+01
1.016921542334138167e+03,5.553247000000000355e+01
1.017052330076726321e+03,5.553247000000000355e+01
1.017057910353743296e+03,5.553247000000000355e+01
1.000433840000000032e+03,4.450182999999999822e+01
1.017194278373348311e+03,6.850548999999999467e+01
1.017325104867860205e+03,6.850548999999999467e+01
1.017330646392953327e+03,6.850548999999999467e+01
1.017586869420125026e+03,6.850548999999999467e+01
1.017467014412558456e+03,6.850548999999999467e+01
1.017597879658993975e+03,6.850548999999999467e+01
1.017603382432163471e+03,6.850548999999999467e+01
1.018110845221842965e+03,6.850548999999999467e+01
1.017739750451768600e+03,6.850548999999999467e+01
1.017870654450127859e+03,6.850548999999999467e+01
1.017876118471373616e+03,6.850548999999999467e+01
1.018132574076179594e+03,6.850548999999999467e+01
1.018012486490978631e+03,6.850548999999999467e+01
1.018143429241261742e+03,6.850548999999999467e+01
1.018148854510583760e+03,6.850548999999999467e+01
1.019160587175398632e+03,6.850548999999999467e+01
1.018285222530188776e+03,6.850548999999999467e+01
1.018416204032395513e+03,6.850548999999999467e+01
1.018421590549793791e+03,6.850548999999999467e+01
1.018678278732234162e+03,6.850548999999999467e+01
1.018557958569398920e+03,6.850548999999999467e+01
1.018688978823529396e+03,6.850548999999999467e+01
1.018694326589003936e+03,6.850548999999999467e+01
1.019202875358361666e+03,6.850548999999999467e+01
1.018830694608608951e+03,6.850548999999999467e+01
1.018961753614663280e+03,6.850548999999999467e+01
1.018967062628214080e+03,6.850548999999999467e+01
1.019223983388288730e+03,6.850548999999999467e+01
1.019103430647819096e+03,6.850548999999999467e+01
1.019234528405797050e+03,6.850548999999999467e+01
1.019239798667424225e+03,6.850548999999999467e+01
1.021267261095890376e+03,6.850548999999999467e+01
1.019376166687029240e+03,6.850548999999999467e+01
1.019507303196930934e+03,6.850548999999999467e+01
1.019512534706634256e+03,6.850548999999999467e+01
1.019769688044343297e+03,6.850548999999999467e+01
1.019648902726239385e+03,6.850548999999999467e+01
1.019780077988064818e+03,6.850548999999999467e+01
1.019785270745844400e+03,6.850548999999999467e+01
1.020294905494880481e+03,6.850548999999999467e+01
1.019921638765449416e+03,6.850548999999999467e+01
1.020052852779198588e+03,6.850548999999999467e+01
1.020058006785054545e+03,6.850548999999999467e+01
1.020315392700397865e+03,6.850548999999999467e+01
1.020194374804659560e+03,6.850548999999999467e+01
1.020325627570332472e+03,6.850548999999999467e+01
1.020330742824264689e+03,6.850548999999999467e+01
1.021347134988610378e+03,6.850548999999999467e+01
1.020467110843869705e+03,6.850548999999999467e+01
1.020598402361466356e+03,6.850548999999999467e+01
1.020603478863474720e+03,6.850548999999999467e+01
1.020861097356452433e+03,6.850548999999999467e+01
1.020739846883079849e+03,6.850548999999999467e+01
1.020871177152600126e+03,6.850548999999999467e+01
1.020876214902684865e+03,6.850548999999999467e+01
1.021386935631399183e+03,6.850548999999999467e+01
1.021012582922289880e+03,6.850548999999999467e+01
1.021143951943734010e+03,6.850548999999999467e+01
1.021148950941895009e+03,6.850548999999999467e+01
1.021406802012507001e+03,6.850548999999999467e+01
1.021285318961500025e+03,6.850548999999999467e+01
1.021416726734867893e+03,6.850548999999999467e+01
1.021421686981105154e+03,6.850548999999999467e+01
1.012235350000000039e+03,5.553247000000000355e+01
1.021558055000710169e+03,6.850548999999999467e+01
1.021689501526001663e+03,6.850548999999999467e+01
1.021694423020315185e+03,6.850548999999999467e+01
1.021952506668561568e+03,6.850548999999999467e+01
1.021830791039920314e+03,6.850548999999999467e+01
1.021962276317135547e+03,6.850548999999999467e+01
1.021967159059525329e+03,6.850548999999999467e+01
1.022478965767917998e+03,6.850548999999999467e+01
1.022103527079130345e+03,6.850548999999999467e+01
1.022235051108269431e+03,6.850548999999999467e+01
1.022239895098735474e+03,6.850548999999999467e+01
1.022498211324616136e+03,6.850548999999999467e+01
1.022376263118340489e+03,6.850548999999999467e+01
1.022507825899403201e+03,6.850548999999999467e+01
1.022512631137945505e+03,6.850548999999999467e+01
1.023533682801822238e+03,6.850548999999999467e+01
1.022648999157550634e+03,6.850548999999999467e+01
1.022780600690537085e+03,6.850548999999999467e+01
1.022785367177155649e+03,6.850548999999999467e+01
1.023043915980670704e+03,6.850548999999999467e+01
1.022921735196760778e+03,6.850548999999999467e+01
1.023053375481670969e+03,6.850548999999999467e+01
1.023058103216365794e+03,6.850548999999999467e+01
1.023570995904436813e+03,6.850548999999999467e+01
1.023194471235970809e+03,6.850548999999999467e+01
1.023326150272804739e+03,6.850548999999999467e+01
1.023330839255575938e+03,6.850548999999999467e+01
1.023589620636725272e+03,6.850548999999999467e+01
1.023467207275180954e+03,6.850548999999999467e+01
1.023598925063938623e+03,6.850548999999999467e+01
1.023603575294785969e+03,6.850548999999999467e+01
1.025650340958904053e+03,6.850548999999999467e+01
1.023739943314391098e+03,6.850548999999999467e+01
1.023871699855072507e+03,6.850548999999999467e+01
1.023876311333996114e+03,6.850548999999999467e+01
1.024135325292779726e+03,6.850548999999999467e+01
1.024012679353601243e+03,6.850548999999999467e+01
1.024144474646206163e+03,6.850548999999999467e+01
1.024149047373206258e+03,6.850548999999999467e+01
1.024663026040955629e+03,6.850548999999999467e+01
1.024285415392811274e+03,6.850548999999999467e+01
1.024417249437340161e+03,6.850548999999999467e+01
1.024421783412416517e+03,6.850548999999999467e+01
1.024681029948834521e+03,6.850548999999999467e+01
1.024558151432021532e+03,6.850548999999999467e+01
1.024690024228474158e+03,6.850548999999999467e+01
1.024694519451626547e+03,6.850548999999999467e+01
1.025720230615034097e+03,6.850548999999999467e+01
1.024830887471231563e+03,6.850548999999999467e+01
1.024962799019607701e+03,6.850548999999999467e+01
1.024967255490836578e+03,6.850548999999999467e+01
1.025226734604889089e+03,6.850548999999999467e+01
1.025103623510441594e+03,6.850548999999999467e+01
1.025235573810741698e+03,6.850548999999999467e+01
1.025239991530046609e+03,6.850548999999999467e+01
1.025755056177474216e+03,6.850548999999999467e+01
1.025376359549651625e+03,6.850548999999999467e+01
1.025508348601875696e+03,6.850548999999999467e+01
1.025512727569256867e+03,6.850548999999999467e+01
1.025772439260943656e+03,6.850548999999999467e+01
1.025649095588861883e+03,6.850548999999999467e+01
1.025781123393009238e+03,6.850548999999999467e+01
1.025785463608466898e+03,6.850548999999999467e+01
1.026796100000000024e+03,6.850548999999999467e+01
1.025921831628072141e+03,6.850548999999999467e+01
1.026053898184143236e+03,6.850548999999999467e+01
1.026058199647677156e+03,6.850548999999999467e+01
1.026318143916998224e+03,6.850548999999999467e+01
1.026194567667282172e+03,6.850548999999999467e+01
1.026326672975277006e+03,6.850548999999999467e+01
1.026330935686887187e+03,6.850548999999999467e+01
1.026847086313993259e+03,6.850548999999999467e+01
1.026467303706492203e+03,6.850548999999999467e+01
1.026599447766410776e+03,6.850548999999999467e+01
1.026603671726097218e+03,6.850548999999999467e+01
1.026863848573052792e+03,6.850548999999999467e+01
1.026740039745702234e+03,6.850548999999999467e+01
1.026872222557544774e+03,6.850548999999999467e+01
1.026876407765307249e+03,6.850548999999999467e+01
1.027906778428246071e+03,2.175596999999999923e+02
1.027012775784912492e+03,2.175596999999999923e+02
1.027144997348678544e+03,2.175596999999999923e+02
1.027149143804517507e+03,2.175596999999999923e+02
1.027409553229107360e+03,2.175596999999999923e+02
1.027285511824122523e+03,2.175596999999999923e+02
1.027417772139812314e+03,2.175596999999999923e+02
1.027421879843727766e+03,2.175596999999999923e+02
1.027939116450511847e+03,2.175596999999999923e+02
1.027558247863332781e+03,2.175596999999999923e+02
1.027690546930946311e+03,2.175596999999999923e+02
1.027694615882937796e+03,2.175596999999999923e+02
1.027955257885161927e+03,2.175596999999999923e+02
1.027830983902542812e+03,2.175596999999999923e+02
1.027963321722080082e+03,2.175596999999999923e+02
1.027967351922147827e+03,2.175596999999999923e+02
1.030033420821917844e+03,2.175596999999999923e+02
1.028103719941752843e+03,2.175596999999999923e+02
1.028236096513213852e+03,2.175596999999999923e+02
1.028240087961357858e+03,2.175596999999999923e+02
1.028500962541216495e+03,2.175596999999999923e+02
1.028376455980962874e+03,2.175596999999999923e+02
1.028508871304347849e+03,2.175596999999999923e+02
1.028512824000568116e+03,2.175596999999999923e+02
1.029031146587030662e+03,2.175596999999999923e+02
1.028649192020173132e+03,2.175596999999999923e+02
1.028781646095481619e+03,2.175596999999999923e+02
1.028785560039778147e+03,2.175596999999999923e+02
1.029046667197271063e+03,2.175596999999999923e+02
1.028921928059383390e+03,2.175596999999999923e+02
1.029054420886615389e+03,2.175596999999999923e+02
1.029058296078988405e+03,2.175596999999999923e+02
1.030093326241457817e+03,2.175596999999999923e+02
1.029194664098593421e+03,2.175596999999999923e+02
1.029327195677749387e+03,2.175596999999999923e+02
1.029331032118198436e+03,2.175596999999999923e+02
1.029592371853325631e+03,2.175596999999999923e+02
1.029467400137803452e+03,2.175596999999999923e+02
1.029599970468883157e+03,2.175596999999999923e+02
1.029603768157408467e+03,2.175596999999999923e+02
1.030123176723549477e+03,2.175596999999999923e+02
1.029740136177013483e+03,2.175596999999999923e+02
1.029872745260016927e+03,2.175596999999999923e+02
1.029876504196618498e+03,2.175596999999999923e+02
1.030138076509380198e+03,2.175596999999999923e+02
1.030012872216223741e+03,2.175596999999999923e+02
1.030145520051150925e+03,2.175596999999999923e+02
1.030149240235828756e+03,2.175596999999999923e+02
1.039983400000000074e+03,8.424425999999999704e+01
1.030285608255433999e+03,2.015061000000000035e+02
1.030418294842284695e+03,2.015061000000000035e+02
1.030421976275039015e+03,2.015061000000000035e+02
1.030683781165434766e+03,2.015061000000000035e+02
1.030558344294644030e+03,2.015061000000000035e+02
1.030691069633418465e+03,2.015061000000000035e+02
1.030694712314249045e+03,2.015061000000000035e+02
1.031215206860068065e+03,2.015061000000000035e+02
1.030831080333854061e+03,2.015061000000000035e+02
1.030963844424552462e+03,2.015061000000000035e+02
1.030967448353459076e+03,2.015061000000000035e+02
1.031229485821489334e+03,2.015061000000000035e+02
1.031103816373064092e+03,2.015061000000000035e+02
1.031236619215686233e+03,2.015061000000000035e+02
1.031240184392669107e+03,2.015061000000000035e+02
1.032279874054669563e+03,2.015061000000000035e+02
1.031376552412274350e+03,2.015061000000000035e+02
1.031509394006820003e+03,2.015061000000000035e+02
1.031512920431879365e+03,2.015061000000000035e+02
1.031775190477544129e+03,2.015061000000000035e+02
1.031649288451484381e+03,2.015061000000000035e+02
1.031782168797954000e+03,2.015061000000000035e+02
1.031785656471089624e+03,2.015061000000000035e+02
1.032307236996587108e+03,2.015061000000000035e+02
1.031922024490694639e+03,2.015061000000000035e+02
1.032054943589087770e+03,2.015061000000000035e+02
1.032058392510299655e+03,2.015061000000000035e+02
1.032320895133598697e+03,2.015061000000000035e+02
1.032194760529904670e+03,2.015061000000000035e+02
1.032327718380221540e+03,2.015061000000000035e+02
1.032331128549509685e+03,2.015061000000000035e+02
1.034416500684931407e+03,2.015061000000000035e+02
1.032467496569114701e+03,2.015061000000000035e+02
1.032600493171355538e+03,2.015061000000000035e+02
1.032603864588719716e+03,2.015061000000000035e+02
1.032866599789653264e+03,2.015061000000000035e+02
1.032740232608324732e+03,2.015061000000000035e+02
1.032873267962489308e+03,2.015061000000000035e+02
1.032876600627929975e+03,2.015061000000000035e+02
1.033399267133105695e+03,2.015061000000000035e+02
1.033012968647534990e+03,2.015061000000000035e+02
1.033146042753623078e+03,2.015061000000000035e+02
1.033149336667140005e+03,2.015061000000000035e+02
1.033412304445707832e+03,2.015061000000000035e+02
1.033285704686745248e+03,2.015061000000000035e+02
1.033418817544757076e+03,2.015061000000000035e+02
1.033422072706350264e+03,2.015061000000000035e+02
1.034466421867881536e+03,2.015061000000000035e+02
1.033558440725955279e+03,2.015061000000000035e+02
1.033691592335890846e+03,2.015061000000000035e+02
1.033694808745560294e+03,2.015061000000000035e+02
1.033958009101762400e+03,2.015061000000000035e+02
1.033831176765165310e+03,2.015061000000000035e+02
1.033964367127024616e+03,2.015061000000000035e+02
1.033967544784770325e+03,2.015061000000000035e+02
1.034491297269624511e+03,2.015061000000000035e+02
1.034103912804375341e+03,2.015061000000000035e+02
1.034237141918158613e+03,2.015061000000000035e+02
1.034240280823980356e+03,2.015061000000000035e+02
1.034503713757816968e+03,2.015061000000000035e+02
1.034376648843585599e+03,2.015061000000000035e+02
1.034509916709292384e+03,2.015061000000000035e+02
1.034513016863190614e+03,2.015061000000000035e+02
1.052298700000000053e+03,1.112275400000000047e+02
1.034649384882795630e+03,8.424425999999999704e+01
1.034782691500426154e+03,8.424425999999999704e+01
1.034785752902400873e+03,8.424425999999999704e+01
1.035049418413871535e+03,8.424425999999999704e+01
1.034922120922005888e+03,8.424425999999999704e+01
1.035055466291560151e+03,8.424425999999999704e+01
1.035058488941610904e+03,8.424425999999999704e+01
1.035583327406143326e+03,8.424425999999999704e+01
1.035194856961215919e+03,8.424425999999999704e+01
1.035328241082693921e+03,8.424425999999999704e+01
1.035331224980820934e+03,8.424425999999999704e+01
1.035595123069926103e+03,8.424425999999999704e+01
1.035467593000425950e+03,8.424425999999999704e+01
1.035601015873827691e+03,8.424425999999999704e+01
1.035603961020030965e+03,8.424425999999999704e+01
1.036652969681093509e+03,8.424425999999999704e+01
1.035740329039635981e+03,8.424425999999999704e+01
1.035873790664961689e+03,8.424425999999999704e+01
1.035876697059241224e+03,8.424425999999999704e+01
1.036140827725980671e+03,8.424425999999999704e+01
1.036013065078846239e+03,8.424425999999999704e+01
1.036146565456095459e+03,8.424425999999999704e+01
1.036149433098451254e+03,8.424425999999999704e+01
1.036675357542661914e+03,8.424425999999999704e+01
1.036285801118056497e+03,8.424425999999999704e+01
1.036419340247229229e+03,8.424425999999999704e+01
1.036422169137661513e+03,8.424425999999999704e+01
1.036686532382035239e+03,8.424425999999999704e+01
1.036558537157266528e+03,8.424425999999999704e+01
1.036692115038363227e+03,8.424425999999999704e+01
1.036694905176871544e+03,8.424425999999999704e+01
1.038799580547944970e+03,8.424425999999999704e+01
1.036831273196476559e+03,8.424425999999999704e+01
1.036964889829496997e+03,8.424425999999999704e+01
1.036967641216081574e+03,8.424425999999999704e+01
1.037232237038089806e+03,8.424425999999999704e+01
1.037104009235686590e+03,8.424425999999999704e+01
1.037237664620630767e+03,8.424425999999999704e+01
1.037240377255291605e+03,8.424425999999999704e+01
1.037767387679180956e+03,8.424425999999999704e+01
1.037376745274896848e+03,8.424425999999999704e+01
1.037510439411764764e+03,8.424425999999999704e+01
1.037513113294501863e+03,8.424425999999999704e+01
1.037777941694144374e+03,8.424425999999999704e+01
1.037649481314107106e+03,8.424425999999999704e+01
1.037783214202898534e+03,8.424425999999999704e+01
1.037785849333712122e+03,8.424425999999999704e+01
1.038839517494305255e+03,8.424425999999999704e+01
1.037922217353317137e+03,8.424425999999999704e+01
1.038055988994032305e+03,8.424425999999999704e+01
1.038058585372922153e+03,8.424425999999999704e+01
1.038323646350198942e+03,8.424425999999999704e+01
1.038194953392527168e+03,8.424425999999999704e+01
1.038328763785166302e+03,8.424425999999999704e+01
1.038331321412132183e+03,8.424425999999999704e+01
1.038859417815699544e+03,8.424425999999999704e+01
1.038467689431737199e+03,8.424425999999999704e+01
1.038601538576300072e+03,8.424425999999999704e+01
1.038604057451342214e+03,8.424425999999999704e+01
1.038869351006253510e+03,8.424425999999999704e+01
1.038740425470947457e+03,8.424425999999999704e+01
1.038874313367433842e+03,8.424425999999999704e+01
1.038876793490552473e+03,8.424425999999999704e+01
1.056331899999999905e+03,1.281353799999999978e+02
1.039013161510157488e+03,8.424425999999999704e+01
1.039147088158567840e+03,8.424425999999999704e+01
1.039149529529762731e+03,8.424425999999999704e+01
1.039415055662308077e+03,8.424425999999999704e+01
1.039285897549367746e+03,8.424425999999999704e+01
1.039419862949701610e+03,8.424425999999999704e+01
1.039422265568972762e+03,8.424425999999999704e+01
1.039951447952218359e+03,8.424425999999999704e+01
1.039558633588577777e+03,8.424425999999999704e+01
1.039692637740835380e+03,8.424425999999999704e+01
1.039695001608182793e+03,8.424425999999999704e+01
1.039960760318362645e+03,8.424425999999999704e+01
1.039831369627787808e+03,8.424425999999999704e+01
1.039965412531969378e+03,8.424425999999999704e+01
1.039967737647392823e+03,8.424425999999999704e+01
1.041026065307517001e+03,8.424425999999999704e+01
1.040104105666997839e+03,8.424425999999999704e+01
1.040238187323103148e+03,8.424425999999999704e+01
1.040240473686603082e+03,8.424425999999999704e+01
1.040506464974417213e+03,8.424425999999999704e+01
1.040376841706208097e+03,8.424425999999999704e+01
1.040510962114236918e+03,8.424425999999999704e+01
1.040513209725813113e+03,8.424425999999999704e+01
1.041043478088737174e+03,8.424425999999999704e+01
1.040649577745418355e+03,8.424425999999999704e+01
1.040783736905370915e+03,8.424425999999999704e+01
1.040785945765023371e+03,8.424425999999999704e+01
1.041052169630471781e+03,8.424425999999999704e+01
1.040922313784628386e+03,8.424425999999999704e+01
1.041056511696504685e+03,8.424425999999999704e+01
1.041058681804233402e+03,8.424425999999999704e+01
1.043182660410958761e+03,8.424425999999999704e+01
1.041195049823838417e+03,8.424425999999999704e+01
1.041329286487638456e+03,8.424425999999999704e+01
1.041331417843443433e+03,8.424425999999999704e+01
1.041597874286526348e+03,8.424425999999999704e+01
1.041467785863048448e+03,8.424425999999999704e+01
1.041602061278772453e+03,8.424425999999999704e+01
1.041604153882653463e+03,8.424425999999999704e+01
1.042135508225255762e+03,8.424425999999999704e+01
1.041740521902258706e+03,8.424425999999999704e+01
1.041874836069906223e+03,8.424425999999999704e+01
1.041876889921863722e+03,8.424425999999999704e+01
1.042143578942580916e+03,8.424425999999999704e+01
1.042013257941468737e+03,8.424425999999999704e+01
1.042147610861039993e+03,8.424425999999999704e+01
1.042149625961073980e+03,8.424425999999999704e+01
1.043212613120728747e+03,8.424425999999999704e+01
1.042285993980678995e+03,8.424425999999999704e+01
1.042420385652173991e+03,8.424425999999999704e+01
1.042422362000284011e+03,8.424425999999999704e+01
1.042689283598635484e+03,8.424425999999999704e+01
1.042558730019889026e+03,8.424425999999999704e+01
1.042693160443307761e+03,8.424425999999999704e+01
1.042695098039494042e+03,8.424425999999999704e+01
1.043227538361774805e+03,8.424425999999999704e+01
1.042831466059099057e+03,8.424425999999999704e+01
1.042965935234441531e+03,8.424425999999999704e+01
1.042967834078704072e+03,8.424425999999999704e+01
1.043234988254690052e+03,8.424425999999999704e+01
1.043104202098309088e+03,8.424425999999999704e+01
1.043238710025575529e+03,8.424425999999999704e+01
1.043240570117914331e+03,8.424425999999999704e+01
1.053229399999999941e+03,1.514327399999999955e+02
1.043376938137519346e+03,1.112275400000000047e+02
1.043511484816709299e+03,1.112275400000000047e+02
1.043513306157124362e+03,1.112275400000000047e+02
1.043780692910744619e+03,1.112275400000000047e+02
1.043649674176729604e+03,1.112275400000000047e+02
1.043784259607843069e+03,1.112275400000000047e+02
1.043786042196334620e+03,1.112275400000000047e+02
1.044319568498293393e+03,1.112275400000000047e+02
1.043922410215939635e+03,1.112275400000000047e+02
1.044057034398977066e+03,1.112275400000000047e+02
1.044058778235544651e+03,1.112275400000000047e+02
1.044326397566799187e+03,1.112275400000000047e+02
1.044195146255149666e+03,1.112275400000000047e+02
1.044329809190110836e+03,1.112275400000000047e+02
1.044331514274754682e+03,1.112275400000000047e+02
1.045399160933940720e+03,1.112275400000000047e+02
1.044467882294359697e+03,1.112275400000000047e+02
1.044602583981244607e+03,1.112275400000000047e+02
1.044604250313964712e+03,1.112275400000000047e+02
1.044872102222853755e+03,1.112275400000000047e+02
1.044740618333569955e+03,1.112275400000000047e+02
1.044875358772378604e+03,1.112275400000000047e+02
1.044876986353174971e+03,1.112275400000000047e+02
1.045411598634812208e+03,1.112275400000000047e+02
1.045013354372780213e+03,1.112275400000000047e+02
1.045148133563512374e+03,1.112275400000000047e+02
1.045149722392385229e+03,1.112275400000000047e+02
1.045417806878908323e+03,1.112275400000000047e+02
1.045286090411990244e+03,1.112275400000000047e+02
1.045420908354646144e+03,1.112275400000000047e+02
1.045422458431595260e+03,1.112275400000000047e+02
1.047565740273972551e+03,1.112275400000000047e+02
1.045558826451200275e+03,1.112275400000000047e+02
1.045693683145780142e+03,1.112275400000000047e+02
1.045695194470805291e+03,1.112275400000000047e+02
1.045963511534962890e+03,1.112275400000000047e+02
1.045831562490410306e+03,1.112275400000000047e+02
1.045966457936913912e+03,1.112275400000000047e+02
1.045967930510015321e+03,1.112275400000000047e+02
1.046503628771331023e+03,1.112275400000000047e+02
1.046104298529620337e+03,1.112275400000000047e+02
1.046239232728047682e+03,1.112275400000000047e+02
1.046240666549225580e+03,1.112275400000000047e+02
1.046509216191017458e+03,1.112275400000000047e+02
1.046377034568830595e+03,1.112275400000000047e+02
1.046512007519181680e+03,1.112275400000000047e+02
1.046513402588435838e+03,1.112275400000000047e+02
1.047585708747152694e+03,1.112275400000000047e+02
1.046649770608040853e+03,1.112275400000000047e+02
1.046784782310315450e+03,1.112275400000000047e+02
1.046786138627645869e+03,1.112275400000000047e+02
1.047054920847072026e+03,1.112275400000000047e+02
1.046922506647250884e+03,1.112275400000000047e+02
1.047057557101449220e+03,1.112275400000000047e+02
1.047058874666855900e+03,1.112275400000000047e+02
1.047595658907849611e+03,1.112275400000000047e+02
1.047195242686460915e+03,1.112275400000000047e+02
1.047330331892583217e+03,1.112275400000000047e+02
1.047331610706065931e+03,1.112275400000000047e+02
1.047600625503126594e+03,1.112275400000000047e+02
1.047467978725670946e+03,1.112275400000000047e+02
1.047603106683716987e+03,1.112275400000000047e+02
1.047604346745276189e+03,1.112275400000000047e+02
1.034031099999999924e+03,2.015061000000000035e+02
1.047740714764881204e+03,1.112275400000000047e+02
1.047875881474850758e+03,1.112275400000000047e+02
1.047877082784486220e+03,1.112275400000000047e+02
1.048146330159181161e+03,1.112275400000000047e+02
1.048013450804091462e+03,1.112275400000000047e+02
1.048148656265984755e+03,1.112275400000000047e+02
1.048149818823696478e+03,1.112275400000000047e+02
1.048687689044368653e+03,1.112275400000000047e+02
1.048286186843301493e+03,1.112275400000000047e+02
1.048421431057118525e+03,1.112275400000000047e+02
1.048422554862906509e+03,1.112275400000000047e+02
1.048692034815235729e+03,1.112275400000000047e+02
1.048558922882511524e+03,1.112275400000000047e+02
1.048694205848252295e+03,1.112275400000000047e+02
1.048695290902116540e+03,1.112275400000000047e+02
1.049772256560364440e+03,1.112275400000000047e+02
1.048831658921721555e+03,1.112275400000000047e+02
1.048966980639386293e+03,1.112275400000000047e+02
1.048968026941326571e+03,1.112275400000000047e+02
1.049237739471290297e+03,1.112275400000000047e+02
1.049104394960931813e+03,1.112275400000000047e+02
1.049239755430520063e+03,1.112275400000000047e+02
1.049240762980536829e+03,1.112275400000000047e+02
1.049779719180887241e+03,1.112275400000000047e+02
1.049377131000141844e+03,1.112275400000000047e+02
1.049512530221653833e+03,1.112275400000000047e+02
1.049513499019747087e+03,1.112275400000000047e+02
1.049783444127344865e+03,1.112275400000000047e+02
1.049649867039352102e+03,1.112275400000000047e+02
1.049785305012787830e+03,1.112275400000000047e+02
1.049786235058957118e+03,1.112275400000000047e+02
1.051948820136986342e+03,1.112275400000000047e+02
1.049922603078562133e+03,1.112275400000000047e+02
1.050058079803921601e+03,1.112275400000000047e+02
1.050058971098167149e+03,1.112275400000000047e+02
1.050329148783399432e+03,1.112275400000000047e+02
1.050195339117772164e+03,1.112275400000000047e+02
1.050330854595055371e+03,1.112275400000000047e+02
1.050331707137377180e+03,1.112275400000000047e+02
1.050871749317406056e+03,1.112275400000000047e+02
1.050468075156982195e+03,1.112275400000000047e+02
1.050603629386189368e+03,1.112275400000000047e+02
1.050604443176587438e+03,1.112275400000000047e+02
1.050874853439454000e+03,1.112275400000000047e+02
1.050740811196192453e+03,1.112275400000000047e+02
1.050876404177323138e+03,1.112275400000000047e+02
1.050877179215797469e+03,1.112275400000000047e+02
1.051958804373576186e+03,1.112275400000000047e+02
1.051013547235402712e+03,1.112275400000000047e+02
1.051149178968456908e+03,1.112275400000000047e+02
1.051149915255007727e+03,1.112275400000000047e+02
1.051420558095508568e+03,1.112275400000000047e+02
1.051286283274612742e+03,1.112275400000000047e+02
1.051421953759590906e+03,1.112275400000000047e+02
1.051422651294217758e+03,1.112275400000000047e+02
1.051963779453924872e+03,1.112275400000000047e+02
1.051559019313822773e+03,1.112275400000000047e+02
1.051694728550724676e+03,1.112275400000000047e+02
1.051695387333427789e+03,1.112275400000000047e+02
1.051966262751563136e+03,1.112275400000000047e+02
1.051831755353032804e+03,1.112275400000000047e+02
1.051967503341858446e+03,1.112275400000000047e+02
1.051968123372637820e+03,1.112275400000000047e+02
1.027643299999999954e+03,2.175596999999999923e+02
1.052104491392243062e+03,1.112275400000000047e+02
1.052240278132992444e+03,1.112275400000000047e+02
1.052240859411848078e+03,1.112275400000000047e+02
1.052511967407617703e+03,1.112275400000000047e+02
1.052377227431453321e+03,1.112275400000000047e+02
1.052513052924126214e+03,1.112275400000000047e+02
1.052513595451058336e+03,1.112275400000000047e+02
1.053055809590443459e+03,1.514327399999999955e+02
1.052649963470663351e+03,1.514327399999999955e+02
1.052785827715259984e+03,1.514327399999999955e+02
1.052786331490268367e+03,1.514327399999999955e+02
1.053057672063672499e+03,1.514327399999999955e+02
1.052922699509873382e+03,1.514327399999999955e+02
1.053058602506393981e+03,1.514327399999999955e+02
1.053059067529478398e+03,1.514327399999999955e+02
1.054145352186788159e+03,1.514327399999999955e+02
1.053195435549083413e+03,1.514327399999999955e+02
1.053331377297527752e+03,1.514327399999999955e+02
1.053331803568688429e+03,1.514327399999999955e+02
1.053603376719727066e+03,1.514327399999999955e+02
1.053468171588293444e+03,1.514327399999999955e+02
1.053604152088661522e+03,1.514327399999999955e+02
1.053604539607898687e+03,1.514327399999999955e+02
1.054147839726962502e+03,1.514327399999999955e+02
1.053740907627503702e+03,1.514327399999999955e+02
1.053876926879795519e+03,1.514327399999999955e+02
1.053877275647108945e+03,1.514327399999999955e+02
1.054149081375781634e+03,1.514327399999999955e+02
1.054013643666713961e+03,1.514327399999999955e+02
1.054149701670929289e+03,1.514327399999999955e+02
1.054150011686318976e+03,1.514327399999999955e+02
1.056331899999999905e+03,1.281353799999999978e+02
1.054286379705923991e+03,1.281353799999999978e+02
1.054422476462063059e+03,1.281353799999999978e+02
1.054422747725529007e+03,1.281353799999999978e+02
1.054694786031836202e+03,1.281353799999999978e+02
1.054559115745134022e+03,1.281353799999999978e+02
1.054695251253197057e+03,1.281353799999999978e+02
1.054695483764739038e+03,1.281353799999999978e+02
1.055239869863481090e+03,1.281353799999999978e+02
1.054831851784344053e+03,1.281353799999999978e+02
1.054968026044330600e+03,1.281353799999999978e+02
1.054968219803949296e+03,1.281353799999999978e+02
1.055240490687890770e+03,1.281353799999999978e+02
1.055104587823554311e+03,1.281353799999999978e+02
1.055240800835464597e+03,1.281353799999999978e+02
1.055240955843159327e+03,1.281353799999999978e+02
1.056331899999999905e+03,1.281353799999999978e+02
1.055377323862764570e+03,1.281353799999999978e+02
1.055513575626598595e+03,1.281353799999999978e+02
1.055513691882369585e+03,1.281353799999999978e+02
1.055786195343945337e+03,1.281353799999999978e+02
1.055650059901974601e+03,1.281353799999999978e+02
1.055786350417732137e+03,1.281353799999999978e+02
1.055786427921579616e+03,1.281353799999999978e+02
1.056331899999999905e+03,1.281353799999999978e+02
1.055922795941184631e+03,1.281353799999999978e+02
1.056059125208866135e+03,1.281353799999999978e+02
1.056059163960789647e+03,1.281353799999999978e+02
1.056331899999999905e+03,1.281353799999999978e+02
1.056195531980394662e+03,1.281353799999999978e+02
1.056331899999999905e+03,1.281353799999999978e+02
1.056331899999999905e+03,1.281353799999999978e+02
1.027643299999999954e+03,2.175596999999999923e+02
