4.531922599999999761e+02,4.165843499999999722e+02
4.531922599999999761e+02,4.165843499999999722e+02
4.532932130943504490e+02,4.165843499999999722e+02
4.531922599999999761e+02,4.165843499999999722e+02
4.533941661887008650e+02,4.165843499999999722e+02
4.533942241078599977e+02,4.165843499999999722e+02
4.534951192830513378e+02,4.165843499999999722e+02
4.531922599999999761e+02,4.165843499999999722e+02
4.535960723774017538e+02,4.165843499999999722e+02
4.535961882157200193e+02,4.165843499999999722e+02
4.536970254717522266e+02,4.165843499999999722e+02
4.535964200918484153e+02,4.165843499999999722e+02
4.537979785661026426e+02,4.165843499999999722e+02
4.537981523235799841e+02,4.165843499999999722e+02
4.538989316604531155e+02,4.165843499999999722e+02
4.531922599999999761e+02,4.165843499999999722e+02
4.539998847548035315e+02,4.144990199999999732e+02
4.540001164314400057e+02,4.144990199999999732e+02
4.541008378491540043e+02,4.144990199999999732e+02
4.540005801836968544e+02,4.144990199999999732e+02
4.542017909435044203e+02,4.165843499999999722e+02
4.542020805393000273e+02,4.165843499999999722e+02
4.543027440378548931e+02,4.165843499999999722e+02
4.540015092873562708e+02,4.144990199999999732e+02
4.544036971322053091e+02,4.165843499999999722e+02
4.544040446471600490e+02,4.165843499999999722e+02
4.545046502265557820e+02,4.165843499999999722e+02
4.544047402755453504e+02,4.165843499999999722e+02
4.546056033209061980e+02,4.165843499999999722e+02
4.546060087550200706e+02,4.165843499999999722e+02
4.547065564152566708e+02,4.165843499999999722e+02
4.531922599999999761e+02,4.165843499999999722e+02
4.548075095096070868e+02,4.165843499999999722e+02
4.548079728628800922e+02,4.165843499999999722e+02
4.549084626039575596e+02,4.165843499999999722e+02
4.548089003673937896e+02,4.165843499999999722e+02
4.550094156983079756e+02,4.165843499999999722e+02
4.550099369707400569e+02,4.165843499999999722e+02
4.551103687926584485e+02,4.165843499999999722e+02
4.548107585747126222e+02,4.165843499999999722e+02
4.552113218870088645e+02,4.165843499999999722e+02
4.552119010786000786e+02,4.165843499999999722e+02
4.553122749813593373e+02,4.165843499999999722e+02
4.552130604592422287e+02,4.165843499999999722e+02
4.554132280757097533e+02,4.165843499999999722e+02
4.554138651864601002e+02,4.165843499999999722e+02
4.555141811700602261e+02,4.165843499999999722e+02
4.548144878341013850e+02,4.165843499999999722e+02
4.556151342644106421e+02,4.166947000000000116e+02
4.556158292943201218e+02,4.166947000000000116e+02
4.557160873587611150e+02,4.166947000000000116e+02
4.556172205510906679e+02,4.166947000000000116e+02
4.558170404531115310e+02,4.166947000000000116e+02
4.558177934021801434e+02,4.166947000000000116e+02
4.559179935474620038e+02,4.166947000000000116e+02
4.556200078620689169e+02,4.166947000000000116e+02
4.560189466418124198e+02,4.166947000000000116e+02
4.560197575100401650e+02,4.166947000000000116e+02
4.561198997361628926e+02,4.166947000000000116e+02
4.560213806429391070e+02,4.166947000000000116e+02
4.562208528305133086e+02,4.166947000000000116e+02
4.562217216179001298e+02,4.166947000000000116e+02
4.563218059248637815e+02,4.166947000000000116e+02
6.352710600000000341e+02,2.068975800000000049e+02
4.564227590192141975e+02,4.166947000000000116e+02
4.564236857257601514e+02,4.166947000000000116e+02
4.565237121135646703e+02,4.166947000000000116e+02
4.564255407347876030e+02,4.166947000000000116e+02
4.566246652079150863e+02,4.166947000000000116e+02
4.566256498336201730e+02,4.166947000000000116e+02
4.567256183022655591e+02,4.166947000000000116e+02
4.564292571494252684e+02,4.166947000000000116e+02
4.568265713966159751e+02,4.166947000000000116e+02
4.568276139414801946e+02,4.166947000000000116e+02
4.569275244909664480e+02,4.166947000000000116e+02
4.568297008266360422e+02,4.166947000000000116e+02
4.570284775853168640e+02,4.166947000000000116e+02
4.570295780493402162e+02,4.166947000000000116e+02
4.571294306796673368e+02,4.166947000000000116e+02
4.564367156682027371e+02,4.166947000000000116e+02
4.572303837740177528e+02,4.166947000000000116e+02
4.572315421572001810e+02,4.166947000000000116e+02
4.573313368683682256e+02,4.166947000000000116e+02
4.572338609184844813e+02,4.166947000000000116e+02
4.574322899627186416e+02,4.166947000000000116e+02
4.574335062650602026e+02,4.166947000000000116e+02
4.575332430570691145e+02,4.166947000000000116e+02
4.572385064367815630e+02,4.166947000000000116e+02
4.576341961514195305e+02,4.166947000000000116e+02
4.576354703729202242e+02,4.166947000000000116e+02
4.577351492457700033e+02,4.166947000000000116e+02
4.576380210103329205e+02,4.166947000000000116e+02
4.578361023401204193e+02,4.166947000000000116e+02
4.578374344807802458e+02,4.166947000000000116e+02
4.579370554344708921e+02,4.166947000000000116e+02
4.564517362962962466e+02,4.166947000000000116e+02
4.580380085288213081e+02,4.140501699999999801e+02
4.580393985886402675e+02,4.140501699999999801e+02
4.581389616231717810e+02,4.140501699999999801e+02
4.580421811021813596e+02,4.140501699999999801e+02
4.582399147175221970e+02,4.140501699999999801e+02
4.582413626965002891e+02,4.140501699999999801e+02
4.583408678118726698e+02,4.140501699999999801e+02
4.580477557241379145e+02,4.140501699999999801e+02
4.584418209062230858e+02,4.140501699999999801e+02
4.584433268043602538e+02,4.140501699999999801e+02
4.585427740005735586e+02,4.140501699999999801e+02
4.584463411940297988e+02,4.140501699999999801e+02
4.586437270949239746e+02,4.140501699999999801e+02
4.586452909122202755e+02,4.140501699999999801e+02
4.587446801892744475e+02,4.140501699999999801e+02
4.580589435023041460e+02,4.140501699999999801e+02
4.588456332836248635e+02,4.140501699999999801e+02
4.588472550200802971e+02,4.140501699999999801e+02
4.589465863779753363e+02,4.140501699999999801e+02
4.588505012858782948e+02,4.140501699999999801e+02
4.590475394723257523e+02,4.140501699999999801e+02
4.590492191279403187e+02,4.140501699999999801e+02
4.591484925666762251e+02,4.140501699999999801e+02
4.588570050114942092e+02,4.140501699999999801e+02
4.592494456610266411e+02,4.140501699999999801e+02
4.592511832358003403e+02,4.140501699999999801e+02
4.593503987553771140e+02,4.140501699999999801e+02
4.592546613777267339e+02,4.140501699999999801e+02
4.594513518497275300e+02,4.140501699999999801e+02
4.594531473436603051e+02,4.140501699999999801e+02
4.595523049440780028e+02,4.140501699999999801e+02
6.352710600000000341e+02,2.068975800000000049e+02
4.596532580384284188e+02,4.088065199999999777e+02
4.596551114515203267e+02,4.088065199999999777e+02
4.597542111327788916e+02,4.088065199999999777e+02
4.596588214695751731e+02,4.088065199999999777e+02
4.598551642271293076e+02,4.088065199999999777e+02
4.598570755593803483e+02,4.088065199999999777e+02
4.599561173214797805e+02,4.088065199999999777e+02
4.596662542988505606e+02,4.088065199999999777e+02
4.600570704158301965e+02,4.088065199999999777e+02
4.600590396672403699e+02,4.088065199999999777e+02
4.601580235101806693e+02,4.088065199999999777e+02
4.600629815614236122e+02,4.088065199999999777e+02
4.602589766045310853e+02,4.088065199999999777e+02
4.602610037751003915e+02,4.088065199999999777e+02
4.603599296988815581e+02,4.088065199999999777e+02
4.596811713364054981e+02,4.088065199999999777e+02
4.604608827932319741e+02,4.088065199999999777e+02
4.604629678829604131e+02,4.088065199999999777e+02
4.605618358875824470e+02,4.088065199999999777e+02
4.604671416532720514e+02,4.088065199999999777e+02
4.606627889819328630e+02,4.088065199999999777e+02
4.606649319908203779e+02,4.088065199999999777e+02
4.607637420762833358e+02,4.088065199999999777e+02
4.604755035862068553e+02,4.088065199999999777e+02
4.608646951706337518e+02,4.088065199999999777e+02
4.608668960986803995e+02,4.088065199999999777e+02
4.609656482649842246e+02,4.088065199999999777e+02
4.608713017451205474e+02,4.088065199999999777e+02
4.610666013593346406e+02,4.088065199999999777e+02
4.610688602065404211e+02,4.088065199999999777e+02
4.611675544536851135e+02,4.088065199999999777e+02
4.597112125925925739e+02,4.088065199999999777e+02
4.612685075480355295e+02,4.088065199999999777e+02
4.612708243144004427e+02,4.088065199999999777e+02
4.613694606423860023e+02,4.088065199999999777e+02
4.612754618369689865e+02,4.088065199999999777e+02
4.614704137367364183e+02,4.088065199999999777e+02
4.614727884222604644e+02,4.088065199999999777e+02
4.615713668310868911e+02,4.088065199999999777e+02
4.612847528735632068e+02,4.088065199999999777e+02
4.616723199254373071e+02,4.088065199999999777e+02
4.616747525301204860e+02,4.088065199999999777e+02
4.617732730197877800e+02,4.088065199999999777e+02
4.616796219288174257e+02,4.088065199999999777e+02
4.618742261141381960e+02,4.088065199999999777e+02
4.618767166379804507e+02,4.088065199999999777e+02
4.619751792084886688e+02,4.088065199999999777e+02
4.613033991705069070e+02,4.088065199999999777e+02
4.620761323028390848e+02,4.088065199999999777e+02
4.620786807458404724e+02,4.088065199999999777e+02
4.621770853971895576e+02,4.088065199999999777e+02
4.620837820206658648e+02,4.088065199999999777e+02
4.622780384915399736e+02,4.088065199999999777e+02
4.622806448537004940e+02,4.088065199999999777e+02
4.623789915858904465e+02,4.088065199999999777e+02
4.620940021609195014e+02,4.088065199999999777e+02
4.624799446802408625e+02,4.088065199999999777e+02
4.624826089615605156e+02,4.088065199999999777e+02
4.625808977745913353e+02,4.088065199999999777e+02
4.624879421125143040e+02,4.088065199999999777e+02
4.626818508689417513e+02,4.088065199999999777e+02
4.626845730694205372e+02,4.088065199999999777e+02
4.627828039632922241e+02,4.088065199999999777e+02
6.352710600000000341e+02,2.068975800000000049e+02
4.628837570576426401e+02,4.083747599999999807e+02
4.628865371772805020e+02,4.083747599999999807e+02
4.629847101519931130e+02,4.083747599999999807e+02
4.628921022043628000e+02,4.083747599999999807e+02
4.630856632463435290e+02,4.083747599999999807e+02
4.630885012851405236e+02,4.083747599999999807e+02
4.631866163406940018e+02,4.083747599999999807e+02
4.629032514482758529e+02,4.083747599999999807e+02
4.632875694350444178e+02,4.083747599999999807e+02
4.632904653930005452e+02,4.083747599999999807e+02
4.633885225293948906e+02,4.083747599999999807e+02
4.632962622962112391e+02,4.083747599999999807e+02
4.634894756237453066e+02,4.083747599999999807e+02
4.634924295008605668e+02,4.083747599999999807e+02
4.635904287180957795e+02,4.083747599999999807e+02
4.629256270046082591e+02,4.083747599999999807e+02
4.636913818124461955e+02,4.083747599999999807e+02
4.636943936087205884e+02,4.083747599999999807e+02
4.637923349067966683e+02,4.083747599999999807e+02
4.637004223880596783e+02,4.083747599999999807e+02
4.638932880011470843e+02,4.083747599999999807e+02
4.638963577165806100e+02,4.083747599999999807e+02
4.639942410954975571e+02,4.083747599999999807e+02
4.637125007356321476e+02,4.083747599999999807e+02
4.640951941898479731e+02,4.083747599999999807e+02
4.640983218244405748e+02,4.083747599999999807e+02
4.641961472841984460e+02,4.083747599999999807e+02
4.641045824799081174e+02,4.083747599999999807e+02
4.642971003785488620e+02,4.083747599999999807e+02
4.643002859323005964e+02,4.083747599999999807e+02
4.643980534728993348e+02,4.083747599999999807e+02
4.629706888888888443e+02,4.083747599999999807e+02
4.644990065672497508e+02,4.083747599999999807e+02
4.645022500401606180e+02,4.083747599999999807e+02
4.645999596616002236e+02,4.083747599999999807e+02
4.645087425717565566e+02,4.083747599999999807e+02
4.647009127559506396e+02,4.083747599999999807e+02
4.647042141480206396e+02,4.083747599999999807e+02
4.648018658503011125e+02,4.083747599999999807e+02
4.645217500229884990e+02,4.083747599999999807e+02
4.649028189446515285e+02,4.083747599999999807e+02
4.649061782558806613e+02,4.083747599999999807e+02
4.650037720390020013e+02,4.083747599999999807e+02
4.649129026636050526e+02,4.083747599999999807e+02
4.651047251333524173e+02,4.083747599999999807e+02
4.651081423637406260e+02,4.083747599999999807e+02
4.652056782277028901e+02,4.083747599999999807e+02
4.645478548387096680e+02,4.083747599999999807e+02
4.653066313220533061e+02,4.083747599999999807e+02
4.653101064716006476e+02,4.083747599999999807e+02
4.654075844164037790e+02,4.083747599999999807e+02
4.653170627554534917e+02,4.083747599999999807e+02
4.655085375107541950e+02,4.083747599999999807e+02
4.655120705794606693e+02,4.083747599999999807e+02
4.656094906051046678e+02,4.083747599999999807e+02
4.653309993103447937e+02,4.083747599999999807e+02
4.657104436994550838e+02,4.083747599999999807e+02
4.657140346873206909e+02,4.083747599999999807e+02
4.658113967938055566e+02,4.083747599999999807e+02
4.657212228473019309e+02,4.083747599999999807e+02
4.659123498881559726e+02,4.083747599999999807e+02
4.659159987951807125e+02,4.083747599999999807e+02
4.660133029825064455e+02,4.083747599999999807e+02
6.352710600000000341e+02,2.068975800000000049e+02
4.661142560768568615e+02,4.083747599999999807e+02
4.661179629030407341e+02,4.083747599999999807e+02
4.662152091712073343e+02,4.083747599999999807e+02
4.661253829391503700e+02,4.083747599999999807e+02
4.663161622655577503e+02,4.083747599999999807e+02
4.663199270109006989e+02,4.083747599999999807e+02
4.664171153599082231e+02,4.083747599999999807e+02
4.661402485977011452e+02,4.083747599999999807e+02
4.665180684542586391e+02,4.083747599999999807e+02
4.665218911187607205e+02,4.083747599999999807e+02
4.666190215486091120e+02,4.083747599999999807e+02
4.665295430309988092e+02,4.083747599999999807e+02
4.667199746429595280e+02,4.083747599999999807e+02
4.667238552266207421e+02,4.083747599999999807e+02
4.668209277373100008e+02,4.083747599999999807e+02
4.661700826728110201e+02,4.083747599999999807e+02
4.669218808316604168e+02,4.083747599999999807e+02
4.669258193344807637e+02,4.083747599999999807e+02
4.670228339260108896e+02,4.083747599999999807e+02
4.669337031228473052e+02,4.083747599999999807e+02
4.671237870203613056e+02,4.083747599999999807e+02
4.671277834423407853e+02,4.083747599999999807e+02
4.672247401147117785e+02,4.083747599999999807e+02
4.669494978850574398e+02,4.083747599999999807e+02
4.673256932090621945e+02,4.083747599999999807e+02
4.673297475502008069e+02,4.083747599999999807e+02
4.674266463034126673e+02,4.083747599999999807e+02
4.673378632146957443e+02,4.083747599999999807e+02
4.675275993977630833e+02,4.083747599999999807e+02
4.675317116580607717e+02,4.083747599999999807e+02
4.676285524921135561e+02,4.083747599999999807e+02
4.662301651851851716e+02,4.083747599999999807e+02
4.677295055864639721e+02,4.083747599999999807e+02
4.677336757659207933e+02,4.083747599999999807e+02
4.678304586808144450e+02,4.083747599999999807e+02
4.677420233065441835e+02,4.083747599999999807e+02
4.679314117751648610e+02,4.083747599999999807e+02
4.679356398737808149e+02,4.083747599999999807e+02
4.680323648695153338e+02,4.083747599999999807e+02
4.677587471724137913e+02,4.083747599999999807e+02
4.681333179638657498e+02,4.083747599999999807e+02
4.681376039816408365e+02,4.083747599999999807e+02
4.682342710582162226e+02,4.083747599999999807e+02
4.681461833983926226e+02,4.083747599999999807e+02
4.683352241525666386e+02,4.083747599999999807e+02
4.683395680895008582e+02,4.083747599999999807e+02
4.684361772469171115e+02,4.083747599999999807e+02
4.677923105069124290e+02,4.083747599999999807e+02
4.685371303412675275e+02,4.083747599999999807e+02
4.685415321973608229e+02,4.083747599999999807e+02
4.686380834356180003e+02,4.083747599999999807e+02
4.685503434902410618e+02,4.083747599999999807e+02
4.687390365299684163e+02,4.083747599999999807e+02
4.687434963052208445e+02,4.083747599999999807e+02
4.688399896243188891e+02,4.083747599999999807e+02
4.685679964597700859e+02,4.083747599999999807e+02
4.689409427186693051e+02,4.083747599999999807e+02
4.689454604130808661e+02,4.083747599999999807e+02
4.690418958130197780e+02,4.083747599999999807e+02
4.689545035820895009e+02,4.083747599999999807e+02
4.691428489073701940e+02,4.083747599999999807e+02
4.691474245209408878e+02,4.083747599999999807e+02
4.692438020017206668e+02,4.083747599999999807e+02
6.179844000000000506e+02,2.261986100000000022e+02
4.693447550960710828e+02,3.979029499999999757e+02
4.693493886288009094e+02,3.979029499999999757e+02
4.694457081904215556e+02,3.979029499999999757e+02
4.693586636739379969e+02,3.979029499999999757e+02
4.695466612847719716e+02,3.979029499999999757e+02
4.695513527366609310e+02,3.979029499999999757e+02
4.696476143791224445e+02,3.979029499999999757e+02
4.693772457471264374e+02,3.979029499999999757e+02
4.697485674734728605e+02,3.979029499999999757e+02
4.697533168445208958e+02,3.979029499999999757e+02
4.698495205678233333e+02,3.979029499999999757e+02
4.697628237657864361e+02,3.979029499999999757e+02
4.699504736621737493e+02,3.979029499999999757e+02
4.699552809523809174e+02,3.979029499999999757e+02
4.700514267565242221e+02,3.979029499999999757e+02
4.694145383410137811e+02,3.979029499999999757e+02
4.701523798508746381e+02,3.979029499999999757e+02
4.701572450602409390e+02,3.979029499999999757e+02
4.702533329452251110e+02,3.979029499999999757e+02
4.701669838576348752e+02,3.979029499999999757e+02
4.703542860395755270e+02,3.979029499999999757e+02
4.703592091681009606e+02,3.979029499999999757e+02
4.704552391339259998e+02,3.979029499999999757e+02
4.701864950344827321e+02,3.979029499999999757e+02
4.705561922282764158e+02,3.979029499999999757e+02
4.705611732759609822e+02,3.979029499999999757e+02
4.706571453226268886e+02,3.979029499999999757e+02
4.705711439494833144e+02,3.979029499999999757e+02
4.707580984169773046e+02,3.979029499999999757e+02
4.707631373838210038e+02,3.979029499999999757e+02
4.708590515113277775e+02,3.979029499999999757e+02
4.694896414814814420e+02,3.979029499999999757e+02
4.709600046056781935e+02,3.979029499999999757e+02
4.709651014916809686e+02,3.979029499999999757e+02
4.710609577000286663e+02,3.979029499999999757e+02
4.709753040413317535e+02,3.979029499999999757e+02
4.711619107943790823e+02,3.979029499999999757e+02
4.711670655995409902e+02,3.979029499999999757e+02
4.712628638887295551e+02,3.979029499999999757e+02
4.709957443218390836e+02,3.979029499999999757e+02
4.713638169830799711e+02,3.979029499999999757e+02
4.713690297074010118e+02,3.979029499999999757e+02
4.714647700774304440e+02,3.979029499999999757e+02
4.713794641331802495e+02,3.979029499999999757e+02
4.715657231717808600e+02,3.979029499999999757e+02
4.715709938152610334e+02,3.979029499999999757e+02
4.716666762661313328e+02,3.979029499999999757e+02
4.710367661751151900e+02,3.979029499999999757e+02
4.717676293604817488e+02,3.979029499999999757e+02
4.717729579231210550e+02,3.979029499999999757e+02
4.718685824548322216e+02,3.979029499999999757e+02
4.717836242250286887e+02,3.979029499999999757e+02
4.719695355491826376e+02,3.979029499999999757e+02
4.719749220309810198e+02,3.979029499999999757e+02
4.720704886435331105e+02,3.979029499999999757e+02
4.718049936091953782e+02,3.979029499999999757e+02
4.721714417378835265e+02,3.979029499999999757e+02
4.721768861388410414e+02,3.979029499999999757e+02
4.722723948322339993e+02,3.979029499999999757e+02
4.721877843168771278e+02,3.979029499999999757e+02
4.723733479265844153e+02,3.979029499999999757e+02
4.723788502467010630e+02,3.979029499999999757e+02
4.724743010209348881e+02,3.979029499999999757e+02
5.983945300000000316e+02,2.501948199999999929e+02
4.725752541152853041e+02,3.979029499999999757e+02
4.725808143545610847e+02,3.979029499999999757e+02
4.726762072096357770e+02,3.979029499999999757e+02
4.725919444087255670e+02,3.979029499999999757e+02
4.727771603039861930e+02,3.979029499999999757e+02
4.727827784624211063e+02,3.979029499999999757e+02
4.728781133983366658e+02,3.979029499999999757e+02
4.726142428965516729e+02,3.979029499999999757e+02
4.729790664926870818e+02,3.979029499999999757e+02
4.729847425702811279e+02,3.979029499999999757e+02
4.730800195870375546e+02,3.979029499999999757e+02
4.729961045005740061e+02,3.979029499999999757e+02
4.731809726813879706e+02,3.979029499999999757e+02
4.731867066781410927e+02,3.979029499999999757e+02
4.732819257757384435e+02,3.979029499999999757e+02
4.726589940092165421e+02,3.979029499999999757e+02
4.733828788700888595e+02,3.979029499999999757e+02
4.733886707860011143e+02,3.979029499999999757e+02
4.734838319644393323e+02,3.979029499999999757e+02
4.734002645924225021e+02,3.979029499999999757e+02
4.735847850587897483e+02,3.979029499999999757e+02
4.735906348938611359e+02,3.979029499999999757e+02
4.736857381531402211e+02,3.979029499999999757e+02
4.734234921839080243e+02,3.979029499999999757e+02
4.737866912474906371e+02,3.979492200000000253e+02
4.737925990017211575e+02,3.979492200000000253e+02
4.738876443418411100e+02,3.979492200000000253e+02
4.738044246842709413e+02,3.979492200000000253e+02
4.739885974361915260e+02,3.979492200000000253e+02
4.739945631095811791e+02,3.979492200000000253e+02
4.740895505305419988e+02,3.979492200000000253e+02
4.727491177777777693e+02,3.979029499999999757e+02
4.741905036248924148e+02,3.979492200000000253e+02
4.741965272174411439e+02,3.979492200000000253e+02
4.742914567192428876e+02,3.979492200000000253e+02
4.742085847761193804e+02,3.979492200000000253e+02
4.743924098135933036e+02,3.979492200000000253e+02
4.743984913253011655e+02,3.979492200000000253e+02
4.744933629079437765e+02,3.979492200000000253e+02
4.742327414712643190e+02,3.979492200000000253e+02
4.745943160022941925e+02,3.979492200000000253e+02
4.746004554331611871e+02,3.979492200000000253e+02
4.746952690966446653e+02,3.979492200000000253e+02
4.746127448679678196e+02,3.979492200000000253e+02
4.747962221909950813e+02,3.979492200000000253e+02
4.748024195410212087e+02,3.979492200000000253e+02
4.748971752853455541e+02,3.979492200000000253e+02
4.742812218433179510e+02,3.979492200000000253e+02
4.749981283796959701e+02,3.979492200000000253e+02
4.750043836488812303e+02,3.979492200000000253e+02
4.750990814740464430e+02,3.979492200000000253e+02
4.750169049598162587e+02,3.979492200000000253e+02
4.752000345683968590e+02,3.979492200000000253e+02
4.752063477567412519e+02,3.979492200000000253e+02
4.753009876627473318e+02,3.979492200000000253e+02
4.750419907586206705e+02,3.979492200000000253e+02
4.754019407570977478e+02,3.979492200000000253e+02
4.754083118646012167e+02,3.979492200000000253e+02
4.755028938514482206e+02,3.979492200000000253e+02
4.754210650516647547e+02,3.979492200000000253e+02
4.756038469457986366e+02,3.979492200000000253e+02
4.756102759724612383e+02,3.979492200000000253e+02
4.757048000401491095e+02,3.979492200000000253e+02
5.773832999999999629e+02,2.778571800000000280e+02
4.758057531344995255e+02,3.979492200000000253e+02
4.758122400803212599e+02,3.979492200000000253e+02
4.759067062288499983e+02,3.979492200000000253e+02
4.758252251435131939e+02,3.979492200000000253e+02
4.760076593232004143e+02,3.979492200000000253e+02
4.760142041881812816e+02,3.979492200000000253e+02
4.761086124175508871e+02,3.979492200000000253e+02
4.758512400459769651e+02,3.979492200000000253e+02
4.762095655119013031e+02,3.979492200000000253e+02
4.762161682960413032e+02,3.979492200000000253e+02
4.763105186062517760e+02,3.979492200000000253e+02
4.762293852353616330e+02,3.979492200000000253e+02
4.764114717006021920e+02,3.979492200000000253e+02
4.764181324039012679e+02,3.979492200000000253e+02
4.765124247949526648e+02,3.979492200000000253e+02
4.759034496774193030e+02,3.979492200000000253e+02
4.766133778893030808e+02,3.979492200000000253e+02
4.766200965117612895e+02,3.979492200000000253e+02
4.767143309836535536e+02,3.979492200000000253e+02
4.766335453272100722e+02,3.979492200000000253e+02
4.768152840780039696e+02,3.979492200000000253e+02
4.768220606196213112e+02,3.979492200000000253e+02
4.769162371723544425e+02,3.979492200000000253e+02
4.766604893333333166e+02,3.979492200000000253e+02
4.770171902667048585e+02,3.979492200000000253e+02
4.770240247274813328e+02,3.979492200000000253e+02
4.771181433610553313e+02,3.979492200000000253e+02
4.770377054190585113e+02,3.979492200000000253e+02
4.772190964554057473e+02,3.979492200000000253e+02
4.772259888353413544e+02,3.979492200000000253e+02
4.773200495497562201e+02,3.979492200000000253e+02
4.760085940740740398e+02,3.979492200000000253e+02
4.774210026441066361e+02,3.979492200000000253e+02
4.774279529432013760e+02,3.979492200000000253e+02
4.775219557384571090e+02,3.979492200000000253e+02
4.774418655109069505e+02,3.979492200000000253e+02
4.776229088328075250e+02,3.979492200000000253e+02
4.776299170510613408e+02,3.979492200000000253e+02
4.777238619271579978e+02,3.979492200000000253e+02
4.774697386206896113e+02,3.979492200000000253e+02
4.778248150215084138e+02,3.979492200000000253e+02
4.778318811589213624e+02,3.979492200000000253e+02
4.779257681158588866e+02,3.979492200000000253e+02
4.778460256027554465e+02,3.979492200000000253e+02
4.780267212102093026e+02,3.979492200000000253e+02
4.780338452667813840e+02,3.979492200000000253e+02
4.781276743045597755e+02,3.979492200000000253e+02
4.775256775115207120e+02,3.979492200000000253e+02
4.782286273989101915e+02,3.979492200000000253e+02
4.782358093746414056e+02,3.979492200000000253e+02
4.783295804932606643e+02,3.979492200000000253e+02
4.782501856946038856e+02,3.979492200000000253e+02
4.784305335876110803e+02,3.979492200000000253e+02
4.784377734825014272e+02,3.979492200000000253e+02
4.785314866819615531e+02,3.979492200000000253e+02
4.782789879080459627e+02,3.979492200000000253e+02
4.786324397763119691e+02,3.979492200000000253e+02
4.786397375903614488e+02,3.979492200000000253e+02
4.787333928706624420e+02,3.979492200000000253e+02
4.786543457864523248e+02,3.979492200000000253e+02
4.788343459650128580e+02,3.979492200000000253e+02
4.788417016982214136e+02,3.979492200000000253e+02
4.789352990593633308e+02,3.979492200000000253e+02
5.542140500000000429e+02,3.062753999999999905e+02
4.790362521537137468e+02,3.979492200000000253e+02
4.790436658060814352e+02,3.979492200000000253e+02
4.791372052480642196e+02,3.979492200000000253e+02
4.790585058783007639e+02,3.979492200000000253e+02
4.792381583424146356e+02,3.979492200000000253e+02
4.792456299139414568e+02,3.979492200000000253e+02
4.793391114367651085e+02,3.979492200000000253e+02
4.790882371954022574e+02,3.979492200000000253e+02
4.794400645311155245e+02,3.979492200000000253e+02
4.794475940218014784e+02,3.979492200000000253e+02
4.795410176254659973e+02,3.979492200000000253e+02
4.794626659701492031e+02,3.979492200000000253e+02
4.796419707198164133e+02,3.979492200000000253e+02
4.796495581296615001e+02,3.979492200000000253e+02
4.797429238141668861e+02,3.979492200000000253e+02
4.791479053456221209e+02,3.979492200000000253e+02
4.798438769085173021e+02,3.979492200000000253e+02
4.798515222375215217e+02,3.979492200000000253e+02
4.799448300028677750e+02,3.979492200000000253e+02
4.798668260619976991e+02,3.979492200000000253e+02
4.800457830972181910e+02,3.979492200000000253e+02
4.800534863453814864e+02,3.979492200000000253e+02
4.801467361915686638e+02,3.979492200000000253e+02
4.798974864827586089e+02,3.979492200000000253e+02
4.802476892859190798e+02,3.979492200000000253e+02
4.802554504532415081e+02,3.979492200000000253e+02
4.803486423802695526e+02,3.979492200000000253e+02
4.802709861538461382e+02,3.979492200000000253e+02
4.804495954746199686e+02,3.979492200000000253e+02
4.804574145611015297e+02,3.979492200000000253e+02
4.805505485689704415e+02,3.979492200000000253e+02
4.792680703703703671e+02,3.979492200000000253e+02
4.806515016633208575e+02,3.979492200000000253e+02
4.806593786689615513e+02,3.979492200000000253e+02
4.807524547576713303e+02,3.979492200000000253e+02
4.806751462456945774e+02,3.979492200000000253e+02
4.808534078520217463e+02,3.979492200000000253e+02
4.808613427768215729e+02,3.979492200000000253e+02
4.809543609463722191e+02,3.979492200000000253e+02
4.807067357701149035e+02,3.979492200000000253e+02
4.810553140407226351e+02,3.979492200000000253e+02
4.810633068846815377e+02,3.979492200000000253e+02
4.811562671350731080e+02,3.979492200000000253e+02
4.810793063375430165e+02,3.979492200000000253e+02
4.812572202294235240e+02,3.979492200000000253e+02
4.812652709925415593e+02,3.979492200000000253e+02
4.813581733237739968e+02,3.979492200000000253e+02
4.807701331797234729e+02,3.979492200000000253e+02
4.814591264181244128e+02,3.979492200000000253e+02
4.814672351004015809e+02,3.979492200000000253e+02
4.815600795124748856e+02,3.979492200000000253e+02
4.814834664293914557e+02,3.979492200000000253e+02
4.816610326068253016e+02,3.979492200000000253e+02
4.816691992082616025e+02,3.979492200000000253e+02
4.817619857011757745e+02,3.979492200000000253e+02
4.815159850574712550e+02,3.979492200000000253e+02
4.818629387955261905e+02,3.979492200000000253e+02
4.818711633161216241e+02,3.979492200000000253e+02
4.819638918898766633e+02,3.979492200000000253e+02
4.818876265212399517e+02,3.979492200000000253e+02
4.820648449842270793e+02,3.979492200000000253e+02
4.820731274239816457e+02,3.979492200000000253e+02
4.821657980785775521e+02,3.979492200000000253e+02
5.301824299999999539e+02,3.344230999999999767e+02
4.822667511729279681e+02,3.818623000000000047e+02
4.822750915318416105e+02,3.818623000000000047e+02
4.823677042672784410e+02,3.818623000000000047e+02
4.822917866130883908e+02,3.818623000000000047e+02
4.824686573616288570e+02,3.818623000000000047e+02
4.824770556397016321e+02,3.818623000000000047e+02
4.825696104559793298e+02,3.818623000000000047e+02
4.823252343448275496e+02,3.818623000000000047e+02
4.826705635503297458e+02,3.818623000000000047e+02
4.826790197475616537e+02,3.818623000000000047e+02
4.827715166446802186e+02,3.818623000000000047e+02
4.826959467049368300e+02,3.818623000000000047e+02
4.828724697390306346e+02,3.818623000000000047e+02
4.828809838554216753e+02,3.818623000000000047e+02
4.829734228333811075e+02,3.818623000000000047e+02
4.823923610138248819e+02,3.818623000000000047e+02
4.830743759277315235e+02,3.818623000000000047e+02
4.830829479632816970e+02,3.818623000000000047e+02
4.831753290220819963e+02,3.818623000000000047e+02
4.831001067967852691e+02,3.818623000000000047e+02
4.832762821164324123e+02,3.818623000000000047e+02
4.832849120711416617e+02,3.818623000000000047e+02
4.833772352107828851e+02,3.818623000000000047e+02
4.831344836321839011e+02,3.818623000000000047e+02
4.834781883051333011e+02,3.818623000000000047e+02
4.834868761790016833e+02,3.818623000000000047e+02
4.835791413994837740e+02,3.818623000000000047e+02
4.835042668886337083e+02,3.818623000000000047e+02
4.836800944938341900e+02,3.818623000000000047e+02
4.836888402868617050e+02,3.818623000000000047e+02
4.837810475881846628e+02,3.818623000000000047e+02
4.825275466666666375e+02,3.818623000000000047e+02
4.838820006825350788e+02,3.818623000000000047e+02
4.838908043947217266e+02,3.818623000000000047e+02
4.839829537768855516e+02,3.818623000000000047e+02
4.839084269804822043e+02,3.818623000000000047e+02
4.840839068712359676e+02,3.818623000000000047e+02
4.840927685025817482e+02,3.818623000000000047e+02
4.841848599655864405e+02,3.818623000000000047e+02
4.839437329195401958e+02,3.818623000000000047e+02
4.842858130599368565e+02,3.818623000000000047e+02
4.842947326104417698e+02,3.818623000000000047e+02
4.843867661542873293e+02,3.818623000000000047e+02
4.843125870723306434e+02,3.818623000000000047e+02
4.844877192486377453e+02,3.818623000000000047e+02
4.844966967183017346e+02,3.818623000000000047e+02
4.845886723429882181e+02,3.818623000000000047e+02
4.840145888479262339e+02,3.818623000000000047e+02
4.846896254373386341e+02,3.818623000000000047e+02
4.846986608261617562e+02,3.818623000000000047e+02
4.847905785316891070e+02,3.818623000000000047e+02
4.847167471641790826e+02,3.818623000000000047e+02
4.848915316260395230e+02,3.818623000000000047e+02
4.849006249340217778e+02,3.818623000000000047e+02
4.849924847203899958e+02,3.818623000000000047e+02
4.847529822068965473e+02,3.818623000000000047e+02
4.850934378147404118e+02,3.818623000000000047e+02
4.851025890418817994e+02,3.818623000000000047e+02
4.851943909090908846e+02,3.818623000000000047e+02
4.851209072560275217e+02,3.818623000000000047e+02
4.852953440034413006e+02,3.818623000000000047e+02
4.853045531497418210e+02,3.818623000000000047e+02
4.853962970977917735e+02,3.818623000000000047e+02
5.077272300000000200e+02,3.599076000000000022e+02
4.854972501921422463e+02,3.818623000000000047e+02
4.855065172576017858e+02,3.818623000000000047e+02
4.855982032864926623e+02,3.818623000000000047e+02
4.855250673478759609e+02,3.818623000000000047e+02
4.856991563808430783e+02,3.818623000000000047e+02
4.857084813654618074e+02,3.818623000000000047e+02
4.858001094751935511e+02,3.818623000000000047e+02
4.855622314942528419e+02,3.818623000000000047e+02
4.859010625695440240e+02,3.818623000000000047e+02
4.859104454733218290e+02,3.818623000000000047e+02
4.860020156638944400e+02,3.818623000000000047e+02
4.859292274397244000e+02,3.818623000000000047e+02
4.861029687582448560e+02,3.818623000000000047e+02
4.861124095811818506e+02,3.818623000000000047e+02
4.862039218525953288e+02,3.818623000000000047e+02
4.856368166820276429e+02,3.818623000000000047e+02
4.863048749469458016e+02,3.818623000000000047e+02
4.863143736890418722e+02,3.818623000000000047e+02
4.864058280412962176e+02,3.818623000000000047e+02
4.863333875315728960e+02,3.818623000000000047e+02
4.865067811356466336e+02,3.818623000000000047e+02
4.865163377969018939e+02,3.818623000000000047e+02
4.866077342299971065e+02,3.818623000000000047e+02
4.863714807816091934e+02,3.818623000000000047e+02
4.867086873243475793e+02,3.818623000000000047e+02
4.867183019047618586e+02,3.818623000000000047e+02
4.868096404186979953e+02,3.818623000000000047e+02
4.867375476234213352e+02,3.818623000000000047e+02
4.869105935130484113e+02,3.818623000000000047e+02
4.869202660126218802e+02,3.818623000000000047e+02
4.870115466073988841e+02,3.818623000000000047e+02
4.857870229629629648e+02,3.818623000000000047e+02
4.871124997017493570e+02,3.818623000000000047e+02
4.871222301204819018e+02,3.818623000000000047e+02
4.872134527960997730e+02,3.818623000000000047e+02
4.871417077152697743e+02,3.818623000000000047e+02
4.873144058904501890e+02,3.818623000000000047e+02
4.873241942283419235e+02,3.818623000000000047e+02
4.874153589848006618e+02,3.818623000000000047e+02
4.871807300689654880e+02,3.818623000000000047e+02
4.875163120791511346e+02,3.818623000000000047e+02
4.875261583362019451e+02,3.818623000000000047e+02
4.876172651735015506e+02,3.818623000000000047e+02
4.875458678071182135e+02,3.818623000000000047e+02
4.877182182678519666e+02,3.818623000000000047e+02
4.877281224440619098e+02,3.818623000000000047e+02
4.878191713622024395e+02,3.818623000000000047e+02
4.872590445161289949e+02,3.818623000000000047e+02
4.879201244565529123e+02,3.818623000000000047e+02
4.879300865519219315e+02,3.818623000000000047e+02
4.880210775509033283e+02,3.818623000000000047e+02
4.879500278989667095e+02,3.818623000000000047e+02
4.881220306452537443e+02,3.818623000000000047e+02
4.881320506597819531e+02,3.818623000000000047e+02
4.882229837396042171e+02,3.818623000000000047e+02
4.879899793563218395e+02,3.818623000000000047e+02
4.883239368339546900e+02,3.818623000000000047e+02
4.883340147676419747e+02,3.818623000000000047e+02
4.884248899283051060e+02,3.818623000000000047e+02
4.883541879908151486e+02,3.818623000000000047e+02
4.885258430226555220e+02,3.818623000000000047e+02
4.885359788755019963e+02,3.818623000000000047e+02
4.886267961170059948e+02,3.818623000000000047e+02
4.881902499999999918e+02,3.818623000000000047e+02
4.887277492113564676e+02,3.818623000000000047e+02
4.887379429833620179e+02,3.818623000000000047e+02
4.888287023057068836e+02,3.818623000000000047e+02
4.887583480826635878e+02,3.818623000000000047e+02
4.889296554000572996e+02,3.818623000000000047e+02
4.889399070912220395e+02,3.818623000000000047e+02
4.890306084944077725e+02,3.818623000000000047e+02
4.887992286436781342e+02,3.818623000000000047e+02
4.891315615887582453e+02,3.818623000000000047e+02
4.891418711990820043e+02,3.818623000000000047e+02
4.892325146831086613e+02,3.818623000000000047e+02
4.891625081745120269e+02,3.818623000000000047e+02
4.893334677774590773e+02,3.818623000000000047e+02
4.893438353069420259e+02,3.818623000000000047e+02
4.894344208718095501e+02,3.818623000000000047e+02
4.888812723502304038e+02,3.818623000000000047e+02
4.895353739661600230e+02,3.818623000000000047e+02
4.895457994148020475e+02,3.818623000000000047e+02
4.896363270605104390e+02,3.818623000000000047e+02
4.895666682663604661e+02,3.818623000000000047e+02
4.897372801548608550e+02,3.818623000000000047e+02
4.897477635226620691e+02,3.818623000000000047e+02
4.898382332492113278e+02,3.818623000000000047e+02
4.896084779310344857e+02,3.818623000000000047e+02
4.899391863435618006e+02,3.818623000000000047e+02
4.899497276305220907e+02,3.818623000000000047e+02
4.900401394379122166e+02,3.818623000000000047e+02
4.899708283582089052e+02,3.818623000000000047e+02
4.901410925322626326e+02,3.818623000000000047e+02
4.901516917383820555e+02,3.818623000000000047e+02
4.902420456266131055e+02,3.818623000000000047e+02
4.890464992592592353e+02,3.818623000000000047e+02
4.903429987209635783e+02,3.818623000000000047e+02
4.903536558462420771e+02,3.818623000000000047e+02
4.904439518153139943e+02,3.818623000000000047e+02
4.903749884500574012e+02,3.818623000000000047e+02
4.905449049096644103e+02,3.818623000000000047e+02
4.905556199541020987e+02,3.818623000000000047e+02
4.906458580040148831e+02,3.818623000000000047e+02
4.904177272183907803e+02,3.818623000000000047e+02
4.907468110983653560e+02,3.818623000000000047e+02
4.907575840619621204e+02,3.818623000000000047e+02
4.908477641927157720e+02,3.818623000000000047e+02
4.907791485419058404e+02,3.818623000000000047e+02
4.909487172870661880e+02,3.818623000000000047e+02
4.909595481698221420e+02,3.818623000000000047e+02
4.910496703814166608e+02,3.818623000000000047e+02
4.905035001843317559e+02,3.818623000000000047e+02
4.911506234757671336e+02,3.818623000000000047e+02
4.911615122776821636e+02,3.818623000000000047e+02
4.912515765701175496e+02,3.818623000000000047e+02
4.911833086337542795e+02,3.818623000000000047e+02
4.913525296644679656e+02,3.818623000000000047e+02
4.913634763855421284e+02,3.818623000000000047e+02
4.914534827588184385e+02,3.818623000000000047e+02
4.912269765057470750e+02,3.818623000000000047e+02
4.915544358531689113e+02,3.818623000000000047e+02
4.915654404934021500e+02,3.818623000000000047e+02
4.916553889475193273e+02,3.818623000000000047e+02
4.915874687256027187e+02,3.818623000000000047e+02
4.917563420418697433e+02,3.818623000000000047e+02
4.917674046012621716e+02,3.818623000000000047e+02
4.918572951362202161e+02,3.818623000000000047e+02
4.736570399999999950e+02,3.979029499999999757e+02
4.919582482305706890e+02,3.791711399999999799e+02
4.919693687091221932e+02,3.791711399999999799e+02
4.920592013249211050e+02,3.791711399999999799e+02
4.919916288174511578e+02,3.791711399999999799e+02
4.921601544192715778e+02,3.791711399999999799e+02
4.921713328169822148e+02,3.791711399999999799e+02
4.922611075136219938e+02,3.791711399999999799e+02
4.920362257931034264e+02,3.791711399999999799e+02
4.923620606079724666e+02,3.791711399999999799e+02
4.923732969248421796e+02,3.791711399999999799e+02
4.924630137023228826e+02,3.791711399999999799e+02
4.923957889092996538e+02,3.791711399999999799e+02
4.925639667966733555e+02,3.791711399999999799e+02
4.925752610327022012e+02,3.791711399999999799e+02
4.926649198910237715e+02,3.791711399999999799e+02
4.921257280184331648e+02,3.791711399999999799e+02
4.927658729853742443e+02,3.791711399999999799e+02
4.927772251405622228e+02,3.791711399999999799e+02
4.928668260797246603e+02,3.791711399999999799e+02
4.927999490011480930e+02,3.791711399999999799e+02
4.929677791740751331e+02,3.791711399999999799e+02
4.929791892484222444e+02,3.791711399999999799e+02
4.930687322684255491e+02,3.791711399999999799e+02
4.928454750804597779e+02,3.791711399999999799e+02
4.931696853627760220e+02,3.791711399999999799e+02
4.931811533562822660e+02,3.791711399999999799e+02
4.932706384571264380e+02,3.791711399999999799e+02
4.932041090929965321e+02,3.791711399999999799e+02
4.933715915514769108e+02,3.791711399999999799e+02
4.933831174641422876e+02,3.791711399999999799e+02
4.934725446458273268e+02,3.791711399999999799e+02
4.923059755555555057e+02,3.791711399999999799e+02
4.935734977401777996e+02,3.791711399999999799e+02
4.935850815720022524e+02,3.791711399999999799e+02
4.936744508345282156e+02,3.791711399999999799e+02
4.936082691848449713e+02,3.791711399999999799e+02
4.937754039288786885e+02,3.791711399999999799e+02
4.937870456798622740e+02,3.791711399999999799e+02
4.938763570232291045e+02,3.791711399999999799e+02
4.936547243678160726e+02,3.791711399999999799e+02
4.939773101175795773e+02,3.791711399999999799e+02
4.939890097877222956e+02,3.791711399999999799e+02
4.940782632119299933e+02,3.791711399999999799e+02
4.940124292766934104e+02,3.791711399999999799e+02
4.941792163062804661e+02,3.791711399999999799e+02
4.941909738955823173e+02,3.791711399999999799e+02
4.942801694006308821e+02,3.791711399999999799e+02
4.937479558525345169e+02,3.791711399999999799e+02
4.943811224949813550e+02,3.791711399999999799e+02
4.943929380034423389e+02,3.791711399999999799e+02
4.944820755893317710e+02,3.791711399999999799e+02
4.944165893685418496e+02,3.791711399999999799e+02
4.945830286836822438e+02,3.791711399999999799e+02
4.945949021113023036e+02,3.791711399999999799e+02
4.946839817780326598e+02,3.791711399999999799e+02
4.944639736551723672e+02,3.791711399999999799e+02
4.947849348723831326e+02,3.791711399999999799e+02
4.947968662191623253e+02,3.791711399999999799e+02
4.948858879667335486e+02,3.791711399999999799e+02
4.948207494603903456e+02,3.791711399999999799e+02
4.949868410610840215e+02,3.791711399999999799e+02
4.949988303270223469e+02,3.791711399999999799e+02
4.950877941554344375e+02,3.791711399999999799e+02
4.635428499999999872e+02,4.083747599999999807e+02
4.951887472497849103e+02,3.791711399999999799e+02
4.952007944348823685e+02,3.791711399999999799e+02
4.952897003441353263e+02,3.791711399999999799e+02
4.952249095522387847e+02,3.791711399999999799e+02
4.953906534384857991e+02,3.791711399999999799e+02
4.954027585427423901e+02,3.791711399999999799e+02
4.954916065328362151e+02,3.791711399999999799e+02
4.952732229425287187e+02,3.791711399999999799e+02
4.955925596271866880e+02,3.791711399999999799e+02
4.956047226506024117e+02,3.791711399999999799e+02
4.956935127215371040e+02,3.791711399999999799e+02
4.956290696440872239e+02,3.791711399999999799e+02
4.957944658158875768e+02,3.791711399999999799e+02
4.958066867584623765e+02,3.791711399999999799e+02
4.958954189102379928e+02,3.791711399999999799e+02
4.953701836866359258e+02,3.791711399999999799e+02
4.959963720045884656e+02,3.791711399999999799e+02
4.960086508663223981e+02,3.791711399999999799e+02
4.960973250989388816e+02,3.791711399999999799e+02
4.960332297359356630e+02,3.791711399999999799e+02
4.961982781932893545e+02,3.791711399999999799e+02
4.962106149741824197e+02,3.791711399999999799e+02
4.962992312876397705e+02,3.791711399999999799e+02
4.960824722298850133e+02,3.791711399999999799e+02
4.964001843819902433e+02,3.791711399999999799e+02
4.964125790820424413e+02,3.791711399999999799e+02
4.965011374763406593e+02,3.791711399999999799e+02
4.964373898277841590e+02,3.791711399999999799e+02
4.966020905706911321e+02,3.791711399999999799e+02
4.966145431899024629e+02,3.791711399999999799e+02
4.967030436650415481e+02,3.791711399999999799e+02
4.955654518518518330e+02,3.791711399999999799e+02
4.968039967593920210e+02,3.791711399999999799e+02
4.968165072977624277e+02,3.791711399999999799e+02
4.969049498537424370e+02,3.791711399999999799e+02
4.968415499196325982e+02,3.791711399999999799e+02
4.970059029480929098e+02,3.791711399999999799e+02
4.970184714056224493e+02,3.791711399999999799e+02
4.971068560424433258e+02,3.791711399999999799e+02
4.968917215172413648e+02,3.791711399999999799e+02
4.972078091367937986e+02,3.791711399999999799e+02
4.972204355134824709e+02,3.791711399999999799e+02
4.973087622311442146e+02,3.791711399999999799e+02
4.972457100114810373e+02,3.791711399999999799e+02
4.974097153254946875e+02,3.791711399999999799e+02
4.974223996213424925e+02,3.791711399999999799e+02
4.975106684198451035e+02,3.791711399999999799e+02
4.969924115207372779e+02,3.791711399999999799e+02
4.976116215141955763e+02,3.791711399999999799e+02
4.976243637292025142e+02,3.791711399999999799e+02
4.977125746085459923e+02,3.791711399999999799e+02
4.976498701033294765e+02,3.791711399999999799e+02
4.978135277028964651e+02,3.791711399999999799e+02
4.978263278370625358e+02,3.791711399999999799e+02
4.979144807972468811e+02,3.791711399999999799e+02
4.977009708045976595e+02,3.791711399999999799e+02
4.980154338915973540e+02,3.791711399999999799e+02
4.980282919449225005e+02,3.791711399999999799e+02
4.981163869859477700e+02,3.791711399999999799e+02
4.980540301951779156e+02,3.791711399999999799e+02
4.982173400802982428e+02,3.791711399999999799e+02
4.982302560527825221e+02,3.791711399999999799e+02
4.983182931746486588e+02,3.791711399999999799e+02
4.582055700000000229e+02,4.140501699999999801e+02
4.984192462689991316e+02,3.206679700000000253e+02
4.984322201606425438e+02,3.206679700000000253e+02
4.985201993633495476e+02,3.206679700000000253e+02
4.984581902870263548e+02,3.206679700000000253e+02
4.986211524577000205e+02,3.206679700000000253e+02
4.986341842685025654e+02,3.206679700000000253e+02
4.987221055520504365e+02,3.206679700000000253e+02
4.985102200919540110e+02,3.206679700000000253e+02
4.988230586464009093e+02,3.206679700000000253e+02
4.988361483763625870e+02,3.206679700000000253e+02
4.989240117407513253e+02,3.206679700000000253e+02
4.988623503788748508e+02,3.206679700000000253e+02
4.990249648351017981e+02,3.206679700000000253e+02
4.990381124842225518e+02,3.206679700000000253e+02
4.991259179294522141e+02,3.206679700000000253e+02
4.986146393548386868e+02,3.206679700000000253e+02
4.992268710238026870e+02,3.206679700000000253e+02
4.992400765920825734e+02,3.206679700000000253e+02
4.993278241181531030e+02,3.206679700000000253e+02
4.992665104707232899e+02,3.206679700000000253e+02
4.994287772125035758e+02,3.206679700000000253e+02
4.994420406999425950e+02,3.206679700000000253e+02
4.995297303068539918e+02,3.206679700000000253e+02
4.993194693793103056e+02,3.206679700000000253e+02
4.996306834012044646e+02,3.206679700000000253e+02
4.996440048078026166e+02,3.206679700000000253e+02
4.997316364955548806e+02,3.206679700000000253e+02
4.996706705625717291e+02,3.206679700000000253e+02
4.998325895899053535e+02,3.206679700000000253e+02
4.998459689156626382e+02,3.206679700000000253e+02
4.999335426842557695e+02,3.206679700000000253e+02
4.988249281481481034e+02,3.206679700000000253e+02
5.000344957786062423e+02,3.206679700000000253e+02
5.000479330235226598e+02,3.206679700000000253e+02
5.001354488729566583e+02,3.206679700000000253e+02
5.000748306544201682e+02,3.206679700000000253e+02
5.002364019673071311e+02,3.206679700000000253e+02
5.002498971313826814e+02,3.206679700000000253e+02
5.003373550616575471e+02,3.206679700000000253e+02
5.001287186666666571e+02,3.206679700000000253e+02
5.004383081560080200e+02,3.206679700000000253e+02
5.004518612392426462e+02,3.206679700000000253e+02
5.005392612503584360e+02,3.206679700000000253e+02
5.004789907462686074e+02,3.206679700000000253e+02
5.006402143447089088e+02,3.206679700000000253e+02
5.006538253471026678e+02,3.206679700000000253e+02
5.007411674390593248e+02,3.206679700000000253e+02
5.002368671889400957e+02,3.206679700000000253e+02
5.008421205334097976e+02,3.206679700000000253e+02
5.008557894549626894e+02,3.206679700000000253e+02
5.009430736277602136e+02,3.206679700000000253e+02
5.008831508381171034e+02,3.206679700000000253e+02
5.010440267221106865e+02,3.206679700000000253e+02
5.010577535628227110e+02,3.206679700000000253e+02
5.011449798164611025e+02,3.206679700000000253e+02
5.009379679540229517e+02,3.206679700000000253e+02
5.012459329108115753e+02,3.206679700000000253e+02
5.012597176706827327e+02,3.206679700000000253e+02
5.013468860051619913e+02,3.206679700000000253e+02
5.012873109299655425e+02,3.206679700000000253e+02
5.014478390995124641e+02,3.206679700000000253e+02
5.014616817785426974e+02,3.206679700000000253e+02
5.015487921938628801e+02,3.206679700000000253e+02
4.557052600000000098e+02,4.166947000000000116e+02
5.016497452882133530e+02,3.206679700000000253e+02
5.016636458864027190e+02,3.206679700000000253e+02
5.017506983825637690e+02,3.206679700000000253e+02
5.016914710218139817e+02,3.206679700000000253e+02
5.018516514769142418e+02,3.206679700000000253e+02
5.018656099942627407e+02,3.206679700000000253e+02
5.019526045712646578e+02,3.206679700000000253e+02
5.017472172413793032e+02,3.206679700000000253e+02
5.020535576656151306e+02,3.206679700000000253e+02
5.020675741021227623e+02,3.206679700000000253e+02
5.021545107599655466e+02,3.206679700000000253e+02
5.020956311136624208e+02,3.206679700000000253e+02
5.022554638543160195e+02,3.206679700000000253e+02
5.022695382099827839e+02,3.206679700000000253e+02
5.023564169486664355e+02,3.206679700000000253e+02
5.018590950230414478e+02,3.206679700000000253e+02
5.024573700430169083e+02,3.206679700000000253e+02
5.024715023178428055e+02,3.206679700000000253e+02
5.025583231373673243e+02,3.206679700000000253e+02
5.024997912055108600e+02,3.206679700000000253e+02
5.026592762317177971e+02,3.206679700000000253e+02
5.026734664257027703e+02,3.206679700000000253e+02
5.027602293260682131e+02,3.206679700000000253e+02
5.025564665287355979e+02,3.206679700000000253e+02
5.028611824204186860e+02,3.206679700000000253e+02
5.028754305335627919e+02,3.206679700000000253e+02
5.029621355147691020e+02,3.206679700000000253e+02
5.029039512973592991e+02,3.206679700000000253e+02
5.030630886091195748e+02,3.206679700000000253e+02
5.030773946414228135e+02,3.206679700000000253e+02
5.031640417034699908e+02,3.206679700000000253e+02
5.020844044444444307e+02,3.206679700000000253e+02
5.032649947978204636e+02,3.542296000000000049e+02
5.032793587492828351e+02,3.542296000000000049e+02
5.033659478921708796e+02,3.542296000000000049e+02
5.033081113892077951e+02,3.542296000000000049e+02
5.034669009865213525e+02,3.542296000000000049e+02
5.034813228571428567e+02,3.542296000000000049e+02
5.035678540808717685e+02,3.542296000000000049e+02
5.033657158160919494e+02,3.542296000000000049e+02
5.036688071752222413e+02,3.542296000000000049e+02
5.036832869650028215e+02,3.542296000000000049e+02
5.037697602695726573e+02,3.542296000000000049e+02
5.037122714810562343e+02,3.542296000000000049e+02
5.038707133639231301e+02,3.542296000000000049e+02
5.038852510728628431e+02,3.542296000000000049e+02
5.039716664582735461e+02,3.542296000000000049e+02
5.034813228571428567e+02,3.542296000000000049e+02
5.040726195526240190e+02,3.542296000000000049e+02
5.040872151807228647e+02,3.542296000000000049e+02
5.041735726469744350e+02,3.542296000000000049e+02
5.041164315729046734e+02,3.542296000000000049e+02
5.042745257413249078e+02,3.542296000000000049e+02
5.042891792885828863e+02,3.542296000000000049e+02
5.043754788356753238e+02,3.542296000000000049e+02
5.041749651034482440e+02,3.542296000000000049e+02
5.044764319300257966e+02,3.542296000000000049e+02
5.044911433964429079e+02,3.542296000000000049e+02
5.045773850243762126e+02,3.542296000000000049e+02
5.045205916647531126e+02,3.542296000000000049e+02
5.046783381187266855e+02,3.542296000000000049e+02
5.046931075043029296e+02,3.542296000000000049e+02
5.047792912130771015e+02,3.542296000000000049e+02
4.542311399999999821e+02,4.165843499999999722e+02
5.048802443074275743e+02,3.542296000000000049e+02
5.048950716121628943e+02,3.542296000000000049e+02
5.049811974017779903e+02,3.542296000000000049e+02
5.049247517566016086e+02,3.542296000000000049e+02
5.050821504961284631e+02,3.542296000000000049e+02
5.050970357200229159e+02,3.542296000000000049e+02
5.051831035904788791e+02,3.542296000000000049e+02
5.049842143908045955e+02,3.542296000000000049e+02
5.052840566848293520e+02,3.542296000000000049e+02
5.052989998278829376e+02,3.542296000000000049e+02
5.053850097791797680e+02,3.542296000000000049e+02
5.053289118484500477e+02,3.542296000000000049e+02
5.054859628735302408e+02,3.542296000000000049e+02
5.055009639357429592e+02,3.542296000000000049e+02
5.055869159678806568e+02,3.542296000000000049e+02
5.051035506912442088e+02,3.542296000000000049e+02
5.056878690622311296e+02,3.542296000000000049e+02
5.057029280436029808e+02,3.542296000000000049e+02
5.057888221565815456e+02,3.542296000000000049e+02
5.057330719402984869e+02,3.542296000000000049e+02
5.058897752509320185e+02,3.542296000000000049e+02
5.059048921514629455e+02,3.542296000000000049e+02
5.059907283452824345e+02,3.542296000000000049e+02
5.057934636781608901e+02,3.542296000000000049e+02
5.060916814396329073e+02,3.542296000000000049e+02
5.061068562593229672e+02,3.542296000000000049e+02
5.061926345339833233e+02,3.542296000000000049e+02
5.061372320321469260e+02,3.542296000000000049e+02
5.062935876283337961e+02,3.542296000000000049e+02
5.063088203671829888e+02,3.542296000000000049e+02
5.063945407226842121e+02,3.542296000000000049e+02
5.053438807407407012e+02,3.542296000000000049e+02
5.064954938170346850e+02,3.007664800000000014e+02
5.065107844750430104e+02,3.007664800000000014e+02
5.065964469113851010e+02,3.007664800000000014e+02
5.065413921239953652e+02,3.007664800000000014e+02
5.066974000057355738e+02,3.007664800000000014e+02
5.067127485829030320e+02,3.007664800000000014e+02
5.067983531000859898e+02,3.007664800000000014e+02
5.066027129655172416e+02,3.007664800000000014e+02
5.068993061944364626e+02,3.007664800000000014e+02
5.069147126907630536e+02,3.007664800000000014e+02
5.070002592887868786e+02,3.007664800000000014e+02
5.069455522158438043e+02,3.007664800000000014e+02
5.071012123831373515e+02,3.007664800000000014e+02
5.071166767986230184e+02,3.007664800000000014e+02
5.072021654774877675e+02,3.007664800000000014e+02
5.067257785253456177e+02,3.007664800000000014e+02
5.073031185718382403e+02,3.007664800000000014e+02
5.073186409064830400e+02,3.007664800000000014e+02
5.074040716661886563e+02,3.007664800000000014e+02
5.073497123076923003e+02,3.007664800000000014e+02
5.075050247605391291e+02,3.007664800000000014e+02
5.075206050143430616e+02,3.007664800000000014e+02
5.076059778548895451e+02,3.007664800000000014e+02
5.074119622528735363e+02,3.007664800000000014e+02
5.077069309492400180e+02,3.599076000000000022e+02
5.077225691222030832e+02,3.599076000000000022e+02
5.078078840435904340e+02,3.599076000000000022e+02
5.077538723995407395e+02,3.599076000000000022e+02
5.079088371379409068e+02,3.599076000000000022e+02
5.079245332300631048e+02,3.599076000000000022e+02
5.080097902322913228e+02,3.599076000000000022e+02
4.531922599999999761e+02,4.165843499999999722e+02
5.081107433266417956e+02,3.599076000000000022e+02
5.081264973379230696e+02,3.599076000000000022e+02
5.082116964209922116e+02,3.599076000000000022e+02
5.081580324913891786e+02,3.599076000000000022e+02
5.083126495153426845e+02,3.599076000000000022e+02
5.083284614457830912e+02,3.599076000000000022e+02
5.084136026096931005e+02,3.599076000000000022e+02
5.082212115402298878e+02,3.599076000000000022e+02
5.085145557040435733e+02,3.599076000000000022e+02
5.085304255536431128e+02,3.599076000000000022e+02
5.086155087983939893e+02,3.599076000000000022e+02
5.085621925832376178e+02,3.599076000000000022e+02
5.087164618927444621e+02,3.599076000000000022e+02
5.087323896615031344e+02,3.599076000000000022e+02
5.088174149870948781e+02,3.599076000000000022e+02
5.083480063594469698e+02,3.599076000000000022e+02
5.089183680814453510e+02,3.599076000000000022e+02
5.089343537693631561e+02,3.599076000000000022e+02
5.090193211757957670e+02,3.599076000000000022e+02
5.089663526750860569e+02,3.599076000000000022e+02
5.091202742701462398e+02,3.599076000000000022e+02
5.091363178772231777e+02,3.599076000000000022e+02
5.092212273644966558e+02,3.599076000000000022e+02
5.090304608275861824e+02,3.599076000000000022e+02
5.093221804588471286e+02,3.599076000000000022e+02
5.093382819850831993e+02,3.599076000000000022e+02
5.094231335531975446e+02,3.599076000000000022e+02
5.093705127669345529e+02,3.599076000000000022e+02
5.095240866475480175e+02,3.599076000000000022e+02
5.095402460929431641e+02,3.599076000000000022e+02
5.096250397418984335e+02,3.599076000000000022e+02
5.086033570370370285e+02,3.599076000000000022e+02
5.097259928362489063e+02,3.599076000000000022e+02
5.097422102008031857e+02,3.599076000000000022e+02
5.098269459305993223e+02,3.599076000000000022e+02
5.097746728587829921e+02,3.599076000000000022e+02
5.099278990249497951e+02,3.599076000000000022e+02
5.099441743086632073e+02,3.599076000000000022e+02
5.100288521193002111e+02,3.599076000000000022e+02
5.098397101149424770e+02,3.599076000000000022e+02
5.101298052136506840e+02,3.599076000000000022e+02
5.101461384165232289e+02,3.599076000000000022e+02
5.102307583080011000e+02,3.599076000000000022e+02
5.101788329506314312e+02,3.599076000000000022e+02
5.103317114023515728e+02,3.599076000000000022e+02
5.103481025243832505e+02,3.599076000000000022e+02
5.104326644967019888e+02,3.599076000000000022e+02
5.099702341935483787e+02,3.599076000000000022e+02
5.105336175910524616e+02,3.599076000000000022e+02
5.105500666322432153e+02,3.599076000000000022e+02
5.106345706854028776e+02,3.599076000000000022e+02
5.105829930424798704e+02,3.599076000000000022e+02
5.107355237797533505e+02,3.599076000000000022e+02
5.107520307401032369e+02,3.599076000000000022e+02
5.108364768741037665e+02,3.599076000000000022e+02
5.106489594022988285e+02,3.599076000000000022e+02
5.109374299684542393e+02,3.599076000000000022e+02
5.109539948479632585e+02,3.599076000000000022e+02
5.110383830628046553e+02,3.599076000000000022e+02
5.109871531343283095e+02,3.599076000000000022e+02
5.111393361571551281e+02,3.599076000000000022e+02
5.111559589558232801e+02,3.599076000000000022e+02
5.112402892515055441e+02,3.599076000000000022e+02
4.540036000000000058e+02,4.144990199999999732e+02
5.113412423458560170e+02,2.903997800000000211e+02
5.113579230636833017e+02,2.903997800000000211e+02
5.114421954402064330e+02,2.903997800000000211e+02
5.113913132261767487e+02,2.903997800000000211e+02
5.115431485345569058e+02,2.903997800000000211e+02
5.115598871715433233e+02,2.903997800000000211e+02
5.116441016289073218e+02,2.903997800000000211e+02
5.114582086896551800e+02,2.903997800000000211e+02
5.117450547232577946e+02,2.903997800000000211e+02
5.117618512794032881e+02,2.903997800000000211e+02
5.118460078176082106e+02,2.903997800000000211e+02
5.117954733180252447e+02,2.903997800000000211e+02
5.119469609119586835e+02,2.903997800000000211e+02
5.119638153872633097e+02,2.903997800000000211e+02
5.120479140063091563e+02,2.903997800000000211e+02
5.115924620276497308e+02,2.903997800000000211e+02
5.121488671006595723e+02,2.903997800000000211e+02
5.121657794951233882e+02,2.903997800000000211e+02
5.122498201950099883e+02,2.903997800000000211e+02
5.121996334098737407e+02,2.903997800000000211e+02
5.123507732893604043e+02,2.903997800000000211e+02
5.123677436029832961e+02,2.903997800000000211e+02
5.124517263837109340e+02,2.903997800000000211e+02
5.122674579770114178e+02,2.903997800000000211e+02
5.125526794780613500e+02,2.903997800000000211e+02
5.125697077108433177e+02,2.903997800000000211e+02
5.126536325724117660e+02,2.903997800000000211e+02
5.126037935017221798e+02,2.903997800000000211e+02
5.127545856667621820e+02,2.903997800000000211e+02
5.127716718187033393e+02,2.903997800000000211e+02
5.128555387611127117e+02,2.903997800000000211e+02
5.118628333333332989e+02,2.903997800000000211e+02
5.129564918554631276e+02,2.903997800000000211e+02
5.129736359265633610e+02,2.903997800000000211e+02
5.130574449498135436e+02,2.903997800000000211e+02
5.130079535935706190e+02,2.903997800000000211e+02
5.131583980441639596e+02,2.903997800000000211e+02
5.131756000344233826e+02,2.903997800000000211e+02
5.132593511385144893e+02,2.903997800000000211e+02
5.130767072643677693e+02,2.903997800000000211e+02
5.133603042328649053e+02,2.903997800000000211e+02
5.133775641422834042e+02,2.903997800000000211e+02
5.134612573272153213e+02,2.903997800000000211e+02
5.134121136854190581e+02,2.903997800000000211e+02
5.135622104215657373e+02,2.903997800000000211e+02
5.135795282501434258e+02,2.903997800000000211e+02
5.136631635159162670e+02,2.903997800000000211e+02
5.132146898617511397e+02,2.903997800000000211e+02
5.137641166102666830e+02,2.903997800000000211e+02
5.137814923580034474e+02,2.903997800000000211e+02
5.138650697046170990e+02,2.903997800000000211e+02
5.138162737772674973e+02,2.903997800000000211e+02
5.139660227989675150e+02,2.903997800000000211e+02
5.139834564658634690e+02,2.903997800000000211e+02
5.140669758933180447e+02,2.903997800000000211e+02
5.138859565517241208e+02,2.903997800000000211e+02
5.141679289876684606e+02,2.903997800000000211e+02
5.141854205737234906e+02,2.903997800000000211e+02
5.142688820820188766e+02,2.903997800000000211e+02
5.142204338691159364e+02,2.903997800000000211e+02
5.143698351763692926e+02,2.903997800000000211e+02
5.143873846815833986e+02,2.903997800000000211e+02
5.144707882707198223e+02,2.903997800000000211e+02
4.608010300000000257e+02,4.088065199999999777e+02
5.145717413650702383e+02,2.903997800000000211e+02
5.145893487894434202e+02,2.903997800000000211e+02
5.146726944594206543e+02,2.903997800000000211e+02
5.146245939609643756e+02,2.903997800000000211e+02
5.147736475537710703e+02,2.903997800000000211e+02
5.147913128973034418e+02,2.903997800000000211e+02
5.148746006481216000e+02,2.903997800000000211e+02
5.146952058390804723e+02,2.903997800000000211e+02
5.149755537424720160e+02,2.903997800000000211e+02
5.149932770051634634e+02,2.903997800000000211e+02
5.150765068368224320e+02,2.903997800000000211e+02
5.150287540528128147e+02,2.903997800000000211e+02
5.151774599311728480e+02,2.903997800000000211e+02
5.151952411130234850e+02,2.903997800000000211e+02
5.152784130255233777e+02,2.903997800000000211e+02
5.148369176958525486e+02,2.903997800000000211e+02
5.153793661198737937e+02,2.903997800000000211e+02
5.153972052208835066e+02,2.903997800000000211e+02
5.154803192142242096e+02,2.903997800000000211e+02
5.154329141446612539e+02,2.903997800000000211e+02
5.155812723085746256e+02,2.903997800000000211e+02
5.155991693287435282e+02,2.903997800000000211e+02
5.156822254029251553e+02,2.903997800000000211e+02
5.155044551264367101e+02,2.903997800000000211e+02
5.157831784972755713e+02,3.805063499999999976e+02
5.158011334366035499e+02,3.805063499999999976e+02
5.158841315916259873e+02,3.805063499999999976e+02
5.158370742365096930e+02,3.805063499999999976e+02
5.159850846859764033e+02,3.805063499999999976e+02
5.160030975444635715e+02,3.805063499999999976e+02
5.160860377803269330e+02,3.805063499999999976e+02
5.151223096296296262e+02,2.903997800000000211e+02
5.161869908746773490e+02,3.805063499999999976e+02
5.162050616523235931e+02,3.805063499999999976e+02
5.162879439690277650e+02,3.805063499999999976e+02
5.162412343283581322e+02,3.805063499999999976e+02
5.163888970633781810e+02,3.805063499999999976e+02
5.164070257601836147e+02,3.805063499999999976e+02
5.164898501577287107e+02,3.805063499999999976e+02
5.163137044137930616e+02,3.805063499999999976e+02
5.165908032520791267e+02,3.805063499999999976e+02
5.166089898680436363e+02,3.805063499999999976e+02
5.166917563464295426e+02,3.805063499999999976e+02
5.166453944202066850e+02,3.805063499999999976e+02
5.167927094407799586e+02,3.805063499999999976e+02
5.168109539759035442e+02,3.805063499999999976e+02
5.168936625351304883e+02,3.805063499999999976e+02
5.164591455299538438e+02,3.805063499999999976e+02
5.169946156294809043e+02,3.805063499999999976e+02
5.170129180837635658e+02,3.805063499999999976e+02
5.170955687238313203e+02,3.805063499999999976e+02
5.170495545120551242e+02,3.805063499999999976e+02
5.171965218181817363e+02,3.805063499999999976e+02
5.172148821916235875e+02,3.805063499999999976e+02
5.172974749125322660e+02,3.805063499999999976e+02
5.171229537011494131e+02,3.805063499999999976e+02
5.173984280068826820e+02,3.805063499999999976e+02
5.174168462994836091e+02,3.805063499999999976e+02
5.174993811012330980e+02,3.805063499999999976e+02
5.174537146039035633e+02,3.805063499999999976e+02
5.176003341955836277e+02,3.805063499999999976e+02
5.176188104073436307e+02,3.805063499999999976e+02
5.177012872899340437e+02,3.805063499999999976e+02
4.737973000000000070e+02,3.979492200000000253e+02
5.178022403842844597e+02,3.586058300000000258e+02
5.178207745152036523e+02,3.586058300000000258e+02
5.179031934786348756e+02,3.586058300000000258e+02
5.178578746957520025e+02,3.586058300000000258e+02
5.180041465729852916e+02,3.586058300000000258e+02
5.180227386230636739e+02,3.586058300000000258e+02
5.181050996673358213e+02,3.586058300000000258e+02
5.179322029885057646e+02,3.586058300000000258e+02
5.182060527616862373e+02,3.586058300000000258e+02
5.182247027309236955e+02,3.586058300000000258e+02
5.183070058560366533e+02,3.586058300000000258e+02
5.182620347876004416e+02,3.586058300000000258e+02
5.184079589503871830e+02,3.586058300000000258e+02
5.184266668387837171e+02,3.586058300000000258e+02
5.185089120447375990e+02,3.586058300000000258e+02
5.180813733640552528e+02,3.586058300000000258e+02
5.186098651390880150e+02,3.586058300000000258e+02
5.186286309466437388e+02,3.586058300000000258e+02
5.187108182334384310e+02,3.586058300000000258e+02
5.186661948794488808e+02,3.586058300000000258e+02
5.188117713277888470e+02,3.586058300000000258e+02
5.188305950545036467e+02,3.586058300000000258e+02
5.189127244221393767e+02,3.586058300000000258e+02
5.187414522758620024e+02,3.586058300000000258e+02
5.190136775164897927e+02,3.586058300000000258e+02
5.190325591623636683e+02,3.586058300000000258e+02
5.191146306108402086e+02,3.586058300000000258e+02
5.190703549712973199e+02,3.586058300000000258e+02
5.192155837051907383e+02,3.586058300000000258e+02
5.192345232702236899e+02,3.586058300000000258e+02
5.193165367995411543e+02,3.586058300000000258e+02
5.183817859259258967e+02,3.586058300000000258e+02
5.194174898938915703e+02,3.586058300000000258e+02
5.194364873780837115e+02,3.586058300000000258e+02
5.195184429882419863e+02,3.586058300000000258e+02
5.194745150631457591e+02,3.586058300000000258e+02
5.196193960825924023e+02,3.586058300000000258e+02
5.196384514859437331e+02,3.586058300000000258e+02
5.197203491769429320e+02,3.586058300000000258e+02
5.195507015632183538e+02,3.586058300000000258e+02
5.198213022712933480e+02,3.586058300000000258e+02
5.198404155938037547e+02,3.586058300000000258e+02
5.199222553656437640e+02,3.586058300000000258e+02
5.198786751549941982e+02,3.586058300000000258e+02
5.200232084599942937e+02,3.586058300000000258e+02
5.200423797016637764e+02,3.586058300000000258e+02
5.201241615543447097e+02,3.586058300000000258e+02
5.197036011981566617e+02,3.586058300000000258e+02
5.202251146486951257e+02,3.586058300000000258e+02
5.202443438095237980e+02,3.586058300000000258e+02
5.203260677430455416e+02,3.586058300000000258e+02
5.202828352468426374e+02,3.586058300000000258e+02
5.204270208373959576e+02,3.586058300000000258e+02
5.204463079173838196e+02,3.586058300000000258e+02
5.205279739317464873e+02,3.586058300000000258e+02
5.203599508505747053e+02,3.586058300000000258e+02
5.206289270260969033e+02,3.586058300000000258e+02
5.206482720252438412e+02,3.586058300000000258e+02
5.207298801204473193e+02,3.586058300000000258e+02
5.206869953386910765e+02,3.586058300000000258e+02
5.208308332147978490e+02,3.586058300000000258e+02
5.208502361331038628e+02,3.586058300000000258e+02
5.209317863091482650e+02,3.586058300000000258e+02
4.938328200000000265e+02,3.791711399999999799e+02
5.210327394034986810e+02,3.586058300000000258e+02
5.210522002409638844e+02,3.586058300000000258e+02
5.211336924978490970e+02,3.586058300000000258e+02
5.210911554305396294e+02,3.586058300000000258e+02
5.212346455921995130e+02,3.586058300000000258e+02
5.212541643488239060e+02,3.586058300000000258e+02
5.213355986865500427e+02,3.586058300000000258e+02
5.211692001379310568e+02,3.586058300000000258e+02
5.214365517809004587e+02,3.586058300000000258e+02
5.214561284566838140e+02,3.586058300000000258e+02
5.215375048752508746e+02,3.586058300000000258e+02
5.214953155223880685e+02,3.586058300000000258e+02
5.216384579696014043e+02,3.586058300000000258e+02
5.216580925645438356e+02,3.586058300000000258e+02
5.217394110639518203e+02,3.586058300000000258e+02
5.213258290322580706e+02,3.586058300000000258e+02
5.218403641583022363e+02,3.586058300000000258e+02
5.218600566724038572e+02,3.586058300000000258e+02
5.219413172526526523e+02,3.586058300000000258e+02
5.218994756142365077e+02,3.586058300000000258e+02
5.220422703470030683e+02,3.586058300000000258e+02
5.220620207802638788e+02,3.586058300000000258e+02
5.221432234413535980e+02,3.586058300000000258e+02
5.219784494252872946e+02,3.586058300000000258e+02
5.222441765357040140e+02,3.586058300000000258e+02
5.222639848881239004e+02,3.586058300000000258e+02
5.223451296300544300e+02,3.586058300000000258e+02
5.223036357060849468e+02,3.586058300000000258e+02
5.224460827244049597e+02,3.586058300000000258e+02
5.224659489959839220e+02,3.586058300000000258e+02
5.225470358187553757e+02,3.586058300000000258e+02
5.216412622222221671e+02,3.586058300000000258e+02
5.226479889131057917e+02,3.586058300000000258e+02
5.226679131038439436e+02,3.586058300000000258e+02
5.227489420074562076e+02,3.586058300000000258e+02
5.227077957979333860e+02,3.586058300000000258e+02
5.228498951018066236e+02,3.586058300000000258e+02
5.228698772117039653e+02,3.586058300000000258e+02
5.229508481961571533e+02,3.586058300000000258e+02
5.227876987126436461e+02,3.586058300000000258e+02
5.230518012905075693e+02,3.586058300000000258e+02
5.230718413195639869e+02,3.586058300000000258e+02
5.231527543848579853e+02,3.586058300000000258e+02
5.231119558897818251e+02,3.586058300000000258e+02
5.232537074792085150e+02,3.586058300000000258e+02
5.232738054274240085e+02,3.586058300000000258e+02
5.233546605735589310e+02,3.586058300000000258e+02
5.229480568663593658e+02,3.586058300000000258e+02
5.234556136679093470e+02,3.586058300000000258e+02
5.234757695352839164e+02,3.586058300000000258e+02
5.235565667622597630e+02,3.586058300000000258e+02
5.235161159816302643e+02,3.586058300000000258e+02
5.236575198566101790e+02,3.586058300000000258e+02
5.236777336431439380e+02,3.586058300000000258e+02
5.237584729509607087e+02,3.586058300000000258e+02
5.235969479999999976e+02,3.586058300000000258e+02
5.238594260453111247e+02,3.586058300000000258e+02
5.238796977510039596e+02,3.586058300000000258e+02
5.239603791396615406e+02,3.586058300000000258e+02
5.239202760734787034e+02,3.586058300000000258e+02
5.240613322340120703e+02,3.586058300000000258e+02
5.240816618588639813e+02,3.586058300000000258e+02
5.241622853283624863e+02,3.586058300000000258e+02
5.185524000000000342e+02,3.586058300000000258e+02
5.242632384227129023e+02,2.855414999999999850e+02
5.242836259667240029e+02,2.855414999999999850e+02
5.243641915170633183e+02,2.855414999999999850e+02
5.243244361653271426e+02,2.855414999999999850e+02
5.244651446114137343e+02,2.855414999999999850e+02
5.244855900745840245e+02,2.855414999999999850e+02
5.245660977057642640e+02,2.855414999999999850e+02
5.244061972873562354e+02,2.855414999999999850e+02
5.246670508001146800e+02,2.855414999999999850e+02
5.246875541824440461e+02,2.855414999999999850e+02
5.247680038944650960e+02,2.855414999999999850e+02
5.247285962571756954e+02,2.855414999999999850e+02
5.248689569888156257e+02,2.855414999999999850e+02
5.248895182903040677e+02,2.855414999999999850e+02
5.249699100831660417e+02,2.855414999999999850e+02
5.245702847004607747e+02,2.855414999999999850e+02
5.250708631775164577e+02,2.855414999999999850e+02
5.250914823981640893e+02,2.855414999999999850e+02
5.251718162718668736e+02,2.855414999999999850e+02
5.251327563490240209e+02,2.855414999999999850e+02
5.252727693662172896e+02,2.855414999999999850e+02
5.252934465060241109e+02,2.855414999999999850e+02
5.253737224605678193e+02,2.855414999999999850e+02
5.252154465747125869e+02,2.855414999999999850e+02
5.254746755549182353e+02,2.855414999999999850e+02
5.254954106138841325e+02,2.855414999999999850e+02
5.255756286492686513e+02,2.855414999999999850e+02
5.255369164408725737e+02,2.855414999999999850e+02
5.256765817436191810e+02,2.855414999999999850e+02
5.256973747217441542e+02,2.855414999999999850e+02
5.257775348379695970e+02,2.855414999999999850e+02
5.249007385185184376e+02,2.855414999999999850e+02
5.258784879323200130e+02,2.855414999999999850e+02
5.258993388296040621e+02,2.855414999999999850e+02
5.259794410266704290e+02,2.855414999999999850e+02
5.259410765327210129e+02,2.855414999999999850e+02
5.260803941210208450e+02,2.855414999999999850e+02
5.261013029374640837e+02,2.855414999999999850e+02
5.261813472153713747e+02,2.855414999999999850e+02
5.260246958620689384e+02,2.855414999999999850e+02
5.262823003097217907e+02,2.855414999999999850e+02
5.263032670453241053e+02,2.855414999999999850e+02
5.263832534040722066e+02,2.855414999999999850e+02
5.263452366245694520e+02,2.855414999999999850e+02
5.264842064984227363e+02,2.855414999999999850e+02
5.265052311531841269e+02,2.855414999999999850e+02
5.265851595927731523e+02,2.855414999999999850e+02
5.261925125345621836e+02,2.855414999999999850e+02
5.266861126871235683e+02,2.855414999999999850e+02
5.267071952610441485e+02,2.855414999999999850e+02
5.267870657814739843e+02,2.855414999999999850e+02
5.267493967164178912e+02,2.855414999999999850e+02
5.268880188758244003e+02,2.855414999999999850e+02
5.269091593689041702e+02,2.855414999999999850e+02
5.269889719701749300e+02,2.855414999999999850e+02
5.268339451494252899e+02,2.855414999999999850e+02
5.270899250645253460e+02,2.855414999999999850e+02
5.271111234767641918e+02,2.855414999999999850e+02
5.271908781588757620e+02,2.855414999999999850e+02
5.271535568082663303e+02,2.855414999999999850e+02
5.272918312532262917e+02,2.855414999999999850e+02
5.273130875846242134e+02,2.855414999999999850e+02
5.273927843475767077e+02,2.855414999999999850e+02
5.474144999999999754e+02,3.384922000000000253e+02
5.274937374419271237e+02,3.906532000000000266e+02
5.275150516924842350e+02,3.906532000000000266e+02
5.275946905362775396e+02,3.906532000000000266e+02
5.275577169001147695e+02,3.906532000000000266e+02
5.276956436306279556e+02,3.906532000000000266e+02
5.277170158003442566e+02,3.906532000000000266e+02
5.277965967249784853e+02,3.906532000000000266e+02
5.276431944367816413e+02,3.906532000000000266e+02
5.278975498193289013e+02,3.906532000000000266e+02
5.279189799082041645e+02,3.906532000000000266e+02
5.279985029136793173e+02,3.906532000000000266e+02
5.279618769919632086e+02,3.906532000000000266e+02
5.280994560080298470e+02,3.906532000000000266e+02
5.281209440160641861e+02,3.906532000000000266e+02
5.282004091023802630e+02,3.906532000000000266e+02
5.278147403686635926e+02,3.906532000000000266e+02
5.283013621967306790e+02,3.906532000000000266e+02
5.283229081239242078e+02,3.906532000000000266e+02
5.284023152910810950e+02,3.906532000000000266e+02
5.283660370838116478e+02,3.906532000000000266e+02
5.285032683854315110e+02,3.906532000000000266e+02
5.285248722317842294e+02,3.906532000000000266e+02
5.286042214797820407e+02,3.906532000000000266e+02
5.284524437241378791e+02,3.906532000000000266e+02
5.287051745741324567e+02,3.906532000000000266e+02
5.287268363396442510e+02,3.906532000000000266e+02
5.288061276684828727e+02,3.906532000000000266e+02
5.287701971756600869e+02,3.906532000000000266e+02
5.289070807628334023e+02,3.906532000000000266e+02
5.289288004475042726e+02,3.906532000000000266e+02
5.290080338571838183e+02,3.906532000000000266e+02
5.281602148148148217e+02,3.906532000000000266e+02
5.291089869515342343e+02,3.906532000000000266e+02
5.291307645553642942e+02,3.906532000000000266e+02
5.292099400458846503e+02,3.906532000000000266e+02
5.291743572675086398e+02,3.906532000000000266e+02
5.293108931402350663e+02,3.906532000000000266e+02
5.293327286632243158e+02,3.906532000000000266e+02
5.294118462345855960e+02,3.906532000000000266e+02
5.292616930114942306e+02,3.906532000000000266e+02
5.295127993289360120e+02,3.906532000000000266e+02
5.295346927710843374e+02,3.906532000000000266e+02
5.296137524232864280e+02,3.906532000000000266e+02
5.295785173593570789e+02,3.906532000000000266e+02
5.297147055176369577e+02,3.906532000000000266e+02
5.297366568789443591e+02,3.906532000000000266e+02
5.298156586119873737e+02,3.906532000000000266e+02
5.294369682027650015e+02,3.906532000000000266e+02
5.299166117063377897e+02,3.344230999999999767e+02
5.299386209868043807e+02,3.344230999999999767e+02
5.300175648006882057e+02,3.344230999999999767e+02
5.299826774512055181e+02,3.344230999999999767e+02
5.301185178950386216e+02,3.344230999999999767e+02
5.301405850946644023e+02,3.344230999999999767e+02
5.302194709893891513e+02,3.344230999999999767e+02
5.300709422988505821e+02,3.344230999999999767e+02
5.303204240837395673e+02,3.344230999999999767e+02
5.303425492025244239e+02,3.344230999999999767e+02
5.304213771780899833e+02,3.344230999999999767e+02
5.303868375430539572e+02,3.344230999999999767e+02
5.305223302724405130e+02,3.344230999999999767e+02
5.305445133103843318e+02,3.344230999999999767e+02
5.306232833667909290e+02,3.344230999999999767e+02
5.792975500000000011e+02,3.163397199999999998e+02
5.307242364611413450e+02,3.344230999999999767e+02
5.307464774182443534e+02,3.344230999999999767e+02
5.308251895554917610e+02,3.344230999999999767e+02
5.307909976349023964e+02,3.344230999999999767e+02
5.309261426498422907e+02,3.344230999999999767e+02
5.309484415261043750e+02,3.344230999999999767e+02
5.310270957441927067e+02,3.344230999999999767e+02
5.308801915862068199e+02,3.344230999999999767e+02
5.311280488385431227e+02,3.344230999999999767e+02
5.311504056339643967e+02,3.344230999999999767e+02
5.312290019328935387e+02,3.344230999999999767e+02
5.311951577267508355e+02,3.344230999999999767e+02
5.313299550272440683e+02,3.344230999999999767e+02
5.313523697418244183e+02,3.344230999999999767e+02
5.314309081215944843e+02,3.344230999999999767e+02
5.310591960368662967e+02,3.344230999999999767e+02
5.315318612159449003e+02,3.344230999999999767e+02
5.315543338496844399e+02,3.344230999999999767e+02
5.316328143102953163e+02,3.344230999999999767e+02
5.315993178185992747e+02,3.344230999999999767e+02
5.317337674046458460e+02,3.344230999999999767e+02
5.317562979575444615e+02,3.344230999999999767e+02
5.318347204989962620e+02,3.344230999999999767e+02
5.316894408735631714e+02,3.344230999999999767e+02
5.319356735933466780e+02,3.344230999999999767e+02
5.319582620654044831e+02,3.344230999999999767e+02
5.320366266876970940e+02,3.344230999999999767e+02
5.320034779104477138e+02,3.344230999999999767e+02
5.321375797820476237e+02,3.344230999999999767e+02
5.321602261732645047e+02,3.344230999999999767e+02
5.322385328763980397e+02,3.344230999999999767e+02
5.314196911111110921e+02,3.344230999999999767e+02
5.323394859707484557e+02,3.344230999999999767e+02
5.323621902811245263e+02,3.344230999999999767e+02
5.324404390650988717e+02,3.344230999999999767e+02
5.324076380022961530e+02,3.344230999999999767e+02
5.325413921594494013e+02,3.344230999999999767e+02
5.325641543889844343e+02,3.344230999999999767e+02
5.326423452537998173e+02,3.344230999999999767e+02
5.324986901609195229e+02,3.344230999999999767e+02
5.327432983481502333e+02,3.344230999999999767e+02
5.327661184968444559e+02,3.344230999999999767e+02
5.328442514425006493e+02,3.344230999999999767e+02
5.328117980941445921e+02,3.344230999999999767e+02
5.329452045368511790e+02,3.344230999999999767e+02
5.329680826047044775e+02,3.344230999999999767e+02
5.330461576312015950e+02,3.344230999999999767e+02
5.326814238709677056e+02,3.344230999999999767e+02
5.331471107255520110e+02,3.344230999999999767e+02
5.331700467125644991e+02,3.344230999999999767e+02
5.332480638199024270e+02,3.344230999999999767e+02
5.332159581859930313e+02,3.344230999999999767e+02
5.333490169142529567e+02,3.344230999999999767e+02
5.333720108204245207e+02,3.344230999999999767e+02
5.334499700086033727e+02,3.344230999999999767e+02
5.333079394482758744e+02,3.344230999999999767e+02
5.335509231029537887e+02,3.344230999999999767e+02
5.335739749282845423e+02,3.344230999999999767e+02
5.336518761973042047e+02,3.344230999999999767e+02
5.336201182778415841e+02,3.344230999999999767e+02
5.337528292916547343e+02,3.344230999999999767e+02
5.337759390361445639e+02,3.344230999999999767e+02
5.338537823860051503e+02,3.344230999999999767e+02
6.121079999999999472e+02,2.983598600000000260e+02
5.339547354803555663e+02,2.883691400000000158e+02
5.339779031440045856e+02,2.883691400000000158e+02
5.340556885747059823e+02,2.883691400000000158e+02
5.340242783696900233e+02,2.883691400000000158e+02
5.341566416690565120e+02,2.883691400000000158e+02
5.341798672518646072e+02,2.883691400000000158e+02
5.342575947634069280e+02,2.883691400000000158e+02
5.341171887356321122e+02,2.883691400000000158e+02
5.343585478577573440e+02,2.883691400000000158e+02
5.343818313597246288e+02,2.883691400000000158e+02
5.344595009521077600e+02,2.883691400000000158e+02
5.344284384615384624e+02,2.883691400000000158e+02
5.345604540464582897e+02,2.883691400000000158e+02
5.345837954675846504e+02,2.883691400000000158e+02
5.346614071408087057e+02,2.883691400000000158e+02
5.343036517050691145e+02,2.883691400000000158e+02
5.347623602351591217e+02,2.883691400000000158e+02
5.347857595754446720e+02,2.883691400000000158e+02
5.348633133295095377e+02,2.883691400000000158e+02
5.348325985533869016e+02,2.883691400000000158e+02
5.349642664238600673e+02,2.883691400000000158e+02
5.349877236833045799e+02,2.883691400000000158e+02
5.350652195182104833e+02,2.883691400000000158e+02
5.349264380229884637e+02,2.883691400000000158e+02
5.351661726125608993e+02,2.883691400000000158e+02
5.351896877911646015e+02,2.883691400000000158e+02
5.352671257069113153e+02,2.883691400000000158e+02
5.352367586452353407e+02,2.883691400000000158e+02
5.353680788012618450e+02,2.883691400000000158e+02
5.353916518990246232e+02,2.883691400000000158e+02
5.354690318956122610e+02,2.883691400000000158e+02
5.346791674074073626e+02,2.883691400000000158e+02
5.355699849899626770e+02,2.883691400000000158e+02
5.355936160068846448e+02,2.883691400000000158e+02
5.356709380843130930e+02,2.883691400000000158e+02
5.356409187370837799e+02,2.883691400000000158e+02
5.357718911786636227e+02,2.883691400000000158e+02
5.357955801147446664e+02,2.883691400000000158e+02
5.358728442730140387e+02,2.883691400000000158e+02
5.357356873103448152e+02,2.883691400000000158e+02
5.359737973673644547e+02,2.883691400000000158e+02
5.359975442226046880e+02,2.883691400000000158e+02
5.360747504617148707e+02,2.883691400000000158e+02
5.360450788289322190e+02,2.883691400000000158e+02
5.361757035560654003e+02,2.883691400000000158e+02
5.361995083304647096e+02,2.883691400000000158e+02
5.362766566504158163e+02,2.883691400000000158e+02
5.359258795391705235e+02,2.883691400000000158e+02
5.363776097447662323e+02,2.883691400000000158e+02
5.364014724383247312e+02,2.883691400000000158e+02
5.364785628391166483e+02,2.883691400000000158e+02
5.364492389207806582e+02,2.883691400000000158e+02
5.365795159334671780e+02,2.883691400000000158e+02
5.366034365461847528e+02,2.883691400000000158e+02
5.366804690278175940e+02,2.883691400000000158e+02
5.365449365977011666e+02,2.883691400000000158e+02
5.367814221221680100e+02,2.883691400000000158e+02
5.368054006540447745e+02,2.883691400000000158e+02
5.368823752165184260e+02,2.883691400000000158e+02
5.368533990126290973e+02,2.883691400000000158e+02
5.369833283108689557e+02,2.883691400000000158e+02
5.370073647619046824e+02,2.883691400000000158e+02
5.370842814052193717e+02,2.883691400000000158e+02
6.404736299999999574e+02,2.852221700000000055e+02
5.371852344995697877e+02,2.883691400000000158e+02
5.372093288697647040e+02,2.883691400000000158e+02
5.372861875939202037e+02,2.883691400000000158e+02
5.372575591044775365e+02,2.883691400000000158e+02
5.373871406882707333e+02,2.883691400000000158e+02
5.374112929776247256e+02,2.883691400000000158e+02
5.374880937826211493e+02,2.883691400000000158e+02
5.373541858850574044e+02,2.883691400000000158e+02
5.375890468769715653e+02,2.883691400000000158e+02
5.376132570854847472e+02,2.883691400000000158e+02
5.376899999713219813e+02,2.883691400000000158e+02
5.376617191963259756e+02,2.883691400000000158e+02
5.377909530656725110e+02,2.883691400000000158e+02
5.378152211933447688e+02,2.883691400000000158e+02
5.378919061600229270e+02,2.883691400000000158e+02
5.375481073732718187e+02,2.883691400000000158e+02
5.379928592543733430e+02,2.883691400000000158e+02
5.380171853012047904e+02,2.883691400000000158e+02
5.380938123487237590e+02,2.883691400000000158e+02
5.380658792881745285e+02,2.883691400000000158e+02
5.381947654430742887e+02,2.883691400000000158e+02
5.382191494090648121e+02,2.883691400000000158e+02
5.382957185374247047e+02,2.883691400000000158e+02
5.381634351724137559e+02,2.883691400000000158e+02
5.383966716317751207e+02,2.883691400000000158e+02
5.384211135169248337e+02,2.883691400000000158e+02
5.384976247261255367e+02,2.883691400000000158e+02
5.384700393800229676e+02,2.883691400000000158e+02
5.385985778204760663e+02,2.883691400000000158e+02
5.386230776247848553e+02,2.883691400000000158e+02
5.386995309148264823e+02,2.883691400000000158e+02
5.379386437037036330e+02,2.883691400000000158e+02
5.388004840091768983e+02,2.883691400000000158e+02
5.388250417326448769e+02,2.883691400000000158e+02
5.389014371035273143e+02,2.883691400000000158e+02
5.388741994718714068e+02,2.883691400000000158e+02
5.390023901978778440e+02,2.883691400000000158e+02
5.390270058405048985e+02,2.883691400000000158e+02
5.391033432922282600e+02,2.883691400000000158e+02
5.389726844597701074e+02,2.883691400000000158e+02
5.392042963865786760e+02,2.883691400000000158e+02
5.392289699483649201e+02,2.883691400000000158e+02
5.393052494809290920e+02,2.883691400000000158e+02
5.392783595637198459e+02,2.883691400000000158e+02
5.394062025752796217e+02,2.883691400000000158e+02
5.394309340562249417e+02,2.883691400000000158e+02
5.395071556696300377e+02,2.883691400000000158e+02
5.391703352073732276e+02,2.883691400000000158e+02
5.396081087639804537e+02,2.883691400000000158e+02
5.396328981640848497e+02,2.883691400000000158e+02
5.397090618583308697e+02,2.883691400000000158e+02
5.396825196555682851e+02,2.883691400000000158e+02
5.398100149526813993e+02,2.883691400000000158e+02
5.398348622719448713e+02,2.883691400000000158e+02
5.399109680470318153e+02,2.883691400000000158e+02
5.397819337471264589e+02,2.883691400000000158e+02
5.400119211413822313e+02,2.883691400000000158e+02
5.400368263798048929e+02,2.883691400000000158e+02
5.401128742357326473e+02,2.883691400000000158e+02
5.400866797474167242e+02,2.883691400000000158e+02
5.402138273300831770e+02,2.883691400000000158e+02
5.402387904876649145e+02,2.883691400000000158e+02
5.403147804244335930e+02,2.883691400000000158e+02
6.592687399999999798e+02,2.759367700000000241e+02
5.404157335187840090e+02,2.883691400000000158e+02
5.404407545955249361e+02,2.883691400000000158e+02
5.405166866131344250e+02,2.883691400000000158e+02
5.404908398392651634e+02,2.883691400000000158e+02
5.406176397074849547e+02,2.883691400000000158e+02
5.406427187033849577e+02,2.883691400000000158e+02
5.407185928018353707e+02,2.883691400000000158e+02
5.405911830344826967e+02,2.883691400000000158e+02
5.408195458961857867e+02,2.883691400000000158e+02
5.408446828112449793e+02,2.883691400000000158e+02
5.409204989905362027e+02,2.883691400000000158e+02
5.408949999311136025e+02,2.883691400000000158e+02
5.410214520848867323e+02,2.883691400000000158e+02
5.410466469191050010e+02,2.883691400000000158e+02
5.411224051792371483e+02,2.883691400000000158e+02
5.407925630414746365e+02,2.883691400000000158e+02
5.412233582735875643e+02,2.883691400000000158e+02
5.412486110269650226e+02,2.883691400000000158e+02
5.413243113679379803e+02,2.883691400000000158e+02
5.412991600229620417e+02,2.883691400000000158e+02
5.414252644622885100e+02,2.883691400000000158e+02
5.414505751348249305e+02,2.883691400000000158e+02
5.415262175566389260e+02,2.883691400000000158e+02
5.414004323218390482e+02,2.883691400000000158e+02
5.416271706509893420e+02,2.883691400000000158e+02
5.416525392426849521e+02,2.883691400000000158e+02
5.417281237453397580e+02,2.883691400000000158e+02
5.417033201148105945e+02,2.883691400000000158e+02
5.418290768396902877e+02,2.883691400000000158e+02
5.418545033505449737e+02,2.883691400000000158e+02
5.419300299340407037e+02,2.883691400000000158e+02
5.411981200000000172e+02,2.883691400000000158e+02
5.420309830283911197e+02,2.883691400000000158e+02
5.420564674584049953e+02,2.883691400000000158e+02
5.421319361227415357e+02,2.883691400000000158e+02
5.421074802066589200e+02,2.883691400000000158e+02
5.422328892170920653e+02,2.883691400000000158e+02
5.422584315662650170e+02,2.883691400000000158e+02
5.423338423114424813e+02,2.883691400000000158e+02
5.422096816091953997e+02,2.883691400000000158e+02
5.424347954057928973e+02,2.883691400000000158e+02
5.424603956741250386e+02,2.883691400000000158e+02
5.425357485001433133e+02,2.883691400000000158e+02
5.425116402985074728e+02,2.883691400000000158e+02
5.426367015944938430e+02,2.883691400000000158e+02
5.426623597819850602e+02,2.883691400000000158e+02
5.427376546888442590e+02,2.883691400000000158e+02
5.424147908755760454e+02,2.883691400000000158e+02
5.428386077831946750e+02,2.883691400000000158e+02
5.428643238898450818e+02,2.883691400000000158e+02
5.429395608775450910e+02,2.883691400000000158e+02
5.429158003903559120e+02,2.883691400000000158e+02
5.430405139718956207e+02,2.883691400000000158e+02
5.430662879977051034e+02,2.883691400000000158e+02
5.431414670662460367e+02,2.883691400000000158e+02
5.430189308965516375e+02,2.883691400000000158e+02
5.432424201605964527e+02,2.883691400000000158e+02
5.432682521055651250e+02,2.883691400000000158e+02
5.433433732549468687e+02,2.883691400000000158e+02
5.433199604822043511e+02,2.883691400000000158e+02
5.434443263492973983e+02,2.883691400000000158e+02
5.434702162134251466e+02,2.883691400000000158e+02
5.435452794436478143e+02,2.883691400000000158e+02
6.730840500000000475e+02,2.696429400000000101e+02
5.436462325379982303e+02,3.384922000000000253e+02
5.436721803212851682e+02,3.384922000000000253e+02
5.437471856323486463e+02,3.384922000000000253e+02
5.437241205740527903e+02,3.384922000000000253e+02
5.438481387266991760e+02,3.384922000000000253e+02
5.438741444291451899e+02,3.384922000000000253e+02
5.439490918210495920e+02,3.384922000000000253e+02
5.438281801839079890e+02,3.384922000000000253e+02
5.440500449154000080e+02,3.384922000000000253e+02
5.440761085370050978e+02,3.384922000000000253e+02
5.441509980097504240e+02,3.384922000000000253e+02
5.441282806659012294e+02,3.384922000000000253e+02
5.442519511041009537e+02,3.384922000000000253e+02
5.442780726448651194e+02,3.384922000000000253e+02
5.443529041984513697e+02,3.384922000000000253e+02
5.440370187096773407e+02,3.384922000000000253e+02
5.444538572928017857e+02,3.384922000000000253e+02
5.444800367527251410e+02,3.384922000000000253e+02
5.445548103871522017e+02,3.384922000000000253e+02
5.445324407577496686e+02,3.384922000000000253e+02
5.446557634815027313e+02,3.384922000000000253e+02
5.446820008605851626e+02,3.384922000000000253e+02
5.447567165758531473e+02,3.384922000000000253e+02
5.446374294712643405e+02,3.384922000000000253e+02
5.448576696702035633e+02,3.384922000000000253e+02
5.448839649684451842e+02,3.384922000000000253e+02
5.449586227645539793e+02,3.384922000000000253e+02
5.449366008495981077e+02,3.384922000000000253e+02
5.450595758589045090e+02,3.384922000000000253e+02
5.450859290763052059e+02,3.384922000000000253e+02
5.451605289532549250e+02,3.384922000000000253e+02
5.444575962962962876e+02,3.384922000000000253e+02
5.452614820476053410e+02,3.384922000000000253e+02
5.452878931841652275e+02,3.384922000000000253e+02
5.453624351419557570e+02,3.384922000000000253e+02
5.453407609414465469e+02,3.384922000000000253e+02
5.454633882363062867e+02,3.384922000000000253e+02
5.454898572920252491e+02,3.384922000000000253e+02
5.455643413306567027e+02,3.384922000000000253e+02
5.454466787586206920e+02,3.384922000000000253e+02
5.456652944250071187e+02,3.384922000000000253e+02
5.456918213998852707e+02,3.384922000000000253e+02
5.457662475193575347e+02,3.384922000000000253e+02
5.457449210332949860e+02,3.384922000000000253e+02
5.458672006137080643e+02,3.384922000000000253e+02
5.458937855077452923e+02,3.384922000000000253e+02
5.459681537080584803e+02,3.384922000000000253e+02
5.456592465437787496e+02,3.384922000000000253e+02
5.460691068024088963e+02,3.384922000000000253e+02
5.460957496156052002e+02,3.384922000000000253e+02
5.461700598967593123e+02,3.384922000000000253e+02
5.461490811251435389e+02,3.384922000000000253e+02
5.462710129911098420e+02,3.384922000000000253e+02
5.462977137234652218e+02,3.384922000000000253e+02
5.463719660854602580e+02,3.384922000000000253e+02
5.462559280459770434e+02,3.384922000000000253e+02
5.464729191798106740e+02,3.384922000000000253e+02
5.464996778313252435e+02,3.384922000000000253e+02
5.465738722741610900e+02,3.384922000000000253e+02
5.465532412169919780e+02,3.384922000000000253e+02
5.466748253685116197e+02,3.384922000000000253e+02
5.467016419391852651e+02,3.384922000000000253e+02
5.467757784628620357e+02,3.384922000000000253e+02
6.799070000000000391e+02,2.671231700000000160e+02
5.468767315572124517e+02,3.384922000000000253e+02
5.469036060470452867e+02,3.384922000000000253e+02
5.469776846515628677e+02,3.384922000000000253e+02
5.469574013088404172e+02,3.384922000000000253e+02
5.470786377459133973e+02,3.384922000000000253e+02
5.471055701549053083e+02,3.384922000000000253e+02
5.471795908402638133e+02,3.384922000000000253e+02
5.470651773333332812e+02,3.384922000000000253e+02
5.472805439346142293e+02,3.384922000000000253e+02
5.473075342627653299e+02,3.384922000000000253e+02
5.473814970289646453e+02,3.384922000000000253e+02
5.473615614006888563e+02,3.384922000000000253e+02
5.474824501233151750e+02,3.384922000000000253e+02
5.475094983706253515e+02,3.384922000000000253e+02
5.475834032176655910e+02,3.384922000000000253e+02
5.472814743778801585e+02,3.384922000000000253e+02
5.476843563120160070e+02,3.384922000000000253e+02
5.477114624784853731e+02,3.384922000000000253e+02
5.477853094063664230e+02,3.384922000000000253e+02
5.477657214925372955e+02,3.384922000000000253e+02
5.478862625007169527e+02,3.384922000000000253e+02
5.479134265863453948e+02,3.384922000000000253e+02
5.479872155950673687e+02,3.384922000000000253e+02
5.478744266206896327e+02,3.384922000000000253e+02
5.480881686894177847e+02,3.384922000000000253e+02
5.481153906942054164e+02,3.384922000000000253e+02
5.481891217837683143e+02,3.384922000000000253e+02
5.481698815843857346e+02,3.384922000000000253e+02
5.482900748781187303e+02,3.384922000000000253e+02
5.483173548020654380e+02,3.384922000000000253e+02
5.483910279724691463e+02,3.384922000000000253e+02
5.477170725925925581e+02,3.384922000000000253e+02
5.484919810668195623e+02,3.931972700000000032e+02
5.485193189099254596e+02,3.931972700000000032e+02
5.485929341611699783e+02,3.931972700000000032e+02
5.485740416762341738e+02,3.931972700000000032e+02
5.486938872555205080e+02,3.931972700000000032e+02
5.487212830177853675e+02,3.931972700000000032e+02
5.487948403498709240e+02,3.931972700000000032e+02
5.486836759080459842e+02,3.931972700000000032e+02
5.488957934442213400e+02,3.931972700000000032e+02
5.489232471256453891e+02,3.931972700000000032e+02
5.489967465385718697e+02,3.931972700000000032e+02
5.489782017680826129e+02,3.931972700000000032e+02
5.490976996329222857e+02,3.931972700000000032e+02
5.491252112335054107e+02,3.931972700000000032e+02
5.491986527272727017e+02,3.931972700000000032e+02
5.489037022119815674e+02,3.931972700000000032e+02
5.492996058216231177e+02,3.931972700000000032e+02
5.493271753413654324e+02,3.931972700000000032e+02
5.494005589159735337e+02,3.931972700000000032e+02
5.493823618599310521e+02,3.931972700000000032e+02
5.495015120103240633e+02,3.931972700000000032e+02
5.495291394492254540e+02,3.931972700000000032e+02
5.496024651046744793e+02,3.931972700000000032e+02
5.494929251954022220e+02,3.931972700000000032e+02
5.497034181990248953e+02,3.931972700000000032e+02
5.497311035570854756e+02,3.931972700000000032e+02
5.498043712933754250e+02,3.931972700000000032e+02
5.497865219517794912e+02,3.931972700000000032e+02
5.499053243877258410e+02,3.931972700000000032e+02
5.499330676649454972e+02,3.931972700000000032e+02
5.500062774820762570e+02,3.931972700000000032e+02
6.843545500000000175e+02,2.652724600000000237e+02
5.501072305764266730e+02,3.931972700000000032e+02
5.501350317728055188e+02,3.931972700000000032e+02
5.502081836707770890e+02,3.931972700000000032e+02
5.501906820436279304e+02,3.931972700000000032e+02
5.503091367651276187e+02,3.931972700000000032e+02
5.503369958806655404e+02,3.931972700000000032e+02
5.504100898594780347e+02,3.931972700000000032e+02
5.503021744827585735e+02,3.931972700000000032e+02
5.505110429538284507e+02,3.931972700000000032e+02
5.505389599885254484e+02,3.931972700000000032e+02
5.506119960481789803e+02,3.931972700000000032e+02
5.505948421354764832e+02,3.931972700000000032e+02
5.507129491425293963e+02,3.931972700000000032e+02
5.507409240963854700e+02,3.931972700000000032e+02
5.508139022368798123e+02,3.931972700000000032e+02
5.505259300460829763e+02,3.931972700000000032e+02
5.509148553312302283e+02,3.931972700000000032e+02
5.509428882042454916e+02,3.931972700000000032e+02
5.510158084255806443e+02,3.931972700000000032e+02
5.509990022273249224e+02,3.931972700000000032e+02
5.511167615199311740e+02,3.931972700000000032e+02
5.511448523121055132e+02,3.931972700000000032e+02
5.512177146142815900e+02,3.931972700000000032e+02
5.511114237701149250e+02,3.931972700000000032e+02
5.513186677086320060e+02,3.931972700000000032e+02
5.513468164199655348e+02,3.931972700000000032e+02
5.514196208029825357e+02,3.931972700000000032e+02
5.514031623191733615e+02,3.931972700000000032e+02
5.515205738973329517e+02,3.931972700000000032e+02
5.515487805278255564e+02,3.931972700000000032e+02
5.516215269916833677e+02,3.931972700000000032e+02
5.509765488888888285e+02,3.931972700000000032e+02
5.517224800860337837e+02,3.931972700000000032e+02
5.517507446356855780e+02,3.931972700000000032e+02
5.518234331803841997e+02,3.931972700000000032e+02
5.518073224110218007e+02,3.931972700000000032e+02
5.519243862747347293e+02,3.931972700000000032e+02
5.519527087435455996e+02,3.931972700000000032e+02
5.520253393690851453e+02,3.931972700000000032e+02
5.519206730574712765e+02,3.931972700000000032e+02
5.521262924634355613e+02,3.931972700000000032e+02
5.521546728514056213e+02,3.931972700000000032e+02
5.522272455577860910e+02,3.931972700000000032e+02
5.522114825028702398e+02,3.931972700000000032e+02
5.523281986521365070e+02,3.931972700000000032e+02
5.523566369592656429e+02,3.931972700000000032e+02
5.524291517464869230e+02,3.931972700000000032e+02
5.521481578801842716e+02,3.931972700000000032e+02
5.525301048408373390e+02,3.931972700000000032e+02
5.525586010671256645e+02,3.931972700000000032e+02
5.526310579351877550e+02,3.931972700000000032e+02
5.526156425947186790e+02,3.931972700000000032e+02
5.527320110295382847e+02,3.931972700000000032e+02
5.527605651749856861e+02,3.931972700000000032e+02
5.528329641238887007e+02,3.931972700000000032e+02
5.527299223448275143e+02,3.931972700000000032e+02
5.529339172182391167e+02,3.931972700000000032e+02
5.529625292828457077e+02,3.931972700000000032e+02
5.530348703125896463e+02,3.931972700000000032e+02
5.530198026865671181e+02,3.931972700000000032e+02
5.531358234069400623e+02,3.931972700000000032e+02
5.531644933907056156e+02,3.931972700000000032e+02
5.532367765012904783e+02,3.931972700000000032e+02
6.852547600000000330e+02,2.646502699999999777e+02
5.533377295956408943e+02,3.062753999999999905e+02
5.533664574985656373e+02,3.062753999999999905e+02
5.534386826899913103e+02,3.062753999999999905e+02
5.534239627784155573e+02,3.062753999999999905e+02
5.535396357843418400e+02,3.062753999999999905e+02
5.535684216064256589e+02,3.062753999999999905e+02
5.536405888786922560e+02,3.062753999999999905e+02
5.535391716321838658e+02,3.062753999999999905e+02
5.537415419730426720e+02,3.062753999999999905e+02
5.537703857142856805e+02,3.062753999999999905e+02
5.538424950673932017e+02,3.062753999999999905e+02
5.538281228702639964e+02,3.062753999999999905e+02
5.539434481617436177e+02,3.062753999999999905e+02
5.539723498221457021e+02,3.062753999999999905e+02
5.540444012560940337e+02,3.062753999999999905e+02
5.537703857142856805e+02,3.062753999999999905e+02
5.541453543504444497e+02,3.062753999999999905e+02
5.541743139300057237e+02,3.062753999999999905e+02
5.542463074447948657e+02,3.062753999999999905e+02
5.542322829621124356e+02,3.062753999999999905e+02
5.543472605391453953e+02,3.062753999999999905e+02
5.543762780378657453e+02,3.062753999999999905e+02
5.544482136334958113e+02,3.062753999999999905e+02
5.543484209195402173e+02,3.062753999999999905e+02
5.545491667278462273e+02,3.062753999999999905e+02
5.545782421457257669e+02,3.062753999999999905e+02
5.546501198221967570e+02,3.062753999999999905e+02
5.546364430539608747e+02,3.062753999999999905e+02
5.547510729165471730e+02,3.062753999999999905e+02
5.547802062535857885e+02,3.062753999999999905e+02
5.548520260108975890e+02,3.062753999999999905e+02
5.542360251851850990e+02,3.062753999999999905e+02
5.549529791052480050e+02,3.062753999999999905e+02
5.549821703614458102e+02,3.062753999999999905e+02
5.550539321995984210e+02,3.062753999999999905e+02
5.550406031458094276e+02,3.062753999999999905e+02
5.551548852939489507e+02,3.062753999999999905e+02
5.551841344693057181e+02,3.062753999999999905e+02
5.552558383882993667e+02,3.062753999999999905e+02
5.551576702068965687e+02,3.062753999999999905e+02
5.553567914826497827e+02,3.062753999999999905e+02
5.553860985771657397e+02,3.062753999999999905e+02
5.554577445770003123e+02,3.062753999999999905e+02
5.554447632376578667e+02,3.062753999999999905e+02
5.555586976713507283e+02,3.062753999999999905e+02
5.555880626850257613e+02,3.062753999999999905e+02
5.556596507657011443e+02,3.062753999999999905e+02
5.553926135483870894e+02,3.062753999999999905e+02
5.557606038600515603e+02,3.062753999999999905e+02
5.557900267928857829e+02,3.062753999999999905e+02
5.558615569544019763e+02,3.062753999999999905e+02
5.558489233295063059e+02,3.062753999999999905e+02
5.559625100487525060e+02,3.062753999999999905e+02
5.559919909007458045e+02,3.062753999999999905e+02
5.560634631431029220e+02,3.062753999999999905e+02
5.559669194942528065e+02,3.062753999999999905e+02
5.561644162374533380e+02,3.062753999999999905e+02
5.561939550086058262e+02,3.062753999999999905e+02
5.562653693318038677e+02,3.062753999999999905e+02
5.562530834213547450e+02,3.062753999999999905e+02
5.563663224261542837e+02,3.062753999999999905e+02
5.563959191164658478e+02,3.062753999999999905e+02
5.564672755205046997e+02,3.062753999999999905e+02
6.852547600000000330e+02,2.646502699999999777e+02
5.565682286148551157e+02,3.062753999999999905e+02
5.565978832243258694e+02,3.062753999999999905e+02
5.566691817092055317e+02,3.062753999999999905e+02
5.566572435132031842e+02,3.062753999999999905e+02
5.567701348035560613e+02,3.062753999999999905e+02
5.567998473321858910e+02,3.062753999999999905e+02
5.568710878979064773e+02,3.062753999999999905e+02
5.567761687816091580e+02,3.062753999999999905e+02
5.569720409922568933e+02,3.062753999999999905e+02
5.570018114400459126e+02,3.062753999999999905e+02
5.570729940866074230e+02,3.062753999999999905e+02
5.570614036050516233e+02,3.062753999999999905e+02
5.571739471809578390e+02,3.062753999999999905e+02
5.572037755479059342e+02,3.062753999999999905e+02
5.572749002753082550e+02,3.062753999999999905e+02
5.570148413824884983e+02,3.062753999999999905e+02
5.573758533696586710e+02,3.062753999999999905e+02
5.574057396557659558e+02,3.062753999999999905e+02
5.574768064640090870e+02,3.062753999999999905e+02
5.574655636969000625e+02,3.062753999999999905e+02
5.575777595583596167e+02,3.062753999999999905e+02
5.576077037636258638e+02,3.062753999999999905e+02
5.576787126527100327e+02,3.062753999999999905e+02
5.575854180689655095e+02,3.062753999999999905e+02
5.577796657470604487e+02,3.062753999999999905e+02
5.578096678714858854e+02,3.062753999999999905e+02
5.578806188414109783e+02,3.062753999999999905e+02
5.578697237887485016e+02,3.062753999999999905e+02
5.579815719357613943e+02,3.062753999999999905e+02
5.580116319793459070e+02,3.062753999999999905e+02
5.580825250301118103e+02,3.062753999999999905e+02
5.574955014814814831e+02,3.062753999999999905e+02
5.581834781244622263e+02,3.062753999999999905e+02
5.582135960872059286e+02,3.062753999999999905e+02
5.582844312188126423e+02,3.062753999999999905e+02
5.582738838805969408e+02,3.062753999999999905e+02
5.583853843131631720e+02,3.062753999999999905e+02
5.584155601950659502e+02,3.062753999999999905e+02
5.584863374075135880e+02,3.062753999999999905e+02
5.583946673563218610e+02,3.062753999999999905e+02
5.585872905018640040e+02,3.062753999999999905e+02
5.586175243029259718e+02,3.062753999999999905e+02
5.586882435962145337e+02,3.062753999999999905e+02
5.586780439724454936e+02,3.062753999999999905e+02
5.587891966905649497e+02,3.062753999999999905e+02
5.588194884107859934e+02,3.062753999999999905e+02
5.588901497849153657e+02,3.062753999999999905e+02
5.586370692165897935e+02,3.062753999999999905e+02
5.589911028792657817e+02,3.062753999999999905e+02
5.590214525186460151e+02,3.062753999999999905e+02
5.590920559736161977e+02,3.062753999999999905e+02
5.590822040642939328e+02,3.062753999999999905e+02
5.591930090679667273e+02,3.062753999999999905e+02
5.592234166265060367e+02,3.062753999999999905e+02
5.592939621623171433e+02,3.062753999999999905e+02
5.592039166436780988e+02,3.062753999999999905e+02
5.593949152566675593e+02,3.062753999999999905e+02
5.594253807343660583e+02,3.062753999999999905e+02
5.594958683510180890e+02,3.062753999999999905e+02
5.594863641561423719e+02,3.062753999999999905e+02
5.595968214453685050e+02,3.062753999999999905e+02
5.596273448422259662e+02,3.062753999999999905e+02
5.596977745397189210e+02,3.062753999999999905e+02
5.657936399999999821e+02,3.446155999999999722e+02
5.597987276340693370e+02,3.041714000000000055e+02
5.598293089500859878e+02,3.041714000000000055e+02
5.598996807284197530e+02,3.041714000000000055e+02
5.598905242479908111e+02,3.041714000000000055e+02
5.600006338227702827e+02,3.041714000000000055e+02
5.600312730579460094e+02,3.041714000000000055e+02
5.601015869171206987e+02,3.041714000000000055e+02
5.600131659310344503e+02,3.041714000000000055e+02
5.602025400114711147e+02,3.041714000000000055e+02
5.602332371658060310e+02,3.041714000000000055e+02
5.603034931058216443e+02,3.041714000000000055e+02
5.602946843398392502e+02,3.041714000000000055e+02
5.604044462001720603e+02,3.041714000000000055e+02
5.604352012736660527e+02,3.041714000000000055e+02
5.605053992945224763e+02,3.041714000000000055e+02
5.602592970506912025e+02,3.041714000000000055e+02
5.606063523888728923e+02,3.041714000000000055e+02
5.606371653815260743e+02,3.041714000000000055e+02
5.607073054832233083e+02,3.041714000000000055e+02
5.606988444316876894e+02,3.041714000000000055e+02
5.608082585775738380e+02,3.041714000000000055e+02
5.608391294893860959e+02,3.041714000000000055e+02
5.609092116719242540e+02,3.041714000000000055e+02
5.608224152183908018e+02,3.041714000000000055e+02
5.610101647662746700e+02,3.041714000000000055e+02
5.610410935972461175e+02,3.041714000000000055e+02
5.611111178606251997e+02,3.041714000000000055e+02
5.611030045235361285e+02,3.041714000000000055e+02
5.612120709549756157e+02,3.041714000000000055e+02
5.612430577051061391e+02,3.041714000000000055e+02
5.613130240493260317e+02,3.041714000000000055e+02
5.607549777777777535e+02,3.041714000000000055e+02
5.614139771436764477e+02,3.041714000000000055e+02
5.614450218129661607e+02,3.041714000000000055e+02
5.615149302380268637e+02,3.041714000000000055e+02
5.615071646153845677e+02,3.041714000000000055e+02
5.616158833323773933e+02,3.041714000000000055e+02
5.616469859208261823e+02,3.041714000000000055e+02
5.617168364267278093e+02,3.041714000000000055e+02
5.616316645057470396e+02,3.041714000000000055e+02
5.618177895210782253e+02,3.041714000000000055e+02
5.618489500286862040e+02,3.041714000000000055e+02
5.619187426154287550e+02,3.041714000000000055e+02
5.619113247072330068e+02,3.041714000000000055e+02
5.620196957097791710e+02,3.041714000000000055e+02
5.620509141365462256e+02,3.041714000000000055e+02
5.621206488041295870e+02,3.041714000000000055e+02
5.618815248847926114e+02,3.041714000000000055e+02
5.622216018984800030e+02,3.041714000000000055e+02
5.622528782444061335e+02,3.041714000000000055e+02
5.623225549928304190e+02,3.041714000000000055e+02
5.623154847990814460e+02,3.041714000000000055e+02
5.624235080871809487e+02,3.041714000000000055e+02
5.624548423522661551e+02,3.041714000000000055e+02
5.625244611815313647e+02,3.041714000000000055e+02
5.624409137931033911e+02,3.041714000000000055e+02
5.626254142758817807e+02,3.041714000000000055e+02
5.626568064601261767e+02,3.041714000000000055e+02
5.627263673702323103e+02,3.041714000000000055e+02
5.627196448909298852e+02,3.041714000000000055e+02
5.628273204645827263e+02,3.041714000000000055e+02
5.628587705679861983e+02,3.041714000000000055e+02
5.629282735589331423e+02,3.041714000000000055e+02
5.657936399999999821e+02,3.446155999999999722e+02
5.630292266532835583e+02,3.446155999999999722e+02
5.630607346758462199e+02,3.446155999999999722e+02
5.631301797476339743e+02,3.446155999999999722e+02
5.631238049827784380e+02,3.446155999999999722e+02
5.632311328419845040e+02,3.446155999999999722e+02
5.632626987837062416e+02,3.446155999999999722e+02
5.633320859363349200e+02,3.446155999999999722e+02
5.632501630804597426e+02,3.446155999999999722e+02
5.634330390306853360e+02,3.446155999999999722e+02
5.634646628915662632e+02,3.446155999999999722e+02
5.635339921250358657e+02,3.446155999999999722e+02
5.635279650746268771e+02,3.446155999999999722e+02
5.636349452193862817e+02,3.446155999999999722e+02
5.636666269994262848e+02,3.446155999999999722e+02
5.637358983137366977e+02,3.446155999999999722e+02
5.635037527188940203e+02,3.446155999999999722e+02
5.638368514080871137e+02,3.446155999999999722e+02
5.638685911072863064e+02,3.446155999999999722e+02
5.639378045024375297e+02,3.446155999999999722e+02
5.639321251664753163e+02,3.446155999999999722e+02
5.640387575967880593e+02,3.446155999999999722e+02
5.640705552151463280e+02,3.446155999999999722e+02
5.641397106911384753e+02,3.446155999999999722e+02
5.640594123678160940e+02,3.446155999999999722e+02
5.642406637854888913e+02,3.446155999999999722e+02
5.642725193230062359e+02,3.446155999999999722e+02
5.643416168798394210e+02,3.446155999999999722e+02
5.643362852583237554e+02,3.446155999999999722e+02
5.644425699741898370e+02,3.446155999999999722e+02
5.644744834308662575e+02,3.446155999999999722e+02
5.645435230685402530e+02,3.446155999999999722e+02
5.640144540740740240e+02,3.446155999999999722e+02
5.646444761628906690e+02,3.446155999999999722e+02
5.646764475387262792e+02,3.446155999999999722e+02
5.647454292572410850e+02,3.446155999999999722e+02
5.647404453501721946e+02,3.446155999999999722e+02
5.648463823515916147e+02,3.446155999999999722e+02
5.648784116465863008e+02,3.446155999999999722e+02
5.649473354459420307e+02,3.446155999999999722e+02
5.648686616551724455e+02,3.446155999999999722e+02
5.650482885402924467e+02,3.446155999999999722e+02
5.650803757544463224e+02,3.446155999999999722e+02
5.651492416346429764e+02,3.446155999999999722e+02
5.651446054420206337e+02,3.446155999999999722e+02
5.652501947289933923e+02,3.446155999999999722e+02
5.652823398623063440e+02,3.446155999999999722e+02
5.653511478233438083e+02,3.446155999999999722e+02
5.651259805529953155e+02,3.446155999999999722e+02
5.654521009176942243e+02,3.446155999999999722e+02
5.654843039701663656e+02,3.446155999999999722e+02
5.655530540120447540e+02,3.446155999999999722e+02
5.655487655338690729e+02,3.446155999999999722e+02
5.656540071063951700e+02,3.446155999999999722e+02
5.656862680780263872e+02,3.446155999999999722e+02
5.657549602007455860e+02,3.446155999999999722e+02
5.656779109425286833e+02,3.446155999999999722e+02
5.658559132950960020e+02,3.446155999999999722e+02
5.658882321858864088e+02,3.446155999999999722e+02
5.659568663894465317e+02,3.446155999999999722e+02
5.659529256257175120e+02,3.446155999999999722e+02
5.660578194837969477e+02,3.446155999999999722e+02
5.660901962937464305e+02,3.446155999999999722e+02
5.661587725781473637e+02,3.446155999999999722e+02
5.657936399999999821e+02,3.446155999999999722e+02
5.662597256724977797e+02,3.446155999999999722e+02
5.662921604016064521e+02,3.446155999999999722e+02
5.663606787668483094e+02,3.446155999999999722e+02
5.663570857175659512e+02,3.446155999999999722e+02
5.664616318611987253e+02,3.446155999999999722e+02
5.664941245094664737e+02,3.446155999999999722e+02
5.665625849555491413e+02,3.446155999999999722e+02
5.664871602298850348e+02,3.446155999999999722e+02
5.666635380498995573e+02,3.446155999999999722e+02
5.666960886173263816e+02,3.446155999999999722e+02
5.667644911442500870e+02,3.446155999999999722e+02
5.667612458094143904e+02,3.446155999999999722e+02
5.668654442386005030e+02,3.446155999999999722e+02
5.668980527251864032e+02,3.446155999999999722e+02
5.669663973329509190e+02,3.446155999999999722e+02
5.667482083870967244e+02,3.446155999999999722e+02
5.670673504273013350e+02,3.446155999999999722e+02
5.671000168330464248e+02,3.446155999999999722e+02
5.671683035216518647e+02,3.446155999999999722e+02
5.671654059012628295e+02,3.446155999999999722e+02
5.672692566160022807e+02,3.446155999999999722e+02
5.673019809409064464e+02,3.446155999999999722e+02
5.673702097103526967e+02,3.446155999999999722e+02
5.672964095172413863e+02,3.446155999999999722e+02
5.674711628047031127e+02,3.446155999999999722e+02
5.675039450487664681e+02,3.446155999999999722e+02
5.675721158990536424e+02,3.446155999999999722e+02
5.675695659931113823e+02,3.446155999999999722e+02
5.676730689934040583e+02,3.446155999999999722e+02
5.677059091566264897e+02,3.446155999999999722e+02
5.677740220877544743e+02,3.446155999999999722e+02
5.672739303703702944e+02,3.446155999999999722e+02
5.678749751821048903e+02,3.446155999999999722e+02
5.679078732644865113e+02,3.446155999999999722e+02
5.679759282764554200e+02,3.446155999999999722e+02
5.679737260849598215e+02,3.446155999999999722e+02
5.680768813708058360e+02,3.446155999999999722e+02
5.681098373723465329e+02,3.446155999999999722e+02
5.681778344651562520e+02,3.446155999999999722e+02
5.681056588045976241e+02,3.446155999999999722e+02
5.682787875595066680e+02,3.446155999999999722e+02
5.683118014802065545e+02,3.446155999999999722e+02
5.683797406538571977e+02,3.446155999999999722e+02
5.683778861768082606e+02,3.446155999999999722e+02
5.684806937482076137e+02,3.446155999999999722e+02
5.685137655880665761e+02,3.446155999999999722e+02
5.685816468425580297e+02,3.446155999999999722e+02
5.683704362211981334e+02,3.446155999999999722e+02
5.686825999369084457e+02,3.446155999999999722e+02
5.687157296959264841e+02,3.446155999999999722e+02
5.687835530312589754e+02,3.446155999999999722e+02
5.687820462686566998e+02,3.446155999999999722e+02
5.688845061256093913e+02,3.446155999999999722e+02
5.689176938037865057e+02,3.446155999999999722e+02
5.689854592199598073e+02,3.446155999999999722e+02
5.689149080919539756e+02,3.446155999999999722e+02
5.690864123143102233e+02,3.446155999999999722e+02
5.691196579116465273e+02,3.446155999999999722e+02
5.691873654086607530e+02,3.446155999999999722e+02
5.691862063605051389e+02,3.446155999999999722e+02
5.692883185030111690e+02,3.446155999999999722e+02
5.693216220195065489e+02,3.446155999999999722e+02
5.693892715973615850e+02,3.446155999999999722e+02
5.657936399999999821e+02,3.446155999999999722e+02
5.694902246917120010e+02,3.739874300000000176e+02
5.695235861273665705e+02,3.739874300000000176e+02
5.695911777860625307e+02,3.739874300000000176e+02
5.695903664523535781e+02,3.739874300000000176e+02
5.696921308804129467e+02,3.739874300000000176e+02
5.697255502352265921e+02,3.739874300000000176e+02
5.697930839747633627e+02,3.739874300000000176e+02
5.697241573793103271e+02,3.739874300000000176e+02
5.698940370691137787e+02,3.739874300000000176e+02
5.699275143430866137e+02,3.739874300000000176e+02
5.699949901634643084e+02,3.739874300000000176e+02
5.699945265442020172e+02,3.739874300000000176e+02
5.700959432578147243e+02,3.739874300000000176e+02
5.701294784509466353e+02,3.739874300000000176e+02
5.701968963521651403e+02,3.739874300000000176e+02
5.699926640552995423e+02,3.739874300000000176e+02
5.702978494465155563e+02,3.739874300000000176e+02
5.703314425588066570e+02,3.739874300000000176e+02
5.703988025408660860e+02,3.739874300000000176e+02
5.703986866360504564e+02,3.739874300000000176e+02
5.704997556352165020e+02,3.739874300000000176e+02
5.705334066666666786e+02,3.739874300000000176e+02
5.706007087295669180e+02,3.739874300000000176e+02
5.705334066666666786e+02,3.739874300000000176e+02
5.707016618239173340e+02,3.739874300000000176e+02
5.707353707745267002e+02,3.739874300000000176e+02
5.708026149182678637e+02,3.739874300000000176e+02
5.708028467278988956e+02,3.739874300000000176e+02
5.709035680126182797e+02,3.739874300000000176e+02
5.709373348823867218e+02,3.739874300000000176e+02
5.710045211069686957e+02,3.739874300000000176e+02
5.705334066666666786e+02,3.739874300000000176e+02
5.711054742013191117e+02,3.739874300000000176e+02
5.711392989902467434e+02,3.739874300000000176e+02
5.712064272956696414e+02,3.739874300000000176e+02
5.712070068197474484e+02,3.739874300000000176e+02
5.713073803900200573e+02,3.739874300000000176e+02
5.713412630981066513e+02,3.739874300000000176e+02
5.714083334843704733e+02,3.739874300000000176e+02
5.713426559540229164e+02,3.739874300000000176e+02
5.715092865787208893e+02,3.739874300000000176e+02
5.715432272059666730e+02,3.739874300000000176e+02
5.716102396730714190e+02,3.739874300000000176e+02
5.716111669115957739e+02,3.739874300000000176e+02
5.717111927674218350e+02,3.739874300000000176e+02
5.717451913138266946e+02,3.739874300000000176e+02
5.718121458617722510e+02,3.739874300000000176e+02
5.716148918894009512e+02,3.739874300000000176e+02
5.719130989561226670e+02,3.739874300000000176e+02
5.719471554216867162e+02,3.739874300000000176e+02
5.720140520504731967e+02,3.739874300000000176e+02
5.720153270034443267e+02,3.739874300000000176e+02
5.721150051448236127e+02,3.739874300000000176e+02
5.721491195295467378e+02,3.739874300000000176e+02
5.722159582391740287e+02,3.739874300000000176e+02
5.721519052413792679e+02,3.739874300000000176e+02
5.723169113335244447e+02,3.739874300000000176e+02
5.723510836374067594e+02,3.739874300000000176e+02
5.724178644278749744e+02,3.739874300000000176e+02
5.724194870952927658e+02,3.739874300000000176e+02
5.725188175222253903e+02,3.739874300000000176e+02
5.725530477452667810e+02,3.739874300000000176e+02
5.726197706165758063e+02,3.739874300000000176e+02
5.730557000000000016e+02,3.739874300000000176e+02
5.727207237109262223e+02,3.739874300000000176e+02
5.727550118531268026e+02,3.739874300000000176e+02
5.728216768052767520e+02,3.739874300000000176e+02
5.728236471871412050e+02,3.739874300000000176e+02
5.729226298996271680e+02,3.739874300000000176e+02
5.729569759609868242e+02,3.739874300000000176e+02
5.730235829939775840e+02,3.739874300000000176e+02
5.729611545287356194e+02,3.739874300000000176e+02
5.731245360883280000e+02,3.739874300000000176e+02
5.731589400688468459e+02,3.739874300000000176e+02
5.732254891826785297e+02,3.739874300000000176e+02
5.732278072789896441e+02,3.739874300000000176e+02
5.733264422770289457e+02,3.739874300000000176e+02
5.733609041767067538e+02,3.739874300000000176e+02
5.734273953713793617e+02,3.739874300000000176e+02
5.732371197235022464e+02,3.739874300000000176e+02
5.735283484657297777e+02,3.878330000000000268e+02
5.735628682845667754e+02,3.878330000000000268e+02
5.736293015600803074e+02,3.878330000000000268e+02
5.736319673708380833e+02,3.878330000000000268e+02
5.737302546544307233e+02,3.878330000000000268e+02
5.737648323924267970e+02,3.878330000000000268e+02
5.738312077487811393e+02,3.878330000000000268e+02
5.737704038160919708e+02,3.878330000000000268e+02
5.739321608431315553e+02,3.878330000000000268e+02
5.739667965002868186e+02,3.878330000000000268e+02
5.740331139374820850e+02,3.878330000000000268e+02
5.740361274626865224e+02,3.878330000000000268e+02
5.741340670318325010e+02,3.878330000000000268e+02
5.741687606081468402e+02,3.878330000000000268e+02
5.742350201261829170e+02,3.878330000000000268e+02
5.737928829629629490e+02,3.878330000000000268e+02
5.743359732205333330e+02,3.878330000000000268e+02
5.743707247160068619e+02,3.878330000000000268e+02
5.744369263148838627e+02,3.878330000000000268e+02
5.744402875545349616e+02,3.878330000000000268e+02
5.745378794092342787e+02,3.878330000000000268e+02
5.745726888238668835e+02,3.878330000000000268e+02
5.746388325035846947e+02,3.878330000000000268e+02
5.745796531034482086e+02,3.878330000000000268e+02
5.747397855979351107e+02,3.878330000000000268e+02
5.747746529317269051e+02,3.878330000000000268e+02
5.748407386922856404e+02,3.878330000000000268e+02
5.748444476463834008e+02,3.878330000000000268e+02
5.749416917866360563e+02,3.878330000000000268e+02
5.749766170395869267e+02,3.878330000000000268e+02
5.750426448809864723e+02,3.878330000000000268e+02
5.748593475576036553e+02,3.878330000000000268e+02
5.751435979753368883e+02,3.878330000000000268e+02
5.751785811474469483e+02,3.878330000000000268e+02
5.752445510696874180e+02,3.878330000000000268e+02
5.752486077382318399e+02,3.878330000000000268e+02
5.753455041640378340e+02,3.878330000000000268e+02
5.753805452553069699e+02,3.878330000000000268e+02
5.754464572583882500e+02,3.878330000000000268e+02
5.753889023908045601e+02,3.878330000000000268e+02
5.755474103527386660e+02,3.878330000000000268e+02
5.755825093631669915e+02,3.878330000000000268e+02
5.756483634470891957e+02,3.878330000000000268e+02
5.756527678300803927e+02,3.878330000000000268e+02
5.757493165414396117e+02,3.878330000000000268e+02
5.757844734710268995e+02,3.878330000000000268e+02
5.758502696357900277e+02,3.878330000000000268e+02
5.775917399999999589e+02,3.876242700000000241e+02
5.759512227301404437e+02,2.778571800000000280e+02
5.759864375788869211e+02,2.778571800000000280e+02
5.760521758244909734e+02,2.778571800000000280e+02
5.760569279219288319e+02,2.778571800000000280e+02
5.761531289188413893e+02,2.778571800000000280e+02
5.761884016867469427e+02,2.778571800000000280e+02
5.762540820131918053e+02,2.778571800000000280e+02
5.761981516781609116e+02,2.778571800000000280e+02
5.763550351075422213e+02,2.778571800000000280e+02
5.763903657946069643e+02,2.778571800000000280e+02
5.764559882018927510e+02,2.778571800000000280e+02
5.764610880137772710e+02,2.778571800000000280e+02
5.765569412962431670e+02,2.778571800000000280e+02
5.765923299024669859e+02,2.778571800000000280e+02
5.766578943905935830e+02,2.778571800000000280e+02
5.764815753917050642e+02,2.778571800000000280e+02
5.767588474849439990e+02,2.778571800000000280e+02
5.767942940103270075e+02,2.778571800000000280e+02
5.768598005792945287e+02,2.778571800000000280e+02
5.768652481056257102e+02,2.778571800000000280e+02
5.769607536736449447e+02,2.778571800000000280e+02
5.769962581181870291e+02,2.778571800000000280e+02
5.770617067679953607e+02,2.778571800000000280e+02
5.770074009655172631e+02,2.778571800000000280e+02
5.771626598623457767e+02,2.778571800000000280e+02
5.771982222260470508e+02,2.778571800000000280e+02
5.772636129566963064e+02,2.778571800000000280e+02
5.772694081974741493e+02,2.778571800000000280e+02
5.773645660510467224e+02,2.778571800000000280e+02
5.774001863339070724e+02,2.778571800000000280e+02
5.774655191453971383e+02,2.778571800000000280e+02
5.770523592592592195e+02,2.778571800000000280e+02
5.775664722397475543e+02,3.876242700000000241e+02
5.776021504417670940e+02,3.876242700000000241e+02
5.776674253340980840e+02,3.876242700000000241e+02
5.776735682893225885e+02,3.876242700000000241e+02
5.777683784284485000e+02,3.876242700000000241e+02
5.778041145496270019e+02,3.876242700000000241e+02
5.778693315227989160e+02,3.876242700000000241e+02
5.778166502528735009e+02,3.876242700000000241e+02
5.779702846171493320e+02,3.876242700000000241e+02
5.780060786574870235e+02,3.876242700000000241e+02
5.780712377114998617e+02,3.876242700000000241e+02
5.780777283811710276e+02,3.876242700000000241e+02
5.781721908058502777e+02,3.876242700000000241e+02
5.782080427653470451e+02,3.876242700000000241e+02
5.782731439002006937e+02,3.876242700000000241e+02
5.781038032258064732e+02,3.876242700000000241e+02
5.783740969945511097e+02,3.876242700000000241e+02
5.784100068732070667e+02,3.876242700000000241e+02
5.784750500889016394e+02,3.876242700000000241e+02
5.784818884730194668e+02,3.876242700000000241e+02
5.785760031832520554e+02,3.876242700000000241e+02
5.786119709810670884e+02,3.876242700000000241e+02
5.786769562776024713e+02,3.876242700000000241e+02
5.786258995402298524e+02,3.876242700000000241e+02
5.787779093719528873e+02,3.876242700000000241e+02
5.788139350889271100e+02,3.876242700000000241e+02
5.788788624663034170e+02,3.876242700000000241e+02
5.788860485648679060e+02,3.876242700000000241e+02
5.789798155606538330e+02,3.876242700000000241e+02
5.790158991967871316e+02,3.876242700000000241e+02
5.790807686550042490e+02,3.876242700000000241e+02
5.815073999999999614e+02,3.987033700000000067e+02
5.791817217493546650e+02,3.163397199999999998e+02
5.792178633046471532e+02,3.163397199999999998e+02
5.792826748437051947e+02,3.163397199999999998e+02
5.792902086567163451e+02,3.163397199999999998e+02
5.793836279380556107e+02,3.163397199999999998e+02
5.794198274125071748e+02,3.163397199999999998e+02
5.794845810324060267e+02,3.163397199999999998e+02
5.794351488275862039e+02,3.163397199999999998e+02
5.795855341267564427e+02,3.163397199999999998e+02
5.796217915203671964e+02,3.163397199999999998e+02
5.796864872211069724e+02,3.163397199999999998e+02
5.796943687485647843e+02,3.163397199999999998e+02
5.797874403154573884e+02,3.163397199999999998e+02
5.798237556282272180e+02,3.163397199999999998e+02
5.798883934098078043e+02,3.163397199999999998e+02
5.797260310599077684e+02,3.163397199999999998e+02
5.799893465041582203e+02,3.163397199999999998e+02
5.800257197360872397e+02,3.163397199999999998e+02
5.800902995985087500e+02,3.163397199999999998e+02
5.800985288404133371e+02,3.163397199999999998e+02
5.801912526928591660e+02,3.163397199999999998e+02
5.802276838439472613e+02,3.163397199999999998e+02
5.802922057872095820e+02,3.163397199999999998e+02
5.802443981149425554e+02,3.163397199999999998e+02
5.803931588815599980e+02,3.163397199999999998e+02
5.804296479518071692e+02,3.163397199999999998e+02
5.804941119759105277e+02,3.163397199999999998e+02
5.805026889322617762e+02,3.163397199999999998e+02
5.805950650702609437e+02,3.163397199999999998e+02
5.806316120596671908e+02,3.163397199999999998e+02
5.806960181646113597e+02,3.163397199999999998e+02
5.803118355555554899e+02,3.163397199999999998e+02
5.807969712589617757e+02,3.987033700000000067e+02
5.808335761675272124e+02,3.987033700000000067e+02
5.808979243533123054e+02,3.987033700000000067e+02
5.809068490241102154e+02,3.987033700000000067e+02
5.809988774476627214e+02,3.987033700000000067e+02
5.810355402753872340e+02,3.987033700000000067e+02
5.810998305420131373e+02,3.987033700000000067e+02
5.810536474022987932e+02,3.987033700000000067e+02
5.812007836363636670e+02,3.987033700000000067e+02
5.812375043832472556e+02,3.987033700000000067e+02
5.813017367307140830e+02,3.987033700000000067e+02
5.813110091159586545e+02,3.987033700000000067e+02
5.814026898250644990e+02,3.987033700000000067e+02
5.814394684911072773e+02,3.987033700000000067e+02
5.815036429194149150e+02,3.987033700000000067e+02
5.813482588940091773e+02,3.987033700000000067e+02
5.816045960137653310e+02,3.987033700000000067e+02
5.816414325989672989e+02,3.987033700000000067e+02
5.817055491081158607e+02,3.987033700000000067e+02
5.817151692078070937e+02,3.987033700000000067e+02
5.818065022024662767e+02,3.987033700000000067e+02
5.818433967068273205e+02,3.987033700000000067e+02
5.819074552968166927e+02,3.987033700000000067e+02
5.818628966896551447e+02,3.987033700000000067e+02
5.820084083911672224e+02,3.987033700000000067e+02
5.820453608146873421e+02,3.987033700000000067e+02
5.821093614855176384e+02,3.987033700000000067e+02
5.821193292996555329e+02,3.987033700000000067e+02
5.822103145798680544e+02,3.987033700000000067e+02
5.822473249225472500e+02,3.987033700000000067e+02
5.823112676742184703e+02,3.987033700000000067e+02
5.854613000000000511e+02,4.093928199999999720e+02
5.824122207685688863e+02,4.093928199999999720e+02
5.824492890304072716e+02,4.093928199999999720e+02
5.825131738629194160e+02,4.093928199999999720e+02
5.825234893915039720e+02,4.093928199999999720e+02
5.826141269572698320e+02,4.093928199999999720e+02
5.826512531382672933e+02,4.093928199999999720e+02
5.827150800516202480e+02,4.093928199999999720e+02
5.826721459770114961e+02,4.093928199999999720e+02
5.828160331459707777e+02,4.093928199999999720e+02
5.828532172461273149e+02,4.093928199999999720e+02
5.829169862403211937e+02,4.093928199999999720e+02
5.829276494833524112e+02,4.093928199999999720e+02
5.830179393346716097e+02,4.093928199999999720e+02
5.830551813539873365e+02,4.093928199999999720e+02
5.831188924290220257e+02,4.093928199999999720e+02
5.829704867281105862e+02,4.093928199999999720e+02
5.832198455233724417e+02,4.093928199999999720e+02
5.832571454618473581e+02,4.093928199999999720e+02
5.833207986177229714e+02,4.093928199999999720e+02
5.833318095752008503e+02,4.093928199999999720e+02
5.834217517120733874e+02,4.093928199999999720e+02
5.834591095697073797e+02,4.093928199999999720e+02
5.835227048064238033e+02,4.093928199999999720e+02
5.834813952643678476e+02,4.093928199999999720e+02
5.836236579007743330e+02,4.093928199999999720e+02
5.836610736775674013e+02,4.093928199999999720e+02
5.837246109951247490e+02,4.093928199999999720e+02
5.837359696670494031e+02,4.093928199999999720e+02
5.838255640894751650e+02,4.093928199999999720e+02
5.838630377854274229e+02,4.093928199999999720e+02
5.839265171838255810e+02,4.093928199999999720e+02
5.835713118518517604e+02,4.093928199999999720e+02
5.840274702781759970e+02,4.093928199999999720e+02
5.840650018932874445e+02,4.093928199999999720e+02
5.841284233725265267e+02,4.093928199999999720e+02
5.841401297588977286e+02,4.093928199999999720e+02
5.842293764668769427e+02,4.093928199999999720e+02
5.842669660011474662e+02,4.093928199999999720e+02
5.843303295612273587e+02,4.093928199999999720e+02
5.842906445517240854e+02,4.093928199999999720e+02
5.844312826555778884e+02,4.093928199999999720e+02
5.844689301090074878e+02,4.093928199999999720e+02
5.845322357499283044e+02,4.093928199999999720e+02
5.845442898507462814e+02,4.093928199999999720e+02
5.846331888442787204e+02,4.093928199999999720e+02
5.846708942168675094e+02,4.093928199999999720e+02
5.847341419386291363e+02,4.093928199999999720e+02
5.845927145622119951e+02,4.093928199999999720e+02
5.848350950329795523e+02,4.093928199999999720e+02
5.848728583247275310e+02,4.093928199999999720e+02
5.849360481273300820e+02,4.093928199999999720e+02
5.849484499425947206e+02,4.093928199999999720e+02
5.850370012216804980e+02,4.093928199999999720e+02
5.850748224325874389e+02,4.093928199999999720e+02
5.851379543160309140e+02,4.093928199999999720e+02
5.850998938390804369e+02,4.093928199999999720e+02
5.852389074103814437e+02,4.093928199999999720e+02
5.852767865404474605e+02,4.093928199999999720e+02
5.853398605047318597e+02,4.093928199999999720e+02
5.853526100344431597e+02,4.093928199999999720e+02
5.854408135990822757e+02,4.093928199999999720e+02
5.854787506483074822e+02,4.093928199999999720e+02
5.855417666934326917e+02,4.093928199999999720e+02
5.930303300000000490e+02,4.241286600000000249e+02
5.856427197877831077e+02,4.093928199999999720e+02
5.856807147561675038e+02,4.093928199999999720e+02
5.857436728821336374e+02,4.093928199999999720e+02
5.857567701262915989e+02,4.093928199999999720e+02
5.858446259764840534e+02,4.093928199999999720e+02
5.858826788640275254e+02,4.093928199999999720e+02
5.859455790708344693e+02,4.093928199999999720e+02
5.859091431264367884e+02,4.093928199999999720e+02
5.860465321651849990e+02,4.093928199999999720e+02
5.860846429718875470e+02,4.093928199999999720e+02
5.861474852595354150e+02,4.093928199999999720e+02
5.861609302181400381e+02,4.093928199999999720e+02
5.862484383538858310e+02,4.093928199999999720e+02
5.862866070797475686e+02,4.093928199999999720e+02
5.863493914482362470e+02,4.093928199999999720e+02
5.862149423963132904e+02,4.093928199999999720e+02
5.864503445425866630e+02,4.093928199999999720e+02
5.864885711876075902e+02,4.093928199999999720e+02
5.865512976369371927e+02,4.093928199999999720e+02
5.865650903099884772e+02,4.093928199999999720e+02
5.866522507312876087e+02,4.093928199999999720e+02
5.866905352954674981e+02,4.093928199999999720e+02
5.867532038256380247e+02,4.093928199999999720e+02
5.867183924137930262e+02,4.093928199999999720e+02
5.868541569199885544e+02,4.093928199999999720e+02
5.868924994033275198e+02,4.093928199999999720e+02
5.869551100143389704e+02,4.093928199999999720e+02
5.869692504018369164e+02,4.093928199999999720e+02
5.870560631086893864e+02,4.093928199999999720e+02
5.870944635111875414e+02,4.093928199999999720e+02
5.871570162030398023e+02,4.093928199999999720e+02
5.868307881481481445e+02,4.093928199999999720e+02
5.872579692973902183e+02,4.093928199999999720e+02
5.872964276190475630e+02,4.093928199999999720e+02
5.873589223917407480e+02,4.093928199999999720e+02
5.873734104936853555e+02,4.093928199999999720e+02
5.874598754860911640e+02,4.093928199999999720e+02
5.874983917269075846e+02,4.093928199999999720e+02
5.875608285804415800e+02,4.093928199999999720e+02
5.875276417011493777e+02,4.093928199999999720e+02
5.876617816747921097e+02,4.093928199999999720e+02
5.877003558347676062e+02,4.093928199999999720e+02
5.877627347691425257e+02,4.093928199999999720e+02
5.877775705855337947e+02,4.093928199999999720e+02
5.878636878634929417e+02,4.093928199999999720e+02
5.879023199426276278e+02,4.093928199999999720e+02
5.879646409578433577e+02,4.093928199999999720e+02
5.878371702304146993e+02,4.093928199999999720e+02
5.880655940521937737e+02,4.093928199999999720e+02
5.881042840504876494e+02,4.093928199999999720e+02
5.881665471465443034e+02,4.093928199999999720e+02
5.881817306773823475e+02,4.093928199999999720e+02
5.882675002408947194e+02,4.093928199999999720e+02
5.883062481583476711e+02,4.093928199999999720e+02
5.883684533352451353e+02,4.093928199999999720e+02
5.883368909885057292e+02,4.093928199999999720e+02
5.884694064295956650e+02,4.093928199999999720e+02
5.885082122662076927e+02,4.093928199999999720e+02
5.885703595239460810e+02,4.093928199999999720e+02
5.885858907692306730e+02,4.093928199999999720e+02
5.886713126182964970e+02,4.093928199999999720e+02
5.887101763740677143e+02,4.093928199999999720e+02
5.887722657126469130e+02,4.093928199999999720e+02
5.962837500000000546e+02,4.299119999999999777e+02
5.888732188069973290e+02,3.347883299999999736e+02
5.889121404819277359e+02,3.347883299999999736e+02
5.889741719013478587e+02,3.347883299999999736e+02
5.889900508610792258e+02,3.347883299999999736e+02
5.890751249956982747e+02,3.347883299999999736e+02
5.891141045897877575e+02,3.347883299999999736e+02
5.891760780900486907e+02,3.347883299999999736e+02
5.891461402758620807e+02,3.347883299999999736e+02
5.892770311843992204e+02,3.347883299999999736e+02
5.893160686976477791e+02,3.347883299999999736e+02
5.893779842787496364e+02,3.347883299999999736e+02
5.893942109529276649e+02,3.347883299999999736e+02
5.894789373731000524e+02,3.347883299999999736e+02
5.895180328055076870e+02,3.347883299999999736e+02
5.895798904674504683e+02,3.347883299999999736e+02
5.894593980645161082e+02,3.347883299999999736e+02
5.896808435618008843e+02,3.347883299999999736e+02
5.897199969133677087e+02,3.347883299999999736e+02
5.897817966561514140e+02,3.347883299999999736e+02
5.897983710447761041e+02,3.347883299999999736e+02
5.898827497505018300e+02,3.347883299999999736e+02
5.899219610212277303e+02,3.347883299999999736e+02
5.899837028448522460e+02,3.347883299999999736e+02
5.899553895632184322e+02,3.347883299999999736e+02
5.900846559392027757e+02,3.347883299999999736e+02
5.901239251290877519e+02,3.347883299999999736e+02
5.901856090335531917e+02,3.347883299999999736e+02
5.902025311366245433e+02,3.347883299999999736e+02
5.902865621279036077e+02,3.347883299999999736e+02
5.903258892369477735e+02,3.347883299999999736e+02
5.903875152222540237e+02,3.347883299999999736e+02
5.900902644444444149e+02,3.347883299999999736e+02
5.904884683166044397e+02,3.347883299999999736e+02
5.905278533448077951e+02,3.347883299999999736e+02
5.905894214109549694e+02,3.347883299999999736e+02
5.906066912284729824e+02,3.347883299999999736e+02
5.906903745053053854e+02,3.347883299999999736e+02
5.907298174526678167e+02,3.347883299999999736e+02
5.907913275996558014e+02,3.347883299999999736e+02
5.907646388505746700e+02,3.347883299999999736e+02
5.908922806940063310e+02,3.347883299999999736e+02
5.909317815605278383e+02,3.347883299999999736e+02
5.909932337883567470e+02,3.347883299999999736e+02
5.910108513203214216e+02,3.347883299999999736e+02
5.910941868827071630e+02,3.347883299999999736e+02
5.911337456683878600e+02,3.347883299999999736e+02
5.911951399770575790e+02,3.347883299999999736e+02
5.910816258986175171e+02,3.347883299999999736e+02
5.912960930714079950e+02,3.347883299999999736e+02
5.913357097762477679e+02,3.347883299999999736e+02
5.913970461657585247e+02,3.347883299999999736e+02
5.914150114121698607e+02,3.347883299999999736e+02
5.914979992601089407e+02,3.347883299999999736e+02
5.915376738841077895e+02,3.347883299999999736e+02
5.915989523544593567e+02,3.347883299999999736e+02
5.915738881379310214e+02,3.347883299999999736e+02
5.916999054488098864e+02,3.347883299999999736e+02
5.917396379919678111e+02,3.347883299999999736e+02
5.918008585431603024e+02,3.347883299999999736e+02
5.918191715040182999e+02,3.347883299999999736e+02
5.919018116375107184e+02,3.347883299999999736e+02
5.919416020998278327e+02,3.347883299999999736e+02
5.920027647318611344e+02,3.347883299999999736e+02
5.962837500000000546e+02,4.299119999999999777e+02
5.921037178262115503e+02,3.347883299999999736e+02
5.921435662076878543e+02,3.347883299999999736e+02
5.922046709205620800e+02,3.347883299999999736e+02
5.922233315958667390e+02,3.347883299999999736e+02
5.923056240149124960e+02,3.347883299999999736e+02
5.923455303155478759e+02,3.347883299999999736e+02
5.924065771092629120e+02,3.347883299999999736e+02
5.923831374252873729e+02,3.347883299999999736e+02
5.925075302036134417e+02,3.347883299999999736e+02
5.925474944234078976e+02,3.347883299999999736e+02
5.926084832979638577e+02,3.347883299999999736e+02
5.926274916877152918e+02,3.347883299999999736e+02
5.927094363923142737e+02,3.347883299999999736e+02
5.927494585312679192e+02,3.347883299999999736e+02
5.928103894866646897e+02,3.347883299999999736e+02
5.927038537327189260e+02,3.347883299999999736e+02
5.929113425810151057e+02,4.241286600000000249e+02
5.929514226391279408e+02,4.241286600000000249e+02
5.930122956753656354e+02,4.241286600000000249e+02
5.930316517795636173e+02,4.241286600000000249e+02
5.931132487697160514e+02,4.241286600000000249e+02
5.931533867469879624e+02,4.241286600000000249e+02
5.932142018640664674e+02,4.241286600000000249e+02
5.931923867126436107e+02,4.241286600000000249e+02
5.933151549584169970e+02,4.241286600000000249e+02
5.933553508548479840e+02,4.241286600000000249e+02
5.934161080527674130e+02,4.241286600000000249e+02
5.934358118714121701e+02,4.241286600000000249e+02
5.935170611471178290e+02,4.241286600000000249e+02
5.935573149627080056e+02,4.241286600000000249e+02
5.936180142414682450e+02,4.241286600000000249e+02
5.933497407407406854e+02,4.241286600000000249e+02
5.937189673358186610e+02,4.241286600000000249e+02
5.937592790705680272e+02,4.241286600000000249e+02
5.938199204301691907e+02,4.241286600000000249e+02
5.938399719632606093e+02,4.241286600000000249e+02
5.939208735245196067e+02,4.241286600000000249e+02
5.939612431784280489e+02,4.241286600000000249e+02
5.940218266188700227e+02,4.241286600000000249e+02
5.940016359999999622e+02,4.241286600000000249e+02
5.941227797132205524e+02,4.241286600000000249e+02
5.941632072862879568e+02,4.241286600000000249e+02
5.942237328075709684e+02,4.241286600000000249e+02
5.942441320551090485e+02,4.241286600000000249e+02
5.943246859019213844e+02,4.241286600000000249e+02
5.943651713941479784e+02,4.241286600000000249e+02
5.944256389962718004e+02,4.241286600000000249e+02
5.943260815668202213e+02,4.241286600000000249e+02
5.945265920906222163e+02,4.241286600000000249e+02
5.945671355020080000e+02,4.241286600000000249e+02
5.946275451849727460e+02,4.241286600000000249e+02
5.946482921469574876e+02,4.241286600000000249e+02
5.947284982793231620e+02,4.241286600000000249e+02
5.947690996098680216e+02,4.241286600000000249e+02
5.948294513736735780e+02,4.241286600000000249e+02
5.948108852873563137e+02,4.241286600000000249e+02
5.949304044680241077e+02,4.241286600000000249e+02
5.949710637177280432e+02,4.241286600000000249e+02
5.950313575623745237e+02,4.241286600000000249e+02
5.950524522388059268e+02,4.241286600000000249e+02
5.951323106567249397e+02,4.241286600000000249e+02
5.951730278255880648e+02,4.241286600000000249e+02
5.952332637510753557e+02,4.241286600000000249e+02
6.607627599999999575e+02,3.730477300000000014e+02
5.953342168454257717e+02,4.299119999999999777e+02
5.953749919334480865e+02,4.299119999999999777e+02
5.954351699397763014e+02,4.299119999999999777e+02
5.954566123306543659e+02,4.299119999999999777e+02
5.955361230341267174e+02,4.299119999999999777e+02
5.955769560413081081e+02,4.299119999999999777e+02
5.956370761284771334e+02,4.299119999999999777e+02
5.956201345747126652e+02,4.299119999999999777e+02
5.957380292228276630e+02,4.299119999999999777e+02
5.957789201491680160e+02,4.299119999999999777e+02
5.958389823171780790e+02,4.299119999999999777e+02
5.958607724225028051e+02,4.299119999999999777e+02
5.959399354115284950e+02,4.299119999999999777e+02
5.959808842570280376e+02,4.299119999999999777e+02
5.960408885058789110e+02,4.299119999999999777e+02
5.959483094009216302e+02,4.299119999999999777e+02
5.961418416002293270e+02,4.299119999999999777e+02
5.961828483648880592e+02,4.299119999999999777e+02
5.962427946945798567e+02,4.299119999999999777e+02
5.962649325143513579e+02,4.299119999999999777e+02
5.963437477889302727e+02,4.299119999999999777e+02
5.963848124727480808e+02,4.299119999999999777e+02
5.964447008832806887e+02,4.299119999999999777e+02
5.964293838620689030e+02,4.299119999999999777e+02
5.965456539776312184e+02,4.299119999999999777e+02
5.965867765806081024e+02,4.299119999999999777e+02
5.966466070719816344e+02,4.299119999999999777e+02
5.966690926061996834e+02,4.299119999999999777e+02
5.967475601663320504e+02,4.299119999999999777e+02
5.967887406884681241e+02,4.299119999999999777e+02
5.968485132606824664e+02,4.299119999999999777e+02
5.966092170370370695e+02,4.299119999999999777e+02
5.969494663550328823e+02,2.501948199999999929e+02
5.969907047963281457e+02,2.501948199999999929e+02
5.970504194493834120e+02,2.501948199999999929e+02
5.970732526980482362e+02,2.501948199999999929e+02
5.971513725437338280e+02,2.501948199999999929e+02
5.971926689041881673e+02,2.501948199999999929e+02
5.972523256380842440e+02,2.501948199999999929e+02
5.972386331494252545e+02,2.501948199999999929e+02
5.973532787324347737e+02,2.501948199999999929e+02
5.973946330120481889e+02,2.501948199999999929e+02
5.974542318267851897e+02,2.501948199999999929e+02
5.974774127898966753e+02,2.501948199999999929e+02
5.975551849211356057e+02,2.501948199999999929e+02
5.975965971199082105e+02,2.501948199999999929e+02
5.976561380154860217e+02,2.501948199999999929e+02
5.975705372350230391e+02,2.501948199999999929e+02
5.977570911098364377e+02,2.501948199999999929e+02
5.977985612277682321e+02,2.501948199999999929e+02
5.978580442041869674e+02,2.501948199999999929e+02
5.978815728817451145e+02,2.501948199999999929e+02
5.979589972985373834e+02,2.501948199999999929e+02
5.980005253356282537e+02,2.501948199999999929e+02
5.980599503928877994e+02,2.501948199999999929e+02
5.980478824367816060e+02,2.501948199999999929e+02
5.981609034872383290e+02,2.501948199999999929e+02
5.982024894434882754e+02,2.501948199999999929e+02
5.982618565815887450e+02,2.501948199999999929e+02
5.982857329735935537e+02,2.501948199999999929e+02
5.983628096759391610e+02,2.501948199999999929e+02
5.984044535513482970e+02,2.501948199999999929e+02
5.984637627702895770e+02,2.501948199999999929e+02
6.607627599999999575e+02,3.730477300000000014e+02
5.985647158646399930e+02,2.501948199999999929e+02
5.986064176592082049e+02,2.501948199999999929e+02
5.986656689589905227e+02,2.501948199999999929e+02
5.986898930654419928e+02,2.501948199999999929e+02
5.987666220533409387e+02,2.501948199999999929e+02
5.988083817670682265e+02,2.501948199999999929e+02
5.988675751476913547e+02,2.501948199999999929e+02
5.988571317241378438e+02,2.501948199999999929e+02
5.989685282420418844e+02,2.501948199999999929e+02
5.990103458749282481e+02,2.501948199999999929e+02
5.990694813363923004e+02,2.501948199999999929e+02
5.990940531572904320e+02,2.501948199999999929e+02
5.991704344307427164e+02,2.501948199999999929e+02
5.992123099827882697e+02,2.501948199999999929e+02
5.992713875250931324e+02,2.501948199999999929e+02
5.991927650691243343e+02,2.501948199999999929e+02
5.993723406194435483e+02,2.501948199999999929e+02
5.994142740906482913e+02,2.501948199999999929e+02
5.994732937137940780e+02,2.501948199999999929e+02
5.994982132491388711e+02,2.501948199999999929e+02
5.995742468081444940e+02,2.501948199999999929e+02
5.996162381985083130e+02,2.501948199999999929e+02
5.996751999024949100e+02,2.501948199999999929e+02
5.996663810114941953e+02,2.501948199999999929e+02
5.997761529968454397e+02,2.501948199999999929e+02
5.998182023063683346e+02,2.501948199999999929e+02
5.998771060911958557e+02,2.501948199999999929e+02
5.999023733409873103e+02,2.501948199999999929e+02
5.999780591855462717e+02,2.501948199999999929e+02
6.000201664142283562e+02,2.501948199999999929e+02
6.000790122798966877e+02,2.501948199999999929e+02
5.998686933333333400e+02,2.501948199999999929e+02
6.001799653742471037e+02,2.501948199999999929e+02
6.002221305220883778e+02,2.501948199999999929e+02
6.002809184685976334e+02,2.501948199999999929e+02
6.003065334328357494e+02,2.501948199999999929e+02
6.003818715629480494e+02,2.501948199999999929e+02
6.004240946299482857e+02,2.501948199999999929e+02
6.004828246572984654e+02,2.501948199999999929e+02
6.004756302988505468e+02,2.501948199999999929e+02
6.005837777516489950e+02,2.501948199999999929e+02
6.006260587378083073e+02,2.501948199999999929e+02
6.006847308459994110e+02,2.501948199999999929e+02
6.007106935246843022e+02,2.501948199999999929e+02
6.007856839403498270e+02,2.501948199999999929e+02
6.008280228456683290e+02,2.501948199999999929e+02
6.008866370347002430e+02,2.501948199999999929e+02
6.008149929032257432e+02,2.501948199999999929e+02
6.009875901290506590e+02,2.501948199999999929e+02
6.010299869535283506e+02,2.501948199999999929e+02
6.010885432234011887e+02,2.501948199999999929e+02
6.011148536165326277e+02,2.501948199999999929e+02
6.011894963177516047e+02,2.501948199999999929e+02
6.012319510613883722e+02,2.501948199999999929e+02
6.012904494121020207e+02,2.501948199999999929e+02
6.012848795862068982e+02,2.501948199999999929e+02
6.013914025064525504e+02,2.501948199999999929e+02
6.014339151692483938e+02,2.501948199999999929e+02
6.014923556008029664e+02,2.501948199999999929e+02
6.015190137083811805e+02,2.501948199999999929e+02
6.015933086951533824e+02,2.501948199999999929e+02
6.016358792771084154e+02,2.501948199999999929e+02
6.016942617895037984e+02,2.501948199999999929e+02
6.607627599999999575e+02,3.730477300000000014e+02
6.017952148838542143e+02,3.733922000000000025e+02
6.018378433849684370e+02,3.733922000000000025e+02
6.018961679782047440e+02,3.733922000000000025e+02
6.019231738002296197e+02,3.733922000000000025e+02
6.019971210725551600e+02,3.733922000000000025e+02
6.020398074928284586e+02,3.733922000000000025e+02
6.020980741669055760e+02,3.733922000000000025e+02
6.020941288735632497e+02,3.733922000000000025e+02
6.021990272612561057e+02,3.733922000000000025e+02
6.022417716006884802e+02,3.733922000000000025e+02
6.022999803556065217e+02,3.733922000000000025e+02
6.023273338920780589e+02,3.733922000000000025e+02
6.024009334499569377e+02,3.733922000000000025e+02
6.024437357085485019e+02,3.733922000000000025e+02
6.025018865443073537e+02,3.733922000000000025e+02
6.024372207373271522e+02,3.733922000000000025e+02
6.026028396386577697e+02,3.733922000000000025e+02
6.026456998164085235e+02,3.733922000000000025e+02
6.027037927330082994e+02,3.733922000000000025e+02
6.027314939839264980e+02,3.733922000000000025e+02
6.028047458273587154e+02,3.733922000000000025e+02
6.028476639242685451e+02,3.733922000000000025e+02
6.029056989217091314e+02,3.733922000000000025e+02
6.029033781609194875e+02,3.733922000000000025e+02
6.030066520160596610e+02,3.733922000000000025e+02
6.030496280321285667e+02,3.733922000000000025e+02
6.031076051104100770e+02,3.733922000000000025e+02
6.031356540757749372e+02,3.733922000000000025e+02
6.032085582047604930e+02,3.733922000000000025e+02
6.032515921399884746e+02,3.733922000000000025e+02
6.033095112991109090e+02,3.733922000000000025e+02
6.031281696296296104e+02,3.733922000000000025e+02
6.034104643934613250e+02,3.733922000000000025e+02
6.034535562478484962e+02,3.733922000000000025e+02
6.035114174878118547e+02,3.733922000000000025e+02
6.035398141676233763e+02,3.733922000000000025e+02
6.036123705821622707e+02,3.733922000000000025e+02
6.036555203557085179e+02,3.733922000000000025e+02
6.037133236765126867e+02,3.733922000000000025e+02
6.037126274482758390e+02,3.733922000000000025e+02
6.038142767708632164e+02,3.733922000000000025e+02
6.038574844635685395e+02,3.733922000000000025e+02
6.039152298652136324e+02,3.733922000000000025e+02
6.039439742594718155e+02,3.733922000000000025e+02
6.040161829595640484e+02,3.733922000000000025e+02
6.040594485714285611e+02,3.733922000000000025e+02
6.041171360539144644e+02,3.733922000000000025e+02
6.040594485714285611e+02,3.733922000000000025e+02
6.042180891482648804e+02,3.733922000000000025e+02
6.042614126792885827e+02,3.733922000000000025e+02
6.043190422426154100e+02,3.733922000000000025e+02
6.043481343513202546e+02,3.733922000000000025e+02
6.044199953369658260e+02,3.733922000000000025e+02
6.044633767871486043e+02,3.733922000000000025e+02
6.045209484313162420e+02,3.733922000000000025e+02
6.045218767356321905e+02,3.733922000000000025e+02
6.046219015256667717e+02,3.733922000000000025e+02
6.046653408950086259e+02,3.733922000000000025e+02
6.047228546200171877e+02,3.733922000000000025e+02
6.047522944431686938e+02,3.733922000000000025e+02
6.048238077143676037e+02,3.733922000000000025e+02
6.048673050028685338e+02,3.733922000000000025e+02
6.049247608087180197e+02,3.733922000000000025e+02
6.607627599999999575e+02,3.730477300000000014e+02
6.050257139030684357e+02,3.733922000000000025e+02
6.050692691107285555e+02,3.733922000000000025e+02
6.051266669974189654e+02,3.733922000000000025e+02
6.051564545350172466e+02,3.733922000000000025e+02
6.052276200917693814e+02,3.733922000000000025e+02
6.052712332185885771e+02,3.733922000000000025e+02
6.053285731861197974e+02,3.733922000000000025e+02
6.053311260229884283e+02,3.733922000000000025e+02
6.054295262804703270e+02,3.733922000000000025e+02
6.054731973264485987e+02,3.733922000000000025e+02
6.055304793748207430e+02,3.733922000000000025e+02
6.055606146268655721e+02,3.733922000000000025e+02
6.056314324691711590e+02,3.733922000000000025e+02
6.056751614343086203e+02,3.733922000000000025e+02
6.057323855635215750e+02,3.733922000000000025e+02
6.056816764055299700e+02,3.733922000000000025e+02
6.058333386578719910e+02,3.733922000000000025e+02
6.058771255421686419e+02,3.733922000000000025e+02
6.059342917522225207e+02,3.733922000000000025e+02
6.059647747187141249e+02,3.733922000000000025e+02
6.060352448465729367e+02,3.733922000000000025e+02
6.060790896500286635e+02,3.733922000000000025e+02
6.061361979409233527e+02,3.733922000000000025e+02
6.061403753103447798e+02,3.733922000000000025e+02
6.062371510352738824e+02,3.733922000000000025e+02
6.062810537578886851e+02,3.733922000000000025e+02
6.063381041296242984e+02,3.733922000000000025e+02
6.063689348105625641e+02,3.733922000000000025e+02
6.064390572239747144e+02,3.733922000000000025e+02
6.064830178657487068e+02,3.733922000000000025e+02
6.065400103183251304e+02,3.733922000000000025e+02
6.063876459259258809e+02,3.733922000000000025e+02
6.066409634126755464e+02,3.733922000000000025e+02
6.066849819736087284e+02,3.733922000000000025e+02
6.067419165070260760e+02,3.733922000000000025e+02
6.067730949024110032e+02,3.733922000000000025e+02
6.068428696013764920e+02,3.733922000000000025e+02
6.068869460814687500e+02,3.733922000000000025e+02
6.069438226957269080e+02,3.733922000000000025e+02
6.069496245977011313e+02,3.733922000000000025e+02
6.070447757900774377e+02,3.733922000000000025e+02
6.070889101893287716e+02,3.733922000000000025e+02
6.071457288844278537e+02,3.733922000000000025e+02
6.071772549942594424e+02,3.733922000000000025e+02
6.072466819787782697e+02,3.733922000000000025e+02
6.072908742971887932e+02,3.733922000000000025e+02
6.073476350731286857e+02,3.733922000000000025e+02
6.073039042396312652e+02,3.733922000000000025e+02
6.074485881674791017e+02,3.733922000000000025e+02
6.074928384050488148e+02,3.733922000000000025e+02
6.075495412618296314e+02,3.733922000000000025e+02
6.075814150861078815e+02,3.733922000000000025e+02
6.076504943561800474e+02,3.733922000000000025e+02
6.076948025129087227e+02,3.733922000000000025e+02
6.077514474505304634e+02,3.733922000000000025e+02
6.077588738850574828e+02,3.733922000000000025e+02
6.078524005448809930e+02,3.733922000000000025e+02
6.078967666207687444e+02,3.733922000000000025e+02
6.079533536392314090e+02,3.733922000000000025e+02
6.079855751779563207e+02,3.733922000000000025e+02
6.080543067335818250e+02,3.733922000000000025e+02
6.080987307286287660e+02,3.733922000000000025e+02
6.081552598279322410e+02,3.733922000000000025e+02
6.607627599999999575e+02,3.730477300000000014e+02
6.082562129222826570e+02,2.983598600000000260e+02
6.083006948364887876e+02,2.983598600000000260e+02
6.083571660166331867e+02,2.983598600000000260e+02
6.083897352698047598e+02,2.983598600000000260e+02
6.084581191109836027e+02,2.983598600000000260e+02
6.085026589443488092e+02,2.983598600000000260e+02
6.085590722053341324e+02,2.983598600000000260e+02
6.085681231724138343e+02,2.983598600000000260e+02
6.086600252996845484e+02,2.983598600000000260e+02
6.087046230522088308e+02,2.983598600000000260e+02
6.087609783940349644e+02,2.983598600000000260e+02
6.087938953616531990e+02,2.983598600000000260e+02
6.088619314883853804e+02,2.983598600000000260e+02
6.089065871600688524e+02,2.983598600000000260e+02
6.089628845827357964e+02,2.983598600000000260e+02
6.089261320737326741e+02,2.983598600000000260e+02
6.090638376770863260e+02,2.983598600000000260e+02
6.091085512679288740e+02,2.983598600000000260e+02
6.091647907714367420e+02,2.983598600000000260e+02
6.091980554535016381e+02,2.983598600000000260e+02
6.092657438657871580e+02,2.983598600000000260e+02
6.093105153757887820e+02,2.983598600000000260e+02
6.093666969601376877e+02,2.983598600000000260e+02
6.093773724597700721e+02,2.983598600000000260e+02
6.094676500544881037e+02,2.983598600000000260e+02
6.095124794836488036e+02,2.983598600000000260e+02
6.095686031488385197e+02,2.983598600000000260e+02
6.096022155453501910e+02,2.983598600000000260e+02
6.096695562431889357e+02,2.983598600000000260e+02
6.097144435915088252e+02,2.983598600000000260e+02
6.097705093375393517e+02,2.983598600000000260e+02
6.096471222222221513e+02,2.983598600000000260e+02
6.098714624318898814e+02,2.983598600000000260e+02
6.099164076993688468e+02,2.983598600000000260e+02
6.099724155262402974e+02,2.983598600000000260e+02
6.100063756371986301e+02,2.983598600000000260e+02
6.100733686205907134e+02,2.983598600000000260e+02
6.101183718072288684e+02,2.983598600000000260e+02
6.101743217149412430e+02,2.983598600000000260e+02
6.101866217471264235e+02,2.983598600000000260e+02
6.102752748092916590e+02,2.983598600000000260e+02
6.103203359150888900e+02,2.983598600000000260e+02
6.103762279036420750e+02,2.983598600000000260e+02
6.104105357290470693e+02,2.983598600000000260e+02
6.104771809979924910e+02,2.983598600000000260e+02
6.105223000229489116e+02,2.983598600000000260e+02
6.105781340923429070e+02,2.983598600000000260e+02
6.105483599078340831e+02,2.983598600000000260e+02
6.106790871866934367e+02,2.983598600000000260e+02
6.107242641308089333e+02,2.983598600000000260e+02
6.107800402810438527e+02,2.983598600000000260e+02
6.108146958208955084e+02,2.983598600000000260e+02
6.108809933753942687e+02,2.983598600000000260e+02
6.109262282386689549e+02,2.983598600000000260e+02
6.109819464697447984e+02,2.983598600000000260e+02
6.109958710344827750e+02,2.983598600000000260e+02
6.110828995640952144e+02,2.983598600000000260e+02
6.111281923465289765e+02,2.983598600000000260e+02
6.111838526584456304e+02,2.983598600000000260e+02
6.112188559127439476e+02,2.983598600000000260e+02
6.112848057527960464e+02,2.983598600000000260e+02
6.113301564543889981e+02,2.983598600000000260e+02
6.113857588471464624e+02,2.983598600000000260e+02
6.835246600000000399e+02,3.536646700000000010e+02
6.114867119414969920e+02,2.983598600000000260e+02
6.115321205622490197e+02,2.983598600000000260e+02
6.115876650358474080e+02,2.983598600000000260e+02
6.116230160045923867e+02,2.983598600000000260e+02
6.116886181301978240e+02,2.983598600000000260e+02
6.117340846701090413e+02,2.983598600000000260e+02
6.117895712245483537e+02,2.983598600000000260e+02
6.118051203218390128e+02,2.983598600000000260e+02
6.118905243188987697e+02,2.983598600000000260e+02
6.119360487779690629e+02,2.983598600000000260e+02
6.119914774132491857e+02,2.983598600000000260e+02
6.120271760964408259e+02,2.983598600000000260e+02
6.120924305075996017e+02,2.983598600000000260e+02
6.121380128858289709e+02,2.983598600000000260e+02
6.121933836019500177e+02,2.983598600000000260e+02
6.121705877419354920e+02,2.983598600000000260e+02
6.122943366963005474e+02,2.983598600000000260e+02
6.123399769936889925e+02,2.983598600000000260e+02
6.123952897906509634e+02,2.983598600000000260e+02
6.124313361882892650e+02,2.983598600000000260e+02
6.124962428850013794e+02,2.983598600000000260e+02
6.125419411015490141e+02,2.983598600000000260e+02
6.125971959793519090e+02,2.983598600000000260e+02
6.126143696091953643e+02,2.983598600000000260e+02
6.126981490737023250e+02,2.983598600000000260e+02
6.127439052094090357e+02,2.983598600000000260e+02
6.127991021680527410e+02,2.983598600000000260e+02
6.128354962801377042e+02,2.983598600000000260e+02
6.129000552624031570e+02,2.983598600000000260e+02
6.129458693172690573e+02,2.983598600000000260e+02
6.130010083567535730e+02,2.983598600000000260e+02
6.129065985185184218e+02,2.983598600000000260e+02
6.131019614511041027e+02,2.983598600000000260e+02
6.131478334251290789e+02,2.983598600000000260e+02
6.132029145454545187e+02,2.983598600000000260e+02
6.132396563719862570e+02,2.983598600000000260e+02
6.133038676398049347e+02,2.983598600000000260e+02
6.133497975329891005e+02,2.983598600000000260e+02
6.134048207341554644e+02,2.983598600000000260e+02
6.134236188965517158e+02,2.983598600000000260e+02
6.135057738285058804e+02,2.983598600000000260e+02
6.135517616408491222e+02,2.983598600000000260e+02
6.136067269228562964e+02,2.983598600000000260e+02
6.136438164638345825e+02,2.983598600000000260e+02
6.137076800172067124e+02,2.983598600000000260e+02
6.137537257487091438e+02,2.983598600000000260e+02
6.138086331115571284e+02,2.983598600000000260e+02
6.137928155760369009e+02,2.983598600000000260e+02
6.139095862059076580e+02,2.983598600000000260e+02
6.139556898565690517e+02,2.983598600000000260e+02
6.140105393002580740e+02,2.983598600000000260e+02
6.140479765556831353e+02,2.983598600000000260e+02
6.141114923946084900e+02,2.983598600000000260e+02
6.141576539644290733e+02,2.983598600000000260e+02
6.142124454889590197e+02,2.983598600000000260e+02
6.142328681839080673e+02,2.983598600000000260e+02
6.143133985833094357e+02,2.983598600000000260e+02
6.143596180722890949e+02,2.983598600000000260e+02
6.144143516776598517e+02,2.983598600000000260e+02
6.144521366475315745e+02,2.983598600000000260e+02
6.145153047720102677e+02,2.983598600000000260e+02
6.145615821801491165e+02,2.983598600000000260e+02
6.146162578663606837e+02,2.983598600000000260e+02
6.936454999999999700e+02,3.494739999999999895e+02
6.147172109607112134e+02,2.261986100000000022e+02
6.147635462880091382e+02,2.261986100000000022e+02
6.148181640550616294e+02,2.261986100000000022e+02
6.148562967393800136e+02,2.261986100000000022e+02
6.149191171494120454e+02,2.261986100000000022e+02
6.149655103958691598e+02,2.261986100000000022e+02
6.150200702437625750e+02,2.261986100000000022e+02
6.150421174712643051e+02,2.261986100000000022e+02
6.151210233381129910e+02,2.261986100000000022e+02
6.151674745037291814e+02,2.261986100000000022e+02
6.152219764324634070e+02,2.261986100000000022e+02
6.152604568312284528e+02,2.261986100000000022e+02
6.153229295268138230e+02,2.261986100000000022e+02
6.153694386115892030e+02,2.261986100000000022e+02
6.154238826211642390e+02,2.261986100000000022e+02
6.154150434101381961e+02,2.261986100000000022e+02
6.155248357155147687e+02,2.261986100000000022e+02
6.155714027194492246e+02,2.261986100000000022e+02
6.156257888098651847e+02,2.261986100000000022e+02
6.156646169230768919e+02,2.261986100000000022e+02
6.157267419042156007e+02,2.261986100000000022e+02
6.157733668273092462e+02,2.261986100000000022e+02
6.158276949985661304e+02,2.261986100000000022e+02
6.158513667586206566e+02,2.261986100000000022e+02
6.159286480929165464e+02,2.261986100000000022e+02
6.159753309351692678e+02,2.261986100000000022e+02
6.160296011872669624e+02,2.261986100000000022e+02
6.160687770149253311e+02,2.261986100000000022e+02
6.161305542816173784e+02,2.261986100000000022e+02
6.161772950430292894e+02,2.261986100000000022e+02
6.162315073759677944e+02,2.261986100000000022e+02
6.161660748148148059e+02,2.261986100000000022e+02
6.163324604703183240e+02,2.261986100000000022e+02
6.163792591508893111e+02,2.261986100000000022e+02
6.164334135646687400e+02,2.261986100000000022e+02
6.164729371067737702e+02,2.261986100000000022e+02
6.165343666590191560e+02,2.261986100000000022e+02
6.165812232587493327e+02,2.261986100000000022e+02
6.166353197533696857e+02,2.261986100000000022e+02
6.166606160459770081e+02,2.261986100000000022e+02
6.167362728477201017e+02,2.261986100000000022e+02
6.167831873666092406e+02,2.261986100000000022e+02
6.168372259420705177e+02,2.261986100000000022e+02
6.168770971986222094e+02,2.261986100000000022e+02
6.169381790364209337e+02,2.261986100000000022e+02
6.169851514744692622e+02,2.261986100000000022e+02
6.170391321307713497e+02,2.261986100000000022e+02
6.170372712442396050e+02,2.261986100000000022e+02
6.171400852251218794e+02,2.261986100000000022e+02
6.171871155823292838e+02,2.261986100000000022e+02
6.172410383194722954e+02,2.261986100000000022e+02
6.172812572904706485e+02,2.261986100000000022e+02
6.173419914138227114e+02,2.261986100000000022e+02
6.173890796901893054e+02,2.261986100000000022e+02
6.174429445081732410e+02,2.261986100000000022e+02
6.174698653333332459e+02,2.261986100000000022e+02
6.175438976025236570e+02,2.261986100000000022e+02
6.175910437980493271e+02,2.261986100000000022e+02
6.176448506968740730e+02,2.261986100000000022e+02
6.176854173823192014e+02,2.261986100000000022e+02
6.177458037912244890e+02,2.261986100000000022e+02
6.177930079059093487e+02,2.261986100000000022e+02
6.178467568855749050e+02,2.261986100000000022e+02
7.029633000000000038e+02,3.495941199999999753e+02
6.179477099799254347e+02,2.261986100000000022e+02
6.179949720137693703e+02,2.261986100000000022e+02
6.180486630742758507e+02,2.261986100000000022e+02
6.180895774741675268e+02,2.261986100000000022e+02
6.181496161686262667e+02,2.261986100000000022e+02
6.181969361216293919e+02,2.261986100000000022e+02
6.182505692629767964e+02,2.261986100000000022e+02
6.182791146206895974e+02,2.261986100000000022e+02
6.183515223573272124e+02,2.261986100000000022e+02
6.183989002294892998e+02,2.261986100000000022e+02
6.184524754516776284e+02,2.261986100000000022e+02
6.184937375660160797e+02,2.261986100000000022e+02
6.185534285460280444e+02,2.261986100000000022e+02
6.186008643373493214e+02,2.261986100000000022e+02
6.186543816403784604e+02,2.261986100000000022e+02
6.186594990783410140e+02,2.261986100000000022e+02
6.187553347347289900e+02,2.261986100000000022e+02
6.188028284452093430e+02,2.261986100000000022e+02
6.188562878290794060e+02,2.261986100000000022e+02
6.188978976578645188e+02,2.261986100000000022e+02
6.189572409234298220e+02,2.261986100000000022e+02
6.190047925530693647e+02,2.261986100000000022e+02
6.190581940177803517e+02,2.261986100000000022e+02
6.190883639080459488e+02,2.261986100000000022e+02
6.191591471121307677e+02,2.261986100000000022e+02
6.192067566609293863e+02,2.261986100000000022e+02
6.192601002064811837e+02,2.261986100000000022e+02
6.193020577497129580e+02,2.261986100000000022e+02
6.193610533008315997e+02,2.261986100000000022e+02
6.194087207687894079e+02,2.261986100000000022e+02
6.194620063951820157e+02,2.261986100000000022e+02
6.194255511111110764e+02,2.261986100000000022e+02
6.195629594895325454e+02,2.261986100000000022e+02
6.196106848766494295e+02,2.261986100000000022e+02
6.196639125838829614e+02,2.261986100000000022e+02
6.197062178415613971e+02,2.261986100000000022e+02
6.197648656782333774e+02,2.261986100000000022e+02
6.198126489845094511e+02,2.261986100000000022e+02
6.198658187725839070e+02,2.261986100000000022e+02
6.198976131954023003e+02,2.261986100000000022e+02
6.199667718669343230e+02,2.261986100000000022e+02
6.200146130923694727e+02,2.261986100000000022e+02
6.200677249612847390e+02,2.261986100000000022e+02
6.201103779334098363e+02,2.261986100000000022e+02
6.201686780556351550e+02,2.261986100000000022e+02
6.202165772002294943e+02,2.261986100000000022e+02
6.202696311499855710e+02,2.261986100000000022e+02
6.202817269124423092e+02,2.261986100000000022e+02
6.203705842443361007e+02,2.261986100000000022e+02
6.204185413080895160e+02,2.261986100000000022e+02
6.204715373386865167e+02,2.261986100000000022e+02
6.205145380252582754e+02,2.261986100000000022e+02
6.205724904330369327e+02,2.261986100000000022e+02
6.206205054159495376e+02,2.261986100000000022e+02
6.206734435273874624e+02,2.261986100000000022e+02
6.207068624827586518e+02,2.261986100000000022e+02
6.207743966217378784e+02,2.261986100000000022e+02
6.208224695238095592e+02,2.261986100000000022e+02
6.208753497160882944e+02,2.261986100000000022e+02
6.209186981171067146e+02,2.261986100000000022e+02
6.209763028104387104e+02,2.261986100000000022e+02
6.210244336316695808e+02,2.261986100000000022e+02
6.210772559047891264e+02,2.261986100000000022e+02
7.110984999999999445e+02,3.535149999999999864e+02
6.211782089991396560e+02,2.261986100000000022e+02
6.212263977395294887e+02,2.261986100000000022e+02
6.212791620934900720e+02,2.261986100000000022e+02
6.213228582089551537e+02,2.261986100000000022e+02
6.213801151878404880e+02,2.261986100000000022e+02
6.214283618473895103e+02,2.261986100000000022e+02
6.214810682821910177e+02,2.261986100000000022e+02
6.215161117701148896e+02,2.261986100000000022e+02
6.215820213765414337e+02,2.261986100000000022e+02
6.216303259552495319e+02,2.261986100000000022e+02
6.216829744708918497e+02,2.261986100000000022e+02
6.217270183008035929e+02,2.261986100000000022e+02
6.217839275652422657e+02,2.261986100000000022e+02
6.218322900631095536e+02,2.261986100000000022e+02
6.218848806595926817e+02,2.261986100000000022e+02
6.219039547465437181e+02,2.261986100000000022e+02
6.219858337539432114e+02,2.261986100000000022e+02
6.220342541709695752e+02,2.261986100000000022e+02
6.220867868482936274e+02,2.261986100000000022e+02
6.221311783926521457e+02,2.261986100000000022e+02
6.221877399426440434e+02,2.261986100000000022e+02
6.222362182788295968e+02,2.261986100000000022e+02
6.222886930369945730e+02,2.261986100000000022e+02
6.223253610574712411e+02,2.261986100000000022e+02
6.223896461313449890e+02,2.261986100000000022e+02
6.224381823866896184e+02,2.261986100000000022e+02
6.224905992256954050e+02,2.261986100000000022e+02
6.225353384845004712e+02,2.261986100000000022e+02
6.225915523200458210e+02,2.261986100000000022e+02
6.226401464945496400e+02,2.261986100000000022e+02
6.226925054143962370e+02,2.261986100000000022e+02
6.226850274074073468e+02,2.261986100000000022e+02
6.227934585087467667e+02,2.261986100000000022e+02
6.228421106024096616e+02,2.261986100000000022e+02
6.228944116030971827e+02,2.261986100000000022e+02
6.229394985763490240e+02,2.261986100000000022e+02
6.229953646974475987e+02,2.261986100000000022e+02
6.230440747102695696e+02,2.261986100000000022e+02
6.230963177917981284e+02,2.261986100000000022e+02
6.231346103448275926e+02,2.261986100000000022e+02
6.231972708861485444e+02,2.261986100000000022e+02
6.232460388181295912e+02,2.261986100000000022e+02
6.232982239804989604e+02,2.261986100000000022e+02
6.233436586681974632e+02,2.261986100000000022e+02
6.233991770748493764e+02,2.261986100000000022e+02
6.234480029259896128e+02,2.261986100000000022e+02
6.235001301691997924e+02,2.261986100000000022e+02
6.235261825806451270e+02,2.261986100000000022e+02
6.236010832635503220e+02,2.261986100000000022e+02
6.236499670338496344e+02,2.261986100000000022e+02
6.237020363579007380e+02,2.261986100000000022e+02
6.237478187600459023e+02,2.261986100000000022e+02
6.238029894522511540e+02,2.261986100000000022e+02
6.238519311417096560e+02,2.261986100000000022e+02
6.239039425466016837e+02,2.261986100000000022e+02
6.239438596321838304e+02,2.261986100000000022e+02
6.240048956409520997e+02,2.261986100000000022e+02
6.240538952495696776e+02,2.261986100000000022e+02
6.241058487353025157e+02,2.261986100000000022e+02
6.241519788518943415e+02,2.261986100000000022e+02
6.242068018296529317e+02,2.261986100000000022e+02
6.242558593574296992e+02,2.261986100000000022e+02
6.243077549240033477e+02,2.261986100000000022e+02
7.185719599999999900e+02,3.645142799999999852e+02
6.244087080183538774e+02,3.692269299999999816e+02
6.244578234652897208e+02,3.692269299999999816e+02
6.245096611127042934e+02,3.692269299999999816e+02
6.245561389437427806e+02,3.692269299999999816e+02
6.246106142070547094e+02,3.692269299999999816e+02
6.246597875731497425e+02,3.692269299999999816e+02
6.247115673014052390e+02,3.692269299999999816e+02
6.247531089195401819e+02,3.692269299999999816e+02
6.248125203957556550e+02,3.692269299999999816e+02
6.248617516810097641e+02,3.692269299999999816e+02
6.249134734901060710e+02,3.692269299999999816e+02
6.249602990355912198e+02,3.692269299999999816e+02
6.250144265844564870e+02,3.692269299999999816e+02
6.250637157888697857e+02,3.692269299999999816e+02
6.251153796788069030e+02,3.692269299999999816e+02
6.251484104147465359e+02,3.692269299999999816e+02
6.252163327731574327e+02,3.692269299999999816e+02
6.252656798967298073e+02,3.692269299999999816e+02
6.253172858675078487e+02,3.692269299999999816e+02
6.253644591274396589e+02,3.692269299999999816e+02
6.254182389618582647e+02,3.692269299999999816e+02
6.254676440045898289e+02,3.692269299999999816e+02
6.255191920562087944e+02,3.692269299999999816e+02
6.255623582068965334e+02,3.692269299999999816e+02
6.256201451505592104e+02,3.692269299999999816e+02
6.256696081124498505e+02,3.692269299999999816e+02
6.257210982449096264e+02,3.692269299999999816e+02
6.257686192192880981e+02,3.692269299999999816e+02
6.258220513392600424e+02,3.692269299999999816e+02
6.258715722203097584e+02,3.692269299999999816e+02
6.259230044336104584e+02,3.692269299999999816e+02
6.259445037037037309e+02,3.692269299999999816e+02
6.260239575279609880e+02,3.692269299999999816e+02
6.260735363281697801e+02,3.692269299999999816e+02
6.261249106223114040e+02,3.692269299999999816e+02
6.261727793111365372e+02,3.692269299999999816e+02
6.262258637166618200e+02,3.692269299999999816e+02
6.262755004360298017e+02,3.692269299999999816e+02
6.263268168110123497e+02,3.692269299999999816e+02
6.263716074942528849e+02,3.692269299999999816e+02
6.264277699053627657e+02,3.692269299999999816e+02
6.264774645438898233e+02,3.692269299999999816e+02
6.265287229997131817e+02,3.692269299999999816e+02
6.265769394029850901e+02,3.692269299999999816e+02
6.266296760940635977e+02,3.692269299999999816e+02
6.266794286517498449e+02,3.692269299999999816e+02
6.267306291884140137e+02,3.692269299999999816e+02
6.267706382488479449e+02,3.692269299999999816e+02
6.268315822827645434e+02,3.692269299999999816e+02
6.268813927596098665e+02,3.692269299999999816e+02
6.269325353771149594e+02,3.692269299999999816e+02
6.269810994948335292e+02,3.692269299999999816e+02
6.270334884714653754e+02,3.692269299999999816e+02
6.270833568674698881e+02,3.692269299999999816e+02
6.271344415658159051e+02,3.692269299999999816e+02
6.271808567816092364e+02,3.692269299999999816e+02
6.272353946601663210e+02,3.692269299999999816e+02
6.272853209753299097e+02,3.692269299999999816e+02
6.273363477545167370e+02,3.692269299999999816e+02
6.273852595866819684e+02,3.692269299999999816e+02
6.274373008488671530e+02,3.692269299999999816e+02
6.274872850831898177e+02,3.692269299999999816e+02
6.275382539432175690e+02,3.692269299999999816e+02
7.237754499999999780e+02,3.818435000000000059e+02
6.276392070375680987e+02,3.692269299999999816e+02
6.276892491910498393e+02,3.692269299999999816e+02
6.277401601319185147e+02,3.692269299999999816e+02
6.277894196785304075e+02,3.692269299999999816e+02
6.278411132262689307e+02,3.692269299999999816e+02
6.278912132989098609e+02,3.692269299999999816e+02
6.279420663206194604e+02,3.692269299999999816e+02
6.279901060689654742e+02,3.692269299999999816e+02
6.280430194149698764e+02,3.692269299999999816e+02
6.280931774067698825e+02,3.692269299999999816e+02
6.281439725093202924e+02,3.692269299999999816e+02
6.281935797703788467e+02,3.692269299999999816e+02
6.282449256036707084e+02,3.692269299999999816e+02
6.282951415146299041e+02,3.692269299999999816e+02
6.283458786980211244e+02,3.692269299999999816e+02
6.283928660829492401e+02,3.692269299999999816e+02
6.284468317923716540e+02,3.692269299999999816e+02
6.284971056224899257e+02,3.692269299999999816e+02
6.285477848867220700e+02,3.692269299999999816e+02
6.285977398622272858e+02,3.692269299999999816e+02
6.286487379810724860e+02,3.692269299999999816e+02
6.286990697303499473e+02,3.692269299999999816e+02
6.287496910754230157e+02,3.692269299999999816e+02
6.287993553563218256e+02,3.692269299999999816e+02
6.288506441697734317e+02,3.692269299999999816e+02
6.289010338382099690e+02,3.692269299999999816e+02
6.289515972641238477e+02,3.692269299999999816e+02
6.290018999540757250e+02,3.692269299999999816e+02
6.290525503584742637e+02,3.692269299999999816e+02
6.291029979460699906e+02,3.692269299999999816e+02
6.291535034528246797e+02,3.692269299999999816e+02
6.292039800000000014e+02,3.692269299999999816e+02
6.292544565471752094e+02,3.692269299999999816e+02
6.293049620539300122e+02,3.692269299999999816e+02
6.293554096415256254e+02,3.692269299999999816e+02
6.294060600459241641e+02,3.692269299999999816e+02
6.294563627358760414e+02,3.692269299999999816e+02
6.295069261617900338e+02,3.692269299999999816e+02
6.295573158302265711e+02,3.692269299999999816e+02
6.296086046436781771e+02,3.692269299999999816e+02
6.296582689245769870e+02,3.692269299999999816e+02
6.297088902696500554e+02,3.692269299999999816e+02
6.297592220189274030e+02,3.692269299999999816e+02
6.298102201377726033e+02,3.692269299999999816e+02
6.298601751132778190e+02,3.692269299999999816e+02
6.299108543775100770e+02,3.692269299999999816e+02
6.299611282076282350e+02,3.692269299999999816e+02
6.300150939170506490e+02,3.692269299999999816e+02
6.300620813019787647e+02,3.692269299999999816e+02
6.301128184853700986e+02,3.692269299999999816e+02
6.301630343963291807e+02,3.692269299999999816e+02
6.302143802296211561e+02,3.692269299999999816e+02
6.302639874906795967e+02,3.692269299999999816e+02
6.303147825932300066e+02,3.692269299999999816e+02
6.303649405850301264e+02,3.692269299999999816e+02
6.304178539310344149e+02,3.692269299999999816e+02
6.304658936793805424e+02,3.692269299999999816e+02
6.305167467010900282e+02,3.692269299999999816e+02
6.305668467737309584e+02,3.692269299999999816e+02
6.306185403214694816e+02,3.692269299999999816e+02
6.306677998680813744e+02,3.692269299999999816e+02
6.307187108089500498e+02,3.692269299999999816e+02
6.307687529624317904e+02,3.692269299999999816e+02
7.252417599999999993e+02,4.030958299999999781e+02
6.308697060567823200e+02,3.692269299999999816e+02
6.309206749168100714e+02,3.692269299999999816e+02
6.309706591511327360e+02,3.692269299999999816e+02
6.310227004133180344e+02,3.692269299999999816e+02
6.310716122454831520e+02,3.692269299999999816e+02
6.311226390246700930e+02,3.692269299999999816e+02
6.311725653398336817e+02,3.692269299999999816e+02
6.312271032183907664e+02,3.692269299999999816e+02
6.312735184341840977e+02,3.692269299999999816e+02
6.313246031325301146e+02,3.692269299999999816e+02
6.313744715285345137e+02,3.692269299999999816e+02
6.314268605051664736e+02,3.692269299999999816e+02
6.314754246228849297e+02,3.692269299999999816e+02
6.315265672403901362e+02,3.692269299999999816e+02
6.315763777172353457e+02,3.692269299999999816e+02
6.316373217511520579e+02,3.692269299999999816e+02
6.316773308115858754e+02,3.692269299999999816e+02
6.317285313482501579e+02,3.692269299999999816e+02
6.317782839059362914e+02,3.692269299999999816e+02
6.318310205970149127e+02,3.692269299999999816e+02
6.318792370002867074e+02,3.692269299999999816e+02
6.319304954561101795e+02,3.692269299999999816e+02
6.319801900946372371e+02,3.692269299999999816e+02
6.320363525057471179e+02,3.692269299999999816e+02
6.320811431889876530e+02,3.692269299999999816e+02
6.321324595639700874e+02,3.692269299999999816e+02
6.321820962833380690e+02,3.692269299999999816e+02
6.322351806888633519e+02,3.692269299999999816e+02
6.322830493776884850e+02,3.692269299999999816e+02
6.323344236718301090e+02,3.692269299999999816e+02
6.323840024720389010e+02,3.692269299999999816e+02
6.324634562962962718e+02,3.692269299999999816e+02
6.324849555663894307e+02,3.692269299999999816e+02
6.325363877796901306e+02,3.692269299999999816e+02
6.325859086607398467e+02,3.692269299999999816e+02
6.326393407807117910e+02,3.692269299999999816e+02
6.326868617550902627e+02,3.692269299999999816e+02
6.327383518875501522e+02,3.692269299999999816e+02
6.327878148494407924e+02,3.692269299999999816e+02
6.328456017931034694e+02,3.692269299999999816e+02
6.328887679437912084e+02,3.692269299999999816e+02
6.329403159954101739e+02,3.692269299999999816e+02
6.329897210381416244e+02,3.692269299999999816e+02
6.330435008725602302e+02,3.692269299999999816e+02
6.330906741324920404e+02,3.692269299999999816e+02
6.331422801032701955e+02,3.692269299999999816e+02
6.331916272268424564e+02,3.692269299999999816e+02
6.332595495852534668e+02,3.692269299999999816e+02
6.332925803211929860e+02,3.692269299999999816e+02
6.333442442111302171e+02,3.692269299999999816e+02
6.333935334155434020e+02,3.692269299999999816e+02
6.334476609644086693e+02,3.692269299999999816e+02
6.334944865098938180e+02,3.692269299999999816e+02
6.335462083189902387e+02,3.692269299999999816e+02
6.335954396042443477e+02,3.692269299999999816e+02
6.336548510804597072e+02,3.692269299999999816e+02
6.336963926985947637e+02,3.692269299999999816e+02
6.337481724268502603e+02,3.692269299999999816e+02
6.337973457929451797e+02,3.692269299999999816e+02
6.338518210562571085e+02,3.692269299999999816e+02
6.338982988872955957e+02,3.692269299999999816e+02
6.339501365347102819e+02,3.692269299999999816e+02
6.339992519816460117e+02,3.692269299999999816e+02
7.232371000000000549e+02,4.201762699999999882e+02
6.341002050759965414e+02,2.068975800000000049e+02
6.341521006425703035e+02,2.068975800000000049e+02
6.342011581703469574e+02,2.068975800000000049e+02
6.342559811481055476e+02,2.068975800000000049e+02
6.343021112646973734e+02,2.068975800000000049e+02
6.343540647504303251e+02,2.068975800000000049e+02
6.344030643590479031e+02,2.068975800000000049e+02
6.344641003678160587e+02,2.068975800000000049e+02
6.345040174533983190e+02,2.068975800000000049e+02
6.345560288582903468e+02,2.068975800000000049e+02
6.346049705477487350e+02,2.068975800000000049e+02
6.346601412399541005e+02,2.068975800000000049e+02
6.347059236420991510e+02,2.068975800000000049e+02
6.347579929661503684e+02,2.068975800000000049e+02
6.348068767364495670e+02,2.068975800000000049e+02
6.348817774193548757e+02,2.068975800000000049e+02
6.349078298308000967e+02,2.068975800000000049e+02
6.349599570740102763e+02,2.068975800000000049e+02
6.350087829251505127e+02,2.068975800000000049e+02
6.350643013318024259e+02,2.068975800000000049e+02
6.351097360195009287e+02,2.068975800000000049e+02
6.351619211818702979e+02,2.068975800000000049e+02
6.352106891138514584e+02,2.068975800000000049e+02
6.352733496551724102e+02,2.068975800000000049e+02
6.353116422082018744e+02,2.068975800000000049e+02
6.353638852897303195e+02,2.068975800000000049e+02
6.354125953025522904e+02,2.068975800000000049e+02
6.354684614236509788e+02,2.068975800000000049e+02
6.355135483969027064e+02,2.068975800000000049e+02
6.355658493975903411e+02,2.068975800000000049e+02
6.356145014912531224e+02,2.068975800000000049e+02
6.357229325925925423e+02,2.068975800000000049e+02
6.357154545856036520e+02,2.068975800000000049e+02
6.357678135054503628e+02,2.068975800000000049e+02
6.358164076799540680e+02,2.068975800000000049e+02
6.358726215154994179e+02,2.068975800000000049e+02
6.359173607743044840e+02,2.068975800000000049e+02
6.359697776133103844e+02,2.068975800000000049e+02
6.360183138686550137e+02,2.068975800000000049e+02
6.360825989425286480e+02,2.068975800000000049e+02
6.361192669630054297e+02,2.068975800000000049e+02
6.361717417211704060e+02,2.068975800000000049e+02
6.362202200573558457e+02,2.068975800000000049e+02
6.362767816073478571e+02,2.068975800000000049e+02
6.363211731517062617e+02,2.068975800000000049e+02
6.363737058290304276e+02,2.068975800000000049e+02
6.364221262460566777e+02,2.068975800000000049e+02
6.365040052534561710e+02,2.068975800000000049e+02
6.365230793404072074e+02,2.068975800000000049e+02
6.365756699368903355e+02,2.068975800000000049e+02
6.366240324347576234e+02,2.068975800000000049e+02
6.366809416991962962e+02,2.068975800000000049e+02
6.367249855291080394e+02,2.068975800000000049e+02
6.367776340447503571e+02,2.068975800000000049e+02
6.368259386234585691e+02,2.068975800000000049e+02
6.368918482298849995e+02,2.068975800000000049e+02
6.369268917178089850e+02,2.068975800000000049e+02
6.369795981526103787e+02,2.068975800000000049e+02
6.370278448121594010e+02,2.068975800000000049e+02
6.370851017910447354e+02,2.068975800000000049e+02
6.371287979065098170e+02,2.068975800000000049e+02
6.371815622604704004e+02,2.068975800000000049e+02
6.372297510008602330e+02,2.068975800000000049e+02
7.216779999999999973e+02,4.332702600000000075e+02
6.373307040952107627e+02,2.852221700000000055e+02
6.373835263683304220e+02,2.852221700000000055e+02
6.374316571895611787e+02,2.852221700000000055e+02
6.374892618828931745e+02,2.852221700000000055e+02
6.375326102839115947e+02,2.852221700000000055e+02
6.375854904761904436e+02,2.852221700000000055e+02
6.376335633782621244e+02,2.852221700000000055e+02
6.377010975172413509e+02,2.852221700000000055e+02
6.377345164726125404e+02,2.852221700000000055e+02
6.377874545840504652e+02,2.852221700000000055e+02
6.378354695669629564e+02,2.852221700000000055e+02
6.378934219747416137e+02,2.852221700000000055e+02
6.379364226613133724e+02,2.852221700000000055e+02
6.379894186919104868e+02,2.852221700000000055e+02
6.380373757556637884e+02,2.852221700000000055e+02
6.381262330875575799e+02,2.852221700000000055e+02
6.381383288500143180e+02,2.852221700000000055e+02
6.381913827997705084e+02,2.852221700000000055e+02
6.382392819443647340e+02,2.852221700000000055e+02
6.382975820665900528e+02,2.852221700000000055e+02
6.383402350387151500e+02,2.852221700000000055e+02
6.383933469076305300e+02,2.852221700000000055e+02
6.384411881330656797e+02,2.852221700000000055e+02
6.385103468045977024e+02,2.852221700000000055e+02
6.385421412274160957e+02,2.852221700000000055e+02
6.385953110154905517e+02,2.852221700000000055e+02
6.386430943217665117e+02,2.852221700000000055e+02
6.387017421584384920e+02,2.852221700000000055e+02
6.387440474161169277e+02,2.852221700000000055e+02
6.387972751233505733e+02,2.852221700000000055e+02
6.388450005104673437e+02,2.852221700000000055e+02
6.389824088888888127e+02,2.852221700000000055e+02
6.389459536048178734e+02,2.852221700000000055e+02
6.389992392312105949e+02,2.852221700000000055e+02
6.390469066991682894e+02,2.852221700000000055e+02
6.391059022502870448e+02,2.852221700000000055e+02
6.391478597935187054e+02,2.852221700000000055e+02
6.392012033390706165e+02,2.852221700000000055e+02
6.392488128878692351e+02,2.852221700000000055e+02
6.393195960919540539e+02,2.852221700000000055e+02
6.393497659822196511e+02,2.852221700000000055e+02
6.394031674469305244e+02,2.852221700000000055e+02
6.394507190765700670e+02,2.852221700000000055e+02
6.395100623421353703e+02,2.852221700000000055e+02
6.395516721709204830e+02,2.852221700000000055e+02
6.396051315547905460e+02,2.852221700000000055e+02
6.396526252652708990e+02,2.852221700000000055e+02
6.397484609216589888e+02,2.852221700000000055e+02
6.397535783596214287e+02,2.852221700000000055e+02
6.398070956626505676e+02,2.852221700000000055e+02
6.398545314539718447e+02,2.852221700000000055e+02
6.399142224339839231e+02,2.852221700000000055e+02
6.399554845483222607e+02,2.852221700000000055e+02
6.400090597705105893e+02,2.852221700000000055e+02
6.400564376426727904e+02,2.852221700000000055e+02
6.401288453793102917e+02,2.852221700000000055e+02
6.401573907370232064e+02,2.852221700000000055e+02
6.402110238783706109e+02,2.852221700000000055e+02
6.402583438313736224e+02,2.852221700000000055e+02
6.403183825258323623e+02,2.852221700000000055e+02
6.403592969257240384e+02,2.852221700000000055e+02
6.404129879862306325e+02,2.852221700000000055e+02
6.404602500200744544e+02,2.852221700000000055e+02
7.218321999999999434e+02,4.403204299999999876e+02
6.405612031144249841e+02,3.497816199999999753e+02
6.406149520940906541e+02,3.497816199999999753e+02
6.406621562087754000e+02,3.497816199999999753e+02
6.407225426176808014e+02,3.497816199999999753e+02
6.407631093031258160e+02,3.497816199999999753e+02
6.408169162019506757e+02,3.497816199999999753e+02
6.408640623974763457e+02,3.497816199999999753e+02
6.409380946666666432e+02,3.497816199999999753e+02
6.409650154918267617e+02,3.497816199999999753e+02
6.410188803098106973e+02,3.497816199999999753e+02
6.410659685861771777e+02,3.497816199999999753e+02
6.411267027095292406e+02,3.497816199999999753e+02
6.411669216805275937e+02,3.497816199999999753e+02
6.412208444176706053e+02,3.497816199999999753e+02
6.412678747748780097e+02,3.497816199999999753e+02
6.413706887557602840e+02,3.497816199999999753e+02
6.413688278692285394e+02,3.497816199999999753e+02
6.414228085255306269e+02,3.497816199999999753e+02
6.414697809635789554e+02,3.497816199999999753e+02
6.415308628013776797e+02,3.497816199999999753e+02
6.415707340579293714e+02,3.497816199999999753e+02
6.416247726333906485e+02,3.497816199999999753e+02
6.416716871522799011e+02,3.497816199999999753e+02
6.417473439540229947e+02,3.497816199999999753e+02
6.417726402466303171e+02,3.497816199999999753e+02
6.418267367412506701e+02,3.497816199999999753e+02
6.418735933409807330e+02,3.497816199999999753e+02
6.419350228932261189e+02,3.497816199999999753e+02
6.419745464353311490e+02,3.497816199999999753e+02
6.420287008491106917e+02,3.497816199999999753e+02
6.420754995296815650e+02,3.497816199999999753e+02
6.422418851851851969e+02,3.497816199999999753e+02
6.421764526240320947e+02,3.497816199999999753e+02
6.422306649569707133e+02,3.497816199999999753e+02
6.422774057183825107e+02,3.497816199999999753e+02
6.423391829850745580e+02,3.497816199999999753e+02
6.423783588127329267e+02,3.497816199999999753e+02
6.424326290648307349e+02,3.497816199999999753e+02
6.424793119070834564e+02,3.497816199999999753e+02
6.425565932413792325e+02,3.497816199999999753e+02
6.425802650014338724e+02,3.497816199999999753e+02
6.426345931726907565e+02,3.497816199999999753e+02
6.426812180957842884e+02,3.497816199999999753e+02
6.427433430769231109e+02,3.497816199999999753e+02
6.427821711901347044e+02,3.497816199999999753e+02
6.428365572805507782e+02,3.497816199999999753e+02
6.428831242844852341e+02,3.497816199999999753e+02
6.429929165898616930e+02,3.497816199999999753e+02
6.429840773788356501e+02,3.497816199999999753e+02
6.430385213884107998e+02,3.497816199999999753e+02
6.430850304731860660e+02,3.497816199999999753e+02
6.431475031687714363e+02,3.497816199999999753e+02
6.431859835675365957e+02,3.497816199999999753e+02
6.432404854962708214e+02,3.497816199999999753e+02
6.432869366618870117e+02,3.497816199999999753e+02
6.433658425287355840e+02,3.497816199999999753e+02
6.433878897562374277e+02,3.497816199999999753e+02
6.434424496041308430e+02,3.497816199999999753e+02
6.434888428505878437e+02,3.497816199999999753e+02
6.435516632606199892e+02,3.497816199999999753e+02
6.435897959449382597e+02,3.497816199999999753e+02
6.436444137119908646e+02,3.497816199999999753e+02
6.436907490392887894e+02,3.497816199999999753e+02
7.228691400000000158e+02,4.436895799999999781e+02
6.437917021336392054e+02,3.497816199999999753e+02
6.438463778198508862e+02,3.497816199999999753e+02
6.438926552279896214e+02,3.497816199999999753e+02
6.439558233524684283e+02,3.497816199999999753e+02
6.439936083223401511e+02,3.497816199999999753e+02
6.440483419277107942e+02,3.497816199999999753e+02
6.440945614166905671e+02,3.497816199999999753e+02
6.441750918160919355e+02,3.497816199999999753e+02
6.441955145110409831e+02,3.497816199999999753e+02
6.442503060355708158e+02,3.497816199999999753e+02
6.442964676053913990e+02,3.497816199999999753e+02
6.443599834443168675e+02,3.497816199999999753e+02
6.443974206997418150e+02,3.497816199999999753e+02
6.444522701434308374e+02,3.497816199999999753e+02
6.444983737940923447e+02,3.497816199999999753e+02
6.446151444239631019e+02,3.497816199999999753e+02
6.445993268884427607e+02,3.497816199999999753e+02
6.446542342512908590e+02,3.497816199999999753e+02
6.447002799827931767e+02,3.497816199999999753e+02
6.447641435361653066e+02,3.497816199999999753e+02
6.448012330771437064e+02,3.497816199999999753e+02
6.448561983591508806e+02,3.497816199999999753e+02
6.449021861714941224e+02,3.497816199999999753e+02
6.449843411034482870e+02,3.497816199999999753e+02
6.450031392658445384e+02,3.497816199999999753e+02
6.450581624670109022e+02,3.497816199999999753e+02
6.451040923601949544e+02,3.497816199999999753e+02
6.451683036280137458e+02,3.497816199999999753e+02
6.452050454545453704e+02,3.497816199999999753e+02
6.452601265748709238e+02,3.497816199999999753e+02
6.453059985488959001e+02,3.497816199999999753e+02
6.455013614814814673e+02,3.497816199999999753e+02
6.454069516432463161e+02,3.497816199999999753e+02
6.454620906827309454e+02,3.497816199999999753e+02
6.455079047375967320e+02,3.497816199999999753e+02
6.455724637198621849e+02,3.497816199999999753e+02
6.456088578319472617e+02,3.497816199999999753e+02
6.456640547905908534e+02,3.497816199999999753e+02
6.457098109262976777e+02,3.497816199999999753e+02
6.457935903908046384e+02,3.497816199999999753e+02
6.458107640206480937e+02,3.497816199999999753e+02
6.458660188984508750e+02,3.497816199999999753e+02
6.459117171149985097e+02,3.497816199999999753e+02
6.459766238117106241e+02,3.497816199999999753e+02
6.460126702093489257e+02,3.497816199999999753e+02
6.460679830063108966e+02,3.497816199999999753e+02
6.461136233036994554e+02,3.497816199999999753e+02
6.462373722580645108e+02,3.497816199999999753e+02
6.462145763980498714e+02,3.497816199999999753e+02
6.462699471141709182e+02,3.497816199999999753e+02
6.463155294924002874e+02,3.497816199999999753e+02
6.463807839035590632e+02,3.497816199999999753e+02
6.464164825867508171e+02,3.497816199999999753e+02
6.464719112220309398e+02,3.497816199999999753e+02
6.465174356811012331e+02,3.497816199999999753e+02
6.466028396781608762e+02,3.497816199999999753e+02
6.466183887754516491e+02,3.497816199999999753e+02
6.466738753298909614e+02,3.497816199999999753e+02
6.467193418698020650e+02,3.497816199999999753e+02
6.467849439954075024e+02,3.497816199999999753e+02
6.468202949641524810e+02,3.497816199999999753e+02
6.468758394377509831e+02,3.497816199999999753e+02
6.469212480585030107e+02,3.497816199999999753e+02
7.239922000000000253e+02,4.454606999999999744e+02
6.470222011528534267e+02,3.497816199999999753e+02
6.470778035456110047e+02,3.497816199999999753e+02
6.471231542472038427e+02,3.497816199999999753e+02
6.471891040872560552e+02,3.497816199999999753e+02
6.472241073415543724e+02,3.497816199999999753e+02
6.472797676534710263e+02,3.497816199999999753e+02
6.473250604359047884e+02,3.497816199999999753e+02
6.474120889655172277e+02,3.497816199999999753e+02
6.474260135302552044e+02,3.497816199999999753e+02
6.474817317613310479e+02,3.497816199999999753e+02
6.475269666246056204e+02,3.497816199999999753e+02
6.475932641791043807e+02,3.497816199999999753e+02
6.476279197189560364e+02,3.497816199999999753e+02
6.476836958691910695e+02,3.497816199999999753e+02
6.477288728133065661e+02,3.497816199999999753e+02
6.478596000921659197e+02,3.497816199999999753e+02
6.478298259076569821e+02,3.497816199999999753e+02
6.478856599770510911e+02,3.497816199999999753e+02
6.479307790020073980e+02,3.497816199999999753e+02
6.479974242709529335e+02,3.497816199999999753e+02
6.480317320963579277e+02,3.497816199999999753e+02
6.480876240849111127e+02,3.497816199999999753e+02
6.481326851907083437e+02,3.497816199999999753e+02
6.482213382528735792e+02,3.497816199999999753e+02
6.482336382850587597e+02,3.497816199999999753e+02
6.482895881927711343e+02,3.497816199999999753e+02
6.483345913794091757e+02,3.497816199999999753e+02
6.484015843628013727e+02,3.497816199999999753e+02
6.484355444737595917e+02,3.497816199999999753e+02
6.484915523006310423e+02,3.497816199999999753e+02
6.485364975681101214e+02,3.497816199999999753e+02
6.487608377777777378e+02,3.497816199999999753e+02
6.486374506624605374e+02,3.497816199999999753e+02
6.486935164084910639e+02,3.497816199999999753e+02
6.487384037568109534e+02,3.497816199999999753e+02
6.488057444546498118e+02,3.497816199999999753e+02
6.488393568511614831e+02,3.497816199999999753e+02
6.488954805163510855e+02,3.497816199999999753e+02
6.489403099455118991e+02,3.497816199999999753e+02
6.490305875402298170e+02,3.497816199999999753e+02
6.490412630398623151e+02,3.497816199999999753e+02
6.490974446242111071e+02,3.497816199999999753e+02
6.491422161342127310e+02,3.497816199999999753e+02
6.492099045464982510e+02,3.497816199999999753e+02
6.492431692285631470e+02,3.497816199999999753e+02
6.492994087320711287e+02,3.497816199999999753e+02
6.493441223229136767e+02,3.497816199999999753e+02
6.494818279262672149e+02,3.497816199999999753e+02
6.494450754172640927e+02,3.497816199999999753e+02
6.495013728399311503e+02,3.497816199999999753e+02
6.495460285116145087e+02,3.497816199999999753e+02
6.496140646383466901e+02,3.497816199999999753e+02
6.496469816059650384e+02,3.497816199999999753e+02
6.497033369477911720e+02,3.497816199999999753e+02
6.497479347003154544e+02,3.497816199999999753e+02
6.498398368275861685e+02,3.497816199999999753e+02
6.498488877946658704e+02,3.497816199999999753e+02
6.499053010556511936e+02,3.497816199999999753e+02
6.499498408890162864e+02,3.497816199999999753e+02
6.500182247301951293e+02,3.497816199999999753e+02
6.500507939833667024e+02,3.497816199999999753e+02
6.501072651635111015e+02,3.497816199999999753e+02
6.501517470777172321e+02,3.497816199999999753e+02
7.265164999999999509e+02,4.467934599999999818e+02
6.502527001720676481e+02,2.759367700000000241e+02
6.503092292713711231e+02,2.759367700000000241e+02
6.503536532664180640e+02,2.759367700000000241e+02
6.504223848220435684e+02,2.759367700000000241e+02
6.504546063607685937e+02,2.759367700000000241e+02
6.505111933792311447e+02,2.759367700000000241e+02
6.505555594551190097e+02,2.759367700000000241e+02
6.506490861149425200e+02,2.759367700000000241e+02
6.506565125494694257e+02,2.759367700000000241e+02
6.507131574870911663e+02,2.759367700000000241e+02
6.507574656438198417e+02,2.759367700000000241e+02
6.508265449138920076e+02,2.759367700000000241e+02
6.508584187381702577e+02,2.759367700000000241e+02
6.509151215949511879e+02,2.759367700000000241e+02
6.509593718325207874e+02,2.759367700000000241e+02
6.511040557603686239e+02,2.759367700000000241e+02
6.510603249268712034e+02,2.759367700000000241e+02
6.511170857028112096e+02,2.759367700000000241e+02
6.511612780212216194e+02,2.759367700000000241e+02
6.512307050057404467e+02,2.759367700000000241e+02
6.512622311155721491e+02,2.759367700000000241e+02
6.513190498106712312e+02,2.759367700000000241e+02
6.513631842099225651e+02,2.759367700000000241e+02
6.514583354022988715e+02,2.759367700000000241e+02
6.514641373042729811e+02,2.759367700000000241e+02
6.515210139185312528e+02,2.759367700000000241e+02
6.515650903986233970e+02,2.759367700000000241e+02
6.516348650975889996e+02,2.759367700000000241e+02
6.516660434929738130e+02,2.759367700000000241e+02
6.517229780263912744e+02,2.759367700000000241e+02
6.517669965873243427e+02,2.759367700000000241e+02
6.520203140740740082e+02,2.759367700000000241e+02
6.518679496816747587e+02,2.759367700000000241e+02
6.519249421342512960e+02,2.759367700000000241e+02
6.519689027760251747e+02,2.759367700000000241e+02
6.520390251894373250e+02,2.759367700000000241e+02
6.520698558703757044e+02,2.759367700000000241e+02
6.521269062421113176e+02,2.759367700000000241e+02
6.521708089647261204e+02,2.759367700000000241e+02
6.522675846896551093e+02,2.759367700000000241e+02
6.522717620590765364e+02,2.759367700000000241e+02
6.523288703499713392e+02,2.759367700000000241e+02
6.523727151534269524e+02,2.759367700000000241e+02
6.524431852812858779e+02,2.759367700000000241e+02
6.524736682477773684e+02,2.759367700000000241e+02
6.525308344578313609e+02,2.759367700000000241e+02
6.525746213421278981e+02,2.759367700000000241e+02
6.527262835944700328e+02,2.759367700000000241e+02
6.526755744364783141e+02,2.759367700000000241e+02
6.527327985656913825e+02,2.759367700000000241e+02
6.527765275308287301e+02,2.759367700000000241e+02
6.528473453731343170e+02,2.759367700000000241e+02
6.528774806251792597e+02,2.759367700000000241e+02
6.529347626735512904e+02,2.759367700000000241e+02
6.529784337195296757e+02,2.759367700000000241e+02
6.530768339770114608e+02,2.759367700000000241e+02
6.530793868138800917e+02,2.759367700000000241e+02
6.531367267814113120e+02,2.759367700000000241e+02
6.531803399082305077e+02,2.759367700000000241e+02
6.532515054649827562e+02,2.759367700000000241e+02
6.532812930025809237e+02,2.759367700000000241e+02
6.533386908892713336e+02,2.759367700000000241e+02
6.533822460969314534e+02,2.759367700000000241e+02
7.287405999999999722e+02,4.467934599999999818e+02
6.534831991912818694e+02,2.759367700000000241e+02
6.535406549971313552e+02,2.759367700000000241e+02
6.535841522856322854e+02,2.759367700000000241e+02
6.536556655568311953e+02,2.759367700000000241e+02
6.536851053799828151e+02,2.759367700000000241e+02
6.537426191049913768e+02,2.759367700000000241e+02
6.537860584743332311e+02,2.759367700000000241e+02
6.538860832643678123e+02,2.759367700000000241e+02
6.538870115686836471e+02,2.759367700000000241e+02
6.539445832128513985e+02,2.759367700000000241e+02
6.539879646630340631e+02,2.759367700000000241e+02
6.540598256486796345e+02,2.759367700000000241e+02
6.540889177573844790e+02,2.759367700000000241e+02
6.541465473207114201e+02,2.759367700000000241e+02
6.541898708517350087e+02,2.759367700000000241e+02
6.543485114285714417e+02,2.759367700000000241e+02
6.542908239460854247e+02,2.759367700000000241e+02
6.543485114285714417e+02,2.759367700000000241e+02
6.543917770404358407e+02,2.759367700000000241e+02
6.544639857405280736e+02,2.759367700000000241e+02
6.544927301347863704e+02,2.759367700000000241e+02
6.545504755364314633e+02,2.759367700000000241e+02
6.545936832291367864e+02,2.759367700000000241e+02
6.546953325517240501e+02,2.759367700000000241e+02
6.546946363234872024e+02,2.759367700000000241e+02
6.547524396442913712e+02,2.759367700000000241e+02
6.547955894178376184e+02,2.759367700000000241e+02
6.548681458323765128e+02,2.759367700000000241e+02
6.548965425121880344e+02,2.759367700000000241e+02
6.549544037521513928e+02,2.759367700000000241e+02
6.549974956065385641e+02,2.759367700000000241e+02
6.552797903703703923e+02,2.759367700000000241e+02
6.550984487008889801e+02,2.759367700000000241e+02
6.551563678600114145e+02,2.759367700000000241e+02
6.551994017952393961e+02,2.759367700000000241e+02
6.552723059242249519e+02,2.759367700000000241e+02
6.553003548895899257e+02,2.759367700000000241e+02
6.553583319678714361e+02,2.759367700000000241e+02
6.554013079839403417e+02,2.759367700000000241e+02
6.555045818390804016e+02,2.759367700000000241e+02
6.555022610782907577e+02,2.759367700000000241e+02
6.555602960757314577e+02,2.759367700000000241e+02
6.556032141726411737e+02,2.759367700000000241e+02
6.556764660160733911e+02,2.759367700000000241e+02
6.557041672669915897e+02,2.759367700000000241e+02
6.557622601835914793e+02,2.759367700000000241e+02
6.558051203613421194e+02,2.759367700000000241e+02
6.559707392626728506e+02,2.759367700000000241e+02
6.559060734556925354e+02,2.759367700000000241e+02
6.559642242914515009e+02,2.759367700000000241e+02
6.560070265500429514e+02,2.759367700000000241e+02
6.560806261079219439e+02,2.759367700000000241e+02
6.561079796443934811e+02,2.759367700000000241e+02
6.561661883993115225e+02,2.759367700000000241e+02
6.562089327387438971e+02,2.759367700000000241e+02
6.563138311264367530e+02,2.759367700000000241e+02
6.563098858330943131e+02,2.759367700000000241e+02
6.563681525071715441e+02,2.759367700000000241e+02
6.564108389274447291e+02,2.759367700000000241e+02
6.564847861997703831e+02,2.759367700000000241e+02
6.565117920217951450e+02,2.759367700000000241e+02
6.565701166150315657e+02,2.759367700000000241e+02
6.566127451161456747e+02,2.759367700000000241e+02
7.287405999999999722e+02,4.467934599999999818e+02
6.567136982104960907e+02,2.759367700000000241e+02
6.567720807228915874e+02,2.759367700000000241e+02
6.568146513048465067e+02,2.759367700000000241e+02
6.568889462916188222e+02,2.759367700000000241e+02
6.569156043991970364e+02,2.759367700000000241e+02
6.569740448307516090e+02,2.759367700000000241e+02
6.570165574935474524e+02,2.759367700000000241e+02
6.571230804137931045e+02,2.759367700000000241e+02
6.571175105878978684e+02,2.759367700000000241e+02
6.571760089386116306e+02,2.759367700000000241e+02
6.572184636822482844e+02,2.759367700000000241e+02
6.572931063834672614e+02,2.759367700000000241e+02
6.573194167765987004e+02,2.759367700000000241e+02
6.573779730464716522e+02,2.759367700000000241e+02
6.574203698709492301e+02,2.759367700000000241e+02
6.575929670967741458e+02,2.759367700000000241e+02
6.575213229652996461e+02,2.759367700000000241e+02
6.575799371543315601e+02,2.759367700000000241e+02
6.576222760596500621e+02,2.759367700000000241e+02
6.576972664753157005e+02,2.759367700000000241e+02
6.577232291540005917e+02,2.759367700000000241e+02
6.577819012621915817e+02,2.759367700000000241e+02
6.578241822483510077e+02,2.759367700000000241e+02
6.579323297011494560e+02,2.759367700000000241e+02
6.579251353427014237e+02,2.759367700000000241e+02
6.579838653700516033e+02,2.759367700000000241e+02
6.580260884370518397e+02,2.759367700000000241e+02
6.581014265671641397e+02,2.759367700000000241e+02
6.581270415314022557e+02,2.759367700000000241e+02
6.581858294779116250e+02,2.759367700000000241e+02
6.582279946257527854e+02,2.759367700000000241e+02
6.585392666666666628e+02,2.759367700000000241e+02
6.583289477201032014e+02,2.759367700000000241e+02
6.583877935857716466e+02,2.759367700000000241e+02
6.584299008144536174e+02,2.759367700000000241e+02
6.585055866590125788e+02,2.759367700000000241e+02
6.585308539088041471e+02,2.759367700000000241e+02
6.585897576936316682e+02,2.759367700000000241e+02
6.586318070031545631e+02,2.759367700000000241e+02
6.587415789885056938e+02,2.759367700000000241e+02
6.587327600975049791e+02,2.759367700000000241e+02
6.587917218014916898e+02,2.759367700000000241e+02
6.588337131918553951e+02,2.759367700000000241e+02
6.589097467508610180e+02,2.759367700000000241e+02
6.589346662862058110e+02,2.759367700000000241e+02
6.589936859093517114e+02,2.759367700000000241e+02
6.590356193805563407e+02,2.759367700000000241e+02
6.592151949308755547e+02,2.759367700000000241e+02
6.591365724749067567e+02,2.759367700000000241e+02
6.591956500172116193e+02,2.759367700000000241e+02
6.592375255692571727e+02,2.759367700000000241e+02
6.593139068427094571e+02,2.759367700000000241e+02
6.593384786636077024e+02,2.759367700000000241e+02
6.593976141250716410e+02,4.511424600000000282e+02
6.594394317579581184e+02,4.511424600000000282e+02
6.595508282758620453e+02,4.511424600000000282e+02
6.595403848523085344e+02,4.511424600000000282e+02
6.595995782329316626e+02,4.511424600000000282e+02
6.596413379466589504e+02,4.511424600000000282e+02
6.597180669345580100e+02,4.511424600000000282e+02
6.597422910410093664e+02,4.511424600000000282e+02
6.598015423407916842e+02,4.511424600000000282e+02
6.598432441353598961e+02,4.511424600000000282e+02
7.347386500000000069e+02,4.005912999999999897e+02
6.599441972297103121e+02,3.730477300000000014e+02
6.600035064486517058e+02,3.730477300000000014e+02
6.600451503240607281e+02,3.730477300000000014e+02
6.601222270264063354e+02,3.730477300000000014e+02
6.601461034184112577e+02,3.730477300000000014e+02
6.602054705565117274e+02,3.730477300000000014e+02
6.602470565127616737e+02,3.730477300000000014e+02
6.603600775632183968e+02,3.730477300000000014e+02
6.603480096071120897e+02,3.730477300000000014e+02
6.604074346643717490e+02,3.730477300000000014e+02
6.604489627014625057e+02,3.730477300000000014e+02
6.605263871182548883e+02,3.730477300000000014e+02
6.605499157958129217e+02,3.730477300000000014e+02
6.606093987722317706e+02,3.730477300000000014e+02
6.606508688901634514e+02,3.730477300000000014e+02
6.608374227649769637e+02,4.422773399999999810e+02
6.607518219845138674e+02,3.730477300000000014e+02
6.608113628800917922e+02,4.422773399999999810e+02
6.608527750788642834e+02,4.422773399999999810e+02
6.609305472101033274e+02,4.422773399999999810e+02
6.609537281732148131e+02,4.422773399999999810e+02
6.610133269879518139e+02,4.554788800000000037e+02
6.610546812675652291e+02,4.554788800000000037e+02
6.611693268505746346e+02,4.554788800000000037e+02
6.611556343619156451e+02,4.554788800000000037e+02
6.612152910958118355e+02,4.554788800000000037e+02
6.612565874562660611e+02,4.554788800000000037e+02
6.613347073019517666e+02,4.554788800000000037e+02
6.613575405506164770e+02,4.554788800000000037e+02
6.614172552036718571e+02,4.554788800000000037e+02
6.614584936449670067e+02,4.554788800000000037e+02
6.617987429629629332e+02,4.554788800000000037e+02
6.615594467393174227e+02,4.554788800000000037e+02
6.616192193115318787e+02,4.554788800000000037e+02
6.616603998336678387e+02,4.554788800000000037e+02
6.617388673938002057e+02,4.554788800000000037e+02
6.617613529280183684e+02,4.554788800000000037e+02
6.618211834193919003e+02,4.554788800000000037e+02
6.618623060223687844e+02,4.554788800000000037e+02
6.619785761379309861e+02,4.554788800000000037e+02
6.619632591167192004e+02,4.554788800000000037e+02
6.620231475272518082e+02,4.554788800000000037e+02
6.620642122110696164e+02,4.554788800000000037e+02
6.621430274856486449e+02,4.554788800000000037e+02
6.621651653054200324e+02,4.554788800000000037e+02
6.622251116351118299e+02,4.554788800000000037e+02
6.622661183997705621e+02,4.554788800000000037e+02
6.624596505990782589e+02,4.554788800000000037e+02
6.623670714941209781e+02,4.554788800000000037e+02
6.624270757429718515e+02,4.554788800000000037e+02
6.624680245884713941e+02,4.554788800000000037e+02
6.625471875774970840e+02,4.554788800000000037e+02
6.625689776828219237e+02,4.554788800000000037e+02
6.626290398508318731e+02,4.554788800000000037e+02
6.626699307771723397e+02,4.554788800000000037e+02
6.627878254252873376e+02,4.554788800000000037e+02
6.627708838715227557e+02,4.554788800000000037e+02
6.628310039586918947e+02,4.554788800000000037e+02
6.628718369658731717e+02,4.554788800000000037e+02
6.629513476693455232e+02,4.554788800000000037e+02
6.629727900602235877e+02,4.554788800000000037e+02
6.630329680665519163e+02,4.554788800000000037e+02
6.630737431545741174e+02,4.554788800000000037e+02
7.347386500000000069e+02,4.005912999999999897e+02
6.631746962489245334e+02,4.271303700000000276e+02
6.632349321744119379e+02,4.271303700000000276e+02
6.632756493432749494e+02,4.271303700000000276e+02
6.633555077611939623e+02,4.271303700000000276e+02
6.633766024376254791e+02,4.271303700000000276e+02
6.634368962822719595e+02,4.271303700000000276e+02
6.634775555319758951e+02,4.271303700000000276e+02
6.635970747126436891e+02,4.271303700000000276e+02
6.635785086263263111e+02,4.271303700000000276e+02
6.636388603901319811e+02,4.271303700000000276e+02
6.636794617206767271e+02,4.271303700000000276e+02
6.637596678530424015e+02,4.271303700000000276e+02
6.637804148150271430e+02,4.271303700000000276e+02
6.638408244979918891e+02,4.271303700000000276e+02
6.638813679093776727e+02,4.271303700000000276e+02
6.640818784331796678e+02,4.271303700000000276e+02
6.639823210037280887e+02,4.271303700000000276e+02
6.640427886058519107e+02,4.271303700000000276e+02
6.640832740980785047e+02,4.271303700000000276e+02
6.641638279448909543e+02,4.271303700000000276e+02
6.641842271924290344e+02,4.271303700000000276e+02
6.642447527137119323e+02,4.271303700000000276e+02
6.642851802867794504e+02,4.271303700000000276e+02
6.644063240000000405e+02,4.271303700000000276e+02
6.643861333811298664e+02,4.271303700000000276e+02
6.644467168215719539e+02,4.271303700000000276e+02
6.644870864754802824e+02,4.271303700000000276e+02
6.645679880367392798e+02,4.271303700000000276e+02
6.645880395698306984e+02,4.271303700000000276e+02
6.646486809294319755e+02,4.271303700000000276e+02
6.646889926641812281e+02,4.271303700000000276e+02
6.650582192592592037e+02,4.271303700000000276e+02
6.647899457585316441e+02,4.271303700000000276e+02
6.648506450372919971e+02,4.271303700000000276e+02
6.648908988528820601e+02,4.271303700000000276e+02
6.649721481285878326e+02,4.271303700000000276e+02
6.649918519472325897e+02,4.271303700000000276e+02
6.650526091451520188e+02,4.271303700000000276e+02
6.650928050415830057e+02,4.271303700000000276e+02
6.652155732873562783e+02,4.271303700000000276e+02
6.651937581359334217e+02,4.271303700000000276e+02
6.652545732530120404e+02,4.271303700000000276e+02
6.652947112302838377e+02,4.271303700000000276e+02
6.653763082204362718e+02,4.271303700000000276e+02
6.653956643246342537e+02,4.271303700000000276e+02
6.654565373608720620e+02,4.271303700000000276e+02
6.654966174189847834e+02,4.271303700000000276e+02
6.657041062672810767e+02,4.271303700000000276e+02
6.655975705133351994e+02,4.271303700000000276e+02
6.656585014687320836e+02,4.271303700000000276e+02
6.656985236076856154e+02,4.271303700000000276e+02
6.657804683122847109e+02,4.271303700000000276e+02
6.657994767020361451e+02,4.271303700000000276e+02
6.658604655765921052e+02,4.271303700000000276e+02
6.659004297963865611e+02,4.271303700000000276e+02
6.660248225747126298e+02,4.271303700000000276e+02
6.660013828907369771e+02,4.271303700000000276e+02
6.660624296844521268e+02,4.271303700000000276e+02
6.661023359850873931e+02,4.271303700000000276e+02
6.661846284041331501e+02,4.271303700000000276e+02
6.662032890794378091e+02,4.271303700000000276e+02
6.662643937923121484e+02,4.271303700000000276e+02
6.663042421737883387e+02,4.271303700000000276e+02
7.347386500000000069e+02,4.005912999999999897e+02
6.664051952681387547e+02,4.271303700000000276e+02
6.664663579001721700e+02,4.271303700000000276e+02
6.665061483624891707e+02,4.271303700000000276e+02
6.665887884959815892e+02,4.271303700000000276e+02
6.666071014568397004e+02,4.271303700000000276e+02
6.666683220080320780e+02,4.271303700000000276e+02
6.667080545511901164e+02,4.271303700000000276e+02
6.668340718620689813e+02,4.271303700000000276e+02
6.668090076455405324e+02,4.271303700000000276e+02
6.668702861158920996e+02,4.271303700000000276e+02
6.669099607398909484e+02,4.271303700000000276e+02
6.669929485878300284e+02,4.271303700000000276e+02
6.670109138342413644e+02,4.271303700000000276e+02
6.670722502237521212e+02,4.271303700000000276e+02
6.671118669285918941e+02,4.271303700000000276e+02
6.673263341013824856e+02,4.271303700000000276e+02
6.672128200229423101e+02,4.271303700000000276e+02
6.672742143316121428e+02,4.271303700000000276e+02
6.673137731172927261e+02,4.271303700000000276e+02
6.673971086796784675e+02,4.271303700000000276e+02
6.674147262116432557e+02,4.271303700000000276e+02
6.674761784394721644e+02,4.271303700000000276e+02
6.675156793059936717e+02,4.271303700000000276e+02
6.676433211494252191e+02,4.271303700000000276e+02
6.676166324003440877e+02,4.271303700000000276e+02
6.676781425473321860e+02,4.271303700000000276e+02
6.677175854946945037e+02,4.271303700000000276e+02
6.678012687715269067e+02,4.271303700000000276e+02
6.678185385890449197e+02,4.271303700000000276e+02
6.678801066551922077e+02,4.271303700000000276e+02
6.679194916833954494e+02,4.271303700000000276e+02
6.683176955555554741e+02,4.590154999999999745e+02
6.680204447777458654e+02,4.590154999999999745e+02
6.680820707630522293e+02,4.590154999999999745e+02
6.681213978720962814e+02,4.590154999999999745e+02
6.682054288633753458e+02,4.590154999999999745e+02
6.682223509664468111e+02,4.590154999999999745e+02
6.682840348709121372e+02,4.590154999999999745e+02
6.683233040607972271e+02,4.590154999999999745e+02
6.684525704367815706e+02,4.590154999999999745e+02
6.684242571551476431e+02,4.590154999999999745e+02
6.684859989787721588e+02,4.590154999999999745e+02
6.685252102494980591e+02,4.590154999999999745e+02
6.686095889552238987e+02,4.590154999999999745e+02
6.686261633438484751e+02,4.590154999999999745e+02
6.686879630866321804e+02,4.590154999999999745e+02
6.687271164381990047e+02,4.590154999999999745e+02
6.689485619354838946e+02,4.590154999999999745e+02
6.688280695325494207e+02,4.590154999999999745e+02
6.688899271944922020e+02,4.590154999999999745e+02
6.689290226268998367e+02,4.590154999999999745e+02
6.690137490470722241e+02,4.590154999999999745e+02
6.690299757212503664e+02,4.590154999999999745e+02
6.690918913023522236e+02,4.590154999999999745e+02
6.691309288156007824e+02,4.590154999999999745e+02
6.692618197241379221e+02,4.590154999999999745e+02
6.692318819099511984e+02,4.590154999999999745e+02
6.692938554102122453e+02,4.590154999999999745e+02
6.693328350043016144e+02,4.590154999999999745e+02
6.694179091389207770e+02,4.590154999999999745e+02
6.694337880986520304e+02,4.590154999999999745e+02
6.694958195180722669e+02,4.590154999999999745e+02
6.695347411930025601e+02,4.590154999999999745e+02
7.111900000000000546e+02,3.997027600000000120e+02
6.696356942873529761e+02,3.961699199999999905e+02
6.696977836259322885e+02,3.961699199999999905e+02
6.697366473817033921e+02,3.961699199999999905e+02
6.698220692307692161e+02,3.961699199999999905e+02
6.698376004760539217e+02,3.961699199999999905e+02
6.698997477337923101e+02,3.961699199999999905e+02
6.699385535704043377e+02,3.961699199999999905e+02
6.700710690114942736e+02,3.961699199999999905e+02
6.700395066647547537e+02,3.961699199999999905e+02
6.701017118416523317e+02,3.961699199999999905e+02
6.701404597591051697e+02,3.961699199999999905e+02
6.702262293226176553e+02,3.961699199999999905e+02
6.702414128534555857e+02,3.961699199999999905e+02
6.703036759495123533e+02,3.961699199999999905e+02
6.703423659478061154e+02,3.961699199999999905e+02
6.705707897695851898e+02,3.961699199999999905e+02
6.704433190421565314e+02,3.961699199999999905e+02
6.705056400573723749e+02,3.961699199999999905e+02
6.705442721365069474e+02,3.961699199999999905e+02
6.706303894144660944e+02,3.961699199999999905e+02
6.706452252308574771e+02,3.961699199999999905e+02
6.707076041652323966e+02,3.961699199999999905e+02
6.707461783252078931e+02,3.961699199999999905e+02
6.708803182988505114e+02,3.961699199999999905e+02
6.708471314195583091e+02,3.961699199999999905e+02
6.709095682730924182e+02,3.961699199999999905e+02
6.709480845139087251e+02,3.961699199999999905e+02
6.710345495063145336e+02,3.961699199999999905e+02
6.710490376082591411e+02,3.961699199999999905e+02
6.711115323809523261e+02,3.961699199999999905e+02
6.711499907026096707e+02,3.961699199999999905e+02
6.715771718518518583e+02,3.961699199999999905e+02
6.712509437969600867e+02,3.961699199999999905e+02
6.713134964888123477e+02,3.961699199999999905e+02
6.713518968913105027e+02,3.961699199999999905e+02
6.714387095981629727e+02,3.961699199999999905e+02
6.714528499856610324e+02,3.961699199999999905e+02
6.715154605966723693e+02,3.961699199999999905e+02
6.715538030800114484e+02,3.961699199999999905e+02
6.716895675862068629e+02,3.961699199999999905e+02
6.716547561743618644e+02,3.961699199999999905e+02
6.717174247045323909e+02,3.961699199999999905e+02
6.717557092687122804e+02,3.961699199999999905e+02
6.718428696900114119e+02,3.961699199999999905e+02
6.718566623630626964e+02,3.961699199999999905e+02
6.719193888123924125e+02,3.961699199999999905e+02
6.719576154574132261e+02,3.961699199999999905e+02
6.721930176036865987e+02,3.961699199999999905e+02
6.720585685517636421e+02,3.961699199999999905e+02
6.721213529202524342e+02,3.961699199999999905e+02
6.721595216461140581e+02,3.961699199999999905e+02
6.722470297818598510e+02,3.961699199999999905e+02
6.722604747404645877e+02,3.961699199999999905e+02
6.723233170281124558e+02,3.961699199999999905e+02
6.723614278348150037e+02,3.961699199999999905e+02
6.724988168735632144e+02,3.961699199999999905e+02
6.724623809291654197e+02,3.961699199999999905e+02
6.725252811359724774e+02,3.961699199999999905e+02
6.725633340235158357e+02,3.961699199999999905e+02
6.726511898737082902e+02,3.961699199999999905e+02
6.726642871178662517e+02,3.961699199999999905e+02
6.727272452438324990e+02,3.961699199999999905e+02
6.727652402122167814e+02,3.961699199999999905e+02
6.975365000000000464e+02,4.009932999999999765e+02
6.728661933065671974e+02,2.696429400000000101e+02
6.729292093516924069e+02,2.696429400000000101e+02
6.729671464009176134e+02,2.696429400000000101e+02
6.730553499655568430e+02,2.696429400000000101e+02
6.730680994952681431e+02,2.696429400000000101e+02
6.731311734595524285e+02,2.696429400000000101e+02
6.731690525896185591e+02,2.696429400000000101e+02
6.733080661609194522e+02,2.696429400000000101e+02
6.732700056839689751e+02,2.696429400000000101e+02
6.733331375674124502e+02,2.696429400000000101e+02
6.733709587783193911e+02,2.696429400000000101e+02
6.734595100574052822e+02,2.696429400000000101e+02
6.734719118726698071e+02,2.696429400000000101e+02
6.735351016752724718e+02,2.696429400000000101e+02
6.735728649670203367e+02,2.696429400000000101e+02
6.738152454377880076e+02,2.696429400000000101e+02
6.736738180613707527e+02,2.696429400000000101e+02
6.737370657831324934e+02,2.696429400000000101e+02
6.737747711557211687e+02,2.696429400000000101e+02
6.738636701492537213e+02,2.696429400000000101e+02
6.738757242500716984e+02,2.696429400000000101e+02
6.739390298909925150e+02,2.696429400000000101e+02
6.739766773444221144e+02,2.696429400000000101e+02
6.741173154482758036e+02,2.696429400000000101e+02
6.740776304387725304e+02,2.696429400000000101e+02
6.741409939988525366e+02,2.696429400000000101e+02
6.741785835331229464e+02,2.696429400000000101e+02
6.742678302411021605e+02,2.696429400000000101e+02
6.742795366274733624e+02,2.696429400000000101e+02
6.743429581067125582e+02,2.696429400000000101e+02
6.743804897218238921e+02,2.696429400000000101e+02
6.748366481481481287e+02,4.134474999999999909e+02
6.744814428161743081e+02,4.134474999999999909e+02
6.745449222145725798e+02,4.134474999999999909e+02
6.745823959105247241e+02,4.134474999999999909e+02
6.746719903329505996e+02,4.134474999999999909e+02
6.746833490048752537e+02,4.134474999999999909e+02
6.747468863224326014e+02,4.134474999999999909e+02
6.747843020992256697e+02,4.134474999999999909e+02
6.749265647356321551e+02,4.134474999999999909e+02
6.748852551935760857e+02,4.134474999999999909e+02
6.749488504302926231e+02,4.134474999999999909e+02
6.749862082879265017e+02,4.134474999999999909e+02
6.750761504247990388e+02,4.134474999999999909e+02
6.750871613822769177e+02,4.134474999999999909e+02
6.751508145381526447e+02,4.134474999999999909e+02
6.751881144766274474e+02,4.134474999999999909e+02
6.754374732718894165e+02,4.134474999999999909e+02
6.752890675709778634e+02,4.134474999999999909e+02
6.753527786460126663e+02,4.134474999999999909e+02
6.753900206653282794e+02,4.134474999999999909e+02
6.754803105166474779e+02,4.134474999999999909e+02
6.754909737596788091e+02,4.134474999999999909e+02
6.755547427538726879e+02,4.134474999999999909e+02
6.755919268540292251e+02,4.134474999999999909e+02
6.757358140229885066e+02,4.134474999999999909e+02
6.756928799483796411e+02,4.134474999999999909e+02
6.757567068617325958e+02,4.134474999999999909e+02
6.757938330427300571e+02,4.134474999999999909e+02
6.758844706084959171e+02,4.134474999999999909e+02
6.758947861370804731e+02,4.134474999999999909e+02
6.759586709695926174e+02,4.134474999999999909e+02
6.759957392314310027e+02,4.134474999999999909e+02
6.851873000000000502e+02,4.061360000000000241e+02
6.760966923257814187e+02,2.671231700000000160e+02
6.761606350774526391e+02,2.671231700000000160e+02
6.761976454201318347e+02,2.671231700000000160e+02
6.762886307003443562e+02,2.671231700000000160e+02
6.762985985144823644e+02,2.671231700000000160e+02
6.763625991853126607e+02,2.671231700000000160e+02
6.763995516088327804e+02,2.671231700000000160e+02
6.765450633103448581e+02,2.671231700000000160e+02
6.765005047031831964e+02,2.671231700000000160e+02
6.765645632931726823e+02,2.671231700000000160e+02
6.766014577975336124e+02,2.671231700000000160e+02
6.766927907921929091e+02,2.671231700000000160e+02
6.767024108918840284e+02,2.671231700000000160e+02
6.767665274010327039e+02,2.671231700000000160e+02
6.768033639862345581e+02,2.671231700000000160e+02
6.770597011059908255e+02,2.671231700000000160e+02
6.769043170805849741e+02,2.671231700000000160e+02
6.769684915088927255e+02,2.671231700000000160e+02
6.770052701749353901e+02,2.671231700000000160e+02
6.770969508840412345e+02,2.671231700000000160e+02
6.771062232692859197e+02,2.671231700000000160e+02
6.771704556167527471e+02,2.671231700000000160e+02
6.772071763636363357e+02,2.671231700000000160e+02
6.773543125977010959e+02,2.671231700000000160e+02
6.773081294579867517e+02,2.671231700000000160e+02
6.773724197246126550e+02,2.671231700000000160e+02
6.774090825523371677e+02,2.671231700000000160e+02
6.775011109758897874e+02,2.671231700000000160e+02
6.775100356466876974e+02,2.671231700000000160e+02
6.775743838324726767e+02,2.671231700000000160e+02
6.776109887410381134e+02,2.671231700000000160e+02
6.780961244444443992e+02,2.671231700000000160e+02
6.777119418353885294e+02,2.671231700000000160e+02
6.777763479403326983e+02,2.671231700000000160e+02
6.778128949297390591e+02,2.671231700000000160e+02
6.779052710677382265e+02,2.671231700000000160e+02
6.779138480240894751e+02,2.671231700000000160e+02
6.779783120481927199e+02,2.671231700000000160e+02
6.780148011184398911e+02,2.671231700000000160e+02
6.781635618850574474e+02,2.671231700000000160e+02
6.781157542127903071e+02,2.671231700000000160e+02
6.781802761560527415e+02,2.671231700000000160e+02
6.782167073071407231e+02,2.671231700000000160e+02
6.783094311595866657e+02,2.671231700000000160e+02
6.783176604014912527e+02,2.671231700000000160e+02
6.783822402639127631e+02,2.671231700000000160e+02
6.784186134958416687e+02,2.671231700000000160e+02
6.786819289400921207e+02,2.671231700000000160e+02
6.785195665901920847e+02,2.671231700000000160e+02
6.785842043717727847e+02,2.671231700000000160e+02
6.786205196845426144e+02,2.671231700000000160e+02
6.787135912514351048e+02,2.671231700000000160e+02
6.787214727788930304e+02,2.671231700000000160e+02
6.787861684796328063e+02,2.671231700000000160e+02
6.788224258732434464e+02,2.671231700000000160e+02
6.789728111724137989e+02,2.671231700000000160e+02
6.789233789675938624e+02,2.671231700000000160e+02
6.789881325874928280e+02,2.671231700000000160e+02
6.790243320619442784e+02,2.671231700000000160e+02
6.791177513432835440e+02,2.671231700000000160e+02
6.791252851562948081e+02,2.671231700000000160e+02
6.791900966953528496e+02,2.671231700000000160e+02
6.792262382506452241e+02,2.671231700000000160e+02
6.757823499999999513e+02,4.134474999999999909e+02
6.793271913449956401e+02,2.671231700000000160e+02
6.793920608032128712e+02,2.671231700000000160e+02
6.794281444393461697e+02,2.671231700000000160e+02
6.795219114351319831e+02,2.671231700000000160e+02
6.795290975336965857e+02,2.671231700000000160e+02
6.795940249110728928e+02,2.671231700000000160e+02
6.796300506280470017e+02,2.671231700000000160e+02
6.797820604597700367e+02,2.671231700000000160e+02
6.797310037223974177e+02,2.671231700000000160e+02
6.797959890189329144e+02,2.671231700000000160e+02
6.798319568167478337e+02,2.671231700000000160e+02
6.799260715269804223e+02,2.671231700000000160e+02
6.799329099110983634e+02,2.671231700000000160e+02
6.799979531267929360e+02,2.671231700000000160e+02
6.800338630054487794e+02,2.671231700000000160e+02
6.803041567741935296e+02,2.671231700000000160e+02
6.801348160997991954e+02,2.671231700000000160e+02
6.801999172346528439e+02,2.671231700000000160e+02
6.802357691941497251e+02,2.671231700000000160e+02
6.803302316188288614e+02,2.671231700000000160e+02
6.803367222885001411e+02,2.671231700000000160e+02
6.804018813425128656e+02,2.671231700000000160e+02
6.804376753828505571e+02,2.671231700000000160e+02
6.805913097471263882e+02,2.671231700000000160e+02
6.805386284772009731e+02,2.671231700000000160e+02
6.806038454503728872e+02,2.671231700000000160e+02
6.806395815715513891e+02,2.671231700000000160e+02
6.807343917106773006e+02,2.671231700000000160e+02
6.807405346659019187e+02,2.671231700000000160e+02
6.808058095582329088e+02,2.671231700000000160e+02
6.808414877602523347e+02,2.671231700000000160e+02
6.813556007407406696e+02,3.218399699999999939e+02
6.809424408546027507e+02,3.218399699999999939e+02
6.810077736660929304e+02,3.218399699999999939e+02
6.810433939489532804e+02,3.218399699999999939e+02
6.811385518025258534e+02,3.218399699999999939e+02
6.811443470433036964e+02,3.218399699999999939e+02
6.812097377739529520e+02,3.218399699999999939e+02
6.812453001376541124e+02,3.218399699999999939e+02
6.814005590344827397e+02,3.218399699999999939e+02
6.813462532320045284e+02,3.218399699999999939e+02
6.814117018818129736e+02,3.218399699999999939e+02
6.814472063263549444e+02,3.218399699999999939e+02
6.815427118943741789e+02,3.218399699999999939e+02
6.815481594207054741e+02,3.218399699999999939e+02
6.816136659896729952e+02,3.218399699999999939e+02
6.816491125150558901e+02,3.218399699999999939e+02
6.819263846082949385e+02,3.218399699999999939e+02
6.817500656094063061e+02,3.218399699999999939e+02
6.818156300975330169e+02,3.218399699999999939e+02
6.818510187037568357e+02,3.218399699999999939e+02
6.819468719862227317e+02,3.218399699999999939e+02
6.819519717981072517e+02,3.218399699999999939e+02
6.820175942053929248e+02,3.218399699999999939e+02
6.820529248924576677e+02,3.218399699999999939e+02
6.822098083218390911e+02,3.218399699999999939e+02
6.821538779868080837e+02,3.218399699999999939e+02
6.822195583132529464e+02,3.218399699999999939e+02
6.822548310811584997e+02,3.218399699999999939e+02
6.823510320780711709e+02,3.218399699999999939e+02
6.823557841755090294e+02,3.218399699999999939e+02
6.824215224211129680e+02,3.218399699999999939e+02
6.824567372698594454e+02,3.218399699999999939e+02
6.666123700000000554e+02,4.271303700000000276e+02
6.825576903642098614e+02,3.218399699999999939e+02
6.826234865289729896e+02,3.218399699999999939e+02
6.826586434585603911e+02,3.218399699999999939e+02
6.827551921699196100e+02,3.218399699999999939e+02
6.827595965529108071e+02,3.218399699999999939e+02
6.828254506368330112e+02,3.218399699999999939e+02
6.828605496472612231e+02,3.218399699999999939e+02
6.830190576091954426e+02,3.218399699999999939e+02
6.829615027416116391e+02,3.218399699999999939e+02
6.830274147446930328e+02,3.218399699999999939e+02
6.830624558359620551e+02,3.218399699999999939e+02
6.831593522617680492e+02,3.218399699999999939e+02
6.831634089303125847e+02,3.218399699999999939e+02
6.832293788525530545e+02,3.218399699999999939e+02
6.832643620246630007e+02,3.218399699999999939e+02
6.835486124423962337e+02,3.536646700000000010e+02
6.833653151190134167e+02,3.536646700000000010e+02
6.834313429604130761e+02,3.536646700000000010e+02
6.834662682133639464e+02,3.536646700000000010e+02
6.835635123536164883e+02,3.536646700000000010e+02
6.835672213077143624e+02,3.536646700000000010e+02
6.836333070682730977e+02,3.536646700000000010e+02
6.836681744020647784e+02,3.536646700000000010e+02
6.838283068965516804e+02,3.536646700000000010e+02
6.837691274964151944e+02,3.536646700000000010e+02
6.838352711761331193e+02,3.536646700000000010e+02
6.838700805907656104e+02,3.536646700000000010e+02
6.839676724454649275e+02,3.536646700000000010e+02
6.839710336851161401e+02,3.536646700000000010e+02
6.840372352839931409e+02,3.536646700000000010e+02
6.840719867794665561e+02,3.536646700000000010e+02
6.846150770370370537e+02,2.652724600000000237e+02
6.841729398738169721e+02,2.652724600000000237e+02
6.842391993918531625e+02,2.652724600000000237e+02
6.842738929681675017e+02,2.652724600000000237e+02
6.843718325373133666e+02,2.652724600000000237e+02
6.843748460625179177e+02,2.652724600000000237e+02
6.844411634997131841e+02,2.652724600000000237e+02
6.844757991568683337e+02,2.652724600000000237e+02
6.846375561839080319e+02,2.652724600000000237e+02
6.845767522512187497e+02,2.652724600000000237e+02
6.846431276075732058e+02,2.652724600000000237e+02
6.846777053455691657e+02,2.652724600000000237e+02
6.847759926291618058e+02,2.652724600000000237e+02
6.847786584399196954e+02,2.652724600000000237e+02
6.848450917154331137e+02,2.652724600000000237e+02
6.848796115342701114e+02,2.652724600000000237e+02
6.851708402764976427e+02,4.061360000000000241e+02
6.849805646286205274e+02,4.061360000000000241e+02
6.850470558232931353e+02,4.061360000000000241e+02
6.850815177229710571e+02,4.061360000000000241e+02
6.851801527210102449e+02,4.061360000000000241e+02
6.851824708173214731e+02,4.061360000000000241e+02
6.852490199311531569e+02,2.646502699999999777e+02
6.852834239116718891e+02,2.646502699999999777e+02
6.854468054712643834e+02,2.646502699999999777e+02
6.853843770060223051e+02,2.646502699999999777e+02
6.854509840390131785e+02,2.646502699999999777e+02
6.854853301003727211e+02,2.646502699999999777e+02
6.855843128128587978e+02,2.646502699999999777e+02
6.855862831947232507e+02,2.646502699999999777e+02
6.856529481468732001e+02,2.646502699999999777e+02
6.856872362890736667e+02,2.646502699999999777e+02
6.607835000000000036e+02,4.422773399999999810e+02
6.857881893834240827e+02,4.575205000000000268e+02
6.858549122547332217e+02,4.575205000000000268e+02
6.858891424777746124e+02,4.575205000000000268e+02
6.859884729047071232e+02,4.575205000000000268e+02
6.859900955721250284e+02,4.575205000000000268e+02
6.860568763625932434e+02,4.575205000000000268e+02
6.860910486664754444e+02,4.575205000000000268e+02
6.862560547586206212e+02,4.575205000000000268e+02
6.861920017608258604e+02,4.575205000000000268e+02
6.862588404704532650e+02,4.575205000000000268e+02
6.862929548551762764e+02,4.575205000000000268e+02
6.863926329965556761e+02,4.575205000000000268e+02
6.863939079495268061e+02,4.575205000000000268e+02
6.864608045783131729e+02,4.575205000000000268e+02
6.864948610438772221e+02,4.575205000000000268e+02
6.867930681105990516e+02,4.575205000000000268e+02
6.865958141382276381e+02,4.575205000000000268e+02
6.866627686861731945e+02,4.575205000000000268e+02
6.866967672325781678e+02,4.575205000000000268e+02
6.867967930884041152e+02,4.575205000000000268e+02
6.867977203269285837e+02,4.575205000000000268e+02
6.868647327940332161e+02,4.575205000000000268e+02
6.868986734212789997e+02,4.575205000000000268e+02
6.870653040459769727e+02,4.575205000000000268e+02
6.869996265156294157e+02,4.575205000000000268e+02
6.870666969018932377e+02,4.575205000000000268e+02
6.871005796099798317e+02,4.575205000000000268e+02
6.872009531802525544e+02,4.575205000000000268e+02
6.872015327043303614e+02,4.575205000000000268e+02
6.872686610097532593e+02,4.575205000000000268e+02
6.873024857986807774e+02,4.575205000000000268e+02
6.878745533333333242e+02,4.575205000000000268e+02
6.874034388930311934e+02,4.575205000000000268e+02
6.874706251176132810e+02,4.575205000000000268e+02
6.875043919873817231e+02,4.575205000000000268e+02
6.876051132721009935e+02,4.575205000000000268e+02
6.876053450817321391e+02,4.575205000000000268e+02
6.876725892254733026e+02,4.575205000000000268e+02
6.877062981760825551e+02,4.575205000000000268e+02
6.878745533333333242e+02,4.575205000000000268e+02
6.878072512704329711e+02,4.575205000000000268e+02
6.878745533333333242e+02,4.575205000000000268e+02
6.879082043647833871e+02,4.575205000000000268e+02
6.880092733639494327e+02,4.575205000000000268e+02
6.880091574591339167e+02,4.575205000000000268e+02
6.880765174411933458e+02,4.575205000000000268e+02
6.881101105534843327e+02,4.575205000000000268e+02
6.884152959447004605e+02,4.575205000000000268e+02
6.882110636478347487e+02,4.575205000000000268e+02
6.882784815490533674e+02,4.575205000000000268e+02
6.883120167421852784e+02,4.575205000000000268e+02
6.884134334557978718e+02,4.575205000000000268e+02
6.884129698365356944e+02,4.575205000000000268e+02
6.884804456569133890e+02,4.575205000000000268e+02
6.885139229308861104e+02,4.575205000000000268e+02
6.886838026206896757e+02,4.575205000000000268e+02
6.886148760252365264e+02,4.575205000000000268e+02
6.886824097647734106e+02,4.575205000000000268e+02
6.887158291195869424e+02,4.575205000000000268e+02
6.888175935476463110e+02,4.575205000000000268e+02
6.888167822139374721e+02,4.575205000000000268e+02
6.888843738726334323e+02,4.575205000000000268e+02
6.889177353082878881e+02,4.575205000000000268e+02
6.594013700000000426e+02,4.511424600000000282e+02
6.890186884026383041e+02,3.494739999999999895e+02
6.890863379804934539e+02,3.494739999999999895e+02
6.891196414969888338e+02,3.494739999999999895e+02
6.892217536394948638e+02,3.494739999999999895e+02
6.892205945913392497e+02,3.494739999999999895e+02
6.892883020883533618e+02,3.494739999999999895e+02
6.893215476856896657e+02,3.494739999999999895e+02
6.894930519080459135e+02,3.494739999999999895e+02
6.894225007800400817e+02,3.494739999999999895e+02
6.894902661962133834e+02,3.494739999999999895e+02
6.895234538743904977e+02,3.494739999999999895e+02
6.896259137313431893e+02,3.494739999999999895e+02
6.896244069687410274e+02,3.494739999999999895e+02
6.896922303040734050e+02,3.494739999999999895e+02
6.897253600630914434e+02,3.494739999999999895e+02
6.900375237788018694e+02,3.494739999999999895e+02
6.898263131574418594e+02,3.494739999999999895e+02
6.898941944119334266e+02,3.494739999999999895e+02
6.899272662517923891e+02,3.494739999999999895e+02
6.900300738231917421e+02,3.494739999999999895e+02
6.900282193461428051e+02,3.494739999999999895e+02
6.900961585197934482e+02,3.494739999999999895e+02
6.901291724404932211e+02,3.494739999999999895e+02
6.903023011954022650e+02,3.494739999999999895e+02
6.902301255348436371e+02,3.494739999999999895e+02
6.902981226276534699e+02,3.494739999999999895e+02
6.903310786291940531e+02,3.494739999999999895e+02
6.904342339150401813e+02,3.494739999999999895e+02
6.904320317235445827e+02,3.494739999999999895e+02
6.905000867355134915e+02,3.494739999999999895e+02
6.905329848178949987e+02,3.494739999999999895e+02
6.911340296296295946e+02,3.494739999999999895e+02
6.906339379122454147e+02,3.494739999999999895e+02
6.907020508433735131e+02,3.494739999999999895e+02
6.907348910065959444e+02,3.494739999999999895e+02
6.908383940068886204e+02,3.494739999999999895e+02
6.908358441009463604e+02,3.494739999999999895e+02
6.909040149512334210e+02,3.494739999999999895e+02
6.909367971952967764e+02,3.494739999999999895e+02
6.911115504827586165e+02,3.494739999999999895e+02
6.910377502896471924e+02,3.494739999999999895e+02
6.911059790590934426e+02,3.494739999999999895e+02
6.911387033839976084e+02,3.494739999999999895e+02
6.912425540987370596e+02,3.494739999999999895e+02
6.912396564783481381e+02,3.494739999999999895e+02
6.913079431669534642e+02,3.494739999999999895e+02
6.913406095726985541e+02,3.494739999999999895e+02
6.916597516129031646e+02,3.494739999999999895e+02
6.914415626670489701e+02,3.494739999999999895e+02
6.915099072748134859e+02,3.494739999999999895e+02
6.915425157613994998e+02,3.494739999999999895e+02
6.916467141905854987e+02,3.494739999999999895e+02
6.916434688557499157e+02,3.494739999999999895e+02
6.917118713826735075e+02,3.494739999999999895e+02
6.917444219501003317e+02,3.494739999999999895e+02
6.919207997701148543e+02,3.494739999999999895e+02
6.918453750444507477e+02,3.494739999999999895e+02
6.919138354905335291e+02,3.494739999999999895e+02
6.919463281388011637e+02,3.494739999999999895e+02
6.920508742824339379e+02,3.494739999999999895e+02
6.920472812331516934e+02,3.494739999999999895e+02
6.921157995983935507e+02,3.494739999999999895e+02
6.921482343275021094e+02,3.494739999999999895e+02
6.610380000000000109e+02,4.554788800000000037e+02
6.922491874218525254e+02,3.494739999999999895e+02
6.923177637062535723e+02,3.494739999999999895e+02
6.923501405162030551e+02,3.494739999999999895e+02
6.924550343742823770e+02,3.494739999999999895e+02
6.924510936105534711e+02,3.494739999999999895e+02
6.925197278141135939e+02,3.494739999999999895e+02
6.925520467049038871e+02,3.494739999999999895e+02
6.927300490574712057e+02,3.494739999999999895e+02
6.926529997992543031e+02,3.494739999999999895e+02
6.927216919219736155e+02,3.494739999999999895e+02
6.927539528936047191e+02,3.494739999999999895e+02
6.928591944661308162e+02,3.494739999999999895e+02
6.928549059879552487e+02,3.494739999999999895e+02
6.929236560298336371e+02,3.494739999999999895e+02
6.929558590823056647e+02,3.494739999999999895e+02
6.932819794470045736e+02,3.494739999999999895e+02
6.930568121766560807e+02,3.494739999999999895e+02
6.931256201376936588e+02,3.494739999999999895e+02
6.931577652710066104e+02,3.494739999999999895e+02
6.932633545579792553e+02,3.494739999999999895e+02
6.932587183653570264e+02,3.494739999999999895e+02
6.933275842455536804e+02,3.494739999999999895e+02
6.933596714597074424e+02,3.494739999999999895e+02
6.935392983448275572e+02,3.494739999999999895e+02
6.934606245540578584e+02,3.494739999999999895e+02
6.935295483534137020e+02,3.494739999999999895e+02
6.935615776484082744e+02,3.494739999999999895e+02
6.936675146498278082e+02,3.494739999999999895e+02
6.936625307427588041e+02,3.494739999999999895e+02
6.937315124612736099e+02,3.494739999999999895e+02
6.937634838371092201e+02,3.494739999999999895e+02
6.943935059259258651e+02,3.494739999999999895e+02
6.938644369314596361e+02,3.494739999999999895e+02
6.939334765691336315e+02,3.494739999999999895e+02
6.939653900258101658e+02,3.494739999999999895e+02
6.940716747416761336e+02,3.494739999999999895e+02
6.940663431201605817e+02,3.494739999999999895e+02
6.941354406769936531e+02,3.494739999999999895e+02
6.941672962145109977e+02,3.494739999999999895e+02
6.943485476321839087e+02,3.494739999999999895e+02
6.942682493088614137e+02,3.494739999999999895e+02
6.943374047848536748e+02,3.494739999999999895e+02
6.943692024032118297e+02,3.494739999999999895e+02
6.944758348335246865e+02,3.494739999999999895e+02
6.944701554975623594e+02,3.494739999999999895e+02
6.945393688927136964e+02,3.494739999999999895e+02
6.945711085919127754e+02,3.494739999999999895e+02
6.949042072811059825e+02,3.494739999999999895e+02
6.946720616862631914e+02,3.494739999999999895e+02
6.947413330005737180e+02,3.494739999999999895e+02
6.947730147806137211e+02,3.494739999999999895e+02
6.948799949253731256e+02,3.494739999999999895e+02
6.948739678749641371e+02,3.494739999999999895e+02
6.949432971084337396e+02,3.494739999999999895e+02
6.949749209693145531e+02,3.494739999999999895e+02
6.951577969195402602e+02,3.494739999999999895e+02
6.950758740636649691e+02,3.494739999999999895e+02
6.951452612162937612e+02,3.494739999999999895e+02
6.951768271580153851e+02,3.494739999999999895e+02
6.952841550172215648e+02,3.494739999999999895e+02
6.952777802523659147e+02,3.494739999999999895e+02
6.953472253241537828e+02,3.494739999999999895e+02
6.953787333467163307e+02,3.494739999999999895e+02
6.694660000000000082e+02,4.590154999999999745e+02
6.954796864410667467e+02,4.009932999999999765e+02
6.955491894320136907e+02,4.009932999999999765e+02
6.955806395354172764e+02,4.009932999999999765e+02
6.956883151090700039e+02,4.009932999999999765e+02
6.956815926297676924e+02,4.009932999999999765e+02
6.957511535398737124e+02,4.009932999999999765e+02
6.957825457241181084e+02,4.009932999999999765e+02
6.959670462068964980e+02,4.009932999999999765e+02
6.958834988184685244e+02,4.009932999999999765e+02
6.959531176477337340e+02,4.009932999999999765e+02
6.959844519128189404e+02,4.009932999999999765e+02
6.960924752009184431e+02,4.009932999999999765e+02
6.960854050071694701e+02,4.009932999999999765e+02
6.961550817555937556e+02,4.009932999999999765e+02
6.961863581015198861e+02,4.009932999999999765e+02
6.965264351152073914e+02,4.009932999999999765e+02
6.962873111958703021e+02,4.009932999999999765e+02
6.963570458634537772e+02,4.009932999999999765e+02
6.963882642902208318e+02,4.009932999999999765e+02
6.964966352927668822e+02,4.009932999999999765e+02
6.964892173845712477e+02,4.009932999999999765e+02
6.965590099713137988e+02,4.009932999999999765e+02
6.965901704789216637e+02,4.009932999999999765e+02
6.967762954942528495e+02,4.009932999999999765e+02
6.966911235732720797e+02,4.009932999999999765e+02
6.967609740791738204e+02,4.009932999999999765e+02
6.967920766676224957e+02,4.009932999999999765e+02
6.969007953846153214e+02,4.009932999999999765e+02
6.968930297619730254e+02,4.009932999999999765e+02
6.969629381870338420e+02,4.009932999999999765e+02
6.969939828563234414e+02,4.009932999999999765e+02
6.976529822222221355e+02,4.009932999999999765e+02
6.970949359506738574e+02,4.009932999999999765e+02
6.971649022948938637e+02,4.009932999999999765e+02
6.971958890450243871e+02,4.009932999999999765e+02
6.973049554764637605e+02,4.009932999999999765e+02
6.972968421393748031e+02,4.009932999999999765e+02
6.973668664027538853e+02,4.009932999999999765e+02
6.973977952337252191e+02,4.009932999999999765e+02
6.975855447816092010e+02,4.009932999999999765e+02
6.974987483280756351e+02,4.009932999999999765e+02
6.975688305106139069e+02,4.009932999999999765e+02
6.975997014224260511e+02,4.009932999999999765e+02
6.977091155683121997e+02,4.009932999999999765e+02
6.977006545167765807e+02,4.009932999999999765e+02
6.977707946184739285e+02,4.009932999999999765e+02
6.978016076111269967e+02,4.009932999999999765e+02
6.981486629493088003e+02,4.009932999999999765e+02
6.979025607054774127e+02,4.009932999999999765e+02
6.979727587263339501e+02,4.009932999999999765e+02
6.980035137998279424e+02,4.009932999999999765e+02
6.981132756601607525e+02,4.009932999999999765e+02
6.981044668941783584e+02,4.009932999999999765e+02
6.981747228341939717e+02,4.009932999999999765e+02
6.982054199885287744e+02,4.009932999999999765e+02
6.983947940689654388e+02,4.009932999999999765e+02
6.983063730828791904e+02,4.009932999999999765e+02
6.983766869420538796e+02,4.009932999999999765e+02
6.984073261772296064e+02,4.009932999999999765e+02
6.985174357520090780e+02,4.009932999999999765e+02
6.985082792715801361e+02,4.009932999999999765e+02
6.985786510499139013e+02,4.009932999999999765e+02
6.986092323659305521e+02,4.009932999999999765e+02
6.883885500000000093e+02,4.575205000000000268e+02
6.987101854602809681e+02,3.495941199999999753e+02
6.987806151577739229e+02,3.495941199999999753e+02
6.988111385546314978e+02,3.495941199999999753e+02
6.989215958438576308e+02,3.495941199999999753e+02
6.989120916489819137e+02,3.495941199999999753e+02
6.989825792656339445e+02,3.495941199999999753e+02
6.990130447433323297e+02,3.495941199999999753e+02
6.992040433563217903e+02,3.495941199999999753e+02
6.991139978376827457e+02,3.495941199999999753e+02
6.991845433734939661e+02,3.495941199999999753e+02
6.992149509320331617e+02,3.495941199999999753e+02
6.993257559357060700e+02,3.495941199999999753e+02
6.993159040263836914e+02,3.495941199999999753e+02
6.993865074813539877e+02,3.495941199999999753e+02
6.994168571207341074e+02,3.495941199999999753e+02
6.997708907834100955e+02,3.495941199999999753e+02
6.995178102150845234e+02,3.495941199999999753e+02
6.995884715892140093e+02,3.495941199999999753e+02
6.996187633094350531e+02,3.495941199999999753e+02
6.997299160275545091e+02,3.495941199999999753e+02
6.997197164037854691e+02,3.495941199999999753e+02
6.997904356970740309e+02,3.495941199999999753e+02
6.998206694981358851e+02,3.495941199999999753e+02
7.000132926436781418e+02,3.495941199999999753e+02
6.999216225924863011e+02,3.495941199999999753e+02
6.999923998049339389e+02,3.495941199999999753e+02
7.000225756868367171e+02,3.495941199999999753e+02
7.001340761194029483e+02,3.495941199999999753e+02
7.001235287811872468e+02,3.495941199999999753e+02
7.001943639127939605e+02,3.495941199999999753e+02
7.002244818755376627e+02,3.495941199999999753e+02
7.009124585185185197e+02,3.495941199999999753e+02
7.003254349698880787e+02,3.495941199999999753e+02
7.003963280206539821e+02,3.495941199999999753e+02
7.004263880642386084e+02,3.495941199999999753e+02
7.005382362112513874e+02,3.495941199999999753e+02
7.005273411585890244e+02,3.495941199999999753e+02
7.005982921285140037e+02,3.495941199999999753e+02
7.006282942529394404e+02,3.495941199999999753e+02
7.008225419310344932e+02,3.495941199999999753e+02
7.007292473472898564e+02,3.495941199999999753e+02
7.008002562363740253e+02,3.495941199999999753e+02
7.008302004416402724e+02,3.495941199999999753e+02
7.009423963030998266e+02,3.495941199999999753e+02
7.009311535359908021e+02,3.495941199999999753e+02
7.010022203442340469e+02,3.495941199999999753e+02
7.010321066303412181e+02,3.495941199999999753e+02
7.013931186175115045e+02,3.495941199999999753e+02
7.011330597246916341e+02,3.495941199999999753e+02
7.012041844520940685e+02,3.495941199999999753e+02
7.012340128190421638e+02,3.495941199999999753e+02
7.013465563949482657e+02,3.495941199999999753e+02
7.013349659133925798e+02,3.495941199999999753e+02
7.014061485599540902e+02,3.495941199999999753e+02
7.014359190077429957e+02,3.495941199999999753e+02
7.016317912183908447e+02,3.495941199999999753e+02
7.015368721020934117e+02,3.495941199999999753e+02
7.016081126678141118e+02,3.495941199999999753e+02
7.016378251964438277e+02,3.495941199999999753e+02
7.017507164867967049e+02,3.495941199999999753e+02
7.017387782907943574e+02,3.495941199999999753e+02
7.018100767756741334e+02,3.495941199999999753e+02
7.018397313851447734e+02,3.495941199999999753e+02
7.133183000000000220e+02,4.492633000000000152e+02
7.019406844794951894e+02,3.495941199999999753e+02
7.020120408835341550e+02,3.495941199999999753e+02
7.020416375738457191e+02,3.495941199999999753e+02
7.021548765786451440e+02,3.495941199999999753e+02
7.021425906681961351e+02,3.495941199999999753e+02
7.022140049913941766e+02,3.495941199999999753e+02
7.022435437625465511e+02,3.495941199999999753e+02
7.024410405057470825e+02,3.495941199999999753e+02
7.023444968568969671e+02,3.495941199999999753e+02
7.024159690992541982e+02,3.495941199999999753e+02
7.024454499512473831e+02,3.495941199999999753e+02
7.025590366704936969e+02,3.495941199999999753e+02
7.025464030455979128e+02,3.495941199999999753e+02
7.026179332071142198e+02,3.495941199999999753e+02
7.026473561399483287e+02,3.495941199999999753e+02
7.030153464516129134e+02,3.495941199999999753e+02
7.027483092342987447e+02,3.495941199999999753e+02
7.028198973149741278e+02,3.495941199999999753e+02
7.028492623286492744e+02,3.495941199999999753e+02
7.029631967623421360e+02,3.495941199999999753e+02
7.029502154229996904e+02,3.495941199999999753e+02
7.030218614228341494e+02,3.495941199999999753e+02
7.030511685173501064e+02,3.495941199999999753e+02
7.032502897931034340e+02,3.495941199999999753e+02
7.031521216117005224e+02,3.495941199999999753e+02
7.032238255306941710e+02,3.495941199999999753e+02
7.032530747060509384e+02,3.495941199999999753e+02
7.033673568541905752e+02,3.495941199999999753e+02
7.033540278004014681e+02,3.495941199999999753e+02
7.034257896385541926e+02,3.495941199999999753e+02
7.034549808947518841e+02,3.495941199999999753e+02
7.041719348148147901e+02,3.495941199999999753e+02
7.035559339891023001e+02,3.495941199999999753e+02
7.036277537464142142e+02,3.495941199999999753e+02
7.036568870834528298e+02,3.495941199999999753e+02
7.037715169460390143e+02,3.495941199999999753e+02
7.037578401778032458e+02,3.495941199999999753e+02
7.038297178542742358e+02,3.495941199999999753e+02
7.038587932721536617e+02,3.495941199999999753e+02
7.040595390804597855e+02,3.495941199999999753e+02
7.039597463665040777e+02,3.495941199999999753e+02
7.040316819621342574e+02,3.495941199999999753e+02
7.040606994608544937e+02,3.495941199999999753e+02
7.041756770378874535e+02,3.495941199999999753e+02
7.041616525552050234e+02,3.495941199999999753e+02
7.042336460699942791e+02,3.495941199999999753e+02
7.042626056495554394e+02,3.495941199999999753e+02
7.046375742857142086e+02,3.495941199999999753e+02
7.043635587439058554e+02,3.495941199999999753e+02
7.044356101778543007e+02,3.495941199999999753e+02
7.044645118382563851e+02,3.495941199999999753e+02
7.045798371297358926e+02,3.495941199999999753e+02
7.045654649326068011e+02,3.495941199999999753e+02
7.046375742857142086e+02,3.495941199999999753e+02
7.046664180269572171e+02,3.495941199999999753e+02
7.048687883678160233e+02,3.495941199999999753e+02
7.047673711213076331e+02,3.495941199999999753e+02
7.048395383935742302e+02,3.495941199999999753e+02
7.048683242156580491e+02,3.495941199999999753e+02
7.049839972215843318e+02,3.495941199999999753e+02
7.049692773100085788e+02,3.495941199999999753e+02
7.050415025014342518e+02,3.495941199999999753e+02
7.050702304043589947e+02,3.495941199999999753e+02
7.413529999999999518e+02,4.342853999999999814e+02
7.051711834987094107e+02,3.535149999999999864e+02
7.052434666092942734e+02,3.535149999999999864e+02
7.052721365930599404e+02,3.535149999999999864e+02
7.053881573134327709e+02,3.535149999999999864e+02
7.053730896874103564e+02,3.535149999999999864e+02
7.054454307171542951e+02,3.535149999999999864e+02
7.054740427817607724e+02,3.535149999999999864e+02
7.056780376551723748e+02,3.535149999999999864e+02
7.055749958761111884e+02,3.535149999999999864e+02
7.056473948250143167e+02,3.535149999999999864e+02
7.056759489704616044e+02,3.535149999999999864e+02
7.057923174052812101e+02,3.535149999999999864e+02
7.057769020648121341e+02,3.535149999999999864e+02
7.058493589328743383e+02,3.535149999999999864e+02
7.058778551591625501e+02,3.535149999999999864e+02
7.062598021198156175e+02,3.535149999999999864e+02
7.059788082535129661e+02,3.535149999999999864e+02
7.060513230407343599e+02,3.535149999999999864e+02
7.060797613478634958e+02,3.535149999999999864e+02
7.061964774971297629e+02,3.535149999999999864e+02
7.061807144422139118e+02,3.535149999999999864e+02
7.062532871485943815e+02,3.535149999999999864e+02
7.062816675365643277e+02,3.535149999999999864e+02
7.064872869425287263e+02,3.535149999999999864e+02
7.063826206309147437e+02,3.535149999999999864e+02
7.064552512564544031e+02,3.535149999999999864e+02
7.064835737252651597e+02,3.535149999999999864e+02
7.066006375889780884e+02,3.535149999999999864e+02
7.065845268196156894e+02,3.535149999999999864e+02
7.066572153643144247e+02,3.535149999999999864e+02
7.066854799139661054e+02,3.535149999999999864e+02
7.074314111111110606e+02,3.535149999999999864e+02
7.067864330083165214e+02,3.535149999999999864e+02
7.068591794721744463e+02,3.535149999999999864e+02
7.068873861026670511e+02,3.535149999999999864e+02
7.070047976808266412e+02,3.535149999999999864e+02
7.069883391970174671e+02,3.535149999999999864e+02
7.070611435800344680e+02,3.535149999999999864e+02
7.070892922913678831e+02,3.535149999999999864e+02
7.072965362298850778e+02,3.535149999999999864e+02
7.071902453857182991e+02,3.535149999999999864e+02
7.072631076878944896e+02,3.535149999999999864e+02
7.072911984800687151e+02,3.535149999999999864e+02
7.074089577726750804e+02,3.535149999999999864e+02
7.073921515744192448e+02,3.535149999999999864e+02
7.074650717957543975e+02,3.535149999999999864e+02
7.074931046687696607e+02,3.535149999999999864e+02
7.078820299539170264e+02,3.535149999999999864e+02
7.075940577631200767e+02,3.535149999999999864e+02
7.076670359036144191e+02,3.535149999999999864e+02
7.076950108574706064e+02,3.535149999999999864e+02
7.078131178645235195e+02,3.535149999999999864e+02
7.077959639518210224e+02,3.535149999999999864e+02
7.078690000114744407e+02,3.535149999999999864e+02
7.078969170461714384e+02,3.535149999999999864e+02
7.081057855172413156e+02,3.535149999999999864e+02
7.079978701405218544e+02,3.535149999999999864e+02
7.080709641193344623e+02,3.535149999999999864e+02
7.080988232348722704e+02,3.535149999999999864e+02
7.082172779563719587e+02,3.535149999999999864e+02
7.081997763292228001e+02,3.535149999999999864e+02
7.082729282271944840e+02,3.535149999999999864e+02
7.083007294235732161e+02,3.535149999999999864e+02
7.517331500000000233e+02,4.263578999999999724e+02
7.084016825179236321e+02,3.535149999999999864e+02
7.084748923350545056e+02,3.535149999999999864e+02
7.085026356122741618e+02,3.535149999999999864e+02
7.086214380482203978e+02,3.535149999999999864e+02
7.086035887066245778e+02,3.535149999999999864e+02
7.086768564429145272e+02,3.535149999999999864e+02
7.087045418009749937e+02,3.535149999999999864e+02
7.089150348045976671e+02,3.535149999999999864e+02
7.088054948953254097e+02,3.535149999999999864e+02
7.088788205507745488e+02,3.535149999999999864e+02
7.089064479896758257e+02,3.535149999999999864e+02
7.090255981400688370e+02,3.535149999999999864e+02
7.090074010840263554e+02,3.535149999999999864e+02
7.090807846586344567e+02,3.535149999999999864e+02
7.091083541783767714e+02,3.535149999999999864e+02
7.095042577880184353e+02,3.535149999999999864e+02
7.092093072727273011e+02,3.535149999999999864e+02
7.092827487664944783e+02,3.535149999999999864e+02
7.093102603670777171e+02,3.535149999999999864e+02
7.094297582319172761e+02,3.535149999999999864e+02
7.094112134614281331e+02,3.535149999999999864e+02
7.094847128743544999e+02,3.535149999999999864e+02
7.095121665557785491e+02,3.535149999999999864e+02
7.097242840919540185e+02,3.535149999999999864e+02
7.096131196501289651e+02,3.535149999999999864e+02
7.096866769822145216e+02,3.535149999999999864e+02
7.097140727444793811e+02,3.535149999999999864e+02
7.098339183237658290e+02,3.535149999999999864e+02
7.098150258388299108e+02,3.535149999999999864e+02
7.098886410900745432e+02,3.535149999999999864e+02
7.099159789331803267e+02,3.535149999999999864e+02
7.106908874074074447e+02,3.535149999999999864e+02
7.100169320275308564e+02,3.535149999999999864e+02
7.100906051979345648e+02,3.535149999999999864e+02
7.101178851218812724e+02,3.535149999999999864e+02
7.102380784156141544e+02,3.535149999999999864e+02
7.102188382162316884e+02,3.535149999999999864e+02
7.102925693057945864e+02,3.535149999999999864e+02
7.103197913105821044e+02,3.535149999999999864e+02
7.105335333793102564e+02,3.535149999999999864e+02
7.104207444049325204e+02,3.535149999999999864e+02
7.104945334136546080e+02,3.535149999999999864e+02
7.105216974992829364e+02,3.535149999999999864e+02
7.106422385074627073e+02,3.535149999999999864e+02
7.106226505936334661e+02,3.535149999999999864e+02
7.106964975215146296e+02,3.535149999999999864e+02
7.107236036879838821e+02,3.535149999999999864e+02
7.111264856221198443e+02,3.535149999999999864e+02
7.108245567823344118e+02,3.535149999999999864e+02
7.108984616293746512e+02,3.535149999999999864e+02
7.109255098766848278e+02,3.535149999999999864e+02
7.110463985993110327e+02,3.535149999999999864e+02
7.110264629710352438e+02,3.535149999999999864e+02
7.111004257372346729e+02,3.535149999999999864e+02
7.111274160653856597e+02,3.535149999999999864e+02
7.113427826666666078e+02,3.997027600000000120e+02
7.112283691597360757e+02,3.997027600000000120e+02
7.113023898450946945e+02,3.997027600000000120e+02
7.113293222540864917e+02,3.997027600000000120e+02
7.114505586911595856e+02,3.997027600000000120e+02
7.114302753484370214e+02,3.997027600000000120e+02
7.115043539529547161e+02,3.997027600000000120e+02
7.115312284427874374e+02,3.997027600000000120e+02
7.517331500000000233e+02,4.263578999999999724e+02
7.116321815371379671e+02,4.195110999999999990e+02
7.117063180608147377e+02,4.195110999999999990e+02
7.117331346314883831e+02,4.195110999999999990e+02
7.118547187830079110e+02,4.195110999999999990e+02
7.118340877258387991e+02,4.195110999999999990e+02
7.119082821686747593e+02,4.195110999999999990e+02
7.119350408201892151e+02,4.195110999999999990e+02
7.121520319540229593e+02,4.195110999999999990e+02
7.120359939145396311e+02,4.195110999999999990e+02
7.121102462765347809e+02,4.195110999999999990e+02
7.121369470088900471e+02,4.195110999999999990e+02
7.122588788748564639e+02,4.195110999999999990e+02
7.122379001032405768e+02,4.195110999999999990e+02
7.123122103843946888e+02,4.195110999999999990e+02
7.123388531975909927e+02,4.195110999999999990e+02
7.127487134562211395e+02,4.492633000000000152e+02
7.124398062919415224e+02,4.492633000000000152e+02
7.125141744922547105e+02,4.492633000000000152e+02
7.125407593862919384e+02,4.492633000000000152e+02
7.126630389667049030e+02,4.492633000000000152e+02
7.126417124806423544e+02,4.492633000000000152e+02
7.127161386001147321e+02,4.492633000000000152e+02
7.127426655749927704e+02,4.492633000000000152e+02
7.129612812413793108e+02,4.492633000000000152e+02
7.128436186693431864e+02,4.492633000000000152e+02
7.129181027079747537e+02,4.492633000000000152e+02
7.129445717636936024e+02,4.492633000000000152e+02
7.130671990585533422e+02,4.492633000000000152e+02
7.130455248580441321e+02,4.492633000000000152e+02
7.131200668158347753e+02,4.492633000000000152e+02
7.131464779523945481e+02,4.492633000000000152e+02
7.139503637037037151e+02,4.492633000000000152e+02
7.132474310467450778e+02,4.492633000000000152e+02
7.133220309236946832e+02,4.492633000000000152e+02
7.133483841410954938e+02,4.492633000000000152e+02
7.134713591504017813e+02,4.492633000000000152e+02
7.134493372354459098e+02,4.492633000000000152e+02
7.135239950315547048e+02,4.492633000000000152e+02
7.135502903297963258e+02,4.492633000000000152e+02
7.137705305287356623e+02,4.492633000000000152e+02
7.136512434241467417e+02,4.492633000000000152e+02
7.137259591394147265e+02,4.492633000000000152e+02
7.137521965184971577e+02,4.492633000000000152e+02
7.138755192422502205e+02,4.492633000000000152e+02
7.138531496128476874e+02,4.492633000000000152e+02
7.139279232472747481e+02,4.492633000000000152e+02
7.139541027071981034e+02,4.492633000000000152e+02
7.143709412903225484e+02,4.492633000000000152e+02
7.140550558015486331e+02,4.492633000000000152e+02
7.141298873551347697e+02,4.492633000000000152e+02
7.141560088958990491e+02,4.492633000000000152e+02
7.142796793340987733e+02,4.492633000000000152e+02
7.142569619902494651e+02,4.492633000000000152e+02
7.143318514629947913e+02,4.492633000000000152e+02
7.143579150845998811e+02,4.492633000000000152e+02
7.145797798160920138e+02,4.492633000000000152e+02
7.144588681789502971e+02,4.492633000000000152e+02
7.145338155708548129e+02,4.492633000000000152e+02
7.145598212733007131e+02,4.492633000000000152e+02
7.146838394259470988e+02,4.492633000000000152e+02
7.146607743676512428e+02,4.492633000000000152e+02
7.147357796787148345e+02,4.492633000000000152e+02
7.147617274620016588e+02,4.492633000000000152e+02
7.972182999999999993e+02,2.459917000000000087e+02
7.148626805563521884e+02,3.645142799999999852e+02
7.149377437865748561e+02,3.645142799999999852e+02
7.149636336507026044e+02,3.645142799999999852e+02
7.150879995177956516e+02,3.645142799999999852e+02
7.150645867450530204e+02,3.645142799999999852e+02
7.151397078944348777e+02,3.645142799999999852e+02
7.151655398394034364e+02,3.645142799999999852e+02
7.153890291034482516e+02,3.645142799999999852e+02
7.152664929337538524e+02,3.645142799999999852e+02
7.153416720022948994e+02,3.645142799999999852e+02
7.153674460281042684e+02,3.645142799999999852e+02
7.154921596096439771e+02,3.645142799999999852e+02
7.154683991224547981e+02,3.645142799999999852e+02
7.155436361101549210e+02,3.645142799999999852e+02
7.155693522168052141e+02,3.645142799999999852e+02
7.159931691244239573e+02,3.645142799999999852e+02
7.156703053111557438e+02,3.645142799999999852e+02
7.157456002180149426e+02,3.645142799999999852e+02
7.157712584055061598e+02,3.645142799999999852e+02
7.158963197014925299e+02,3.645142799999999852e+02
7.158722114998565758e+02,3.645142799999999852e+02
7.159475643258749642e+02,3.645142799999999852e+02
7.159731645942069918e+02,3.645142799999999852e+02
7.161982783908046031e+02,3.645142799999999852e+02
7.160741176885574077e+02,3.645142799999999852e+02
7.161495284337349858e+02,3.645142799999999852e+02
7.161750707829078237e+02,3.645142799999999852e+02
7.163004797933409691e+02,3.645142799999999852e+02
7.162760238772583534e+02,3.645142799999999852e+02
7.163514925415950074e+02,3.645142799999999852e+02
7.163769769716087694e+02,3.645142799999999852e+02
7.172098399999999856e+02,3.645142799999999852e+02
7.164779300659592991e+02,3.645142799999999852e+02
7.165534566494550290e+02,3.645142799999999852e+02
7.165788831603097151e+02,3.645142799999999852e+02
7.167046398851894082e+02,3.645142799999999852e+02
7.166798362546601311e+02,3.645142799999999852e+02
7.167554207573149370e+02,3.645142799999999852e+02
7.167807893490105471e+02,3.645142799999999852e+02
7.170075276781608409e+02,3.645142799999999852e+02
7.168817424433609631e+02,3.645142799999999852e+02
7.169573848651749586e+02,3.645142799999999852e+02
7.169826955377113791e+02,3.645142799999999852e+02
7.171087999770378474e+02,3.645142799999999852e+02
7.170836486320619088e+02,3.645142799999999852e+02
7.171593489730349802e+02,3.645142799999999852e+02
7.171846017264123248e+02,3.645142799999999852e+02
7.176153969585252526e+02,3.645142799999999852e+02
7.172855548207628544e+02,3.645142799999999852e+02
7.173613130808950018e+02,3.645142799999999852e+02
7.173865079151132704e+02,3.645142799999999852e+02
7.175129600688862865e+02,3.645142799999999852e+02
7.174874610094636864e+02,3.645142799999999852e+02
7.175632771887550234e+02,3.645142799999999852e+02
7.175884141038141024e+02,3.645142799999999852e+02
7.178167769655171924e+02,3.645142799999999852e+02
7.176893671981645184e+02,3.645142799999999852e+02
7.177652412966150450e+02,3.645142799999999852e+02
7.177903202925149344e+02,3.645142799999999852e+02
7.179171201607347257e+02,3.645142799999999852e+02
7.178912733868654641e+02,3.645142799999999852e+02
7.179672054044749530e+02,3.645142799999999852e+02
7.179922264812158801e+02,3.645142799999999852e+02
7.972182999999999993e+02,2.459917000000000087e+02
7.180931795755664098e+02,3.645142799999999852e+02
7.181691695123349746e+02,3.645142799999999852e+02
7.181941326699168258e+02,3.645142799999999852e+02
7.183212802525831648e+02,3.645142799999999852e+02
7.182950857642672418e+02,3.645142799999999852e+02
7.183711336201949962e+02,3.645142799999999852e+02
7.183960388586176578e+02,3.645142799999999852e+02
7.186260262528735439e+02,3.645142799999999852e+02
7.184969919529680737e+02,3.645142799999999852e+02
7.185730977280550178e+02,3.645142799999999852e+02
7.185979450473184897e+02,3.645142799999999852e+02
7.187254403444317177e+02,3.645142799999999852e+02
7.186988981416690194e+02,3.645142799999999852e+02
7.187750618359150394e+02,3.645142799999999852e+02
7.187998512360194354e+02,3.645142799999999852e+02
7.192376247926267752e+02,2.918696299999999724e+02
7.189008043303699651e+02,2.918696299999999724e+02
7.189770259437750610e+02,2.918696299999999724e+02
7.190017574247203811e+02,2.918696299999999724e+02
7.191296004362800431e+02,2.918696299999999724e+02
7.191027105190707971e+02,2.918696299999999724e+02
7.191789900516350826e+02,2.918696299999999724e+02
7.192036636134212131e+02,2.918696299999999724e+02
7.194352755402298953e+02,2.918696299999999724e+02
7.193046167077716291e+02,2.918696299999999724e+02
7.193809541594951042e+02,2.918696299999999724e+02
7.194055698021220451e+02,2.918696299999999724e+02
7.195337605281285960e+02,2.918696299999999724e+02
7.195065228964725748e+02,2.918696299999999724e+02
7.195829182673551259e+02,2.918696299999999724e+02
7.196074759908229908e+02,2.918696299999999724e+02
7.204693162962962560e+02,2.918696299999999724e+02
7.197084290851735204e+02,2.918696299999999724e+02
7.197848823752151475e+02,2.918696299999999724e+02
7.198093821795239364e+02,2.918696299999999724e+02
7.199379206199769214e+02,2.918696299999999724e+02
7.199103352738743524e+02,2.918696299999999724e+02
7.199868464830751691e+02,2.918696299999999724e+02
7.200112883682247684e+02,2.918696299999999724e+02
7.202445248275862468e+02,2.918696299999999724e+02
7.201122414625751844e+02,2.918696299999999724e+02
7.201888105909351907e+02,2.918696299999999724e+02
7.202131945569256004e+02,2.918696299999999724e+02
7.203420807118254743e+02,2.918696299999999724e+02
7.203141476512761301e+02,2.918696299999999724e+02
7.203907746987952123e+02,2.918696299999999724e+02
7.204151007456265461e+02,2.918696299999999724e+02
7.208598526267280704e+02,2.918696299999999724e+02
7.205160538399770758e+02,2.918696299999999724e+02
7.205927388066552339e+02,2.918696299999999724e+02
7.206170069343274918e+02,2.918696299999999724e+02
7.207462408036739134e+02,2.918696299999999724e+02
7.207179600286779078e+02,2.918696299999999724e+02
7.207947029145152555e+02,2.918696299999999724e+02
7.208189131230283238e+02,2.918696299999999724e+02
7.210537741149424846e+02,2.918696299999999724e+02
7.209198662173787397e+02,2.918696299999999724e+02
7.209966670223752772e+02,2.918696299999999724e+02
7.210208193117291557e+02,2.918696299999999724e+02
7.211504008955223526e+02,2.918696299999999724e+02
7.211217724060796854e+02,2.918696299999999724e+02
7.211986311302351851e+02,2.918696299999999724e+02
7.212227255004301014e+02,2.918696299999999724e+02
7.972182999999999993e+02,2.459917000000000087e+02
7.213236785947806311e+02,4.332702600000000075e+02
7.214005952380952067e+02,4.332702600000000075e+02
7.214246316891310471e+02,4.332702600000000075e+02
7.215545609873707917e+02,4.332702600000000075e+02
7.215255847834814631e+02,4.332702600000000075e+02
7.216025593459552283e+02,4.332702600000000075e+02
7.216265378778318791e+02,4.332702600000000075e+02
7.218630234022988361e+02,4.403204299999999876e+02
7.217274909721822951e+02,4.332702600000000075e+02
7.218045234538152499e+02,4.403204299999999876e+02
7.218284440665327111e+02,4.403204299999999876e+02
7.219587210792192309e+02,4.403204299999999876e+02
7.219293971608832408e+02,4.403204299999999876e+02
7.220064875616752715e+02,4.403204299999999876e+02
7.220303502552336568e+02,4.403204299999999876e+02
7.224820804608294793e+02,4.436895799999999781e+02
7.221313033495841864e+02,4.436895799999999781e+02
7.222084516695352931e+02,4.436895799999999781e+02
7.222322564439346024e+02,4.436895799999999781e+02
7.223628811710676700e+02,4.436895799999999781e+02
7.223332095382850184e+02,4.436895799999999781e+02
7.224104157773952011e+02,4.436895799999999781e+02
7.224341626326354344e+02,4.436895799999999781e+02
7.226722726896550739e+02,4.436895799999999781e+02
7.225351157269858504e+02,4.436895799999999781e+02
7.226123798852552227e+02,4.436895799999999781e+02
7.226360688213362664e+02,4.436895799999999781e+02
7.227670412629161092e+02,4.436895799999999781e+02
7.227370219156867961e+02,4.436895799999999781e+02
7.228143439931152443e+02,4.436895799999999781e+02
7.228379750100372121e+02,4.436895799999999781e+02
7.237287925925925265e+02,3.818435000000000059e+02
7.229389281043877418e+02,4.436895799999999781e+02
7.230163081009752659e+02,4.436895799999999781e+02
7.230398811987381578e+02,4.436895799999999781e+02
7.231712013547646620e+02,4.201762699999999882e+02
7.231408342930885738e+02,4.201762699999999882e+02
7.232182722088352875e+02,4.201762699999999882e+02
7.232417873874389898e+02,4.201762699999999882e+02
7.234815219770114254e+02,4.201762699999999882e+02
7.233427404817894057e+02,4.201762699999999882e+02
7.234202363166953091e+02,4.201762699999999882e+02
7.234436935761398217e+02,4.201762699999999882e+02
7.235753614466129875e+02,4.201762699999999882e+02
7.235446466704903514e+02,4.201762699999999882e+02
7.236222004245553308e+02,4.201762699999999882e+02
7.236455997648407674e+02,4.201762699999999882e+02
7.241043082949308882e+02,4.454606999999999744e+02
7.237465528591912971e+02,3.818435000000000059e+02
7.238241645324153524e+02,3.818435000000000059e+02
7.238475059535417131e+02,3.818435000000000059e+02
7.239795215384615403e+02,4.454606999999999744e+02
7.239484590478921291e+02,4.454606999999999744e+02
7.240261286402753740e+02,4.454606999999999744e+02
7.240494121422425451e+02,4.454606999999999744e+02
7.242907712643677769e+02,4.454606999999999744e+02
7.241503652365929611e+02,4.454606999999999744e+02
7.242280927481353956e+02,4.454606999999999744e+02
7.242513183309433771e+02,4.454606999999999744e+02
7.243836816303098658e+02,4.454606999999999744e+02
7.243522714252939068e+02,4.454606999999999744e+02
7.244300568559954172e+02,4.454606999999999744e+02
7.244532245196443228e+02,4.454606999999999744e+02
7.972182999999999993e+02,2.459917000000000087e+02
7.245541776139948524e+02,4.030958299999999781e+02
7.246320209638554388e+02,4.030958299999999781e+02
7.246551307083452684e+02,4.030958299999999781e+02
7.247878417221584186e+02,4.030958299999999781e+02
7.247560838026956844e+02,4.030958299999999781e+02
7.248339850717154604e+02,4.030958299999999781e+02
7.248570368970461004e+02,4.030958299999999781e+02
7.251000205517241284e+02,4.030958299999999781e+02
7.249579899913965164e+02,4.030958299999999781e+02
7.250359491795754820e+02,4.030958299999999781e+02
7.250589430857469324e+02,4.030958299999999781e+02
7.251920018140068578e+02,4.030958299999999781e+02
7.251598961800974621e+02,4.030958299999999781e+02
7.252379132874355037e+02,4.030958299999999781e+02
7.252608492744478781e+02,4.030958299999999781e+02
7.257265361290321835e+02,4.030958299999999781e+02
7.253618023687984078e+02,4.030958299999999781e+02
7.254398773952955253e+02,4.030958299999999781e+02
7.254627554631488238e+02,4.030958299999999781e+02
7.255961619058552969e+02,4.030958299999999781e+02
7.255637085574992398e+02,4.030958299999999781e+02
7.256418415031555469e+02,4.030958299999999781e+02
7.256646616518496558e+02,4.030958299999999781e+02
7.259092698390804799e+02,4.030958299999999781e+02
7.257656147462000717e+02,4.030958299999999781e+02
7.258438056110154548e+02,4.030958299999999781e+02
7.258665678405504877e+02,4.030958299999999781e+02
7.260003219977037361e+02,4.030958299999999781e+02
7.259675209349010174e+02,4.030958299999999781e+02
7.260457697188754764e+02,4.030958299999999781e+02
7.260684740292514334e+02,4.030958299999999781e+02
7.269882688888887969e+02,4.467934599999999818e+02
7.261694271236019631e+02,4.467934599999999818e+02
7.262477338267354980e+02,4.467934599999999818e+02
7.262703802179523791e+02,4.467934599999999818e+02
7.264044820895521752e+02,4.467934599999999818e+02
7.263713333123027951e+02,4.467934599999999818e+02
7.264496979345955197e+02,4.467934599999999818e+02
7.264722864066532111e+02,4.467934599999999818e+02
7.267185191264368314e+02,4.467934599999999818e+02
7.265732395010036271e+02,4.467934599999999818e+02
7.266516620424555413e+02,4.467934599999999818e+02
7.266741925953540431e+02,4.467934599999999818e+02
7.268086421814007281e+02,4.467934599999999818e+02
7.267751456897045728e+02,4.467934599999999818e+02
7.268536261503155629e+02,4.467934599999999818e+02
7.268760987840549888e+02,4.467934599999999818e+02
7.273487639631335924e+02,4.467934599999999818e+02
7.269770518784055184e+02,4.467934599999999818e+02
7.270555902581754708e+02,4.467934599999999818e+02
7.270780049727559344e+02,4.467934599999999818e+02
7.272128022732490535e+02,4.467934599999999818e+02
7.271789580671063504e+02,4.467934599999999818e+02
7.272575543660354924e+02,4.467934599999999818e+02
7.272799111614567664e+02,4.467934599999999818e+02
7.275277684137930692e+02,4.467934599999999818e+02
7.273808642558071824e+02,4.467934599999999818e+02
7.274595184738955140e+02,4.467934599999999818e+02
7.274818173501575984e+02,4.467934599999999818e+02
7.276169623650976064e+02,4.467934599999999818e+02
7.275827704445081281e+02,4.467934599999999818e+02
7.276614825817555356e+02,4.467934599999999818e+02
7.276837235388585441e+02,4.467934599999999818e+02
7.607501999999999498e+02,2.615489499999999907e+02
7.277846766332090738e+02,4.467934599999999818e+02
7.278634466896155573e+02,4.467934599999999818e+02
7.278856297275594898e+02,4.467934599999999818e+02
7.280211224569459318e+02,4.467934599999999818e+02
7.279865828219099058e+02,4.467934599999999818e+02
7.280654107974755789e+02,4.467934599999999818e+02
7.280875359162603218e+02,4.467934599999999818e+02
7.283370177011494206e+02,4.467934599999999818e+02
7.281884890106107378e+02,4.467934599999999818e+02
7.282673749053356005e+02,4.467934599999999818e+02
7.282894421049611537e+02,4.467934599999999818e+02
7.284252825487944847e+02,4.467934599999999818e+02
7.283903951993116834e+02,4.467934599999999818e+02
7.284693390131956221e+02,4.467934599999999818e+02
7.284913482936620994e+02,4.467934599999999818e+02
7.289709917972350013e+02,4.467934599999999818e+02
7.285923013880126291e+02,4.467934599999999818e+02
7.286713031210556437e+02,4.467934599999999818e+02
7.286932544823630451e+02,4.467934599999999818e+02
7.288294426406429238e+02,4.467934599999999818e+02
7.287942075767134611e+02,4.467934599999999818e+02
7.288732672289156653e+02,4.467934599999999818e+02
7.288951606710638771e+02,4.467934599999999818e+02
7.291462669885056584e+02,4.467934599999999818e+02
7.289961137654142931e+02,4.467934599999999818e+02
7.290752313367756869e+02,4.467934599999999818e+02
7.290970668597648228e+02,4.467934599999999818e+02
7.292336027324913630e+02,4.467934599999999818e+02
7.291980199541152388e+02,4.467934599999999818e+02
7.292771954446357086e+02,4.467934599999999818e+02
7.292989730484657684e+02,4.467934599999999818e+02
7.302477451851851811e+02,4.467934599999999818e+02
7.293999261428161844e+02,4.467934599999999818e+02
7.294791595524957302e+02,4.467934599999999818e+02
7.295008792371666004e+02,4.467934599999999818e+02
7.296377628243398021e+02,4.467934599999999818e+02
7.296018323315170164e+02,4.467934599999999818e+02
7.296811236603557518e+02,4.467934599999999818e+02
7.297027854258674324e+02,4.467934599999999818e+02
7.299555162758620099e+02,4.467934599999999818e+02
7.298037385202178484e+02,4.467934599999999818e+02
7.298830877682157734e+02,4.467934599999999818e+02
7.299046916145683781e+02,4.467934599999999818e+02
7.300419229161882413e+02,4.467934599999999818e+02
7.300056447089187941e+02,4.467934599999999818e+02
7.300850518760757950e+02,4.467934599999999818e+02
7.301065978032693238e+02,4.467934599999999818e+02
7.305932196313364102e+02,4.467934599999999818e+02
7.302075508976197398e+02,4.467934599999999818e+02
7.302870159839357029e+02,4.467934599999999818e+02
7.303085039919701558e+02,4.467934599999999818e+02
7.304460830080366804e+02,4.467934599999999818e+02
7.304094570863205718e+02,4.467934599999999818e+02
7.304889800917957245e+02,4.467934599999999818e+02
7.305104101806709878e+02,4.467934599999999818e+02
7.307647655632183614e+02,4.467934599999999818e+02
7.306113632750214038e+02,4.467934599999999818e+02
7.306909441996557462e+02,4.467934599999999818e+02
7.307123163693719334e+02,4.467934599999999818e+02
7.308502430998851196e+02,4.467934599999999818e+02
7.308132694637223494e+02,4.467934599999999818e+02
7.308929083075157678e+02,4.467934599999999818e+02
7.309142225580728791e+02,4.467934599999999818e+02
7.194484999999999673e+02,2.918696299999999724e+02
7.310151756524232951e+02,4.005912999999999897e+02
7.310948724153757894e+02,4.005912999999999897e+02
7.311161287467737111e+02,4.005912999999999897e+02
7.312544031917336724e+02,4.005912999999999897e+02
7.312170818411241271e+02,4.005912999999999897e+02
7.312968365232358110e+02,4.005912999999999897e+02
7.313180349354745431e+02,4.005912999999999897e+02
7.315740148505747129e+02,4.005912999999999897e+02
7.314189880298249591e+02,4.005912999999999897e+02
7.314988006310957189e+02,4.005912999999999897e+02
7.315199411241754888e+02,4.005912999999999897e+02
7.316585632835819979e+02,4.005912999999999897e+02
7.316208942185259048e+02,4.005912999999999897e+02
7.317007647389557405e+02,4.005912999999999897e+02
7.317218473128764344e+02,4.005912999999999897e+02
7.322154474654378191e+02,4.005912999999999897e+02
7.318228004072268504e+02,4.005912999999999897e+02
7.319027288468157622e+02,4.005912999999999897e+02
7.319237535015772664e+02,4.005912999999999897e+02
7.320627233754305507e+02,4.005912999999999897e+02
7.320247065959276824e+02,4.005912999999999897e+02
7.321046929546757838e+02,4.005912999999999897e+02
7.321256596902780984e+02,4.005912999999999897e+02
7.323832641379310644e+02,4.005912999999999897e+02
7.322266127846285144e+02,4.005912999999999897e+02
7.323066570625358054e+02,4.005912999999999897e+02
7.323275658789790441e+02,4.005912999999999897e+02
7.324668834672788762e+02,4.005912999999999897e+02
7.324285189733294601e+02,4.005912999999999897e+02
7.325086211703958270e+02,4.005912999999999897e+02
7.325294720676799898e+02,4.005912999999999897e+02
7.335072214814814515e+02,4.005912999999999897e+02
7.326304251620304058e+02,4.005912999999999897e+02
7.327105852782558486e+02,4.005912999999999897e+02
7.327313782563808218e+02,4.005912999999999897e+02
7.328710435591274290e+02,4.005912999999999897e+02
7.328323313507312378e+02,4.005912999999999897e+02
7.329125493861158702e+02,4.005912999999999897e+02
7.329332844450816538e+02,4.005912999999999897e+02
7.331925134252874159e+02,4.005912999999999897e+02
7.330342375394320698e+02,4.005912999999999897e+02
7.331145134939758918e+02,4.005912999999999897e+02
7.331351906337825994e+02,4.005912999999999897e+02
7.332752036509758682e+02,4.005912999999999897e+02
7.332361437281330154e+02,4.005912999999999897e+02
7.333164776018359134e+02,4.005912999999999897e+02
7.333370968224835451e+02,4.005912999999999897e+02
7.338376752995391143e+02,4.005912999999999897e+02
7.334380499168339611e+02,4.005912999999999897e+02
7.335184417096959351e+02,4.005912999999999897e+02
7.335390030111843771e+02,4.005912999999999897e+02
7.336793637428243073e+02,4.005912999999999897e+02
7.336399561055347931e+02,4.005912999999999897e+02
7.337204058175559567e+02,4.005912999999999897e+02
7.337409091998852091e+02,4.005912999999999897e+02
7.340017627126436537e+02,4.005912999999999897e+02
7.338418622942356251e+02,4.005912999999999897e+02
7.339223699254159783e+02,4.005912999999999897e+02
7.339428153885861548e+02,4.005912999999999897e+02
7.340835238346727465e+02,4.005912999999999897e+02
7.340437684829365708e+02,4.005912999999999897e+02
7.341243340332759999e+02,4.005912999999999897e+02
7.341447215772871004e+02,4.005912999999999897e+02
6.827658699999999499e+02,3.218399699999999939e+02
7.342456746716375164e+02,4.005912999999999897e+02
7.343262981411360215e+02,4.005912999999999897e+02
7.343466277659879324e+02,4.005912999999999897e+02
7.344876839265211856e+02,4.005912999999999897e+02
7.344475808603383484e+02,4.005912999999999897e+02
7.345282622489960431e+02,4.005912999999999897e+02
7.345485339546887644e+02,4.005912999999999897e+02
7.348110120000000052e+02,4.005912999999999897e+02
7.346494870490391804e+02,4.005912999999999897e+02
7.347302263568560647e+02,4.005912999999999897e+02
7.347504401433897101e+02,4.005912999999999897e+02
7.348918440183696248e+02,4.005912999999999897e+02
7.348513932377401261e+02,4.005912999999999897e+02
7.349321904647159727e+02,4.005912999999999897e+02
7.349523463320906558e+02,4.005912999999999897e+02
7.354599031336405233e+02,4.005912999999999897e+02
7.350532994264410718e+02,4.005912999999999897e+02
7.351341545725759943e+02,4.005912999999999897e+02
7.351542525207914878e+02,4.005912999999999897e+02
7.352960041102180639e+02,4.005912999999999897e+02
7.352552056151419038e+02,4.005912999999999897e+02
7.353361186804360159e+02,4.005912999999999897e+02
7.353561587094923198e+02,4.005912999999999897e+02
7.356202612873562430e+02,4.005912999999999897e+02
7.354571118038427358e+02,4.005912999999999897e+02
7.355380827882960375e+02,4.005912999999999897e+02
7.355580648981932654e+02,4.005912999999999897e+02
7.357001642020666168e+02,4.005912999999999897e+02
7.356590179925436814e+02,4.005912999999999897e+02
7.357400468961560591e+02,4.005912999999999897e+02
7.357599710868942111e+02,4.005912999999999897e+02
7.367666977777777220e+02,4.005912999999999897e+02
7.358609241812446271e+02,4.005912999999999897e+02
7.359420110040159670e+02,4.005912999999999897e+02
7.359618772755950431e+02,4.005912999999999897e+02
7.361043242939149422e+02,4.005912999999999897e+02
7.360628303699454591e+02,4.005912999999999897e+02
7.361439751118759887e+02,4.005912999999999897e+02
7.361637834642958751e+02,4.005912999999999897e+02
7.364295105747125945e+02,4.005912999999999897e+02
7.362647365586462911e+02,4.005912999999999897e+02
7.363459392197360103e+02,4.005912999999999897e+02
7.363656896529968208e+02,4.005912999999999897e+02
7.365084843857634951e+02,4.005912999999999897e+02
7.364666427473472368e+02,4.005912999999999897e+02
7.365479033275960319e+02,4.005912999999999897e+02
7.365675958416977664e+02,4.005912999999999897e+02
7.370821309677419322e+02,4.005912999999999897e+02
7.366685489360481824e+02,4.005912999999999897e+02
7.367498674354560535e+02,4.005912999999999897e+02
7.367695020303985984e+02,4.005912999999999897e+02
7.369126444776118205e+02,4.005912999999999897e+02
7.368704551247490144e+02,4.005912999999999897e+02
7.369518315433160751e+02,4.005912999999999897e+02
7.369714082190994304e+02,4.005912999999999897e+02
7.372387598620689459e+02,4.005912999999999897e+02
7.370723613134498464e+02,4.005912999999999897e+02
7.371537956511760967e+02,4.005912999999999897e+02
7.371733144078003761e+02,4.005912999999999897e+02
7.373168045694603734e+02,4.005912999999999897e+02
7.372742675021507921e+02,4.005912999999999897e+02
7.373557597590361183e+02,4.005912999999999897e+02
7.373752205965013218e+02,4.005912999999999897e+02
6.439555000000000291e+02,3.497816199999999753e+02
7.374761736908517378e+02,4.342853999999999814e+02
7.375577238668961400e+02,4.342853999999999814e+02
7.375771267852021538e+02,4.342853999999999814e+02
7.377209646613088125e+02,4.342853999999999814e+02
7.376780798795525698e+02,4.342853999999999814e+02
7.377596879747561616e+02,4.342853999999999814e+02
7.377790329739029858e+02,4.342853999999999814e+02
7.380480091494252974e+02,4.342853999999999814e+02
7.378799860682534018e+02,4.342853999999999814e+02
7.379616520826161832e+02,4.342853999999999814e+02
7.379809391626039314e+02,4.342853999999999814e+02
7.381251247531572517e+02,4.342853999999999814e+02
7.380818922569543474e+02,4.342853999999999814e+02
7.381636161904762048e+02,4.342853999999999814e+02
7.381828453513048771e+02,4.342853999999999814e+02
7.387043588018432274e+02,4.342853999999999814e+02
7.382837984456552931e+02,4.342853999999999814e+02
7.383655802983362264e+02,4.342853999999999814e+02
7.383847515400057091e+02,4.342853999999999814e+02
7.385292848450056908e+02,4.342853999999999814e+02
7.384857046343561251e+02,4.342853999999999814e+02
7.385675444061962480e+02,4.342853999999999814e+02
7.385866577287065411e+02,4.342853999999999814e+02
7.388572584367816489e+02,4.342853999999999814e+02
7.386876108230569571e+02,4.342853999999999814e+02
7.387695085140562696e+02,4.342853999999999814e+02
7.387885639174074868e+02,4.342853999999999814e+02
7.389334449368541300e+02,4.342853999999999814e+02
7.388895170117579028e+02,4.342853999999999814e+02
7.389714726219162912e+02,4.342853999999999814e+02
7.389904701061084324e+02,4.342853999999999814e+02
7.400261740740741061e+02,4.342853999999999814e+02
7.390914232004588484e+02,4.342853999999999814e+02
7.391734367297763129e+02,4.342853999999999814e+02
7.391923762948092644e+02,4.342853999999999814e+02
7.393376050287026828e+02,4.342853999999999814e+02
7.392933293891596804e+02,4.342853999999999814e+02
7.393754008376362208e+02,4.342853999999999814e+02
7.393942824835100964e+02,4.342853999999999814e+02
7.396665077241378867e+02,4.342853999999999814e+02
7.394952355778605124e+02,4.342853999999999814e+02
7.395773649454962424e+02,4.342853999999999814e+02
7.395961886722110421e+02,4.342853999999999814e+02
7.397417651205510083e+02,4.342853999999999814e+02
7.396971417665614581e+02,4.342853999999999814e+02
7.397793290533562640e+02,4.342853999999999814e+02
7.397980948609119878e+02,4.342853999999999814e+02
7.403265866359447500e+02,4.342853999999999814e+02
7.398990479552624038e+02,4.342853999999999814e+02
7.399812931612162856e+02,4.342853999999999814e+02
7.400000010496128198e+02,4.342853999999999814e+02
7.401459252123995611e+02,4.342853999999999814e+02
7.401009541439632358e+02,4.342853999999999814e+02
7.401832572690763072e+02,4.342853999999999814e+02
7.402019072383136518e+02,4.342853999999999814e+02
7.404757570114942382e+02,4.342853999999999814e+02
7.403028603326640678e+02,4.342853999999999814e+02
7.403852213769363289e+02,4.342853999999999814e+02
7.404038134270145974e+02,4.342853999999999814e+02
7.405500853042478866e+02,4.342853999999999814e+02
7.405047665213650134e+02,4.342853999999999814e+02
7.405871854847962368e+02,4.342853999999999814e+02
7.406057196157155431e+02,4.342853999999999814e+02
6.054330400000000054e+02,3.733922000000000025e+02
7.407066727100659591e+02,4.342853999999999814e+02
7.407891495926562584e+02,4.342853999999999814e+02
7.408076258044163751e+02,4.342853999999999814e+02
7.409542453960964394e+02,4.342853999999999814e+02
7.409085788987667911e+02,4.342853999999999814e+02
7.409911137005162800e+02,4.342853999999999814e+02
7.410095319931172071e+02,4.342853999999999814e+02
7.412850062988504760e+02,4.342853999999999814e+02
7.411104850874676231e+02,4.342853999999999814e+02
7.411930778083763016e+02,4.342853999999999814e+02
7.412114381818181528e+02,4.342853999999999814e+02
7.413584054879447649e+02,4.342853999999999814e+02
7.413123912761685688e+02,4.342853999999999814e+02
7.413950419162363232e+02,4.342853999999999814e+02
7.414133443705190984e+02,4.342853999999999814e+02
7.419488144700460452e+02,4.342853999999999814e+02
7.415142974648695144e+02,4.342853999999999814e+02
7.415970060240963448e+02,4.342853999999999814e+02
7.416152505592199304e+02,4.342853999999999814e+02
7.417625655797933177e+02,4.342853999999999814e+02
7.417162036535703464e+02,4.342853999999999814e+02
7.417989701319563665e+02,4.342853999999999814e+02
7.418171567479207624e+02,4.342853999999999814e+02
7.420942555862068275e+02,4.342853999999999814e+02
7.419181098422711784e+02,4.342853999999999814e+02
7.420009342398163881e+02,4.342853999999999814e+02
7.420190629366217081e+02,4.342853999999999814e+02
7.421667256716417569e+02,4.342853999999999814e+02
7.421200160309721241e+02,4.342853999999999814e+02
7.422028983476764097e+02,4.342853999999999814e+02
7.422209691253226538e+02,4.342853999999999814e+02
7.432856503703703765e+02,4.342853999999999814e+02
7.423219222196730698e+02,4.342853999999999814e+02
7.424048624555364313e+02,4.342853999999999814e+02
7.424228753140234858e+02,4.342853999999999814e+02
7.425708857634901960e+02,4.342853999999999814e+02
7.425238284083739018e+02,4.342853999999999814e+02
7.426068265633964529e+02,4.342853999999999814e+02
7.426247815027243178e+02,4.342853999999999814e+02
7.429035048735631790e+02,4.342853999999999814e+02
7.427257345970747338e+02,4.342853999999999814e+02
7.428087906712564745e+02,4.342853999999999814e+02
7.428266876914252634e+02,4.342853999999999814e+02
7.429750458553386352e+02,4.342853999999999814e+02
7.429276407857756794e+02,4.342853999999999814e+02
7.430107547791164961e+02,4.342853999999999814e+02
7.430285938801262091e+02,4.342853999999999814e+02
7.435710423041474542e+02,4.342853999999999814e+02
7.431295469744766251e+02,4.342853999999999814e+02
7.432127188869765178e+02,4.342853999999999814e+02
7.432305000688270411e+02,4.342853999999999814e+02
7.433792059471870743e+02,4.342853999999999814e+02
7.433314531631774571e+02,4.342853999999999814e+02
7.434146829948365394e+02,4.342853999999999814e+02
7.434324062575278731e+02,4.342853999999999814e+02
7.437127541609195305e+02,4.342853999999999814e+02
7.435333593518782891e+02,4.342853999999999814e+02
7.436166471026965610e+02,4.342853999999999814e+02
7.436343124462288188e+02,4.342853999999999814e+02
7.437833660390356272e+02,4.342853999999999814e+02
7.437352655405792348e+02,4.342853999999999814e+02
7.438186112105565826e+02,4.342853999999999814e+02
7.438362186349297644e+02,4.342853999999999814e+02
5.739927999999999884e+02,3.878330000000000268e+02
7.439371717292801804e+02,4.393602300000000014e+02
7.440205753184164905e+02,4.393602300000000014e+02
7.440381248236305964e+02,4.393602300000000014e+02
7.441875261308839526e+02,4.393602300000000014e+02
7.441390779179810124e+02,4.393602300000000014e+02
7.442225394262765121e+02,4.393602300000000014e+02
7.442400310123314284e+02,4.393602300000000014e+02
7.445220034482758820e+02,4.393602300000000014e+02
7.443409841066818444e+02,4.393602300000000014e+02
7.444245035341365337e+02,4.393602300000000014e+02
7.444419372010323741e+02,4.393602300000000014e+02
7.445916862227325055e+02,4.393602300000000014e+02
7.445428902953827901e+02,4.393602300000000014e+02
7.446264676419965554e+02,4.393602300000000014e+02
7.446438433897333198e+02,4.393602300000000014e+02
7.451932701382488631e+02,4.393602300000000014e+02
7.447447964840837358e+02,4.393602300000000014e+02
7.448284317498565770e+02,4.393602300000000014e+02
7.448457495784341518e+02,4.393602300000000014e+02
7.449958463145808309e+02,4.393602300000000014e+02
7.449467026727845678e+02,4.393602300000000014e+02
7.450303958577164849e+02,4.393602300000000014e+02
7.450476557671349838e+02,4.393602300000000014e+02
7.453312527356322335e+02,4.393602300000000014e+02
7.451486088614853998e+02,4.393602300000000014e+02
7.452323599655765065e+02,4.393602300000000014e+02
7.452495619558359294e+02,4.393602300000000014e+02
7.454000064064293838e+02,4.393602300000000014e+02
7.453505150501863454e+02,4.393602300000000014e+02
7.454343240734365281e+02,4.393602300000000014e+02
7.454514681445368751e+02,4.393602300000000014e+02
7.465451266666666470e+02,4.393602300000000014e+02
7.455524212388872911e+02,4.393602300000000014e+02
7.456362881812965497e+02,4.393602300000000014e+02
7.456533743332377071e+02,4.393602300000000014e+02
7.458041664982778229e+02,4.393602300000000014e+02
7.457543274275881231e+02,4.393602300000000014e+02
7.458382522891565714e+02,4.393602300000000014e+02
7.458552805219385391e+02,4.393602300000000014e+02
7.461405020229884713e+02,4.393602300000000014e+02
7.459562336162889551e+02,4.393602300000000014e+02
7.460402163970165930e+02,4.393602300000000014e+02
7.460571867106394848e+02,4.393602300000000014e+02
7.462083265901262621e+02,4.393602300000000014e+02
7.461581398049899008e+02,4.393602300000000014e+02
7.462421805048766146e+02,4.393602300000000014e+02
7.462590928993404304e+02,4.393602300000000014e+02
7.468154979723501583e+02,4.393602300000000014e+02
7.463600459936908464e+02,4.393602300000000014e+02
7.464441446127366362e+02,4.393602300000000014e+02
7.464609990880412624e+02,4.393602300000000014e+02
7.466124866819747012e+02,4.393602300000000014e+02
7.465619521823916784e+02,4.393602300000000014e+02
7.466461087205966578e+02,4.393602300000000014e+02
7.466629052767420944e+02,4.393602300000000014e+02
7.469497513103448227e+02,4.393602300000000014e+02
7.467638583710925104e+02,4.393602300000000014e+02
7.468480728284566794e+02,4.393602300000000014e+02
7.468648114654430401e+02,4.393602300000000014e+02
7.470166467738231404e+02,4.393602300000000014e+02
7.469657645597934561e+02,4.393602300000000014e+02
7.470500369363167010e+02,4.393602300000000014e+02
7.470667176541439858e+02,4.393602300000000014e+02
5.496792599999999993e+02,3.931972700000000032e+02
7.471676707484944018e+02,4.263578999999999724e+02
7.472520010441767226e+02,4.263578999999999724e+02
7.472686238428448178e+02,4.263578999999999724e+02
7.474208068656715795e+02,4.263578999999999724e+02
7.473695769371952338e+02,4.263578999999999724e+02
7.474539651520367443e+02,4.263578999999999724e+02
7.474705300315456498e+02,4.263578999999999724e+02
7.477590005977010605e+02,4.263578999999999724e+02
7.475714831258960658e+02,4.263578999999999724e+02
7.476559292598967659e+02,4.263578999999999724e+02
7.476724362202465954e+02,4.263578999999999724e+02
7.478249669575200187e+02,4.263578999999999724e+02
7.477733893145970114e+02,4.263578999999999724e+02
7.478578933677567875e+02,4.263578999999999724e+02
7.478743424089475411e+02,4.263578999999999724e+02
7.484377258064515672e+02,4.263578999999999724e+02
7.479752955032979571e+02,4.263578999999999724e+02
7.480598574756168091e+02,4.263578999999999724e+02
7.480762485976483731e+02,4.263578999999999724e+02
7.482291270493685715e+02,4.263578999999999724e+02
7.481772016919987891e+02,4.263578999999999724e+02
7.482618215834768307e+02,4.263578999999999724e+02
7.482781547863492051e+02,4.263578999999999724e+02
7.485682498850574120e+02,4.263578999999999724e+02
7.483791078806996211e+02,4.263578999999999724e+02
7.484637856913367386e+02,4.263578999999999724e+02
7.484800609750501508e+02,4.263578999999999724e+02
7.486332871412168970e+02,4.263578999999999724e+02
7.485810140694005668e+02,4.263578999999999724e+02
7.486657497991967603e+02,4.263578999999999724e+02
7.486819671637510965e+02,4.263578999999999724e+02
7.498046029629629174e+02,4.263578999999999724e+02
7.487829202581015124e+02,4.263578999999999724e+02
7.488677139070567819e+02,4.263578999999999724e+02
7.488838733524519284e+02,4.263578999999999724e+02
7.490374472330654498e+02,4.263578999999999724e+02
7.489848264468023444e+02,4.263578999999999724e+02
7.490696780149168035e+02,4.263578999999999724e+02
7.490857795411527604e+02,4.263578999999999724e+02
7.493774991724137635e+02,4.263578999999999724e+02
7.491867326355031764e+02,4.263578999999999724e+02
7.492716421227768251e+02,4.263578999999999724e+02
7.492876857298537061e+02,4.263578999999999724e+02
7.494416073249137753e+02,4.263578999999999724e+02
7.493886388242041221e+02,4.263578999999999724e+02
7.494736062306368467e+02,4.263578999999999724e+02
7.494895919185546518e+02,4.263578999999999724e+02
7.500599536405529761e+02,4.263578999999999724e+02
7.495905450129050678e+02,4.263578999999999724e+02
7.496755703384967546e+02,4.263578999999999724e+02
7.496914981072554838e+02,4.263578999999999724e+02
7.498457674167623281e+02,4.263578999999999724e+02
7.497924512016058998e+02,4.263578999999999724e+02
7.498775344463567762e+02,4.263578999999999724e+02
7.498934042959563158e+02,4.263578999999999724e+02
7.501867484597701150e+02,4.263578999999999724e+02
7.499943573903067318e+02,4.263578999999999724e+02
7.500794985542167979e+02,4.263578999999999724e+02
7.500953104846572614e+02,4.263578999999999724e+02
7.502499275086107673e+02,4.263578999999999724e+02
7.501962635790076774e+02,4.263578999999999724e+02
7.502814626620768195e+02,4.263578999999999724e+02
7.502972166733582071e+02,4.263578999999999724e+02
5.296140000000000327e+02,3.906532000000000266e+02
7.503981697677086231e+02,4.263578999999999724e+02
7.504834267699368411e+02,4.263578999999999724e+02
7.504991228620590391e+02,4.263578999999999724e+02
7.506540876004592064e+02,4.263578999999999724e+02
7.506000759564094551e+02,4.263578999999999724e+02
7.506853908777968627e+02,4.263578999999999724e+02
7.507010290507598711e+02,4.263578999999999724e+02
7.509959977471264665e+02,4.263578999999999724e+02
7.508019821451102871e+02,4.263578999999999724e+02
7.508873549856568843e+02,4.263578999999999724e+02
7.509029352394608168e+02,4.263578999999999724e+02
7.510582476923076456e+02,4.263578999999999724e+02
7.510038883338112328e+02,4.263578999999999724e+02
7.510893190935169059e+02,4.263578999999999724e+02
7.511048414281617625e+02,4.263578999999999724e+02
7.516821814746542714e+02,4.263578999999999724e+02
7.512057945225121784e+02,4.263578999999999724e+02
7.512912832013769275e+02,4.263578999999999724e+02
7.513067476168625944e+02,4.263578999999999724e+02
7.514624077841560847e+02,4.263578999999999724e+02
7.514077007112130104e+02,4.263578999999999724e+02
7.514932473092369491e+02,4.263578999999999724e+02
7.515086538055634264e+02,4.263578999999999724e+02
7.518052470344828180e+02,4.263578999999999724e+02
7.516096068999138424e+02,4.263578999999999724e+02
7.516952114170969708e+02,4.263578999999999724e+02
7.517105599942643721e+02,4.263578999999999724e+02
7.518665678760045239e+02,4.263578999999999724e+02
7.518115130886147881e+02,4.263578999999999724e+02
7.518971755249569924e+02,4.263578999999999724e+02
7.519124661829653178e+02,4.263578999999999724e+02
7.530640792592591879e+02,4.263578999999999724e+02
7.520134192773157338e+02,4.263578999999999724e+02
7.520991396328170140e+02,4.263578999999999724e+02
7.521143723716661498e+02,4.263578999999999724e+02
7.522707279678529630e+02,4.263578999999999724e+02
7.522153254660165658e+02,4.263578999999999724e+02
7.523011037406770356e+02,4.263578999999999724e+02
7.523162785603669818e+02,4.263578999999999724e+02
7.526144963218390558e+02,4.263578999999999724e+02
7.524172316547173978e+02,4.263578999999999724e+02
7.525030678485370572e+02,4.263578999999999724e+02
7.525181847490679274e+02,4.263578999999999724e+02
7.526748880597015159e+02,4.263578999999999724e+02
7.526191378434183434e+02,4.263578999999999724e+02
7.527050319563970788e+02,4.263578999999999724e+02
7.527200909377688731e+02,4.263578999999999724e+02
7.533044093087557940e+02,4.263578999999999724e+02
7.528210440321192891e+02,4.263578999999999724e+02
7.529069960642571004e+02,4.263578999999999724e+02
7.529219971264697051e+02,4.263578999999999724e+02
7.530790481515498414e+02,4.263578999999999724e+02
7.530229502208201211e+02,4.263578999999999724e+02
7.531089601721170084e+02,4.263578999999999724e+02
7.531239033151705371e+02,4.263578999999999724e+02
7.534237456091954073e+02,4.263578999999999724e+02
7.532248564095209531e+02,4.263578999999999724e+02
7.533109242799770300e+02,4.263578999999999724e+02
7.533258095038714828e+02,4.263578999999999724e+02
7.534832082433983942e+02,4.263578999999999724e+02
7.534267625982218988e+02,4.263578999999999724e+02
7.535128883878370516e+02,4.263578999999999724e+02
7.535277156925724285e+02,4.263578999999999724e+02
5.159057000000000244e+02,3.805063499999999976e+02
7.536286687869228444e+02,2.615489499999999907e+02
7.537148524956970732e+02,2.615489499999999907e+02
7.537296218812732604e+02,2.615489499999999907e+02
7.538873683352467197e+02,2.615489499999999907e+02
7.538305749756236764e+02,2.615489499999999907e+02
7.539168166035570948e+02,2.615489499999999907e+02
7.539315280699740924e+02,2.615489499999999907e+02
7.542329948965516451e+02,2.615489499999999907e+02
7.540324811643245084e+02,2.615489499999999907e+02
7.541187807114170027e+02,2.615489499999999907e+02
7.541334342586750381e+02,2.615489499999999907e+02
7.542915284270952725e+02,2.615489499999999907e+02
7.542343873530254541e+02,2.615489499999999907e+02
7.543207448192770244e+02,2.615489499999999907e+02
7.543353404473759838e+02,2.615489499999999907e+02
7.549266371428570892e+02,2.615489499999999907e+02
7.544362935417263998e+02,2.615489499999999907e+02
7.545227089271370460e+02,2.615489499999999907e+02
7.545372466360768158e+02,2.615489499999999907e+02
7.546956885189437116e+02,2.615489499999999907e+02
7.546381997304272318e+02,2.615489499999999907e+02
7.547246730349970676e+02,2.615489499999999907e+02
7.547391528247776478e+02,2.615489499999999907e+02
7.550422441839079966e+02,2.615489499999999907e+02
7.548401059191280638e+02,2.615489499999999907e+02
7.549266371428570892e+02,2.615489499999999907e+02
7.549410590134785934e+02,2.615489499999999907e+02
7.550998486107921508e+02,2.615489499999999907e+02
7.550420121078290094e+02,2.615489499999999907e+02
7.551286012507171108e+02,2.615489499999999907e+02
7.551429652021795391e+02,2.615489499999999907e+02
7.563235555555554583e+02,2.615489499999999907e+02
7.552439182965299551e+02,2.615489499999999907e+02
7.553305653585771324e+02,2.615489499999999907e+02
7.553448713908803711e+02,2.615489499999999907e+02
7.555040087026405899e+02,2.615489499999999907e+02
7.554458244852307871e+02,2.615489499999999907e+02
7.555325294664371540e+02,2.615489499999999907e+02
7.555467775795812031e+02,2.615489499999999907e+02
7.558514934712643480e+02,2.615489499999999907e+02
7.556477306739316191e+02,2.615489499999999907e+02
7.557344935742971757e+02,2.615489499999999907e+02
7.557486837682821488e+02,2.615489499999999907e+02
7.559081687944890291e+02,2.615489499999999907e+02
7.558496368626325648e+02,2.615489499999999907e+02
7.559364576821571973e+02,2.615489499999999907e+02
7.559505899569830945e+02,2.615489499999999907e+02
7.565488649769584981e+02,2.615489499999999907e+02
7.560515430513335104e+02,2.615489499999999907e+02
7.561384217900172189e+02,2.615489499999999907e+02
7.561524961456839264e+02,2.615489499999999907e+02
7.563123288863375819e+02,2.615489499999999907e+02
7.562534492400343424e+02,2.615489499999999907e+02
7.563403858978772405e+02,2.615489499999999907e+02
7.563544023343847584e+02,2.615489499999999907e+02
7.566607427586206995e+02,2.615489499999999907e+02
7.564553554287351744e+02,2.615489499999999907e+02
7.565423500057372621e+02,2.615489499999999907e+02
7.565563085230857041e+02,2.615489499999999907e+02
7.567164889781859074e+02,2.615489499999999907e+02
7.566572616174361201e+02,2.615489499999999907e+02
7.567443141135972837e+02,2.615489499999999907e+02
7.567582147117866498e+02,2.615489499999999907e+02
5.039206500000000233e+02,3.542296000000000049e+02
7.568591678061370658e+02,2.615489499999999907e+02
7.569462782214573053e+02,2.615489499999999907e+02
7.569601209004874818e+02,2.615489499999999907e+02
7.571206490700344602e+02,2.615489499999999907e+02
7.570610739948378978e+02,2.615489499999999907e+02
7.571482423293173269e+02,2.615489499999999907e+02
7.571620270891883138e+02,2.615489499999999907e+02
7.574699920459770510e+02,2.615489499999999907e+02
7.572629801835387298e+02,2.615489499999999907e+02
7.573502064371773486e+02,2.615489499999999907e+02
7.573639332778892594e+02,2.615489499999999907e+02
7.575248091618827857e+02,2.615489499999999907e+02
7.574648863722396754e+02,2.615489499999999907e+02
7.575521705450372565e+02,2.615489499999999907e+02
7.575658394665902051e+02,2.615489499999999907e+02
7.581710928110599070e+02,2.615489499999999907e+02
7.576667925609406211e+02,2.615489499999999907e+02
7.577541346528972781e+02,2.615489499999999907e+02
7.577677456552910371e+02,2.615489499999999907e+02
7.579289692537313385e+02,2.615489499999999907e+02
7.578686987496414531e+02,2.615489499999999907e+02
7.579560987607572997e+02,2.615489499999999907e+02
7.579696518439918691e+02,2.615489499999999907e+02
7.582792413333332888e+02,2.615489499999999907e+02
7.580706049383422851e+02,2.615489499999999907e+02
7.581580628686173213e+02,2.615489499999999907e+02
7.581715580326928148e+02,2.615489499999999907e+02
7.583331293455797777e+02,2.615489499999999907e+02
7.582725111270432308e+02,2.615489499999999907e+02
7.583600269764773429e+02,2.615489499999999907e+02
7.583734642213937605e+02,2.615489499999999907e+02
7.595830318518518425e+02,2.615489499999999907e+02
7.584744173157441764e+02,2.615489499999999907e+02
7.585619910843373646e+02,2.615489499999999907e+02
7.585753704100945924e+02,2.615489499999999907e+02
7.587372894374282168e+02,2.615489499999999907e+02
7.586763235044450084e+02,2.615489499999999907e+02
7.587639551921972725e+02,2.615489499999999907e+02
7.587772765987954244e+02,2.615489499999999907e+02
7.590884906206896403e+02,2.615489499999999907e+02
7.588782296931458404e+02,2.615489499999999907e+02
7.589659193000572941e+02,2.615489499999999907e+02
7.589791827874963701e+02,2.615489499999999907e+02
7.591414495292766560e+02,2.615489499999999907e+02
7.590801358818467861e+02,2.615489499999999907e+02
7.591678834079173157e+02,2.615489499999999907e+02
7.591810889761973158e+02,2.615489499999999907e+02
7.597933206451612023e+02,2.615489499999999907e+02
7.592820420705477318e+02,2.615489499999999907e+02
7.593698475157773373e+02,2.615489499999999907e+02
7.593829951648981478e+02,2.615489499999999907e+02
7.595456096211250951e+02,2.615489499999999907e+02
7.594839482592485638e+02,2.615489499999999907e+02
7.595718116236373589e+02,2.615489499999999907e+02
7.595849013535989798e+02,2.615489499999999907e+02
7.598977399080458781e+02,2.615489499999999907e+02
7.596858544479493958e+02,2.615489499999999907e+02
7.597737757314973805e+02,2.615489499999999907e+02
7.597868075422999254e+02,2.615489499999999907e+02
7.599497697129735343e+02,2.615489499999999907e+02
7.598877606366503414e+02,2.615489499999999907e+02
7.599757398393574022e+02,2.615489499999999907e+02
7.599887137310008711e+02,2.615489499999999907e+02
5.013130499999999756e+02,3.206679700000000253e+02
7.600896668253512871e+02,2.615489499999999907e+02
7.601777039472174238e+02,2.615489499999999907e+02
7.601906199197017031e+02,2.615489499999999907e+02
7.603539298048219734e+02,2.615489499999999907e+02
7.602915730140521191e+02,2.615489499999999907e+02
7.603796680550774454e+02,2.615489499999999907e+02
7.603925261084025351e+02,2.615489499999999907e+02
7.607069891954022296e+02,2.615489499999999907e+02
7.604934792027529511e+02,2.615489499999999907e+02
7.605816321629374670e+02,2.615489499999999907e+02
7.605944322971034808e+02,2.615489499999999907e+02
7.607580898966705263e+02,2.615489499999999907e+02
7.606953853914538968e+02,2.615489499999999907e+02
7.607835962707974886e+02,2.615489499999999907e+02
7.607963384858044265e+02,2.615489499999999907e+02
7.614155484792627249e+02,2.615489499999999907e+02
7.608972915801548424e+02,2.615489499999999907e+02
7.609855603786575102e+02,2.615489499999999907e+02
7.609982446745052584e+02,2.615489499999999907e+02
7.611622499885188518e+02,2.615489499999999907e+02
7.610991977688556744e+02,2.615489499999999907e+02
7.611875244865175318e+02,2.615489499999999907e+02
7.612001508632060904e+02,2.615489499999999907e+02
7.615162384827585811e+02,2.615489499999999907e+02
7.613011039575565064e+02,2.615489499999999907e+02
7.613894885943775535e+02,2.615489499999999907e+02
7.614020570519070361e+02,2.615489499999999907e+02
7.615664100803674046e+02,2.615489499999999907e+02
7.615030101462574521e+02,2.615489499999999907e+02
7.615914527022375751e+02,2.615489499999999907e+02
7.616039632406079818e+02,2.615489499999999907e+02
7.628425081481481129e+02,2.615489499999999907e+02
7.617049163349583978e+02,2.615489499999999907e+02
7.617934168100975967e+02,2.615489499999999907e+02
7.618058694293088138e+02,2.615489499999999907e+02
7.619705701722157301e+02,2.615489499999999907e+02
7.619068225236592298e+02,2.615489499999999907e+02
7.619953809179575046e+02,2.615489499999999907e+02
7.620077756180096458e+02,2.615489499999999907e+02
7.623254877701149326e+02,2.615489499999999907e+02
7.621087287123600618e+02,2.615489499999999907e+02
7.621973450258175262e+02,2.615489499999999907e+02
7.622096818067105914e+02,2.615489499999999907e+02
7.623747302640642829e+02,2.615489499999999907e+02
7.623106349010610074e+02,2.615489499999999907e+02
7.623993091336775478e+02,2.615489499999999907e+02
7.624115879954115371e+02,2.615489499999999907e+02
7.630377763133640201e+02,2.615489499999999907e+02
7.625125410897619531e+02,2.615489499999999907e+02
7.626012732415375694e+02,2.615489499999999907e+02
7.626134941841123691e+02,2.615489499999999907e+02
7.627788903559127220e+02,2.615489499999999907e+02
7.627144472784627851e+02,2.615489499999999907e+02
7.628032373493975911e+02,2.615489499999999907e+02
7.628154003728132011e+02,2.615489499999999907e+02
7.631347370574712841e+02,2.615489499999999907e+02
7.629163534671636171e+02,2.615489499999999907e+02
7.630052014572576127e+02,2.615489499999999907e+02
7.630173065615141468e+02,2.615489499999999907e+02
7.631830504477611612e+02,2.615489499999999907e+02
7.631182596558645628e+02,2.615489499999999907e+02
7.632071655651175206e+02,2.615489499999999907e+02
7.632192127502150925e+02,2.615489499999999907e+02
5.074494599999999878e+02,3.007664800000000014e+02
7.633201658445655085e+02,2.615489499999999907e+02
7.634091296729775422e+02,2.615489499999999907e+02
7.634211189389159244e+02,2.615489499999999907e+02
7.635872105396096003e+02,2.615489499999999907e+02
7.635220720332663404e+02,2.615489499999999907e+02
7.636110937808375638e+02,2.615489499999999907e+02
7.636230251276167564e+02,2.615489499999999907e+02
7.639439863448276355e+02,2.615489499999999907e+02
7.637239782219672861e+02,2.615489499999999907e+02
7.638130578886975854e+02,2.615489499999999907e+02
7.638249313163177021e+02,2.615489499999999907e+02
7.639913706314580395e+02,2.615489499999999907e+02
7.639258844106682318e+02,2.615489499999999907e+02
7.640150219965576071e+02,2.615489499999999907e+02
7.640268375050186478e+02,2.615489499999999907e+02
7.646600041474654290e+02,2.615489499999999907e+02
7.641277905993690638e+02,2.615489499999999907e+02
7.642169861044176287e+02,2.615489499999999907e+02
7.642287436937194798e+02,2.615489499999999907e+02
7.643955307233064786e+02,2.615489499999999907e+02
7.643296967880698958e+02,2.615489499999999907e+02
7.644189502122776503e+02,2.615489499999999907e+02
7.644306498824203118e+02,2.615489499999999907e+02
7.647532356321838733e+02,2.615489499999999907e+02
7.645316029767708415e+02,2.615489499999999907e+02
7.646209143201376719e+02,2.615489499999999907e+02
7.646325560711212574e+02,2.615489499999999907e+02
7.647996908151549178e+02,2.615489499999999907e+02
7.647335091654717871e+02,2.615489499999999907e+02
7.648228784279976935e+02,2.615489499999999907e+02
7.648344622598222031e+02,2.615489499999999907e+02
7.661019844444444971e+02,2.615489499999999907e+02
7.649354153541726191e+02,2.615489499999999907e+02
7.650248425358577151e+02,2.615489499999999907e+02
7.650363684485230351e+02,2.615489499999999907e+02
7.652038509070034706e+02,2.615489499999999907e+02
7.651373215428734511e+02,2.615489499999999907e+02
7.652268066437177367e+02,2.615489499999999907e+02
7.652382746372238671e+02,2.615489499999999907e+02
7.655624849195402248e+02,2.615489499999999907e+02
7.653392277315743968e+02,2.615489499999999907e+02
7.654287707515777583e+02,2.615489499999999907e+02
7.654401808259248128e+02,2.615489499999999907e+02
7.656080109988517961e+02,2.615489499999999907e+02
7.655411339202753425e+02,2.615489499999999907e+02
7.656307348594377800e+02,2.615489499999999907e+02
7.656420870146257585e+02,2.615489499999999907e+02
7.662822319815668379e+02,2.615489499999999907e+02
7.657430401089761745e+02,2.615489499999999907e+02
7.658326989672978016e+02,2.615489499999999907e+02
7.658439932033265904e+02,2.615489499999999907e+02
7.660121710907003489e+02,2.615489499999999907e+02
7.659449462976770064e+02,2.615489499999999907e+02
7.660346630751578232e+02,2.615489499999999907e+02
7.660458993920274224e+02,2.615489499999999907e+02
7.663717342068964626e+02,2.615489499999999907e+02
7.661468524863779521e+02,2.615489499999999907e+02
7.662366271830178448e+02,2.615489499999999907e+02
7.662478055807283681e+02,2.615489499999999907e+02
7.664163311825486744e+02,2.615489499999999907e+02
7.663487586750788978e+02,2.615489499999999907e+02
7.664385912908778664e+02,2.615489499999999907e+02
7.664497117694293138e+02,2.615489499999999907e+02
5.149897499999999582e+02,2.903997800000000211e+02
7.665506648637797298e+02,4.585401600000000144e+02
7.666405553987377743e+02,4.585401600000000144e+02
7.666516179581301458e+02,4.585401600000000144e+02
7.668204912743972272e+02,4.585401600000000144e+02
7.667525710524805618e+02,4.585401600000000144e+02
7.668425195065977960e+02,4.585401600000000144e+02
7.668535241468309778e+02,4.585401600000000144e+02
7.671809834942528141e+02,4.585401600000000144e+02
7.669544772411815075e+02,4.585401600000000144e+02
7.670444836144578176e+02,4.585401600000000144e+02
7.670554303355319234e+02,4.585401600000000144e+02
7.672246513662456664e+02,4.585401600000000144e+02
7.671563834298824531e+02,4.585401600000000144e+02
7.672464477223178392e+02,4.585401600000000144e+02
7.672573365242328691e+02,4.585401600000000144e+02
7.679044598156681332e+02,4.585401600000000144e+02
7.673582896185832851e+02,4.585401600000000144e+02
7.674484118301778608e+02,4.585401600000000144e+02
7.674592427129337011e+02,4.585401600000000144e+02
7.676288114580941055e+02,4.585401600000000144e+02
7.675601958072841171e+02,4.585401600000000144e+02
7.676503759380378824e+02,4.585401600000000144e+02
7.676611489016345331e+02,4.585401600000000144e+02
7.679902327816091656e+02,4.585401600000000144e+02
7.677621019959850628e+02,4.585401600000000144e+02
7.678523400458977903e+02,4.585401600000000144e+02
7.678630550903354788e+02,4.585401600000000144e+02
7.680329715499425447e+02,4.585401600000000144e+02
7.679640081846860085e+02,4.585401600000000144e+02
7.680543041537578119e+02,4.585401600000000144e+02
7.680649612790364245e+02,4.585401600000000144e+02
7.693614607407407675e+02,4.585401600000000144e+02
7.681659143733868405e+02,4.585401600000000144e+02
7.682562682616178336e+02,4.585401600000000144e+02
7.682668674677372564e+02,4.585401600000000144e+02
7.684371316417909838e+02,4.585401600000000144e+02
7.683678205620876724e+02,4.585401600000000144e+02
7.684582323694778552e+02,4.585401600000000144e+02
7.684687736564380884e+02,4.585401600000000144e+02
7.687994820689655171e+02,4.585401600000000144e+02
7.685697267507886181e+02,4.585401600000000144e+02
7.686601964773378768e+02,4.585401600000000144e+02
7.686706798451390341e+02,4.585401600000000144e+02
7.688412917336394230e+02,4.585401600000000144e+02
7.687716329394895638e+02,4.585401600000000144e+02
7.688621605851978984e+02,4.585401600000000144e+02
7.688725860338399798e+02,4.585401600000000144e+02
7.695266876497695421e+02,4.585401600000000144e+02
7.689735391281903958e+02,4.585401600000000144e+02
7.690641246930579200e+02,4.585401600000000144e+02
7.690744922225408118e+02,4.585401600000000144e+02
7.692454518254878622e+02,4.585401600000000144e+02
7.691754453168912278e+02,4.585401600000000144e+02
7.692660888009179416e+02,4.585401600000000144e+02
7.692763984112416438e+02,4.585401600000000144e+02
7.696087313563218686e+02,4.585401600000000144e+02
7.693773515055921735e+02,4.585401600000000144e+02
7.694680529087779632e+02,4.585401600000000144e+02
7.694783045999425894e+02,4.585401600000000144e+02
7.696496119173364150e+02,4.585401600000000144e+02
7.695792576942931191e+02,4.585401600000000144e+02
7.696700170166379849e+02,4.585401600000000144e+02
7.696802107886435351e+02,4.585401600000000144e+02
5.250249000000000024e+02,2.855414999999999850e+02
7.697811638829939511e+02,4.585401600000000144e+02
7.698719811244980065e+02,4.585401600000000144e+02
7.698821169773443671e+02,4.585401600000000144e+02
7.700537720091847405e+02,4.585401600000000144e+02
7.699830700716947831e+02,4.585401600000000144e+02
7.700739452323580281e+02,4.585401600000000144e+02
7.700840231660451991e+02,4.585401600000000144e+02
7.704179806436782201e+02,4.585401600000000144e+02
7.701849762603957288e+02,4.585401600000000144e+02
7.702759093402180497e+02,4.585401600000000144e+02
7.702859293547461448e+02,4.585401600000000144e+02
7.704579321010332933e+02,4.585401600000000144e+02
7.703868824490966745e+02,4.585401600000000144e+02
7.704778734480780713e+02,4.585401600000000144e+02
7.704878355434470905e+02,4.585401600000000144e+02
7.711489154838709510e+02,4.585401600000000144e+02
7.705887886377975065e+02,4.585401600000000144e+02
7.706798375559380929e+02,4.585401600000000144e+02
7.706897417321479224e+02,4.585401600000000144e+02
7.708620921928816188e+02,4.585401600000000144e+02
7.707906948264983384e+02,4.585401600000000144e+02
7.708818016637981145e+02,4.585401600000000144e+02
7.708916479208487544e+02,4.585401600000000144e+02
7.712272299310344579e+02,4.585401600000000144e+02
7.709926010151992841e+02,4.585401600000000144e+02
7.710837657716580225e+02,4.585401600000000144e+02
7.710935541095497001e+02,4.585401600000000144e+02
7.712662522847301716e+02,4.585401600000000144e+02
7.711945072039002298e+02,4.585401600000000144e+02
7.712857298795180441e+02,4.585401600000000144e+02
7.712954602982506458e+02,4.585401600000000144e+02
7.726209370370370380e+02,4.585401600000000144e+02
7.713964133926010618e+02,4.585401600000000144e+02
7.714876939873780657e+02,4.585401600000000144e+02
7.714973664869514778e+02,4.585401600000000144e+02
7.716704123765786107e+02,4.585401600000000144e+02
7.715983195813018938e+02,4.585401600000000144e+02
7.716896580952380873e+02,4.585401600000000144e+02
7.716992726756523098e+02,4.585401600000000144e+02
7.720364792183908094e+02,4.585401600000000144e+02
7.718002257700028395e+02,4.585401600000000144e+02
7.718916222030981089e+02,4.585401600000000144e+02
7.719011788643532554e+02,4.585401600000000144e+02
7.720745724684270499e+02,4.585401600000000144e+02
7.720021319587037851e+02,4.585401600000000144e+02
7.720935863109581305e+02,4.585401600000000144e+02
7.721030850530542011e+02,4.585401600000000144e+02
7.727711433179722462e+02,4.585401600000000144e+02
7.722040381474046171e+02,4.585401600000000144e+02
7.722955504188180385e+02,4.585401600000000144e+02
7.723049912417550331e+02,4.585401600000000144e+02
7.724787325602754890e+02,4.585401600000000144e+02
7.724059443361054491e+02,4.585401600000000144e+02
7.724975145266780601e+02,4.585401600000000144e+02
7.725068974304558651e+02,4.585401600000000144e+02
7.728457285057470472e+02,4.585401600000000144e+02
7.726078505248063948e+02,4.585401600000000144e+02
7.726994786345380817e+02,4.585401600000000144e+02
7.727088036191568108e+02,4.585401600000000144e+02
7.728828926521239282e+02,4.585401600000000144e+02
7.728097567135073405e+02,4.585401600000000144e+02
7.729014427423981033e+02,4.585401600000000144e+02
7.729107098078577565e+02,4.585401600000000144e+02
5.385617999999999483e+02,2.883691400000000158e+02
7.730116629022081725e+02,4.585401600000000144e+02
7.731034068502581249e+02,4.585401600000000144e+02
7.731126159965585884e+02,4.585401600000000144e+02
7.732870527439724810e+02,4.585401600000000144e+02
7.732135690909090044e+02,4.585401600000000144e+02
7.733053709581181465e+02,4.585401600000000144e+02
7.733145221852594204e+02,4.585401600000000144e+02
7.736549777931033987e+02,4.585401600000000144e+02
7.734154752796099501e+02,4.585401600000000144e+02
7.735073350659781681e+02,4.585401600000000144e+02
7.735164283739603661e+02,4.585401600000000144e+02
7.736912128358208065e+02,4.585401600000000144e+02
7.736173814683108958e+02,4.585401600000000144e+02
7.737092991738381897e+02,4.585401600000000144e+02
7.737183345626613118e+02,4.585401600000000144e+02
7.743933711520737688e+02,4.585401600000000144e+02
7.738192876570117278e+02,4.585401600000000144e+02
7.739112632816982114e+02,4.585401600000000144e+02
7.739202407513621438e+02,4.585401600000000144e+02
7.740953729276693593e+02,4.585401600000000144e+02
7.740211938457125598e+02,4.585401600000000144e+02
7.741132273895582330e+02,4.585401600000000144e+02
7.741221469400629758e+02,4.585401600000000144e+02
7.744642270804597501e+02,4.585401600000000144e+02
7.742231000344135055e+02,4.585401600000000144e+02
7.743151914974182546e+02,4.585401600000000144e+02
7.743240531287639214e+02,4.585401600000000144e+02
7.744995330195176848e+02,4.585401600000000144e+02
7.744250062231144511e+02,4.585401600000000144e+02
7.745171556052782762e+02,4.585401600000000144e+02
7.745259593174648671e+02,4.585401600000000144e+02
7.758804133333333084e+02,4.585401600000000144e+02
7.746269124118152831e+02,4.585401600000000144e+02
7.747191197131382978e+02,4.585401600000000144e+02
7.747278655061656991e+02,4.585401600000000144e+02
7.749036931113662376e+02,4.585401600000000144e+02
7.748288186005161151e+02,4.585401600000000144e+02
7.749210838209983194e+02,4.585401600000000144e+02
7.749297716948665311e+02,4.585401600000000144e+02
7.752734763678161016e+02,4.585401600000000144e+02
7.750307247892170608e+02,4.585401600000000144e+02
7.751230479288583410e+02,4.585401600000000144e+02
7.751316778835674768e+02,4.585401600000000144e+02
7.753078532032146768e+02,4.585401600000000144e+02
7.752326309779180065e+02,4.585401600000000144e+02
7.753250120367183627e+02,4.585401600000000144e+02
7.753335840722684225e+02,4.585401600000000144e+02
7.760155989861750641e+02,4.585401600000000144e+02
7.754345371666188385e+02,4.585401600000000144e+02
7.755269761445783843e+02,4.585401600000000144e+02
7.755354902609692545e+02,4.585401600000000144e+02
7.757120132950631159e+02,4.585401600000000144e+02
7.756364433553196704e+02,4.585401600000000144e+02
7.757289402524382922e+02,4.585401600000000144e+02
7.757373964496700864e+02,4.585401600000000144e+02
7.760827256551724531e+02,4.585401600000000144e+02
7.758383495440206161e+02,4.585401600000000144e+02
7.759309043602983138e+02,4.585401600000000144e+02
7.759393026383710321e+02,4.585401600000000144e+02
7.761161733869115551e+02,4.585401600000000144e+02
7.760402557327215618e+02,4.585401600000000144e+02
7.761328684681583354e+02,4.585401600000000144e+02
7.761412088270719778e+02,4.585401600000000144e+02
5.611884000000000015e+02,3.041714000000000055e+02
7.762421619214223938e+02,4.585401600000000144e+02
7.763348325760183570e+02,4.585401600000000144e+02
7.763431150157728098e+02,4.585401600000000144e+02
7.765203334787599943e+02,4.585401600000000144e+02
7.764440681101232258e+02,4.585401600000000144e+02
7.765367966838783786e+02,4.585401600000000144e+02
7.765450212044736418e+02,4.585401600000000144e+02
7.768919749425286909e+02,4.585401600000000144e+02
7.766459742988241715e+02,4.585401600000000144e+02
7.767387607917382866e+02,4.585401600000000144e+02
7.767469273931745875e+02,4.585401600000000144e+02
7.769244935706084334e+02,4.585401600000000144e+02
7.768478804875251171e+02,4.585401600000000144e+02
7.769407248995983082e+02,4.585401600000000144e+02
7.769488335818755331e+02,4.585401600000000144e+02
7.776378268202764730e+02,4.585401600000000144e+02
7.770497866762259491e+02,4.585401600000000144e+02
7.771426890074583298e+02,4.585401600000000144e+02
7.771507397705763651e+02,4.585401600000000144e+02
7.773286536624568726e+02,4.585401600000000144e+02
7.772516928649267811e+02,4.585401600000000144e+02
7.773446531153183514e+02,4.585401600000000144e+02
7.773526459592771971e+02,4.585401600000000144e+02
7.777012242298850424e+02,4.585401600000000144e+02
7.774535990536277268e+02,4.585401600000000144e+02
7.775466172231783730e+02,4.585401600000000144e+02
7.775545521479781428e+02,4.585401600000000144e+02
7.777328137543054254e+02,4.585401600000000144e+02
7.776555052423286725e+02,4.585401600000000144e+02
7.777485813310383946e+02,4.585401600000000144e+02
7.777564583366790885e+02,4.585401600000000144e+02
7.791398896296295788e+02,4.585401600000000144e+02
7.778574114310295045e+02,4.585401600000000144e+02
7.779505454388984163e+02,4.585401600000000144e+02
7.779583645253799205e+02,4.585401600000000144e+02
7.781369738461537509e+02,4.585401600000000144e+02
7.780593176197303364e+02,4.585401600000000144e+02
7.781525095467584379e+02,4.585401600000000144e+02
7.781602707140807524e+02,4.585401600000000144e+02
7.785104735172412802e+02,4.585401600000000144e+02
7.782612238084312821e+02,4.585401600000000144e+02
7.783544736546184595e+02,4.585401600000000144e+02
7.783621769027816981e+02,4.585401600000000144e+02
7.785411339380023037e+02,4.585401600000000144e+02
7.784631299971322278e+02,4.585401600000000144e+02
7.785564377624784811e+02,4.585401600000000144e+02
7.785640830914826438e+02,4.585401600000000144e+02
7.792600546543778819e+02,4.585401600000000144e+02
7.786650361858330598e+02,4.585401600000000144e+02
7.787584018703385027e+02,4.585401600000000144e+02
7.787659892801834758e+02,4.585401600000000144e+02
7.789452940298506292e+02,4.585401600000000144e+02
7.788669423745338918e+02,4.585401600000000144e+02
7.789603659781985243e+02,4.585401600000000144e+02
7.789678954688843078e+02,4.585401600000000144e+02
7.793197228045976317e+02,4.585401600000000144e+02
7.790688485632348375e+02,4.585401600000000144e+02
7.791623300860585459e+02,4.585401600000000144e+02
7.791698016575852535e+02,4.585401600000000144e+02
7.793494541216991820e+02,4.585401600000000144e+02
7.792707547519357831e+02,4.585401600000000144e+02
7.793642941939185675e+02,4.585401600000000144e+02
7.793717078462861991e+02,4.585401600000000144e+02
5.924892599999999447e+02,3.347883299999999736e+02
7.794726609406366151e+02,4.585401600000000144e+02
7.795662583017785892e+02,4.585401600000000144e+02
7.795736140349870311e+02,4.585401600000000144e+02
7.797536142135476211e+02,4.585401600000000144e+02
7.796745671293374471e+02,4.585401600000000144e+02
7.797682224096386108e+02,4.585401600000000144e+02
7.797755202236878631e+02,4.585401600000000144e+02
7.801289720919539832e+02,4.585401600000000144e+02
7.798764733180383928e+02,4.585401600000000144e+02
7.799701865174986324e+02,4.585401600000000144e+02
7.799774264123888088e+02,4.585401600000000144e+02
7.801577743053960603e+02,4.585401600000000144e+02
7.800783795067393385e+02,4.585401600000000144e+02
7.801721506253585403e+02,4.585401600000000144e+02
7.801793326010897545e+02,4.585401600000000144e+02
7.808822824884791771e+02,4.585401600000000144e+02
7.802802856954401705e+02,4.585401600000000144e+02
7.803741147332185619e+02,4.585401600000000144e+02
7.803812387897905865e+02,4.585401600000000144e+02
7.805619343972444995e+02,4.585401600000000144e+02
7.804821918841410024e+02,4.585401600000000144e+02
7.805760788410785835e+02,4.585401600000000144e+02
7.805831449784914184e+02,4.585401600000000144e+02
7.809382213793103347e+02,4.585401600000000144e+02
7.806840980728419481e+02,4.585401600000000144e+02
7.807780429489386052e+02,4.585401600000000144e+02
7.807850511671923641e+02,4.585401600000000144e+02
7.809660944890929386e+02,4.585401600000000144e+02
7.808860042615428938e+02,4.585401600000000144e+02
7.809800070567986268e+02,4.585401600000000144e+02
7.809869573558933098e+02,4.585401600000000144e+02
7.823993659259258493e+02,4.585401600000000144e+02
7.810879104502437258e+02,4.585401600000000144e+02
7.811819711646586484e+02,4.585401600000000144e+02
7.811888635445941418e+02,4.585401600000000144e+02
7.813702545809413778e+02,4.585401600000000144e+02
7.812898166389445578e+02,4.585401600000000144e+02
7.813839352725185563e+02,4.585401600000000144e+02
7.813907697332949738e+02,4.585401600000000144e+02
7.817474706666666862e+02,4.585401600000000144e+02
7.814917228276455035e+02,4.585401600000000144e+02
7.815858993803785779e+02,4.585401600000000144e+02
7.815926759219959195e+02,4.585401600000000144e+02
7.817744146727898169e+02,4.585401600000000144e+02
7.816936290163464491e+02,4.585401600000000144e+02
7.817878634882385995e+02,4.585401600000000144e+02
7.817945821106968651e+02,4.585401600000000144e+02
7.825045103225806997e+02,4.585401600000000144e+02
7.818955352050472811e+02,4.585401600000000144e+02
7.819898275960986211e+02,4.585401600000000144e+02
7.819964882993976971e+02,4.585401600000000144e+02
7.821785747646383697e+02,4.585401600000000144e+02
7.820974413937481131e+02,4.585401600000000144e+02
7.821917917039586428e+02,4.585401600000000144e+02
7.821983944880985291e+02,4.585401600000000144e+02
7.825567199540230376e+02,4.585401600000000144e+02
7.822993475824490588e+02,4.585401600000000144e+02
7.823937558118186644e+02,4.585401600000000144e+02
7.824003006767994748e+02,4.585401600000000144e+02
7.825827348564866952e+02,4.585401600000000144e+02
7.825012537711500045e+02,4.585401600000000144e+02
7.825957199196786860e+02,4.585401600000000144e+02
7.826022068655004205e+02,4.585401600000000144e+02
6.310110499999999547e+02,3.692269299999999816e+02
7.827031599598508365e+02,4.585401600000000144e+02
7.827976840275387076e+02,4.585401600000000144e+02
7.828041130542012525e+02,4.585401600000000144e+02
7.829868949483352480e+02,4.585401600000000144e+02
7.829050661485516684e+02,4.585401600000000144e+02
7.829996481353987292e+02,4.585401600000000144e+02
7.830060192429020844e+02,4.585401600000000144e+02
7.833659692413792754e+02,4.585401600000000144e+02
7.831069723372526141e+02,4.585401600000000144e+02
7.832016122432587508e+02,4.585401600000000144e+02
7.832079254316030301e+02,4.585401600000000144e+02
7.833910550401835735e+02,4.585401600000000144e+02
7.833088785259535598e+02,4.585401600000000144e+02
7.834035763511187724e+02,4.585401600000000144e+02
7.834098316203039758e+02,4.585401600000000144e+02
7.841267381566819950e+02,4.585401600000000144e+02
7.835107847146543918e+02,4.585401600000000144e+02
7.836055404589787940e+02,4.585401600000000144e+02
7.836117378090048078e+02,4.585401600000000144e+02
7.837952151320321263e+02,4.585401600000000144e+02
7.837126909033552238e+02,4.585401600000000144e+02
7.838075045668388157e+02,4.585401600000000144e+02
7.838136439977056398e+02,4.585401600000000144e+02
7.841752185287356269e+02,4.585401600000000144e+02
7.839145970920561695e+02,4.585401600000000144e+02
7.840094686746988373e+02,4.585401600000000144e+02
7.840155501864065855e+02,4.585401600000000144e+02
7.841993752238805655e+02,4.585401600000000144e+02
7.841165032807571151e+02,4.585401600000000144e+02
7.842114327825588589e+02,4.585401600000000144e+02
7.842174563751075311e+02,4.585401600000000144e+02
7.856588422222221197e+02,4.585401600000000144e+02
7.843184094694579471e+02,4.585401600000000144e+02
7.844133968904188805e+02,4.585401600000000144e+02
7.844193625638083631e+02,4.585401600000000144e+02
7.846035353157290047e+02,4.585401600000000144e+02
7.845203156581587791e+02,4.585401600000000144e+02
7.846153609982789021e+02,4.585401600000000144e+02
7.846212687525091951e+02,4.585401600000000144e+02
7.849844678160918647e+02,4.585401600000000144e+02
7.847222218468597248e+02,4.585401600000000144e+02
7.848173251061388100e+02,4.585401600000000144e+02
7.848231749412101408e+02,4.585401600000000144e+02
7.850076954075774438e+02,4.585401600000000144e+02
7.849241280355606705e+02,4.585401600000000144e+02
7.850192892139988317e+02,4.585401600000000144e+02
7.850250811299110865e+02,4.585401600000000144e+02
7.857489659907834039e+02,4.585401600000000144e+02
7.851260342242615025e+02,4.585401600000000144e+02
7.852212533218588533e+02,4.585401600000000144e+02
7.852269873186119185e+02,4.585401600000000144e+02
7.854118554994258830e+02,4.585401600000000144e+02
7.853279404129623344e+02,4.585401600000000144e+02
7.854232174297188749e+02,4.585401600000000144e+02
7.854288935073127504e+02,4.585401600000000144e+02
7.857937171034482162e+02,4.585401600000000144e+02
7.855298466016632801e+02,4.585401600000000144e+02
7.856251815375788965e+02,4.585401600000000144e+02
7.856307996960136961e+02,4.585401600000000144e+02
7.858160155912744358e+02,4.585401600000000144e+02
7.857317527903642258e+02,4.585401600000000144e+02
7.858271456454388044e+02,4.585401600000000144e+02
7.858327058847146418e+02,4.585401600000000144e+02
6.712948999999999842e+02,3.961699199999999905e+02
7.859336589790650578e+02,2.459917000000000087e+02
7.860291097532988260e+02,2.459917000000000087e+02
7.860346120734154738e+02,2.459917000000000087e+02
7.862201756831227613e+02,2.459917000000000087e+02
7.861355651677658898e+02,2.459917000000000087e+02
7.862310738611588476e+02,2.459917000000000087e+02
7.862365182621163058e+02,2.459917000000000087e+02
7.866029663908045677e+02,2.459917000000000087e+02
7.863374713564668355e+02,2.459917000000000087e+02
7.864330379690188693e+02,2.459917000000000087e+02
7.864384244508172515e+02,2.459917000000000087e+02
7.866243357749713141e+02,2.459917000000000087e+02
7.865393775451677811e+02,2.459917000000000087e+02
7.866350020768788909e+02,2.459917000000000087e+02
7.866403306395181971e+02,2.459917000000000087e+02
7.873711938248848128e+02,2.459917000000000087e+02
7.867412837338686131e+02,2.459917000000000087e+02
7.868369661847389125e+02,2.459917000000000087e+02
7.868422368282190291e+02,2.459917000000000087e+02
7.870284958668196396e+02,2.459917000000000087e+02
7.869431899225694451e+02,2.459917000000000087e+02
7.870389302925989341e+02,2.459917000000000087e+02
7.870441430169198611e+02,2.459917000000000087e+02
7.874122156781609192e+02,2.459917000000000087e+02
7.871450961112703908e+02,2.459917000000000087e+02
7.872408944004589557e+02,2.459917000000000087e+02
7.872460492056208068e+02,2.459917000000000087e+02
7.874326559586681924e+02,2.459917000000000087e+02
7.873470022999713365e+02,2.459917000000000087e+02
7.874428585083189773e+02,2.459917000000000087e+02
7.874479553943217525e+02,2.459917000000000087e+02
7.889183185185185039e+02,2.459917000000000087e+02
7.875489084886721685e+02,2.459917000000000087e+02
7.876448226161789989e+02,2.459917000000000087e+02
7.876498615830225845e+02,2.459917000000000087e+02
7.878368160505165179e+02,2.459917000000000087e+02
7.877508146773730004e+02,2.459917000000000087e+02
7.878467867240390206e+02,2.459917000000000087e+02
7.878517677717234164e+02,2.459917000000000087e+02
7.882214649655172707e+02,2.459917000000000087e+02
7.879527208660739461e+02,2.459917000000000087e+02
7.880487508318990422e+02,2.459917000000000087e+02
7.880536739604243621e+02,2.459917000000000087e+02
7.882409761423650707e+02,2.459917000000000087e+02
7.881546270547748918e+02,2.459917000000000087e+02
7.882507149397590638e+02,2.459917000000000087e+02
7.882555801491253078e+02,2.459917000000000087e+02
7.889934216589861080e+02,2.459917000000000087e+02
7.883565332434757238e+02,2.459917000000000087e+02
7.884526790476190854e+02,2.459917000000000087e+02
7.884574863378261398e+02,2.459917000000000087e+02
7.886451362342135099e+02,2.459917000000000087e+02
7.885584394321765558e+02,2.459917000000000087e+02
7.886546431554791070e+02,2.459917000000000087e+02
7.886593925265269718e+02,2.459917000000000087e+02
7.890307142528736222e+02,2.459917000000000087e+02
7.887603456208775015e+02,2.459917000000000087e+02
7.888566072633391286e+02,2.459917000000000087e+02
7.888612987152279175e+02,2.459917000000000087e+02
7.890492963260619490e+02,2.459917000000000087e+02
7.889622518095784471e+02,2.459917000000000087e+02
7.890585713711991502e+02,2.459917000000000087e+02
7.890632049039288631e+02,2.459917000000000087e+02
7.120325299999999515e+02,4.195110999999999990e+02
7.891641579982792791e+02,2.459917000000000087e+02
7.892605354790590582e+02,2.459917000000000087e+02
7.892651110926296951e+02,2.459917000000000087e+02
7.894534564179103882e+02,2.459917000000000087e+02
7.893660641869801111e+02,2.459917000000000087e+02
7.894624995869190798e+02,2.459917000000000087e+02
7.894670172813305271e+02,2.459917000000000087e+02
7.898399635402298600e+02,2.459917000000000087e+02
7.895679703756810568e+02,2.459917000000000087e+02
7.896644636947791014e+02,2.459917000000000087e+02
7.896689234700314728e+02,2.459917000000000087e+02
7.898576165097588273e+02,2.459917000000000087e+02
7.897698765643820025e+02,2.459917000000000087e+02
7.898664278026391230e+02,2.459917000000000087e+02
7.898708296587324185e+02,2.459917000000000087e+02
7.906156494930875169e+02,2.459917000000000087e+02
7.899717827530828345e+02,2.459917000000000087e+02
7.900683919104991446e+02,2.459917000000000087e+02
7.900727358474332505e+02,2.459917000000000087e+02
7.902617766016073801e+02,2.459917000000000087e+02
7.901736889417836665e+02,2.459917000000000087e+02
7.902703560183591662e+02,2.459917000000000087e+02
7.902746420361340824e+02,2.459917000000000087e+02
7.906492128275862115e+02,2.459917000000000087e+02
7.903755951304846121e+02,2.459917000000000087e+02
7.904723201262190742e+02,2.459917000000000087e+02
7.904765482248350281e+02,2.459917000000000087e+02
7.906659366934557056e+02,2.459917000000000087e+02
7.905775013191855578e+02,2.459917000000000087e+02
7.906742842340790958e+02,2.459917000000000087e+02
7.906784544135359738e+02,2.459917000000000087e+02
7.921777948148147743e+02,2.459917000000000087e+02
7.907794075078863898e+02,2.459917000000000087e+02
7.908762483419391174e+02,2.459917000000000087e+02
7.908803606022368058e+02,2.459917000000000087e+02
7.910700967853042584e+02,2.459917000000000087e+02
7.909813136965872218e+02,2.459917000000000087e+02
7.910782124497991390e+02,2.459917000000000087e+02
7.910822667909376378e+02,2.459917000000000087e+02
7.914584621149424493e+02,2.459917000000000087e+02
7.911832198852881675e+02,2.459917000000000087e+02
7.912801765576591606e+02,2.459917000000000087e+02
7.912841729796385835e+02,2.459917000000000087e+02
7.914742568771525839e+02,2.459917000000000087e+02
7.913851260739891131e+02,2.459917000000000087e+02
7.914821406655191822e+02,2.459917000000000087e+02
7.914860791683395291e+02,2.459917000000000087e+02
7.922378773271889258e+02,2.459917000000000087e+02
7.915870322626899451e+02,2.459917000000000087e+02
7.916841047733792038e+02,2.459917000000000087e+02
7.916879853570403611e+02,2.459917000000000087e+02
7.918784169690011367e+02,2.459917000000000087e+02
7.917889384513907771e+02,2.459917000000000087e+02
7.918860688812392254e+02,2.459917000000000087e+02
7.918898915457411931e+02,2.459917000000000087e+02
7.922677114022988007e+02,2.459917000000000087e+02
7.919908446400917228e+02,2.459917000000000087e+02
7.920880329890992471e+02,2.459917000000000087e+02
7.920917977344421388e+02,2.459917000000000087e+02
7.922825770608495759e+02,2.459917000000000087e+02
7.921927508287926685e+02,2.459917000000000087e+02
7.922899970969592687e+02,2.459917000000000087e+02
7.922937039231430845e+02,2.459917000000000087e+02
7.459491600000000062e+02,4.393602300000000014e+02
7.923946570174935005e+02,2.459917000000000087e+02
7.924919612048192903e+02,2.459917000000000087e+02
7.924956101118439165e+02,2.459917000000000087e+02
7.926867371526980151e+02,2.459917000000000087e+02
7.925965632061943325e+02,2.459917000000000087e+02
7.926939253126793119e+02,2.459917000000000087e+02
7.926975163005447484e+02,2.459917000000000087e+02
7.930769606896551522e+02,2.459917000000000087e+02
7.927984693948952781e+02,2.459917000000000087e+02
7.928958894205393335e+02,2.459917000000000087e+02
7.928994224892456941e+02,2.459917000000000087e+02
7.930908972445464542e+02,2.459917000000000087e+02
7.930003755835962238e+02,2.459917000000000087e+02
7.930978535283993551e+02,2.459917000000000087e+02
7.931013286779466398e+02,2.459917000000000087e+02
7.938601051612902211e+02,2.459917000000000087e+02
7.932022817722970558e+02,2.459917000000000087e+02
7.932998176362593767e+02,2.459917000000000087e+02
7.933032348666474718e+02,2.459917000000000087e+02
7.934950573363948934e+02,2.459917000000000087e+02
7.934041879609978878e+02,2.459917000000000087e+02
7.935017817441193984e+02,2.459917000000000087e+02
7.935051410553483038e+02,2.459917000000000087e+02
7.938862099770115037e+02,2.459917000000000087e+02
7.936060941496988335e+02,2.459917000000000087e+02
7.937037458519794200e+02,2.459917000000000087e+02
7.937070472440492495e+02,2.459917000000000087e+02
7.938992174282433325e+02,2.459917000000000087e+02
7.938080003383997791e+02,2.459917000000000087e+02
7.939057099598393279e+02,2.459917000000000087e+02
7.939089534327501951e+02,2.459917000000000087e+02
7.954372711111111585e+02,2.459917000000000087e+02
7.940099065271006111e+02,2.459917000000000087e+02
7.941076740676993495e+02,2.459917000000000087e+02
7.941108596214510271e+02,2.459917000000000087e+02
7.943033775200917717e+02,2.459917000000000087e+02
7.942118127158014431e+02,2.459917000000000087e+02
7.943096381755593711e+02,2.459917000000000087e+02
7.943127658101518591e+02,2.459917000000000087e+02
7.946954592643678552e+02,2.459917000000000087e+02
7.944137189045023888e+02,2.459917000000000087e+02
7.945116022834193927e+02,2.459917000000000087e+02
7.945146719988528048e+02,2.459917000000000087e+02
7.947075376119403245e+02,2.459917000000000087e+02
7.946156250932033345e+02,2.459917000000000087e+02
7.947135663912794143e+02,2.459917000000000087e+02
7.947165781875537505e+02,2.459917000000000087e+02
7.954823329953917437e+02,2.459917000000000087e+02
7.948175312819041665e+02,2.459917000000000087e+02
7.949155304991393223e+02,2.459917000000000087e+02
7.949184843762545825e+02,2.459917000000000087e+02
7.951116977037886500e+02,2.459917000000000087e+02
7.950194374706049985e+02,2.459917000000000087e+02
7.951174946069993439e+02,2.459917000000000087e+02
7.951203905649554144e+02,2.459917000000000087e+02
7.955047085517240930e+02,2.459917000000000087e+02
7.952213436593059441e+02,2.459917000000000087e+02
7.953194587148593655e+02,2.459917000000000087e+02
7.953222967536563601e+02,2.459917000000000087e+02
7.955158577956372028e+02,2.459917000000000087e+02
7.954232498480068898e+02,2.459917000000000087e+02
7.955214228227193871e+02,2.459917000000000087e+02
7.955242029423573058e+02,2.459917000000000087e+02
7.759606999999999744e+02,4.585401600000000144e+02
7.956251560367077218e+02,2.459917000000000087e+02
7.957233869305794087e+02,2.459917000000000087e+02
7.957261091310581378e+02,2.459917000000000087e+02
7.959200178874855283e+02,2.459917000000000087e+02
7.958270622254085538e+02,2.459917000000000087e+02
7.959253510384394303e+02,2.459917000000000087e+02
7.959280153197589698e+02,2.459917000000000087e+02
7.963139578390804445e+02,2.459917000000000087e+02
7.960289684141094995e+02,2.459917000000000087e+02
7.961273151462994520e+02,2.459917000000000087e+02
7.961299215084599155e+02,2.459917000000000087e+02
7.963241779793340811e+02,2.459917000000000087e+02
7.962308746028104451e+02,2.459917000000000087e+02
7.963292792541594736e+02,2.459917000000000087e+02
7.963318276971608611e+02,2.459917000000000087e+02
7.971045608294930389e+02,2.459917000000000087e+02
7.964327807915112771e+02,2.459917000000000087e+02
7.965312433620194952e+02,2.459917000000000087e+02
7.965337338858616931e+02,2.459917000000000087e+02
7.967283380711825203e+02,2.459917000000000087e+02
7.966346869802121091e+02,2.459917000000000087e+02
7.967332074698795168e+02,2.459917000000000087e+02
7.967356400745625251e+02,2.459917000000000087e+02
7.971232071264366823e+02,2.459917000000000087e+02
7.968365931689130548e+02,2.459917000000000087e+02
7.969351715777395384e+02,2.459917000000000087e+02
7.969375462632634708e+02,2.459917000000000087e+02
7.971324981630309594e+02,2.459917000000000087e+02
7.970384993576140005e+02,2.459917000000000087e+02
7.971371356855995600e+02,2.459917000000000087e+02
7.971394524519644165e+02,2.459917000000000087e+02
7.986967474074074289e+02,2.459917000000000087e+02
7.972404055463148325e+02,2.459917000000000087e+02
7.973390997934595816e+02,2.459917000000000087e+02
7.973413586406652485e+02,2.459917000000000087e+02
7.975366582548793986e+02,2.459917000000000087e+02
7.974423117350156645e+02,2.459917000000000087e+02
7.975410639013196032e+02,2.459917000000000087e+02
7.975432648293660804e+02,2.459917000000000087e+02
7.979324564137930338e+02,2.459917000000000087e+02
7.976442179237166101e+02,2.459917000000000087e+02
7.977430280091796249e+02,2.459917000000000087e+02
7.977451710180670261e+02,2.459917000000000087e+02
7.979408183467278377e+02,2.459917000000000087e+02
7.978461241124175558e+02,2.459917000000000087e+02
7.979449921170396465e+02,2.459917000000000087e+02
7.979470772067679718e+02,2.459917000000000087e+02
7.987267886635944478e+02,2.459917000000000087e+02
7.980480303011183878e+02,2.459917000000000087e+02
7.981469562248996681e+02,2.459917000000000087e+02
7.981489833954688038e+02,2.459917000000000087e+02
7.983449784385762769e+02,2.459917000000000087e+02
7.982499364898192198e+02,2.459917000000000087e+02
7.983489203327595760e+02,2.459917000000000087e+02
7.983508895841697495e+02,2.459917000000000087e+02
7.987417057011493853e+02,2.459917000000000087e+02
7.984518426785201655e+02,2.459917000000000087e+02
7.985508844406195976e+02,2.459917000000000087e+02
7.985527957728706951e+02,2.459917000000000087e+02
7.987491385304247160e+02,2.459917000000000087e+02
7.986537488672211111e+02,2.459917000000000087e+02
7.987528485484796192e+02,2.459917000000000087e+02
7.987547019615715271e+02,2.459917000000000087e+02
8.044325599999999667e+02,4.824982999999999720e+02
7.988556550559219431e+02,4.824982999999999720e+02
7.989548126563396409e+02,4.824982999999999720e+02
7.989566081502723591e+02,4.824982999999999720e+02
7.991532986222732688e+02,4.824982999999999720e+02
7.990575612446227751e+02,4.824982999999999720e+02
7.991567767641996625e+02,4.824982999999999720e+02
7.991585143389733048e+02,4.824982999999999720e+02
7.995509549885057368e+02,4.824982999999999720e+02
7.992594674333237208e+02,4.824982999999999720e+02
7.993587408720596841e+02,4.824982999999999720e+02
7.993604205276742505e+02,4.824982999999999720e+02
7.995574587141215943e+02,4.824982999999999720e+02
7.994613736220246665e+02,4.824982999999999720e+02
7.995607049799195920e+02,4.824982999999999720e+02
7.995623267163750825e+02,4.824982999999999720e+02
8.003490164976958567e+02,4.824982999999999720e+02
7.996632798107254985e+02,4.824982999999999720e+02
7.997626690877796136e+02,4.824982999999999720e+02
7.997642329050759145e+02,4.824982999999999720e+02
7.999616188059701472e+02,4.824982999999999720e+02
7.998651859994263305e+02,4.824982999999999720e+02
7.999646331956396352e+02,4.824982999999999720e+02
7.999661390937768601e+02,4.824982999999999720e+02
8.003602042758620883e+02,4.824982999999999720e+02
8.000670921881272761e+02,4.824982999999999720e+02
8.001665973034996568e+02,4.824982999999999720e+02
8.001680452824778058e+02,4.824982999999999720e+02
8.003657788978184726e+02,4.824982999999999720e+02
8.002689983768282218e+02,4.824982999999999720e+02
8.003685614113596785e+02,4.824982999999999720e+02
8.003699514711786378e+02,4.824982999999999720e+02
8.019562237037036994e+02,4.824982999999999720e+02
8.004709045655290538e+02,4.824982999999999720e+02
8.005705255192197001e+02,4.824982999999999720e+02
8.005718576598794698e+02,4.824982999999999720e+02
8.007699389896670255e+02,4.824982999999999720e+02
8.006728107542298858e+02,4.824982999999999720e+02
8.007724896270797217e+02,4.824982999999999720e+02
8.007737638485804155e+02,4.824982999999999720e+02
8.011694535632184397e+02,4.824982999999999720e+02
8.008747169429308315e+02,4.824982999999999720e+02
8.009744537349397433e+02,4.824982999999999720e+02
8.009756700372813611e+02,4.824982999999999720e+02
8.011740990815154646e+02,4.824982999999999720e+02
8.010766231316317771e+02,4.824982999999999720e+02
8.011764178427997649e+02,4.824982999999999720e+02
8.011775762259821931e+02,4.824982999999999720e+02
8.019712443317971520e+02,4.824982999999999720e+02
8.012785293203326091e+02,4.824982999999999720e+02
8.013783819506597865e+02,4.824982999999999720e+02
8.013794824146830251e+02,4.824982999999999720e+02
8.015782591733639038e+02,4.824982999999999720e+02
8.014804355090334411e+02,4.824982999999999720e+02
8.015803460585198081e+02,4.824982999999999720e+02
8.015813886033839708e+02,4.824982999999999720e+02
8.019787028505746775e+02,4.824982999999999720e+02
8.016823416977343868e+02,4.824982999999999720e+02
8.017823101663798298e+02,4.824982999999999720e+02
8.017832947920849165e+02,4.824982999999999720e+02
8.019824192652123429e+02,4.824982999999999720e+02
8.018842478864353325e+02,4.824982999999999720e+02
8.019842742742398514e+02,4.824982999999999720e+02
8.019852009807857485e+02,4.824982999999999720e+02
8.052156999999999698e+02,4.832221700000000055e+02
8.020861540751361645e+02,4.824982999999999720e+02
8.021862383820998730e+02,4.824982999999999720e+02
8.021871071694865805e+02,4.824982999999999720e+02
8.023865793570607821e+02,4.824982999999999720e+02
8.022880602638369965e+02,4.824982999999999720e+02
8.023882024899598946e+02,4.824982999999999720e+02
8.023890133581875261e+02,4.824982999999999720e+02
8.027879521379310290e+02,4.824982999999999720e+02
8.024899664525379421e+02,4.824982999999999720e+02
8.025901665978199162e+02,4.824982999999999720e+02
8.025909195468884718e+02,4.824982999999999720e+02
8.027907394489093349e+02,4.824982999999999720e+02
8.026918726412388878e+02,4.824982999999999720e+02
8.027921307056798241e+02,4.824982999999999720e+02
8.027928257355893038e+02,4.824982999999999720e+02
8.035934721658986746e+02,4.824982999999999720e+02
8.028937788299397198e+02,4.824982999999999720e+02
8.029940948135398457e+02,4.824982999999999720e+02
8.029947319242901358e+02,4.824982999999999720e+02
8.031948995407576604e+02,4.824982999999999720e+02
8.030956850186405518e+02,4.824982999999999720e+02
8.031960589213998674e+02,4.824982999999999720e+02
8.031966381129910815e+02,4.824982999999999720e+02
8.035972014252872668e+02,4.824982999999999720e+02
8.032975912073414975e+02,4.824982999999999720e+02
8.033980230292598890e+02,4.824982999999999720e+02
8.033985443016920271e+02,4.824982999999999720e+02
8.035990596326062132e+02,4.824982999999999720e+02
8.034994973960424431e+02,4.824982999999999720e+02
8.035999871371199106e+02,4.824982999999999720e+02
8.036004504903928591e+02,4.824982999999999720e+02
8.052156999999999698e+02,4.832221700000000055e+02
8.037014035847432751e+02,4.824982999999999720e+02
8.038019512449799322e+02,4.824982999999999720e+02
8.038023566790936911e+02,4.824982999999999720e+02
8.040032197244545387e+02,4.824982999999999720e+02
8.039033097734441071e+02,4.824982999999999720e+02
8.040039153528398401e+02,4.824982999999999720e+02
8.040042628677946368e+02,4.824982999999999720e+02
8.044064507126436183e+02,4.824982999999999720e+02
8.041052159621450528e+02,4.824982999999999720e+02
8.042058794606998617e+02,4.824982999999999720e+02
8.042061690564955825e+02,4.824982999999999720e+02
8.044073798163030915e+02,4.824982999999999720e+02
8.043071221508459985e+02,4.824982999999999720e+02
8.044078435685598834e+02,4.824982999999999720e+02
8.044080752451964145e+02,4.824982999999999720e+02
8.052156999999999698e+02,4.832221700000000055e+02
8.045090283395468305e+02,4.824982999999999720e+02
8.046098076764199050e+02,4.824982999999999720e+02
8.046099814338972465e+02,4.824982999999999720e+02
8.048115399081515307e+02,4.824982999999999720e+02
8.047109345282476625e+02,4.824982999999999720e+02
8.048117717842799266e+02,4.824982999999999720e+02
8.048118876225981921e+02,4.824982999999999720e+02
8.052156999999999698e+02,4.832221700000000055e+02
8.049128407169486081e+02,4.832221700000000055e+02
8.050137358921399482e+02,4.832221700000000055e+02
8.050137938112991378e+02,4.832221700000000055e+02
8.052156999999999698e+02,4.832221700000000055e+02
8.051147469056495538e+02,4.832221700000000055e+02
8.052156999999999698e+02,4.832221700000000055e+02
8.052156999999999698e+02,4.832221700000000055e+02
8.052156999999999698e+02,4.832221700000000055e+02
