1.584105800000000102e+02,2.536813999999999965e+02
1.584105800000000102e+02,2.536813999999999965e+02
1.585704813206679944e+02,2.536813999999999965e+02
1.584105800000000102e+02,2.536813999999999965e+02
1.587303826413360071e+02,2.536813999999999965e+02
1.587304316457247921e+02,2.536813999999999965e+02
1.588902839620039913e+02,2.536813999999999965e+02
1.584105800000000102e+02,2.536813999999999965e+02
1.590501852826719755e+02,2.536813999999999965e+02
1.590502832914496025e+02,2.536813999999999965e+02
1.592100866033399882e+02,2.536813999999999965e+02
1.590504793991416363e+02,2.536813999999999965e+02
1.593699879240079724e+02,2.536813999999999965e+02
1.593701349371743845e+02,2.536813999999999965e+02
1.595298892446759851e+02,2.536813999999999965e+02
1.584105800000000102e+02,2.536813999999999965e+02
1.596897905653439693e+02,2.255492000000000132e+02
1.596899865828991949e+02,2.255492000000000132e+02
1.598496918860119536e+02,2.255492000000000132e+02
1.596903787982832625e+02,2.255492000000000132e+02
1.600095932066799662e+02,2.255492000000000132e+02
1.600098382286239769e+02,2.255492000000000132e+02
1.601694945273479505e+02,2.255492000000000132e+02
1.596911639509202416e+02,2.255492000000000132e+02
1.603293958480159347e+02,2.255492000000000132e+02
1.603296898743487588e+02,2.255492000000000132e+02
1.604892971686839473e+02,2.255492000000000132e+02
1.603302781974248887e+02,2.255492000000000132e+02
1.606491984893519316e+02,2.255492000000000132e+02
1.606495415200735692e+02,2.255492000000000132e+02
1.608090998100199158e+02,2.255492000000000132e+02
1.584105800000000102e+02,2.536813999999999965e+02
1.609690011306879285e+02,2.255492000000000132e+02
1.609693931657983512e+02,2.255492000000000132e+02
1.611289024513559127e+02,2.255492000000000132e+02
1.609701775965665433e+02,2.255492000000000132e+02
1.612888037720238970e+02,2.255492000000000132e+02
1.612892448115231616e+02,2.255492000000000132e+02
1.614487050926919096e+02,2.255492000000000132e+02
1.609717479018405015e+02,2.255492000000000132e+02
1.616086064133598938e+02,2.255492000000000132e+02
1.616090964572479436e+02,2.255492000000000132e+02
1.617685077340279065e+02,2.255492000000000132e+02
1.616100769957081695e+02,2.255492000000000132e+02
1.619284090546958907e+02,2.255492000000000132e+02
1.619289481029727256e+02,2.255492000000000132e+02
1.620883103753638750e+02,2.255492000000000132e+02
1.609748942997543111e+02,2.255492000000000132e+02
1.622482116960318876e+02,2.255492000000000132e+02
1.622487997486975360e+02,2.255492000000000132e+02
1.624081130166998719e+02,2.255492000000000132e+02
1.622499763948497957e+02,2.255492000000000132e+02
1.625680143373678561e+02,2.255492000000000132e+02
1.625686513944223179e+02,2.255492000000000132e+02
1.627279156580358688e+02,2.255492000000000132e+02
1.622523318527607330e+02,2.255492000000000132e+02
1.628878169787038530e+02,2.255492000000000132e+02
1.628885030401470999e+02,2.255492000000000132e+02
1.630477182993718372e+02,2.255492000000000132e+02
1.628898757939914219e+02,2.255492000000000132e+02
1.632076196200398499e+02,2.255492000000000132e+02
1.632083546858719103e+02,2.255492000000000132e+02
1.633675209407078341e+02,2.255492000000000132e+02
2.703898300000000177e+02,1.295977800000000002e+02
1.635274222613758468e+02,2.895284399999999891e+02
1.635282063315966923e+02,2.895284399999999891e+02
1.636873235820438310e+02,2.895284399999999891e+02
1.635297751931330481e+02,2.895284399999999891e+02
1.638472249027118153e+02,2.895284399999999891e+02
1.638480579773215027e+02,2.895284399999999891e+02
1.640071262233798279e+02,2.895284399999999891e+02
1.635329158036809929e+02,2.895284399999999891e+02
1.641670275440478122e+02,2.895284399999999891e+02
1.641679096230462847e+02,2.895284399999999891e+02
1.643269288647157964e+02,2.895284399999999891e+02
1.641696745922746743e+02,2.895284399999999891e+02
1.644868301853838091e+02,2.895284399999999891e+02
1.644877612687710666e+02,2.895284399999999891e+02
1.646467315060517933e+02,2.895284399999999891e+02
1.635392085995086120e+02,2.895284399999999891e+02
1.648066328267197775e+02,2.895284399999999891e+02
1.648076129144958770e+02,2.895284399999999891e+02
1.649665341473877902e+02,2.895284399999999891e+02
1.648095739914163289e+02,2.895284399999999891e+02
1.651264354680557744e+02,2.895284399999999891e+02
1.651274645602206590e+02,2.895284399999999891e+02
1.652863367887237587e+02,2.895284399999999891e+02
1.648134997546012244e+02,2.895284399999999891e+02
1.654462381093917713e+02,2.895284399999999891e+02
1.654473162059454694e+02,2.895284399999999891e+02
1.656061394300597556e+02,2.895284399999999891e+02
1.654494733905579551e+02,2.895284399999999891e+02
1.657660407507277682e+02,2.895284399999999891e+02
1.657671678516702514e+02,2.895284399999999891e+02
1.659259420713957525e+02,2.895284399999999891e+02
1.635518406896551937e+02,2.895284399999999891e+02
1.660858433920637367e+02,2.895284399999999891e+02
1.660870194973950333e+02,2.895284399999999891e+02
1.662457447127317494e+02,2.895284399999999891e+02
1.660893727896995813e+02,2.895284399999999891e+02
1.664056460333997336e+02,2.895284399999999891e+02
1.664068711431198437e+02,2.895284399999999891e+02
1.665655473540677178e+02,2.895284399999999891e+02
1.660940837055214843e+02,2.895284399999999891e+02
1.667254486747357305e+02,2.895284399999999891e+02
1.667267227888446257e+02,2.895284399999999891e+02
1.668853499954037147e+02,2.895284399999999891e+02
1.667292721888412075e+02,2.895284399999999891e+02
1.670452513160716990e+02,2.895284399999999891e+02
1.670465744345694361e+02,2.895284399999999891e+02
1.672051526367397116e+02,2.895284399999999891e+02
1.661035228992629129e+02,2.895284399999999891e+02
1.673650539574076959e+02,2.895284399999999891e+02
1.673664260802942181e+02,2.895284399999999891e+02
1.675249552780757085e+02,2.895284399999999891e+02
1.673691715879828337e+02,2.895284399999999891e+02
1.676848565987436928e+02,2.895284399999999891e+02
1.676862777260190001e+02,2.895284399999999891e+02
1.678447579194116770e+02,2.895284399999999891e+02
1.673746676564417157e+02,2.895284399999999891e+02
1.680046592400796897e+02,2.895284399999999891e+02
1.680061293717438105e+02,2.895284399999999891e+02
1.681645605607476739e+02,2.895284399999999891e+02
1.680090709871244599e+02,2.895284399999999891e+02
1.683244618814156581e+02,2.895284399999999891e+02
1.683259810174685924e+02,2.895284399999999891e+02
1.684843632020836708e+02,2.895284399999999891e+02
2.703898300000000177e+02,1.295977800000000002e+02
1.686442645227516550e+02,1.932534200000000055e+02
1.686458326631934028e+02,1.932534200000000055e+02
1.688041658434196393e+02,1.932534200000000055e+02
1.686489703862661145e+02,1.932534200000000055e+02
1.689640671640876519e+02,1.932534200000000055e+02
1.689656843089181848e+02,1.932534200000000055e+02
1.691239684847556362e+02,1.932534200000000055e+02
1.686552516073619756e+02,1.932534200000000055e+02
1.692838698054236488e+02,1.932534200000000055e+02
1.692855359546429668e+02,1.932534200000000055e+02
1.694437711260916331e+02,1.932534200000000055e+02
1.692888697854077407e+02,1.932534200000000055e+02
1.696036724467596173e+02,1.932534200000000055e+02
1.696053876003677772e+02,1.932534200000000055e+02
1.697635737674276299e+02,1.932534200000000055e+02
1.686678371990172138e+02,1.932534200000000055e+02
1.699234750880956142e+02,1.932534200000000055e+02
1.699252392460925591e+02,1.932534200000000055e+02
1.700833764087635984e+02,1.932534200000000055e+02
1.699287691845493669e+02,1.932534200000000055e+02
1.702432777294316111e+02,1.932534200000000055e+02
1.702450908918173695e+02,1.932534200000000055e+02
1.704031790500995953e+02,1.932534200000000055e+02
1.699358355582822071e+02,1.932534200000000055e+02
1.705630803707675796e+02,1.932534200000000055e+02
1.705649425375421515e+02,1.932534200000000055e+02
1.707229816914355922e+02,1.932534200000000055e+02
1.705686685836909930e+02,1.932534200000000055e+02
1.708828830121035764e+02,1.932534200000000055e+02
1.708847941832669335e+02,1.932534200000000055e+02
1.710427843327715607e+02,1.932534200000000055e+02
1.686931013793103489e+02,1.932534200000000055e+02
1.712026856534395733e+02,1.932534200000000055e+02
1.712046458289917439e+02,1.932534200000000055e+02
1.713625869741075576e+02,1.932534200000000055e+02
1.712085679828326192e+02,1.932534200000000055e+02
1.715224882947755702e+02,1.932534200000000055e+02
1.715244974747165259e+02,1.932534200000000055e+02
1.716823896154435545e+02,1.932534200000000055e+02
1.712164195092024670e+02,1.932534200000000055e+02
1.718422909361115387e+02,1.932534200000000055e+02
1.718443491204413363e+02,1.932534200000000055e+02
1.720021922567795514e+02,1.932534200000000055e+02
1.718484673819742454e+02,1.932534200000000055e+02
1.721620935774475356e+02,1.932534200000000055e+02
1.721642007661661182e+02,1.932534200000000055e+02
1.723219948981155198e+02,1.932534200000000055e+02
1.712321514987715148e+02,1.932534200000000055e+02
1.724818962187835325e+02,1.932534200000000055e+02
1.724840524118909002e+02,1.932534200000000055e+02
1.726417975394515167e+02,1.932534200000000055e+02
1.724883667811159000e+02,1.932534200000000055e+02
1.728016988601195010e+02,1.932534200000000055e+02
1.728039040576157106e+02,1.932534200000000055e+02
1.729616001807875136e+02,1.932534200000000055e+02
1.724970034601226985e+02,1.932534200000000055e+02
1.731215015014554979e+02,1.932534200000000055e+02
1.731237557033404926e+02,1.932534200000000055e+02
1.732814028221234821e+02,1.932534200000000055e+02
1.731282661802575262e+02,1.932534200000000055e+02
1.734413041427914948e+02,1.932534200000000055e+02
1.734436073490652745e+02,1.932534200000000055e+02
1.736012054634594790e+02,1.932534200000000055e+02
2.703898300000000177e+02,1.295977800000000002e+02
1.737611067841274917e+02,1.932534200000000055e+02
1.737634589947900849e+02,1.932534200000000055e+02
1.739210081047954759e+02,1.932534200000000055e+02
1.737681655793991524e+02,1.932534200000000055e+02
1.740809094254634601e+02,1.932534200000000055e+02
1.740833106405148669e+02,1.932534200000000055e+02
1.742408107461314728e+02,1.932534200000000055e+02
1.737775874110429584e+02,1.932534200000000055e+02
1.744007120667994570e+02,1.932534200000000055e+02
1.744031622862396773e+02,1.932534200000000055e+02
1.745606133874674413e+02,1.932534200000000055e+02
1.744080649785407786e+02,1.932534200000000055e+02
1.747205147081354539e+02,1.932534200000000055e+02
1.747230139319644593e+02,1.932534200000000055e+02
1.748804160288034382e+02,1.932534200000000055e+02
1.737964657985258157e+02,1.932534200000000055e+02
1.750403173494714224e+02,1.932534200000000055e+02
1.750428655776892413e+02,1.932534200000000055e+02
1.752002186701394351e+02,1.932534200000000055e+02
1.750479643776824048e+02,1.932534200000000055e+02
1.753601199908074193e+02,1.932534200000000055e+02
1.753627172234140517e+02,1.932534200000000055e+02
1.755200213114754320e+02,1.932534200000000055e+02
1.750581713619631898e+02,1.932534200000000055e+02
1.756799226321434162e+02,1.932534200000000055e+02
1.756825688691388336e+02,1.932534200000000055e+02
1.758398239528114004e+02,1.932534200000000055e+02
1.756878637768240310e+02,1.932534200000000055e+02
1.759997252734794131e+02,1.932534200000000055e+02
1.760024205148636440e+02,1.932534200000000055e+02
1.761596265941473973e+02,1.932534200000000055e+02
1.738343620689655324e+02,1.932534200000000055e+02
1.763195279148153816e+02,1.932534200000000055e+02
1.763222721605884260e+02,1.932534200000000055e+02
1.764794292354833942e+02,1.932534200000000055e+02
1.763277631759656856e+02,1.932534200000000055e+02
1.766393305561513785e+02,1.932534200000000055e+02
1.766421238063132080e+02,1.932534200000000055e+02
1.767992318768193627e+02,1.932534200000000055e+02
1.763387553128834497e+02,1.932534200000000055e+02
1.769591331974873754e+02,1.932534200000000055e+02
1.769619754520380184e+02,1.932534200000000055e+02
1.771190345181553596e+02,1.932534200000000055e+02
1.769676625751073118e+02,1.932534200000000055e+02
1.772789358388233723e+02,1.932534200000000055e+02
1.772818270977628003e+02,1.932534200000000055e+02
1.774388371594913565e+02,1.932534200000000055e+02
1.763607800982801166e+02,1.932534200000000055e+02
1.775987384801593407e+02,1.932534200000000055e+02
1.776016787434875823e+02,1.932534200000000055e+02
1.777586398008273534e+02,1.932534200000000055e+02
1.776075619742489380e+02,1.932534200000000055e+02
1.779185411214953376e+02,1.932534200000000055e+02
1.779215303892123927e+02,1.932534200000000055e+02
1.780784424421633219e+02,1.932534200000000055e+02
1.776193392638036812e+02,1.932534200000000055e+02
1.782383437628313345e+02,1.932534200000000055e+02
1.782413820349371747e+02,1.932534200000000055e+02
1.783982450834993188e+02,1.932534200000000055e+02
1.782474613733905642e+02,1.932534200000000055e+02
1.785581464041673030e+02,1.932534200000000055e+02
1.785612336806619851e+02,1.932534200000000055e+02
1.787180477248353156e+02,1.932534200000000055e+02
2.669475699999999847e+02,1.535709200000000010e+02
1.788779490455032999e+02,1.688989300000000071e+02
1.788810853263867671e+02,1.688989300000000071e+02
1.790378503661713125e+02,1.688989300000000071e+02
1.788873607725321904e+02,1.688989300000000071e+02
1.791977516868392968e+02,1.688989300000000071e+02
1.792009369721115490e+02,1.688989300000000071e+02
1.793576530075072810e+02,1.688989300000000071e+02
1.788999232147239411e+02,1.688989300000000071e+02
1.795175543281752937e+02,1.688989300000000071e+02
1.795207886178363594e+02,1.688989300000000071e+02
1.796774556488432779e+02,1.688989300000000071e+02
1.795272601716738166e+02,1.688989300000000071e+02
1.798373569695112622e+02,1.688989300000000071e+02
1.798406402635611414e+02,1.688989300000000071e+02
1.799972582901792748e+02,1.688989300000000071e+02
1.789250943980344175e+02,1.688989300000000071e+02
1.801571596108472590e+02,1.688989300000000071e+02
1.801604919092859518e+02,1.688989300000000071e+02
1.803170609315152433e+02,1.688989300000000071e+02
1.801671595708154712e+02,1.688989300000000071e+02
1.804769622521832559e+02,1.688989300000000071e+02
1.804803435550107338e+02,1.688989300000000071e+02
1.806368635728512402e+02,1.688989300000000071e+02
1.801805071656441726e+02,1.688989300000000071e+02
1.807967648935192528e+02,1.688989300000000071e+02
1.808001952007355158e+02,1.688989300000000071e+02
1.809566662141872371e+02,1.688989300000000071e+02
1.808070589699570974e+02,1.688989300000000071e+02
1.811165675348552213e+02,1.688989300000000071e+02
1.811200468464603262e+02,1.688989300000000071e+02
1.812764688555232055e+02,1.688989300000000071e+02
1.789756227586206876e+02,1.688989300000000071e+02
1.814363701761912182e+02,1.688989300000000071e+02
1.814398984921851081e+02,1.688989300000000071e+02
1.815962714968592024e+02,1.688989300000000071e+02
1.814469583690987236e+02,1.688989300000000071e+02
1.817561728175272151e+02,1.688989300000000071e+02
1.817597501379099185e+02,1.688989300000000071e+02
1.819160741381951993e+02,1.688989300000000071e+02
1.814610911165644325e+02,1.688989300000000071e+02
1.820759754588631836e+02,1.688989300000000071e+02
1.820796017836347005e+02,1.688989300000000071e+02
1.822358767795311962e+02,1.688989300000000071e+02
1.820868577682403497e+02,1.688989300000000071e+02
1.823957781001991805e+02,1.688989300000000071e+02
1.823994534293594825e+02,1.688989300000000071e+02
1.825556794208671647e+02,1.688989300000000071e+02
1.814894086977887184e+02,1.688989300000000071e+02
1.827155807415351774e+02,1.688989300000000071e+02
1.827193050750842929e+02,1.688989300000000071e+02
1.828754820622031616e+02,1.688989300000000071e+02
1.827267571673819759e+02,1.688989300000000071e+02
1.830353833828711458e+02,1.688989300000000071e+02
1.830391567208090748e+02,1.688989300000000071e+02
1.831952847035391585e+02,1.688989300000000071e+02
1.827416750674846639e+02,1.688989300000000071e+02
1.833551860242071427e+02,1.688989300000000071e+02
1.833590083665338852e+02,1.688989300000000071e+02
1.835150873448751554e+02,1.688989300000000071e+02
1.833666565665236021e+02,1.688989300000000071e+02
1.836749886655431396e+02,1.688989300000000071e+02
1.836788600122586672e+02,1.688989300000000071e+02
1.838348899862111239e+02,1.688989300000000071e+02
2.673748199999999997e+02,1.719615499999999884e+02
1.839947913068791365e+02,1.688989300000000071e+02
1.839987116579834492e+02,1.688989300000000071e+02
1.841546926275471208e+02,1.688989300000000071e+02
1.840065559656652567e+02,1.688989300000000071e+02
1.843145939482151050e+02,1.688989300000000071e+02
1.843185633037082596e+02,1.688989300000000071e+02
1.844744952688831177e+02,1.688989300000000071e+02
1.840222590184049238e+02,1.688989300000000071e+02
1.846343965895511019e+02,1.688989300000000071e+02
1.846384149494330416e+02,1.688989300000000071e+02
1.847942979102190861e+02,1.688989300000000071e+02
1.846464553648068829e+02,1.688989300000000071e+02
1.849541992308870988e+02,1.688989300000000071e+02
1.849582665951578520e+02,1.688989300000000071e+02
1.851141005515550830e+02,1.688989300000000071e+02
1.840537229975429909e+02,1.688989300000000071e+02
1.852740018722230957e+02,1.688989300000000071e+02
1.852781182408826339e+02,1.688989300000000071e+02
1.854339031928910799e+02,1.688989300000000071e+02
1.852863547639485091e+02,1.688989300000000071e+02
1.855938045135590642e+02,1.688989300000000071e+02
1.855979698866074159e+02,1.688989300000000071e+02
1.857537058342270768e+02,1.688989300000000071e+02
1.853028429693251553e+02,1.688989300000000071e+02
1.859136071548950611e+02,1.688989300000000071e+02
1.859178215323322263e+02,1.688989300000000071e+02
1.860735084755630453e+02,1.688989300000000071e+02
1.859262541630901353e+02,1.688989300000000071e+02
1.862334097962310580e+02,1.688989300000000071e+02
1.862376731780570083e+02,1.688989300000000071e+02
1.863933111168990422e+02,1.688989300000000071e+02
1.841168834482758712e+02,1.688989300000000071e+02
1.865532124375670264e+02,1.688989300000000071e+02
1.865575248237818187e+02,1.688989300000000071e+02
1.867131137582350391e+02,1.688989300000000071e+02
1.865661535622317615e+02,1.688989300000000071e+02
1.868730150789030233e+02,1.688989300000000071e+02
1.868773764695066006e+02,1.688989300000000071e+02
1.870329163995710360e+02,1.688989300000000071e+02
1.865834269202454152e+02,1.688989300000000071e+02
1.871928177202390202e+02,1.688989300000000071e+02
1.871972281152313826e+02,1.688989300000000071e+02
1.873527190409070045e+02,1.688989300000000071e+02
1.872060529613733877e+02,1.688989300000000071e+02
1.875126203615750171e+02,1.688989300000000071e+02
1.875170797609561930e+02,1.688989300000000071e+02
1.876725216822430014e+02,1.688989300000000071e+02
1.866180372972972918e+02,1.688989300000000071e+02
1.878324230029109856e+02,1.688989300000000071e+02
1.878369314066809750e+02,1.688989300000000071e+02
1.879923243235789982e+02,1.688989300000000071e+02
1.878459523605150139e+02,1.688989300000000071e+02
1.881522256442469825e+02,1.688989300000000071e+02
1.881567830524057854e+02,1.688989300000000071e+02
1.883121269649149667e+02,1.688989300000000071e+02
1.878640108711656467e+02,1.688989300000000071e+02
1.884720282855829794e+02,1.688989300000000071e+02
1.884766346981305674e+02,1.688989300000000071e+02
1.886319296062509636e+02,1.688989300000000071e+02
1.884858517596566685e+02,1.688989300000000071e+02
1.887918309269189763e+02,1.688989300000000071e+02
1.887964863438553493e+02,1.688989300000000071e+02
1.889517322475869605e+02,1.688989300000000071e+02
2.720126300000000015e+02,1.940449199999999905e+02
1.891116335682549447e+02,1.688989300000000071e+02
1.891163379895801597e+02,1.688989300000000071e+02
1.892715348889229290e+02,1.688989300000000071e+02
1.891257511587982947e+02,1.688989300000000071e+02
1.894314362095909416e+02,1.688989300000000071e+02
1.894361896353049417e+02,1.688989300000000071e+02
1.895913375302589259e+02,1.688989300000000071e+02
1.891445948220859066e+02,1.688989300000000071e+02
1.897512388509269385e+02,1.688989300000000071e+02
1.897560412810297521e+02,1.688989300000000071e+02
1.899111401715949228e+02,1.688989300000000071e+02
1.897656505579399209e+02,1.688989300000000071e+02
1.900710414922629070e+02,1.688989300000000071e+02
1.900758929267545341e+02,1.688989300000000071e+02
1.902309428129309197e+02,1.688989300000000071e+02
1.891823515970515928e+02,1.688989300000000071e+02
1.903908441335989039e+02,1.688989300000000071e+02
1.903957445724793160e+02,1.688989300000000071e+02
1.905507454542669166e+02,1.688989300000000071e+02
1.904055499570815471e+02,1.688989300000000071e+02
1.907106467749349008e+02,1.688989300000000071e+02
1.907155962182041264e+02,1.688989300000000071e+02
1.908705480956028850e+02,1.688989300000000071e+02
1.904251787730061380e+02,1.688989300000000071e+02
1.910304494162708693e+02,1.688989300000000071e+02
1.910354478639289084e+02,1.688989300000000071e+02
1.911903507369388819e+02,1.688989300000000071e+02
1.910454493562231733e+02,1.688989300000000071e+02
1.913502520576068662e+02,1.688989300000000071e+02
1.913552995096537188e+02,1.688989300000000071e+02
1.915101533782748788e+02,1.688989300000000071e+02
1.892581441379310263e+02,1.688989300000000071e+02
1.916700546989428631e+02,1.688989300000000071e+02
1.916751511553785008e+02,1.688989300000000071e+02
1.918299560196108473e+02,1.688989300000000071e+02
1.916853487553648279e+02,1.688989300000000071e+02
1.919898573402788600e+02,1.688989300000000071e+02
1.919950028011032828e+02,1.688989300000000071e+02
1.921497586609468442e+02,1.688989300000000071e+02
1.917057627239263979e+02,1.688989300000000071e+02
1.923096599816148569e+02,1.688989300000000071e+02
1.923148544468280647e+02,1.688989300000000071e+02
1.924695613022828411e+02,1.688989300000000071e+02
1.923252481545064541e+02,1.688989300000000071e+02
1.926294626229508253e+02,1.688989300000000071e+02
1.926347060925528751e+02,1.688989300000000071e+02
1.927893639436188096e+02,1.688989300000000071e+02
1.917466658968058937e+02,1.688989300000000071e+02
1.929492652642868222e+02,1.688989300000000071e+02
1.929545577382776855e+02,1.688989300000000071e+02
1.931091665849548065e+02,1.688989300000000071e+02
1.929651475536480802e+02,1.688989300000000071e+02
1.932690679056228191e+02,1.688989300000000071e+02
1.932744093840024675e+02,1.688989300000000071e+02
1.934289692262908034e+02,1.688989300000000071e+02
1.929863466748466294e+02,1.688989300000000071e+02
1.935888705469587876e+02,1.688989300000000071e+02
1.935942610297272495e+02,1.688989300000000071e+02
1.937487718676268003e+02,1.688989300000000071e+02
1.936050469527897064e+02,1.688989300000000071e+02
1.939086731882947845e+02,1.688989300000000071e+02
1.939141126754520315e+02,1.688989300000000071e+02
1.940685745089627687e+02,1.688989300000000071e+02
2.787991000000000099e+02,2.169329799999999864e+02
1.942284758296307814e+02,1.688989300000000071e+02
1.942339643211768418e+02,1.688989300000000071e+02
1.943883771502987656e+02,1.688989300000000071e+02
1.942449463519313326e+02,1.688989300000000071e+02
1.945482784709667499e+02,1.688989300000000071e+02
1.945538159669016238e+02,1.688989300000000071e+02
1.947081797916347625e+02,1.688989300000000071e+02
1.942669306257668609e+02,1.688989300000000071e+02
1.948680811123027468e+02,1.688989300000000071e+02
1.948736676126264342e+02,1.688989300000000071e+02
1.950279824329707594e+02,1.688989300000000071e+02
1.948848457510729588e+02,1.688989300000000071e+02
1.951878837536387437e+02,1.688989300000000071e+02
1.951935192583512162e+02,1.688989300000000071e+02
1.953477850743067279e+02,1.688989300000000071e+02
1.943109801965601946e+02,1.688989300000000071e+02
1.955076863949747121e+02,1.688989300000000071e+02
1.955133709040759982e+02,1.688989300000000071e+02
1.956675877156427248e+02,1.688989300000000071e+02
1.955247451502145850e+02,1.688989300000000071e+02
1.958274890363107090e+02,1.688989300000000071e+02
1.958332225498008086e+02,1.688989300000000071e+02
1.959873903569787217e+02,1.688989300000000071e+02
1.955475145766871208e+02,1.688989300000000071e+02
1.961472916776467059e+02,1.688989300000000071e+02
1.961530741955255905e+02,1.688989300000000071e+02
1.963071929983146902e+02,1.688989300000000071e+02
1.961646445493562396e+02,1.688989300000000071e+02
1.964670943189827028e+02,1.688989300000000071e+02
1.964729258412504009e+02,1.688989300000000071e+02
1.966269956396506871e+02,1.688989300000000071e+02
1.943994048275862099e+02,1.688989300000000071e+02
1.967868969603186997e+02,1.688989300000000071e+02
1.967927774869751829e+02,1.688989300000000071e+02
1.969467982809866839e+02,1.688989300000000071e+02
1.968045439484978658e+02,1.688989300000000071e+02
1.971066996016546682e+02,1.688989300000000071e+02
1.971126291326999649e+02,1.688989300000000071e+02
1.972666009223226524e+02,1.688989300000000071e+02
1.968280985276073807e+02,1.688989300000000071e+02
1.974265022429906651e+02,1.688989300000000071e+02
1.974324807784247753e+02,1.688989300000000071e+02
1.975864035636586493e+02,1.688989300000000071e+02
1.974444433476394920e+02,1.688989300000000071e+02
1.977463048843266620e+02,1.688989300000000071e+02
1.977523324241495573e+02,1.688989300000000071e+02
1.979062062049946462e+02,1.688989300000000071e+02
1.968752944963144955e+02,1.688989300000000071e+02
1.980661075256626305e+02,1.688989300000000071e+02
1.980721840698743677e+02,1.688989300000000071e+02
1.982260088463306431e+02,1.688989300000000071e+02
1.980843427467811182e+02,1.688989300000000071e+02
1.983859101669986273e+02,1.688989300000000071e+02
1.983920357155991496e+02,1.688989300000000071e+02
1.985458114876666400e+02,1.688989300000000071e+02
1.981086824785276121e+02,1.688989300000000071e+02
1.987057128083346242e+02,1.688989300000000071e+02
1.987118873613239316e+02,1.688989300000000071e+02
1.988656141290026085e+02,1.688989300000000071e+02
1.987242421459227444e+02,1.688989300000000071e+02
1.990255154496705927e+02,1.688989300000000071e+02
1.990317390070487420e+02,1.688989300000000071e+02
1.991854167703386054e+02,1.688989300000000071e+02
2.854654199999999946e+02,2.402302200000000028e+02
1.993453180910065896e+02,1.688989300000000071e+02
1.993515906527735240e+02,1.688989300000000071e+02
1.995052194116746023e+02,1.688989300000000071e+02
1.993641415450643990e+02,1.688989300000000071e+02
1.996651207323425865e+02,1.688989300000000071e+02
1.996714422984983344e+02,1.688989300000000071e+02
1.998250220530105707e+02,1.688989300000000071e+02
1.993892664294478436e+02,1.688989300000000071e+02
1.999849233736785834e+02,1.688989300000000071e+02
1.999912939442231163e+02,1.688989300000000071e+02
2.001448246943465676e+02,1.688989300000000071e+02
2.000040409442060252e+02,1.688989300000000071e+02
2.003047260150145803e+02,1.688989300000000071e+02
2.003111455899478983e+02,1.688989300000000071e+02
2.004646273356825645e+02,1.688989300000000071e+02
1.994396087960687964e+02,1.688989300000000071e+02
2.006245286563505488e+02,1.688989300000000071e+02
2.006309972356727087e+02,1.688989300000000071e+02
2.007844299770185330e+02,1.688989300000000071e+02
2.006439403433476514e+02,1.688989300000000071e+02
2.009443312976865457e+02,1.688989300000000071e+02
2.009508488813974907e+02,1.688989300000000071e+02
2.011042326183545299e+02,1.688989300000000071e+02
2.006698503803681035e+02,1.688989300000000071e+02
2.012641339390225426e+02,1.688989300000000071e+02
2.012707005271223011e+02,1.688989300000000071e+02
2.014240352596905268e+02,1.688989300000000071e+02
2.012838397424892776e+02,1.688989300000000071e+02
2.015839365803585110e+02,1.688989300000000071e+02
2.015905521728470831e+02,1.688989300000000071e+02
2.017438379010265237e+02,1.688989300000000071e+02
1.995406655172413934e+02,1.688989300000000071e+02
2.019037392216945079e+02,1.688989300000000071e+02
2.019104038185718650e+02,1.688989300000000071e+02
2.020636405423625206e+02,1.688989300000000071e+02
2.019237391416309038e+02,1.688989300000000071e+02
2.022235418630305048e+02,1.688989300000000071e+02
2.022302554642966754e+02,1.688989300000000071e+02
2.023834431836984891e+02,1.688989300000000071e+02
2.019504343312883634e+02,1.688989300000000071e+02
2.025433445043664733e+02,1.688989300000000071e+02
2.025501071100214574e+02,1.688989300000000071e+02
2.027032458250344860e+02,1.688989300000000071e+02
2.025636385407725300e+02,1.688989300000000071e+02
2.028631471457024702e+02,1.688989300000000071e+02
2.028699587557462678e+02,1.688989300000000071e+02
2.030230484663704829e+02,1.688989300000000071e+02
2.020039230958230974e+02,1.688989300000000071e+02
2.031829497870384671e+02,1.688989300000000071e+02
2.031898104014710498e+02,1.688989300000000071e+02
2.033428511077064513e+02,1.688989300000000071e+02
2.032035379399141561e+02,1.688989300000000071e+02
2.035027524283744356e+02,1.688989300000000071e+02
2.035096620471958317e+02,1.688989300000000071e+02
2.036626537490424482e+02,1.688989300000000071e+02
2.032310182822085949e+02,1.688989300000000071e+02
2.038225550697104325e+02,1.688989300000000071e+02
2.038295136929206421e+02,1.688989300000000071e+02
2.039824563903784451e+02,1.688989300000000071e+02
2.038434373390558108e+02,1.688989300000000071e+02
2.041423577110464294e+02,1.688989300000000071e+02
2.041493653386454241e+02,1.688989300000000071e+02
2.043022590317144136e+02,1.688989300000000071e+02
2.939921299999999746e+02,2.663250699999999824e+02
2.044621603523824263e+02,1.430435799999999915e+02
2.044692169843702345e+02,1.430435799999999915e+02
2.046220616730504105e+02,1.430435799999999915e+02
2.044833367381974369e+02,1.430435799999999915e+02
2.047819629937184231e+02,1.430435799999999915e+02
2.047890686300950165e+02,1.430435799999999915e+02
2.049418643143864074e+02,1.430435799999999915e+02
2.045116022331288264e+02,1.430435799999999915e+02
2.051017656350543916e+02,1.430435799999999915e+02
2.051089202758197985e+02,1.430435799999999915e+02
2.052616669557223759e+02,1.430435799999999915e+02
2.051232361373390631e+02,1.430435799999999915e+02
2.054215682763903885e+02,1.430435799999999915e+02
2.054287719215446089e+02,1.430435799999999915e+02
2.055814695970583728e+02,1.430435799999999915e+02
2.045682373955773983e+02,1.430435799999999915e+02
2.057413709177263854e+02,1.430435799999999915e+02
2.057486235672693908e+02,1.430435799999999915e+02
2.059012722383943697e+02,1.430435799999999915e+02
2.057631355364806893e+02,1.430435799999999915e+02
2.060611735590623539e+02,1.430435799999999915e+02
2.060684752129942012e+02,1.430435799999999915e+02
2.062210748797303665e+02,1.430435799999999915e+02
2.057921861840490863e+02,1.430435799999999915e+02
2.063809762003983508e+02,1.430435799999999915e+02
2.063883268587189832e+02,1.430435799999999915e+02
2.065408775210663634e+02,1.430435799999999915e+02
2.064030349356223155e+02,1.430435799999999915e+02
2.067007788417343477e+02,1.430435799999999915e+02
2.067081785044437652e+02,1.430435799999999915e+02
2.068606801624023319e+02,1.430435799999999915e+02
2.046819262068965486e+02,1.430435799999999915e+02
2.070205814830703162e+02,1.430435799999999915e+02
2.070280301501685756e+02,1.430435799999999915e+02
2.071804828037383288e+02,1.430435799999999915e+02
2.070429343347639701e+02,1.430435799999999915e+02
2.073403841244063130e+02,1.430435799999999915e+02
2.073478817958933575e+02,1.430435799999999915e+02
2.075002854450743257e+02,1.430435799999999915e+02
2.070727701349693461e+02,1.430435799999999915e+02
2.076601867657423099e+02,1.430435799999999915e+02
2.076677334416181679e+02,1.430435799999999915e+02
2.078200880864102942e+02,1.430435799999999915e+02
2.076828337339055963e+02,1.430435799999999915e+02
2.079799894070783068e+02,1.430435799999999915e+02
2.079875850873429499e+02,1.430435799999999915e+02
2.081398907277462911e+02,1.430435799999999915e+02
2.071325516953316992e+02,1.430435799999999915e+02
2.082997920484143037e+02,1.430435799999999915e+02
2.083074367330677319e+02,1.430435799999999915e+02
2.084596933690822880e+02,1.430435799999999915e+02
2.083227331330472225e+02,1.430435799999999915e+02
2.086195946897502722e+02,1.430435799999999915e+02
2.086272883787925423e+02,1.430435799999999915e+02
2.087794960104182564e+02,1.430435799999999915e+02
2.083533540858895776e+02,1.430435799999999915e+02
2.089393973310862691e+02,1.430435799999999915e+02
2.089471400245173243e+02,1.430435799999999915e+02
2.090992986517542533e+02,1.430435799999999915e+02
2.089626325321888487e+02,1.430435799999999915e+02
2.092591999724222660e+02,1.430435799999999915e+02
2.092669916702421347e+02,1.430435799999999915e+02
2.094191012930902502e+02,1.430435799999999915e+02
3.011629599999999982e+02,2.926374500000000012e+02
2.095790026137582345e+02,1.430435799999999915e+02
2.095868433159669166e+02,1.430435799999999915e+02
2.097389039344262471e+02,1.430435799999999915e+02
2.096025319313304749e+02,1.430435799999999915e+02
2.098988052550942314e+02,1.430435799999999915e+02
2.099066949616916986e+02,1.430435799999999915e+02
2.100587065757622440e+02,1.430435799999999915e+02
2.096339380368098091e+02,1.430435799999999915e+02
2.102186078964302283e+02,1.430435799999999915e+02
2.102265466074164806e+02,1.430435799999999915e+02
2.103785092170982125e+02,1.430435799999999915e+02
2.102424313304721011e+02,1.430435799999999915e+02
2.105384105377661967e+02,1.430435799999999915e+02
2.105463982531412910e+02,1.430435799999999915e+02
2.106983118584342094e+02,1.430435799999999915e+02
2.096968659950860001e+02,1.430435799999999915e+02
2.108582131791021936e+02,1.430435799999999915e+02
2.108662498988661014e+02,1.430435799999999915e+02
2.110181144997702063e+02,1.430435799999999915e+02
2.108823307296137273e+02,1.430435799999999915e+02
2.111780158204381905e+02,1.430435799999999915e+02
2.111861015445908833e+02,1.430435799999999915e+02
2.113379171411061748e+02,1.430435799999999915e+02
2.109145219877300690e+02,1.430435799999999915e+02
2.114978184617741874e+02,1.430435799999999915e+02
2.115059531903156653e+02,1.430435799999999915e+02
2.116577197824421717e+02,1.430435799999999915e+02
2.115222301287553819e+02,1.430435799999999915e+02
2.118176211031101559e+02,1.430435799999999915e+02
2.118258048360404473e+02,1.430435799999999915e+02
2.119775224237781686e+02,1.430435799999999915e+02
2.098231868965517322e+02,1.430435799999999915e+02
2.121374237444461528e+02,1.430435799999999915e+02
2.121456564817652577e+02,1.430435799999999915e+02
2.122973250651141370e+02,1.430435799999999915e+02
2.121621295278970081e+02,1.430435799999999915e+02
2.124572263857821497e+02,1.430435799999999915e+02
2.124655081274900397e+02,1.430435799999999915e+02
2.126171277064501339e+02,1.430435799999999915e+02
2.121951059386503005e+02,1.430435799999999915e+02
2.127770290271181466e+02,1.430435799999999915e+02
2.127853597732148501e+02,1.430435799999999915e+02
2.129369303477861308e+02,1.430435799999999915e+02
2.128020289270386343e+02,1.430435799999999915e+02
2.130968316684541151e+02,1.430435799999999915e+02
2.131052114189396320e+02,1.430435799999999915e+02
2.132567329891220993e+02,1.430435799999999915e+02
2.122611802948403010e+02,1.430435799999999915e+02
2.134166343097901120e+02,1.430435799999999915e+02
2.134250630646644140e+02,1.430435799999999915e+02
2.135765356304580962e+02,1.430435799999999915e+02
2.134419283261802605e+02,1.430435799999999915e+02
2.137364369511261089e+02,1.430435799999999915e+02
2.137449147103892244e+02,1.430435799999999915e+02
2.138963382717940931e+02,1.430435799999999915e+02
2.134756898895705604e+02,1.430435799999999915e+02
2.140562395924620773e+02,1.430435799999999915e+02
2.140647663561140064e+02,1.430435799999999915e+02
2.142161409131300900e+02,1.430435799999999915e+02
2.140818277253218866e+02,1.430435799999999915e+02
2.143760422337980742e+02,1.430435799999999915e+02
2.143846180018388168e+02,1.430435799999999915e+02
2.145359435544660869e+02,1.430435799999999915e+02
3.054064599999999814e+02,3.229177199999999743e+02
2.146958448751340711e+02,1.430435799999999915e+02
2.147044696475635988e+02,1.430435799999999915e+02
2.148557461958020554e+02,1.430435799999999915e+02
2.147217271244635413e+02,1.430435799999999915e+02
2.150156475164700396e+02,1.430435799999999915e+02
2.150243212932883807e+02,1.430435799999999915e+02
2.151755488371380522e+02,1.430435799999999915e+02
2.147562738404907918e+02,1.430435799999999915e+02
2.153354501578060365e+02,1.430435799999999915e+02
2.153441729390131911e+02,1.430435799999999915e+02
2.154953514784740491e+02,1.430435799999999915e+02
2.153616265236051390e+02,1.430435799999999915e+02
2.156552527991420334e+02,1.430435799999999915e+02
2.156640245847379731e+02,1.430435799999999915e+02
2.158151541198100176e+02,1.430435799999999915e+02
2.148254945945946019e+02,1.430435799999999915e+02
2.159750554404780303e+02,1.430435799999999915e+02
2.159838762304627835e+02,1.430435799999999915e+02
2.161349567611460145e+02,1.430435799999999915e+02
2.160015259227467936e+02,1.430435799999999915e+02
2.162948580818140272e+02,1.430435799999999915e+02
2.163037278761875655e+02,1.430435799999999915e+02
2.164547594024820114e+02,1.430435799999999915e+02
2.160368577914110517e+02,1.430435799999999915e+02
2.166146607231499956e+02,1.430435799999999915e+02
2.166235795219123474e+02,1.430435799999999915e+02
2.167745620438179799e+02,1.430435799999999915e+02
2.166414253218884198e+02,1.430435799999999915e+02
2.169344633644859925e+02,1.430435799999999915e+02
2.169434311676371578e+02,1.430435799999999915e+02
2.170943646851539768e+02,1.430435799999999915e+02
2.149644475862069157e+02,1.430435799999999915e+02
2.172542660058219894e+02,1.430435799999999915e+02
2.172632828133619398e+02,1.430435799999999915e+02
2.174141673264899737e+02,1.430435799999999915e+02
2.172813247210300460e+02,1.430435799999999915e+02
2.175740686471579579e+02,1.430435799999999915e+02
2.175831344590867502e+02,1.430435799999999915e+02
2.177339699678259706e+02,1.430435799999999915e+02
2.173174417423312832e+02,1.430435799999999915e+02
2.178938712884939548e+02,1.430435799999999915e+02
2.179029861048115322e+02,1.430435799999999915e+02
2.180537726091619675e+02,1.430435799999999915e+02
2.179212241201716722e+02,1.430435799999999915e+02
2.182136739298299517e+02,1.430435799999999915e+02
2.182228377505363142e+02,1.430435799999999915e+02
2.183735752504979359e+02,1.430435799999999915e+02
2.173898088943489029e+02,1.430435799999999915e+02
2.185334765711659202e+02,1.430435799999999915e+02
2.185426893962611246e+02,1.430435799999999915e+02
2.186933778918339328e+02,1.430435799999999915e+02
2.185611235193132984e+02,1.430435799999999915e+02
2.188532792125019171e+02,1.430435799999999915e+02
2.188625410419859065e+02,1.430435799999999915e+02
2.190131805331699297e+02,1.430435799999999915e+02
2.185980256932515431e+02,1.430435799999999915e+02
2.191730818538379140e+02,1.430435799999999915e+02
2.191823926877107169e+02,1.430435799999999915e+02
2.193329831745058982e+02,1.430435799999999915e+02
2.192010229184549530e+02,1.430435799999999915e+02
2.194928844951739109e+02,1.430435799999999915e+02
2.195022443334354989e+02,1.430435799999999915e+02
2.196527858158418951e+02,1.430435799999999915e+02
3.110847800000000234e+02,3.514859599999999773e+02
2.198126871365099078e+02,1.430435799999999915e+02
2.198220959791602809e+02,1.430435799999999915e+02
2.199725884571778920e+02,1.430435799999999915e+02
2.198409223175965792e+02,1.430435799999999915e+02
2.201324897778458762e+02,1.430435799999999915e+02
2.201419476248850913e+02,1.430435799999999915e+02
2.202923910985138605e+02,1.430435799999999915e+02
2.198786096441717746e+02,1.430435799999999915e+02
2.204522924191818731e+02,1.430435799999999915e+02
2.204617992706098732e+02,1.430435799999999915e+02
2.206121937398498574e+02,1.430435799999999915e+02
2.204808217167382054e+02,1.430435799999999915e+02
2.207720950605178700e+02,1.430435799999999915e+02
2.207816509163346836e+02,1.430435799999999915e+02
2.209319963811858543e+02,1.430435799999999915e+02
2.199541231941032038e+02,1.430435799999999915e+02
2.210918977018538385e+02,1.430435799999999915e+02
2.211015025620594656e+02,1.430435799999999915e+02
2.212517990225218227e+02,1.430435799999999915e+02
2.211207211158798316e+02,1.430435799999999915e+02
2.214117003431898354e+02,1.430435799999999915e+02
2.214213542077842476e+02,1.430435799999999915e+02
2.215716016638578196e+02,1.430435799999999915e+02
2.211591935950920345e+02,1.430435799999999915e+02
2.217315029845258323e+02,1.430435799999999915e+02
2.217412058535090580e+02,1.430435799999999915e+02
2.218914043051938165e+02,1.430435799999999915e+02
2.217606205150214578e+02,1.430435799999999915e+02
2.220513056258618008e+02,1.430435799999999915e+02
2.220610574992338400e+02,1.430435799999999915e+02
2.222112069465298134e+02,1.430435799999999915e+02
2.201057082758620709e+02,1.430435799999999915e+02
2.223711082671977977e+02,1.430435799999999915e+02
2.223809091449586504e+02,1.430435799999999915e+02
2.225310095878658103e+02,1.430435799999999915e+02
2.224005199141631124e+02,1.430435799999999915e+02
2.226909109085337946e+02,1.430435799999999915e+02
2.227007607906834323e+02,1.430435799999999915e+02
2.228508122292017788e+02,1.430435799999999915e+02
2.224397775460122659e+02,1.430435799999999915e+02
2.230107135498697630e+02,1.430435799999999915e+02
2.230206124364082143e+02,1.430435799999999915e+02
2.231706148705377757e+02,1.430435799999999915e+02
2.230404193133047102e+02,1.430435799999999915e+02
2.233305161912057883e+02,1.430435799999999915e+02
2.233404640821329963e+02,1.430435799999999915e+02
2.234904175118737726e+02,1.430435799999999915e+02
2.225184374938575047e+02,1.430435799999999915e+02
2.236503188325417568e+02,1.430435799999999915e+02
2.236603157278578067e+02,1.430435799999999915e+02
2.238102201532097411e+02,1.430435799999999915e+02
2.236803187124463648e+02,1.430435799999999915e+02
2.239701214738777253e+02,1.430435799999999915e+02
2.239801673735826171e+02,1.430435799999999915e+02
2.241300227945457380e+02,1.430435799999999915e+02
2.237203614969325258e+02,1.430435799999999915e+02
2.242899241152137506e+02,1.430435799999999915e+02
2.243000190193073990e+02,1.430435799999999915e+02
2.244498254358817348e+02,1.430435799999999915e+02
2.243202181115879910e+02,1.430435799999999915e+02
2.246097267565497191e+02,1.430435799999999915e+02
2.246198706650321810e+02,1.430435799999999915e+02
2.247696280772177033e+02,1.430435799999999915e+02
3.152158999999999764e+02,3.781347700000000032e+02
2.249295293978857160e+02,4.556784700000000043e+02
2.249397223107569630e+02,4.556784700000000043e+02
2.250894307185537286e+02,4.556784700000000043e+02
2.249601175107296172e+02,4.556784700000000043e+02
2.252493320392217129e+02,4.556784700000000043e+02
2.252595739564817734e+02,4.556784700000000043e+02
2.254092333598896971e+02,4.556784700000000043e+02
2.250009454478527573e+02,4.556784700000000043e+02
2.255691346805576813e+02,4.556784700000000043e+02
2.255794256022065838e+02,4.556784700000000043e+02
2.257290360012256656e+02,4.556784700000000043e+02
2.256000169098712433e+02,4.556784700000000043e+02
2.258889373218936782e+02,4.556784700000000043e+02
2.258992772479313658e+02,4.556784700000000043e+02
2.260488386425616909e+02,4.556784700000000043e+02
2.250827517936118056e+02,4.556784700000000043e+02
2.262087399632296751e+02,4.556784700000000043e+02
2.262191288936561477e+02,4.556784700000000043e+02
2.263686412838976594e+02,4.556784700000000043e+02
2.262399163090128695e+02,4.556784700000000043e+02
2.265285426045656436e+02,4.556784700000000043e+02
2.265389805393809297e+02,4.556784700000000043e+02
2.266884439252336563e+02,4.556784700000000043e+02
2.262815293987729888e+02,4.556784700000000043e+02
2.268483452459016405e+02,4.556784700000000043e+02
2.268588321851057401e+02,4.556784700000000043e+02
2.270082465665696532e+02,4.556784700000000043e+02
2.268798157081545241e+02,4.556784700000000043e+02
2.271681478872376374e+02,4.556784700000000043e+02
2.271786838308305505e+02,4.556784700000000043e+02
2.273280492079056216e+02,4.556784700000000043e+02
2.252469689655172260e+02,4.556784700000000043e+02
2.274879505285736059e+02,4.556784700000000043e+02
2.274985354765553325e+02,4.556784700000000043e+02
2.276478518492416185e+02,4.556784700000000043e+02
2.275197151072961219e+02,4.556784700000000043e+02
2.278077531699096312e+02,4.556784700000000043e+02
2.278183871222801145e+02,4.556784700000000043e+02
2.279676544905776154e+02,4.556784700000000043e+02
2.275621133496932487e+02,4.556784700000000043e+02
2.281275558112455997e+02,4.556784700000000043e+02
2.281382387680048964e+02,4.556784700000000043e+02
2.282874571319135839e+02,4.556784700000000043e+02
2.281596145064377765e+02,4.556784700000000043e+02
2.284473584525815966e+02,4.556784700000000043e+02
2.284580904137297068e+02,4.556784700000000043e+02
2.286072597732495808e+02,4.556784700000000043e+02
2.276470660933661065e+02,4.556784700000000043e+02
2.287671610939175935e+02,4.556784700000000043e+02
2.287779420594545172e+02,4.556784700000000043e+02
2.289270624145855777e+02,4.556784700000000043e+02
2.287995139055794027e+02,4.556784700000000043e+02
2.290869637352535619e+02,4.556784700000000043e+02
2.290977937051792992e+02,4.556784700000000043e+02
2.292468650559215462e+02,4.556784700000000043e+02
2.288426973006135086e+02,4.556784700000000043e+02
2.294067663765895588e+02,4.556784700000000043e+02
2.294176453509040812e+02,4.556784700000000043e+02
2.295666676972575715e+02,4.556784700000000043e+02
2.294394133047210289e+02,4.556784700000000043e+02
2.297265690179255557e+02,4.556784700000000043e+02
2.297374969966288631e+02,4.556784700000000043e+02
2.298864703385935400e+02,4.556784700000000043e+02
3.180045799999999758e+02,3.967459699999999998e+02
2.300463716592615242e+02,4.556784700000000043e+02
2.300573486423536735e+02,4.556784700000000043e+02
2.302062729799295369e+02,4.556784700000000043e+02
2.300793127038626835e+02,4.556784700000000043e+02
2.303661743005975211e+02,4.556784700000000043e+02
2.303772002880784839e+02,4.556784700000000043e+02
2.305260756212655338e+02,4.556784700000000043e+02
2.301232812515337400e+02,4.556784700000000043e+02
2.306859769419335180e+02,4.556784700000000043e+02
2.306970519338032659e+02,4.556784700000000043e+02
2.308458782626015022e+02,4.556784700000000043e+02
2.307192121030042813e+02,4.556784700000000043e+02
2.310057795832694865e+02,4.556784700000000043e+02
2.310169035795280479e+02,4.556784700000000043e+02
2.311656809039374991e+02,4.556784700000000043e+02
2.302113803931204075e+02,4.556784700000000043e+02
2.313255822246055118e+02,4.556784700000000043e+02
2.313367552252528299e+02,4.556784700000000043e+02
2.314854835452734960e+02,4.556784700000000043e+02
2.313591115021459359e+02,4.556784700000000043e+02
2.316453848659414803e+02,4.556784700000000043e+02
2.316566068709776403e+02,4.556784700000000043e+02
2.318052861866094645e+02,4.556784700000000043e+02
2.314038652024539715e+02,4.556784700000000043e+02
2.319651875072774772e+02,4.556784700000000043e+02
2.319764585167024507e+02,4.556784700000000043e+02
2.321250888279454614e+02,4.556784700000000043e+02
2.319990109012875621e+02,4.556784700000000043e+02
2.322849901486134740e+02,4.556784700000000043e+02
2.322963101624272326e+02,4.556784700000000043e+02
2.324448914692814583e+02,4.556784700000000043e+02
2.303882296551724380e+02,4.556784700000000043e+02
2.326047927899494425e+02,4.556784700000000043e+02
2.326161618081520146e+02,4.556784700000000043e+02
2.327646941106174268e+02,4.556784700000000043e+02
2.326389103004291883e+02,4.556784700000000043e+02
2.329245954312854394e+02,4.556784700000000043e+02
2.329360134538767966e+02,4.556784700000000043e+02
2.330844967519534521e+02,4.556784700000000043e+02
2.326844491533742314e+02,4.556784700000000043e+02
2.332443980726214363e+02,4.556784700000000043e+02
2.332558650996016070e+02,4.556784700000000043e+02
2.334042993932894205e+02,4.556784700000000043e+02
2.332788096995708145e+02,4.556784700000000043e+02
2.335642007139574048e+02,4.556784700000000043e+02
2.335757167453264174e+02,4.556784700000000043e+02
2.337241020346253890e+02,4.556784700000000043e+02
2.327756946928747084e+02,4.556784700000000043e+02
2.338840033552934017e+02,4.556784700000000043e+02
2.338955683910511993e+02,4.556784700000000043e+02
2.340439046759614143e+02,4.556784700000000043e+02
2.339187090987124407e+02,4.556784700000000043e+02
2.342038059966293986e+02,4.556784700000000043e+02
2.342154200367759813e+02,4.556784700000000043e+02
2.343637073172973828e+02,4.556784700000000043e+02
2.339650331042944913e+02,4.556784700000000043e+02
2.345236086379653671e+02,4.556784700000000043e+02
2.345352716825007633e+02,4.556784700000000043e+02
2.346835099586333797e+02,4.556784700000000043e+02
2.345586084978540953e+02,4.556784700000000043e+02
2.348434112793013639e+02,4.556784700000000043e+02
2.348551233282255737e+02,4.556784700000000043e+02
2.350033125999693766e+02,4.556784700000000043e+02
3.190478499999999826e+02,4.123356999999999744e+02
2.351632139206373608e+02,4.556784700000000043e+02
2.351749749739503557e+02,4.556784700000000043e+02
2.353231152413053451e+02,4.556784700000000043e+02
2.351985078969956930e+02,4.556784700000000043e+02
2.354830165619733293e+02,4.556784700000000043e+02
2.354948266196751661e+02,4.556784700000000043e+02
2.356429178826413420e+02,4.556784700000000043e+02
2.352456170552147228e+02,4.556784700000000043e+02
2.358028192033093546e+02,4.556784700000000043e+02
2.358146782653999480e+02,4.556784700000000043e+02
2.359627205239773389e+02,4.556784700000000043e+02
2.358384072961373477e+02,4.556784700000000043e+02
2.361226218446453231e+02,4.556784700000000043e+02
2.361345299111247300e+02,4.556784700000000043e+02
2.362825231653133073e+02,4.556784700000000043e+02
2.353400089926290093e+02,4.556784700000000043e+02
2.364424244859813200e+02,4.556784700000000043e+02
2.364543815568495404e+02,4.556784700000000043e+02
2.366023258066493042e+02,4.556784700000000043e+02
2.364783066952789738e+02,4.556784700000000043e+02
2.367622271273173169e+02,4.556784700000000043e+02
2.367742332025743224e+02,4.556784700000000043e+02
2.369221284479853011e+02,4.556784700000000043e+02
2.365262010061349542e+02,4.556784700000000043e+02
2.370820297686532854e+02,4.556784700000000043e+02
2.370940848482991328e+02,4.556784700000000043e+02
2.372419310893212696e+02,4.556784700000000043e+02
2.371182060944206000e+02,4.556784700000000043e+02
2.374018324099892823e+02,4.556784700000000043e+02
2.374139364940239147e+02,4.556784700000000043e+02
2.375617337306572949e+02,4.556784700000000043e+02
2.355294903448275932e+02,4.556784700000000043e+02
2.377216350513252792e+02,4.556784700000000043e+02
2.377337881397486967e+02,4.556784700000000043e+02
2.378815363719932634e+02,4.556784700000000043e+02
2.377581054935622547e+02,4.556784700000000043e+02
2.380414376926612476e+02,4.556784700000000043e+02
2.380536397854735071e+02,4.556784700000000043e+02
2.382013390133292603e+02,4.556784700000000043e+02
2.378067849570552141e+02,4.556784700000000043e+02
2.383612403339972445e+02,4.556784700000000043e+02
2.383734914311982891e+02,4.556784700000000043e+02
2.385211416546652572e+02,4.556784700000000043e+02
2.383980048927038524e+02,4.556784700000000043e+02
2.386810429753332414e+02,4.556784700000000043e+02
2.386933430769230995e+02,4.556784700000000043e+02
2.388409442960012257e+02,4.556784700000000043e+02
2.379043232923833102e+02,4.556784700000000043e+02
2.390008456166692099e+02,4.556784700000000043e+02
2.390131947226478815e+02,4.556784700000000043e+02
2.391607469373372226e+02,4.556784700000000043e+02
2.390379042918455070e+02,4.556784700000000043e+02
2.393206482580052352e+02,4.556784700000000043e+02
2.393330463683726634e+02,4.556784700000000043e+02
2.394805495786732195e+02,4.556784700000000043e+02
2.390873689079754740e+02,4.556784700000000043e+02
2.396404508993412037e+02,4.556784700000000043e+02
2.396528980140974454e+02,4.556784700000000043e+02
2.398003522200091879e+02,4.556784700000000043e+02
2.396778036909871332e+02,4.556784700000000043e+02
2.399602535406772006e+02,4.556784700000000043e+02
2.399727496598222558e+02,4.556784700000000043e+02
2.401201548613451848e+02,4.556784700000000043e+02
3.159336999999999875e+02,4.274350600000000213e+02
2.402800561820131975e+02,4.556784700000000043e+02
2.402926013055470662e+02,4.556784700000000043e+02
2.404399575026811817e+02,4.556784700000000043e+02
2.403177030901287594e+02,4.556784700000000043e+02
2.405998588233491660e+02,4.556784700000000043e+02
2.406124529512718482e+02,4.556784700000000043e+02
2.407597601440171502e+02,4.556784700000000043e+02
2.403679528588957055e+02,4.556784700000000043e+02
2.409196614646851629e+02,4.556784700000000043e+02
2.409323045969966302e+02,4.556784700000000043e+02
2.410795627853531755e+02,4.556784700000000043e+02
2.409576024892703856e+02,4.556784700000000043e+02
2.412394641060211598e+02,4.556784700000000043e+02
2.412521562427214121e+02,4.556784700000000043e+02
2.413993654266891440e+02,4.556784700000000043e+02
2.404686375921376111e+02,4.556784700000000043e+02
2.415592667473571282e+02,4.556784700000000043e+02
2.415720078884462225e+02,4.556784700000000043e+02
2.417191680680251125e+02,4.556784700000000043e+02
2.415975018884120118e+02,4.556784700000000043e+02
2.418790693886931251e+02,4.556784700000000043e+02
2.418918595341710329e+02,4.556784700000000043e+02
2.420389707093611378e+02,4.556784700000000043e+02
2.416485368098159370e+02,4.556784700000000043e+02
2.421988720300291220e+02,4.556784700000000043e+02
2.422117111798958149e+02,4.556784700000000043e+02
2.423587733506971063e+02,4.556784700000000043e+02
2.422374012875536664e+02,4.556784700000000043e+02
2.425186746713650905e+02,4.556784700000000043e+02
2.425315628256205969e+02,4.556784700000000043e+02
2.426785759920331031e+02,4.556784700000000043e+02
2.406707510344827483e+02,4.556784700000000043e+02
2.428384773127011158e+02,4.556784700000000043e+02
2.428514144713453788e+02,4.556784700000000043e+02
2.429983786333691000e+02,4.556784700000000043e+02
2.428773006866952642e+02,4.556784700000000043e+02
2.431582799540370843e+02,4.556784700000000043e+02
2.431712661170701892e+02,4.556784700000000043e+02
2.433181812747050685e+02,4.556784700000000043e+02
2.429291207607361969e+02,4.556784700000000043e+02
2.434780825953730528e+02,4.556784700000000043e+02
2.434911177627949996e+02,4.556784700000000043e+02
2.436379839160410654e+02,4.556784700000000043e+02
2.435172000858369188e+02,4.556784700000000043e+02
2.437978852367090781e+02,4.556784700000000043e+02
2.438109694085197816e+02,4.556784700000000043e+02
2.439577865573770623e+02,4.556784700000000043e+02
2.430329518918919121e+02,4.556784700000000043e+02
2.441176878780450465e+02,4.556784700000000043e+02
2.441308210542445636e+02,4.556784700000000043e+02
2.442775891987130308e+02,4.556784700000000043e+02
2.441570994849785450e+02,4.556784700000000043e+02
2.444374905193810434e+02,4.556784700000000043e+02
2.444506726999693456e+02,4.556784700000000043e+02
2.445973918400490277e+02,4.556784700000000043e+02
2.442097047116564568e+02,4.556784700000000043e+02
2.447572931607170403e+02,4.556784700000000043e+02
2.447705243456941560e+02,4.556784700000000043e+02
2.449171944813850246e+02,4.556784700000000043e+02
2.447969988841201712e+02,4.556784700000000043e+02
2.450770958020530088e+02,4.556784700000000043e+02
2.450903759914189664e+02,4.556784700000000043e+02
2.452369971227209930e+02,4.556784700000000043e+02
3.080625600000000190e+02,4.373674300000000130e+02
2.453968984433890057e+02,1.269072299999999984e+02
2.454102276371437483e+02,1.269072299999999984e+02
2.455567997640570184e+02,1.269072299999999984e+02
2.454368982832618258e+02,1.269072299999999984e+02
2.457167010847250026e+02,1.269072299999999984e+02
2.457300792828685303e+02,1.269072299999999984e+02
2.458766024053929868e+02,1.269072299999999984e+02
2.454902886625766882e+02,1.269072299999999984e+02
2.460365037260609711e+02,1.269072299999999984e+02
2.460499309285933123e+02,1.269072299999999984e+02
2.461964050467289837e+02,1.269072299999999984e+02
2.460767976824034236e+02,1.269072299999999984e+02
2.463563063673969680e+02,1.269072299999999984e+02
2.463697825743181227e+02,1.269072299999999984e+02
2.465162076880649806e+02,1.269072299999999984e+02
2.455972661916462130e+02,1.269072299999999984e+02
2.466761090087329649e+02,1.269072299999999984e+02
2.466896342200429331e+02,1.269072299999999984e+02
2.468360103294009491e+02,1.269072299999999984e+02
2.467166970815450782e+02,1.269072299999999984e+02
2.469959116500689333e+02,1.269072299999999984e+02
2.470094858657677150e+02,1.269072299999999984e+02
2.471558129707369460e+02,1.269072299999999984e+02
2.467708726134969197e+02,1.269072299999999984e+02
2.473157142914049587e+02,1.269072299999999984e+02
2.473293375114924970e+02,1.269072299999999984e+02
2.474756156120729429e+02,1.269072299999999984e+02
2.473565964806867044e+02,1.269072299999999984e+02
2.476355169327409271e+02,1.269072299999999984e+02
2.476491891572172790e+02,1.269072299999999984e+02
2.477954182534089114e+02,1.269072299999999984e+02
2.458120117241379319e+02,1.269072299999999984e+02
2.479553195740769240e+02,1.269072299999999984e+02
2.479690408029420894e+02,1.269072299999999984e+02
2.481152208947449083e+02,1.269072299999999984e+02
2.479964958798283305e+02,1.269072299999999984e+02
2.482751222154129209e+02,1.269072299999999984e+02
2.482888924486668998e+02,1.269072299999999984e+02
2.484350235360809052e+02,1.269072299999999984e+02
2.480514565644171796e+02,1.269072299999999984e+02
2.485949248567488894e+02,1.269072299999999984e+02
2.486087440943916818e+02,1.269072299999999984e+02
2.487548261774168736e+02,1.269072299999999984e+02
2.486363952789699567e+02,1.269072299999999984e+02
2.489147274980848863e+02,1.269072299999999984e+02
2.489285957401164637e+02,1.269072299999999984e+02
2.490746288187528990e+02,1.269072299999999984e+02
2.481615804914005139e+02,1.269072299999999984e+02
2.492345301394208832e+02,1.269072299999999984e+02
2.492484473858412457e+02,1.269072299999999984e+02
2.493944314600888674e+02,1.269072299999999984e+02
2.492762946781115829e+02,1.269072299999999984e+02
2.495543327807568517e+02,1.269072299999999984e+02
2.495682990315660561e+02,1.269072299999999984e+02
2.497142341014248643e+02,1.269072299999999984e+02
2.493320405153374395e+02,1.269072299999999984e+02
2.498741354220928486e+02,1.269072299999999984e+02
2.498881506772908665e+02,1.269072299999999984e+02
2.500340367427608612e+02,1.269072299999999984e+02
2.499161940772532375e+02,1.269072299999999984e+02
2.501939380634288455e+02,1.269072299999999984e+02
2.502080023230156485e+02,1.269072299999999984e+02
2.503538393840968297e+02,1.269072299999999984e+02
2.897169799999999782e+02,4.481474600000000237e+02
2.505137407047648139e+02,1.269072299999999984e+02
2.505278539687404304e+02,1.269072299999999984e+02
2.506736420254328266e+02,1.269072299999999984e+02
2.505560934763948353e+02,1.269072299999999984e+02
2.508335433461008392e+02,1.269072299999999984e+02
2.508477056144652124e+02,1.269072299999999984e+02
2.509934446667688235e+02,1.269072299999999984e+02
2.506126244662576710e+02,1.269072299999999984e+02
2.511533459874368077e+02,1.269072299999999984e+02
2.511675572601900228e+02,1.269072299999999984e+02
2.513132473081047920e+02,1.269072299999999984e+02
2.511959928755364899e+02,1.269072299999999984e+02
2.514731486287727762e+02,1.269072299999999984e+02
2.514874089059148048e+02,1.269072299999999984e+02
2.516330499494407889e+02,1.269072299999999984e+02
2.507258947911548148e+02,1.269072299999999984e+02
2.517929512701088015e+02,1.269072299999999984e+02
2.518072605516396152e+02,1.269072299999999984e+02
2.519528525907767857e+02,1.269072299999999984e+02
2.518358922746781161e+02,1.269072299999999984e+02
2.521127539114447700e+02,1.269072299999999984e+02
2.521271121973643972e+02,1.269072299999999984e+02
2.522726552321127542e+02,1.269072299999999984e+02
2.518932084171779024e+02,1.269072299999999984e+02
2.524325565527807669e+02,1.269072299999999984e+02
2.524469638430891791e+02,1.269072299999999984e+02
2.525924578734487511e+02,1.269072299999999984e+02
2.524757916738197423e+02,1.269072299999999984e+02
2.527523591941167638e+02,1.269072299999999984e+02
2.527668154888139895e+02,1.269072299999999984e+02
2.529122605147847480e+02,1.269072299999999984e+02
2.509532724137931154e+02,1.269072299999999984e+02
2.530721618354527322e+02,1.269072299999999984e+02
2.530866671345387715e+02,1.269072299999999984e+02
2.532320631561207165e+02,1.269072299999999984e+02
2.531156910729613969e+02,1.269072299999999984e+02
2.533919644767887291e+02,1.269072299999999984e+02
2.534065187802635819e+02,1.269072299999999984e+02
2.535518657974567418e+02,1.269072299999999984e+02
2.531737923680981623e+02,1.269072299999999984e+02
2.537117671181247260e+02,1.269072299999999984e+02
2.537263704259883639e+02,1.269072299999999984e+02
2.538716684387927103e+02,1.269072299999999984e+02
2.537555904721029947e+02,1.269072299999999984e+02
2.540315697594606945e+02,1.269072299999999984e+02
2.540462220717131459e+02,1.269072299999999984e+02
2.541914710801287072e+02,1.269072299999999984e+02
2.532902090909091157e+02,1.269072299999999984e+02
2.543513724007966914e+02,1.269072299999999984e+02
2.543660737174379562e+02,1.269072299999999984e+02
2.545112737214647041e+02,1.269072299999999984e+02
2.543954898712446493e+02,1.269072299999999984e+02
2.546711750421326883e+02,1.269072299999999984e+02
2.546859253631627382e+02,1.269072299999999984e+02
2.548310763628006725e+02,1.269072299999999984e+02
2.544543763190184222e+02,1.269072299999999984e+02
2.549909776834686568e+02,1.269072299999999984e+02
2.550057770088875486e+02,1.269072299999999984e+02
2.551508790041366694e+02,1.269072299999999984e+02
2.550353892703862755e+02,1.269072299999999984e+02
2.553107803248046821e+02,1.269072299999999984e+02
2.553256286546123306e+02,1.269072299999999984e+02
2.554706816454726663e+02,1.269072299999999984e+02
2.683018200000000206e+02,4.539251699999999801e+02
2.556305829661406506e+02,1.269072299999999984e+02
2.556454803003371126e+02,1.269072299999999984e+02
2.557904842868086348e+02,1.269072299999999984e+02
2.556752886695279017e+02,1.269072299999999984e+02
2.559503856074766475e+02,1.269072299999999984e+02
2.559653319460618945e+02,1.269072299999999984e+02
2.561102869281446601e+02,1.269072299999999984e+02
2.557349602699386537e+02,1.269072299999999984e+02
2.562701882488126444e+02,1.269072299999999984e+02
2.562851835917866765e+02,1.269072299999999984e+02
2.564300895694806286e+02,1.269072299999999984e+02
2.563151880686694994e+02,1.269072299999999984e+02
2.565899908901486128e+02,1.269072299999999984e+02
2.566050352375115153e+02,1.269072299999999984e+02
2.567498922108165971e+02,1.269072299999999984e+02
2.558545233906633882e+02,1.269072299999999984e+02
2.569097935314846382e+02,1.269072299999999984e+02
2.569248868832362973e+02,1.269072299999999984e+02
2.570696948521526224e+02,1.269072299999999984e+02
2.569550874678111541e+02,1.269072299999999984e+02
2.572295961728206066e+02,1.269072299999999984e+02
2.572447385289610793e+02,1.269072299999999984e+02
2.573894974934885909e+02,1.269072299999999984e+02
2.570155442208588852e+02,1.269072299999999984e+02
2.575493988141565751e+02,1.269072299999999984e+02
2.575645901746858613e+02,1.269072299999999984e+02
2.577093001348246162e+02,1.269072299999999984e+02
2.575949868669528087e+02,1.269072299999999984e+02
2.578692014554925436e+02,1.269072299999999984e+02
2.578844418204106432e+02,1.269072299999999984e+02
2.580291027761605847e+02,1.269072299999999984e+02
2.560945331034482706e+02,1.269072299999999984e+02
2.581890040968285689e+02,1.269072299999999984e+02
2.582042934661354820e+02,1.269072299999999984e+02
2.583489054174965531e+02,1.269072299999999984e+02
2.582348862660944064e+02,1.269072299999999984e+02
2.585088067381645374e+02,1.269072299999999984e+02
2.585241451118602640e+02,1.269072299999999984e+02
2.586687080588325216e+02,1.269072299999999984e+02
2.582961281717791735e+02,1.269072299999999984e+02
2.588286093795005627e+02,1.269072299999999984e+02
2.588439967575850460e+02,1.269072299999999984e+02
2.589885107001685469e+02,1.269072299999999984e+02
2.588747856652360610e+02,1.269072299999999984e+02
2.591484120208365312e+02,1.269072299999999984e+02
2.591638484033098280e+02,1.269072299999999984e+02
2.593083133415045154e+02,1.269072299999999984e+02
2.584188376904177176e+02,1.269072299999999984e+02
2.594682146621724996e+02,1.269072299999999984e+02
2.594837000490346099e+02,1.269072299999999984e+02
2.596281159828405407e+02,1.269072299999999984e+02
2.595146850643776588e+02,1.269072299999999984e+02
2.597880173035085249e+02,1.269072299999999984e+02
2.598035516947594488e+02,1.269072299999999984e+02
2.599479186241765092e+02,1.269072299999999984e+02
2.595767121226994050e+02,1.269072299999999984e+02
2.601078199448444934e+02,1.269072299999999984e+02
2.601234033404842307e+02,1.269072299999999984e+02
2.602677212655124777e+02,1.269072299999999984e+02
2.601545844635193134e+02,1.269072299999999984e+02
2.604276225861805187e+02,1.269072299999999984e+02
2.604432549862090127e+02,1.269072299999999984e+02
2.605875239068485030e+02,1.269072299999999984e+02
2.370253899999999874e+02,4.556784700000000043e+02
2.607474252275164872e+02,1.535709200000000010e+02
2.607631066319337947e+02,1.535709200000000010e+02
2.609073265481844714e+02,1.535709200000000010e+02
2.607944838626609680e+02,1.535709200000000010e+02
2.610672278688524557e+02,1.535709200000000010e+02
2.610829582776585767e+02,1.535709200000000010e+02
2.612271291895204399e+02,1.535709200000000010e+02
2.608572960736196364e+02,1.535709200000000010e+02
2.613870305101884242e+02,1.535709200000000010e+02
2.614028099233834155e+02,1.535709200000000010e+02
2.615469318308564652e+02,1.535709200000000010e+02
2.614343832618025658e+02,1.535709200000000010e+02
2.617068331515244495e+02,1.535709200000000010e+02
2.617226615691081975e+02,1.535709200000000010e+02
2.618667344721924337e+02,1.535709200000000010e+02
2.609831519901720185e+02,1.535709200000000010e+02
2.620266357928604180e+02,1.535709200000000010e+02
2.620425132148329794e+02,1.535709200000000010e+02
2.621865371135284022e+02,1.535709200000000010e+02
2.620742826609442204e+02,1.535709200000000010e+02
2.623464384341964433e+02,1.535709200000000010e+02
2.623623648605577614e+02,1.535709200000000010e+02
2.625063397548644275e+02,1.535709200000000010e+02
2.621378800245398679e+02,1.535709200000000010e+02
2.626662410755324117e+02,1.535709200000000010e+02
2.626822165062825434e+02,1.535709200000000010e+02
2.628261423962003960e+02,1.535709200000000010e+02
2.627141820600858182e+02,1.535709200000000010e+02
2.629860437168683802e+02,1.535709200000000010e+02
2.630020681520073822e+02,1.535709200000000010e+02
2.631459450375364213e+02,1.535709200000000010e+02
2.612357937931034257e+02,1.535709200000000010e+02
2.633058463582044055e+02,1.535709200000000010e+02
2.633219197977321642e+02,1.535709200000000010e+02
2.634657476788723898e+02,1.535709200000000010e+02
2.633540814592274728e+02,1.535709200000000010e+02
2.636256489995403740e+02,1.535709200000000010e+02
2.636417714434569461e+02,1.535709200000000010e+02
2.637855503202083582e+02,1.535709200000000010e+02
2.634184639754600994e+02,1.535709200000000010e+02
2.639454516408763993e+02,1.535709200000000010e+02
2.639616230891817281e+02,1.535709200000000010e+02
2.641053529615443267e+02,1.535709200000000010e+02
2.639939808583691274e+02,1.535709200000000010e+02
2.642652542822123678e+02,1.535709200000000010e+02
2.642814747349065101e+02,1.535709200000000010e+02
2.644251556028803520e+02,1.535709200000000010e+02
2.635474662899263194e+02,1.535709200000000010e+02
2.645850569235483363e+02,1.535709200000000010e+02
2.646013263806313489e+02,1.535709200000000010e+02
2.647449582442163205e+02,1.535709200000000010e+02
2.646338802575107252e+02,1.535709200000000010e+02
2.649048595648843047e+02,1.535709200000000010e+02
2.649211780263561309e+02,1.535709200000000010e+02
2.650647608855523458e+02,1.535709200000000010e+02
2.646990479263803309e+02,1.535709200000000010e+02
2.652246622062203301e+02,1.535709200000000010e+02
2.652410296720809129e+02,1.535709200000000010e+02
2.653845635268883143e+02,1.535709200000000010e+02
2.652737796566523798e+02,1.535709200000000010e+02
2.655444648475562985e+02,1.535709200000000010e+02
2.655608813178056948e+02,1.535709200000000010e+02
2.657043661682242828e+02,1.535709200000000010e+02
2.349013999999999953e+02,4.556784700000000043e+02
2.658642674888923239e+02,1.535709200000000010e+02
2.658807329635304768e+02,1.535709200000000010e+02
2.660241688095603081e+02,1.535709200000000010e+02
2.659136790557939776e+02,1.535709200000000010e+02
2.661840701302282923e+02,1.535709200000000010e+02
2.662005846092553156e+02,1.535709200000000010e+02
2.663439714508962766e+02,1.535709200000000010e+02
2.659796318773006192e+02,1.535709200000000010e+02
2.665038727715642608e+02,1.535709200000000010e+02
2.665204362549800976e+02,1.535709200000000010e+02
2.666637740922323019e+02,1.535709200000000010e+02
2.665535784549356322e+02,1.535709200000000010e+02
2.668236754129002861e+02,1.535709200000000010e+02
2.668402879007048796e+02,1.535709200000000010e+02
2.669835767335682704e+02,1.535709200000000010e+02
2.661117805896806203e+02,1.535709200000000010e+02
2.671434780542362546e+02,1.719615499999999884e+02
2.671601395464296616e+02,1.719615499999999884e+02
2.673033793749042388e+02,1.719615499999999884e+02
2.671934778540772868e+02,1.719615499999999884e+02
2.674632806955722799e+02,1.719615499999999884e+02
2.674799911921544435e+02,1.719615499999999884e+02
2.676231820162402073e+02,1.719615499999999884e+02
2.672602158282208507e+02,1.719615499999999884e+02
2.677830833369082484e+02,1.719615499999999884e+02
2.677998428378792823e+02,1.719615499999999884e+02
2.679429846575762326e+02,1.719615499999999884e+02
2.678333772532188846e+02,1.719615499999999884e+02
2.681028859782442169e+02,4.539251699999999801e+02
2.681196944836040643e+02,4.539251699999999801e+02
2.682627872989122011e+02,4.539251699999999801e+02
2.663770544827586377e+02,1.535709200000000010e+02
2.684226886195801853e+02,4.539251699999999801e+02
2.684395461293288463e+02,4.539251699999999801e+02
2.685825899402482264e+02,4.539251699999999801e+02
2.684732766523604823e+02,4.539251699999999801e+02
2.687424912609162106e+02,4.539251699999999801e+02
2.687593977750536283e+02,4.539251699999999801e+02
2.689023925815841949e+02,4.539251699999999801e+02
2.685407997791410821e+02,4.539251699999999801e+02
2.690622939022521791e+02,4.539251699999999801e+02
2.690792494207784102e+02,4.539251699999999801e+02
2.692221952229201634e+02,4.539251699999999801e+02
2.691131760515021369e+02,4.539251699999999801e+02
2.693820965435882044e+02,4.539251699999999801e+02
2.693991010665032491e+02,4.539251699999999801e+02
2.695419978642561887e+02,4.539251699999999801e+02
2.686760948894349212e+02,4.539251699999999801e+02
2.697018991849241729e+02,1.295977800000000002e+02
2.697189527122280310e+02,1.295977800000000002e+02
2.698618005055921572e+02,1.295977800000000002e+02
2.697530754506437916e+02,1.295977800000000002e+02
2.700217018262601414e+02,1.295977800000000002e+02
2.700388043579528130e+02,1.295977800000000002e+02
2.701816031469281825e+02,1.295977800000000002e+02
2.698213837300613704e+02,1.295977800000000002e+02
2.703415044675961099e+02,1.295977800000000002e+02
2.703586560036775950e+02,1.295977800000000002e+02
2.705014057882641509e+02,1.295977800000000002e+02
2.703929748497853893e+02,1.295977800000000002e+02
2.706613071089321352e+02,1.295977800000000002e+02
2.706785076494023770e+02,1.295977800000000002e+02
2.708212084296001194e+02,1.295977800000000002e+02
2.349013999999999953e+02,4.556784700000000043e+02
2.709811097502681037e+02,1.940449199999999905e+02
2.709983592951272158e+02,1.940449199999999905e+02
2.711410110709360879e+02,1.940449199999999905e+02
2.710328742489270439e+02,1.940449199999999905e+02
2.713009123916041290e+02,1.940449199999999905e+02
2.713182109408519977e+02,1.940449199999999905e+02
2.714608137122721132e+02,1.940449199999999905e+02
2.711019676809816019e+02,1.940449199999999905e+02
2.716207150329400974e+02,1.940449199999999905e+02
2.716380625865767797e+02,1.940449199999999905e+02
2.717806163536080817e+02,1.940449199999999905e+02
2.716727736480686417e+02,1.940449199999999905e+02
2.719405176742760659e+02,1.940449199999999905e+02
2.719579142323015617e+02,1.940449199999999905e+02
2.721004189949441070e+02,1.940449199999999905e+02
2.712404091891892222e+02,1.940449199999999905e+02
2.722603203156120912e+02,1.940449199999999905e+02
2.722777658780263437e+02,1.940449199999999905e+02
2.724202216362800755e+02,1.940449199999999905e+02
2.723126730472102963e+02,1.940449199999999905e+02
2.725801229569480597e+02,1.940449199999999905e+02
2.725976175237511825e+02,1.940449199999999905e+02
2.727400242776160439e+02,1.940449199999999905e+02
2.723825516319018334e+02,1.940449199999999905e+02
2.728999255982840850e+02,1.940449199999999905e+02
2.729174691694759645e+02,1.940449199999999905e+02
2.730598269189520693e+02,1.940449199999999905e+02
2.729525724463519509e+02,1.940449199999999905e+02
2.732197282396200535e+02,1.940449199999999905e+02
2.732373208152007464e+02,1.940449199999999905e+02
2.733796295602880377e+02,1.940449199999999905e+02
2.715183151724137929e+02,1.940449199999999905e+02
2.735395308809560220e+02,1.940449199999999905e+02
2.735571724609255284e+02,1.940449199999999905e+02
2.736994322016240631e+02,1.940449199999999905e+02
2.735924718454935487e+02,1.940449199999999905e+02
2.738593335222919904e+02,1.940449199999999905e+02
2.738770241066503104e+02,1.940449199999999905e+02
2.740192348429600315e+02,1.940449199999999905e+02
2.736631355828220649e+02,1.940449199999999905e+02
2.741791361636280158e+02,1.940449199999999905e+02
2.741968757523751492e+02,1.940449199999999905e+02
2.743390374842960000e+02,1.940449199999999905e+02
2.742323712446352033e+02,1.940449199999999905e+02
2.744989388049639842e+02,1.940449199999999905e+02
2.745167273980999312e+02,1.940449199999999905e+02
2.746588401256319685e+02,1.940449199999999905e+02
2.738047234889435231e+02,1.940449199999999905e+02
2.748187414463000096e+02,1.940449199999999905e+02
2.748365790438247132e+02,1.940449199999999905e+02
2.749786427669679938e+02,1.940449199999999905e+02
2.748722706437768011e+02,1.940449199999999905e+02
2.751385440876359780e+02,1.940449199999999905e+02
2.751564306895494951e+02,1.940449199999999905e+02
2.752984454083039623e+02,1.940449199999999905e+02
2.749437195337422963e+02,1.940449199999999905e+02
2.754583467289719465e+02,1.940449199999999905e+02
2.754762823352742771e+02,1.940449199999999905e+02
2.756182480496399876e+02,1.940449199999999905e+02
2.755121700429184557e+02,1.940449199999999905e+02
2.757781493703079718e+02,1.940449199999999905e+02
2.757961339809991159e+02,1.940449199999999905e+02
2.759380506909759561e+02,1.940449199999999905e+02
1.644243299999999977e+02,2.895284399999999891e+02
2.760979520116439403e+02,2.169329799999999864e+02
2.761159856267238979e+02,2.169329799999999864e+02
2.762578533323119245e+02,2.169329799999999864e+02
2.761520694420601103e+02,2.169329799999999864e+02
2.764177546529799656e+02,2.169329799999999864e+02
2.764358372724486799e+02,2.169329799999999864e+02
2.765776559736479498e+02,2.169329799999999864e+02
2.762243034846625847e+02,2.169329799999999864e+02
2.767375572943159341e+02,2.169329799999999864e+02
2.767556889181734618e+02,2.169329799999999864e+02
2.768974586149839183e+02,2.169329799999999864e+02
2.767919688412017081e+02,2.169329799999999864e+02
2.770573599356519026e+02,2.169329799999999864e+02
2.770755405638982438e+02,2.169329799999999864e+02
2.772172612563198868e+02,2.169329799999999864e+02
2.763690377886978240e+02,2.169329799999999864e+02
2.773771625769878710e+02,2.169329799999999864e+02
2.773953922096230826e+02,2.169329799999999864e+02
2.775370638976559121e+02,2.169329799999999864e+02
2.774318682403433627e+02,2.169329799999999864e+02
2.776969652183238964e+02,2.169329799999999864e+02
2.777152438553478646e+02,2.169329799999999864e+02
2.778568665389918806e+02,2.169329799999999864e+02
2.775048874355828161e+02,2.169329799999999864e+02
2.780167678596598648e+02,2.169329799999999864e+02
2.780350955010726466e+02,2.169329799999999864e+02
2.781766691803278491e+02,2.169329799999999864e+02
2.780717676394849605e+02,2.169329799999999864e+02
2.783365705009958901e+02,2.169329799999999864e+02
2.783549471467974286e+02,2.169329799999999864e+02
2.784964718216638744e+02,2.169329799999999864e+02
2.766595758620689480e+02,2.169329799999999864e+02
2.786563731423318586e+02,2.169329799999999864e+02
2.786747987925222105e+02,2.169329799999999864e+02
2.788162744629998429e+02,2.169329799999999864e+02
2.787116670386266151e+02,2.169329799999999864e+02
2.789761757836678271e+02,2.169329799999999864e+02
2.789946504382470494e+02,2.169329799999999864e+02
2.791360771043358682e+02,2.169329799999999864e+02
2.787854713865030476e+02,2.169329799999999864e+02
2.792959784250038524e+02,2.169329799999999864e+02
2.793145020839718313e+02,2.169329799999999864e+02
2.794558797456718366e+02,2.169329799999999864e+02
2.793515664377682697e+02,2.169329799999999864e+02
2.796157810663398209e+02,2.169329799999999864e+02
2.796343537296966133e+02,2.169329799999999864e+02
2.797756823870078051e+02,2.169329799999999864e+02
2.789333520884521249e+02,2.169329799999999864e+02
2.799355837076758462e+02,2.169329799999999864e+02
2.799542053754213953e+02,2.169329799999999864e+02
2.800954850283437736e+02,2.169329799999999864e+02
2.799914658369098674e+02,2.169329799999999864e+02
2.802553863490118147e+02,2.169329799999999864e+02
2.802740570211461772e+02,2.169329799999999864e+02
2.804152876696797989e+02,2.169329799999999864e+02
2.800660553374233359e+02,2.169329799999999864e+02
2.805751889903477831e+02,2.169329799999999864e+02
2.805939086668710161e+02,2.169329799999999864e+02
2.807350903110157674e+02,2.169329799999999864e+02
2.806313652360515221e+02,2.169329799999999864e+02
2.808949916316837516e+02,2.169329799999999864e+02
2.809137603125957980e+02,2.169329799999999864e+02
2.810548929523517927e+02,2.169329799999999864e+02
1.644243299999999977e+02,2.895284399999999891e+02
2.812147942730197769e+02,2.169329799999999864e+02
2.812336119583205800e+02,2.169329799999999864e+02
2.813746955936877612e+02,2.169329799999999864e+02
2.812712646351931198e+02,2.169329799999999864e+02
2.815345969143557454e+02,2.169329799999999864e+02
2.815534636040453620e+02,2.169329799999999864e+02
2.816944982350237296e+02,2.169329799999999864e+02
2.813466392883435674e+02,2.169329799999999864e+02
2.818543995556917707e+02,2.169329799999999864e+02
2.818733152497701440e+02,2.169329799999999864e+02
2.820143008763597550e+02,2.169329799999999864e+02
2.819111640343347744e+02,2.169329799999999864e+02
2.821742021970277392e+02,2.169329799999999864e+02
2.821931668954949828e+02,2.169329799999999864e+02
2.823341035176957234e+02,2.169329799999999864e+02
2.814976663882064258e+02,2.169329799999999864e+02
2.824940048383637077e+02,2.169329799999999864e+02
2.825130185412197648e+02,2.169329799999999864e+02
2.826539061590317488e+02,2.169329799999999864e+02
2.825510634334764291e+02,2.169329799999999864e+02
2.828138074796997330e+02,2.169329799999999864e+02
2.828328701869445467e+02,2.169329799999999864e+02
2.829737088003677172e+02,2.169329799999999864e+02
2.826272232392637989e+02,2.169329799999999864e+02
2.831336101210357015e+02,2.169329799999999864e+02
2.831527218326693287e+02,2.169329799999999864e+02
2.832935114417036857e+02,2.169329799999999864e+02
2.831909628326180268e+02,2.169329799999999864e+02
2.834534127623717268e+02,2.169329799999999864e+02
2.834725734783941107e+02,2.169329799999999864e+02
2.836133140830396542e+02,2.169329799999999864e+02
2.818008365517241600e+02,2.169329799999999864e+02
2.837732154037076953e+02,2.402302200000000028e+02
2.837924251241189495e+02,2.402302200000000028e+02
2.839331167243756795e+02,2.402302200000000028e+02
2.838308622317596246e+02,2.402302200000000028e+02
2.840930180450436637e+02,2.402302200000000028e+02
2.841122767698437315e+02,2.402302200000000028e+02
2.842529193657116480e+02,2.402302200000000028e+02
2.839078071901840303e+02,2.402302200000000028e+02
2.844128206863796322e+02,2.402302200000000028e+02
2.844321284155685134e+02,2.402302200000000028e+02
2.845727220070476733e+02,2.402302200000000028e+02
2.844707616309012792e+02,2.402302200000000028e+02
2.847326233277156575e+02,2.402302200000000028e+02
2.847519800612932954e+02,2.402302200000000028e+02
2.848925246483836418e+02,2.402302200000000028e+02
2.840619806879606699e+02,2.402302200000000028e+02
2.850524259690516260e+02,2.402302200000000028e+02
2.850718317070180774e+02,2.402302200000000028e+02
2.852123272897196102e+02,2.402302200000000028e+02
2.851106610300429338e+02,2.402302200000000028e+02
2.853722286103876513e+02,2.402302200000000028e+02
2.853916833527429162e+02,2.402302200000000028e+02
2.855321299310556356e+02,2.402302200000000028e+02
2.851883911411042618e+02,2.402302200000000028e+02
2.856920312517236198e+02,2.402302200000000028e+02
2.857115349984676413e+02,2.402302200000000028e+02
2.858519325723916040e+02,2.402302200000000028e+02
2.857505604291845316e+02,2.402302200000000028e+02
2.860118338930595883e+02,2.402302200000000028e+02
2.860313866441924802e+02,2.402302200000000028e+02
2.861717352137276293e+02,2.402302200000000028e+02
1.584105800000000102e+02,2.536813999999999965e+02
2.863316365343956136e+02,2.402302200000000028e+02
2.863512382899172621e+02,2.402302200000000028e+02
2.864915378550635978e+02,2.402302200000000028e+02
2.863904598283261862e+02,2.402302200000000028e+02
2.866514391757315821e+02,2.402302200000000028e+02
2.866710899356420441e+02,2.402302200000000028e+02
2.868113404963995663e+02,2.402302200000000028e+02
2.864689750920244933e+02,2.402302200000000028e+02
2.869712418170676074e+02,2.402302200000000028e+02
2.869909415813668829e+02,2.402302200000000028e+02
2.871311431377355348e+02,2.402302200000000028e+02
2.870303592274677840e+02,2.402302200000000028e+02
2.872910444584035758e+02,2.402302200000000028e+02
2.873107932270916081e+02,2.402302200000000028e+02
2.874509457790715601e+02,2.402302200000000028e+02
2.866262949877150277e+02,2.402302200000000028e+02
2.876108470997395443e+02,2.402302200000000028e+02
2.876306448728164469e+02,2.402302200000000028e+02
2.877707484204075854e+02,2.402302200000000028e+02
2.876702586266094386e+02,2.402302200000000028e+02
2.879306497410755128e+02,2.402302200000000028e+02
2.879504965185412289e+02,2.402302200000000028e+02
2.880905510617435539e+02,2.402302200000000028e+02
2.877495590429447816e+02,2.402302200000000028e+02
2.882504523824115381e+02,2.402302200000000028e+02
2.882703481642660108e+02,2.402302200000000028e+02
2.884103537030795223e+02,2.402302200000000028e+02
2.883101580257510932e+02,2.402302200000000028e+02
2.885702550237475066e+02,2.402302200000000028e+02
2.885901998099908496e+02,2.402302200000000028e+02
2.887301563444154908e+02,2.402302200000000028e+02
2.869420972413793152e+02,2.402302200000000028e+02
2.888900576650835319e+02,4.481474600000000237e+02
2.889100514557155748e+02,4.481474600000000237e+02
2.890499589857514593e+02,4.481474600000000237e+02
2.889500574248926910e+02,4.481474600000000237e+02
2.892098603064195004e+02,4.481474600000000237e+02
2.892299031014404136e+02,4.481474600000000237e+02
2.893697616270874846e+02,4.481474600000000237e+02
2.890301429938650131e+02,4.481474600000000237e+02
2.895296629477554688e+02,4.481474600000000237e+02
2.895497547471651956e+02,4.481474600000000237e+02
2.896895642684235099e+02,4.481474600000000237e+02
2.895899568240343456e+02,4.481474600000000237e+02
2.898494655890914373e+02,4.481474600000000237e+02
2.898696063928899775e+02,4.481474600000000237e+02
2.900093669097594784e+02,4.481474600000000237e+02
2.891906092874693286e+02,4.481474600000000237e+02
2.901692682304274626e+02,4.481474600000000237e+02
2.901894580386148164e+02,4.481474600000000237e+02
2.903291695510954469e+02,4.481474600000000237e+02
2.902298562231759433e+02,4.481474600000000237e+02
2.904890708717634880e+02,4.481474600000000237e+02
2.905093096843395415e+02,4.481474600000000237e+02
2.906489721924314154e+02,4.481474600000000237e+02
2.903107269447853014e+02,4.481474600000000237e+02
2.908088735130994564e+02,4.481474600000000237e+02
2.908291613300643803e+02,4.481474600000000237e+02
2.909687748337674407e+02,4.481474600000000237e+02
2.908697556223175980e+02,4.481474600000000237e+02
2.911286761544354249e+02,4.481474600000000237e+02
2.911490129757891623e+02,4.481474600000000237e+02
2.912885774751034091e+02,4.481474600000000237e+02
1.600930500000000052e+02,2.255492000000000132e+02
2.914484787957713934e+02,2.663250699999999824e+02
2.914688646215139443e+02,2.663250699999999824e+02
2.916083801164394345e+02,2.663250699999999824e+02
2.915096550214592526e+02,2.663250699999999824e+02
2.917682814371074187e+02,2.663250699999999824e+02
2.917887162672387831e+02,2.663250699999999824e+02
2.919281827577754029e+02,2.663250699999999824e+02
2.915913108957055329e+02,2.663250699999999824e+02
2.920880840784433872e+02,2.663250699999999824e+02
2.921085679129635082e+02,2.663250699999999824e+02
2.922479853991113714e+02,2.663250699999999824e+02
2.921495544206008503e+02,2.663250699999999824e+02
2.924078867197794125e+02,2.663250699999999824e+02
2.924284195586883470e+02,2.663250699999999824e+02
2.925677880404473399e+02,2.663250699999999824e+02
2.917549235872236295e+02,2.663250699999999824e+02
2.927276893611153810e+02,2.663250699999999824e+02
2.927482712044131290e+02,2.663250699999999824e+02
2.928875906817833652e+02,2.663250699999999824e+02
2.927894538197424481e+02,2.663250699999999824e+02
2.930474920024513494e+02,2.663250699999999824e+02
2.930681228501379110e+02,2.663250699999999824e+02
2.932073933231193905e+02,2.663250699999999824e+02
2.928718948466257643e+02,2.663250699999999824e+02
2.933672946437873179e+02,2.663250699999999824e+02
2.933879744958627498e+02,2.663250699999999824e+02
2.935271959644553590e+02,2.663250699999999824e+02
2.934293532188841027e+02,2.663250699999999824e+02
2.936870972851233432e+02,2.663250699999999824e+02
2.937078261415874749e+02,2.663250699999999824e+02
2.938469986057913275e+02,2.663250699999999824e+02
2.920833579310344703e+02,2.663250699999999824e+02
2.940068999264593685e+02,2.663250699999999824e+02
2.940276777873123137e+02,2.663250699999999824e+02
2.941668012471272959e+02,2.663250699999999824e+02
2.940692526180257573e+02,2.663250699999999824e+02
2.943267025677953370e+02,2.663250699999999824e+02
2.943475294330370957e+02,2.663250699999999824e+02
2.944866038884633213e+02,2.663250699999999824e+02
2.941524787975459958e+02,2.663250699999999824e+02
2.946465052091313055e+02,2.663250699999999824e+02
2.946673810787618777e+02,2.663250699999999824e+02
2.948064065297992897e+02,2.663250699999999824e+02
2.947091520171674119e+02,2.663250699999999824e+02
2.949663078504672740e+02,2.663250699999999824e+02
2.949872327244867165e+02,2.663250699999999824e+02
2.951262091711353150e+02,2.663250699999999824e+02
2.943192378869779304e+02,2.663250699999999824e+02
2.952861104918032424e+02,2.663250699999999824e+02
2.953070843702114416e+02,2.663250699999999824e+02
2.954460118124712835e+02,2.663250699999999824e+02
2.953490514163090097e+02,2.663250699999999824e+02
2.956059131331392678e+02,2.663250699999999824e+02
2.956269360159362805e+02,2.663250699999999824e+02
2.957658144538072520e+02,2.663250699999999824e+02
2.954330627484662273e+02,2.663250699999999824e+02
2.959257157744752931e+02,2.663250699999999824e+02
2.959467876616610624e+02,2.663250699999999824e+02
2.960856170951432205e+02,2.663250699999999824e+02
2.959889508154506075e+02,2.663250699999999824e+02
2.962455184158112615e+02,2.663250699999999824e+02
2.962666393073858444e+02,2.663250699999999824e+02
2.964054197364792458e+02,2.663250699999999824e+02
1.709477699999999913e+02,1.932534200000000055e+02
2.965653210571472300e+02,1.198460699999999974e+02
2.965864909531106832e+02,1.198460699999999974e+02
2.967252223778152711e+02,1.198460699999999974e+02
2.966288502145922621e+02,1.198460699999999974e+02
2.968851236984831985e+02,1.198460699999999974e+02
2.969063425988354084e+02,1.198460699999999974e+02
2.970450250191512396e+02,1.198460699999999974e+02
2.967136466993864587e+02,1.198460699999999974e+02
2.972049263398192238e+02,1.198460699999999974e+02
2.972261942445602472e+02,1.198460699999999974e+02
2.973648276604872080e+02,1.198460699999999974e+02
2.972687496137339167e+02,1.198460699999999974e+02
2.975247289811552491e+02,1.198460699999999974e+02
2.975460458902850291e+02,1.198460699999999974e+02
2.976846303018231765e+02,1.198460699999999974e+02
2.968835521867321745e+02,1.198460699999999974e+02
2.978445316224912176e+02,1.198460699999999974e+02
2.978658975360098111e+02,1.198460699999999974e+02
2.980044329431592018e+02,1.198460699999999974e+02
2.979086490128755713e+02,1.198460699999999974e+02
2.981643342638271861e+02,1.198460699999999974e+02
2.981857491817346499e+02,1.198460699999999974e+02
2.983242355844951703e+02,1.198460699999999974e+02
2.979942306503067471e+02,1.198460699999999974e+02
2.984841369051631546e+02,1.198460699999999974e+02
2.985056008274593751e+02,1.198460699999999974e+02
2.986440382258311956e+02,1.198460699999999974e+02
2.985485484120171691e+02,1.198460699999999974e+02
2.988039395464991230e+02,1.198460699999999974e+02
2.988254524731842139e+02,1.198460699999999974e+02
2.989638408671671641e+02,1.198460699999999974e+02
2.972246186206896255e+02,1.198460699999999974e+02
2.991237421878351483e+02,2.926374500000000012e+02
2.991453041189089959e+02,2.926374500000000012e+02
2.992836435085031326e+02,2.926374500000000012e+02
2.991884478111587669e+02,2.926374500000000012e+02
2.994435448291711737e+02,2.926374500000000012e+02
2.994651557646337778e+02,2.926374500000000012e+02
2.996034461498391011e+02,2.926374500000000012e+02
2.992748146012269785e+02,2.926374500000000012e+02
2.997633474705071421e+02,2.926374500000000012e+02
2.997850074103586167e+02,2.926374500000000012e+02
2.999232487911751264e+02,2.926374500000000012e+02
2.998283472103004215e+02,2.926374500000000012e+02
3.000831501118431106e+02,2.926374500000000012e+02
3.001048590560833418e+02,2.926374500000000012e+02
3.002430514325111517e+02,2.926374500000000012e+02
2.994478664864864754e+02,2.926374500000000012e+02
3.004029527531790791e+02,2.926374500000000012e+02
3.004247107018081806e+02,2.926374500000000012e+02
3.005628540738471202e+02,2.926374500000000012e+02
3.004682466094420761e+02,2.926374500000000012e+02
3.007227553945151044e+02,2.926374500000000012e+02
3.007445623475329626e+02,2.926374500000000012e+02
3.008826567151830886e+02,2.926374500000000012e+02
3.005553985521472669e+02,2.926374500000000012e+02
3.010425580358510729e+02,2.926374500000000012e+02
3.010644139932577446e+02,2.926374500000000012e+02
3.012024593565190571e+02,2.926374500000000012e+02
3.011081460085837307e+02,2.926374500000000012e+02
3.013623606771870982e+02,2.926374500000000012e+02
3.013842656389825265e+02,2.926374500000000012e+02
3.015222619978550824e+02,2.926374500000000012e+02
1.867212499999999977e+02,1.688989300000000071e+02
3.016821633185230667e+02,2.926374500000000012e+02
3.017041172847073085e+02,2.926374500000000012e+02
3.018420646391910509e+02,2.926374500000000012e+02
3.017480454077253285e+02,2.926374500000000012e+02
3.020019659598590351e+02,2.926374500000000012e+02
3.020239689304321473e+02,2.926374500000000012e+02
3.021618672805270762e+02,2.926374500000000012e+02
3.018359825030674983e+02,2.926374500000000012e+02
3.023217686011950036e+02,2.926374500000000012e+02
3.023438205761569293e+02,2.926374500000000012e+02
3.024816699218630447e+02,2.926374500000000012e+02
3.023879448068669262e+02,2.926374500000000012e+02
3.026415712425310289e+02,2.926374500000000012e+02
3.026636722218817113e+02,2.926374500000000012e+02
3.028014725631990132e+02,2.926374500000000012e+02
3.020121807862407763e+02,2.926374500000000012e+02
3.029613738838670542e+02,2.926374500000000012e+02
3.029835238676064932e+02,2.926374500000000012e+02
3.031212752045349816e+02,2.926374500000000012e+02
3.030278442060085808e+02,2.926374500000000012e+02
3.032811765252030227e+02,2.926374500000000012e+02
3.033033755133312752e+02,2.926374500000000012e+02
3.034410778458710070e+02,2.926374500000000012e+02
3.031165664539877298e+02,2.926374500000000012e+02
3.036009791665389912e+02,2.926374500000000012e+02
3.036232271590561140e+02,2.926374500000000012e+02
3.037608804872070323e+02,2.926374500000000012e+02
3.036677436051502355e+02,2.926374500000000012e+02
3.039207818078749597e+02,2.926374500000000012e+02
3.039430788047808960e+02,2.926374500000000012e+02
3.040806831285430007e+02,2.926374500000000012e+02
3.023658793103448374e+02,2.926374500000000012e+02
3.042405844492109850e+02,3.229177199999999743e+02
3.042629304505056780e+02,3.229177199999999743e+02
3.044004857698789692e+02,3.229177199999999743e+02
3.043076430042918332e+02,3.229177199999999743e+02
3.045603870905469535e+02,3.229177199999999743e+02
3.045827820962304600e+02,3.229177199999999743e+02
3.047202884112149377e+02,3.229177199999999743e+02
3.043971504049079613e+02,3.229177199999999743e+02
3.048801897318829788e+02,3.229177199999999743e+02
3.049026337419552419e+02,3.229177199999999743e+02
3.050400910525509062e+02,3.229177199999999743e+02
3.049475424034334878e+02,3.229177199999999743e+02
3.051999923732189473e+02,3.229177199999999743e+02
3.052224853876800807e+02,3.229177199999999743e+02
3.053598936938869315e+02,3.229177199999999743e+02
3.045764950859950773e+02,3.229177199999999743e+02
3.055197950145549157e+02,3.229177199999999743e+02
3.055423370334048627e+02,3.229177199999999743e+02
3.056796963352229568e+02,3.229177199999999743e+02
3.055874418025750856e+02,3.229177199999999743e+02
3.058395976558908842e+02,3.229177199999999743e+02
3.058621886791296447e+02,3.229177199999999743e+02
3.059994989765589253e+02,3.229177199999999743e+02
3.056777343558281927e+02,3.229177199999999743e+02
3.061594002972269095e+02,3.229177199999999743e+02
3.061820403248544267e+02,3.229177199999999743e+02
3.063193016178948938e+02,3.229177199999999743e+02
3.062273412017167402e+02,3.229177199999999743e+02
3.064792029385629348e+02,3.229177199999999743e+02
3.065018919705792086e+02,3.229177199999999743e+02
3.066391042592308622e+02,3.229177199999999743e+02
2.149621300000000019e+02,1.430435799999999915e+02
3.067990055798989033e+02,4.373674300000000130e+02
3.068217436163040475e+02,4.373674300000000130e+02
3.069589069005668875e+02,4.373674300000000130e+02
3.068672406008583948e+02,4.373674300000000130e+02
3.071188082212348718e+02,4.373674300000000130e+02
3.071415952620288294e+02,4.373674300000000130e+02
3.072787095419028560e+02,4.373674300000000130e+02
3.069583183067484242e+02,4.373674300000000130e+02
3.074386108625708403e+02,4.373674300000000130e+02
3.074614469077536114e+02,4.373674300000000130e+02
3.075985121832388813e+02,4.373674300000000130e+02
3.075071399999999926e+02,4.373674300000000130e+02
3.077584135039068656e+02,4.373674300000000130e+02
3.077812985534783934e+02,4.373674300000000130e+02
3.079183148245748498e+02,4.373674300000000130e+02
3.071408093857493782e+02,4.373674300000000130e+02
3.080782161452428340e+02,4.373674300000000130e+02
3.081011501992031754e+02,4.373674300000000130e+02
3.082381174659108183e+02,4.373674300000000130e+02
3.081470393991415904e+02,4.373674300000000130e+02
3.083980187865788594e+02,4.373674300000000130e+02
3.084210018449280142e+02,4.373674300000000130e+02
3.085579201072467868e+02,4.373674300000000130e+02
3.082389022576687125e+02,4.373674300000000130e+02
3.087178214279148278e+02,4.373674300000000130e+02
3.087408534906527962e+02,4.373674300000000130e+02
3.088777227485828121e+02,4.373674300000000130e+02
3.087869387982832450e+02,4.373674300000000130e+02
3.090376240692507963e+02,4.373674300000000130e+02
3.090607051363775781e+02,4.373674300000000130e+02
3.091975253899188374e+02,4.373674300000000130e+02
3.075071399999999926e+02,4.373674300000000130e+02
3.093574267105867648e+02,3.514859599999999773e+02
3.093805567821023601e+02,3.514859599999999773e+02
3.095173280312548059e+02,3.514859599999999773e+02
3.094268381974248996e+02,3.514859599999999773e+02
3.096772293519227901e+02,3.514859599999999773e+02
3.097004084278271421e+02,3.514859599999999773e+02
3.098371306725907743e+02,3.514859599999999773e+02
3.095194862085889440e+02,3.514859599999999773e+02
3.099970319932588154e+02,3.514859599999999773e+02
3.100202600735519809e+02,3.514859599999999773e+02
3.101569333139267428e+02,3.514859599999999773e+02
3.100667375965665542e+02,3.514859599999999773e+02
3.103168346345947839e+02,3.514859599999999773e+02
3.103401117192767060e+02,3.514859599999999773e+02
3.104767359552627681e+02,3.514859599999999773e+02
3.097051236855036791e+02,3.514859599999999773e+02
3.106366372759307524e+02,3.514859599999999773e+02
3.106599633650015448e+02,3.514859599999999773e+02
3.107965385965987366e+02,3.514859599999999773e+02
3.107066369957081520e+02,3.514859599999999773e+02
3.109564399172667208e+02,3.514859599999999773e+02
3.109798150107263268e+02,3.514859599999999773e+02
3.111163412379347619e+02,3.514859599999999773e+02
3.108000701595092323e+02,3.514859599999999773e+02
3.112762425586026893e+02,3.514859599999999773e+02
3.112996666564511088e+02,3.514859599999999773e+02
3.114361438792707304e+02,3.514859599999999773e+02
3.113465363948497497e+02,3.514859599999999773e+02
3.115960451999387146e+02,3.514859599999999773e+02
3.116195183021759476e+02,3.514859599999999773e+02
3.117559465206066989e+02,3.514859599999999773e+02
2.525889300000000048e+02,1.269072299999999984e+02
3.119158478412747399e+02,3.514859599999999773e+02
3.119393699479006727e+02,3.514859599999999773e+02
3.120757491619426673e+02,3.514859599999999773e+02
3.119864357939914044e+02,3.514859599999999773e+02
3.122356504826107084e+02,3.514859599999999773e+02
3.122592215936255116e+02,3.514859599999999773e+02
3.123955518032786927e+02,3.514859599999999773e+02
3.120806541104294638e+02,3.514859599999999773e+02
3.125554531239466769e+02,3.514859599999999773e+02
3.125790732393502935e+02,3.514859599999999773e+02
3.127153544446147180e+02,3.514859599999999773e+02
3.126263351931330590e+02,3.514859599999999773e+02
3.128752557652826454e+02,3.514859599999999773e+02
3.128989248850750755e+02,3.514859599999999773e+02
3.130351570859506865e+02,3.514859599999999773e+02
3.122694379852579800e+02,3.514859599999999773e+02
3.131950584066186707e+02,3.514859599999999773e+02
3.132187765307999143e+02,3.514859599999999773e+02
3.133549597272866549e+02,3.514859599999999773e+02
3.132662345922747136e+02,3.514859599999999773e+02
3.135148610479546960e+02,3.514859599999999773e+02
3.135386281765246395e+02,3.514859599999999773e+02
3.136747623686226234e+02,3.514859599999999773e+02
3.133612380613496953e+02,3.514859599999999773e+02
3.138346636892906645e+02,3.514859599999999773e+02
3.138584798222494783e+02,3.514859599999999773e+02
3.139945650099586487e+02,3.514859599999999773e+02
3.139061339914163113e+02,3.514859599999999773e+02
3.141544663306266330e+02,3.514859599999999773e+02
3.141783314679742602e+02,3.514859599999999773e+02
3.143143676512946172e+02,3.514859599999999773e+02
3.126484006896552046e+02,3.514859599999999773e+02
3.144742689719626014e+02,3.781347700000000032e+02
3.144981831136990422e+02,3.781347700000000032e+02
3.146341702926306425e+02,3.781347700000000032e+02
3.145460333905579091e+02,3.781347700000000032e+02
3.147940716132985699e+02,3.781347700000000032e+02
3.148180347594238810e+02,3.781347700000000032e+02
3.149539729339666110e+02,3.781347700000000032e+02
3.146418220122699267e+02,3.781347700000000032e+02
3.151138742546345952e+02,3.781347700000000032e+02
3.151378864051486062e+02,3.781347700000000032e+02
3.152737755753025795e+02,3.781347700000000032e+02
3.151859327896995637e+02,3.781347700000000032e+02
3.154336768959706205e+02,3.781347700000000032e+02
3.154577380508734450e+02,3.781347700000000032e+02
3.155935782166385479e+02,3.781347700000000032e+02
3.148337522850122809e+02,3.781347700000000032e+02
3.157534795373065890e+02,4.274350600000000213e+02
3.157775896965982270e+02,4.274350600000000213e+02
3.159133808579745732e+02,4.274350600000000213e+02
3.158258321888412183e+02,4.274350600000000213e+02
3.160732821786425575e+02,4.274350600000000213e+02
3.160974413423230089e+02,4.274350600000000213e+02
3.162331834993105986e+02,4.274350600000000213e+02
3.159224059631901582e+02,4.274350600000000213e+02
3.163930848199785260e+02,4.274350600000000213e+02
3.164172929880478478e+02,4.274350600000000213e+02
3.165529861406465670e+02,4.274350600000000213e+02
3.164657315879828730e+02,4.274350600000000213e+02
3.167128874613145513e+02,4.274350600000000213e+02
3.167371446337725729e+02,4.274350600000000213e+02
3.168727887819825355e+02,4.274350600000000213e+02
2.966238000000000170e+02,1.198460699999999974e+02
3.170326901026505197e+02,3.967459699999999998e+02
3.170569962794974117e+02,3.967459699999999998e+02
3.171925914233185040e+02,3.967459699999999998e+02
3.171056309871244707e+02,3.967459699999999998e+02
3.173524927439865451e+02,3.967459699999999998e+02
3.173768479252221937e+02,3.967459699999999998e+02
3.175123940646545293e+02,3.967459699999999998e+02
3.172029899141103897e+02,3.967459699999999998e+02
3.176722953853225135e+02,3.967459699999999998e+02
3.176966995709469757e+02,3.967459699999999998e+02
3.178321967059904978e+02,3.967459699999999998e+02
3.177455303862660685e+02,3.967459699999999998e+02
3.179920980266584820e+02,3.967459699999999998e+02
3.180165512166718145e+02,3.967459699999999998e+02
3.181519993473265231e+02,3.967459699999999998e+02
3.173980665847665819e+02,3.967459699999999998e+02
3.183119006679944505e+02,3.967459699999999998e+02
3.183364028623965396e+02,3.967459699999999998e+02
3.184718019886624916e+02,3.967459699999999998e+02
3.183854297854077231e+02,3.967459699999999998e+02
3.186317033093304758e+02,3.967459699999999998e+02
3.186562545081213784e+02,3.967459699999999998e+02
3.187916046299984600e+02,3.967459699999999998e+02
3.184835738650306780e+02,3.967459699999999998e+02
3.189515059506665011e+02,4.123356999999999744e+02
3.189761061538461604e+02,4.123356999999999744e+02
3.191114072713344285e+02,4.123356999999999744e+02
3.190253291845493777e+02,4.123356999999999744e+02
3.192713085920024696e+02,4.123356999999999744e+02
3.192959577995709424e+02,4.123356999999999744e+02
3.194312099126704538e+02,4.123356999999999744e+02
3.177896613793103597e+02,3.967459699999999998e+02
3.195911112333384381e+02,4.123356999999999744e+02
3.196158094452957812e+02,4.123356999999999744e+02
3.197510125540064791e+02,4.123356999999999744e+02
3.196652285836909755e+02,4.123356999999999744e+02
3.199109138746744065e+02,4.123356999999999744e+02
3.199356610910205063e+02,4.123356999999999744e+02
3.200708151953424476e+02,4.123356999999999744e+02
3.197641578159509095e+02,4.123356999999999744e+02
3.202307165160104319e+02,4.123356999999999744e+02
3.202555127367453451e+02,4.123356999999999744e+02
3.203906178366784161e+02,4.123356999999999744e+02
3.203051279828326301e+02,4.123356999999999744e+02
3.205505191573464003e+02,4.123356999999999744e+02
3.205753643824701271e+02,4.123356999999999744e+02
3.207104204780143846e+02,4.123356999999999744e+02
3.199623808845208828e+02,4.123356999999999744e+02
3.208703217986824257e+02,4.123356999999999744e+02
3.208952160281949091e+02,4.123356999999999744e+02
3.210302231193503530e+02,4.123356999999999744e+02
3.209450273819742279e+02,4.123356999999999744e+02
3.211901244400183941e+02,4.123356999999999744e+02
3.212150676739197479e+02,4.123356999999999744e+02
3.213500257606863784e+02,4.123356999999999744e+02
3.210447417668711978e+02,4.123356999999999744e+02
3.215099270813543626e+02,4.123356999999999744e+02
3.215349193196444730e+02,4.123356999999999744e+02
3.216698284020224037e+02,4.123356999999999744e+02
3.215849267811158825e+02,4.123356999999999744e+02
3.218297297226903311e+02,4.123356999999999744e+02
3.218547709653693119e+02,4.123356999999999744e+02
3.219896310433583722e+02,4.123356999999999744e+02
3.426508200000000102e+02,1.194228499999999968e+02
3.221495323640263564e+02,4.123356999999999744e+02
3.221746226110940938e+02,4.123356999999999744e+02
3.223094336846943406e+02,4.123356999999999744e+02
3.222248261802575371e+02,4.123356999999999744e+02
3.224693350053623817e+02,4.123356999999999744e+02
3.224944742568188758e+02,4.123356999999999744e+02
3.226292363260303091e+02,4.123356999999999744e+02
3.223253257177914293e+02,4.123356999999999744e+02
3.227891376466983502e+02,4.123356999999999744e+02
3.228143259025437146e+02,4.123356999999999744e+02
3.229490389673663344e+02,4.123356999999999744e+02
3.228647255793991349e+02,4.123356999999999744e+02
3.231089402880343187e+02,4.123356999999999744e+02
3.231341775482684398e+02,4.123356999999999744e+02
3.232688416087023597e+02,4.123356999999999744e+02
3.225266951842751837e+02,4.123356999999999744e+02
3.234287429293702871e+02,4.123356999999999744e+02
3.234540291939932786e+02,4.123356999999999744e+02
3.235886442500383282e+02,4.123356999999999744e+02
3.235046249785407326e+02,4.123356999999999744e+02
3.237485455707063124e+02,4.123356999999999744e+02
3.237738808397180605e+02,4.123356999999999744e+02
3.239084468913742967e+02,4.123356999999999744e+02
3.236059096687116607e+02,4.123356999999999744e+02
3.240683482120422809e+02,4.123356999999999744e+02
3.240937324854428425e+02,4.123356999999999744e+02
3.242282495327102652e+02,4.123356999999999744e+02
3.241445243776823872e+02,4.123356999999999744e+02
3.243881508533783062e+02,4.123356999999999744e+02
3.244135841311676813e+02,4.123356999999999744e+02
3.245480521740462336e+02,4.123356999999999744e+02
3.229309220689655149e+02,4.123356999999999744e+02
3.247079534947142747e+02,4.123356999999999744e+02
3.247334357768924065e+02,4.123356999999999744e+02
3.248678548153822589e+02,4.123356999999999744e+02
3.247844237768240419e+02,4.123356999999999744e+02
3.250277561360502432e+02,4.123356999999999744e+02
3.250532874226172453e+02,4.123356999999999744e+02
3.251876574567182843e+02,4.123356999999999744e+02
3.248864936196318922e+02,4.123356999999999744e+02
3.253475587773862117e+02,4.123356999999999744e+02
3.253731390683420273e+02,4.123356999999999744e+02
3.255074600980542527e+02,4.123356999999999744e+02
3.254243231759656965e+02,4.123356999999999744e+02
3.256673614187222370e+02,4.123356999999999744e+02
3.256929907140668092e+02,4.123356999999999744e+02
3.258272627393902212e+02,4.123356999999999744e+02
3.250910094840294846e+02,4.123356999999999744e+02
3.259871640600582623e+02,4.123356999999999744e+02
3.260128423597916481e+02,4.123356999999999744e+02
3.261470653807261897e+02,4.123356999999999744e+02
3.260642225751072942e+02,4.123356999999999744e+02
3.263069667013942308e+02,4.123356999999999744e+02
3.263326940055163732e+02,4.123356999999999744e+02
3.264668680220622150e+02,4.123356999999999744e+02
3.261670775705521237e+02,4.123356999999999744e+02
3.266267693427301992e+02,4.123356999999999744e+02
3.266525456512412120e+02,4.123356999999999744e+02
3.267866706633981835e+02,4.123356999999999744e+02
3.267041219742488920e+02,4.123356999999999744e+02
3.269465719840661677e+02,4.123356999999999744e+02
3.269723972969659940e+02,4.123356999999999744e+02
3.271064733047342088e+02,4.123356999999999744e+02
3.846708399999999983e+02,1.273227540000000033e+02
3.272663746254021930e+02,4.123356999999999744e+02
3.272922489426907759e+02,4.123356999999999744e+02
3.274262759460701773e+02,4.123356999999999744e+02
3.273440213733905466e+02,4.123356999999999744e+02
3.275861772667381615e+02,4.123356999999999744e+02
3.276121005884156148e+02,4.123356999999999744e+02
3.277460785874061457e+02,4.123356999999999744e+02
3.274476615214723552e+02,4.123356999999999744e+02
3.279059799080741868e+02,4.123356999999999744e+02
3.279319522341403399e+02,4.123356999999999744e+02
3.280658812287421142e+02,4.123356999999999744e+02
3.279839207725322012e+02,4.123356999999999744e+02
3.282257825494101553e+02,4.123356999999999744e+02
3.282518038798651787e+02,4.123356999999999744e+02
3.283856838700781395e+02,4.123356999999999744e+02
3.276553237837837855e+02,4.123356999999999744e+02
3.285455851907461238e+02,4.123356999999999744e+02
3.285716555255899607e+02,4.123356999999999744e+02
3.287054865114141649e+02,4.123356999999999744e+02
3.286238201716738558e+02,4.123356999999999744e+02
3.288653878320820922e+02,4.123356999999999744e+02
3.288915071713147427e+02,4.123356999999999744e+02
3.290252891527501333e+02,4.123356999999999744e+02
3.287282454723925866e+02,4.123356999999999744e+02
3.291851904734181176e+02,4.123356999999999744e+02
3.292113588170395815e+02,4.123356999999999744e+02
3.293450917940861018e+02,4.123356999999999744e+02
3.292637195708154536e+02,4.123356999999999744e+02
3.295049931147541429e+02,4.123356999999999744e+02
3.295312104627643066e+02,4.123356999999999744e+02
3.296648944354220703e+02,4.123356999999999744e+02
3.280721827586206700e+02,4.123356999999999744e+02
3.298247957560901114e+02,4.123356999999999744e+02
3.298510621084891454e+02,4.123356999999999744e+02
3.299846970767580956e+02,4.123356999999999744e+02
3.299036189699570514e+02,4.123356999999999744e+02
3.301445983974260798e+02,4.123356999999999744e+02
3.301709137542139274e+02,4.123356999999999744e+02
3.303044997180940641e+02,4.123356999999999744e+02
3.300088294233128750e+02,4.123356999999999744e+02
3.304644010387620483e+02,4.123356999999999744e+02
3.304907653999387094e+02,4.123356999999999744e+02
3.306243023594300894e+02,4.123356999999999744e+02
3.305435183690987060e+02,4.123356999999999744e+02
3.307842036800980168e+02,4.123356999999999744e+02
3.308106170456635482e+02,4.123356999999999744e+02
3.309441050007660579e+02,4.123356999999999744e+02
3.302196380835380864e+02,4.123356999999999744e+02
3.311040063214340421e+02,4.123356999999999744e+02
3.311304686913882733e+02,4.123356999999999744e+02
3.312639076421020263e+02,4.123356999999999744e+02
3.311834177682403606e+02,4.123356999999999744e+02
3.314238089627700674e+02,4.123356999999999744e+02
3.314503203371131121e+02,4.123356999999999744e+02
3.315837102834379948e+02,4.123356999999999744e+02
3.312894133742331064e+02,4.123356999999999744e+02
3.317436116041060359e+02,4.123356999999999744e+02
3.317701719828378941e+02,4.123356999999999744e+02
3.319035129247740201e+02,4.123356999999999744e+02
3.318233171673819584e+02,4.123356999999999744e+02
3.320634142454420044e+02,4.123356999999999744e+02
3.320900236285626761e+02,4.123356999999999744e+02
3.322233155661100454e+02,4.123356999999999744e+02
4.188188200000000165e+02,1.414310299999999927e+02
3.323832168867779728e+02,1.194228499999999968e+02
3.324098752742875149e+02,1.194228499999999968e+02
3.325431182074460139e+02,1.194228499999999968e+02
3.324632165665236130e+02,1.194228499999999968e+02
3.327030195281139981e+02,1.194228499999999968e+02
3.327297269200122400e+02,1.194228499999999968e+02
3.328629208487819824e+02,1.194228499999999968e+02
3.325699973251533947e+02,1.194228499999999968e+02
3.330228221694500235e+02,1.194228499999999968e+02
3.330495785657370789e+02,1.194228499999999968e+02
3.331827234901179509e+02,1.194228499999999968e+02
3.331031159656652108e+02,1.194228499999999968e+02
3.333426248107859919e+02,1.194228499999999968e+02
3.333694302114618608e+02,1.194228499999999968e+02
3.335025261314539762e+02,1.194228499999999968e+02
3.327839523832923874e+02,1.194228499999999968e+02
3.336624274521219604e+02,1.194228499999999968e+02
3.336892818571866428e+02,1.194228499999999968e+02
3.338223287727899447e+02,1.194228499999999968e+02
3.337430153648068654e+02,1.194228499999999968e+02
3.339822300934579289e+02,1.194228499999999968e+02
3.340091335029114816e+02,1.194228499999999968e+02
3.341421314141259700e+02,1.194228499999999968e+02
3.338505812760736262e+02,1.194228499999999968e+02
3.343020327347938974e+02,1.194228499999999968e+02
3.343289851486362068e+02,1.194228499999999968e+02
3.344619340554619384e+02,1.194228499999999968e+02
3.343829147639485200e+02,1.194228499999999968e+02
3.346218353761299227e+02,1.194228499999999968e+02
3.346488367943610456e+02,1.194228499999999968e+02
3.347817366967979069e+02,1.194228499999999968e+02
3.332134434482758252e+02,1.194228499999999968e+02
3.349416380174659480e+02,1.194228499999999968e+02
3.349686884400858276e+02,1.194228499999999968e+02
3.351015393381338754e+02,1.194228499999999968e+02
3.350228141630901177e+02,1.194228499999999968e+02
3.352614406588019165e+02,1.194228499999999968e+02
3.352885400858106095e+02,1.194228499999999968e+02
3.354213419794699007e+02,1.194228499999999968e+02
3.351311652269938577e+02,1.194228499999999968e+02
3.355812433001378849e+02,1.194228499999999968e+02
3.356083917315353915e+02,1.194228499999999968e+02
3.357411446208059260e+02,1.194228499999999968e+02
3.356627135622317155e+02,1.194228499999999968e+02
3.359010459414738534e+02,1.194228499999999968e+02
3.359282433772601735e+02,1.194228499999999968e+02
3.360609472621418945e+02,1.194228499999999968e+02
3.353482666830466883e+02,1.194228499999999968e+02
3.362208485828098787e+02,1.194228499999999968e+02
3.362480950229850123e+02,1.194228499999999968e+02
3.363807499034778630e+02,1.194228499999999968e+02
3.363026129613733701e+02,1.194228499999999968e+02
3.365406512241458472e+02,1.194228499999999968e+02
3.365679466687097943e+02,1.194228499999999968e+02
3.367005525448138314e+02,1.194228499999999968e+02
3.364117491779140892e+02,1.194228499999999968e+02
3.368604538654818725e+02,1.194228499999999968e+02
3.368877983144345762e+02,1.194228499999999968e+02
3.370203551861498568e+02,1.194228499999999968e+02
3.369425123605150247e+02,1.194228499999999968e+02
3.371802565068178410e+02,1.194228499999999968e+02
3.372076499601593582e+02,1.194228499999999968e+02
3.373401578274858252e+02,1.194228499999999968e+02
4.421623500000000035e+02,1.596545399999999972e+02
3.375000591481538095e+02,1.194228499999999968e+02
3.375275016058841402e+02,1.194228499999999968e+02
3.376599604688218506e+02,1.194228499999999968e+02
3.375824117596566794e+02,1.194228499999999968e+02
3.378198617894897779e+02,1.194228499999999968e+02
3.378473532516089790e+02,1.194228499999999968e+02
3.379797631101578190e+02,1.194228499999999968e+02
3.376923331288343206e+02,1.194228499999999968e+02
3.381396644308258033e+02,1.194228499999999968e+02
3.381672048973337610e+02,1.194228499999999968e+02
3.382995657514937875e+02,1.194228499999999968e+02
3.382223111587982771e+02,1.194228499999999968e+02
3.384594670721618286e+02,1.194228499999999968e+02
3.384870565430585430e+02,1.194228499999999968e+02
3.386193683928297560e+02,1.194228499999999968e+02
3.379125809828009892e+02,1.194228499999999968e+02
3.387792697134977971e+02,1.194228499999999968e+02
3.388069081887833249e+02,1.194228499999999968e+02
3.389391710341657813e+02,1.194228499999999968e+02
3.388622105579398749e+02,1.194228499999999968e+02
3.390990723548337655e+02,1.194228499999999968e+02
3.391267598345081069e+02,1.194228499999999968e+02
3.392589736755018066e+02,1.194228499999999968e+02
3.389729170797545521e+02,1.194228499999999968e+02
3.394188749961697340e+02,1.194228499999999968e+02
3.394466114802329457e+02,1.194228499999999968e+02
3.395787763168377751e+02,1.194228499999999968e+02
3.395021099570815295e+02,1.194228499999999968e+02
3.397386776375057593e+02,1.194228499999999968e+02
3.397664631259577277e+02,1.194228499999999968e+02
3.398985789581737436e+02,1.194228499999999968e+02
3.383547041379310372e+02,1.194228499999999968e+02
3.400584802788417278e+02,1.194228499999999968e+02
3.400863147716825097e+02,1.194228499999999968e+02
3.402183815995097120e+02,1.194228499999999968e+02
3.401420093562231841e+02,1.194228499999999968e+02
3.403782829201777531e+02,1.194228499999999968e+02
3.404061664174072916e+02,1.194228499999999968e+02
3.405381842408456805e+02,1.194228499999999968e+02
3.402535010306748404e+02,1.194228499999999968e+02
3.406980855615137216e+02,1.194228499999999968e+02
3.407260180631320736e+02,1.194228499999999968e+02
3.408579868821817058e+02,1.194228499999999968e+02
3.407819087553648387e+02,1.194228499999999968e+02
3.410178882028496901e+02,1.194228499999999968e+02
3.410458697088569124e+02,1.194228499999999968e+02
3.411777895235177311e+02,1.194228499999999968e+02
3.404768952825552901e+02,1.194228499999999968e+02
3.413376908441856585e+02,1.194228499999999968e+02
3.413657213545816944e+02,1.194228499999999968e+02
3.414975921648536996e+02,1.194228499999999968e+02
3.414218081545064365e+02,1.194228499999999968e+02
3.416574934855216839e+02,1.194228499999999968e+02
3.416855730003064764e+02,1.194228499999999968e+02
3.418173948061896681e+02,1.194228499999999968e+02
3.415340849815950719e+02,1.194228499999999968e+02
3.419772961268577092e+02,1.194228499999999968e+02
3.420054246460312584e+02,1.194228499999999968e+02
3.421371974475256366e+02,1.194228499999999968e+02
3.420617075536480343e+02,1.194228499999999968e+02
3.422970987681936776e+02,1.194228499999999968e+02
3.423252762917560403e+02,1.194228499999999968e+02
3.424570000888616619e+02,1.194228499999999968e+02
4.564078400000000215e+02,1.784687500000000000e+02
3.426169014095296461e+02,1.194228499999999968e+02
3.426451279374808792e+02,1.194228499999999968e+02
3.427768027301976304e+02,1.194228499999999968e+02
3.427016069527896889e+02,1.194228499999999968e+02
3.429367040508656146e+02,1.194228499999999968e+02
3.429649795832056611e+02,1.194228499999999968e+02
3.430966053715336557e+02,1.194228499999999968e+02
3.428146689325153602e+02,1.194228499999999968e+02
3.432565066922016399e+02,1.194228499999999968e+02
3.432848312289304431e+02,1.194228499999999968e+02
3.434164080128696241e+02,1.194228499999999968e+02
3.433415063519313435e+02,1.194228499999999968e+02
3.435763093335376084e+02,1.194228499999999968e+02
3.436046828746552251e+02,1.194228499999999968e+02
3.437362106542055926e+02,1.194228499999999968e+02
3.430412095823095910e+02,1.194228499999999968e+02
3.438961119748736337e+02,1.194228499999999968e+02
3.439245345203800071e+02,1.194228499999999968e+02
3.440560132955415611e+02,1.194228499999999968e+02
3.439814057510729981e+02,1.194228499999999968e+02
3.442159146162096022e+02,1.194228499999999968e+02
3.442443861661048459e+02,1.194228499999999968e+02
3.443758159368775864e+02,1.194228499999999968e+02
3.440952528834355917e+02,1.194228499999999968e+02
3.445357172575455706e+02,1.194228499999999968e+02
3.445642378118295710e+02,1.194228499999999968e+02
3.446956185782136117e+02,1.194228499999999968e+02
3.446213051502145959e+02,1.194228499999999968e+02
3.448555198988815391e+02,1.194228499999999968e+02
3.448840894575544098e+02,1.194228499999999968e+02
3.450154212195495802e+02,1.194228499999999968e+02
3.434959648275861923e+02,1.194228499999999968e+02
3.451753225402175644e+02,1.194228499999999968e+02
3.452039411032791918e+02,1.194228499999999968e+02
3.453352238608855487e+02,1.194228499999999968e+02
3.452612045493561936e+02,1.194228499999999968e+02
3.454951251815535898e+02,1.194228499999999968e+02
3.455237927490039738e+02,1.194228499999999968e+02
3.456550265022215171e+02,1.194228499999999968e+02
3.453758368343558232e+02,1.194228499999999968e+02
3.458149278228895582e+02,1.194228499999999968e+02
3.458436443947288126e+02,1.194228499999999968e+02
3.459748291435575425e+02,1.194228499999999968e+02
3.459011039484978483e+02,1.194228499999999968e+02
3.461347304642255267e+02,1.194228499999999968e+02
3.461634960404535377e+02,1.194228499999999968e+02
3.462946317848935109e+02,1.194228499999999968e+02
3.456055238820638920e+02,1.194228499999999968e+02
3.464545331055614952e+02,1.194228499999999968e+02
3.464833476861783765e+02,1.194228499999999968e+02
3.466144344262295363e+02,1.194228499999999968e+02
3.465410033476395029e+02,1.194228499999999968e+02
3.467743357468974637e+02,1.194228499999999968e+02
3.468031993319031585e+02,1.194228499999999968e+02
3.469342370675655047e+02,1.194228499999999968e+02
3.466564207852760546e+02,1.194228499999999968e+02
3.470941383882334890e+02,1.194228499999999968e+02
3.471230509776279405e+02,1.194228499999999968e+02
3.472540397089014732e+02,1.194228499999999968e+02
3.471809027467811006e+02,1.194228499999999968e+02
3.474139410295695143e+02,1.194228499999999968e+02
3.474429026233527793e+02,1.194228499999999968e+02
3.475738423502374417e+02,1.194228499999999968e+02
4.603279999999999745e+02,2.015419899999999984e+02
3.477337436709054828e+02,1.194228499999999968e+02
3.477627542690775044e+02,1.194228499999999968e+02
3.478936449915734670e+02,1.194228499999999968e+02
3.478208021459227552e+02,1.194228499999999968e+02
3.480535463122414512e+02,1.194228499999999968e+02
3.480826059148023432e+02,1.194228499999999968e+02
3.482134476329094923e+02,1.194228499999999968e+02
3.479370047361962861e+02,1.194228499999999968e+02
3.483733489535774197e+02,1.194228499999999968e+02
3.484024575605271252e+02,1.194228499999999968e+02
3.485332502742454608e+02,1.194228499999999968e+02
3.484607015450643530e+02,1.194228499999999968e+02
3.486931515949134450e+02,1.194228499999999968e+02
3.487223092062519072e+02,1.194228499999999968e+02
3.488530529155814293e+02,1.194228499999999968e+02
3.481698381818181929e+02,1.194228499999999968e+02
3.490129542362494703e+02,1.194228499999999968e+02
3.490421608519767460e+02,1.194228499999999968e+02
3.491728555569173977e+02,1.194228499999999968e+02
3.491006009442060076e+02,1.194228499999999968e+02
3.493327568775854388e+02,1.194228499999999968e+02
3.493620124977014711e+02,1.194228499999999968e+02
3.494926581982534231e+02,1.194228499999999968e+02
3.492175886871165176e+02,1.194228499999999968e+02
3.496525595189214073e+02,1.194228499999999968e+02
3.496818641434263100e+02,1.194228499999999968e+02
3.498124608395893915e+02,1.194228499999999968e+02
3.497405003433476622e+02,1.194228499999999968e+02
3.499723621602573758e+02,1.194228499999999968e+02
3.500017157891510919e+02,1.194228499999999968e+02
3.501322634809254168e+02,1.194228499999999968e+02
3.486372255172414043e+02,1.194228499999999968e+02
3.502921648015933442e+02,1.194228499999999968e+02
3.503215674348758739e+02,1.194228499999999968e+02
3.504520661222613853e+02,1.194228499999999968e+02
3.503803997424892600e+02,1.194228499999999968e+02
3.506119674429293696e+02,1.194228499999999968e+02
3.506414190806007127e+02,1.194228499999999968e+02
3.507718687635973538e+02,1.194228499999999968e+02
3.504981726380368059e+02,1.194228499999999968e+02
3.509317700842653949e+02,1.194228499999999968e+02
3.509612707263254379e+02,1.194228499999999968e+02
3.510916714049333223e+02,1.194228499999999968e+02
3.510202991416308578e+02,1.194228499999999968e+02
3.512515727256013633e+02,1.194228499999999968e+02
3.512811223720502767e+02,1.194228499999999968e+02
3.514114740462693476e+02,1.194228499999999968e+02
3.507341524815724370e+02,1.194228499999999968e+02
3.515713753669373318e+02,1.194228499999999968e+02
3.516009740177750587e+02,1.194228499999999968e+02
3.517312766876053729e+02,1.194228499999999968e+02
3.516601985407725124e+02,1.194228499999999968e+02
3.518911780082733003e+02,1.194228499999999968e+02
3.519208256634998406e+02,1.194228499999999968e+02
3.520510793289413414e+02,1.194228499999999968e+02
3.517787565889570374e+02,1.194228499999999968e+02
3.522109806496093256e+02,1.194228499999999968e+02
3.522406773092246794e+02,1.194228499999999968e+02
3.523708819702773098e+02,1.194228499999999968e+02
3.523000979399141670e+02,1.194228499999999968e+02
3.525307832909452941e+02,1.194228499999999968e+02
3.525605289549494046e+02,1.194228499999999968e+02
3.526906846116132783e+02,1.194228499999999968e+02
4.528245200000000068e+02,2.193448500000000081e+02
3.528505859322813194e+02,1.194228499999999968e+02
3.528803806006742434e+02,1.194228499999999968e+02
3.530104872529493036e+02,1.194228499999999968e+02
3.529399973390558216e+02,1.194228499999999968e+02
3.531703885736172879e+02,1.194228499999999968e+02
3.532002322463990254e+02,1.194228499999999968e+02
3.533302898942852721e+02,1.194228499999999968e+02
3.530593405398773257e+02,1.194228499999999968e+02
3.534901912149532563e+02,1.194228499999999968e+02
3.535200838921238073e+02,1.194228499999999968e+02
3.536500925356212974e+02,1.194228499999999968e+02
3.535798967381974194e+02,1.194228499999999968e+02
3.538099938562892248e+02,1.194228499999999968e+02
3.538399355378486462e+02,1.194228499999999968e+02
3.539698951769572659e+02,1.194228499999999968e+02
3.532984667813267379e+02,1.194228499999999968e+02
3.541297964976252501e+02,1.194228499999999968e+02
3.541597871835733713e+02,1.194228499999999968e+02
3.542896978182932344e+02,1.194228499999999968e+02
3.542197961373390172e+02,1.194228499999999968e+02
3.544495991389612755e+02,1.194228499999999968e+02
3.544796388292982101e+02,1.194228499999999968e+02
3.546095004596292029e+02,1.194228499999999968e+02
3.543399244907975572e+02,1.194228499999999968e+02
3.547694017802972439e+02,1.194228499999999968e+02
3.547994904750229921e+02,1.194228499999999968e+02
3.549293031009652282e+02,1.194228499999999968e+02
3.548596955364806718e+02,1.194228499999999968e+02
3.550892044216332124e+02,1.194228499999999968e+02
3.551193421207477741e+02,1.194228499999999968e+02
3.552491057423012535e+02,1.194228499999999968e+02
3.537784862068965595e+02,1.194228499999999968e+02
3.554090070629691809e+02,1.194228499999999968e+02
3.554391937664726129e+02,1.194228499999999968e+02
3.555689083836372220e+02,1.194228499999999968e+02
3.554995949356223264e+02,1.194228499999999968e+02
3.557288097043052062e+02,1.194228499999999968e+02
3.557590454121973380e+02,1.194228499999999968e+02
3.558887110249731904e+02,1.194228499999999968e+02
3.556205084417177886e+02,1.194228499999999968e+02
3.560486123456411747e+02,1.194228499999999968e+02
3.560788970579221768e+02,1.194228499999999968e+02
3.562085136663091589e+02,1.194228499999999968e+02
3.561394943347639810e+02,1.194228499999999968e+02
3.563684149869772000e+02,1.194228499999999968e+02
3.563987487036469588e+02,1.194228499999999968e+02
3.565283163076451274e+02,1.194228499999999968e+02
3.558627810810810388e+02,1.194228499999999968e+02
3.566882176283131685e+02,1.194228499999999968e+02
3.567186003493717408e+02,1.194228499999999968e+02
3.568481189489811527e+02,1.194228499999999968e+02
3.567793937339055788e+02,1.194228499999999968e+02
3.570080202696491369e+02,1.194228499999999968e+02
3.570384519950965796e+02,1.194228499999999968e+02
3.571679215903171780e+02,1.194228499999999968e+02
3.569010923926380201e+02,1.194228499999999968e+02
3.573278229109851054e+02,1.194228499999999968e+02
3.573583036408213047e+02,1.194228499999999968e+02
3.574877242316531465e+02,1.194228499999999968e+02
3.574192931330471765e+02,1.194228499999999968e+02
3.576476255523211307e+02,1.194228499999999968e+02
3.576781552865461435e+02,1.194228499999999968e+02
3.578075268729891150e+02,1.194228499999999968e+02
4.255643600000000220e+02,2.453110399999999913e+02
3.579674281936571560e+02,1.194228499999999968e+02
3.579980069322709255e+02,1.194228499999999968e+02
3.581273295143250834e+02,1.194228499999999968e+02
3.580591925321888311e+02,1.194228499999999968e+02
3.582872308349931245e+02,1.194228499999999968e+02
3.583178585779957075e+02,1.194228499999999968e+02
3.584471321556611088e+02,1.194228499999999968e+02
3.581816763435582516e+02,1.194228499999999968e+02
3.586070334763290930e+02,1.194228499999999968e+02
3.586377102237205463e+02,1.194228499999999968e+02
3.587669347969971341e+02,1.194228499999999968e+02
3.586990919313304857e+02,1.194228499999999968e+02
3.589268361176650615e+02,1.194228499999999968e+02
3.589575618694452714e+02,1.194228499999999968e+02
3.590867374383331025e+02,1.194228499999999968e+02
3.584270953808353397e+02,1.194228499999999968e+02
3.592466387590010868e+02,1.194228499999999968e+02
3.592774135151701103e+02,1.194228499999999968e+02
3.594065400796690710e+02,1.194228499999999968e+02
3.593389913304721404e+02,1.194228499999999968e+02
3.595664414003370553e+02,1.194228499999999968e+02
3.595972651608948922e+02,1.194228499999999968e+02
3.597263427210050395e+02,1.194228499999999968e+02
3.594622602944784830e+02,1.194228499999999968e+02
3.598862440416730806e+02,1.194228499999999968e+02
3.599171168066196742e+02,1.194228499999999968e+02
3.600461453623410080e+02,1.194228499999999968e+02
3.599788907296137381e+02,1.194228499999999968e+02
3.602060466830090490e+02,1.194228499999999968e+02
3.602369684523445130e+02,1.194228499999999968e+02
3.603659480036770333e+02,1.194228499999999968e+02
3.589197468965517146e+02,1.194228499999999968e+02
3.605258493243450175e+02,1.194228499999999968e+02
3.605568200980692382e+02,1.194228499999999968e+02
3.606857506450130586e+02,1.194228499999999968e+02
3.606187901287553359e+02,1.194228499999999968e+02
3.608456519656809860e+02,1.194228499999999968e+02
3.608766717437940770e+02,1.194228499999999968e+02
3.610055532863490271e+02,1.194228499999999968e+02
3.607428442453987714e+02,1.194228499999999968e+02
3.611654546070170113e+02,1.194228499999999968e+02
3.611965233895188589e+02,1.194228499999999968e+02
3.613253559276849955e+02,1.194228499999999968e+02
3.612586895278969905e+02,1.194228499999999968e+02
3.614852572483530366e+02,1.194228499999999968e+02
3.615163750352436409e+02,1.194228499999999968e+02
3.616451585690209640e+02,1.194228499999999968e+02
3.609914096805896406e+02,1.194228499999999968e+02
3.618050598896890051e+02,1.194228499999999968e+02
3.618362266809684797e+02,1.194228499999999968e+02
3.619649612103569893e+02,1.194228499999999968e+02
3.618985889270386451e+02,1.194228499999999968e+02
3.621248625310249736e+02,1.194228499999999968e+02
3.621560783266932049e+02,1.194228499999999968e+02
3.622847638516929578e+02,1.194228499999999968e+02
3.620234281963190028e+02,1.194228499999999968e+02
3.624446651723609421e+02,1.194228499999999968e+02
3.624759299724180437e+02,1.194228499999999968e+02
3.626045664930289831e+02,1.194228499999999968e+02
3.625384883261802429e+02,1.194228499999999968e+02
3.627644678136969674e+02,1.194228499999999968e+02
3.627957816181428257e+02,1.194228499999999968e+02
3.629243691343649516e+02,1.194228499999999968e+02
3.979472999999999843e+02,2.622223000000000184e+02
3.630842704550329358e+02,2.690928999999999860e+02
3.631156332638676076e+02,2.690928999999999860e+02
3.632441717757009201e+02,2.690928999999999860e+02
3.631783877253218407e+02,2.690928999999999860e+02
3.634040730963689612e+02,2.690928999999999860e+02
3.634354849095924465e+02,2.690928999999999860e+02
3.635639744170368886e+02,2.690928999999999860e+02
3.633040121472392912e+02,2.690928999999999860e+02
3.637238757377049296e+02,2.690928999999999860e+02
3.637553365553171716e+02,2.690928999999999860e+02
3.638837770583729139e+02,2.690928999999999860e+02
3.638182871244634953e+02,2.690928999999999860e+02
3.640436783790408981e+02,2.690928999999999860e+02
3.640751882010420104e+02,2.690928999999999860e+02
3.642035796997089392e+02,2.690928999999999860e+02
3.635557239803439415e+02,2.690928999999999860e+02
3.643634810203768666e+02,2.690928999999999860e+02
3.643950398467667924e+02,2.690928999999999860e+02
3.645233823410449077e+02,2.690928999999999860e+02
3.644581865236051499e+02,2.690928999999999860e+02
3.646832836617128919e+02,2.690928999999999860e+02
3.647148914924915744e+02,2.690928999999999860e+02
3.648431849823808761e+02,2.690928999999999860e+02
3.645845960981595226e+02,2.690928999999999860e+02
3.650030863030489172e+02,2.690928999999999860e+02
3.650347431382164132e+02,2.690928999999999860e+02
3.651629876237168446e+02,2.690928999999999860e+02
3.650980859227468045e+02,2.690928999999999860e+02
3.653228889443848857e+02,2.690928999999999860e+02
3.653545947839411383e+02,2.690928999999999860e+02
3.654827902650528699e+02,2.690928999999999860e+02
3.640610075862068697e+02,2.690928999999999860e+02
3.656426915857208542e+02,2.690928999999999860e+02
3.656744464296659771e+02,2.690928999999999860e+02
3.658025929063888384e+02,2.690928999999999860e+02
3.657379853218884023e+02,2.690928999999999860e+02
3.659624942270568226e+02,2.690928999999999860e+02
3.659942980753907591e+02,2.690928999999999860e+02
3.661223955477248637e+02,2.690928999999999860e+02
3.658651800490797541e+02,2.690928999999999860e+02
3.662822968683927911e+02,2.690928999999999860e+02
3.663141497211155411e+02,2.690928999999999860e+02
3.664421981890608322e+02,2.690928999999999860e+02
3.663778847210300000e+02,2.690928999999999860e+02
3.666020995097288164e+02,2.690928999999999860e+02
3.666340013668403799e+02,2.690928999999999860e+02
3.667620008303968007e+02,2.690928999999999860e+02
3.661200382800982425e+02,2.690928999999999860e+02
3.669219021510648417e+02,2.690928999999999860e+02
3.669538530125651050e+02,2.690928999999999860e+02
3.670818034717327691e+02,2.690928999999999860e+02
3.670177841201716546e+02,2.690928999999999860e+02
3.672417047924008102e+02,2.690928999999999860e+02
3.672737046582899438e+02,2.690928999999999860e+02
3.674016061130687945e+02,2.690928999999999860e+02
3.671457639999999856e+02,2.690928999999999860e+02
3.675615074337367787e+02,2.690928999999999860e+02
3.675935563040147258e+02,2.690928999999999860e+02
3.677214087544048198e+02,2.690928999999999860e+02
3.676576835193133093e+02,2.690928999999999860e+02
3.678813100750727472e+02,2.690928999999999860e+02
3.679134079497395078e+02,2.690928999999999860e+02
3.680412113957407882e+02,2.690928999999999860e+02
3.821121800000000235e+02,2.679347000000000207e+02
3.682011127164087725e+02,2.690928999999999860e+02
3.682332595954643466e+02,2.690928999999999860e+02
3.683610140370767567e+02,2.690928999999999860e+02
3.682975829184549639e+02,2.690928999999999860e+02
3.685209153577447978e+02,2.690928999999999860e+02
3.685531112411890717e+02,2.690928999999999860e+02
3.686808166784127252e+02,2.690928999999999860e+02
3.684263479509202170e+02,2.690928999999999860e+02
3.688407179990807663e+02,2.690928999999999860e+02
3.688729628869139106e+02,2.690928999999999860e+02
3.690006193197487505e+02,2.690928999999999860e+02
3.689374823175965616e+02,2.690928999999999860e+02
3.691605206404167348e+02,2.690928999999999860e+02
3.691928145326386925e+02,2.690928999999999860e+02
3.693204219610847190e+02,2.690928999999999860e+02
3.686843525798525434e+02,2.690928999999999860e+02
3.694803232817527032e+02,2.690928999999999860e+02
3.695126661783634745e+02,2.690928999999999860e+02
3.696402246024207443e+02,2.690928999999999860e+02
3.695773817167381594e+02,2.690928999999999860e+02
3.698001259230886717e+02,2.690928999999999860e+02
3.698325178240882565e+02,2.690928999999999860e+02
3.699600272437567128e+02,2.690928999999999860e+02
3.697069319018404485e+02,2.690928999999999860e+02
3.701199285644246970e+02,2.690928999999999860e+02
3.701523694698130384e+02,2.690928999999999860e+02
3.702798298850926813e+02,2.690928999999999860e+02
3.702172811158798140e+02,2.690928999999999860e+02
3.704397312057607223e+02,2.690928999999999860e+02
3.704722211155378773e+02,2.690928999999999860e+02
3.705996325264286497e+02,2.690928999999999860e+02
3.692022682758620249e+02,2.690928999999999860e+02
3.707595338470966908e+02,2.690928999999999860e+02
3.707920727612626592e+02,2.690928999999999860e+02
3.709194351677646750e+02,2.690928999999999860e+02
3.708571805150214686e+02,2.690928999999999860e+02
3.710793364884326593e+02,2.690928999999999860e+02
3.711119244069874412e+02,2.690928999999999860e+02
3.712392378091007004e+02,2.690928999999999860e+02
3.709875158527606800e+02,2.690928999999999860e+02
3.713991391297686278e+02,2.690928999999999860e+02
3.714317760527122232e+02,2.690928999999999860e+02
3.715590404504366688e+02,2.690928999999999860e+02
3.714970799141631232e+02,2.690928999999999860e+02
3.717189417711046531e+02,2.690928999999999860e+02
3.717516276984370052e+02,2.690928999999999860e+02
3.718788430917726373e+02,2.690928999999999860e+02
3.712486668796068443e+02,2.690928999999999860e+02
3.720387444124406215e+02,2.690928999999999860e+02
3.720714793441618440e+02,2.690928999999999860e+02
3.721986457331086058e+02,2.690928999999999860e+02
3.721369793133047210e+02,2.690928999999999860e+02
3.723585470537766469e+02,2.690928999999999860e+02
3.723913309898866260e+02,2.690928999999999860e+02
3.725184483744446311e+02,2.690928999999999860e+02
3.722680998036809683e+02,2.690928999999999860e+02
3.726783496951126153e+02,2.690928999999999860e+02
3.727111826356114079e+02,2.690928999999999860e+02
3.728382510157805996e+02,2.690928999999999860e+02
3.727768787124463188e+02,2.690928999999999860e+02
3.729981523364485838e+02,2.690928999999999860e+02
3.730310342813361899e+02,2.690928999999999860e+02
3.731580536571166249e+02,2.690928999999999860e+02
3.753556500000000256e+02,2.690928999999999860e+02
3.733179549777845523e+02,2.690928999999999860e+02
3.733508859270609719e+02,2.690928999999999860e+02
3.734778562984525934e+02,2.690928999999999860e+02
3.734167781115879734e+02,2.690928999999999860e+02
3.736377576191205776e+02,2.690928999999999860e+02
3.736707375727858107e+02,2.690928999999999860e+02
3.737976589397885618e+02,2.690928999999999860e+02
3.735486837546011998e+02,2.690928999999999860e+02
3.739575602604566029e+02,2.690928999999999860e+02
3.739905892185105927e+02,2.690928999999999860e+02
3.741174615811245303e+02,2.690928999999999860e+02
3.740566775107296280e+02,2.690928999999999860e+02
3.742773629017925714e+02,2.690928999999999860e+02
3.743104408642353746e+02,2.690928999999999860e+02
3.744372642224605556e+02,2.690928999999999860e+02
3.738129811793611452e+02,2.690928999999999860e+02
3.745971655431285399e+02,2.690928999999999860e+02
3.746302925099601566e+02,2.690928999999999860e+02
3.747570668637965809e+02,2.690928999999999860e+02
3.746965769098712258e+02,2.690928999999999860e+02
3.749169681844645083e+02,2.690928999999999860e+02
3.749501441556849386e+02,2.690928999999999860e+02
3.750768695051325494e+02,2.690928999999999860e+02
3.748292677055214881e+02,2.690928999999999860e+02
3.752367708258005337e+02,2.690928999999999860e+02
3.752699958014097774e+02,2.690928999999999860e+02
3.753966721464685179e+02,2.690928999999999860e+02
3.753364763090128804e+02,2.690928999999999860e+02
3.755565734671365021e+02,2.690928999999999860e+02
3.755898474471345594e+02,2.690928999999999860e+02
3.757164747878044864e+02,2.690928999999999860e+02
3.743435289655172369e+02,2.690928999999999860e+02
3.758763761084725274e+02,2.690928999999999860e+02
3.759096990928593414e+02,2.690928999999999860e+02
3.760362774291404548e+02,2.690928999999999860e+02
3.759763757081544782e+02,2.690928999999999860e+02
3.761961787498084959e+02,2.690928999999999860e+02
3.762295507385841233e+02,2.690928999999999860e+02
3.763560800704764802e+02,2.690928999999999860e+02
3.761098516564417196e+02,2.690928999999999860e+02
3.765159813911444644e+02,2.690928999999999860e+02
3.765494023843089053e+02,2.690928999999999860e+02
3.766758827118125055e+02,2.690928999999999860e+02
3.766162751072961328e+02,2.690928999999999860e+02
3.768357840324804329e+02,2.690928999999999860e+02
3.768692540300337441e+02,2.690928999999999860e+02
3.769956853531484740e+02,2.690928999999999860e+02
3.763772954791154461e+02,2.690928999999999860e+02
3.771555866738164582e+02,2.690928999999999860e+02
3.771891056757585261e+02,2.690928999999999860e+02
3.773154879944844424e+02,2.690928999999999860e+02
3.772561745064377874e+02,2.690928999999999860e+02
3.774753893151524835e+02,2.690928999999999860e+02
3.775089573214833081e+02,2.690928999999999860e+02
3.776352906358204109e+02,2.690928999999999860e+02
3.773904356073619510e+02,2.690928999999999860e+02
3.777951919564884520e+02,2.690928999999999860e+02
3.778288089672080901e+02,2.690928999999999860e+02
3.779550932771564362e+02,2.690928999999999860e+02
3.778960739055793852e+02,2.690928999999999860e+02
3.781149945978244205e+02,2.690928999999999860e+02
3.781486606129328720e+02,2.690928999999999860e+02
3.782748959184924047e+02,2.690928999999999860e+02
3.753556500000000256e+02,2.690928999999999860e+02
3.784347972391603889e+02,2.679347000000000207e+02
3.784685122586577108e+02,2.679347000000000207e+02
3.785946985598284300e+02,2.679347000000000207e+02
3.785359733047209829e+02,2.679347000000000207e+02
3.787545998804964142e+02,2.679347000000000207e+02
3.787883639043824360e+02,2.679347000000000207e+02
3.789145012011643985e+02,2.679347000000000207e+02
3.786710195582821825e+02,2.679347000000000207e+02
3.790744025218323827e+02,2.679347000000000207e+02
3.791082155501072748e+02,2.679347000000000207e+02
3.792343038425003670e+02,2.679347000000000207e+02
3.791758727038626375e+02,2.679347000000000207e+02
3.793942051631684080e+02,2.679347000000000207e+02
3.794280671958320568e+02,2.679347000000000207e+02
3.795541064838363354e+02,2.679347000000000207e+02
3.789416097788697471e+02,2.679347000000000207e+02
3.797140078045043765e+02,2.679347000000000207e+02
3.797479188415568387e+02,2.679347000000000207e+02
3.798739091251723607e+02,2.679347000000000207e+02
3.798157721030042921e+02,2.679347000000000207e+02
3.800338104458403450e+02,2.679347000000000207e+02
3.800677704872816776e+02,2.679347000000000207e+02
3.801937117665083861e+02,2.679347000000000207e+02
3.799516035092024140e+02,2.679347000000000207e+02
3.803536130871763135e+02,2.679347000000000207e+02
3.803876221330064027e+02,2.679347000000000207e+02
3.805135144078443545e+02,2.679347000000000207e+02
3.804556715021459468e+02,2.679347000000000207e+02
3.806734157285123388e+02,2.679347000000000207e+02
3.807074737787312415e+02,2.679347000000000207e+02
3.808333170491803230e+02,2.679347000000000207e+02
3.794847896551724489e+02,2.679347000000000207e+02
3.809932183698483641e+02,2.679347000000000207e+02
3.810273254244560235e+02,2.679347000000000207e+02
3.811531196905162915e+02,2.679347000000000207e+02
3.810955709012875445e+02,2.679347000000000207e+02
3.813130210111843326e+02,2.679347000000000207e+02
3.813471770701808055e+02,2.679347000000000207e+02
3.814729223318523168e+02,2.679347000000000207e+02
3.812321874601226455e+02,2.679347000000000207e+02
3.816328236525203010e+02,2.679347000000000207e+02
3.816670287159056443e+02,2.679347000000000207e+02
3.817927249731882853e+02,2.679347000000000207e+02
3.817354703004291423e+02,2.679347000000000207e+02
3.819526262938562695e+02,2.679347000000000207e+02
3.819868803616303694e+02,2.679347000000000207e+02
3.821125276145243106e+02,2.679347000000000207e+02
3.815059240786240480e+02,2.679347000000000207e+02
3.822724289351922380e+02,2.679347000000000207e+02
3.823067320073552082e+02,2.679347000000000207e+02
3.824323302558602791e+02,2.679347000000000207e+02
3.823753696995707969e+02,2.679347000000000207e+02
3.825922315765282633e+02,2.679347000000000207e+02
3.826265836530799902e+02,2.679347000000000207e+02
3.827521328971962475e+02,2.679347000000000207e+02
3.825127714110429338e+02,2.679347000000000207e+02
3.829120342178642886e+02,2.679347000000000207e+02
3.829464352988047722e+02,2.679347000000000207e+02
3.830719355385322160e+02,2.679347000000000207e+02
3.830152690987124515e+02,2.679347000000000207e+02
3.832318368592002571e+02,2.679347000000000207e+02
3.832662869445296110e+02,2.679347000000000207e+02
3.833917381798682413e+02,2.679347000000000207e+02
5.023143299999999840e+02,3.170720200000000091e+02
3.835516395005362256e+02,1.273227540000000033e+02
3.835861385902543361e+02,1.273227540000000033e+02
3.837115408212042666e+02,1.273227540000000033e+02
3.836551684978541061e+02,1.273227540000000033e+02
3.838714421418721940e+02,1.273227540000000033e+02
3.839059902359791749e+02,1.273227540000000033e+02
3.840313434625402351e+02,1.273227540000000033e+02
3.837933553619631653e+02,1.273227540000000033e+02
3.841912447832082194e+02,1.273227540000000033e+02
3.842258418817039569e+02,1.273227540000000033e+02
3.843511461038762036e+02,1.273227540000000033e+02
3.842950678969957039e+02,1.273227540000000033e+02
3.845110474245442447e+02,1.273227540000000033e+02
3.845456935274287389e+02,1.273227540000000033e+02
3.846709487452121721e+02,1.273227540000000033e+02
3.840702383783783489e+02,1.273227540000000033e+02
3.848308500658802132e+02,1.273227540000000033e+02
3.848655451731535777e+02,1.273227540000000033e+02
3.849907513865481974e+02,1.273227540000000033e+02
3.849349672961373017e+02,1.273227540000000033e+02
3.851506527072161816e+02,1.273227540000000033e+02
3.851853968188783028e+02,1.273227540000000033e+02
3.853105540278841659e+02,1.273227540000000033e+02
3.850739393128834536e+02,1.273227540000000033e+02
3.854704553485521501e+02,1.273227540000000033e+02
3.855052484646031417e+02,1.273227540000000033e+02
3.856303566692201912e+02,1.273227540000000033e+02
3.855748666952789563e+02,1.273227540000000033e+02
3.857902579898881186e+02,1.273227540000000033e+02
3.858251001103279236e+02,1.273227540000000033e+02
3.859501593105561597e+02,1.273227540000000033e+02
3.846260503448276040e+02,1.273227540000000033e+02
3.861100606312241439e+02,1.273227540000000033e+02
3.861449517560527056e+02,1.273227540000000033e+02
3.862699619518921281e+02,1.273227540000000033e+02
3.862147660944206109e+02,1.273227540000000033e+02
3.864298632725601692e+02,1.273227540000000033e+02
3.864648034017775444e+02,1.273227540000000033e+02
3.865897645932280966e+02,1.273227540000000033e+02
3.863545232638036850e+02,1.273227540000000033e+02
3.867496659138961377e+02,1.273227540000000033e+02
3.867846550475022696e+02,1.273227540000000033e+02
3.869095672345641219e+02,1.273227540000000033e+02
3.868546654935622655e+02,1.273227540000000033e+02
3.870694685552321062e+02,1.273227540000000033e+02
3.871045066932271084e+02,1.273227540000000033e+02
3.872293698759001472e+02,1.273227540000000033e+02
3.866345526781326498e+02,1.273227540000000033e+02
3.873892711965680746e+02,1.273227540000000033e+02
3.874243583389518903e+02,1.273227540000000033e+02
3.875491725172361157e+02,1.273227540000000033e+02
3.874945648927038633e+02,1.273227540000000033e+02
3.877090738379040999e+02,1.273227540000000033e+02
3.877442099846766723e+02,1.273227540000000033e+02
3.878689751585720842e+02,1.273227540000000033e+02
3.876351072147239165e+02,1.273227540000000033e+02
3.880288764792400684e+02,1.273227540000000033e+02
3.880640616304015111e+02,1.273227540000000033e+02
3.881887777999080527e+02,1.273227540000000033e+02
3.881344642918454610e+02,1.273227540000000033e+02
3.883486791205760937e+02,1.273227540000000033e+02
3.883839132761262363e+02,1.273227540000000033e+02
3.885085804412440780e+02,1.273227540000000033e+02
5.023143299999999840e+02,3.170720200000000091e+02
3.886684817619120622e+02,1.273227540000000033e+02
3.887037649218510751e+02,1.273227540000000033e+02
3.888283830825800464e+02,1.273227540000000033e+02
3.887743636909871157e+02,1.273227540000000033e+02
3.889882844032480307e+02,1.273227540000000033e+02
3.890236165675758571e+02,1.273227540000000033e+02
3.891481857239160718e+02,1.273227540000000033e+02
3.889156911656441480e+02,1.273227540000000033e+02
3.893080870445839992e+02,1.273227540000000033e+02
3.893434682133006390e+02,1.273227540000000033e+02
3.894679883652520402e+02,1.273227540000000033e+02
3.894142630901287703e+02,1.273227540000000033e+02
3.896278896859200245e+02,1.273227540000000033e+02
3.896633198590254779e+02,1.273227540000000033e+02
3.897877910065880087e+02,1.273227540000000033e+02
3.891988669778869507e+02,1.273227540000000033e+02
3.899476923272560498e+02,1.273227540000000033e+02
3.899831715047502030e+02,1.273227540000000033e+02
3.901075936479239772e+02,1.273227540000000033e+02
3.900541624892703680e+02,1.273227540000000033e+02
3.902674949685920183e+02,1.273227540000000033e+02
3.903030231504750418e+02,1.273227540000000033e+02
3.904273962892600025e+02,1.273227540000000033e+02
3.901962751165643795e+02,1.273227540000000033e+02
3.905872976099279867e+02,1.273227540000000033e+02
3.906228747961998238e+02,1.273227540000000033e+02
3.907471989305960278e+02,1.273227540000000033e+02
3.906940618884120227e+02,1.273227540000000033e+02
3.909071002512639552e+02,1.273227540000000033e+02
3.909427264419246058e+02,1.273227540000000033e+02
3.910670015719319963e+02,1.273227540000000033e+02
3.897673110344827592e+02,1.273227540000000033e+02
3.912269028925999805e+02,1.273227540000000033e+02
3.912625780876494446e+02,1.273227540000000033e+02
3.913868042132679648e+02,1.273227540000000033e+02
3.913339612875536204e+02,1.273227540000000033e+02
3.915467055339359490e+02,1.273227540000000033e+02
3.915824297333741697e+02,1.273227540000000033e+02
3.917066068546039332e+02,1.273227540000000033e+02
3.914768590674846109e+02,1.273227540000000033e+02
3.918665081752719743e+02,1.273227540000000033e+02
3.919022813790990085e+02,1.273227540000000033e+02
3.920264094959399017e+02,1.273227540000000033e+02
3.919738606866952750e+02,1.273227540000000033e+02
3.921863108166079428e+02,1.273227540000000033e+02
3.922221330248237905e+02,1.273227540000000033e+02
3.923462121372759270e+02,1.273227540000000033e+02
3.917631812776412517e+02,1.273227540000000033e+02
3.925061134579439113e+02,1.273227540000000033e+02
3.925419846705485725e+02,1.273227540000000033e+02
3.926660147786119524e+02,1.273227540000000033e+02
3.926137600858369296e+02,1.273227540000000033e+02
3.928259160992798797e+02,1.273227540000000033e+02
3.928618363162734113e+02,1.273227540000000033e+02
3.929858174199479208e+02,1.273227540000000033e+02
3.927574430184048992e+02,1.273227540000000033e+02
3.931457187406159051e+02,1.273227540000000033e+02
3.931816879619981364e+02,1.273227540000000033e+02
3.933056200612838893e+02,1.273227540000000033e+02
3.932536594849785274e+02,1.273227540000000033e+02
3.934655213819519304e+02,1.273227540000000033e+02
3.935015396077229752e+02,1.273227540000000033e+02
3.936254227026198578e+02,1.273227540000000033e+02
4.724652699999999754e+02,2.970613999999999919e+02
3.937853240232878989e+02,3.455782500000000255e+02
3.938213912534477572e+02,3.455782500000000255e+02
3.939452253439558831e+02,3.455782500000000255e+02
3.938935588841201252e+02,3.455782500000000255e+02
3.941051266646238673e+02,3.455782500000000255e+02
3.941412428991725392e+02,3.455782500000000255e+02
3.942650279852919084e+02,3.455782500000000255e+02
3.940380269693251307e+02,3.455782500000000255e+02
3.944249293059598358e+02,3.455782500000000255e+02
3.944610945448973780e+02,3.455782500000000255e+02
3.945848306266278769e+02,3.455782500000000255e+02
3.945334582832617798e+02,3.455782500000000255e+02
3.947447319472958611e+02,3.455782500000000255e+02
3.947809461906221031e+02,3.455782500000000255e+02
3.949046332679638454e+02,3.455782500000000255e+02
3.943274955773955526e+02,3.455782500000000255e+02
3.950645345886318296e+02,3.455782500000000255e+02
3.951007978363469419e+02,3.455782500000000255e+02
3.952244359092998138e+02,3.455782500000000255e+02
3.951733576824034344e+02,3.455782500000000255e+02
3.953843372299678549e+02,3.455782500000000255e+02
3.954206494820717239e+02,3.455782500000000255e+02
3.955442385506357823e+02,3.455782500000000255e+02
3.953186109202454190e+02,3.455782500000000255e+02
3.957041398713038234e+02,3.455782500000000255e+02
3.957405011277965059e+02,3.455782500000000255e+02
3.958640411919718076e+02,3.455782500000000255e+02
3.958132570815450890e+02,3.455782500000000255e+02
3.960239425126397919e+02,3.455782500000000255e+02
3.960603527735213447e+02,3.455782500000000255e+02
3.961838438333078329e+02,3.455782500000000255e+02
3.949085717241379143e+02,3.455782500000000255e+02
3.963437451539757603e+02,2.622223000000000184e+02
3.963802044192460698e+02,2.622223000000000184e+02
3.965036464746438014e+02,2.622223000000000184e+02
3.964531564806866868e+02,2.622223000000000184e+02
3.966635477953117856e+02,2.622223000000000184e+02
3.967000560649709087e+02,2.622223000000000184e+02
3.968234491159797699e+02,2.622223000000000184e+02
3.965991948711656505e+02,2.622223000000000184e+02
3.969833504366478110e+02,2.622223000000000184e+02
3.970199077106956906e+02,2.622223000000000184e+02
3.971432517573157384e+02,2.622223000000000184e+02
3.970930558798282846e+02,2.622223000000000184e+02
3.973031530779837794e+02,2.622223000000000184e+02
3.973397593564204726e+02,2.622223000000000184e+02
3.974630543986517637e+02,2.622223000000000184e+02
3.968918098771498535e+02,2.622223000000000184e+02
3.976229557193197479e+02,2.622223000000000184e+02
3.976596110021453114e+02,2.622223000000000184e+02
3.977828570399877322e+02,2.622223000000000184e+02
3.977329552789699392e+02,2.622223000000000184e+02
3.979427583606557164e+02,2.622223000000000184e+02
3.979794626478700366e+02,2.622223000000000184e+02
3.981026596813237575e+02,2.622223000000000184e+02
3.978797788220858820e+02,2.622223000000000184e+02
3.982625610019917417e+02,2.622223000000000184e+02
3.982993142935948754e+02,2.622223000000000184e+02
3.984224623226597259e+02,2.622223000000000184e+02
3.983728546781115938e+02,2.622223000000000184e+02
3.985823636433277102e+02,2.622223000000000184e+02
3.986191659393196574e+02,2.622223000000000184e+02
3.987422649639956944e+02,2.622223000000000184e+02
4.531663800000000037e+02,2.930824000000000069e+02
3.989021662846637355e+02,3.733111599999999726e+02
3.989390175850444393e+02,3.733111599999999726e+02
3.990620676053316629e+02,3.733111599999999726e+02
3.990127540772532484e+02,3.733111599999999726e+02
3.992219689259997040e+02,3.733111599999999726e+02
3.992588692307692781e+02,3.733111599999999726e+02
3.993818702466676882e+02,3.733111599999999726e+02
3.991603627730061135e+02,3.733111599999999726e+02
3.995417715673356724e+02,3.733111599999999726e+02
3.995787208764940033e+02,3.733111599999999726e+02
3.997016728880037135e+02,3.733111599999999726e+02
3.996526534763948462e+02,3.733111599999999726e+02
3.998615742086716409e+02,3.733111599999999726e+02
3.998985725222188421e+02,3.733111599999999726e+02
4.000214755293396820e+02,3.733111599999999726e+02
3.994561241769041544e+02,3.733111599999999726e+02
4.001813768500076662e+02,3.733111599999999726e+02
4.002184241679436241e+02,3.733111599999999726e+02
4.003412781706756505e+02,3.733111599999999726e+02
4.002925528755364439e+02,3.733111599999999726e+02
4.005011794913436916e+02,3.733111599999999726e+02
4.005382758136684060e+02,3.733111599999999726e+02
4.006610808120116189e+02,3.733111599999999726e+02
4.004409467239263449e+02,3.733111599999999726e+02
4.008209821326796600e+02,3.733111599999999726e+02
4.008581274593932449e+02,3.733111599999999726e+02
4.009808834533476443e+02,3.733111599999999726e+02
4.009324522746780985e+02,3.733111599999999726e+02
4.011407847740156285e+02,3.733111599999999726e+02
4.011779791051179700e+02,3.733111599999999726e+02
4.013006860946836127e+02,3.733111599999999726e+02
4.000498324137930695e+02,3.733111599999999726e+02
4.014605874153515970e+02,3.733111599999999726e+02
4.014978307508428088e+02,3.733111599999999726e+02
4.016204887360196381e+02,3.733111599999999726e+02
4.015723516738197532e+02,3.733111599999999726e+02
4.017803900566875654e+02,3.733111599999999726e+02
4.018176823965675908e+02,3.733111599999999726e+02
4.019402913773556065e+02,3.733111599999999726e+02
4.017215306748465764e+02,3.733111599999999726e+02
4.021001926980235908e+02,3.733111599999999726e+02
4.021375340422923728e+02,3.733111599999999726e+02
4.022600940186915750e+02,3.733111599999999726e+02
4.022122510729614078e+02,3.733111599999999726e+02
4.024199953393596161e+02,3.733111599999999726e+02
4.024573856880172116e+02,3.733111599999999726e+02
4.025798966600275435e+02,3.733111599999999726e+02
4.020204384766584553e+02,3.733111599999999726e+02
4.027397979806955846e+02,3.733111599999999726e+02
4.027772373337419367e+02,3.733111599999999726e+02
4.028996993013635688e+02,3.733111599999999726e+02
4.028521504721030055e+02,3.733111599999999726e+02
4.030596006220315530e+02,3.733111599999999726e+02
4.030970889794667755e+02,3.733111599999999726e+02
4.032195019426995941e+02,3.733111599999999726e+02
4.030021146257668647e+02,3.733111599999999726e+02
4.033794032633675215e+02,3.733111599999999726e+02
4.034169406251915575e+02,3.733111599999999726e+02
4.035393045840355626e+02,3.733111599999999726e+02
4.034920498712446033e+02,3.733111599999999726e+02
4.036992059047035468e+02,3.733111599999999726e+02
4.037367922709163395e+02,3.733111599999999726e+02
4.038591072253715311e+02,3.733111599999999726e+02
4.336609199999999760e+02,2.960287000000000148e+02
4.040190085460395721e+02,3.200989999999999895e+02
4.040566439166411783e+02,3.200989999999999895e+02
4.041789098667074995e+02,3.200989999999999895e+02
4.041319492703862579e+02,3.200989999999999895e+02
4.043388111873755406e+02,3.200989999999999895e+02
4.043764955623659034e+02,3.200989999999999895e+02
4.044987125080435248e+02,3.200989999999999895e+02
4.042826985766870962e+02,3.200989999999999895e+02
4.046586138287115091e+02,3.200989999999999895e+02
4.046963472080907422e+02,3.200989999999999895e+02
4.048185151493794933e+02,3.200989999999999895e+02
4.047718486695279125e+02,3.200989999999999895e+02
4.049784164700474776e+02,3.200989999999999895e+02
4.050161988538155242e+02,3.200989999999999895e+02
4.051383177907155186e+02,3.200989999999999895e+02
4.045847527764127562e+02,3.200989999999999895e+02
4.052982191113834460e+02,3.200989999999999895e+02
4.053360504995403062e+02,3.200989999999999895e+02
4.054581204320514871e+02,3.200989999999999895e+02
4.054117480686695103e+02,3.200989999999999895e+02
4.056180217527194714e+02,3.200989999999999895e+02
4.056559021452650882e+02,3.200989999999999895e+02
4.057779230733874556e+02,3.200989999999999895e+02
4.055632825276073277e+02,3.200989999999999895e+02
4.059378243940554967e+02,3.200989999999999895e+02
4.059757537909898701e+02,3.200989999999999895e+02
4.060977257147234241e+02,3.200989999999999895e+02
4.060516474678111081e+02,3.200989999999999895e+02
4.062576270353914651e+02,3.200989999999999895e+02
4.062956054367147090e+02,3.200989999999999895e+02
4.064175283560594494e+02,3.200989999999999895e+02
4.051910931034482246e+02,3.200989999999999895e+02
4.065774296767274336e+02,3.200989999999999895e+02
4.066154570824394909e+02,3.200989999999999895e+02
4.067373309973954747e+02,3.200989999999999895e+02
4.066915468669527627e+02,3.200989999999999895e+02
4.068972323180634021e+02,3.200989999999999895e+02
4.069353087281642729e+02,3.200989999999999895e+02
4.070571336387314432e+02,3.200989999999999895e+02
4.068438664785276160e+02,3.200989999999999895e+02
4.072170349593994274e+02,3.200989999999999895e+02
4.072551603738890549e+02,3.200989999999999895e+02
4.073769362800674116e+02,3.200989999999999895e+02
4.073314462660944173e+02,3.200989999999999895e+02
4.075368376007353959e+02,3.200989999999999895e+02
4.075750120196138369e+02,3.200989999999999895e+02
4.076967389214033801e+02,3.200989999999999895e+02
4.071490670761670572e+02,3.200989999999999895e+02
4.078566402420714212e+02,3.200989999999999895e+02
4.078948636653386757e+02,3.200989999999999895e+02
4.080165415627394054e+02,3.200989999999999895e+02
4.079713456652360719e+02,3.200989999999999895e+02
4.081764428834073897e+02,3.200989999999999895e+02
4.082147153110634576e+02,3.200989999999999895e+02
4.083363442040753739e+02,3.200989999999999895e+02
4.081244504294478475e+02,3.200989999999999895e+02
4.084962455247433581e+02,3.200989999999999895e+02
4.085345669567882396e+02,3.200989999999999895e+02
4.086561468454113992e+02,3.200989999999999895e+02
4.086112450643776697e+02,3.200989999999999895e+02
4.088160481660793266e+02,3.200989999999999895e+02
4.088544186025130216e+02,3.200989999999999895e+02
4.089759494867473677e+02,3.200989999999999895e+02
4.170017000000000280e+02,3.063969700000000103e+02
4.091358508074153519e+02,3.976374500000000012e+02
4.091742702482378036e+02,3.976374500000000012e+02
4.092957521280833362e+02,3.976374500000000012e+02
4.092511444635192674e+02,3.976374500000000012e+02
4.094556534487513773e+02,3.976374500000000012e+02
4.094941218939626424e+02,3.976374500000000012e+02
4.096155547694193046e+02,3.976374500000000012e+02
4.094050343803680789e+02,3.976374500000000012e+02
4.097754560900873457e+02,3.976374500000000012e+02
4.098139735396874244e+02,3.976374500000000012e+02
4.099353574107553300e+02,3.976374500000000012e+02
4.098910438626609221e+02,3.976374500000000012e+02
4.100952587314233142e+02,3.976374500000000012e+02
4.101338251854122063e+02,3.976374500000000012e+02
4.102551600520913553e+02,3.976374500000000012e+02
4.097133813759213581e+02,3.976374500000000012e+02
4.104150613727592827e+02,3.976374500000000012e+02
4.104536768311369883e+02,3.976374500000000012e+02
4.105749626934273238e+02,3.976374500000000012e+02
4.105309432618025767e+02,3.976374500000000012e+02
4.107348640140953080e+02,3.976374500000000012e+02
4.107735284768617703e+02,3.976374500000000012e+02
4.108947653347632922e+02,3.976374500000000012e+02
4.106856183312883104e+02,3.976374500000000012e+02
4.110546666554312765e+02,3.976374500000000012e+02
4.110933801225866091e+02,3.976374500000000012e+02
4.112145679760992607e+02,3.976374500000000012e+02
4.111708426609442313e+02,3.976374500000000012e+02
4.113744692967673018e+02,3.976374500000000012e+02
4.114132317683113911e+02,3.976374500000000012e+02
4.115343706174352292e+02,3.976374500000000012e+02
4.103323537931034366e+02,3.976374500000000012e+02
4.116942719381032703e+02,3.976374500000000012e+02
4.117330834140361731e+02,3.976374500000000012e+02
4.118541732587712545e+02,3.976374500000000012e+02
4.118107420600858291e+02,3.976374500000000012e+02
4.120140745794392387e+02,3.976374500000000012e+02
4.120529350597609550e+02,3.976374500000000012e+02
4.121739759001072798e+02,3.976374500000000012e+02
4.119662022822085419e+02,3.976374500000000012e+02
4.123338772207752072e+02,3.976374500000000012e+02
4.123727867054857370e+02,3.976374500000000012e+02
4.124937785414432483e+02,3.976374500000000012e+02
4.124506414592274268e+02,3.976374500000000012e+02
4.126536798621112325e+02,3.976374500000000012e+02
4.126926383512105758e+02,3.976374500000000012e+02
4.128135811827792168e+02,3.976374500000000012e+02
4.122776956756756590e+02,3.976374500000000012e+02
4.129734825034472578e+02,3.976374500000000012e+02
4.130124899969353010e+02,3.976374500000000012e+02
4.131333838241151852e+02,3.976374500000000012e+02
4.130905408583690814e+02,3.976374500000000012e+02
4.132932851447832263e+02,3.976374500000000012e+02
4.133323416426601398e+02,3.976374500000000012e+02
4.134531864654512106e+02,3.976374500000000012e+02
4.132467862331287733e+02,3.976374500000000012e+02
4.136130877861191948e+02,3.976374500000000012e+02
4.136521932883849217e+02,3.976374500000000012e+02
4.137729891067871790e+02,3.976374500000000012e+02
4.137304402575107360e+02,3.976374500000000012e+02
4.139328904274551633e+02,3.976374500000000012e+02
4.139720449341097037e+02,3.976374500000000012e+02
4.140927917481232043e+02,3.976374500000000012e+02
4.052166399999999840e+02,3.200989999999999895e+02
4.142526930687911886e+02,3.063969700000000103e+02
4.142918965798345425e+02,3.063969700000000103e+02
4.144125943894591728e+02,3.063969700000000103e+02
4.143703396566523907e+02,3.063969700000000103e+02
4.145724957101272139e+02,3.063969700000000103e+02
4.146117482255592677e+02,3.063969700000000103e+02
4.147323970307951413e+02,3.063969700000000103e+02
4.145273701840490048e+02,3.063969700000000103e+02
4.148922983514631824e+02,3.063969700000000103e+02
4.149315998712841065e+02,3.063969700000000103e+02
4.150521996721311098e+02,3.063969700000000103e+02
4.150102390557939316e+02,3.063969700000000103e+02
4.152121009927991508e+02,3.063969700000000103e+02
4.152514515170089453e+02,3.063969700000000103e+02
4.153720023134671919e+02,3.063969700000000103e+02
4.148420099754299599e+02,3.063969700000000103e+02
4.155319036341351193e+02,3.063969700000000103e+02
4.155713031627336704e+02,3.063969700000000103e+02
4.156918049548031604e+02,3.063969700000000103e+02
4.156501384549355862e+02,3.063969700000000103e+02
4.158517062754710878e+02,3.063969700000000103e+02
4.158911548084585093e+02,3.063969700000000103e+02
4.160116075961391289e+02,3.063969700000000103e+02
4.158079541349693500e+02,3.063969700000000103e+02
4.161715089168070563e+02,3.063969700000000103e+02
4.162110064541832344e+02,3.063969700000000103e+02
4.163314102374750973e+02,3.063969700000000103e+02
4.162900378540772408e+02,3.063969700000000103e+02
4.164913115581431384e+02,3.063969700000000103e+02
4.165308580999080732e+02,3.063969700000000103e+02
4.166512128788110658e+02,3.063969700000000103e+02
4.154736144827586486e+02,3.063969700000000103e+02
4.168111141994791069e+02,3.063969700000000103e+02
4.168507097456329120e+02,3.063969700000000103e+02
4.169710155201470343e+02,3.063969700000000103e+02
4.169299372532188954e+02,3.063969700000000103e+02
4.171309168408150754e+02,3.063969700000000103e+02
4.171705613913576371e+02,3.063969700000000103e+02
4.172908181614831165e+02,3.063969700000000103e+02
4.170885380858895815e+02,3.063969700000000103e+02
4.174507194821510438e+02,3.063969700000000103e+02
4.174904130370824760e+02,3.063969700000000103e+02
4.176106208028190849e+02,3.063969700000000103e+02
4.175698366523605500e+02,3.063969700000000103e+02
4.177705221234870123e+02,3.063969700000000103e+02
4.178102646828072011e+02,3.063969700000000103e+02
4.179304234441550534e+02,3.063969700000000103e+02
4.174063242751842608e+02,3.063969700000000103e+02
4.180903247648230945e+02,1.414310299999999927e+02
4.181301163285320399e+02,1.414310299999999927e+02
4.182502260854910219e+02,1.414310299999999927e+02
4.182097360515020910e+02,1.414310299999999927e+02
4.184101274061590630e+02,1.414310299999999927e+02
4.184499679742568787e+02,1.414310299999999927e+02
4.185700287268269904e+02,1.414310299999999927e+02
4.183691220368098129e+02,1.414310299999999927e+02
4.187299300474950314e+02,1.414310299999999927e+02
4.187698196199816039e+02,1.414310299999999927e+02
4.188898313681630725e+02,1.414310299999999927e+02
4.188496354506437456e+02,1.414310299999999927e+02
4.190497326888309999e+02,1.414310299999999927e+02
4.190896712657064427e+02,1.414310299999999927e+02
4.192096340094990410e+02,1.414310299999999927e+02
3.958316300000000183e+02,3.455782500000000255e+02
4.193695353301669684e+02,4.156635699999999929e+02
4.194095229114311678e+02,4.156635699999999929e+02
4.195294366508350095e+02,4.156635699999999929e+02
4.194895348497854002e+02,4.156635699999999929e+02
4.196893379715029369e+02,4.156635699999999929e+02
4.197293745571560066e+02,4.156635699999999929e+02
4.198492392921709779e+02,4.156635699999999929e+02
4.196497059877300444e+02,4.156635699999999929e+02
4.200091406128390190e+02,4.156635699999999929e+02
4.200492262028808454e+02,4.156635699999999929e+02
4.201690419335069464e+02,4.156635699999999929e+02
4.201294342489270548e+02,4.156635699999999929e+02
4.203289432541749875e+02,4.156635699999999929e+02
4.203690778486055706e+02,4.156635699999999929e+02
4.204888445748429149e+02,4.156635699999999929e+02
4.199706385749385618e+02,4.156635699999999929e+02
4.206487458955109560e+02,4.156635699999999929e+02
4.206889294943304094e+02,4.156635699999999929e+02
4.208086472161789970e+02,4.156635699999999929e+02
4.207693336480687094e+02,4.156635699999999929e+02
4.209685485368469244e+02,4.156635699999999929e+02
4.210087811400551345e+02,4.156635699999999929e+02
4.211284498575149655e+02,4.156635699999999929e+02
4.209302899386502759e+02,4.156635699999999929e+02
4.212883511781828929e+02,4.156635699999999929e+02
4.213286327857799733e+02,4.156635699999999929e+02
4.214482524988509340e+02,4.156635699999999929e+02
4.214092330472102503e+02,4.156635699999999929e+02
4.216081538195189751e+02,4.156635699999999929e+02
4.216484844315048122e+02,4.156635699999999929e+02
4.217680551401869025e+02,4.156635699999999929e+02
4.206148751724138037e+02,4.156635699999999929e+02
4.219279564608549435e+02,4.156635699999999929e+02
4.219683360772295373e+02,4.156635699999999929e+02
4.220878577815228709e+02,4.156635699999999929e+02
4.220491324463519049e+02,4.156635699999999929e+02
4.222477591021909120e+02,4.156635699999999929e+02
4.222881877229543761e+02,4.156635699999999929e+02
4.224076604228588394e+02,4.156635699999999929e+02
4.222108738895705073e+02,4.156635699999999929e+02
4.225675617435268805e+02,4.156635699999999929e+02
4.226080393686791012e+02,4.156635699999999929e+02
4.227274630641949216e+02,4.156635699999999929e+02
4.226890318454935596e+02,4.156635699999999929e+02
4.228873643848628490e+02,4.156635699999999929e+02
4.229278910144039401e+02,4.156635699999999929e+02
4.230472657055308900e+02,4.156635699999999929e+02
4.225349528746928627e+02,4.156635699999999929e+02
4.232071670261988174e+02,4.156635699999999929e+02
4.232477426601287789e+02,4.156635699999999929e+02
4.233670683468668585e+02,4.156635699999999929e+02
4.233289312446352142e+02,4.156635699999999929e+02
4.235269696675348996e+02,4.156635699999999929e+02
4.235675943058535040e+02,4.156635699999999929e+02
4.236868709882028270e+02,4.156635699999999929e+02
4.234914578404907388e+02,4.156635699999999929e+02
4.238467723088708681e+02,4.156635699999999929e+02
4.238874459515783428e+02,4.156635699999999929e+02
4.240066736295387955e+02,4.156635699999999929e+02
4.239688306437768688e+02,4.156635699999999929e+02
4.241665749502068365e+02,4.156635699999999929e+02
4.242072975973030680e+02,4.156635699999999929e+02
4.243264762708748776e+02,4.156635699999999929e+02
3.996071000000000026e+02,3.733111599999999726e+02
4.244863775915428050e+02,2.453110399999999913e+02
4.245271492430279068e+02,2.453110399999999913e+02
4.246462789122108461e+02,2.453110399999999913e+02
4.246087300429184097e+02,2.453110399999999913e+02
4.248061802328787735e+02,2.453110399999999913e+02
4.248470008887527456e+02,2.453110399999999913e+02
4.249660815535468146e+02,2.453110399999999913e+02
4.247720417914109703e+02,2.453110399999999913e+02
4.251259828742148557e+02,2.453110399999999913e+02
4.251668525344774707e+02,2.453110399999999913e+02
4.252858841948827830e+02,2.453110399999999913e+02
4.252486294420600643e+02,2.453110399999999913e+02
4.254457855155508241e+02,2.453110399999999913e+02
4.254867041802023095e+02,2.453110399999999913e+02
4.256056868362187515e+02,2.453110399999999913e+02
4.250992671744471636e+02,2.453110399999999913e+02
4.257655881568867926e+02,2.453110399999999913e+02
4.258065558259270347e+02,2.453110399999999913e+02
4.259254894775547200e+02,2.453110399999999913e+02
4.258885288412017189e+02,2.453110399999999913e+02
4.260853907982227611e+02,2.453110399999999913e+02
4.261264074716518735e+02,2.453110399999999913e+02
4.262452921188908022e+02,2.453110399999999913e+02
4.260526257423313155e+02,2.453110399999999913e+02
4.264051934395587296e+02,2.453110399999999913e+02
4.264462591173765986e+02,2.453110399999999913e+02
4.265650947602267706e+02,2.453110399999999913e+02
4.265284282403433735e+02,2.453110399999999913e+02
4.267249960808946980e+02,2.453110399999999913e+02
4.267661107631014374e+02,2.453110399999999913e+02
4.268848974015627391e+02,2.453110399999999913e+02
4.257561358620689589e+02,2.453110399999999913e+02
4.270447987222307802e+02,2.453110399999999913e+02
4.270859624088262763e+02,2.453110399999999913e+02
4.272047000428987076e+02,2.453110399999999913e+02
4.271683276394849145e+02,2.453110399999999913e+02
4.273646013635667487e+02,2.453110399999999913e+02
4.274058140545510014e+02,2.453110399999999913e+02
4.275245026842346761e+02,2.453110399999999913e+02
4.273332096932515469e+02,2.453110399999999913e+02
4.276844040049027171e+02,2.453110399999999913e+02
4.277256657002758402e+02,2.453110399999999913e+02
4.278443053255707582e+02,2.453110399999999913e+02
4.278082270386265691e+02,2.453110399999999913e+02
4.280042066462386856e+02,2.453110399999999913e+02
4.280455173460005653e+02,2.453110399999999913e+02
4.281641079669067267e+02,2.453110399999999913e+02
4.276635814742014645e+02,2.453110399999999913e+02
4.283240092875746541e+02,2.453110399999999913e+02
4.283653689917254042e+02,2.453110399999999913e+02
4.284839106082426952e+02,2.453110399999999913e+02
4.284481264377682237e+02,2.453110399999999913e+02
4.286438119289106226e+02,2.453110399999999913e+02
4.286852206374502430e+02,2.453110399999999913e+02
4.288037132495786636e+02,2.453110399999999913e+02
4.286137936441717784e+02,2.453110399999999913e+02
4.289636145702467047e+02,2.453110399999999913e+02
4.290050722831749681e+02,2.453110399999999913e+02
4.291235158909146321e+02,2.453110399999999913e+02
4.290880258369098783e+02,2.453110399999999913e+02
4.292834172115826732e+02,2.453110399999999913e+02
4.293249239288998069e+02,2.453110399999999913e+02
4.294433185322506006e+02,2.453110399999999913e+02
4.100624000000000251e+02,3.976374500000000012e+02
4.296032198529186417e+02,2.960287000000000148e+02
4.296447755746245321e+02,2.960287000000000148e+02
4.297631211735866827e+02,2.960287000000000148e+02
4.297279252360515329e+02,2.960287000000000148e+02
4.299230224942546101e+02,2.960287000000000148e+02
4.299646272203493709e+02,2.960287000000000148e+02
4.300829238149226512e+02,2.960287000000000148e+02
4.298943775950920099e+02,2.960287000000000148e+02
4.302428251355905786e+02,2.960287000000000148e+02
4.302844788660742097e+02,2.960287000000000148e+02
4.304027264562586197e+02,2.960287000000000148e+02
4.303678246351930738e+02,2.960287000000000148e+02
4.305626277769266608e+02,2.960287000000000148e+02
4.306043305117989348e+02,2.960287000000000148e+02
4.307225290975945882e+02,2.960287000000000148e+02
4.302278957739557654e+02,2.960287000000000148e+02
4.308824304182626292e+02,2.960287000000000148e+02
4.309241821575237736e+02,2.960287000000000148e+02
4.310423317389305566e+02,2.960287000000000148e+02
4.310077240343347285e+02,2.960287000000000148e+02
4.312022330595985977e+02,2.960287000000000148e+02
4.312440338032484988e+02,2.960287000000000148e+02
4.313621343802666388e+02,2.960287000000000148e+02
4.311749615460122413e+02,2.960287000000000148e+02
4.315220357009345662e+02,2.960287000000000148e+02
4.315638854489733376e+02,2.960287000000000148e+02
4.316819370216026073e+02,2.960287000000000148e+02
4.316476234334763831e+02,2.960287000000000148e+02
4.318418383422705347e+02,2.960287000000000148e+02
4.318837370946981764e+02,2.960287000000000148e+02
4.320017396629385757e+02,2.960287000000000148e+02
4.308973965517241140e+02,2.960287000000000148e+02
4.321616409836065031e+02,2.960287000000000148e+02
4.322035887404229015e+02,2.960287000000000148e+02
4.323215423042745442e+02,2.960287000000000148e+02
4.322875228326180377e+02,2.960287000000000148e+02
4.324814436249425853e+02,2.960287000000000148e+02
4.325234403861477404e+02,2.960287000000000148e+02
4.326413449456105127e+02,2.960287000000000148e+02
4.324555454969324728e+02,2.960287000000000148e+02
4.328012462662785538e+02,2.960287000000000148e+02
4.328432920318724655e+02,2.960287000000000148e+02
4.329611475869464812e+02,2.960287000000000148e+02
4.329274222317596923e+02,2.960287000000000148e+02
4.331210489076145222e+02,2.960287000000000148e+02
4.331631436775973043e+02,2.960287000000000148e+02
4.332809502282825633e+02,2.960287000000000148e+02
4.327922100737100664e+02,2.960287000000000148e+02
4.334408515489504907e+02,2.960287000000000148e+02
4.334829953233221431e+02,2.960287000000000148e+02
4.336007528696185318e+02,2.960287000000000148e+02
4.335673216309012332e+02,2.960287000000000148e+02
4.337606541902864592e+02,2.960287000000000148e+02
4.338028469690468683e+02,2.960287000000000148e+02
4.339205555109545003e+02,2.960287000000000148e+02
4.337361294478527043e+02,2.960287000000000148e+02
4.340804568316225414e+02,2.960287000000000148e+02
4.341226986147717071e+02,2.960287000000000148e+02
4.342403581522904688e+02,2.960287000000000148e+02
4.342072210300428878e+02,2.960287000000000148e+02
4.344002594729585098e+02,2.960287000000000148e+02
4.344425502604964322e+02,2.960287000000000148e+02
4.345601607936264372e+02,2.960287000000000148e+02
4.214459200000000010e+02,4.156635699999999929e+02
4.347200621142944783e+02,2.960287000000000148e+02
4.347624019062212710e+02,2.960287000000000148e+02
4.348799634349625194e+02,2.960287000000000148e+02
4.348471204291845424e+02,2.960287000000000148e+02
4.350398647556304468e+02,2.960287000000000148e+02
4.350822535519461098e+02,2.960287000000000148e+02
4.351997660762984879e+02,2.960287000000000148e+02
4.350167133987729358e+02,2.960287000000000148e+02
4.353596673969664153e+02,2.960287000000000148e+02
4.354021051976708350e+02,2.960287000000000148e+02
4.355195687176344563e+02,2.960287000000000148e+02
4.354870198283261971e+02,2.960287000000000148e+02
4.356794700383023837e+02,2.960287000000000148e+02
4.357219568433956738e+02,2.960287000000000148e+02
4.358393713589704248e+02,2.960287000000000148e+02
4.353565243734643673e+02,2.960287000000000148e+02
4.359992726796384659e+02,2.960287000000000148e+02
4.360418084891203989e+02,2.960287000000000148e+02
4.361591740003063933e+02,2.960287000000000148e+02
4.361269192274678517e+02,2.960287000000000148e+02
4.363190753209744344e+02,2.960287000000000148e+02
4.363616601348452377e+02,2.960287000000000148e+02
4.364789766416423618e+02,2.960287000000000148e+02
4.362972973496932809e+02,2.960287000000000148e+02
4.366388779623104028e+02,2.960287000000000148e+02
4.366815117805700766e+02,2.960287000000000148e+02
4.367987792829784439e+02,2.960287000000000148e+02
4.367668186266093926e+02,2.960287000000000148e+02
4.369586806036463713e+02,2.960287000000000148e+02
4.370013634262948017e+02,2.960287000000000148e+02
4.371185819243144124e+02,2.960287000000000148e+02
4.360386572413792692e+02,2.960287000000000148e+02
4.372784832449823398e+02,2.960287000000000148e+02
4.373212150720196405e+02,2.960287000000000148e+02
4.374383845656503809e+02,2.960287000000000148e+02
4.374067180257510472e+02,2.960287000000000148e+02
4.375982858863184219e+02,2.960287000000000148e+02
4.376410667177443656e+02,2.960287000000000148e+02
4.377581872069863493e+02,2.960287000000000148e+02
4.375778813006135124e+02,2.960287000000000148e+02
4.379180885276543904e+02,2.960287000000000148e+02
4.379609183634692045e+02,2.960287000000000148e+02
4.380779898483223178e+02,2.960287000000000148e+02
4.380466174248927018e+02,2.960287000000000148e+02
4.382378911689903589e+02,2.960287000000000148e+02
4.382807700091940433e+02,2.960287000000000148e+02
4.383977924896582863e+02,2.960287000000000148e+02
4.379208386732186682e+02,2.960287000000000148e+02
4.385576938103263274e+02,2.960287000000000148e+02
4.386006216549187684e+02,2.960287000000000148e+02
4.387175951309943684e+02,2.960287000000000148e+02
4.386865168240343564e+02,2.960287000000000148e+02
4.388774964516622958e+02,2.960287000000000148e+02
4.389204733006436072e+02,2.960287000000000148e+02
4.390373977723303369e+02,2.960287000000000148e+02
4.388584652515337439e+02,2.960287000000000148e+02
4.391972990929982643e+02,2.960287000000000148e+02
4.392403249463683323e+02,2.960287000000000148e+02
4.393572004136663054e+02,2.960287000000000148e+02
4.393264162231760110e+02,2.960287000000000148e+02
4.395171017343343465e+02,2.960287000000000148e+02
4.395601765920931712e+02,2.960287000000000148e+02
4.396770030550022739e+02,2.960287000000000148e+02
4.435023800000000165e+02,4.371701699999999846e+02
4.398369043756703149e+02,1.596545399999999972e+02
4.398800282378180100e+02,1.596545399999999972e+02
4.399968056963382423e+02,1.596545399999999972e+02
4.399663156223175520e+02,1.596545399999999972e+02
4.401567070170062834e+02,1.596545399999999972e+02
4.401998798835427351e+02,1.596545399999999972e+02
4.403166083376743245e+02,1.596545399999999972e+02
4.401390492024539753e+02,1.596545399999999972e+02
4.404765096583422519e+02,1.596545399999999972e+02
4.405197315292675739e+02,1.596545399999999972e+02
4.406364109790102930e+02,1.596545399999999972e+02
4.406062150214592066e+02,1.596545399999999972e+02
4.407963122996782204e+02,1.596545399999999972e+02
4.408395831749922991e+02,1.596545399999999972e+02
4.409562136203462615e+02,1.596545399999999972e+02
4.404851529729729691e+02,1.596545399999999972e+02
4.411161149410143025e+02,1.596545399999999972e+02
4.411594348207171379e+02,1.596545399999999972e+02
4.412760162616822299e+02,1.596545399999999972e+02
4.412461144206008612e+02,1.596545399999999972e+02
4.414359175823502710e+02,1.596545399999999972e+02
4.414792864664419767e+02,1.596545399999999972e+02
4.415958189030181984e+02,1.596545399999999972e+02
4.414196331533742068e+02,1.596545399999999972e+02
4.417557202236862395e+02,1.596545399999999972e+02
4.417991381121667018e+02,1.596545399999999972e+02
4.419156215443541669e+02,1.596545399999999972e+02
4.418860138197425158e+02,1.596545399999999972e+02
4.420755228650222080e+02,1.596545399999999972e+02
4.421189897578915406e+02,1.596545399999999972e+02
4.422354241856902490e+02,1.596545399999999972e+02
4.411799179310344243e+02,1.596545399999999972e+02
4.423953255063581764e+02,4.371701699999999846e+02
4.424388414036162658e+02,4.371701699999999846e+02
4.425552268270262175e+02,4.371701699999999846e+02
4.425259132188840567e+02,4.371701699999999846e+02
4.427151281476941449e+02,4.371701699999999846e+02
4.427586930493411046e+02,4.371701699999999846e+02
4.428750294683621860e+02,4.371701699999999846e+02
4.427002171042944383e+02,4.371701699999999846e+02
4.430349307890302271e+02,4.371701699999999846e+02
4.430785446950659434e+02,4.371701699999999846e+02
4.431948321096981545e+02,4.371701699999999846e+02
4.431658126180257113e+02,4.371701699999999846e+02
4.433547334303661955e+02,4.371701699999999846e+02
4.433983963407906685e+02,4.371701699999999846e+02
4.435146347510341229e+02,4.371701699999999846e+02
4.430494672727272700e+02,4.371701699999999846e+02
4.436745360717021640e+02,4.371701699999999846e+02
4.437182479865155074e+02,4.371701699999999846e+02
4.438344373923702051e+02,4.371701699999999846e+02
4.438057120171673660e+02,4.371701699999999846e+02
4.439943387130381325e+02,4.371701699999999846e+02
4.440380996322402325e+02,4.371701699999999846e+02
4.441542400337061736e+02,4.371701699999999846e+02
4.439808010552146698e+02,4.371701699999999846e+02
4.443141413543741010e+02,4.371701699999999846e+02
4.443579512779650713e+02,4.371701699999999846e+02
4.444740426750421420e+02,4.371701699999999846e+02
4.444456114163090206e+02,4.371701699999999846e+02
4.446339439957101831e+02,4.371701699999999846e+02
4.446778029236899101e+02,4.371701699999999846e+02
4.447938453163781105e+02,4.371701699999999846e+02
4.650393700000000194e+02,4.456252400000000193e+02
4.449537466370461516e+02,4.371701699999999846e+02
4.449976545694146353e+02,4.371701699999999846e+02
4.451136479577140790e+02,4.371701699999999846e+02
4.450855108154506752e+02,4.371701699999999846e+02
4.452735492783821201e+02,4.371701699999999846e+02
4.453175062151394741e+02,4.371701699999999846e+02
4.454334505990500475e+02,4.371701699999999846e+02
4.452613850061349012e+02,4.371701699999999846e+02
4.455933519197180885e+02,4.371701699999999846e+02
4.456373578608641992e+02,4.371701699999999846e+02
4.457532532403861296e+02,4.371701699999999846e+02
4.457254102145922161e+02,4.371701699999999846e+02
4.459131545610540570e+02,4.371701699999999846e+02
4.459572095065890380e+02,4.371701699999999846e+02
4.460730558817220981e+02,4.371701699999999846e+02
4.456137815724815709e+02,4.371701699999999846e+02
4.462329572023900255e+02,4.371701699999999846e+02
4.462770611523138768e+02,4.371701699999999846e+02
4.463928585230580666e+02,4.371701699999999846e+02
4.463653096137338707e+02,4.371701699999999846e+02
4.465527598437261076e+02,4.371701699999999846e+02
4.465969127980386020e+02,4.371701699999999846e+02
4.467126611643940350e+02,4.371701699999999846e+02
4.465419689570551327e+02,4.371701699999999846e+02
4.468725624850620761e+02,4.371701699999999846e+02
4.469167644437634408e+02,4.371701699999999846e+02
4.470324638057300035e+02,4.371701699999999846e+02
4.470052090128755253e+02,4.371701699999999846e+02
4.471923651263980446e+02,4.371701699999999846e+02
4.472366160894881659e+02,4.371701699999999846e+02
4.473522664470660857e+02,4.371701699999999846e+02
4.463211786206896932e+02,4.371701699999999846e+02
4.475121677677340131e+02,4.371701699999999846e+02
4.475564677352130047e+02,4.371701699999999846e+02
4.476720690884020541e+02,4.371701699999999846e+02
4.476451084120171799e+02,4.371701699999999846e+02
4.478319704090699815e+02,4.371701699999999846e+02
4.478763193809378436e+02,4.371701699999999846e+02
4.479918717297380226e+02,4.371701699999999846e+02
4.478225529079754779e+02,4.371701699999999846e+02
4.481517730504059500e+02,4.371701699999999846e+02
4.481961710266625687e+02,4.371701699999999846e+02
4.483116743710739911e+02,4.371701699999999846e+02
4.482850078111588346e+02,4.371701699999999846e+02
4.484715756917420322e+02,4.371701699999999846e+02
4.485160226723874075e+02,4.371701699999999846e+02
4.486314770124099596e+02,4.371701699999999846e+02
4.481780958722358719e+02,4.371701699999999846e+02
4.487913783330780007e+02,4.371701699999999846e+02
4.488358743181121326e+02,4.371701699999999846e+02
4.489512796537459280e+02,4.371701699999999846e+02
4.489249072103003755e+02,4.371701699999999846e+02
4.491111809744139691e+02,4.371701699999999846e+02
4.491557259638369715e+02,4.371701699999999846e+02
4.492710822950820102e+02,4.371701699999999846e+02
4.491031368588957093e+02,4.371701699999999846e+02
4.494309836157499376e+02,4.371701699999999846e+02
4.494755776095618103e+02,4.371701699999999846e+02
4.495908849364179787e+02,4.371701699999999846e+02
4.495648066094420301e+02,4.371701699999999846e+02
4.497507862570859061e+02,4.371701699999999846e+02
4.497954292552865354e+02,4.371701699999999846e+02
4.499106875777539472e+02,4.371701699999999846e+02
4.796646000000000072e+02,4.412594000000000278e+02
4.500705888984219882e+02,2.193448500000000081e+02
4.501152809010113742e+02,2.193448500000000081e+02
4.502304902190899156e+02,2.193448500000000081e+02
4.502047060085836847e+02,2.193448500000000081e+02
4.503903915397579567e+02,2.193448500000000081e+02
4.504351325467360994e+02,2.193448500000000081e+02
4.505502928604258841e+02,2.193448500000000081e+02
4.503837208098159408e+02,2.193448500000000081e+02
4.507101941810939252e+02,2.193448500000000081e+02
4.507549841924609382e+02,2.193448500000000081e+02
4.508700955017619663e+02,2.193448500000000081e+02
4.508446054077253393e+02,2.193448500000000081e+02
4.510299968224298937e+02,2.193448500000000081e+02
4.510748358381857770e+02,2.193448500000000081e+02
4.511898981430979347e+02,2.193448500000000081e+02
4.507424101719901728e+02,2.193448500000000081e+02
4.513497994637658621e+02,2.193448500000000081e+02
4.513946874839105021e+02,2.193448500000000081e+02
4.515097007844339032e+02,2.193448500000000081e+02
4.514845048068669939e+02,2.193448500000000081e+02
4.516696021051018306e+02,2.193448500000000081e+02
4.517145391296353409e+02,2.193448500000000081e+02
4.518295034257698717e+02,2.193448500000000081e+02
4.516643047607361723e+02,2.193448500000000081e+02
4.519894047464379128e+02,2.193448500000000081e+02
4.520343907753600661e+02,2.193448500000000081e+02
4.521493060671058402e+02,2.193448500000000081e+02
4.521244042060085349e+02,2.193448500000000081e+02
4.523092073877738812e+02,2.193448500000000081e+02
4.523542424210849049e+02,2.193448500000000081e+02
4.524691087084418086e+02,2.193448500000000081e+02
4.514624393103448483e+02,2.193448500000000081e+02
4.526290100291098497e+02,2.193448500000000081e+02
4.526740940668097437e+02,2.193448500000000081e+02
4.527889113497778908e+02,2.193448500000000081e+02
4.527643036051501895e+02,2.193448500000000081e+02
4.529488126704458182e+02,2.193448500000000081e+02
4.529939457125344688e+02,2.193448500000000081e+02
4.531087139911138593e+02,2.930824000000000069e+02
4.529448887116564038e+02,2.193448500000000081e+02
4.532686153117817867e+02,2.930824000000000069e+02
4.533137973582593077e+02,2.930824000000000069e+02
4.534285166324498277e+02,2.930824000000000069e+02
4.534042030042918441e+02,2.930824000000000069e+02
4.535884179531178688e+02,2.930824000000000069e+02
4.536336490039840328e+02,2.930824000000000069e+02
4.537483192737857962e+02,2.930824000000000069e+02
4.533067244717444737e+02,2.930824000000000069e+02
4.539082205944538373e+02,2.930824000000000069e+02
4.539535006497088716e+02,2.930824000000000069e+02
4.540681219151217647e+02,2.930824000000000069e+02
4.540441024034334987e+02,2.930824000000000069e+02
4.542280232357898058e+02,2.930824000000000069e+02
4.542733522954337104e+02,2.930824000000000069e+02
4.543879245564578468e+02,2.930824000000000069e+02
4.542254726625766352e+02,2.930824000000000069e+02
4.545478258771257742e+02,2.930824000000000069e+02
4.545932039411584356e+02,2.930824000000000069e+02
4.547077271977938153e+02,2.930824000000000069e+02
4.546840018025750396e+02,2.930824000000000069e+02
4.548676285184617427e+02,2.930824000000000069e+02
4.549130555868832744e+02,2.930824000000000069e+02
4.550275298391297838e+02,2.930824000000000069e+02
4.936913999999999874e+02,4.288535200000000032e+02
4.551874311597977112e+02,1.784687500000000000e+02
4.552329072326079995e+02,1.784687500000000000e+02
4.553473324804657523e+02,1.784687500000000000e+02
4.553239012017166942e+02,1.784687500000000000e+02
4.555072338011337933e+02,1.784687500000000000e+02
4.555527588783328383e+02,1.784687500000000000e+02
4.556671351218017207e+02,1.784687500000000000e+02
4.555060566134968667e+02,1.784687500000000000e+02
4.558270364424697618e+02,1.784687500000000000e+02
4.558726105240576771e+02,1.784687500000000000e+02
4.559869377631376892e+02,1.784687500000000000e+02
4.559638006008583488e+02,1.784687500000000000e+02
4.561468390838057303e+02,1.784687500000000000e+02
4.561924621697824023e+02,1.784687500000000000e+02
4.563067404044737714e+02,1.784687500000000000e+02
4.558710387714987746e+02,1.784687500000000000e+02
4.564666417251416988e+02,1.784687500000000000e+02
4.565123138155072411e+02,1.784687500000000000e+02
4.566265430458097399e+02,1.784687500000000000e+02
4.566037000000000035e+02,1.784687500000000000e+02
4.567864443664776672e+02,1.784687500000000000e+02
4.568321654612319662e+02,1.784687500000000000e+02
4.569463456871457083e+02,1.784687500000000000e+02
4.567866405644170982e+02,1.784687500000000000e+02
4.571062470078137494e+02,1.784687500000000000e+02
4.571520171069568050e+02,1.784687500000000000e+02
4.572661483284816768e+02,1.784687500000000000e+02
4.572435993991416581e+02,1.784687500000000000e+02
4.574260496491497179e+02,1.784687500000000000e+02
4.574718687526816439e+02,1.784687500000000000e+02
4.575859509698176453e+02,1.784687500000000000e+02
4.566037000000000035e+02,1.784687500000000000e+02
4.577458522904856864e+02,1.784687500000000000e+02
4.577917203984063690e+02,1.784687500000000000e+02
4.579057536111536137e+02,1.784687500000000000e+02
4.578834987982831990e+02,1.784687500000000000e+02
4.580656549318216548e+02,1.784687500000000000e+02
4.581115720441312078e+02,1.784687500000000000e+02
4.582255562524896959e+02,1.784687500000000000e+02
4.580672245153374433e+02,1.784687500000000000e+02
4.583854575731576233e+02,1.784687500000000000e+02
4.584314236898559329e+02,1.784687500000000000e+02
4.585453588938256644e+02,1.784687500000000000e+02
4.585233981974248536e+02,1.784687500000000000e+02
4.587052602144935918e+02,1.784687500000000000e+02
4.587512753355807718e+02,1.784687500000000000e+02
4.588651615351616329e+02,1.784687500000000000e+02
4.584353530712530755e+02,1.784687500000000000e+02
4.590250628558296739e+02,1.784687500000000000e+02
4.590711269813056106e+02,1.784687500000000000e+02
4.591849641764976013e+02,1.784687500000000000e+02
4.591632975965665082e+02,1.784687500000000000e+02
4.593448654971656424e+02,1.784687500000000000e+02
4.593909786270303357e+02,1.784687500000000000e+02
4.595047668178335698e+02,1.784687500000000000e+02
4.593478084662576748e+02,1.784687500000000000e+02
4.596646681385016109e+02,1.784687500000000000e+02
4.597108302727551745e+02,1.784687500000000000e+02
4.598245694591696520e+02,1.784687500000000000e+02
4.598031969957081628e+02,1.784687500000000000e+02
4.599844707798375794e+02,1.784687500000000000e+02
4.600306819184798997e+02,1.784687500000000000e+02
4.601443721005056204e+02,1.784687500000000000e+02
5.079350600000000213e+02,4.011349999999999909e+02
4.603042734211735478e+02,2.015419899999999984e+02
4.603505335642047385e+02,2.015419899999999984e+02
4.604641747418415889e+02,2.015419899999999984e+02
4.604430963948498174e+02,2.015419899999999984e+02
4.606240760625096300e+02,2.015419899999999984e+02
4.606703852099294636e+02,2.015419899999999984e+02
4.607839773831775574e+02,2.015419899999999984e+02
4.606283924171779063e+02,2.015419899999999984e+02
4.609438787038455985e+02,2.015419899999999984e+02
4.609902368556543024e+02,2.015419899999999984e+02
4.611037800245135259e+02,2.015419899999999984e+02
4.610829957939913584e+02,2.015419899999999984e+02
4.612636813451815669e+02,2.015419899999999984e+02
4.613100885013791412e+02,2.015419899999999984e+02
4.614235826658494943e+02,2.015419899999999984e+02
4.609996673710073765e+02,2.015419899999999984e+02
4.615834839865175354e+02,2.015419899999999984e+02
4.616299401471038664e+02,2.015419899999999984e+02
4.617433853071855765e+02,2.015419899999999984e+02
4.617228951931330130e+02,2.015419899999999984e+02
4.619032866278535039e+02,2.015419899999999984e+02
4.619497917928287052e+02,2.015419899999999984e+02
4.620631879485215450e+02,2.015419899999999984e+02
4.619089763680981378e+02,2.015419899999999984e+02
4.622230892691894724e+02,2.015419899999999984e+02
4.622696434385534303e+02,2.015419899999999984e+02
4.623829905898575134e+02,2.015419899999999984e+02
4.623627945922746676e+02,2.015419899999999984e+02
4.625428919105255545e+02,2.015419899999999984e+02
4.625894950842782691e+02,2.015419899999999984e+02
4.627027932311934819e+02,2.015419899999999984e+02
4.617449606896551586e+02,2.015419899999999984e+02
4.628626945518615230e+02,4.456252400000000193e+02
4.629093467300031080e+02,4.456252400000000193e+02
4.630225958725294504e+02,4.456252400000000193e+02
4.630026939914163222e+02,4.456252400000000193e+02
4.631824971931974915e+02,4.456252400000000193e+02
4.632291983757278331e+02,4.456252400000000193e+02
4.633423985138655325e+02,4.456252400000000193e+02
4.631895603190183692e+02,4.456252400000000193e+02
4.635022998345334599e+02,4.456252400000000193e+02
4.635490500214526719e+02,4.456252400000000193e+02
4.636622011552015010e+02,4.456252400000000193e+02
4.636425933905579768e+02,4.456252400000000193e+02
4.638221024758694284e+02,4.456252400000000193e+02
4.638689016671773970e+02,4.456252400000000193e+02
4.639820037965374695e+02,4.456252400000000193e+02
4.635639816707616774e+02,4.456252400000000193e+02
4.641419051172053969e+02,4.456252400000000193e+02
4.641887533129022358e+02,4.456252400000000193e+02
4.643018064378734380e+02,4.456252400000000193e+02
4.642824927896995177e+02,4.456252400000000193e+02
4.644617077585414791e+02,4.456252400000000193e+02
4.645086049586270747e+02,4.456252400000000193e+02
4.646216090792094064e+02,4.456252400000000193e+02
4.644701442699386007e+02,4.456252400000000193e+02
4.647815103998774475e+02,4.456252400000000193e+02
4.648284566043517998e+02,4.456252400000000193e+02
4.649414117205453749e+02,4.456252400000000193e+02
4.649223921888411724e+02,4.456252400000000193e+02
4.651013130412134160e+02,4.456252400000000193e+02
4.651483082500766386e+02,4.456252400000000193e+02
4.652612143618814571e+02,4.456252400000000193e+02
5.203654000000000224e+02,3.640333299999999781e+02
4.654211156825493845e+02,4.456252400000000193e+02
4.654681598958013637e+02,4.456252400000000193e+02
4.655810170032174256e+02,4.456252400000000193e+02
4.655622915879828270e+02,4.456252400000000193e+02
4.657409183238853529e+02,4.456252400000000193e+02
4.657880115415262026e+02,4.456252400000000193e+02
4.659008196445533940e+02,4.456252400000000193e+02
4.657507282208588322e+02,4.456252400000000193e+02
4.660607209652214351e+02,4.456252400000000193e+02
4.661078631872510414e+02,4.456252400000000193e+02
4.662206222858893625e+02,4.456252400000000193e+02
4.662021909871244816e+02,4.456252400000000193e+02
4.663805236065574036e+02,4.456252400000000193e+02
4.664277148329757665e+02,4.456252400000000193e+02
4.665404249272253310e+02,4.456252400000000193e+02
4.661282959705159783e+02,4.456252400000000193e+02
4.667003262478933721e+02,4.456252400000000193e+02
4.667475664787006053e+02,4.456252400000000193e+02
4.668602275685614131e+02,4.456252400000000193e+02
4.668420903862661362e+02,4.456252400000000193e+02
4.670201288892293405e+02,4.456252400000000193e+02
4.670674181244253305e+02,4.456252400000000193e+02
4.671800302098973816e+02,4.456252400000000193e+02
4.670313121717790636e+02,4.456252400000000193e+02
4.673399315305653090e+02,4.456252400000000193e+02
4.673872697701501693e+02,4.456252400000000193e+02
4.674998328512333501e+02,4.456252400000000193e+02
4.674819897854076771e+02,4.456252400000000193e+02
4.676597341719012775e+02,4.456252400000000193e+02
4.677071214158750081e+02,4.456252400000000193e+02
4.678196354925693186e+02,4.456252400000000193e+02
4.668862213793103138e+02,4.456252400000000193e+02
4.679795368132373596e+02,4.456252400000000193e+02
4.680269730615997332e+02,4.456252400000000193e+02
4.681394381339052870e+02,4.456252400000000193e+02
4.681218891845493317e+02,4.456252400000000193e+02
4.682993394545733281e+02,4.456252400000000193e+02
4.683468247073245720e+02,4.456252400000000193e+02
4.684592407752412555e+02,4.456252400000000193e+02
4.683118961226994088e+02,4.456252400000000193e+02
4.686191420959092966e+02,4.456252400000000193e+02
4.686666763530492972e+02,4.456252400000000193e+02
4.687790434165773377e+02,4.456252400000000193e+02
4.687617885836909863e+02,4.456252400000000193e+02
4.689389447372452651e+02,4.456252400000000193e+02
4.689865279987741360e+02,4.456252400000000193e+02
4.690988460579133061e+02,4.456252400000000193e+02
4.686926102702702792e+02,4.456252400000000193e+02
4.692587473785812335e+02,4.456252400000000193e+02
4.693063796444989748e+02,4.456252400000000193e+02
4.694186486992492746e+02,4.456252400000000193e+02
4.694016879828326410e+02,4.456252400000000193e+02
4.695785500199173157e+02,4.456252400000000193e+02
4.696262312902236999e+02,4.456252400000000193e+02
4.697384513405852431e+02,4.456252400000000193e+02
4.695924800736196403e+02,4.456252400000000193e+02
4.698983526612532842e+02,4.456252400000000193e+02
4.699460829359485388e+02,4.456252400000000193e+02
4.700582539819212116e+02,4.456252400000000193e+02
4.700415873819741819e+02,4.456252400000000193e+02
4.702181553025892526e+02,4.456252400000000193e+02
4.702659345816732639e+02,4.456252400000000193e+02
4.703780566232572937e+02,4.456252400000000193e+02
5.248872999999999820e+02,3.362961399999999799e+02
4.705379579439252211e+02,2.970613999999999919e+02
4.705857862273981027e+02,2.970613999999999919e+02
4.706978592645932622e+02,2.970613999999999919e+02
4.706814867811158365e+02,2.970613999999999919e+02
4.708577605852611896e+02,2.970613999999999919e+02
4.709056378731229415e+02,2.970613999999999919e+02
4.710176619059292307e+02,2.970613999999999919e+02
4.708730640245398718e+02,2.970613999999999919e+02
4.711775632265971581e+02,2.970613999999999919e+02
4.712254895188476667e+02,2.970613999999999919e+02
4.713374645472651991e+02,2.970613999999999919e+02
4.713213861802574911e+02,2.970613999999999919e+02
4.714973658679332402e+02,2.970613999999999919e+02
4.715453411645725055e+02,2.970613999999999919e+02
4.716572671886011676e+02,2.970613999999999919e+02
4.712569245700245801e+02,2.970613999999999919e+02
4.718171685092692087e+02,2.970613999999999919e+02
4.718651928102972306e+02,2.970613999999999919e+02
4.719770698299371361e+02,2.970613999999999919e+02
4.719612855793991457e+02,2.970613999999999919e+02
4.721369711506051772e+02,2.970613999999999919e+02
4.721850444560220694e+02,2.970613999999999919e+02
4.722968724712732183e+02,2.970613999999999919e+02
4.721536479754601032e+02,2.970613999999999919e+02
4.724567737919411456e+02,2.970613999999999919e+02
4.725048961017469082e+02,2.970613999999999919e+02
4.726166751126091867e+02,2.970613999999999919e+02
4.726011849785408003e+02,2.970613999999999919e+02
4.727765764332771141e+02,2.970613999999999919e+02
4.728247477474716334e+02,2.970613999999999919e+02
4.729364777539451552e+02,2.970613999999999919e+02
4.720274820689654689e+02,2.970613999999999919e+02
4.730963790746131963e+02,2.970613999999999919e+02
4.731445993931964722e+02,2.970613999999999919e+02
4.732562803952811237e+02,2.970613999999999919e+02
4.732410843776823413e+02,2.970613999999999919e+02
4.734161817159491648e+02,2.970613999999999919e+02
4.734644510389211973e+02,2.970613999999999919e+02
4.735760830366170921e+02,2.970613999999999919e+02
4.734342319263803347e+02,2.970613999999999919e+02
4.737359843572851332e+02,2.970613999999999919e+02
4.737843026846460361e+02,2.970613999999999919e+02
4.738958856779530606e+02,2.970613999999999919e+02
4.738809837768239959e+02,2.970613999999999919e+02
4.740557869986211017e+02,2.970613999999999919e+02
4.741041543303708750e+02,2.970613999999999919e+02
4.742156883192891428e+02,2.970613999999999919e+02
4.738212388697788811e+02,2.970613999999999919e+02
4.743755896399570702e+02,2.970613999999999919e+02
4.744240059760956001e+02,2.970613999999999919e+02
4.745354909606251113e+02,2.970613999999999919e+02
4.745208831759656505e+02,2.970613999999999919e+02
4.746953922812930386e+02,2.970613999999999919e+02
4.747438576218204389e+02,2.970613999999999919e+02
4.748552936019610797e+02,2.970613999999999919e+02
4.747148158773005662e+02,2.970613999999999919e+02
4.750151949226291208e+02,2.970613999999999919e+02
4.750637092675451640e+02,2.970613999999999919e+02
4.751750962432970482e+02,2.970613999999999919e+02
4.751607825751073051e+02,2.970613999999999919e+02
4.753349975639650893e+02,2.970613999999999919e+02
4.753835609132700029e+02,2.970613999999999919e+02
4.754948988846330167e+02,2.970613999999999919e+02
5.243976000000000113e+02,3.199741200000000276e+02
4.756548002053010578e+02,4.412594000000000278e+02
4.757034125589948417e+02,4.412594000000000278e+02
4.758147015259690988e+02,4.412594000000000278e+02
4.758006819742489597e+02,4.412594000000000278e+02
4.759746028466370262e+02,4.412594000000000278e+02
4.760232642047195668e+02,4.412594000000000278e+02
4.761345041673050673e+02,4.412594000000000278e+02
4.759953998282207976e+02,4.412594000000000278e+02
4.762944054879729947e+02,4.412594000000000278e+02
4.763431158504444056e+02,4.412594000000000278e+02
4.764543068086410358e+02,4.412594000000000278e+02
4.764405813733905006e+02,4.412594000000000278e+02
4.766142081293090769e+02,4.412594000000000278e+02
4.766629674961691308e+02,4.412594000000000278e+02
4.767741094499770043e+02,4.412594000000000278e+02
4.763855531695331820e+02,4.412594000000000278e+02
4.769340107706450453e+02,4.412594000000000278e+02
4.769828191418939696e+02,4.412594000000000278e+02
4.770939120913129727e+02,4.412594000000000278e+02
4.770804807725321552e+02,4.412594000000000278e+02
4.772538134119810138e+02,4.412594000000000278e+02
4.773026707876188084e+02,4.412594000000000278e+02
4.774137147326489412e+02,4.412594000000000278e+02
4.772759837791410291e+02,4.412594000000000278e+02
4.775736160533169823e+02,4.412594000000000278e+02
4.776225224333435335e+02,4.412594000000000278e+02
4.777335173739850234e+02,4.412594000000000278e+02
4.777203801716738099e+02,4.412594000000000278e+02
4.778934186946529508e+02,4.412594000000000278e+02
4.779423740790683723e+02,4.412594000000000278e+02
4.780533200153209918e+02,4.412594000000000278e+02
4.771687427586206240e+02,4.412594000000000278e+02
4.782132213359889192e+02,4.412594000000000278e+02
4.782622257247930975e+02,4.412594000000000278e+02
4.783731226566569603e+02,4.412594000000000278e+02
4.783602795708154645e+02,4.412594000000000278e+02
4.785330239773250014e+02,4.412594000000000278e+02
4.785820773705179363e+02,4.412594000000000278e+02
4.786929252979929288e+02,4.412594000000000278e+02
4.785565677300613743e+02,4.412594000000000278e+02
4.788528266186609699e+02,4.412594000000000278e+02
4.789019290162427751e+02,4.412594000000000278e+02
4.790127279393288973e+02,4.412594000000000278e+02
4.790001789699571191e+02,4.412594000000000278e+02
4.791726292599969383e+02,4.412594000000000278e+02
4.792217806619675002e+02,4.412594000000000278e+02
4.793325305806649794e+02,4.412594000000000278e+02
4.789498674692874829e+02,4.412594000000000278e+02
4.794924319013329068e+02,4.412594000000000278e+02
4.795416323076923391e+02,4.412594000000000278e+02
4.796523332220009479e+02,4.412594000000000278e+02
4.796400783690986600e+02,4.412594000000000278e+02
4.798122345426688753e+02,4.412594000000000278e+02
4.798614839534170642e+02,4.412594000000000278e+02
4.799721358633369164e+02,4.412594000000000278e+02
4.798371516809816058e+02,4.412594000000000278e+02
4.801320371840049575e+02,4.412594000000000278e+02
4.801813355991419030e+02,4.412594000000000278e+02
4.802919385046728848e+02,4.412594000000000278e+02
4.802799777682403146e+02,4.412594000000000278e+02
4.804518398253409259e+02,4.412594000000000278e+02
4.805011872448667418e+02,4.412594000000000278e+02
4.806117411460088533e+02,4.412594000000000278e+02
5.224206500000000233e+02,3.137185000000000059e+02
4.807716424666768944e+02,4.412594000000000278e+02
4.808210388905914670e+02,4.412594000000000278e+02
4.809315437873448218e+02,4.412594000000000278e+02
4.809198771673819692e+02,4.412594000000000278e+02
4.810914451080128629e+02,4.412594000000000278e+02
4.811408905363163058e+02,4.412594000000000278e+02
4.812513464286809040e+02,4.412594000000000278e+02
4.811177356319018372e+02,4.412594000000000278e+02
4.814112477493488313e+02,4.412594000000000278e+02
4.814607421820410309e+02,4.412594000000000278e+02
4.815711490700168724e+02,4.412594000000000278e+02
4.815597765665236238e+02,4.412594000000000278e+02
4.817310503906847998e+02,4.412594000000000278e+02
4.817805938277658697e+02,4.412594000000000278e+02
4.818909517113528409e+02,4.412594000000000278e+02
4.815141817690417838e+02,4.412594000000000278e+02
4.820508530320208820e+02,4.412594000000000278e+02
4.821004454734907085e+02,4.412594000000000278e+02
4.822107543526888094e+02,4.412594000000000278e+02
4.821996759656652785e+02,4.412594000000000278e+02
4.823706556733568505e+02,4.412594000000000278e+02
4.824202971192154337e+02,4.412594000000000278e+02
4.825305569940247779e+02,4.412594000000000278e+02
4.823983195828220687e+02,4.412594000000000278e+02
4.826904583146928189e+02,4.412594000000000278e+02
4.827401487649402725e+02,4.412594000000000278e+02
4.828503596353608600e+02,4.412594000000000278e+02
4.828395753648068194e+02,4.412594000000000278e+02
4.830102609560287874e+02,4.412594000000000278e+02
4.830600004106649976e+02,4.412594000000000278e+02
4.831701622766968285e+02,4.412594000000000278e+02
4.823100034482758929e+02,4.412594000000000278e+02
4.833300635973647559e+02,4.412594000000000278e+02
4.833798520563898364e+02,4.412594000000000278e+02
4.834899649180327970e+02,4.412594000000000278e+02
4.834794747639484740e+02,4.412594000000000278e+02
4.836498662387007244e+02,4.412594000000000278e+02
4.836997037021146753e+02,4.412594000000000278e+02
4.838097675593687654e+02,4.412594000000000278e+02
4.836789035337423002e+02,4.412594000000000278e+02
4.839696688800368065e+02,4.412594000000000278e+02
4.840195553478394004e+02,4.412594000000000278e+02
4.841295702007047339e+02,4.412594000000000278e+02
4.841193741630901286e+02,4.412594000000000278e+02
4.842894715213727750e+02,4.412594000000000278e+02
4.843394069935642392e+02,4.412594000000000278e+02
4.844493728420407024e+02,4.412594000000000278e+02
4.840784960687960847e+02,4.412594000000000278e+02
4.846092741627087435e+02,4.412594000000000278e+02
4.846592586392889643e+02,4.412594000000000278e+02
4.847691754833767845e+02,4.412594000000000278e+02
4.847592735622317832e+02,4.412594000000000278e+02
4.849290768040447119e+02,4.412594000000000278e+02
4.849791102850138031e+02,4.412594000000000278e+02
4.850889781247127530e+02,4.412594000000000278e+02
4.849594874846625316e+02,4.412594000000000278e+02
4.852488794453806804e+02,4.412594000000000278e+02
4.852989619307386420e+02,4.412594000000000278e+02
4.854087807660487215e+02,4.412594000000000278e+02
4.853991729613733241e+02,4.412594000000000278e+02
4.855686820867167626e+02,4.412594000000000278e+02
4.856188135764633671e+02,4.412594000000000278e+02
4.857285834073846900e+02,4.412594000000000278e+02
5.213255599999999959e+02,3.108834200000000010e+02
4.858884847280527310e+02,4.288535200000000032e+02
4.859386652221882059e+02,4.288535200000000032e+02
4.860483860487206584e+02,4.288535200000000032e+02
4.860390723605149788e+02,4.288535200000000032e+02
4.862082873693886995e+02,4.288535200000000032e+02
4.862585168679129310e+02,4.288535200000000032e+02
4.863681886900567406e+02,4.288535200000000032e+02
4.862400714355827631e+02,4.288535200000000032e+02
4.865280900107246680e+02,4.288535200000000032e+02
4.865783685136377699e+02,4.288535200000000032e+02
4.866879913313927091e+02,4.288535200000000032e+02
4.866789717596566334e+02,4.288535200000000032e+02
4.868478926520606365e+02,4.288535200000000032e+02
4.868982201593626087e+02,4.288535200000000032e+02
4.870077939727286775e+02,4.288535200000000032e+02
4.866428103685503856e+02,4.288535200000000032e+02
4.871676952933966049e+02,4.288535200000000032e+02
4.872180718050873338e+02,4.288535200000000032e+02
4.873275966140646460e+02,4.288535200000000032e+02
4.873188711587982880e+02,4.288535200000000032e+02
4.874874979347326871e+02,4.288535200000000032e+02
4.875379234508121726e+02,4.288535200000000032e+02
4.876473992554006145e+02,4.288535200000000032e+02
4.875206553865029946e+02,4.288535200000000032e+02
4.878073005760686556e+02,4.288535200000000032e+02
4.878577750965368978e+02,4.288535200000000032e+02
4.879672018967365830e+02,4.288535200000000032e+02
4.879587705579399426e+02,4.288535200000000032e+02
4.881271032174046240e+02,4.288535200000000032e+02
4.881776267422617366e+02,4.288535200000000032e+02
4.882870045380726651e+02,4.288535200000000032e+02
4.874512641379310480e+02,4.288535200000000032e+02
4.884469058587405925e+02,4.288535200000000032e+02
4.884974783879865754e+02,4.288535200000000032e+02
4.886068071794086336e+02,4.288535200000000032e+02
4.885986699570814835e+02,4.288535200000000032e+02
4.887667085000765610e+02,4.288535200000000032e+02
4.888173300337113005e+02,4.288535200000000032e+02
4.889266098207446021e+02,4.288535200000000032e+02
4.888012393374232261e+02,4.288535200000000032e+02
4.890865111414126432e+02,4.288535200000000032e+02
4.891371816794361393e+02,4.288535200000000032e+02
4.892464124620805705e+02,4.288535200000000032e+02
4.892385693562231381e+02,4.288535200000000032e+02
4.894063137827486116e+02,4.288535200000000032e+02
4.894570333251608645e+02,4.288535200000000032e+02
4.895662151034165390e+02,4.288535200000000032e+02
4.892071246683046866e+02,4.288535200000000032e+02
4.897261164240845801e+02,4.288535200000000032e+02
4.897768849708857033e+02,4.288535200000000032e+02
4.898860177447526212e+02,4.288535200000000032e+02
4.898784687553647927e+02,4.288535200000000032e+02
4.900459190654205486e+02,4.288535200000000032e+02
4.900967366166105421e+02,4.288535200000000032e+02
4.902058203860885897e+02,4.288535200000000032e+02
4.900818232883435712e+02,4.288535200000000032e+02
4.903657217067565171e+02,4.288535200000000032e+02
4.904165882623352672e+02,4.288535200000000032e+02
4.905256230274245581e+02,4.288535200000000032e+02
4.905183681545064474e+02,4.288535200000000032e+02
4.906855243480924855e+02,4.288535200000000032e+02
4.907364399080601061e+02,4.288535200000000032e+02
4.908454256687605266e+02,4.288535200000000032e+02
5.187486599999999726e+02,3.145494400000000041e+02
4.910053269894285677e+02,4.288535200000000032e+02
4.910562915537848312e+02,4.288535200000000032e+02
4.911652283100964951e+02,4.288535200000000032e+02
4.911582675536481020e+02,4.288535200000000032e+02
4.913251296307645362e+02,4.288535200000000032e+02
4.913761431995096700e+02,4.288535200000000032e+02
4.914850309514324636e+02,4.288535200000000032e+02
4.913624072392638027e+02,4.288535200000000032e+02
4.916449322721005046e+02,4.288535200000000032e+02
4.916959948452345088e+02,4.288535200000000032e+02
4.918048335927685457e+02,4.288535200000000032e+02
4.917981669527896429e+02,4.288535200000000032e+02
4.919647349134364731e+02,4.288535200000000032e+02
4.920158464909592340e+02,4.288535200000000032e+02
4.921246362341045142e+02,4.288535200000000032e+02
4.917714389680589875e+02,4.288535200000000032e+02
4.922845375547724416e+02,4.288535200000000032e+02
4.923356981366840728e+02,4.288535200000000032e+02
4.924444388754404827e+02,4.288535200000000032e+02
4.924380663519312975e+02,4.288535200000000032e+02
4.926043401961085237e+02,4.288535200000000032e+02
4.926555497824087979e+02,4.288535200000000032e+02
4.927642415167764511e+02,4.288535200000000032e+02
4.926429911901840342e+02,4.288535200000000032e+02
4.929241428374444922e+02,4.288535200000000032e+02
4.929754014281336367e+02,4.288535200000000032e+02
4.930840441581124196e+02,4.288535200000000032e+02
4.930779657510729521e+02,4.288535200000000032e+02
4.932439454787804607e+02,4.288535200000000032e+02
4.932952530738584755e+02,4.288535200000000032e+02
4.934038467994483881e+02,4.288535200000000032e+02
4.925925248275862032e+02,4.288535200000000032e+02
4.935637481201164292e+02,4.288535200000000032e+02
4.936151047195832007e+02,4.288535200000000032e+02
4.937236494407844702e+02,4.288535200000000032e+02
4.937178651502146067e+02,4.288535200000000032e+02
4.938835507614523976e+02,4.288535200000000032e+02
4.939349563653080395e+02,4.288535200000000032e+02
4.940434520821204387e+02,4.288535200000000032e+02
4.939235751411042656e+02,4.288535200000000032e+02
4.942033534027883661e+02,4.288535200000000032e+02
4.942548080110327646e+02,4.288535200000000032e+02
4.943632547234564072e+02,4.288535200000000032e+02
4.943577645493562613e+02,4.288535200000000032e+02
4.945231560441244483e+02,4.288535200000000032e+02
4.945746596567576034e+02,4.288535200000000032e+02
4.946830573647923757e+02,4.288535200000000032e+02
4.943357532678132884e+02,4.288535200000000032e+02
4.948429586854604167e+02,4.288535200000000032e+02
4.948945113024823286e+02,4.288535200000000032e+02
4.950028600061283441e+02,4.288535200000000032e+02
4.949976639484978023e+02,4.288535200000000032e+02
4.951627613267963852e+02,4.288535200000000032e+02
4.952143629482071674e+02,4.288535200000000032e+02
4.953226626474644263e+02,4.288535200000000032e+02
4.952041590920244971e+02,4.288535200000000032e+02
4.954825639681323537e+02,4.288535200000000032e+02
4.955342145939320062e+02,4.288535200000000032e+02
4.956424652888003948e+02,4.288535200000000032e+02
4.956375633476394569e+02,4.288535200000000032e+02
4.958023666094683222e+02,4.288535200000000032e+02
4.958540662396567313e+02,4.288535200000000032e+02
4.959622679301363632e+02,4.288535200000000032e+02
5.135529999999999973e+02,3.341641799999999876e+02
4.961221692508044043e+02,4.288535200000000032e+02
4.961739178853815702e+02,4.288535200000000032e+02
4.962820705714723317e+02,4.288535200000000032e+02
4.962774627467811115e+02,4.288535200000000032e+02
4.964419718921403728e+02,4.288535200000000032e+02
4.964937695311062953e+02,4.288535200000000032e+02
4.966018732128083002e+02,4.288535200000000032e+02
4.964847430429447286e+02,4.288535200000000032e+02
4.967617745334763413e+02,4.288535200000000032e+02
4.968136211768311341e+02,4.288535200000000032e+02
4.969216758541442687e+02,4.288535200000000032e+02
4.969173621459227661e+02,4.288535200000000032e+02
4.970815771748123097e+02,4.288535200000000032e+02
4.971334728225559729e+02,4.288535200000000032e+02
4.972414784954803508e+02,4.288535200000000032e+02
4.969000675675675893e+02,4.288535200000000032e+02
4.974013798161482782e+02,4.288535200000000032e+02
4.974533244682806981e+02,4.288535200000000032e+02
4.975612811368163193e+02,4.288535200000000032e+02
4.975572615450643070e+02,4.288535200000000032e+02
4.977211824574842467e+02,4.288535200000000032e+02
4.977731761140055369e+02,4.288535200000000032e+02
4.978810837781522878e+02,4.288535200000000032e+02
4.977653269938649601e+02,4.288535200000000032e+02
4.980409850988203289e+02,4.288535200000000032e+02
4.980930277597302620e+02,4.288535200000000032e+02
4.982008864194882563e+02,4.288535200000000032e+02
4.981971609442059616e+02,4.288535200000000032e+02
4.983607877401562973e+02,4.288535200000000032e+02
4.984128794054551008e+02,4.288535200000000032e+02
4.985206890608242247e+02,4.288535200000000032e+02
4.977337855172413583e+02,4.288535200000000032e+02
4.986805903814922658e+02,4.288535200000000032e+02
4.987327310511799396e+02,4.288535200000000032e+02
4.988404917021603069e+02,4.288535200000000032e+02
4.988370603433476163e+02,4.288535200000000032e+02
4.990003930228282343e+02,4.288535200000000032e+02
4.990525826969046648e+02,4.288535200000000032e+02
4.991602943434962754e+02,4.288535200000000032e+02
4.990459109447851915e+02,4.288535200000000032e+02
4.993201956641642028e+02,4.288535200000000032e+02
4.993724343426295036e+02,4.288535200000000032e+02
4.994800969848322438e+02,4.288535200000000032e+02
4.994769597424892709e+02,4.288535200000000032e+02
4.996399983055001712e+02,4.288535200000000032e+02
4.996922859883542287e+02,4.288535200000000032e+02
4.997998996261682123e+02,4.288535200000000032e+02
4.994643818673218902e+02,4.288535200000000032e+02
4.999598009468362534e+02,4.288535200000000032e+02
5.000121376340790675e+02,4.288535200000000032e+02
5.001197022675041808e+02,4.288535200000000032e+02
5.001168591416309255e+02,4.288535200000000032e+02
5.002796035881722219e+02,4.288535200000000032e+02
5.003319892798039064e+02,4.288535200000000032e+02
5.004395049088401493e+02,4.288535200000000032e+02
5.003264948957055367e+02,4.288535200000000032e+02
5.005994062295081903e+02,4.288535200000000032e+02
5.006518409255286315e+02,4.288535200000000032e+02
5.007593075501762314e+02,4.288535200000000032e+02
5.007567585407724664e+02,4.288535200000000032e+02
5.009192088708441588e+02,4.288535200000000032e+02
5.009716925712534703e+02,4.288535200000000032e+02
5.010791101915121999e+02,4.288535200000000032e+02
5.149954999999999927e+02,3.611367200000000253e+02
5.012390115121801273e+02,3.170720200000000091e+02
5.012915442169781954e+02,3.170720200000000091e+02
5.013989128328481684e+02,3.170720200000000091e+02
5.013966579399141210e+02,3.170720200000000091e+02
5.015588141535162094e+02,3.170720200000000091e+02
5.016113958627030343e+02,3.170720200000000091e+02
5.017187154741841368e+02,3.170720200000000091e+02
5.016070788466257682e+02,3.170720200000000091e+02
5.018786167948521779e+02,3.170720200000000091e+02
5.019312475084278731e+02,3.170720200000000091e+02
5.020385181155201053e+02,3.170720200000000091e+02
5.020365573390557756e+02,3.170720200000000091e+02
5.021984194361881464e+02,3.170720200000000091e+02
5.022510991541525982e+02,3.170720200000000091e+02
5.023583207568561875e+02,3.170720200000000091e+02
5.020286961670761912e+02,3.170720200000000091e+02
5.025182220775241149e+02,3.170720200000000091e+02
5.025709507998774370e+02,3.170720200000000091e+02
5.026781233981921559e+02,3.170720200000000091e+02
5.026764567381974302e+02,3.170720200000000091e+02
5.028380247188600833e+02,3.170720200000000091e+02
5.028908024456021622e+02,3.170720200000000091e+02
5.029979260395281244e+02,3.170720200000000091e+02
5.028876627975459996e+02,3.170720200000000091e+02
5.031578273601960518e+02,3.170720200000000091e+02
5.032106540913270010e+02,3.170720200000000091e+02
5.033177286808640929e+02,3.170720200000000091e+02
5.033163561373390849e+02,3.170720200000000091e+02
5.034776300015321340e+02,3.170720200000000091e+02
5.035305057370518398e+02,3.170720200000000091e+02
5.036375313222000614e+02,3.170720200000000091e+02
5.028750462068965135e+02,3.170720200000000091e+02
5.037974326428681024e+02,3.170720200000000091e+02
5.038503573827765649e+02,3.170720200000000091e+02
5.039573339635360298e+02,3.170720200000000091e+02
5.039562555364806258e+02,3.170720200000000091e+02
5.041172352842040709e+02,3.170720200000000091e+02
5.041702090285014037e+02,3.170720200000000091e+02
5.042771366048721120e+02,3.170720200000000091e+02
5.041682467484662311e+02,3.170720200000000091e+02
5.044370379255400394e+02,3.170720200000000091e+02
5.044900606742261289e+02,3.170720200000000091e+02
5.045969392462080805e+02,3.170720200000000091e+02
5.045961549356222804e+02,3.170720200000000091e+02
5.047568405668760079e+02,3.170720200000000091e+02
5.048099123199509677e+02,3.170720200000000091e+02
5.049167418875440490e+02,3.170720200000000091e+02
5.045930104668304921e+02,3.170720200000000091e+02
5.050766432082120900e+02,3.170720200000000091e+02
5.051297639656758065e+02,3.170720200000000091e+02
5.052365445288800174e+02,3.170720200000000091e+02
5.052360543347639350e+02,3.170720200000000091e+02
5.053964458495480585e+02,3.170720200000000091e+02
5.054496156114005316e+02,3.170720200000000091e+02
5.055563471702159859e+02,3.170720200000000091e+02
5.054488306993864626e+02,3.170720200000000091e+02
5.057162484908840270e+02,3.170720200000000091e+02
5.057694672571253705e+02,3.170720200000000091e+02
5.058761498115520681e+02,3.170720200000000091e+02
5.058759537339055896e+02,3.170720200000000091e+02
5.060360511322199955e+02,3.170720200000000091e+02
5.060893189028500956e+02,3.170720200000000091e+02
5.061959524528880365e+02,3.170720200000000091e+02
5.237959600000000364e+02,3.865644500000000221e+02
5.063558537735559639e+02,4.011349999999999909e+02
5.064091705485749344e+02,4.011349999999999909e+02
5.065157550942240050e+02,4.011349999999999909e+02
5.065158531330472442e+02,4.011349999999999909e+02
5.066756564148919324e+02,4.011349999999999909e+02
5.067290221942997732e+02,4.011349999999999909e+02
5.068355577355599735e+02,4.011349999999999909e+02
5.067294146503066941e+02,4.011349999999999909e+02
5.069954590562280146e+02,4.011349999999999909e+02
5.070488738400244983e+02,4.011349999999999909e+02
5.071553603768959420e+02,4.011349999999999909e+02
5.071557525321887852e+02,4.011349999999999909e+02
5.073152616975639830e+02,4.011349999999999909e+02
5.073687254857493372e+02,4.011349999999999909e+02
5.074751630182319104e+02,4.011349999999999909e+02
5.071573247665847930e+02,4.011349999999999909e+02
5.076350643388999515e+02,4.011349999999999909e+02
5.076885771314740623e+02,4.011349999999999909e+02
5.077949656595679926e+02,4.011349999999999909e+02
5.077956519313304398e+02,4.011349999999999909e+02
5.079548669802359200e+02,4.011349999999999909e+02
5.080084287771989011e+02,4.011349999999999909e+02
5.081147683009039611e+02,4.011349999999999909e+02
5.080099986012269255e+02,4.011349999999999909e+02
5.082746696215718885e+02,4.011349999999999909e+02
5.083282804229237399e+02,4.011349999999999909e+02
5.084345709422399295e+02,4.011349999999999909e+02
5.084355513304720944e+02,4.011349999999999909e+02
5.085944722629079706e+02,4.011349999999999909e+02
5.086481320686484651e+02,4.011349999999999909e+02
5.087543735835758980e+02,4.011349999999999909e+02
5.080163068965516686e+02,4.011349999999999909e+02
5.089142749042439391e+02,4.011349999999999909e+02
5.089679837143733039e+02,4.011349999999999909e+02
5.090741762249118665e+02,4.011349999999999909e+02
5.090754507296137490e+02,4.011349999999999909e+02
5.092340775455799076e+02,4.011349999999999909e+02
5.092878353600980290e+02,4.011349999999999909e+02
5.093939788662478350e+02,4.011349999999999909e+02
5.092905825521471570e+02,4.011349999999999909e+02
5.095538801869158760e+02,4.011349999999999909e+02
5.096076870058228678e+02,4.011349999999999909e+02
5.097137815075839171e+02,4.011349999999999909e+02
5.097153501287554036e+02,4.011349999999999909e+02
5.098736828282518445e+02,4.011349999999999909e+02
5.099275386515477066e+02,4.011349999999999909e+02
5.100335841489198856e+02,4.011349999999999909e+02
5.097216390663390939e+02,4.011349999999999909e+02
5.101934854695878130e+02,4.011349999999999909e+02
5.102473902972724318e+02,4.011349999999999909e+02
5.103533867902558541e+02,4.011349999999999909e+02
5.103552495278969445e+02,4.011349999999999909e+02
5.105132881109238951e+02,4.011349999999999909e+02
5.105672419429972706e+02,4.011349999999999909e+02
5.106731894315918225e+02,4.011349999999999909e+02
5.105711665030675022e+02,4.011349999999999909e+02
5.108330907522598636e+02,4.011349999999999909e+02
5.108870935887219957e+02,4.011349999999999909e+02
5.109929920729277910e+02,4.011349999999999909e+02
5.109951489270385991e+02,4.011349999999999909e+02
5.111528933935958321e+02,4.011349999999999909e+02
5.112069452344468345e+02,4.011349999999999909e+02
5.113127947142638732e+02,4.011349999999999909e+02
5.307451999999999543e+02,3.987078999999999951e+02
5.114726960349318006e+02,3.341641799999999876e+02
5.115267968801716734e+02,3.341641799999999876e+02
5.116325973555998416e+02,3.341641799999999876e+02
5.116350483261802538e+02,3.341641799999999876e+02
5.117924986762677690e+02,3.341641799999999876e+02
5.118466485258963985e+02,3.341641799999999876e+02
5.119523999969358101e+02,3.341641799999999876e+02
5.118517504539877336e+02,3.341641799999999876e+02
5.121123013176038512e+02,3.341641799999999876e+02
5.121665001716212373e+02,3.341641799999999876e+02
5.122722026382717786e+02,3.341641799999999876e+02
5.122749477253219084e+02,3.341641799999999876e+02
5.124321039589398197e+02,3.341641799999999876e+02
5.124863518173459624e+02,3.341641799999999876e+02
5.125920052796077471e+02,3.341641799999999876e+02
5.122859533660933948e+02,3.341641799999999876e+02
5.127519066002757882e+02,3.341641799999999876e+02
5.128062034630708013e+02,3.341641799999999876e+02
5.129118079209437155e+02,3.341641799999999876e+02
5.129148471244634493e+02,3.341641799999999876e+02
5.130717092416117566e+02,3.341641799999999876e+02
5.131260551087956401e+02,3.341641799999999876e+02
5.132316105622797977e+02,3.341641799999999876e+02
5.131323344049079651e+02,3.341641799999999876e+02
5.133915118829477251e+02,3.341641799999999876e+02
5.134459067545203652e+02,3.341641799999999876e+02
5.135514132036157662e+02,3.341641799999999876e+02
5.135547465236051039e+02,3.341641799999999876e+02
5.137113145242836936e+02,3.341641799999999876e+02
5.137657584002452040e+02,3.341641799999999876e+02
5.138712158449517347e+02,3.341641799999999876e+02
5.131575675862068238e+02,3.341641799999999876e+02
5.140311171656197757e+02,3.611367200000000253e+02
5.140856100459699292e+02,3.611367200000000253e+02
5.141910184862877031e+02,3.611367200000000253e+02
5.141946459227467585e+02,3.611367200000000253e+02
5.143509198069557442e+02,3.611367200000000253e+02
5.144054616916947680e+02,3.611367200000000253e+02
5.145108211276236716e+02,3.611367200000000253e+02
5.144129183558281966e+02,3.611367200000000253e+02
5.146707224482917127e+02,3.611367200000000253e+02
5.147253133374196068e+02,3.611367200000000253e+02
5.148306237689597538e+02,3.611367200000000253e+02
5.148345453218884131e+02,3.611367200000000253e+02
5.149905250896276812e+02,3.611367200000000253e+02
5.150451649831443319e+02,3.611367200000000253e+02
5.151504264102957222e+02,3.611367200000000253e+02
5.148502676658476958e+02,3.611367200000000253e+02
5.153103277309636496e+02,3.611367200000000253e+02
5.153650166288691707e+02,3.611367200000000253e+02
5.154702290516316907e+02,3.611367200000000253e+02
5.154744447210300677e+02,3.611367200000000253e+02
5.156301303722997318e+02,3.611367200000000253e+02
5.156848682745938959e+02,3.611367200000000253e+02
5.157900316929676592e+02,3.611367200000000253e+02
5.156935023067484281e+02,3.611367200000000253e+02
5.159499330136357003e+02,3.611367200000000253e+02
5.160047199203187347e+02,3.611367200000000253e+02
5.161098343343036277e+02,3.611367200000000253e+02
5.161143441201716087e+02,3.611367200000000253e+02
5.162697356549716687e+02,3.611367200000000253e+02
5.163245715660435735e+02,3.611367200000000253e+02
5.164296369756395961e+02,3.611367200000000253e+02
5.451639999999999873e+02,4.121822500000000105e+02
5.165895382963076372e+02,3.145494400000000041e+02
5.166444232117682986e+02,3.145494400000000041e+02
5.167494396169756783e+02,3.145494400000000041e+02
5.167542435193132633e+02,3.145494400000000041e+02
5.169093409376436057e+02,3.145494400000000041e+02
5.169642748574931375e+02,3.145494400000000041e+02
5.170692422583116468e+02,3.145494400000000041e+02
5.169740862576686595e+02,3.145494400000000041e+02
5.172291435789795742e+02,3.145494400000000041e+02
5.172841265032178626e+02,3.145494400000000041e+02
5.173890448996476152e+02,3.145494400000000041e+02
5.173941429184549179e+02,3.145494400000000041e+02
5.175489462203156563e+02,3.145494400000000041e+02
5.176039781489427014e+02,3.145494400000000041e+02
5.177088475409835837e+02,3.145494400000000041e+02
5.174145819656019967e+02,3.145494400000000041e+02
5.178687488616516248e+02,3.145494400000000041e+02
5.179238297946675402e+02,3.145494400000000041e+02
5.180286501823195522e+02,3.145494400000000041e+02
5.180340423175965725e+02,3.145494400000000041e+02
5.181885515029875933e+02,3.145494400000000041e+02
5.182436814403922654e+02,3.145494400000000041e+02
5.183484528236556343e+02,3.145494400000000041e+02
5.182546702085888910e+02,3.145494400000000041e+02
5.185083541443235617e+02,3.145494400000000041e+02
5.185635330861171042e+02,3.145494400000000041e+02
5.186682554649916028e+02,3.145494400000000041e+02
5.186739417167382271e+02,3.145494400000000041e+02
5.188281567856595302e+02,3.145494400000000041e+02
5.188833847318418293e+02,3.145494400000000041e+02
5.189880581063275713e+02,3.145494400000000041e+02
5.182988282758620926e+02,3.145494400000000041e+02
5.191479594269954987e+02,3.640333299999999781e+02
5.192032363775666681e+02,3.640333299999999781e+02
5.193078607476635398e+02,3.640333299999999781e+02
5.193138411158797680e+02,3.640333299999999781e+02
5.194677620683315808e+02,3.640333299999999781e+02
5.195230880232915069e+02,3.640333299999999781e+02
5.196276633889995082e+02,3.640333299999999781e+02
5.195352541595091225e+02,3.640333299999999781e+02
5.197875647096675493e+02,3.640333299999999781e+02
5.198429396690162321e+02,3.640333299999999781e+02
5.199474660303354767e+02,3.640333299999999781e+02
5.199537405150214227e+02,3.640333299999999781e+02
5.201073673510035178e+02,3.640333299999999781e+02
5.201627913147410709e+02,3.640333299999999781e+02
5.202672686716715589e+02,3.640333299999999781e+02
5.199788962653562976e+02,3.640333299999999781e+02
5.204271699923394863e+02,3.640333299999999781e+02
5.204826429604657960e+02,3.640333299999999781e+02
5.205870713130075274e+02,3.640333299999999781e+02
5.205936399141630773e+02,3.640333299999999781e+02
5.207469726336754547e+02,3.640333299999999781e+02
5.208024946061906348e+02,3.640333299999999781e+02
5.209068739543434958e+02,3.640333299999999781e+02
5.208158381104294676e+02,3.640333299999999781e+02
5.210667752750115369e+02,3.108834200000000010e+02
5.211223462519154737e+02,3.108834200000000010e+02
5.212266765956794643e+02,3.108834200000000010e+02
5.212335393133047319e+02,3.108834200000000010e+02
5.213865779163475054e+02,3.108834200000000010e+02
5.214421978976401988e+02,3.108834200000000010e+02
5.215464792370154328e+02,3.108834200000000010e+02
5.589197400000000471e+02,4.165843499999999722e+02
5.217063805576834739e+02,3.137185000000000059e+02
5.217620495433650376e+02,3.137185000000000059e+02
5.218662818783515149e+02,3.137185000000000059e+02
5.218734387124463865e+02,3.137185000000000059e+02
5.220261831990194423e+02,3.137185000000000059e+02
5.220819011890897627e+02,3.137185000000000059e+02
5.221860845196874834e+02,3.137185000000000059e+02
5.220964220613496991e+02,3.137185000000000059e+02
5.223459858403554108e+02,3.137185000000000059e+02
5.224017528348146016e+02,3.137185000000000059e+02
5.225058871610234519e+02,3.137185000000000059e+02
5.225133381115879274e+02,3.137185000000000059e+02
5.226657884816913793e+02,3.137185000000000059e+02
5.227216044805394404e+02,3.137185000000000059e+02
5.228256898023594204e+02,3.137185000000000059e+02
5.225432105651105985e+02,3.137185000000000059e+02
5.229855911230274614e+02,3.865644500000000221e+02
5.230414561262641655e+02,3.865644500000000221e+02
5.231454924436953888e+02,3.865644500000000221e+02
5.231532375107295820e+02,3.865644500000000221e+02
5.233053937643634299e+02,3.865644500000000221e+02
5.233613077719890043e+02,3.865644500000000221e+02
5.234652950850313573e+02,3.865644500000000221e+02
5.233770060122699306e+02,3.865644500000000221e+02
5.236251964056993984e+02,3.865644500000000221e+02
5.236811594177137295e+02,3.865644500000000221e+02
5.237850977263674395e+02,3.865644500000000221e+02
5.237931369098712366e+02,3.865644500000000221e+02
5.239449990470353669e+02,3.865644500000000221e+02
5.240010110634385683e+02,3.865644500000000221e+02
5.241049003677034079e+02,3.865644500000000221e+02
5.234400889655172477e+02,3.865644500000000221e+02
5.242648016883713353e+02,3.199741200000000276e+02
5.243208627091634071e+02,3.199741200000000276e+02
5.244247030090393764e+02,3.199741200000000276e+02
5.244330363090128913e+02,3.199741200000000276e+02
5.245846043297074175e+02,3.362961399999999799e+02
5.246407143548881322e+02,3.362961399999999799e+02
5.247445056503753449e+02,3.362961399999999799e+02
5.246575899631901621e+02,3.362961399999999799e+02
5.249044069710433860e+02,3.362961399999999799e+02
5.249605660006129710e+02,3.362961399999999799e+02
5.250643082917113134e+02,3.362961399999999799e+02
5.250729357081545459e+02,3.362961399999999799e+02
5.252242096123793544e+02,3.362961399999999799e+02
5.252804176463376962e+02,3.362961399999999799e+02
5.253841109330473955e+02,3.362961399999999799e+02
5.251075248648648994e+02,3.362961399999999799e+02
5.255440122537153229e+02,3.362961399999999799e+02
5.256002692920625350e+02,3.362961399999999799e+02
5.257039135743833640e+02,3.362961399999999799e+02
5.257128351072960868e+02,3.362961399999999799e+02
5.258638148950512914e+02,3.362961399999999799e+02
5.259201209377873738e+02,3.362961399999999799e+02
5.260237162157193325e+02,3.362961399999999799e+02
5.259381739141103935e+02,3.362961399999999799e+02
5.261836175363872599e+02,3.362961399999999799e+02
5.262399725835120989e+02,3.362961399999999799e+02
5.263435188570553009e+02,3.362961399999999799e+02
5.263527345064377414e+02,3.362961399999999799e+02
5.265034201777233420e+02,3.362961399999999799e+02
5.265598242292369378e+02,3.362961399999999799e+02
5.266633214983912694e+02,3.362961399999999799e+02
5.712833000000000538e+02,4.114592299999999909e+02
5.268232228190593105e+02,3.987078999999999951e+02
5.268796758749616629e+02,3.987078999999999951e+02
5.269831241397272379e+02,3.987078999999999951e+02
5.269926339055793960e+02,3.987078999999999951e+02
5.271430254603952790e+02,3.987078999999999951e+02
5.271995275206865017e+02,3.987078999999999951e+02
5.273029267810633200e+02,3.987078999999999951e+02
5.272187578650306250e+02,3.987078999999999951e+02
5.274628281017312474e+02,3.987078999999999951e+02
5.275193791664113405e+02,3.987078999999999951e+02
5.276227294223992885e+02,3.987078999999999951e+02
5.276325333047210506e+02,3.987078999999999951e+02
5.277826307430672159e+02,3.987078999999999951e+02
5.278392308121360657e+02,3.987078999999999951e+02
5.279425320637352570e+02,3.987078999999999951e+02
5.276718391646192003e+02,3.987078999999999951e+02
5.281024333844032981e+02,3.987078999999999951e+02
5.281590824578609045e+02,3.987078999999999951e+02
5.282623347050712255e+02,3.987078999999999951e+02
5.282724327038625916e+02,3.987078999999999951e+02
5.284222360257392666e+02,3.987078999999999951e+02
5.284789341035856296e+02,3.987078999999999951e+02
5.285821373464071939e+02,3.987078999999999951e+02
5.284993418159508565e+02,3.987078999999999951e+02
5.287420386670752350e+02,3.987078999999999951e+02
5.287987857493104684e+02,3.987078999999999951e+02
5.289019399877431624e+02,3.987078999999999951e+02
5.289123321030042462e+02,3.987078999999999951e+02
5.290618413084112035e+02,3.987078999999999951e+02
5.291186373950351935e+02,3.987078999999999951e+02
5.292217426290792446e+02,3.987078999999999951e+02
5.285813496551724029e+02,3.987078999999999951e+02
5.293816439497471720e+02,3.987078999999999951e+02
5.294384890407600324e+02,3.987078999999999951e+02
5.295415452704152131e+02,3.987078999999999951e+02
5.295522315021459008e+02,3.987078999999999951e+02
5.297014465910831404e+02,3.987078999999999951e+02
5.297583406864848712e+02,3.987078999999999951e+02
5.298613479117511815e+02,3.987078999999999951e+02
5.297799257668710879e+02,3.987078999999999951e+02
5.300212492324192226e+02,3.987078999999999951e+02
5.300781923322095963e+02,3.987078999999999951e+02
5.301811505530871500e+02,3.987078999999999951e+02
5.301921309012875554e+02,3.987078999999999951e+02
5.303410518737551911e+02,3.987078999999999951e+02
5.303980439779344351e+02,3.987078999999999951e+02
5.305009531944231185e+02,3.987078999999999951e+02
5.302361534643735013e+02,3.987078999999999951e+02
5.306608545150911596e+02,3.987078999999999951e+02
5.307178956236591603e+02,3.987078999999999951e+02
5.308207558357592006e+02,3.987078999999999951e+02
5.308320303004292100e+02,3.987078999999999951e+02
5.309806571564271280e+02,3.987078999999999951e+02
5.310377472693839991e+02,3.987078999999999951e+02
5.311405584770951691e+02,3.987078999999999951e+02
5.310605097177913194e+02,3.987078999999999951e+02
5.313004597977630965e+02,3.987078999999999951e+02
5.313575989151088379e+02,3.987078999999999951e+02
5.314603611184311376e+02,3.987078999999999951e+02
5.314719296995707509e+02,3.987078999999999951e+02
5.316202624390991787e+02,3.987078999999999951e+02
5.316774505608335630e+02,3.987078999999999951e+02
5.317801637597671061e+02,3.987078999999999951e+02
5.799684999999999491e+02,3.988548599999999738e+02
5.319400650804351471e+02,3.987078999999999951e+02
5.319973022065584018e+02,3.987078999999999951e+02
5.320999664011030745e+02,3.987078999999999951e+02
5.321118290987124055e+02,3.987078999999999951e+02
5.322598677217711156e+02,3.987078999999999951e+02
5.323171538522831270e+02,3.987078999999999951e+02
5.324197690424390430e+02,3.987078999999999951e+02
5.323410936687116646e+02,3.987078999999999951e+02
5.325796703631070841e+02,3.987078999999999951e+02
5.326370054980079658e+02,3.987078999999999951e+02
5.327395716837751252e+02,3.987078999999999951e+02
5.327517284978540602e+02,3.987078999999999951e+02
5.328994730044430526e+02,3.987078999999999951e+02
5.329568571437328046e+02,3.987078999999999951e+02
5.330593743251110936e+02,3.987078999999999951e+02
5.328004677641278022e+02,3.987078999999999951e+02
5.332192756457790210e+02,3.987078999999999951e+02
5.332767087894575297e+02,3.987078999999999951e+02
5.333791769664470621e+02,3.987078999999999951e+02
5.333916278969957148e+02,3.987078999999999951e+02
5.335390782871151032e+02,3.987078999999999951e+02
5.335965604351823686e+02,3.987078999999999951e+02
5.336989796077830306e+02,3.987078999999999951e+02
5.336216776196318961e+02,3.987078999999999951e+02
5.338588809284510717e+02,3.987078999999999951e+02
5.339164120809070937e+02,3.987078999999999951e+02
5.340187822491189991e+02,3.987078999999999951e+02
5.340315272961373694e+02,3.987078999999999951e+02
5.341786835697870401e+02,3.987078999999999951e+02
5.342362637266319325e+02,3.987078999999999951e+02
5.343385848904550812e+02,3.987078999999999951e+02
5.337226103448275580e+02,3.987078999999999951e+02
5.344984862111230086e+02,3.987078999999999951e+02
5.345561153723567713e+02,3.987078999999999951e+02
5.346583875317910497e+02,3.987078999999999951e+02
5.346714266952789103e+02,3.987078999999999951e+02
5.348182888524589771e+02,3.987078999999999951e+02
5.348759670180814965e+02,3.987078999999999951e+02
5.349781901731270182e+02,3.987078999999999951e+02
5.349022615705521275e+02,3.987078999999999951e+02
5.351380914937949456e+02,3.987078999999999951e+02
5.351958186638063353e+02,3.987078999999999951e+02
5.352979928144629866e+02,3.987078999999999951e+02
5.353113260944205649e+02,3.987078999999999951e+02
5.354578941351310277e+02,3.987078999999999951e+02
5.355156703095310604e+02,3.987078999999999951e+02
5.356177954557989551e+02,3.987078999999999951e+02
5.353647820638821031e+02,3.987078999999999951e+02
5.357776967764669962e+02,3.987078999999999951e+02
5.358355219552558992e+02,3.987078999999999951e+02
5.359375980971349236e+02,3.987078999999999951e+02
5.359512254935622195e+02,3.987078999999999951e+02
5.360974994178029647e+02,3.987078999999999951e+02
5.361553736009807380e+02,3.987078999999999951e+02
5.362574007384710058e+02,3.987078999999999951e+02
5.361828455214723590e+02,3.987078999999999951e+02
5.364173020591389331e+02,3.987078999999999951e+02
5.364752252467054632e+02,3.987078999999999951e+02
5.365772033798069742e+02,3.987078999999999951e+02
5.365911248927038741e+02,3.987078999999999951e+02
5.367371047004749016e+02,3.987078999999999951e+02
5.367950768924303020e+02,3.987078999999999951e+02
5.368970060211429427e+02,3.987078999999999951e+02
5.932129999999999654e+02,3.629127199999999789e+02
5.370569073418109838e+02,4.121822500000000105e+02
5.371149285381550271e+02,4.121822500000000105e+02
5.372168086624789112e+02,4.121822500000000105e+02
5.372310242918455288e+02,4.121822500000000105e+02
5.373767099831469523e+02,4.121822500000000105e+02
5.374347801838798659e+02,4.121822500000000105e+02
5.375366113038148796e+02,4.121822500000000105e+02
5.374634294723925905e+02,4.121822500000000105e+02
5.376965126244829207e+02,4.121822500000000105e+02
5.377546318296047048e+02,4.121822500000000105e+02
5.378564139451509618e+02,4.121822500000000105e+02
5.378709236909870697e+02,4.121822500000000105e+02
5.380163152658188892e+02,4.121822500000000105e+02
5.380744834753294299e+02,4.121822500000000105e+02
5.381762165864869303e+02,4.121822500000000105e+02
5.379290963636364040e+02,4.121822500000000105e+02
5.383361179071548577e+02,4.121822500000000105e+02
5.383943351210542687e+02,4.121822500000000105e+02
5.384960192278228988e+02,4.121822500000000105e+02
5.385108230901287243e+02,4.121822500000000105e+02
5.386559205484908261e+02,4.121822500000000105e+02
5.387141867667789938e+02,4.121822500000000105e+02
5.388158218691588672e+02,4.121822500000000105e+02
5.387440134233128219e+02,4.121822500000000105e+02
5.389757231898269083e+02,4.121822500000000105e+02
5.390340384125038327e+02,4.121822500000000105e+02
5.391356245104948357e+02,4.121822500000000105e+02
5.391507224892703789e+02,4.121822500000000105e+02
5.392955258311628768e+02,4.121822500000000105e+02
5.393538900582286715e+02,4.121822500000000105e+02
5.394554271518308042e+02,4.121822500000000105e+02
5.388638710344827132e+02,4.121822500000000105e+02
5.396153284724988453e+02,4.121822500000000105e+02
5.396737417039533966e+02,4.121822500000000105e+02
5.397752297931668863e+02,4.121822500000000105e+02
5.397906218884120335e+02,4.121822500000000105e+02
5.399351311138348137e+02,4.121822500000000105e+02
5.399935933496782354e+02,4.121822500000000105e+02
5.400950324345028548e+02,4.121822500000000105e+02
5.400245973742330534e+02,4.121822500000000105e+02
5.402549337551707822e+02,4.121822500000000105e+02
5.403134449954029606e+02,4.121822500000000105e+02
5.404148350758388233e+02,4.121822500000000105e+02
5.404305212875535744e+02,4.121822500000000105e+02
5.405747363965068644e+02,4.121822500000000105e+02
5.406332966411277994e+02,4.121822500000000105e+02
5.407346377171747918e+02,4.121822500000000105e+02
5.404934106633907049e+02,4.121822500000000105e+02
5.408945390378428328e+02,4.121822500000000105e+02
5.409531482868526382e+02,4.121822500000000105e+02
5.410544403585107602e+02,4.121822500000000105e+02
5.410704206866952291e+02,4.121822500000000105e+02
5.412143416791788013e+02,4.121822500000000105e+02
5.412729999325773633e+02,4.121822500000000105e+02
5.413742429998468424e+02,4.121822500000000105e+02
5.413051813251532849e+02,4.121822500000000105e+02
5.415341443205147698e+02,4.121822500000000105e+02
5.415928515783022021e+02,4.121822500000000105e+02
5.416940456411828109e+02,4.121822500000000105e+02
5.417103200858368837e+02,4.121822500000000105e+02
5.418539469618507383e+02,4.121822500000000105e+02
5.419127032240269273e+02,4.121822500000000105e+02
5.420138482825187793e+02,4.121822500000000105e+02
6.004889500000000453e+02,3.338235999999999990e+02
5.421737496031867067e+02,4.121822500000000105e+02
5.422325548697517661e+02,4.121822500000000105e+02
5.423336509238547478e+02,4.121822500000000105e+02
5.423502194849785383e+02,4.121822500000000105e+02
5.424935522445227889e+02,4.121822500000000105e+02
5.425524065154766049e+02,4.121822500000000105e+02
5.426534535651907163e+02,4.121822500000000105e+02
5.425857652760736300e+02,4.121822500000000105e+02
5.428133548858587574e+02,4.121822500000000105e+02
5.428722581612013300e+02,4.121822500000000105e+02
5.429732562065266848e+02,4.121822500000000105e+02
5.429901188841201929e+02,4.121822500000000105e+02
5.431331575271947258e+02,4.121822500000000105e+02
5.431921098069261689e+02,4.121822500000000105e+02
5.432930588478627669e+02,4.121822500000000105e+02
5.430577249631448922e+02,4.121822500000000105e+02
5.434529601685306943e+02,4.121822500000000105e+02
5.435119614526508940e+02,4.121822500000000105e+02
5.436128614891987354e+02,4.121822500000000105e+02
5.436300182832617338e+02,4.121822500000000105e+02
5.437727628098666628e+02,4.121822500000000105e+02
5.438318130983757328e+02,4.121822500000000105e+02
5.439326641305347039e+02,4.121822500000000105e+02
5.438663492269938615e+02,4.121822500000000105e+02
5.440925654512027450e+02,4.121822500000000105e+02
5.441516647441005716e+02,4.121822500000000105e+02
5.442524667718706723e+02,4.121822500000000105e+02
5.442699176824033884e+02,4.121822500000000105e+02
5.444123680925387134e+02,4.121822500000000105e+02
5.444715163898252968e+02,4.121822500000000105e+02
5.445722694132066408e+02,4.121822500000000105e+02
5.440051317241378683e+02,4.121822500000000105e+02
5.447321707338746819e+02,4.121822500000000105e+02
5.447913680355501356e+02,4.121822500000000105e+02
5.448920720545426093e+02,4.121822500000000105e+02
5.449098170815450430e+02,4.121822500000000105e+02
5.450519733752106504e+02,4.121822500000000105e+02
5.451112196812748607e+02,4.121822500000000105e+02
5.452118746958786915e+02,4.121822500000000105e+02
5.451469331779140930e+02,4.121822500000000105e+02
5.453717760165466188e+02,4.121822500000000105e+02
5.454310713269996995e+02,4.121822500000000105e+02
5.455316773372146599e+02,4.121822500000000105e+02
5.455497164806866977e+02,4.121822500000000105e+02
5.456915786578825873e+02,4.121822500000000105e+02
5.457509229727245383e+02,4.121822500000000105e+02
5.458514799785506284e+02,4.121822500000000105e+02
5.456220392628991931e+02,4.121822500000000105e+02
5.460113812992186695e+02,4.121822500000000105e+02
5.460707746184492635e+02,4.121822500000000105e+02
5.461712826198865969e+02,4.121822500000000105e+02
5.461896158798283523e+02,4.121822500000000105e+02
5.463311839405546380e+02,4.121822500000000105e+02
5.463906262641741023e+02,4.121822500000000105e+02
5.464910852612225654e+02,4.121822500000000105e+02
5.464275171288343245e+02,4.121822500000000105e+02
5.466509865818906064e+02,4.121822500000000105e+02
5.467104779098988274e+02,4.121822500000000105e+02
5.468108879025586475e+02,4.121822500000000105e+02
5.468295152789698932e+02,4.121822500000000105e+02
5.469707892232265749e+02,4.121822500000000105e+02
5.470303295556236662e+02,4.121822500000000105e+02
5.471306905438946160e+02,4.121822500000000105e+02
6.059538000000000011e+02,3.148247000000000071e+02
5.472905918645625434e+02,4.121822500000000105e+02
5.473501812013485051e+02,4.121822500000000105e+02
5.474504931852305845e+02,4.121822500000000105e+02
5.474694146781115478e+02,4.121822500000000105e+02
5.476103945058986255e+02,4.121822500000000105e+02
5.476700328470732302e+02,4.121822500000000105e+02
5.477702958265665529e+02,4.121822500000000105e+02
5.477081010797545559e+02,4.121822500000000105e+02
5.479301971472345940e+02,4.121822500000000105e+02
5.479898844927980690e+02,4.121822500000000105e+02
5.480900984679025214e+02,4.121822500000000105e+02
5.481093140772532024e+02,4.121822500000000105e+02
5.482499997885705625e+02,4.121822500000000105e+02
5.483097361385227941e+02,4.121822500000000105e+02
5.484099011092384899e+02,4.121822500000000105e+02
5.481863535626534940e+02,4.121822500000000105e+02
5.485698024299065310e+02,4.121822500000000105e+02
5.486295877842476330e+02,4.121822500000000105e+02
5.487297037505745720e+02,4.121822500000000105e+02
5.487492134763948570e+02,4.121822500000000105e+02
5.488896050712424994e+02,4.121822500000000105e+02
5.489494394299724718e+02,4.121822500000000105e+02
5.490495063919105405e+02,4.121822500000000105e+02
5.489886850306747874e+02,4.121822500000000105e+02
5.492094077125784679e+02,4.121822500000000105e+02
5.492692910756971969e+02,4.121822500000000105e+02
5.493693090332465090e+02,4.121822500000000105e+02
5.493891128755365116e+02,4.121822500000000105e+02
5.495292103539145501e+02,4.121822500000000105e+02
5.495891427214220357e+02,4.121822500000000105e+02
5.496891116745824775e+02,4.121822500000000105e+02
5.491463924137931372e+02,4.121822500000000105e+02
5.498490129952505185e+02,4.121822500000000105e+02
5.499089943671467609e+02,4.121822500000000105e+02
5.500089143159184459e+02,4.121822500000000105e+02
5.500290122746780526e+02,4.121822500000000105e+02
5.501688156365864870e+02,4.121822500000000105e+02
5.502288460128715997e+02,4.121822500000000105e+02
5.503287169572545281e+02,4.121822500000000105e+02
5.502692689815950189e+02,4.121822500000000105e+02
5.504886182779224555e+02,4.121822500000000105e+02
5.505486976585964385e+02,4.121822500000000105e+02
5.506485195985904966e+02,4.121822500000000105e+02
5.506689116738197072e+02,4.121822500000000105e+02
5.508084209192584240e+02,4.121822500000000105e+02
5.508685493043211636e+02,4.121822500000000105e+02
5.509683222399264650e+02,4.121822500000000105e+02
5.507506678624077949e+02,4.121822500000000105e+02
5.511282235605945061e+02,4.121822500000000105e+02
5.511884009500460024e+02,4.121822500000000105e+02
5.512881248812624335e+02,4.121822500000000105e+02
5.513088110729613618e+02,4.121822500000000105e+02
5.514480262019304746e+02,4.121822500000000105e+02
5.515082525957707276e+02,4.121822500000000105e+02
5.516079275225984020e+02,4.121822500000000105e+02
5.515498529325152504e+02,4.121822500000000105e+02
5.517678288432664431e+02,4.121822500000000105e+02
5.518281042414955664e+02,4.121822500000000105e+02
5.519277301639343705e+02,4.121822500000000105e+02
5.519487104721030164e+02,4.121822500000000105e+02
5.520876314846024115e+02,4.121822500000000105e+02
5.521479558872204052e+02,4.121822500000000105e+02
5.522475328052704526e+02,4.121822500000000105e+02
6.096490999999999758e+02,3.032418200000000184e+02
5.524074341259383800e+02,4.165843499999999722e+02
5.524678075329451303e+02,4.165843499999999722e+02
5.525673354466064211e+02,4.165843499999999722e+02
5.525886098712446710e+02,4.165843499999999722e+02
5.527272367672743485e+02,4.165843499999999722e+02
5.527876591786699692e+02,4.165843499999999722e+02
5.528871380879423896e+02,4.165843499999999722e+02
5.528304368834355955e+02,4.165843499999999722e+02
5.530470394086104307e+02,4.165843499999999722e+02
5.531075108243946943e+02,4.165843499999999722e+02
5.532069407292783580e+02,4.165843499999999722e+02
5.532285092703862119e+02,4.165843499999999722e+02
5.533668420499463991e+02,4.165843499999999722e+02
5.534273624701195331e+02,4.165843499999999722e+02
5.535267433706143265e+02,4.165843499999999722e+02
5.533149821621620958e+02,4.165843499999999722e+02
5.536866446912823676e+02,4.165843499999999722e+02
5.537472141158443719e+02,4.165843499999999722e+02
5.538465460119504087e+02,4.165843499999999722e+02
5.538684086695278666e+02,4.165843499999999722e+02
5.540064473326183361e+02,4.165843499999999722e+02
5.540670657615690970e+02,4.165843499999999722e+02
5.541663486532863772e+02,4.165843499999999722e+02
5.541110208343558270e+02,4.165843499999999722e+02
5.543262499739543046e+02,4.165843499999999722e+02
5.543869174072939359e+02,4.165843499999999722e+02
5.544861512946223456e+02,4.165843499999999722e+02
5.545083080686695212e+02,4.165843499999999722e+02
5.546460526152902730e+02,4.165843499999999722e+02
5.547067690530186610e+02,4.165843499999999722e+02
5.548059539359583141e+02,4.165843499999999722e+02
5.542876531034482923e+02,4.165843499999999722e+02
5.549658552566263552e+02,4.165843499999999722e+02
5.550266206987434998e+02,4.165843499999999722e+02
5.551257565772942826e+02,4.165843499999999722e+02
5.551482074678111758e+02,4.165843499999999722e+02
5.552856578979623237e+02,4.165843499999999722e+02
5.553464723444683386e+02,4.165843499999999722e+02
5.554455592186302511e+02,4.165843499999999722e+02
5.553916047852760585e+02,4.165843499999999722e+02
5.556054605392982921e+02,4.165843499999999722e+02
5.556663239901930638e+02,4.165843499999999722e+02
5.557653618599663332e+02,4.165843499999999722e+02
5.557881068669527167e+02,4.165843499999999722e+02
5.559252631806342606e+02,4.165843499999999722e+02
5.559861756359179026e+02,4.165843499999999722e+02
5.560851645013023017e+02,4.165843499999999722e+02
5.558792964619163968e+02,4.165843499999999722e+02
5.562450658219702291e+02,4.165843499999999722e+02
5.563060272816426277e+02,4.165843499999999722e+02
5.564049671426382702e+02,4.165843499999999722e+02
5.564280062660943713e+02,4.165843499999999722e+02
5.565648684633063112e+02,4.165843499999999722e+02
5.566258789273674665e+02,4.165843499999999722e+02
5.567247697839742386e+02,4.165843499999999722e+02
5.566721887361962899e+02,4.165843499999999722e+02
5.568846711046422797e+02,4.165843499999999722e+02
5.569457305730923053e+02,4.165843499999999722e+02
5.570445724253102071e+02,4.165843499999999722e+02
5.570679056652360259e+02,4.165843499999999722e+02
5.572044737459782482e+02,4.165843499999999722e+02
5.572655822188170305e+02,4.165843499999999722e+02
5.573643750666462893e+02,4.165843499999999722e+02
6.122605999999999540e+02,2.993232399999999984e+02
5.575242763873142167e+02,4.165843499999999722e+02
5.575854338645418693e+02,4.165843499999999722e+02
5.576841777079822577e+02,4.165843499999999722e+02
5.577078050643776805e+02,4.165843499999999722e+02
5.578440790286501851e+02,4.165843499999999722e+02
5.579052855102665944e+02,4.165843499999999722e+02
5.580039803493182262e+02,4.165843499999999722e+02
5.579527726871165214e+02,4.165843499999999722e+02
5.581638816699861536e+02,4.165843499999999722e+02
5.582251371559914332e+02,4.165843499999999722e+02
5.583237829906541947e+02,4.165843499999999722e+02
5.583477044635193351e+02,4.165843499999999722e+02
5.584836843113222358e+02,4.165843499999999722e+02
5.585449888017162721e+02,4.165843499999999722e+02
5.586435856319901632e+02,4.165843499999999722e+02
5.584436107616706977e+02,4.165843499999999722e+02
5.588034869526582042e+02,4.165843499999999722e+02
5.588648404474409972e+02,4.165843499999999722e+02
5.589633882733261316e+02,4.165843499999999722e+02
5.589876038626608761e+02,4.165843499999999722e+02
5.591232895939941727e+02,4.165843499999999722e+02
5.591846920931658360e+02,4.165843499999999722e+02
5.592831909146622138e+02,4.165843499999999722e+02
5.592333566380367529e+02,4.165843499999999722e+02
5.594430922353301412e+02,4.165843499999999722e+02
5.595045437388905611e+02,4.165843499999999722e+02
5.596029935559981823e+02,4.165843499999999722e+02
5.596275032618025307e+02,4.165843499999999722e+02
5.597628948766661097e+02,4.165843499999999722e+02
5.598243953846154000e+02,4.165843499999999722e+02
5.599227961973341507e+02,4.165843499999999722e+02
5.594289137931034475e+02,4.165843499999999722e+02
5.600826975180021918e+02,4.165843499999999722e+02
5.601442470303402388e+02,4.165843499999999722e+02
5.602425988386701192e+02,4.165843499999999722e+02
5.602674026609441853e+02,4.165843499999999722e+02
5.604025001593381603e+02,4.165843499999999722e+02
5.604640986760649639e+02,4.165843499999999722e+02
5.605624014800060877e+02,4.165843499999999722e+02
5.605139405889569844e+02,4.165843499999999722e+02
5.607223028006741288e+02,4.165843499999999722e+02
5.607839503217898027e+02,4.165843499999999722e+02
5.608822041213421699e+02,4.165843499999999722e+02
5.609073020600858399e+02,4.165843499999999722e+02
5.610421054420100972e+02,4.165843499999999722e+02
5.611038019675145279e+02,4.165843499999999722e+02
5.612020067626781383e+02,4.165843499999999722e+02
5.610079250614249986e+02,4.165843499999999722e+02
5.613619080833460657e+02,4.165843499999999722e+02
5.614236536132393667e+02,4.165843499999999722e+02
5.615218094040141068e+02,4.165843499999999722e+02
5.615472014592274945e+02,4.165843499999999722e+02
5.616817107246820342e+02,4.165843499999999722e+02
5.617435052589642055e+02,4.165843499999999722e+02
5.618416120453500753e+02,4.165843499999999722e+02
5.617945245398772158e+02,4.165843499999999722e+02
5.620015133660181164e+02,4.165843499999999722e+02
5.620633569046889306e+02,4.165843499999999722e+02
5.621614146866860438e+02,4.165843499999999722e+02
5.621871008583690354e+02,4.165843499999999722e+02
5.623213160073540848e+02,4.165843499999999722e+02
5.623832085504137694e+02,4.165843499999999722e+02
5.624812173280220122e+02,4.165843499999999722e+02
6.175077999999999747e+02,2.975249000000000024e+02
5.626411186486900533e+02,4.165843499999999722e+02
5.627030601961384946e+02,4.165843499999999722e+02
5.628010199693580944e+02,4.165843499999999722e+02
5.628270002575106901e+02,4.165843499999999722e+02
5.629609212900260218e+02,4.165843499999999722e+02
5.630229118418633334e+02,4.165843499999999722e+02
5.631208226106940629e+02,4.165843499999999722e+02
5.630751084907975610e+02,4.165843499999999722e+02
5.632807239313619903e+02,4.165843499999999722e+02
5.633427634875881722e+02,4.165843499999999722e+02
5.634406252520300313e+02,4.165843499999999722e+02
5.634668996566523447e+02,4.165843499999999722e+02
5.636005265726980724e+02,4.165843499999999722e+02
5.636626151333128973e+02,4.165843499999999722e+02
5.637604278933659998e+02,4.165843499999999722e+02
5.635722393611792995e+02,4.165843499999999722e+02
5.639203292140340409e+02,4.165843499999999722e+02
5.639824667790377362e+02,4.165843499999999722e+02
5.640802305347019683e+02,4.165843499999999722e+02
5.641067990557939993e+02,4.165843499999999722e+02
5.642401318553700094e+02,4.165843499999999722e+02
5.643023184247624613e+02,4.165843499999999722e+02
5.644000331760379368e+02,4.165843499999999722e+02
5.643556924417177925e+02,4.165843499999999722e+02
5.645599344967059778e+02,4.165843499999999722e+02
5.646221700704873001e+02,4.165843499999999722e+02
5.647198358173740189e+02,4.165843499999999722e+02
5.647466984549356539e+02,4.165843499999999722e+02
5.648797371380419463e+02,4.165843499999999722e+02
5.649420217162120252e+02,4.165843499999999722e+02
5.650396384587099874e+02,4.165843499999999722e+02
5.645701744827586026e+02,4.165843499999999722e+02
5.651995397793779148e+02,4.165843499999999722e+02
5.652618733619368641e+02,4.165843499999999722e+02
5.653594411000459559e+02,4.165843499999999722e+02
5.653865978540771948e+02,4.165843499999999722e+02
5.655193424207139969e+02,4.165843499999999722e+02
5.655817250076617029e+02,4.165843499999999722e+02
5.656792437413819243e+02,4.165843499999999722e+02
5.656362763926380239e+02,4.165843499999999722e+02
5.658391450620499654e+02,4.165843499999999722e+02
5.659015766533864280e+02,4.165843499999999722e+02
5.659990463827178928e+02,4.165843499999999722e+02
5.660264972532188494e+02,4.165843499999999722e+02
5.661589477033859339e+02,4.165843499999999722e+02
5.662214282991112668e+02,4.165843499999999722e+02
5.663188490240539750e+02,4.165843499999999722e+02
5.661365536609336004e+02,4.165843499999999722e+02
5.664787503447219024e+02,4.165843499999999722e+02
5.665412799448359920e+02,4.165843499999999722e+02
5.666386516653899434e+02,4.165843499999999722e+02
5.666663966523605040e+02,4.165843499999999722e+02
5.667985529860578708e+02,4.165843499999999722e+02
5.668611315905608308e+02,4.165843499999999722e+02
5.669584543067259119e+02,4.165843499999999722e+02
5.669168603435582554e+02,4.165843499999999722e+02
5.671183556273939530e+02,4.165843499999999722e+02
5.671809832362856696e+02,4.165843499999999722e+02
5.672782569480618804e+02,4.165843499999999722e+02
5.673062960515021587e+02,4.165843499999999722e+02
5.674381582687299215e+02,4.165843499999999722e+02
5.675008348820103947e+02,4.165843499999999722e+02
5.675980595893978489e+02,4.165843499999999722e+02
6.253172600000000330e+02,3.023808599999999842e+02
5.677579609100658899e+02,4.114592299999999909e+02
5.678206865277352335e+02,4.114592299999999909e+02
5.679178622307338173e+02,4.114592299999999909e+02
5.679461954506436996e+02,4.114592299999999909e+02
5.680777635514018584e+02,4.114592299999999909e+02
5.681405381734599587e+02,4.114592299999999909e+02
5.682376648720698995e+02,4.114592299999999909e+02
5.681974442944784869e+02,4.114592299999999909e+02
5.683975661927378269e+02,4.114592299999999909e+02
5.684603898191847975e+02,4.114592299999999909e+02
5.685574675134058680e+02,4.114592299999999909e+02
5.685860948497853542e+02,4.114592299999999909e+02
5.687173688340737954e+02,4.114592299999999909e+02
5.687802414649096363e+02,4.114592299999999909e+02
5.688772701547418364e+02,4.114592299999999909e+02
5.687008679606879014e+02,4.114592299999999909e+02
5.690371714754098775e+02,4.114592299999999909e+02
5.691000931106343614e+02,4.114592299999999909e+02
5.691970727960778049e+02,4.114592299999999909e+02
5.692259942489270088e+02,4.114592299999999909e+02
5.693569741167458460e+02,4.114592299999999909e+02
5.694199447563592003e+02,4.114592299999999909e+02
5.695168754374137734e+02,4.114592299999999909e+02
5.694780282453987184e+02,4.114592299999999909e+02
5.696767767580818145e+02,4.114592299999999909e+02
5.697397964020839254e+02,4.114592299999999909e+02
5.698366780787498556e+02,4.114592299999999909e+02
5.698658936480686634e+02,4.114592299999999909e+02
5.699965793994177830e+02,4.114592299999999909e+02
5.700596480478087642e+02,4.114592299999999909e+02
5.701564807200858240e+02,4.114592299999999909e+02
5.697114351724137578e+02,4.114592299999999909e+02
5.703163820407537514e+02,4.114592299999999909e+02
5.703794996935336030e+02,4.114592299999999909e+02
5.704762833614217925e+02,4.114592299999999909e+02
5.705057930472103180e+02,4.114592299999999909e+02
5.706361846820897199e+02,4.114592299999999909e+02
5.706993513392583282e+02,4.114592299999999909e+02
5.707960860027577610e+02,4.114592299999999909e+02
5.707586121963189498e+02,4.114592299999999909e+02
5.709559873234258021e+02,4.114592299999999909e+02
5.710192029849831670e+02,4.114592299999999909e+02
5.711158886440937295e+02,4.114592299999999909e+02
5.711456924463518590e+02,4.114592299999999909e+02
5.712757899647617705e+02,4.114592299999999909e+02
5.713390546307078921e+02,4.114592299999999909e+02
5.714356912854296979e+02,4.114592299999999909e+02
5.712651822604422023e+02,4.114592299999999909e+02
5.715955926060977390e+02,4.114592299999999909e+02
5.716589062764327309e+02,4.114592299999999909e+02
5.717554939267657801e+02,4.114592299999999909e+02
5.717855918454935136e+02,4.114592299999999909e+02
5.719153952474337075e+02,4.114592299999999909e+02
5.719787579221575697e+02,4.114592299999999909e+02
5.720752965681017486e+02,4.114592299999999909e+02
5.720391961472391813e+02,4.114592299999999909e+02
5.722351978887696760e+02,4.114592299999999909e+02
5.722986095678822949e+02,4.114592299999999909e+02
5.723950992094377170e+02,4.114592299999999909e+02
5.724254912446351682e+02,4.114592299999999909e+02
5.725550005301057581e+02,4.114592299999999909e+02
5.726184612136071337e+02,4.114592299999999909e+02
5.727149018507736855e+02,4.114592299999999909e+02
6.343387000000000171e+02,3.171916499999999814e+02
5.728748031714417266e+02,4.114592299999999909e+02
5.729383128593318588e+02,4.114592299999999909e+02
5.730347044921096540e+02,4.114592299999999909e+02
5.730653906437768228e+02,4.114592299999999909e+02
5.731946058127776951e+02,4.114592299999999909e+02
5.732581645050566976e+02,4.114592299999999909e+02
5.733545071334457361e+02,4.114592299999999909e+02
5.733197800981594128e+02,4.114592299999999909e+02
5.735144084541136635e+02,4.114592299999999909e+02
5.735780161507815365e+02,4.114592299999999909e+02
5.736743097747817046e+02,4.114592299999999909e+02
5.737052900429184774e+02,4.114592299999999909e+02
5.738342110954496320e+02,4.114592299999999909e+02
5.738978677965062616e+02,4.114592299999999909e+02
5.739941124161176731e+02,4.114592299999999909e+02
5.738294965601965032e+02,4.114592299999999909e+02
5.741540137367856005e+02,4.114592299999999909e+02
5.742177194422311004e+02,4.114592299999999909e+02
5.743139150574536416e+02,4.114592299999999909e+02
5.743451894420600183e+02,4.114592299999999909e+02
5.744738163781216826e+02,4.114592299999999909e+02
5.745375710879558255e+02,4.114592299999999909e+02
5.746337176987896100e+02,4.114592299999999909e+02
5.746003640490797579e+02,4.114592299999999909e+02
5.747936190194576511e+02,4.114592299999999909e+02
5.748574227336806644e+02,4.114592299999999909e+02
5.749535203401255785e+02,4.114592299999999909e+02
5.749850888412016729e+02,4.114592299999999909e+02
5.751134216607936196e+02,4.114592299999999909e+02
5.751772743794055032e+02,4.114592299999999909e+02
5.752733229814616607e+02,4.114592299999999909e+02
5.748526958620689129e+02,4.114592299999999909e+02
5.754332243021295881e+02,4.114592299999999909e+02
5.754971260251302283e+02,4.114592299999999909e+02
5.755931256227976291e+02,4.114592299999999909e+02
5.756249882403433276e+02,4.114592299999999909e+02
5.757530269434655565e+02,4.114592299999999909e+02
5.758169776708550671e+02,4.114592299999999909e+02
5.759129282641335976e+02,4.114592299999999909e+02
5.758809479999999894e+02,4.114592299999999909e+02
5.760728295848016387e+02,4.114592299999999909e+02
5.761368293165797922e+02,4.114592299999999909e+02
5.762327309054695661e+02,4.114592299999999909e+02
5.762648876394849822e+02,4.114592299999999909e+02
5.763926322261376072e+02,4.114592299999999909e+02
5.764566809623046311e+02,4.114592299999999909e+02
5.765525335468055346e+02,4.114592299999999909e+02
5.763938108599508041e+02,4.114592299999999909e+02
5.767124348674735757e+02,4.114592299999999909e+02
5.767765326080294699e+02,4.114592299999999909e+02
5.768723361881416167e+02,4.114592299999999909e+02
5.769047870386266368e+02,4.114592299999999909e+02
5.770322375088095441e+02,4.114592299999999909e+02
5.770963842537541950e+02,4.114592299999999909e+02
5.771921388294775852e+02,4.114592299999999909e+02
5.771615319509202209e+02,4.114592299999999909e+02
5.773520401501455126e+02,4.114592299999999909e+02
5.774162358994790338e+02,4.114592299999999909e+02
5.775119414708135537e+02,4.114592299999999909e+02
5.775446864377681777e+02,4.114592299999999909e+02
5.776718427914814811e+02,4.114592299999999909e+02
5.777360875452037590e+02,4.114592299999999909e+02
5.778317441121495222e+02,4.114592299999999909e+02
6.487077000000000453e+02,3.480298999999999978e+02
5.779916454328175632e+02,3.988548599999999738e+02
5.780559391909285978e+02,3.988548599999999738e+02
5.781515467534854906e+02,3.988548599999999738e+02
5.781845858369098323e+02,3.988548599999999738e+02
5.783114480741535317e+02,3.988548599999999738e+02
5.783757908366534366e+02,3.988548599999999738e+02
5.784713493948214591e+02,3.988548599999999738e+02
5.784421159018404524e+02,3.988548599999999738e+02
5.786312507154895002e+02,3.988548599999999738e+02
5.786956424823781617e+02,3.988548599999999738e+02
5.787911520361575413e+02,3.988548599999999738e+02
5.788244852360514869e+02,3.988548599999999738e+02
5.789510533568254687e+02,3.988548599999999738e+02
5.790154941281030005e+02,3.988548599999999738e+02
5.791109546774935097e+02,3.988548599999999738e+02
5.789581251597051050e+02,3.988548599999999738e+02
5.792708559981614371e+02,3.988548599999999738e+02
5.793353457738277257e+02,3.988548599999999738e+02
5.794307573188294782e+02,3.988548599999999738e+02
5.794643846351931415e+02,3.988548599999999738e+02
5.795906586394975193e+02,3.988548599999999738e+02
5.796551974195525645e+02,3.988548599999999738e+02
5.797505599601654467e+02,3.988548599999999738e+02
5.797226998527606838e+02,3.988548599999999738e+02
5.799104612808334878e+02,3.988548599999999738e+02
5.799750490652774033e+02,3.988548599999999738e+02
5.800703626015014152e+02,3.988548599999999738e+02
5.801042840343347962e+02,3.988548599999999738e+02
5.802302639221694562e+02,3.988548599999999738e+02
5.802949007110021284e+02,3.988548599999999738e+02
5.803901652428373836e+02,3.988548599999999738e+02
5.799939565517240680e+02,3.988548599999999738e+02
5.805500665635054247e+02,3.988548599999999738e+02
5.806147523567269673e+02,3.988548599999999738e+02
5.807099678841734658e+02,3.988548599999999738e+02
5.807441834334763371e+02,3.988548599999999738e+02
5.808698692048413932e+02,3.988548599999999738e+02
5.809346040024516924e+02,3.988548599999999738e+02
5.810297705255094343e+02,3.988548599999999738e+02
5.810032838036809153e+02,3.988548599999999738e+02
5.811896718461773617e+02,3.988548599999999738e+02
5.812544556481765312e+02,3.988548599999999738e+02
5.813495731668454027e+02,3.988548599999999738e+02
5.813840828326179917e+02,3.988548599999999738e+02
5.815094744875134438e+02,3.988548599999999738e+02
5.815743072939013700e+02,3.988548599999999738e+02
5.816693758081813712e+02,3.988548599999999738e+02
5.815224394594594060e+02,3.988548599999999738e+02
5.818292771288494123e+02,3.988548599999999738e+02
5.818941589396260952e+02,3.988548599999999738e+02
5.819891784495173397e+02,3.988548599999999738e+02
5.820239822317596463e+02,3.988548599999999738e+02
5.821490797701853808e+02,3.988548599999999738e+02
5.822140105853509340e+02,3.988548599999999738e+02
5.823089810908534218e+02,3.988548599999999738e+02
5.822838677546011468e+02,3.988548599999999738e+02
5.824688824115213492e+02,3.988548599999999738e+02
5.825338622310756591e+02,3.988548599999999738e+02
5.826287837321893903e+02,3.988548599999999738e+02
5.826638816309013009e+02,3.988548599999999738e+02
5.827886850528573177e+02,3.988548599999999738e+02
5.828537138768004979e+02,3.988548599999999738e+02
5.829485863735253588e+02,3.988548599999999738e+02
6.591369999999999436e+02,3.730448000000000093e+02
5.831084876941933999e+02,3.988548599999999738e+02
5.831735655225253367e+02,3.988548599999999738e+02
5.832683890148613273e+02,3.988548599999999738e+02
5.833037810300428418e+02,3.988548599999999738e+02
5.834282903355293683e+02,3.988548599999999738e+02
5.834934171682500619e+02,3.988548599999999738e+02
5.835881916561972957e+02,3.988548599999999738e+02
5.835644517055213782e+02,3.988548599999999738e+02
5.837480929768653368e+02,3.988548599999999738e+02
5.838132688139749007e+02,3.988548599999999738e+02
5.839079942975332642e+02,3.988548599999999738e+02
5.839436804291844965e+02,3.988548599999999738e+02
5.840678956182013053e+02,3.988548599999999738e+02
5.841331204596996258e+02,3.988548599999999738e+02
5.842277969388693464e+02,3.988548599999999738e+02
5.840867537592137069e+02,3.988548599999999738e+02
5.843876982595372738e+02,3.988548599999999738e+02
5.844529721054244646e+02,3.988548599999999738e+02
5.845475995802053149e+02,3.988548599999999738e+02
5.845835798283261511e+02,3.988548599999999738e+02
5.847075009008732422e+02,3.988548599999999738e+02
5.847728237511493035e+02,3.988548599999999738e+02
5.848674022215412833e+02,3.988548599999999738e+02
5.848450356564417234e+02,3.988548599999999738e+02
5.850273035422093244e+02,3.988548599999999738e+02
5.850926753968740286e+02,3.988548599999999738e+02
5.851872048628772518e+02,3.988548599999999738e+02
5.852234792274678057e+02,3.988548599999999738e+02
5.853471061835452929e+02,3.988548599999999738e+02
5.854125270425988674e+02,3.988548599999999738e+02
5.855070075042132203e+02,3.988548599999999738e+02
5.851352172413793369e+02,3.988548599999999738e+02
5.856669088248812614e+02,3.988548599999999738e+02
5.857323786883235925e+02,3.988548599999999738e+02
5.858268101455493024e+02,3.988548599999999738e+02
5.858633786266094603e+02,3.988548599999999738e+02
5.859867114662172298e+02,3.988548599999999738e+02
5.860522303340484314e+02,3.988548599999999738e+02
5.861466127868852709e+02,3.988548599999999738e+02
5.861256196073619549e+02,3.988548599999999738e+02
5.863065141075531983e+02,3.988548599999999738e+02
5.863720819797732702e+02,3.988548599999999738e+02
5.864664154282212394e+02,3.988548599999999738e+02
5.865032780257510012e+02,3.988548599999999738e+02
5.866263167488892805e+02,3.988548599999999738e+02
5.866919336254979953e+02,3.988548599999999738e+02
5.867862180695572079e+02,3.988548599999999738e+02
5.866510680589680078e+02,3.988548599999999738e+02
5.869461193902252489e+02,3.988548599999999738e+02
5.870117852712228341e+02,3.988548599999999738e+02
5.871060207108931763e+02,3.988548599999999738e+02
5.871431774248926558e+02,3.988548599999999738e+02
5.872659220315612174e+02,3.988548599999999738e+02
5.873316369169475593e+02,3.988548599999999738e+02
5.874258233522291448e+02,3.988548599999999738e+02
5.874062035582821863e+02,3.988548599999999738e+02
5.875857246728971859e+02,3.988548599999999738e+02
5.876514885626723981e+02,3.988548599999999738e+02
5.877456259935652270e+02,3.988548599999999738e+02
5.877830768240343104e+02,3.988548599999999738e+02
5.879055273142331544e+02,3.988548599999999738e+02
5.879713402083972369e+02,3.988548599999999738e+02
5.880654286349011954e+02,3.988548599999999738e+02
6.656463599999999587e+02,3.869578999999999951e+02
5.882253299555691228e+02,3.629127199999999789e+02
5.882911918541219620e+02,3.629127199999999789e+02
5.883852312762371639e+02,3.629127199999999789e+02
5.884229762231759651e+02,3.629127199999999789e+02
5.885451325969052050e+02,3.629127199999999789e+02
5.886110434998468008e+02,3.629127199999999789e+02
5.887050339175731324e+02,3.629127199999999789e+02
5.886867875092024178e+02,3.629127199999999789e+02
5.888649352382411735e+02,3.629127199999999789e+02
5.889308951455715260e+02,3.629127199999999789e+02
5.890248365589091009e+02,3.629127199999999789e+02
5.890628756223176197e+02,3.629127199999999789e+02
5.891847378795771419e+02,3.629127199999999789e+02
5.892507467912963648e+02,3.629127199999999789e+02
5.893446392002451830e+02,3.629127199999999789e+02
5.892153823587223087e+02,3.629127199999999789e+02
5.895045405209131104e+02,3.629127199999999789e+02
5.895705984370212036e+02,3.629127199999999789e+02
5.896644418415811515e+02,3.629127199999999789e+02
5.897027750214591606e+02,3.629127199999999789e+02
5.898243431622490789e+02,3.629127199999999789e+02
5.898904500827459287e+02,3.629127199999999789e+02
5.899842444829171200e+02,3.629127199999999789e+02
5.899673714601226493e+02,3.629127199999999789e+02
5.901441458035850474e+02,3.629127199999999789e+02
5.902103017284707676e+02,3.629127199999999789e+02
5.903040471242530884e+02,3.629127199999999789e+02
5.903426744206008152e+02,3.629127199999999789e+02
5.904639484449211295e+02,3.629127199999999789e+02
5.905301533741954927e+02,3.629127199999999789e+02
5.906238497655890569e+02,3.629127199999999789e+02
5.902764779310344920e+02,3.629127199999999789e+02
5.907837510862570980e+02,3.629127199999999789e+02
5.908500050199203315e+02,3.629127199999999789e+02
5.909436524069250254e+02,3.629127199999999789e+02
5.909825738197424698e+02,3.629127199999999789e+02
5.911035537275930665e+02,3.629127199999999789e+02
5.911698566656451703e+02,3.629127199999999789e+02
5.912634550482611075e+02,3.629127199999999789e+02
5.912479554110428808e+02,3.629127199999999789e+02
5.914233563689290349e+02,3.629127199999999789e+02
5.914897083113698955e+02,3.629127199999999789e+02
5.915832576895970760e+02,3.629127199999999789e+02
5.916224732188841244e+02,3.629127199999999789e+02
5.917431590102650034e+02,3.629127199999999789e+02
5.918095599570947343e+02,3.629127199999999789e+02
5.919030603309330445e+02,3.629127199999999789e+02
5.917796966584766096e+02,3.629127199999999789e+02
5.920629616516010856e+02,3.629127199999999789e+02
5.921294116028194594e+02,3.629127199999999789e+02
5.922228629722690130e+02,3.629127199999999789e+02
5.922623726180257790e+02,3.629127199999999789e+02
5.923827642929370541e+02,3.629127199999999789e+02
5.924492632485442982e+02,3.629127199999999789e+02
5.925426656136049814e+02,3.629127199999999789e+02
5.925285393619631122e+02,3.629127199999999789e+02
5.927025669342730225e+02,3.629127199999999789e+02
5.927691148942691370e+02,3.629127199999999789e+02
5.928624682549410636e+02,3.629127199999999789e+02
5.929022720171673200e+02,3.629127199999999789e+02
5.930223695756089910e+02,3.629127199999999789e+02
5.930889665399938622e+02,3.629127199999999789e+02
5.931822708962770321e+02,3.629127199999999789e+02
6.685131999999999834e+02,3.948317999999999870e+02
5.933421722169449595e+02,3.629127199999999789e+02
5.934088181857187010e+02,3.629127199999999789e+02
5.935020735376130006e+02,3.629127199999999789e+02
5.935421714163089746e+02,3.629127199999999789e+02
5.936619748582809279e+02,3.629127199999999789e+02
5.937286698314434261e+02,3.629127199999999789e+02
5.938218761789489690e+02,3.629127199999999789e+02
5.938091233128833437e+02,3.629127199999999789e+02
5.939817774996170101e+02,3.629127199999999789e+02
5.940485214771682649e+02,3.629127199999999789e+02
5.941416788202849375e+02,3.629127199999999789e+02
5.941820708154506292e+02,3.629127199999999789e+02
5.943015801409529786e+02,3.629127199999999789e+02
5.943683731228931038e+02,3.629127199999999789e+02
5.944614814616209060e+02,3.629127199999999789e+02
5.943440109582309105e+02,3.629127199999999789e+02
5.946213827822889471e+02,3.629127199999999789e+02
5.946882247686178289e+02,3.629127199999999789e+02
5.947812841029569881e+02,3.629127199999999789e+02
5.948219702145922838e+02,3.629127199999999789e+02
5.949411854236249155e+02,3.629127199999999789e+02
5.950080764143426677e+02,3.629127199999999789e+02
5.951010867442929566e+02,3.629127199999999789e+02
5.950897072638036889e+02,3.629127199999999789e+02
5.952609880649608840e+02,3.629127199999999789e+02
5.953279280600673928e+02,3.629127199999999789e+02
5.954208893856289251e+02,3.629127199999999789e+02
5.954618696137339384e+02,3.629127199999999789e+02
5.955807907062969662e+02,3.629127199999999789e+02
5.956477797057922317e+02,3.629127199999999789e+02
5.957406920269648936e+02,3.629127199999999789e+02
5.954177386206896472e+02,3.629127199999999789e+02
5.959005933476329346e+02,3.629127199999999789e+02
5.959676313515170705e+02,3.629127199999999789e+02
5.960604946683008620e+02,3.629127199999999789e+02
5.961017690128754793e+02,3.629127199999999789e+02
5.962203959889689031e+02,3.629127199999999789e+02
5.962874829972417956e+02,3.629127199999999789e+02
5.963802973096369442e+02,3.629127199999999789e+02
5.963702912147239203e+02,3.629127199999999789e+02
5.965401986303048716e+02,3.629127199999999789e+02
5.966073346429666344e+02,3.629127199999999789e+02
5.967000999509729127e+02,3.629127199999999789e+02
5.967416684120171340e+02,3.629127199999999789e+02
5.968600012716408401e+02,3.629127199999999789e+02
5.969271862886913596e+02,3.629127199999999789e+02
5.970199025923088811e+02,3.629127199999999789e+02
5.969083252579852115e+02,3.629127199999999789e+02
5.971798039129768085e+02,3.629127199999999789e+02
5.972470379344161984e+02,3.629127199999999789e+02
5.973397052336448496e+02,3.629127199999999789e+02
5.973815678111587886e+02,3.629127199999999789e+02
5.974996065543128907e+02,3.629127199999999789e+02
5.975668895801410372e+02,3.629127199999999789e+02
5.976595078749808181e+02,3.629127199999999789e+02
5.976508751656441518e+02,3.629127199999999789e+02
5.978194091956488592e+02,3.629127199999999789e+02
5.978867412258657623e+02,3.629127199999999789e+02
5.979793105163167866e+02,3.629127199999999789e+02
5.980214672103004432e+02,3.629127199999999789e+02
5.981392118369848276e+02,3.629127199999999789e+02
5.982065928715906011e+02,3.629127199999999789e+02
5.982991131576528687e+02,3.629127199999999789e+02
6.681716999999999871e+02,3.989717999999999734e+02
5.984590144783207961e+02,3.338235999999999990e+02
5.985264445173153263e+02,3.338235999999999990e+02
5.986189157989888372e+02,3.338235999999999990e+02
5.986613666094419841e+02,3.338235999999999990e+02
5.987788171196567646e+02,3.338235999999999990e+02
5.988462961630401651e+02,3.338235999999999990e+02
5.989387184403248057e+02,3.338235999999999990e+02
5.989314591165643833e+02,3.338235999999999990e+02
5.990986197609928468e+02,3.338235999999999990e+02
5.991661478087648902e+02,3.338235999999999990e+02
5.992585210816607741e+02,3.338235999999999990e+02
5.993012660085836387e+02,3.338235999999999990e+02
5.994184224023288152e+02,3.338235999999999990e+02
5.994859994544897290e+02,3.338235999999999990e+02
5.995783237229967426e+02,3.338235999999999990e+02
5.994726395577395124e+02,3.338235999999999990e+02
5.997382250436647837e+02,3.338235999999999990e+02
5.998058511002145679e+02,3.338235999999999990e+02
5.998981263643327111e+02,3.338235999999999990e+02
5.999411654077252933e+02,3.338235999999999990e+02
6.000580276850007522e+02,3.338235999999999990e+02
6.001257027459392930e+02,3.338235999999999990e+02
6.002179290056687933e+02,3.338235999999999990e+02
6.002120430674846148e+02,3.338235999999999990e+02
6.003778303263367206e+02,3.338235999999999990e+02
6.004455543916641318e+02,3.338235999999999990e+02
6.005377316470047617e+02,3.338235999999999990e+02
6.005810648068669479e+02,3.338235999999999990e+02
6.006976329676726891e+02,3.338235999999999990e+02
6.007654060373888569e+02,3.338235999999999990e+02
6.008575342883407302e+02,3.338235999999999990e+02
6.005589993103448023e+02,3.338235999999999990e+02
6.010174356090087713e+02,3.338235999999999990e+02
6.010852576831136957e+02,3.338235999999999990e+02
6.011773369296766987e+02,3.338235999999999990e+02
6.012209642060086026e+02,3.338235999999999990e+02
6.013372382503447398e+02,3.338235999999999990e+02
6.014051093288385346e+02,3.338235999999999990e+02
6.014971395710126671e+02,3.338235999999999990e+02
6.014926270184048462e+02,3.338235999999999990e+02
6.016570408916807082e+02,3.338235999999999990e+02
6.017249609745632597e+02,3.338235999999999990e+02
6.018169422123487493e+02,3.338235999999999990e+02
6.018608636051501435e+02,3.338235999999999990e+02
6.019768435330166767e+02,3.338235999999999990e+02
6.020448126202880985e+02,3.338235999999999990e+02
6.021367448536847178e+02,3.338235999999999990e+02
6.020369538574938133e+02,3.338235999999999990e+02
6.022966461743526452e+02,3.338235999999999990e+02
6.023646642660128236e+02,3.338235999999999990e+02
6.024565474950206863e+02,3.338235999999999990e+02
6.025007630042917981e+02,3.338235999999999990e+02
6.026164488156887273e+02,3.338235999999999990e+02
6.026845159117376625e+02,3.338235999999999990e+02
6.027763501363566547e+02,3.338235999999999990e+02
6.027732109693250777e+02,3.338235999999999990e+02
6.029362514570246958e+02,3.338235999999999990e+02
6.030043675574625013e+02,3.338235999999999990e+02
6.030961527776926232e+02,3.338235999999999990e+02
6.031406624034334527e+02,3.338235999999999990e+02
6.032560540983606643e+02,3.338235999999999990e+02
6.033242192031872264e+02,3.338235999999999990e+02
6.034159554190285917e+02,3.338235999999999990e+02
6.642725000000000364e+02,4.017695299999999747e+02
6.035758567396966328e+02,3.148247000000000071e+02
6.036440708489120652e+02,3.148247000000000071e+02
6.037357580603646738e+02,3.148247000000000071e+02
6.037805618025751073e+02,3.148247000000000071e+02
6.038956593810326012e+02,3.148247000000000071e+02
6.039639224946367904e+02,3.148247000000000071e+02
6.040555607017006423e+02,3.148247000000000071e+02
6.040537949202453092e+02,3.148247000000000071e+02
6.042154620223685697e+02,3.148247000000000071e+02
6.042837741403616292e+02,3.148247000000000071e+02
6.043753633430366108e+02,3.148247000000000071e+02
6.044204612017167619e+02,3.148247000000000071e+02
6.045352646637046519e+02,3.148247000000000071e+02
6.046036257860864680e+02,3.148247000000000071e+02
6.046951659843725793e+02,3.148247000000000071e+02
6.046012681572481142e+02,3.148247000000000071e+02
6.048550673050406203e+02,3.148247000000000071e+02
6.049234774318111931e+02,3.148247000000000071e+02
6.050149686257085477e+02,3.148247000000000071e+02
6.050603606008583029e+02,3.148247000000000071e+02
6.051748699463765888e+02,3.148247000000000071e+02
6.052433290775360319e+02,3.148247000000000071e+02
6.053347712670446299e+02,3.148247000000000071e+02
6.053343788711656543e+02,3.148247000000000071e+02
6.054946725877125573e+02,3.148247000000000071e+02
6.055631807232607571e+02,3.148247000000000071e+02
6.056545739083805984e+02,3.148247000000000071e+02
6.057002599999999575e+02,3.148247000000000071e+02
6.058144752290485258e+02,3.148247000000000071e+02
6.058830323689855959e+02,3.148247000000000071e+02
6.059743765497165668e+02,3.148247000000000071e+02
6.057002599999999575e+02,3.148247000000000071e+02
6.061342778703844942e+02,3.148247000000000071e+02
6.062028840147104347e+02,3.148247000000000071e+02
6.062941791910525353e+02,3.148247000000000071e+02
6.063401593991416121e+02,3.148247000000000071e+02
6.064540805117205764e+02,3.148247000000000071e+02
6.065227356604351598e+02,3.148247000000000071e+02
6.066139818323885038e+02,3.148247000000000071e+02
6.066149628220858858e+02,3.148247000000000071e+02
6.067738831530565449e+02,3.148247000000000071e+02
6.068425873061599987e+02,3.148247000000000071e+02
6.069337844737244723e+02,3.148247000000000071e+02
6.069800587982832667e+02,3.148247000000000071e+02
6.070936857943925133e+02,3.148247000000000071e+02
6.071624389518847238e+02,3.148247000000000071e+02
6.072535871150605544e+02,3.148247000000000071e+02
6.071655824570024151e+02,3.148247000000000071e+02
6.074134884357284818e+02,3.148247000000000071e+02
6.074822905976095626e+02,3.148247000000000071e+02
6.075733897563965229e+02,3.148247000000000071e+02
6.076199581974249213e+02,3.148247000000000071e+02
6.077332910770644503e+02,3.148247000000000071e+02
6.078021422433344014e+02,3.148247000000000071e+02
6.078931923977324914e+02,3.148247000000000071e+02
6.078955467730061173e+02,3.148247000000000071e+02
6.080530937184005325e+02,3.148247000000000071e+02
6.081219938890591266e+02,3.148247000000000071e+02
6.082129950390684598e+02,3.148247000000000071e+02
6.082598575965664622e+02,3.148247000000000071e+02
6.083728963597365009e+02,3.148247000000000071e+02
6.084418455347839654e+02,3.148247000000000071e+02
6.085327976804044283e+02,3.148247000000000071e+02
6.541780999999999722e+02,4.053557000000000130e+02
6.086926990010724694e+02,3.032418200000000184e+02
6.087616971805086905e+02,3.032418200000000184e+02
6.088526003217405105e+02,3.032418200000000184e+02
6.088997569957081168e+02,3.032418200000000184e+02
6.090125016424084379e+02,3.032418200000000184e+02
6.090815488262335293e+02,3.032418200000000184e+02
6.091724029630764790e+02,3.032418200000000184e+02
6.091761307239263488e+02,3.032418200000000184e+02
6.093323042837444063e+02,3.032418200000000184e+02
6.094014004719583681e+02,3.032418200000000184e+02
6.094922056044124474e+02,3.032418200000000184e+02
6.095396563948497715e+02,3.032418200000000184e+02
6.096521069250803748e+02,3.032418200000000184e+02
6.097212521176830933e+02,3.032418200000000184e+02
6.098120082457484159e+02,3.032418200000000184e+02
6.097298967567567161e+02,3.032418200000000184e+02
6.099719095664164570e+02,3.032418200000000184e+02
6.100411037634079321e+02,3.032418200000000184e+02
6.101318108870843844e+02,3.032418200000000184e+02
6.101795557939914261e+02,3.032418200000000184e+02
6.102917122077524255e+02,3.032418200000000184e+02
6.103609554091326572e+02,3.032418200000000184e+02
6.104516135284203528e+02,3.032418200000000184e+02
6.104567146748465802e+02,3.032418200000000184e+02
6.106115148490883939e+02,3.032418200000000184e+02
6.106808070548574960e+02,3.032418200000000184e+02
6.107714161697564350e+02,3.032418200000000184e+02
6.108194551931329670e+02,3.032418200000000184e+02
6.109313174904243624e+02,3.032418200000000184e+02
6.110006587005823349e+02,3.032418200000000184e+02
6.110912188110924035e+02,3.032418200000000184e+02
6.108415206896551126e+02,3.032418200000000184e+02
6.112511201317603309e+02,2.993232399999999984e+02
6.113205103463070600e+02,2.993232399999999984e+02
6.114110214524283720e+02,2.993232399999999984e+02
6.114593545922746216e+02,2.993232399999999984e+02
6.115709227730964130e+02,2.993232399999999984e+02
6.116403619920318988e+02,2.993232399999999984e+02
6.117308240937643404e+02,2.993232399999999984e+02
6.117372986257668117e+02,2.993232399999999984e+02
6.118907254144323815e+02,2.993232399999999984e+02
6.119602136377566239e+02,2.993232399999999984e+02
6.120506267351003089e+02,2.993232399999999984e+02
6.120992539914162762e+02,2.993232399999999984e+02
6.122105280557683500e+02,2.993232399999999984e+02
6.122800652834814628e+02,2.993232399999999984e+02
6.123704293764363911e+02,2.993232399999999984e+02
6.122942110565110170e+02,2.993232399999999984e+02
6.125303306971043185e+02,2.993232399999999984e+02
6.125999169292063016e+02,2.993232399999999984e+02
6.126902320177723595e+02,2.993232399999999984e+02
6.127391533905579308e+02,2.993232399999999984e+02
6.128501333384402869e+02,2.993232399999999984e+02
6.129197685749310267e+02,2.993232399999999984e+02
6.130100346591083280e+02,2.993232399999999984e+02
6.130178825766870432e+02,2.993232399999999984e+02
6.131699359797762554e+02,2.993232399999999984e+02
6.132396202206558655e+02,2.993232399999999984e+02
6.133298373004442965e+02,2.993232399999999984e+02
6.133790527896995854e+02,2.993232399999999984e+02
6.134897386211123376e+02,2.993232399999999984e+02
6.135594718663805907e+02,2.993232399999999984e+02
6.136496399417802650e+02,2.993232399999999984e+02
6.410349999999999682e+02,4.084003999999999905e+02
6.138095412624483060e+02,2.975249000000000024e+02
6.138793235121054295e+02,2.975249000000000024e+02
6.139694425831162334e+02,2.975249000000000024e+02
6.140189521888411264e+02,2.975249000000000024e+02
6.141293439037842745e+02,2.975249000000000024e+02
6.141991751578302683e+02,2.975249000000000024e+02
6.142892452244523156e+02,2.975249000000000024e+02
6.142984665276072747e+02,2.975249000000000024e+02
6.144491465451202430e+02,2.975249000000000024e+02
6.145190268035549934e+02,2.975249000000000024e+02
6.146090478657882841e+02,2.975249000000000024e+02
6.146588515879827810e+02,2.975249000000000024e+02
6.147689491864562115e+02,2.975249000000000024e+02
6.148388784492798322e+02,2.975249000000000024e+02
6.149288505071242525e+02,2.975249000000000024e+02
6.148585253562653179e+02,2.975249000000000024e+02
6.150887518277922936e+02,2.975249000000000024e+02
6.151587300950045574e+02,2.975249000000000024e+02
6.152486531484602210e+02,2.975249000000000024e+02
6.152987509871244356e+02,2.975249000000000024e+02
6.154085544691282621e+02,2.975249000000000024e+02
6.154785817407293962e+02,2.975249000000000024e+02
6.155684557897961895e+02,2.975249000000000024e+02
6.155790504785275061e+02,2.975249000000000024e+02
6.157283571104642306e+02,2.975249000000000024e+02
6.157984333864542350e+02,2.975249000000000024e+02
6.158882584311321580e+02,2.975249000000000024e+02
6.159386503862660902e+02,2.975249000000000024e+02
6.160481597518001990e+02,2.975249000000000024e+02
6.161182850321789601e+02,2.975249000000000024e+02
6.162080610724682401e+02,2.975249000000000024e+02
6.159827813793102678e+02,2.975249000000000024e+02
6.163679623931361675e+02,2.975249000000000024e+02
6.164381366779037990e+02,2.975249000000000024e+02
6.165278637138042086e+02,2.975249000000000024e+02
6.165785497854077448e+02,2.975249000000000024e+02
6.166877650344721360e+02,2.975249000000000024e+02
6.167579883236285241e+02,2.975249000000000024e+02
6.168476663551401771e+02,2.975249000000000024e+02
6.168596344294478513e+02,2.975249000000000024e+02
6.170075676758082182e+02,2.975249000000000024e+02
6.170778399693533629e+02,2.975249000000000024e+02
6.171674689964761455e+02,2.975249000000000024e+02
6.172184491845492857e+02,2.975249000000000024e+02
6.173273703171441866e+02,2.975249000000000024e+02
6.173976916150782017e+02,2.975249000000000024e+02
6.174872716378121140e+02,2.975249000000000024e+02
6.174228396560196188e+02,2.975249000000000024e+02
6.176471729584801551e+02,2.975249000000000024e+02
6.177175432608029269e+02,2.975249000000000024e+02
6.178070742791481962e+02,2.975249000000000024e+02
6.178583485836909404e+02,2.975249000000000024e+02
6.179669755998161236e+02,2.975249000000000024e+02
6.180373949065277657e+02,2.975249000000000024e+02
6.181268769204841647e+02,2.975249000000000024e+02
6.181402183803680828e+02,2.975249000000000024e+02
6.182867782411520921e+02,2.975249000000000024e+02
6.183572465522524908e+02,2.975249000000000024e+02
6.184466795618201331e+02,2.975249000000000024e+02
6.184982479828325950e+02,2.975249000000000024e+02
6.186065808824881742e+02,2.975249000000000024e+02
6.186770981979773296e+02,2.975249000000000024e+02
6.187664822031561016e+02,2.975249000000000024e+02
6.297373999999999796e+02,4.094763199999999870e+02
6.189263835238241427e+02,4.112534200000000055e+02
6.189969498437021684e+02,4.112534200000000055e+02
6.190862848444920701e+02,4.112534200000000055e+02
6.191381473819742496e+02,4.112534200000000055e+02
6.192461861651601112e+02,4.112534200000000055e+02
6.193168014894268936e+02,4.112534200000000055e+02
6.194060874858280386e+02,4.112534200000000055e+02
6.194208023312883142e+02,4.112534200000000055e+02
6.195659888064960796e+02,4.112534200000000055e+02
6.196366531351517324e+02,4.112534200000000055e+02
6.197258901271641207e+02,4.112534200000000055e+02
6.197780467811159042e+02,4.112534200000000055e+02
6.198857914478320481e+02,4.112534200000000055e+02
6.199565047808764575e+02,4.112534200000000055e+02
6.200456927685000892e+02,4.112534200000000055e+02
6.199871539557739197e+02,4.112534200000000055e+02
6.202055940891680166e+02,4.112534200000000055e+02
6.202763564266012963e+02,4.112534200000000055e+02
6.203654954098360577e+02,4.112534200000000055e+02
6.204179461802574451e+02,4.112534200000000055e+02
6.205253967305040987e+02,4.094763199999999870e+02
6.205962080723261352e+02,4.094763199999999870e+02
6.206852980511720261e+02,4.094763199999999870e+02
6.207013862822085457e+02,4.094763199999999870e+02
6.208451993718400672e+02,4.094763199999999870e+02
6.209160597180508603e+02,4.094763199999999870e+02
6.210051006925079946e+02,4.094763199999999870e+02
6.210578455793990997e+02,4.094763199999999870e+02
6.211650020131760357e+02,4.094763199999999870e+02
6.212359113637756991e+02,4.094763199999999870e+02
6.213249033338440768e+02,4.094763199999999870e+02
6.211240420689655366e+02,4.094763199999999870e+02
6.214848046545120042e+02,4.094763199999999870e+02
6.215557630095004242e+02,4.094763199999999870e+02
6.216447059751800452e+02,4.094763199999999870e+02
6.216977449785407543e+02,4.094763199999999870e+02
6.218046072958479726e+02,4.094763199999999870e+02
6.218756146552252630e+02,4.094763199999999870e+02
6.219645086165160137e+02,4.094763199999999870e+02
6.219819702331287772e+02,4.094763199999999870e+02
6.221244099371840548e+02,4.094763199999999870e+02
6.221954663009501019e+02,4.094763199999999870e+02
6.222843112578519822e+02,4.094763199999999870e+02
6.223376443776824090e+02,4.094763199999999870e+02
6.224442125785200233e+02,4.094763199999999870e+02
6.225153179466748270e+02,4.094763199999999870e+02
6.226041138991879507e+02,4.094763199999999870e+02
6.225514682555282207e+02,4.094763199999999870e+02
6.227640152198559917e+02,4.094763199999999870e+02
6.228351695923996658e+02,4.094763199999999870e+02
6.229239165405239191e+02,4.094763199999999870e+02
6.229775437768240636e+02,4.094763199999999870e+02
6.230838178611919602e+02,4.094763199999999870e+02
6.231550212381243909e+02,4.094763199999999870e+02
6.232437191818600013e+02,4.094763199999999870e+02
6.232625541840490087e+02,4.094763199999999870e+02
6.234036205025279287e+02,4.094763199999999870e+02
6.234748728838492298e+02,4.094763199999999870e+02
6.235635218231959698e+02,4.094763199999999870e+02
6.236174431759656045e+02,4.094763199999999870e+02
6.237234231438638972e+02,4.094763199999999870e+02
6.237947245295740686e+02,4.094763199999999870e+02
6.238833244645319382e+02,4.094763199999999870e+02
6.233659999999999854e+02,4.094763199999999870e+02
6.240432257851999793e+02,3.023808599999999842e+02
6.241145761752987937e+02,3.023808599999999842e+02
6.242031271058679067e+02,3.023808599999999842e+02
6.242573425751072591e+02,3.023808599999999842e+02
6.243630284265359478e+02,3.023808599999999842e+02
6.244344278210236325e+02,3.023808599999999842e+02
6.245229297472038752e+02,3.023808599999999842e+02
6.245431381349692401e+02,3.023808599999999842e+02
6.246828310678719163e+02,3.023808599999999842e+02
6.247542794667483577e+02,3.023808599999999842e+02
6.248427323885399574e+02,3.023808599999999842e+02
6.248972419742489137e+02,3.023808599999999842e+02
6.250026337092078847e+02,3.023808599999999842e+02
6.250741311124731965e+02,3.023808599999999842e+02
6.251625350298759258e+02,3.023808599999999842e+02
6.251157825552825216e+02,3.023808599999999842e+02
6.253224363505438532e+02,3.023808599999999842e+02
6.253939827581980353e+02,3.023808599999999842e+02
6.254823376712118943e+02,3.023808599999999842e+02
6.255371413733905683e+02,3.023808599999999842e+02
6.256422389918798217e+02,3.023808599999999842e+02
6.257138344039227604e+02,3.023808599999999842e+02
6.258021403125478628e+02,3.023808599999999842e+02
6.258237220858894716e+02,3.023808599999999842e+02
6.259620416332159039e+02,3.023808599999999842e+02
6.260336860496475992e+02,3.023808599999999842e+02
6.261219429538838313e+02,3.023808599999999842e+02
6.261770407725321093e+02,3.023808599999999842e+02
6.262818442745518723e+02,3.023808599999999842e+02
6.263535376953723244e+02,3.023808599999999842e+02
6.264417455952197997e+02,3.023808599999999842e+02
6.262653027586206917e+02,3.023808599999999842e+02
6.266016469158878408e+02,3.023808599999999842e+02
6.266733893410971632e+02,3.023808599999999842e+02
6.267615482365558819e+02,3.023808599999999842e+02
6.268169401716737639e+02,3.023808599999999842e+02
6.269214495572238093e+02,3.023808599999999842e+02
6.269932409868220020e+02,3.023808599999999842e+02
6.270813508778918504e+02,3.023808599999999842e+02
6.271043060368098168e+02,3.023808599999999842e+02
6.272412521985597778e+02,3.023808599999999842e+02
6.273130926325467271e+02,3.023808599999999842e+02
6.274011535192278188e+02,3.023808599999999842e+02
6.274568395708154185e+02,3.023808599999999842e+02
6.275610548398958599e+02,3.023808599999999842e+02
6.276329442782715660e+02,3.023808599999999842e+02
6.277209561605637873e+02,3.023808599999999842e+02
6.276800968550368225e+02,3.023808599999999842e+02
6.278808574812318284e+02,3.023808599999999842e+02
6.279527959239962911e+02,3.023808599999999842e+02
6.280407588018997558e+02,3.023808599999999842e+02
6.280967389699570731e+02,3.023808599999999842e+02
6.282006601225677969e+02,3.023808599999999842e+02
6.282726475697211299e+02,3.023808599999999842e+02
6.283605614432358379e+02,3.023808599999999842e+02
6.283848899877300482e+02,3.023808599999999842e+02
6.285204627639037653e+02,3.023808599999999842e+02
6.285924992154459687e+02,3.023808599999999842e+02
6.286803640845718064e+02,3.023808599999999842e+02
6.287366383690987277e+02,3.023808599999999842e+02
6.288402654052397338e+02,3.023808599999999842e+02
6.289123508611706939e+02,3.023808599999999842e+02
6.290001667259077749e+02,3.023808599999999842e+02
6.207367600000000039e+02,4.094763199999999870e+02
6.291600680465757023e+02,4.094763199999999870e+02
6.292322025068955327e+02,4.094763199999999870e+02
6.293199693672437434e+02,4.094763199999999870e+02
6.293765377682402686e+02,4.094763199999999870e+02
6.294798706879117844e+02,4.094763199999999870e+02
6.295520541526202578e+02,4.094763199999999870e+02
6.296397720085797118e+02,4.094763199999999870e+02
6.296654739386502797e+02,4.094763199999999870e+02
6.297996733292477529e+02,4.094763199999999870e+02
6.298719057983450966e+02,4.094763199999999870e+02
6.299595746499156803e+02,4.094763199999999870e+02
6.300164371673819232e+02,4.094763199999999870e+02
6.301194759705837214e+02,4.094763199999999870e+02
6.301917574440699354e+02,4.094763199999999870e+02
6.302793772912517625e+02,4.094763199999999870e+02
6.302444111547911234e+02,4.094763199999999870e+02
6.304392786119196899e+02,4.094763199999999870e+02
6.305116090897946606e+02,4.094763199999999870e+02
6.305991799325877309e+02,4.094763199999999870e+02
6.306563365665235779e+02,4.094763199999999870e+02
6.307590812532556583e+02,4.094763199999999870e+02
6.308314607355194994e+02,4.094763199999999870e+02
6.309189825739236994e+02,4.094763199999999870e+02
6.309460578895705112e+02,4.094763199999999870e+02
6.310788838945917405e+02,4.094763199999999870e+02
6.311513123812442245e+02,4.094763199999999870e+02
6.312387852152596679e+02,4.094763199999999870e+02
6.312962359656652325e+02,4.094763199999999870e+02
6.313986865359277090e+02,4.094763199999999870e+02
6.314711640269690633e+02,4.094763199999999870e+02
6.315585878565956364e+02,4.094763199999999870e+02
6.314065634482758469e+02,4.094763199999999870e+02
6.317184891772636774e+02,4.094763199999999870e+02
6.317910156726939022e+02,4.094763199999999870e+02
6.318783904979317185e+02,4.094763199999999870e+02
6.319361353648068871e+02,4.094763199999999870e+02
6.320382918185996459e+02,4.094763199999999870e+02
6.321108673184186273e+02,4.094763199999999870e+02
6.321981931392676870e+02,4.094763199999999870e+02
6.322266418404907427e+02,4.094763199999999870e+02
6.323580944599356144e+02,4.094763199999999870e+02
6.324307189641434661e+02,4.094763199999999870e+02
6.325179957806036555e+02,4.094763199999999870e+02
6.325760347639484280e+02,4.094763199999999870e+02
6.326778971012715829e+02,4.094763199999999870e+02
6.327505706098681912e+02,4.094763199999999870e+02
6.328377984219396239e+02,4.094763199999999870e+02
6.328087254545454243e+02,4.094763199999999870e+02
6.329976997426076650e+02,4.094763199999999870e+02
6.330704222555930301e+02,4.094763199999999870e+02
6.331576010632755924e+02,4.094763199999999870e+02
6.332159341630900826e+02,4.094763199999999870e+02
6.333175023839436335e+02,4.094763199999999870e+02
6.333902739013177552e+02,4.094763199999999870e+02
6.334774037046115609e+02,4.094763199999999870e+02
6.335072257914109741e+02,4.094763199999999870e+02
6.336373050252796020e+02,4.094763199999999870e+02
6.337101255470425940e+02,4.094763199999999870e+02
6.337972063459476431e+02,4.094763199999999870e+02
6.338558335622317372e+02,4.094763199999999870e+02
6.339571076666155705e+02,4.094763199999999870e+02
6.340299771927674328e+02,4.094763199999999870e+02
6.341170089872836115e+02,4.094763199999999870e+02
6.202759399999999914e+02,4.104720500000000243e+02
6.342769103079515389e+02,3.171916499999999814e+02
6.343498288384921580e+02,3.171916499999999814e+02
6.344368116286195800e+02,3.171916499999999814e+02
6.344957329613733918e+02,3.171916499999999814e+02
6.345967129492876211e+02,3.171916499999999814e+02
6.346696804842169968e+02,3.171916499999999814e+02
6.347566142699555485e+02,3.171916499999999814e+02
6.347878097423312056e+02,3.171916499999999814e+02
6.349165155906235896e+02,3.171916499999999814e+02
6.349895321299417219e+02,3.171916499999999814e+02
6.350764169112915170e+02,3.171916499999999814e+02
6.351356323605150465e+02,3.171916499999999814e+02
6.352363182319595580e+02,3.171916499999999814e+02
6.353093837756665607e+02,3.171916499999999814e+02
6.353962195526274854e+02,3.171916499999999814e+02
6.353730397542997252e+02,3.171916499999999814e+02
6.355561208732955265e+02,3.171916499999999814e+02
6.356292354213913995e+02,3.171916499999999814e+02
6.357160221939635676e+02,3.171916499999999814e+02
6.357755317596565874e+02,3.171916499999999814e+02
6.358759235146314950e+02,3.171916499999999814e+02
6.359490870671161247e+02,3.171916499999999814e+02
6.360358248352995361e+02,3.171916499999999814e+02
6.360683936932514371e+02,3.171916499999999814e+02
6.361957261559674635e+02,3.171916499999999814e+02
6.362689387128409635e+02,3.171916499999999814e+02
6.363556274766355045e+02,3.171916499999999814e+02
6.364154311587982420e+02,3.171916499999999814e+02
6.365155287973035456e+02,3.171916499999999814e+02
6.365887903585656886e+02,3.171916499999999814e+02
6.366754301179714730e+02,3.171916499999999814e+02
6.365478241379310020e+02,3.171916499999999814e+02
6.368353314386395141e+02,3.171916499999999814e+02
6.369086420042905274e+02,3.171916499999999814e+02
6.369952327593074415e+02,3.171916499999999814e+02
6.370553305579398966e+02,3.171916499999999814e+02
6.371551340799754826e+02,3.171916499999999814e+02
6.372284936500153663e+02,3.171916499999999814e+02
6.373150354006435236e+02,3.171916499999999814e+02
6.373489776441717822e+02,3.171916499999999814e+02
6.374749367213114510e+02,3.171916499999999814e+02
6.375483452957400914e+02,3.171916499999999814e+02
6.376348380419794921e+02,3.171916499999999814e+02
6.376952299570815512e+02,3.171916499999999814e+02
6.377947393626474195e+02,3.171916499999999814e+02
6.378681969414649302e+02,3.171916499999999814e+02
6.379546406833154606e+02,3.171916499999999814e+02
6.379373540540540262e+02,3.171916499999999814e+02
6.381145420039835017e+02,3.171916499999999814e+02
6.381880485871896553e+02,3.171916499999999814e+02
6.382744433246514291e+02,3.171916499999999814e+02
6.383351293562232058e+02,3.171916499999999814e+02
6.384343446453194701e+02,3.171916499999999814e+02
6.385079002329144942e+02,3.171916499999999814e+02
6.385942459659873975e+02,3.171916499999999814e+02
6.386295615950920137e+02,3.171916499999999814e+02
6.387541472866554386e+02,3.171916499999999814e+02
6.388277518786393330e+02,3.171916499999999814e+02
6.389140486073233660e+02,3.171916499999999814e+02
6.389750287553647468e+02,3.171916499999999814e+02
6.390739499279914071e+02,3.171916499999999814e+02
6.391476035243640581e+02,3.171916499999999814e+02
6.392338512486594482e+02,3.171916499999999814e+02
6.202759399999999914e+02,4.112534200000000055e+02
6.393937525693273756e+02,4.084003999999999905e+02
6.394674551700888969e+02,4.084003999999999905e+02
6.395536538899954166e+02,4.084003999999999905e+02
6.396149281545064014e+02,4.084003999999999905e+02
6.397135552106633440e+02,4.084003999999999905e+02
6.397873068158136221e+02,4.084003999999999905e+02
6.398734565313313851e+02,4.084003999999999905e+02
6.399101455460122452e+02,4.084003999999999905e+02
6.400333578519994262e+02,4.084003999999999905e+02
6.401071584615384609e+02,4.084003999999999905e+02
6.401932591726673536e+02,4.084003999999999905e+02
6.402548275536480560e+02,4.084003999999999905e+02
6.403531604933353947e+02,4.084003999999999905e+02
6.404270101072632997e+02,4.084003999999999905e+02
6.405130618140033221e+02,4.084003999999999905e+02
6.405016683538083271e+02,4.084003999999999905e+02
6.406729631346713632e+02,4.084003999999999905e+02
6.407468617529880248e+02,4.084003999999999905e+02
6.408328644553394042e+02,4.084003999999999905e+02
6.408947269527897106e+02,4.084003999999999905e+02
6.409927657760073316e+02,4.084003999999999905e+02
6.410667133987128636e+02,4.084003999999999905e+02
6.411526670966753727e+02,4.084003999999999905e+02
6.411907294969324766e+02,4.084003999999999905e+02
6.413125684173433001e+02,4.084003999999999905e+02
6.413865650444375888e+02,4.084003999999999905e+02
6.414724697380113412e+02,4.084003999999999905e+02
6.415346263519312515e+02,4.084003999999999905e+02
6.416323710586792686e+02,4.084003999999999905e+02
6.417064166901624276e+02,4.084003999999999905e+02
6.417922723793473097e+02,4.084003999999999905e+02
6.416890848275861572e+02,4.084003999999999905e+02
6.419521737000153507e+02,4.084003999999999905e+02
6.420262683358872664e+02,4.084003999999999905e+02
6.421120750206832781e+02,4.084003999999999905e+02
6.421745257510729061e+02,4.084003999999999905e+02
6.422719763413513192e+02,4.084003999999999905e+02
6.423461199816119915e+02,4.084003999999999905e+02
6.424318776620192466e+02,4.084003999999999905e+02
6.424713134478527081e+02,4.084003999999999905e+02
6.425917789826872877e+02,4.084003999999999905e+02
6.426659716273368304e+02,4.084003999999999905e+02
6.427516803033553288e+02,4.084003999999999905e+02
6.428144251502145607e+02,4.084003999999999905e+02
6.429115816240232562e+02,4.084003999999999905e+02
6.429858232730615555e+02,4.084003999999999905e+02
6.430714829446912972e+02,4.084003999999999905e+02
6.430659826535626280e+02,4.084003999999999905e+02
6.432313842653592246e+02,4.084003999999999905e+02
6.433056749187863943e+02,4.084003999999999905e+02
6.433912855860272657e+02,4.084003999999999905e+02
6.434543245493562154e+02,4.084003999999999905e+02
6.435511869066953068e+02,4.084003999999999905e+02
6.436255265645112331e+02,4.084003999999999905e+02
6.437110882273632342e+02,4.084003999999999905e+02
6.437518973987729396e+02,4.084003999999999905e+02
6.438709895480312753e+02,4.084003999999999905e+02
6.439453782102359582e+02,4.084003999999999905e+02
6.440308908686992027e+02,4.084003999999999905e+02
6.440942239484978700e+02,4.084003999999999905e+02
6.441907921893672437e+02,4.084003999999999905e+02
6.442652298559607971e+02,4.084003999999999905e+02
6.443506935100352848e+02,4.084003999999999905e+02
6.202759399999999914e+02,4.112534200000000055e+02
6.445105948307032122e+02,3.480298999999999978e+02
6.445850815016855222e+02,3.480298999999999978e+02
6.446704961513712533e+02,3.480298999999999978e+02
6.447341233476394109e+02,3.480298999999999978e+02
6.448303974720391807e+02,3.480298999999999978e+02
6.449049331474103610e+02,3.480298999999999978e+02
6.449902987927072218e+02,3.480298999999999978e+02
6.450324813496931711e+02,3.480298999999999978e+02
6.451502001133751492e+02,3.480298999999999978e+02
6.452247847931351998e+02,3.480298999999999978e+02
6.453101014340431902e+02,3.480298999999999978e+02
6.453740227467810655e+02,3.480298999999999978e+02
6.454700027547112313e+02,3.480298999999999978e+02
6.455446364388599250e+02,3.480298999999999978e+02
6.456299040753791587e+02,3.480298999999999978e+02
6.456302969533169289e+02,3.480298999999999978e+02
6.457898053960471998e+02,3.480298999999999978e+02
6.458644880845847638e+02,3.480298999999999978e+02
6.459497067167151272e+02,3.480298999999999978e+02
6.460139221459227201e+02,3.480298999999999978e+02
6.461096080373831683e+02,3.480298999999999978e+02
6.461843397303094889e+02,3.480298999999999978e+02
6.462695093580512093e+02,3.480298999999999978e+02
6.463130653006134025e+02,3.480298999999999978e+02
6.464294106787191367e+02,3.480298999999999978e+02
6.465041913760343277e+02,3.480298999999999978e+02
6.465893119993871778e+02,3.480298999999999978e+02
6.466538215450643747e+02,3.480298999999999978e+02
6.467492133200551052e+02,3.480298999999999978e+02
6.468240430217591665e+02,3.480298999999999978e+02
6.469091146407231463e+02,3.480298999999999978e+02
6.468303455172413123e+02,3.480298999999999978e+02
6.470690159613911874e+02,3.480298999999999978e+02
6.471438946674838917e+02,3.480298999999999978e+02
6.472289172820591148e+02,3.480298999999999978e+02
6.472937209442060293e+02,3.480298999999999978e+02
6.473888186027271558e+02,3.480298999999999978e+02
6.474637463132087305e+02,3.480298999999999978e+02
6.475487199233950832e+02,3.480298999999999978e+02
6.475936492515337477e+02,3.480298999999999978e+02
6.477086212440631243e+02,3.480298999999999978e+02
6.477835979589334556e+02,3.480298999999999978e+02
6.478685225647311654e+02,3.480298999999999978e+02
6.479336203433475703e+02,3.480298999999999978e+02
6.480284238853990928e+02,3.480298999999999978e+02
6.481034496046582944e+02,3.480298999999999978e+02
6.481883252060671339e+02,3.480298999999999978e+02
6.481946112530712298e+02,3.480298999999999978e+02
6.483482265267350613e+02,3.480298999999999978e+02
6.484233012503831333e+02,3.480298999999999978e+02
6.485081278474031024e+02,3.480298999999999978e+02
6.485735197424892249e+02,3.480298999999999978e+02
6.486680291680710297e+02,3.480298999999999978e+02
6.487431528961078584e+02,3.480298999999999978e+02
6.488279304887390708e+02,3.480298999999999978e+02
6.488742332024539792e+02,3.480298999999999978e+02
6.489878318094071119e+02,3.480298999999999978e+02
6.490630045418326972e+02,3.480298999999999978e+02
6.491477331300750393e+02,3.480298999999999978e+02
6.492134191416308795e+02,3.480298999999999978e+02
6.493076344507430804e+02,3.480298999999999978e+02
6.493828561875574223e+02,3.480298999999999978e+02
6.494675357714110078e+02,3.480298999999999978e+02
6.672605999999999540e+02,2.886399000000000115e+02
6.496274370920790489e+02,4.053557000000000130e+02
6.497027078332822612e+02,4.053557000000000130e+02
6.497873384127470899e+02,4.053557000000000130e+02
6.498533185407725341e+02,4.053557000000000130e+02
6.499472397334150173e+02,4.053557000000000130e+02
6.500225594790071000e+02,4.053557000000000130e+02
6.501071410540830584e+02,4.053557000000000130e+02
6.501548171533742106e+02,4.053557000000000130e+02
6.502670423747509858e+02,4.053557000000000130e+02
6.503424111247318251e+02,4.053557000000000130e+02
6.504269436954190269e+02,4.053557000000000130e+02
6.504932179399141887e+02,4.053557000000000130e+02
6.505868450160870680e+02,4.053557000000000130e+02
6.506622627704566639e+02,4.053557000000000130e+02
6.507467463367549954e+02,4.053557000000000130e+02
6.507589255528255308e+02,4.053557000000000130e+02
6.509066476574230364e+02,4.053557000000000130e+02
6.509821144161813891e+02,4.053557000000000130e+02
6.510665489780909638e+02,4.053557000000000130e+02
6.511331173390557296e+02,4.053557000000000130e+02
6.512264502987590049e+02,4.053557000000000130e+02
6.513019660619062279e+02,4.053557000000000130e+02
6.513863516194269323e+02,4.053557000000000130e+02
6.514354011042944421e+02,4.053557000000000130e+02
6.515462529400949734e+02,4.053557000000000130e+02
6.516218177076310667e+02,4.053557000000000130e+02
6.517061542607630145e+02,4.053557000000000130e+02
6.517730167381973843e+02,4.053557000000000130e+02
6.518660555814309419e+02,4.053557000000000130e+02
6.519416693533557918e+02,4.053557000000000130e+02
6.520259569020989829e+02,4.053557000000000130e+02
6.519716062068964675e+02,4.053557000000000130e+02
6.521858582227669103e+02,4.053557000000000130e+02
6.522615209990806306e+02,4.053557000000000130e+02
6.523457595434349514e+02,4.053557000000000130e+02
6.524129161373390389e+02,4.053557000000000130e+02
6.525056608641029925e+02,4.053557000000000130e+02
6.525813726448053558e+02,4.053557000000000130e+02
6.526655621847709199e+02,4.053557000000000130e+02
6.527159850552146736e+02,4.053557000000000130e+02
6.528254635054389610e+02,4.053557000000000130e+02
6.529012242905301946e+02,4.053557000000000130e+02
6.529853648261068884e+02,4.053557000000000130e+02
6.530528155364806935e+02,4.053557000000000130e+02
6.531452661467749294e+02,4.053557000000000130e+02
6.532210759362550334e+02,4.053557000000000130e+02
6.533051674674429705e+02,4.053557000000000130e+02
6.533232398525798317e+02,4.053557000000000130e+02
6.534650687881108979e+02,4.053557000000000130e+02
6.535409275819797585e+02,4.053557000000000130e+02
6.536249701087789390e+02,4.053557000000000130e+02
6.536927149356222344e+02,4.053557000000000130e+02
6.537848714294468664e+02,4.053557000000000130e+02
6.538607792277045974e+02,4.053557000000000130e+02
6.539447727501149075e+02,4.053557000000000130e+02
6.539965690061349051e+02,4.053557000000000130e+02
6.541046740707829485e+02,4.053557000000000130e+02
6.541806308734293225e+02,4.053557000000000130e+02
6.542645753914508759e+02,4.053557000000000130e+02
6.543326143347638890e+02,4.053557000000000130e+02
6.544244767121189170e+02,4.053557000000000130e+02
6.545004825191541613e+02,4.053557000000000130e+02
6.545843780327868444e+02,4.053557000000000130e+02
6.672605999999999540e+02,2.886399000000000115e+02
6.547442793534548855e+02,3.730448000000000093e+02
6.548203341648790001e+02,3.730448000000000093e+02
6.549041806741228129e+02,3.730448000000000093e+02
6.549725137339055436e+02,3.730448000000000093e+02
6.550640819947908540e+02,3.730448000000000093e+02
6.551401858106037253e+02,3.730448000000000093e+02
6.552239833154588950e+02,3.730448000000000093e+02
6.552771529570551365e+02,3.730448000000000093e+02
6.553838846361268224e+02,3.730448000000000093e+02
6.554600374563285641e+02,3.730448000000000093e+02
6.555437859567948635e+02,3.730448000000000093e+02
6.556124131330471982e+02,3.730448000000000093e+02
6.557036872774627909e+02,3.730448000000000093e+02
6.557798891020532892e+02,3.730448000000000093e+02
6.558635885981308320e+02,3.730448000000000093e+02
6.558875541523341326e+02,3.730448000000000093e+02
6.560234899187988731e+02,3.730448000000000093e+02
6.560997407477781280e+02,3.730448000000000093e+02
6.561833912394668005e+02,3.730448000000000093e+02
6.562523125321888529e+02,3.730448000000000093e+02
6.563432925601348416e+02,3.730448000000000093e+02
6.564195923935029668e+02,3.730448000000000093e+02
6.565031938808027689e+02,3.730448000000000093e+02
6.565577369079753680e+02,3.730448000000000093e+02
6.566630952014708100e+02,3.730448000000000093e+02
6.567394440392276920e+02,3.730448000000000093e+02
6.568229965221388511e+02,3.730448000000000093e+02
6.568922119313303938e+02,3.730448000000000093e+02
6.569828978428067785e+02,3.730448000000000093e+02
6.570592956849525308e+02,3.730448000000000093e+02
6.571427991634748196e+02,3.730448000000000093e+02
6.571128668965517363e+02,3.730448000000000093e+02
6.573027004841427470e+02,3.730448000000000093e+02
6.573791473306772559e+02,3.730448000000000093e+02
6.574626018048107881e+02,3.730448000000000093e+02
6.575321113304720484e+02,3.730448000000000093e+02
6.576225031254788291e+02,3.730448000000000093e+02
6.576989989764020947e+02,3.730448000000000093e+02
6.577824044461467565e+02,3.730448000000000093e+02
6.578383208588955995e+02,3.730448000000000093e+02
6.579423057668147976e+02,3.730448000000000093e+02
6.580188506221269336e+02,3.730448000000000093e+02
6.581022070874827250e+02,3.730448000000000093e+02
6.581720107296137030e+02,3.730448000000000093e+02
6.582621084081507661e+02,3.730448000000000093e+02
6.583387022678516587e+02,3.730448000000000093e+02
6.584220097288186935e+02,3.730448000000000093e+02
6.584518684520884335e+02,3.730448000000000093e+02
6.585819110494867346e+02,3.730448000000000093e+02
6.586585539135764975e+02,3.730448000000000093e+02
6.587418123701547756e+02,3.730448000000000093e+02
6.588119101287553576e+02,3.730448000000000093e+02
6.589017136908227030e+02,3.730448000000000093e+02
6.589784055593012226e+02,3.730448000000000093e+02
6.590616150114907441e+02,3.730448000000000093e+02
6.591189048098159446e+02,3.730448000000000093e+02
6.592215163321586715e+02,3.730448000000000093e+02
6.592982572050260615e+02,3.730448000000000093e+02
6.593814176528267126e+02,3.730448000000000093e+02
6.594518095278970122e+02,3.730448000000000093e+02
6.595413189734947537e+02,3.730448000000000093e+02
6.596181088507509003e+02,3.730448000000000093e+02
6.597012202941626811e+02,3.730448000000000093e+02
6.866232999999999720e+02,2.962885699999999929e+02
6.598611216148307221e+02,4.017695299999999747e+02
6.599379604964756254e+02,4.017695299999999747e+02
6.600210229354986495e+02,4.017695299999999747e+02
6.600917089270385532e+02,4.017695299999999747e+02
6.601809242561666906e+02,4.017695299999999747e+02
6.602578121422004642e+02,4.017695299999999747e+02
6.603408255768347317e+02,4.017695299999999747e+02
6.603994887607361761e+02,4.017695299999999747e+02
6.605007268975026591e+02,4.017695299999999747e+02
6.605776637879251894e+02,4.017695299999999747e+02
6.606606282181707002e+02,4.017695299999999747e+02
6.607316083261802078e+02,4.017695299999999747e+02
6.608205295388386276e+02,4.017695299999999747e+02
6.608975154336500282e+02,4.017695299999999747e+02
6.609804308595066686e+02,4.017695299999999747e+02
6.610161827518427344e+02,4.017695299999999747e+02
6.611403321801745960e+02,4.017695299999999747e+02
6.612173670793748670e+02,4.017695299999999747e+02
6.613002335008426371e+02,4.017695299999999747e+02
6.613715077253218624e+02,4.017695299999999747e+02
6.614601348215106782e+02,4.017695299999999747e+02
6.615372187250995921e+02,4.017695299999999747e+02
6.616200361421786056e+02,4.017695299999999747e+02
6.616800727116564076e+02,4.017695299999999747e+02
6.617799374628466467e+02,4.017695299999999747e+02
6.618570703708244309e+02,4.017695299999999747e+02
6.619398387835145741e+02,4.017695299999999747e+02
6.620114071244635170e+02,4.017695299999999747e+02
6.620997401041826151e+02,4.017695299999999747e+02
6.621769220165491561e+02,4.017695299999999747e+02
6.622596414248506562e+02,4.017695299999999747e+02
6.622541275862068915e+02,4.017695299999999747e+02
6.624195427455185836e+02,4.017695299999999747e+02
6.624967736622739949e+02,4.017695299999999747e+02
6.625794440661866247e+02,4.017695299999999747e+02
6.626513065236051716e+02,4.017695299999999747e+02
6.627393453868545521e+02,4.017695299999999747e+02
6.628166253079988337e+02,4.017695299999999747e+02
6.628992467075225932e+02,4.017695299999999747e+02
6.629606566625766391e+02,4.017695299999999747e+02
6.630591480281906342e+02,4.017695299999999747e+02
6.631364769537235588e+02,4.017695299999999747e+02
6.632190493488585616e+02,4.017695299999999747e+02
6.632912059227467125e+02,4.017695299999999747e+02
6.633789506695266027e+02,4.017695299999999747e+02
6.634563285994483977e+02,4.017695299999999747e+02
6.635388519901945301e+02,4.017695299999999747e+02
6.635804970515970354e+02,4.017695299999999747e+02
6.636987533108625712e+02,4.017695299999999747e+02
6.637761802451731228e+02,4.017695299999999747e+02
6.638586546315306123e+02,4.017695299999999747e+02
6.639311053218883671e+02,4.017695299999999747e+02
6.640185559521985397e+02,4.017695299999999747e+02
6.640960318908979616e+02,4.017695299999999747e+02
6.641784572728665808e+02,4.017695299999999747e+02
6.642412406134968705e+02,4.017695299999999747e+02
6.643383585935345081e+02,4.017695299999999747e+02
6.644158835366228004e+02,4.017695299999999747e+02
6.644982599142025492e+02,4.017695299999999747e+02
6.645710047210300218e+02,4.017695299999999747e+02
6.646581612348704766e+02,4.017695299999999747e+02
6.647357351823475256e+02,4.017695299999999747e+02
6.648180625555385177e+02,4.017695299999999747e+02
7.165569500000000289e+02,3.023650000000000091e+02
6.649779638762065588e+02,3.869578999999999951e+02
6.650555868280723644e+02,3.869578999999999951e+02
6.651378651968744862e+02,3.869578999999999951e+02
6.652109041201716764e+02,3.869578999999999951e+02
6.652977665175425273e+02,3.869578999999999951e+02
6.653754384737970895e+02,3.869578999999999951e+02
6.654576678382104546e+02,3.869578999999999951e+02
6.655218245644171020e+02,3.869578999999999951e+02
6.656175691588784957e+02,3.869578999999999951e+02
6.656952901195219283e+02,3.869578999999999951e+02
6.657774704795465368e+02,3.869578999999999951e+02
6.658508035193133310e+02,3.869578999999999951e+02
6.659373718002144642e+02,3.869578999999999951e+02
6.660151417652467671e+02,3.869578999999999951e+02
6.660972731208825053e+02,3.869578999999999951e+02
6.661448113513513363e+02,3.869578999999999951e+02
6.662571744415504327e+02,2.886399000000000115e+02
6.663349934109714923e+02,2.886399000000000115e+02
6.664170757622184738e+02,2.886399000000000115e+02
6.664907029184548719e+02,2.886399000000000115e+02
6.665769770828865148e+02,2.886399000000000115e+02
6.666548450566963311e+02,2.886399000000000115e+02
6.667368784035544422e+02,2.886399000000000115e+02
6.668024085153373335e+02,2.886399000000000115e+02
6.668967797242224833e+02,2.886399000000000115e+02
6.669746967024210562e+02,2.886399000000000115e+02
6.670566810448904107e+02,2.886399000000000115e+02
6.671306023175965265e+02,2.886399000000000115e+02
6.672165823655584518e+02,2.886399000000000115e+02
6.672945483481458950e+02,2.886399000000000115e+02
6.673764836862263792e+02,2.886399000000000115e+02
6.673953882758620466e+02,2.886399000000000115e+02
6.675363850068944203e+02,3.989717999999999734e+02
6.676143999938706202e+02,3.989717999999999734e+02
6.676962863275624613e+02,3.989717999999999734e+02
6.677705017167381811e+02,3.989717999999999734e+02
6.678561876482303887e+02,3.989717999999999734e+02
6.679342516395954590e+02,3.989717999999999734e+02
6.680160889688984298e+02,3.989717999999999734e+02
6.680829924662575650e+02,3.989717999999999734e+02
6.681759902895663572e+02,3.989717999999999734e+02
6.682541032853202978e+02,3.989717999999999734e+02
6.683358916102343983e+02,3.948317999999999870e+02
6.684104011158798357e+02,3.948317999999999870e+02
6.684957929309024394e+02,3.948317999999999870e+02
6.685739549310450229e+02,3.948317999999999870e+02
6.686556942515703668e+02,3.948317999999999870e+02
6.687091256511056372e+02,3.948317999999999870e+02
6.688155955722384078e+02,3.948317999999999870e+02
6.688938065767698617e+02,3.948317999999999870e+02
6.689754968929063352e+02,3.948317999999999870e+02
6.690503005150213767e+02,3.948317999999999870e+02
6.691353982135743763e+02,3.948317999999999870e+02
6.692136582224945869e+02,3.948317999999999870e+02
6.692952995342424174e+02,3.948317999999999870e+02
6.693635764171779101e+02,3.948317999999999870e+02
6.694552008549103448e+02,3.948317999999999870e+02
6.695335098682194257e+02,3.948317999999999870e+02
6.696151021755783859e+02,3.948317999999999870e+02
6.696901999141630313e+02,3.948317999999999870e+02
6.697750034962463133e+02,3.948317999999999870e+02
6.698533615139442645e+02,3.948317999999999870e+02
6.699349048169143543e+02,3.948317999999999870e+02
7.408515599999999495e+02,3.049005000000000223e+02
6.700948061375823954e+02,3.948317999999999870e+02
6.701732131596689896e+02,3.948317999999999870e+02
6.702547074582503228e+02,3.948317999999999870e+02
6.703300993133046859e+02,3.948317999999999870e+02
6.704146087789182502e+02,3.948317999999999870e+02
6.704930648053938285e+02,3.948317999999999870e+02
6.705745100995862913e+02,3.948317999999999870e+02
6.706441603680980279e+02,3.948317999999999870e+02
6.707344114202543324e+02,3.948317999999999870e+02
6.708129164511185536e+02,3.948317999999999870e+02
6.708943127409222598e+02,3.948317999999999870e+02
6.709699987124463405e+02,3.948317999999999870e+02
6.710542140615903008e+02,3.948317999999999870e+02
6.711327680968433924e+02,3.948317999999999870e+02
6.712141153822582282e+02,3.948317999999999870e+02
6.712734399508599381e+02,3.948317999999999870e+02
6.713740167029262693e+02,3.948317999999999870e+02
6.714526197425681175e+02,3.948317999999999870e+02
6.715339180235943104e+02,3.948317999999999870e+02
6.716098981115878814e+02,3.948317999999999870e+02
6.716938193442622378e+02,3.948317999999999870e+02
6.717724713882929564e+02,3.948317999999999870e+02
6.718537206649302789e+02,3.948317999999999870e+02
6.719247443190183731e+02,3.948317999999999870e+02
6.720136219855982063e+02,3.948317999999999870e+02
6.720923230340177952e+02,3.948317999999999870e+02
6.721735233062662473e+02,3.948317999999999870e+02
6.722497975107295360e+02,3.948317999999999870e+02
6.723334246269342884e+02,3.948317999999999870e+02
6.724121746797425203e+02,3.948317999999999870e+02
6.724933259476022158e+02,3.948317999999999870e+02
6.725366489655172018e+02,3.948317999999999870e+02
6.726532272682702569e+02,3.948317999999999870e+02
6.727320263254673591e+02,3.948317999999999870e+02
6.728131285889381843e+02,3.948317999999999870e+02
6.728896969098711907e+02,3.948317999999999870e+02
6.729730299096062254e+02,3.948317999999999870e+02
6.730518779711920843e+02,3.948317999999999870e+02
6.731329312302741528e+02,3.948317999999999870e+02
6.732053282699386045e+02,3.948317999999999870e+02
6.732928325509421938e+02,3.948317999999999870e+02
6.733717296169169231e+02,3.948317999999999870e+02
6.734527338716102349e+02,3.948317999999999870e+02
6.735295963090128453e+02,3.948317999999999870e+02
6.736126351922781623e+02,3.948317999999999870e+02
6.736915812626417619e+02,3.948317999999999870e+02
6.737725365129462034e+02,3.948317999999999870e+02
6.738377542506142390e+02,3.948317999999999870e+02
6.739324378336141308e+02,3.948317999999999870e+02
6.740114329083664870e+02,3.948317999999999870e+02
6.740923391542821719e+02,3.948317999999999870e+02
6.741694957081544999e+02,3.948317999999999870e+02
6.742522404749502130e+02,3.948317999999999870e+02
6.743312845540913258e+02,3.948317999999999870e+02
6.744121417956181403e+02,3.948317999999999870e+02
6.744859122208588360e+02,3.948317999999999870e+02
6.745720431162861814e+02,3.948317999999999870e+02
6.746511361998160510e+02,3.948317999999999870e+02
6.747319444369541088e+02,3.948317999999999870e+02
6.748093951072960408e+02,3.948317999999999870e+02
6.748918457576221499e+02,3.948317999999999870e+02
6.749709878455408898e+02,3.948317999999999870e+02
6.750517470782901910e+02,3.948317999999999870e+02
7.563945999999999685e+02,3.046329299999999876e+02
6.752116483989581184e+02,2.962885699999999929e+02
6.752908394912657286e+02,2.962885699999999929e+02
6.753715497196261595e+02,2.962885699999999929e+02
6.754492945064376954e+02,2.962885699999999929e+02
6.755314510402940869e+02,2.962885699999999929e+02
6.756106911369904537e+02,2.962885699999999929e+02
6.756913523609621279e+02,2.962885699999999929e+02
6.757664961717790675e+02,2.962885699999999929e+02
6.758512536816301690e+02,2.962885699999999929e+02
6.759305427827152926e+02,2.962885699999999929e+02
6.760111550022980964e+02,2.962885699999999929e+02
6.760891939055793500e+02,2.962885699999999929e+02
6.761710563229661375e+02,2.962885699999999929e+02
6.762503944284400177e+02,2.962885699999999929e+02
6.763309576436340649e+02,2.962885699999999929e+02
6.764020685503685399e+02,2.962885699999999929e+02
6.764908589643021060e+02,2.962885699999999929e+02
6.765702460741648565e+02,2.962885699999999929e+02
6.766507602849700334e+02,2.962885699999999929e+02
6.767290933047210046e+02,2.962885699999999929e+02
6.768106616056380744e+02,2.962885699999999929e+02
6.768900977198896953e+02,2.962885699999999929e+02
6.769705629263061155e+02,2.962885699999999929e+02
6.770470801226992990e+02,2.962885699999999929e+02
6.771304642469740429e+02,2.962885699999999929e+02
6.772099493656144205e+02,2.962885699999999929e+02
6.772903655676420840e+02,2.962885699999999929e+02
6.773689927038626593e+02,2.962885699999999929e+02
6.774502668883100114e+02,2.962885699999999929e+02
6.775298010113392593e+02,2.962885699999999929e+02
6.776101682089780525e+02,2.962885699999999929e+02
6.776779096551723569e+02,2.962885699999999929e+02
6.777700695296460935e+02,2.962885699999999929e+02
6.778496526570639844e+02,2.962885699999999929e+02
6.779299708503140209e+02,2.962885699999999929e+02
6.780088921030042002e+02,2.962885699999999929e+02
6.780898721709820620e+02,2.962885699999999929e+02
6.781695043027888232e+02,2.962885699999999929e+02
6.782497734916499894e+02,2.962885699999999929e+02
6.783276640736195304e+02,2.962885699999999929e+02
6.784096748123180305e+02,2.962885699999999929e+02
6.784893559485136620e+02,2.962885699999999929e+02
6.785695761329860716e+02,2.962885699999999929e+02
6.786487915021458548e+02,2.962885699999999929e+02
6.787294774536539990e+02,2.962885699999999929e+02
6.788092075942383872e+02,2.962885699999999929e+02
6.788893787743220400e+02,2.962885699999999929e+02
6.789663828501228409e+02,2.962885699999999929e+02
6.790492800949899674e+02,2.962885699999999929e+02
6.791290592399632260e+02,2.962885699999999929e+02
6.792091814156580085e+02,2.962885699999999929e+02
6.792886909012875094e+02,2.962885699999999929e+02
6.793690827363260496e+02,2.962885699999999929e+02
6.794489108856879511e+02,2.962885699999999929e+02
6.795289840569939770e+02,2.962885699999999929e+02
6.796082480245397619e+02,2.962885699999999929e+02
6.796888853776620181e+02,2.962885699999999929e+02
6.797687625314127899e+02,2.962885699999999929e+02
6.798487866983299455e+02,2.962885699999999929e+02
6.799285903004291640e+02,2.962885699999999929e+02
6.800086880189979865e+02,2.962885699999999929e+02
6.800886141771376288e+02,2.962885699999999929e+02
6.801685893396659139e+02,2.962885699999999929e+02
7.660339999999999918e+02,3.046329299999999876e+02
6.803284906603339550e+02,2.962885699999999929e+02
6.804084658228623539e+02,2.962885699999999929e+02
6.804883919810019961e+02,2.962885699999999929e+02
6.805684896995707049e+02,2.962885699999999929e+02
6.806482933016699235e+02,2.962885699999999929e+02
6.807283174685871927e+02,2.962885699999999929e+02
6.808081946223379646e+02,2.962885699999999929e+02
6.808888319754599934e+02,2.962885699999999929e+02
6.809680959430058920e+02,2.962885699999999929e+02
6.810481691143119178e+02,2.962885699999999929e+02
6.811279972636739330e+02,2.962885699999999929e+02
6.812083890987123596e+02,2.962885699999999929e+02
6.812878985843419741e+02,2.962885699999999929e+02
6.813680207600367567e+02,2.962885699999999929e+02
6.814477999050099015e+02,2.962885699999999929e+02
6.815306971498771418e+02,2.962885699999999929e+02
6.816077012256779426e+02,2.962885699999999929e+02
6.816878724057615955e+02,2.962885699999999929e+02
6.817676025463458700e+02,2.962885699999999929e+02
6.818482884978540142e+02,2.962885699999999929e+02
6.819275038670139111e+02,2.962885699999999929e+02
6.820077240514863206e+02,2.962885699999999929e+02
6.820874051876819522e+02,2.962885699999999929e+02
6.821694159263803385e+02,2.962885699999999929e+02
6.822473065083498796e+02,2.962885699999999929e+02
6.823275756972111594e+02,2.962885699999999929e+02
6.824072078290179206e+02,2.962885699999999929e+02
6.824881878969956688e+02,2.962885699999999929e+02
6.825671091496858480e+02,2.962885699999999929e+02
6.826474273429358846e+02,2.962885699999999929e+02
6.827270104703538891e+02,2.962885699999999929e+02
6.828191703448275121e+02,2.962885699999999929e+02
6.828869117910218165e+02,2.962885699999999929e+02
6.829672789886607234e+02,2.962885699999999929e+02
6.830468131116898576e+02,2.962885699999999929e+02
6.831280872961373234e+02,2.962885699999999929e+02
6.832067144323578987e+02,2.962885699999999929e+02
6.832871306343855622e+02,2.962885699999999929e+02
6.833666157530258261e+02,2.962885699999999929e+02
6.834499998773005700e+02,2.962885699999999929e+02
6.835265170736938671e+02,2.962885699999999929e+02
6.836069822801102873e+02,2.962885699999999929e+02
6.836864183943617945e+02,2.962885699999999929e+02
6.837679866952788643e+02,2.962885699999999929e+02
6.838463197150298356e+02,2.962885699999999929e+02
6.839268339258351261e+02,2.962885699999999929e+02
6.840062210356978767e+02,2.962885699999999929e+02
6.840950114496314427e+02,2.962885699999999929e+02
6.841661223563658041e+02,2.962885699999999929e+02
6.842466855715598513e+02,2.962885699999999929e+02
6.843260236770338452e+02,2.962885699999999929e+02
6.844078860944205189e+02,2.962885699999999929e+02
6.844859249977017726e+02,2.962885699999999929e+02
6.845665372172846901e+02,2.962885699999999929e+02
6.846458263183698136e+02,2.962885699999999929e+02
6.847305838282208015e+02,2.962885699999999929e+02
6.848057276390378547e+02,2.962885699999999929e+02
6.848863888630095289e+02,2.962885699999999929e+02
6.849656289597057821e+02,2.962885699999999929e+02
6.850477854935621735e+02,2.962885699999999929e+02
6.851255302803738232e+02,2.962885699999999929e+02
6.852062405087342540e+02,2.962885699999999929e+02
6.852854316010417506e+02,2.962885699999999929e+02
7.684501999999999953e+02,3.046329299999999876e+02
6.854453329217097917e+02,2.962885699999999929e+02
6.855260921544590929e+02,2.962885699999999929e+02
6.856052342423778327e+02,2.962885699999999929e+02
6.856876848927038282e+02,2.962885699999999929e+02
6.857651355630457601e+02,2.962885699999999929e+02
6.858459438001838180e+02,2.962885699999999929e+02
6.859250368837138012e+02,2.962885699999999929e+02
6.860111677791410330e+02,2.962885699999999929e+02
6.860849382043817286e+02,2.962885699999999929e+02
6.861657954459086568e+02,2.962885699999999929e+02
6.862448395250497697e+02,2.962885699999999929e+02
6.863275842918454828e+02,2.962885699999999929e+02
6.864047408457176971e+02,2.962885699999999929e+02
6.864856470916334956e+02,2.962885699999999929e+02
6.865646421663857382e+02,2.962885699999999929e+02
6.866593257493857436e+02,2.962885699999999929e+02
6.867245434870537792e+02,2.962885699999999929e+02
6.868054987373582208e+02,2.962885699999999929e+02
6.868844448077217066e+02,2.962885699999999929e+02
6.869674836909870237e+02,2.962885699999999929e+02
6.870443461283897477e+02,2.962885699999999929e+02
6.871253503830830596e+02,2.962885699999999929e+02
6.872042474490576751e+02,2.962885699999999929e+02
6.872917517300612644e+02,2.962885699999999929e+02
6.873641487697257162e+02,2.962885699999999929e+02
6.874452020288077847e+02,2.962885699999999929e+02
6.875240500903937573e+02,2.962885699999999929e+02
6.876073830901286783e+02,2.962885699999999929e+02
6.876839514110616847e+02,2.962885699999999929e+02
6.877650536745326235e+02,2.962885699999999929e+02
6.878438527317297257e+02,2.962885699999999929e+02
6.879604310344826672e+02,3.988143299999999840e+02
6.880037540523976531e+02,3.988143299999999840e+02
6.880849053202574623e+02,3.988143299999999840e+02
6.881636553730656942e+02,3.988143299999999840e+02
6.882472824892703329e+02,3.988143299999999840e+02
6.883235566937337353e+02,3.988143299999999840e+02
6.884047569659821875e+02,3.988143299999999840e+02
6.884834580144016627e+02,3.988143299999999840e+02
6.885723356809814959e+02,3.988143299999999840e+02
6.886433593350697038e+02,3.988143299999999840e+02
6.887246086117070263e+02,3.988143299999999840e+02
6.888032606557376312e+02,3.988143299999999840e+02
6.888871818884119875e+02,3.988143299999999840e+02
6.889631619764056722e+02,3.988143299999999840e+02
6.890444602574317514e+02,3.988143299999999840e+02
6.891230632970737133e+02,3.988143299999999840e+02
6.892236400491400445e+02,3.988143299999999840e+02
6.892829646177416407e+02,3.988143299999999840e+02
6.893643119031565902e+02,3.988143299999999840e+02
6.894428659384096818e+02,3.988143299999999840e+02
6.895270812875536421e+02,3.988143299999999840e+02
6.896027672590776092e+02,3.988143299999999840e+02
6.896841635488814291e+02,3.988143299999999840e+02
6.897626685797456503e+02,3.988143299999999840e+02
6.898529196319017274e+02,3.988143299999999840e+02
6.899225699004135777e+02,3.988143299999999840e+02
6.900040151946061542e+02,3.988143299999999840e+02
6.900824712210816188e+02,3.988143299999999840e+02
6.901669806866951831e+02,3.988143299999999840e+02
6.902423725417496598e+02,3.988143299999999840e+02
6.903238668403309930e+02,3.988143299999999840e+02
6.904022738624175872e+02,3.988143299999999840e+02
7.687276000000000522e+02,3.060029299999999921e+02
6.905621751830856283e+02,3.978467999999999734e+02
6.906437184860557181e+02,3.978467999999999734e+02
6.907220765037535557e+02,3.978467999999999734e+02
6.908068800858368377e+02,3.978467999999999734e+02
6.908819778244215968e+02,3.978467999999999734e+02
6.909635701317805569e+02,3.978467999999999734e+02
6.910418791450896379e+02,3.978467999999999734e+02
6.911335035828219588e+02,3.978467999999999734e+02
6.912017804657575653e+02,3.978467999999999734e+02
6.912834217775053958e+02,3.978467999999999734e+02
6.913616817864256063e+02,3.978467999999999734e+02
6.914467794849784923e+02,3.978467999999999734e+02
6.915215831070935337e+02,3.978467999999999734e+02
6.916032734232301209e+02,3.978467999999999734e+02
6.916814844277615748e+02,3.978467999999999734e+02
6.917879543488943455e+02,3.978467999999999734e+02
6.918413857484296159e+02,3.978467999999999734e+02
6.919231250689549597e+02,3.978467999999999734e+02
6.920012870690975433e+02,3.978467999999999734e+02
6.920866788841201469e+02,3.977612300000000118e+02
6.921611883897655844e+02,3.977612300000000118e+02
6.922429767146796848e+02,3.977612300000000118e+02
6.923210897104335118e+02,3.977612300000000118e+02
6.924140875337421903e+02,3.977612300000000118e+02
6.924809910311015528e+02,3.977612300000000118e+02
6.925628283604045237e+02,3.977612300000000118e+02
6.926408923517694802e+02,3.977612300000000118e+02
6.927265782832616878e+02,3.977612300000000118e+02
6.928007936724375213e+02,3.977612300000000118e+02
6.928826800061292488e+02,3.977612300000000118e+02
6.929606949931055624e+02,3.977612300000000118e+02
6.931016917241378223e+02,3.977612300000000118e+02
6.931205963137734898e+02,3.977612300000000118e+02
6.932025316518540876e+02,3.977612300000000118e+02
6.932804976344415309e+02,3.977612300000000118e+02
6.933664776824033424e+02,3.977612300000000118e+02
6.934403989551094583e+02,3.977612300000000118e+02
6.935223832975789264e+02,3.977612300000000118e+02
6.936003002757774993e+02,3.977612300000000118e+02
6.936946714846625355e+02,3.977612300000000118e+02
6.937602015964455404e+02,3.977612300000000118e+02
6.938422349433036516e+02,3.977612300000000118e+02
6.939201029171134678e+02,3.977612300000000118e+02
6.940063770815449971e+02,3.977612300000000118e+02
6.940800042377815089e+02,3.977612300000000118e+02
6.941620865890284904e+02,3.977612300000000118e+02
6.942399055584494363e+02,3.977612300000000118e+02
6.943522686486486464e+02,3.977612300000000118e+02
6.943998068791174774e+02,3.977612300000000118e+02
6.944819382347532155e+02,3.977612300000000118e+02
6.945597081997855184e+02,3.977612300000000118e+02
6.946462764806866517e+02,3.977612300000000118e+02
6.947196095204534458e+02,3.977612300000000118e+02
6.948017898804780543e+02,3.977612300000000118e+02
6.948795108411214869e+02,3.977612300000000118e+02
6.949752554355827669e+02,3.977612300000000118e+02
6.950394121617894143e+02,3.977612300000000118e+02
6.951216415262028931e+02,3.977612300000000118e+02
6.951993134824574554e+02,3.977612300000000118e+02
6.952861758798283063e+02,3.977612300000000118e+02
6.953592148031254965e+02,3.977612300000000118e+02
6.954414931719276183e+02,3.977612300000000118e+02
6.955191161237934239e+02,3.977612300000000118e+02
7.647673999999999523e+02,3.184183300000000258e+02
6.956790174444614649e+02,3.921537000000000148e+02
6.957613448176524571e+02,3.921537000000000148e+02
6.958389187651293923e+02,3.921537000000000148e+02
6.959260752789698472e+02,3.921537000000000148e+02
6.959988200857974334e+02,3.921537000000000148e+02
6.960811964633771822e+02,3.921537000000000148e+02
6.961587214064653608e+02,3.921537000000000148e+02
6.962558393865029984e+02,3.921537000000000148e+02
6.963186227271334019e+02,3.921537000000000148e+02
6.964010481091020210e+02,3.921537000000000148e+02
6.964785240478014430e+02,3.921537000000000148e+02
6.965659746781115018e+02,3.921537000000000148e+02
6.966384253684693704e+02,3.921537000000000148e+02
6.967208997548268599e+02,3.921537000000000148e+02
6.967983266891374114e+02,3.921537000000000148e+02
6.969165829484029473e+02,3.921537000000000148e+02
6.969582280098053388e+02,3.921537000000000148e+02
6.970407514005515850e+02,3.921537000000000148e+02
6.971181293304733799e+02,3.921537000000000148e+02
6.972058740772531564e+02,3.921537000000000148e+02
6.972780306511414210e+02,3.921537000000000148e+02
6.973606030462764238e+02,3.921537000000000148e+02
6.974379319718093484e+02,3.921537000000000148e+02
6.975364233374232299e+02,3.921537000000000148e+02
6.975978332924773895e+02,3.921537000000000148e+02
6.976804546920011489e+02,3.921537000000000148e+02
6.977577346131453169e+02,3.921537000000000148e+02
6.978457734763948110e+02,3.921537000000000148e+02
6.979176359338133580e+02,3.921537000000000148e+02
6.980003063377259878e+02,3.921537000000000148e+02
6.980775372544813990e+02,3.921537000000000148e+02
6.982429524137930912e+02,3.921537000000000148e+02
6.982374385751493264e+02,3.921537000000000148e+02
6.983201579834508266e+02,3.921537000000000148e+02
6.983973398958173675e+02,3.921537000000000148e+02
6.984856728755364657e+02,3.921537000000000148e+02
6.985572412164852949e+02,3.921537000000000148e+02
6.986400096291755517e+02,3.921537000000000148e+02
6.987171425371533360e+02,3.921537000000000148e+02
6.988170072883434614e+02,3.921537000000000148e+02
6.988770438578212634e+02,3.921537000000000148e+02
6.989598612749003905e+02,3.921537000000000148e+02
6.990369451784893045e+02,3.921537000000000148e+02
6.991255722746780066e+02,3.921537000000000148e+02
6.991968464991573455e+02,3.921537000000000148e+02
6.992797129206251157e+02,3.921537000000000148e+02
6.993567478198252729e+02,3.921537000000000148e+02
6.994808972481572482e+02,3.921537000000000148e+02
6.995166491404933140e+02,3.921537000000000148e+02
6.995995645663499545e+02,3.921537000000000148e+02
6.996765504611612414e+02,3.921537000000000148e+02
6.997654716738196612e+02,3.921537000000000148e+02
6.998364517818292825e+02,3.921537000000000148e+02
6.999194162120747933e+02,3.921537000000000148e+02
6.999963531024973236e+02,3.921537000000000148e+02
7.000975912392636928e+02,3.921537000000000148e+02
7.001562544231652510e+02,3.921537000000000148e+02
7.002392678577995184e+02,3.921537000000000148e+02
7.003161557438332920e+02,3.921537000000000148e+02
7.004053710729613158e+02,3.921537000000000148e+02
7.004760570645012194e+02,3.921537000000000148e+02
7.005591195035243572e+02,3.921537000000000148e+02
7.006359583851692605e+02,3.921537000000000148e+02
7.532349000000000387e+02,3.348388699999999858e+02
7.007958597058373016e+02,3.921537000000000148e+02
7.008789711492490824e+02,3.921537000000000148e+02
7.009557610265052290e+02,3.921537000000000148e+02
7.010452704721029704e+02,3.921537000000000148e+02
7.011156623471732701e+02,3.921537000000000148e+02
7.011988227949739212e+02,3.921537000000000148e+02
7.012755636678411975e+02,3.921537000000000148e+02
7.013781751901839243e+02,3.921537000000000148e+02
7.014354649885092385e+02,3.921537000000000148e+02
7.015186744406987600e+02,3.921537000000000148e+02
7.015953663091772796e+02,3.921537000000000148e+02
7.016851698712446250e+02,3.921537000000000148e+02
7.017552676298452070e+02,3.921537000000000148e+02
7.018385260864234851e+02,3.921537000000000148e+02
7.019151689505132481e+02,3.921537000000000148e+02
7.020452115479115491e+02,3.921537000000000148e+02
7.020750702711811755e+02,3.921537000000000148e+02
7.021583777321483240e+02,3.921537000000000148e+02
7.022349715918492166e+02,3.921537000000000148e+02
7.023250692703861660e+02,3.921537000000000148e+02
7.023948729125171440e+02,3.921537000000000148e+02
7.024782293778730491e+02,3.921537000000000148e+02
7.025547742331851850e+02,3.921537000000000148e+02
7.026587591411041558e+02,3.921537000000000148e+02
7.027146755538532261e+02,3.921537000000000148e+02
7.027980810235978879e+02,3.921537000000000148e+02
7.028745768745211535e+02,3.921537000000000148e+02
7.029649686695278206e+02,3.921537000000000148e+02
7.030344781951891946e+02,3.921537000000000148e+02
7.031179326693227267e+02,3.921537000000000148e+02
7.031943795158571220e+02,3.921537000000000148e+02
7.033842131034482463e+02,3.921537000000000148e+02
7.033542808365251631e+02,3.921537000000000148e+02
7.034377843150474519e+02,3.921537000000000148e+02
7.035141821571932041e+02,3.921537000000000148e+02
7.036048680686694752e+02,3.921537000000000148e+02
7.036740834778611315e+02,3.921537000000000148e+02
7.037576359607722907e+02,3.921537000000000148e+02
7.038339847985291726e+02,3.921537000000000148e+02
7.039393430920245009e+02,3.921537000000000148e+02
7.039938861191971000e+02,3.921537000000000148e+02
7.040774876064970158e+02,3.921537000000000148e+02
7.041537874398651411e+02,3.921537000000000148e+02
7.042447674678111298e+02,3.921537000000000148e+02
7.043136887605331822e+02,3.921537000000000148e+02
7.043973392522218546e+02,3.921537000000000148e+02
7.044735900812011096e+02,3.921537000000000148e+02
7.046095258476658501e+02,3.921537000000000148e+02
7.046334914018691506e+02,3.921537000000000148e+02
7.047171908979466934e+02,3.921537000000000148e+02
7.047933927225370780e+02,3.921537000000000148e+02
7.048846668669527844e+02,3.921537000000000148e+02
7.049532940432051191e+02,3.921537000000000148e+02
7.050370425436714186e+02,3.921537000000000148e+02
7.051131953638731602e+02,3.921537000000000148e+02
7.052199270429447324e+02,3.921537000000000148e+02
7.052730966845410876e+02,3.921537000000000148e+02
7.053568941893962574e+02,3.921537000000000148e+02
7.054329980052091287e+02,3.921537000000000148e+02
7.055245662660943253e+02,3.921537000000000148e+02
7.055928993258770561e+02,3.921537000000000148e+02
7.056767458351209825e+02,3.921537000000000148e+02
7.057528006465450972e+02,3.921537000000000148e+02
7.292630599999999959e+02,3.627657500000000255e+02
7.059127019672130245e+02,3.463925800000000095e+02
7.059965974808458213e+02,3.463925800000000095e+02
7.060726032878810656e+02,3.463925800000000095e+02
7.061644656652359799e+02,3.463925800000000095e+02
7.062325046085491067e+02,3.463925800000000095e+02
7.063164491265706602e+02,3.463925800000000095e+02
7.063924059292170341e+02,3.463925800000000095e+02
7.065005109938649639e+02,3.463925800000000095e+02
7.065523072498850752e+02,3.463925800000000095e+02
7.066363007722953853e+02,3.463925800000000095e+02
7.067122085705530026e+02,3.463925800000000095e+02
7.068043650643776346e+02,3.463925800000000095e+02
7.068721098912210437e+02,3.463925800000000095e+02
7.069561524180202241e+02,3.463925800000000095e+02
7.070320112118890847e+02,3.463925800000000095e+02
7.071738401474200373e+02,3.463925800000000095e+02
7.071919125325570121e+02,3.463925800000000095e+02
7.072760040637449492e+02,3.463925800000000095e+02
7.073518138532250532e+02,3.463925800000000095e+02
7.074442644635192892e+02,3.463925800000000095e+02
7.075117151738929806e+02,3.463925800000000095e+02
7.075958557094697881e+02,3.463925800000000095e+02
7.076716164945610217e+02,3.463925800000000095e+02
7.077810949447851954e+02,3.463925800000000095e+02
7.078315178152290628e+02,3.463925800000000095e+02
7.079157073551946269e+02,3.463925800000000095e+02
7.079914191358969902e+02,3.463925800000000095e+02
7.080841638626608301e+02,3.463925800000000095e+02
7.081513204565650312e+02,3.463925800000000095e+02
7.082355590009193520e+02,3.463925800000000095e+02
7.083112217772329586e+02,3.463925800000000095e+02
7.085254737931034015e+02,3.463925800000000095e+02
7.084711230979009997e+02,3.463925800000000095e+02
7.085554106466441908e+02,3.463925800000000095e+02
7.086310244185689271e+02,3.463925800000000095e+02
7.087240632618024847e+02,3.463925800000000095e+02
7.087909257392369682e+02,3.463925800000000095e+02
7.088752622923689160e+02,3.463925800000000095e+02
7.089508270599050093e+02,3.463925800000000095e+02
7.090616788957054268e+02,3.463925800000000095e+02
7.091107283805729367e+02,3.463925800000000095e+02
7.091951139380937548e+02,3.463925800000000095e+02
7.092706297012409777e+02,3.463925800000000095e+02
7.093639626609441393e+02,3.463925800000000095e+02
7.094305310219089051e+02,3.463925800000000095e+02
7.095149655838185936e+02,3.463925800000000095e+02
7.095904323425769462e+02,3.463925800000000095e+02
7.097381544471743382e+02,3.823563199999999824e+02
7.097503336632449873e+02,3.823563199999999824e+02
7.098348172295433187e+02,3.823563199999999824e+02
7.099102349839129147e+02,3.823563199999999824e+02
7.100038620600857939e+02,3.823563199999999824e+02
7.100701363045809558e+02,3.823563199999999824e+02
7.101546688752681575e+02,3.823563199999999824e+02
7.102300376252488832e+02,3.823563199999999824e+02
7.103422628466256583e+02,3.823563199999999824e+02
7.103899389459169242e+02,3.823563199999999824e+02
7.104745205209928827e+02,3.823563199999999824e+02
7.105498402665849653e+02,3.823563199999999824e+02
7.106437614592274485e+02,3.823563199999999824e+02
7.107097415872528927e+02,3.823563199999999824e+02
7.107943721667177215e+02,3.823563199999999824e+02
7.108696429079209338e+02,3.823563199999999824e+02
7.105793999999999642e+02,3.823563199999999824e+02
7.110295442285888612e+02,3.950351600000000190e+02
7.111142238124425603e+02,3.950351600000000190e+02
7.111894455492569023e+02,3.950351600000000190e+02
7.112836608583689895e+02,3.950351600000000190e+02
7.113493468699249433e+02,3.950351600000000190e+02
7.114340754581672854e+02,3.950351600000000190e+02
7.115092481905928707e+02,3.950351600000000190e+02
7.116228467975458898e+02,3.950351600000000190e+02
7.116691495112609118e+02,3.950351600000000190e+02
7.117539271038921243e+02,3.950351600000000190e+02
7.118290508319288392e+02,3.950351600000000190e+02
7.119235602575106441e+02,3.950351600000000190e+02
7.119889521525968803e+02,3.950351600000000190e+02
7.120737787496168494e+02,3.950351600000000190e+02
7.121488534732648077e+02,3.950351600000000190e+02
7.123024687469286391e+02,3.950351600000000190e+02
7.123087547939328488e+02,3.950351600000000190e+02
7.123936303953416882e+02,3.950351600000000190e+02
7.124686561146008899e+02,3.950351600000000190e+02
7.125634596566522987e+02,3.950351600000000190e+02
7.126285574352688172e+02,3.950351600000000190e+02
7.127134820410665270e+02,3.950351600000000190e+02
7.127884587559368583e+02,3.950351600000000190e+02
7.129034307484661213e+02,3.950351600000000190e+02
7.129483600766047857e+02,3.950351600000000190e+02
7.130333336867912521e+02,3.950351600000000190e+02
7.131082613972728268e+02,3.950351600000000190e+02
7.132033590557939533e+02,3.950351600000000190e+02
7.132681627179408679e+02,3.950351600000000190e+02
7.133531853325160910e+02,3.950351600000000190e+02
7.134280640386087953e+02,3.950351600000000190e+02
7.136667344827585566e+02,3.950351600000000190e+02
7.135879653592768364e+02,3.950351600000000190e+02
7.136730369782408161e+02,3.950351600000000190e+02
7.137478666799447637e+02,3.950351600000000190e+02
7.138432584549356079e+02,3.950351600000000190e+02
7.139077680006128048e+02,3.950351600000000190e+02
7.139928886239656549e+02,3.950351600000000190e+02
7.140676693212808459e+02,3.950351600000000190e+02
7.141840146993864664e+02,3.950351600000000190e+02
7.142275706419487733e+02,3.950351600000000190e+02
7.143127402696904937e+02,3.950351600000000190e+02
7.143874719626168144e+02,3.950351600000000190e+02
7.144831578540771488e+02,3.950351600000000190e+02
7.145473732832847418e+02,3.950351600000000190e+02
7.146325919154152189e+02,3.950351600000000190e+02
7.147072746039527829e+02,3.950351600000000190e+02
7.148667830466829400e+02,3.950351600000000190e+02
7.148671759246208239e+02,3.950351600000000190e+02
7.149524435611400577e+02,3.950351600000000190e+02
7.150270772452887513e+02,3.950351600000000190e+02
7.151230572532188035e+02,3.950351600000000190e+02
7.151869785659567924e+02,3.950351600000000190e+02
7.152722952068647828e+02,3.950351600000000190e+02
7.153468798866247198e+02,3.950351600000000190e+02
7.154645986503066979e+02,3.950351600000000190e+02
7.155067812072927609e+02,3.950351600000000190e+02
7.155921468525896216e+02,3.950351600000000190e+02
7.156666825279606883e+02,3.950351600000000190e+02
7.157629566523604581e+02,3.950351600000000190e+02
7.158265838486287294e+02,3.950351600000000190e+02
7.159119984983144604e+02,3.950351600000000190e+02
7.159864851692967704e+02,3.950351600000000190e+02
6.993087000000000444e+02,3.921537000000000148e+02
7.161463864899646978e+02,3.023650000000000091e+02
7.162318501440391856e+02,3.023650000000000091e+02
7.163062878106327389e+02,3.023650000000000091e+02
7.164028560515021127e+02,3.023650000000000091e+02
7.164661891313006663e+02,3.023650000000000091e+02
7.165517017897640244e+02,3.023650000000000091e+02
7.166260904519687074e+02,3.023650000000000091e+02
7.167451826012269294e+02,3.023650000000000091e+02
7.167859917726367485e+02,3.023650000000000091e+02
7.168715534354887495e+02,3.023650000000000091e+02
7.169458930933046759e+02,3.023650000000000091e+02
7.170427554506437673e+02,3.023650000000000091e+02
7.171057944139727169e+02,3.023650000000000091e+02
7.171914050812135883e+02,3.023650000000000091e+02
7.172656957346406443e+02,3.023650000000000091e+02
7.174310973464372410e+02,3.023650000000000091e+02
7.174255970553086854e+02,3.023650000000000091e+02
7.175112567269384272e+02,3.023650000000000091e+02
7.175854983759767265e+02,3.023650000000000091e+02
7.176826548497853082e+02,3.023650000000000091e+02
7.177453996966446539e+02,3.023650000000000091e+02
7.178311083726631523e+02,3.023650000000000091e+02
7.179053010173126950e+02,3.023650000000000091e+02
7.180257665521471608e+02,3.023650000000000091e+02
7.180652023379806224e+02,3.023650000000000091e+02
7.181509600183879911e+02,3.023650000000000091e+02
7.182251036586486634e+02,3.023650000000000091e+02
7.183225542489269628e+02,3.023650000000000091e+02
7.183850049793165908e+02,3.023650000000000091e+02
7.184708116641127162e+02,3.023650000000000091e+02
7.185449062999846319e+02,3.023650000000000091e+02
7.188079951724137118e+02,3.023650000000000091e+02
7.187048076206526730e+02,3.023650000000000091e+02
7.187906633098375551e+02,3.023650000000000091e+02
7.188647089413206004e+02,3.023650000000000091e+02
7.189624536480686174e+02,3.023650000000000091e+02
7.190246102619886415e+02,3.023650000000000091e+02
7.191105149555623939e+02,3.023650000000000091e+02
7.191845115826565689e+02,3.023650000000000091e+02
7.193063505030673923e+02,3.023650000000000091e+02
7.193444129033246099e+02,3.023650000000000091e+02
7.194303666012871190e+02,3.023650000000000091e+02
7.195043142239926510e+02,3.023650000000000091e+02
7.196023530472102721e+02,3.023650000000000091e+02
7.196642155446605784e+02,3.023650000000000091e+02
7.197502182470119578e+02,3.023650000000000091e+02
7.198241168653286195e+02,3.023650000000000091e+02
7.199954116461915419e+02,3.023650000000000091e+02
7.199840181859965469e+02,3.023650000000000091e+02
7.200700698927366830e+02,3.023650000000000091e+02
7.201439195066645880e+02,3.023650000000000091e+02
7.202422524463519267e+02,3.023650000000000091e+02
7.203038208273326291e+02,3.023650000000000091e+02
7.203899215384615218e+02,3.023650000000000091e+02
7.204637221480005564e+02,3.023650000000000091e+02
7.205869344539876238e+02,3.023650000000000091e+02
7.206236234686685975e+02,3.023650000000000091e+02
7.207097731841863606e+02,3.023650000000000091e+02
7.207835247893365249e+02,3.023650000000000091e+02
7.208821518454934676e+02,3.023650000000000091e+02
7.209434261100045660e+02,3.023650000000000091e+02
7.210296248299110857e+02,3.023650000000000091e+02
7.211033274306726071e+02,3.023650000000000091e+02
6.914083000000000538e+02,3.978467999999999734e+02
7.212632287513405345e+02,3.472811300000000188e+02
7.213494764756359245e+02,3.472811300000000188e+02
7.214231300720085756e+02,3.472811300000000188e+02
7.215220512446351222e+02,3.472811300000000188e+02
7.215830313926765029e+02,3.472811300000000188e+02
7.216693281213606497e+02,3.472811300000000188e+02
7.217429327133445440e+02,3.472811300000000188e+02
7.218675184049078553e+02,3.472811300000000188e+02
7.219028340340124714e+02,3.472811300000000188e+02
7.219891797670854885e+02,3.472811300000000188e+02
7.220627353546805125e+02,3.472811300000000188e+02
7.221619506437767768e+02,3.472811300000000188e+02
7.222226366753485536e+02,3.472811300000000188e+02
7.223090314128103273e+02,3.472811300000000188e+02
7.223825379960164810e+02,3.472811300000000188e+02
7.225597259459458428e+02,3.472811300000000188e+02
7.225424393166845221e+02,3.472811300000000188e+02
7.226288830585350524e+02,3.472811300000000188e+02
7.227023406373524494e+02,3.472811300000000188e+02
7.228018500429184314e+02,3.472811300000000188e+02
7.228622419580204905e+02,3.472811300000000188e+02
7.229487347042598913e+02,3.472811300000000188e+02
7.230221432786885316e+02,3.472811300000000188e+02
7.231481023558280867e+02,3.472811300000000188e+02
7.231820445993564590e+02,3.472811300000000188e+02
7.232685863499846164e+02,3.472811300000000188e+02
7.233419459200245001e+02,3.472811300000000188e+02
7.234417494420599724e+02,3.472811300000000188e+02
7.235018472406924275e+02,3.472811300000000188e+02
7.235884379957094552e+02,3.472811300000000188e+02
7.236617485613604686e+02,3.472811300000000188e+02
7.239492558620688669e+02,3.472811300000000188e+02
7.238216498820285096e+02,3.472811300000000188e+02
7.239082896414342940e+02,3.472811300000000188e+02
7.239815512026964370e+02,3.472811300000000188e+02
7.240816488412016270e+02,3.472811300000000188e+02
7.241414525233644781e+02,3.472811300000000188e+02
7.242281412871590192e+02,3.472811300000000188e+02
7.243013538440324055e+02,3.472811300000000188e+02
7.244286863067484319e+02,3.472811300000000188e+02
7.244612551647004466e+02,3.472811300000000188e+02
7.245479929328838580e+02,3.472811300000000188e+02
7.246211564853684877e+02,3.472811300000000188e+02
7.247215482403432816e+02,3.472811300000000188e+02
7.247810578060364151e+02,3.472811300000000188e+02
7.248678445786085831e+02,3.472811300000000188e+02
7.249409591267044561e+02,3.472811300000000188e+02
7.251240402457001437e+02,3.472811300000000188e+02
7.251008604473723835e+02,3.472811300000000188e+02
7.251876962243334219e+02,3.472811300000000188e+02
7.252607617680404246e+02,3.472811300000000188e+02
7.253614476394849362e+02,3.472811300000000188e+02
7.254206630887083520e+02,3.472811300000000188e+02
7.255075478700582607e+02,3.472811300000000188e+02
7.255805644093763931e+02,3.472811300000000188e+02
7.257092702576686634e+02,3.472811300000000188e+02
7.257404657300444342e+02,3.472811300000000188e+02
7.258273995157829859e+02,3.472811300000000188e+02
7.259003670507123616e+02,3.472811300000000188e+02
7.260013470386265908e+02,3.472811300000000188e+02
7.260602683713804026e+02,3.472811300000000188e+02
7.261472511615078247e+02,3.472811300000000188e+02
7.262201696920483300e+02,3.472811300000000188e+02
6.887218000000000302e+02,3.988143299999999840e+02
7.263800710127163711e+02,3.472811300000000188e+02
7.264671028072325498e+02,3.472811300000000188e+02
7.265399723333844122e+02,3.472811300000000188e+02
7.266412464377681317e+02,3.472811300000000188e+02
7.266998736540523396e+02,3.472811300000000188e+02
7.267869544529573886e+02,3.472811300000000188e+02
7.268597749747203807e+02,3.472811300000000188e+02
7.269898542085888948e+02,3.472811300000000188e+02
7.270196762953883081e+02,3.472811300000000188e+02
7.271068060986822275e+02,3.472811300000000188e+02
7.271795776160563491e+02,3.472811300000000188e+02
7.272811458369097863e+02,3.472811300000000188e+02
7.273394789367243902e+02,3.472811300000000188e+02
7.274266577444069526e+02,3.472811300000000188e+02
7.274993802573923176e+02,3.472811300000000188e+02
7.276883545454544446e+02,3.472811300000000188e+02
7.276592815780603587e+02,3.472811300000000188e+02
7.277465093901317914e+02,3.472811300000000188e+02
7.278191828987282861e+02,3.472811300000000188e+02
7.279210452360514410e+02,3.472811300000000188e+02
7.279790842193963272e+02,3.472811300000000188e+02
7.280663610358565165e+02,3.472811300000000188e+02
7.281389855400642546e+02,3.472811300000000188e+02
7.282704381595091263e+02,3.472811300000000188e+02
7.282988868607322956e+02,3.472811300000000188e+02
7.283862126815813554e+02,3.472811300000000188e+02
7.284587881814003367e+02,3.472811300000000188e+02
7.285609446351930956e+02,3.472811300000000188e+02
7.286186895020682641e+02,3.472811300000000188e+02
7.287060643273060805e+02,3.472811300000000188e+02
7.287785908227363052e+02,3.472811300000000188e+02
7.290905165517240221e+02,3.627657500000000255e+02
7.289384921434042326e+02,3.627657500000000255e+02
7.290259159730309193e+02,3.627657500000000255e+02
7.290983934640722737e+02,3.627657500000000255e+02
7.292008440343347502e+02,3.627657500000000255e+02
7.292582947847403148e+02,3.627657500000000255e+02
7.293457676187557581e+02,3.627657500000000255e+02
7.294181961054082421e+02,3.627657500000000255e+02
7.295510221104293578e+02,3.627657500000000255e+02
7.295780974260762832e+02,3.627657500000000255e+02
7.296656192644804833e+02,3.627657500000000255e+02
7.297379987467442106e+02,3.627657500000000255e+02
7.298407434334762911e+02,3.627657500000000255e+02
7.298979000674122517e+02,3.627657500000000255e+02
7.299854709102053221e+02,3.627657500000000255e+02
7.300578013880802928e+02,3.627657500000000255e+02
7.302526688452087456e+02,3.627657500000000255e+02
7.302177027087482202e+02,3.627657500000000255e+02
7.303053225559300472e+02,3.627657500000000255e+02
7.303776040294162613e+02,3.627657500000000255e+02
7.304806428326179457e+02,3.627657500000000255e+02
7.305375053500841886e+02,3.627657500000000255e+02
7.306251742016548860e+02,3.627657500000000255e+02
7.306974066707522297e+02,3.627657500000000255e+02
7.308316060613495893e+02,3.627657500000000255e+02
7.308573079914202708e+02,3.627657500000000255e+02
7.309450258473797248e+02,3.627657500000000255e+02
7.310172093120881982e+02,3.627657500000000255e+02
7.311205422317596003e+02,3.627657500000000255e+02
7.311771106327562393e+02,3.627657500000000255e+02
7.312648774931044500e+02,3.627657500000000255e+02
7.313370119534241667e+02,3.627657500000000255e+02
6.882537999999999556e+02,3.988143299999999840e+02
7.314969132740922078e+02,3.943718299999999886e+02
7.315847291388292888e+02,3.943718299999999886e+02
7.316568145947601352e+02,3.943718299999999886e+02
7.317604416309012549e+02,3.943718299999999886e+02
7.318167159154281762e+02,3.943718299999999886e+02
7.319045807845540139e+02,3.943718299999999886e+02
7.319766172360962173e+02,3.943718299999999886e+02
7.321121900122698207e+02,3.943718299999999886e+02
7.321365185567641447e+02,3.943718299999999886e+02
7.322244324302788527e+02,3.943718299999999886e+02
7.322964198774321858e+02,3.943718299999999886e+02
7.324003410300429096e+02,3.943718299999999886e+02
7.324563211981001132e+02,3.943718299999999886e+02
7.325442840760036916e+02,3.943718299999999886e+02
7.326162225187681543e+02,3.943718299999999886e+02
7.328169831449630465e+02,3.943718299999999886e+02
7.327761238394361953e+02,3.943718299999999886e+02
7.328641357217284167e+02,3.943718299999999886e+02
7.329360251601041227e+02,3.943718299999999886e+02
7.330402404291844505e+02,3.943718299999999886e+02
7.330959264807721638e+02,3.943718299999999886e+02
7.331839873674532555e+02,3.943718299999999886e+02
7.332558278014400912e+02,3.943718299999999886e+02
7.333927739631900522e+02,3.943718299999999886e+02
7.334157291221081323e+02,3.943718299999999886e+02
7.335038390131779806e+02,3.943718299999999886e+02
7.335756304427761734e+02,3.943718299999999886e+02
7.336801398283261051e+02,3.943718299999999886e+02
7.337355317634441008e+02,3.943718299999999886e+02
7.338236906589028195e+02,3.943718299999999886e+02
7.338954330841121418e+02,3.943718299999999886e+02
7.342317772413792909e+02,3.943718299999999886e+02
7.340553344047800692e+02,3.943718299999999886e+02
7.341435423046276583e+02,3.943718299999999886e+02
7.342152357254481103e+02,3.943718299999999886e+02
7.343200392274677597e+02,3.943718299999999886e+02
7.343751370461160377e+02,3.943718299999999886e+02
7.344633939503523834e+02,3.943718299999999886e+02
7.345350383667840788e+02,3.943718299999999886e+02
7.346733579141102837e+02,3.943718299999999886e+02
7.346949396874521199e+02,3.943718299999999886e+02
7.347832455960772222e+02,3.943718299999999886e+02
7.348548410081200473e+02,3.943718299999999886e+02
7.349599386266094143e+02,3.943718299999999886e+02
7.350147423287880883e+02,3.943718299999999886e+02
7.351030972418019473e+02,3.943718299999999886e+02
7.351746436494560157e+02,3.943718299999999886e+02
7.353812974447173474e+02,3.943718299999999886e+02
7.353345449701240568e+02,3.943718299999999886e+02
7.354229488875267862e+02,3.943718299999999886e+02
7.354944462907920979e+02,3.943718299999999886e+02
7.355998380257509552e+02,3.943718299999999886e+02
7.356543476114600253e+02,3.943718299999999886e+02
7.357428005332516250e+02,3.943718299999999886e+02
7.358142489321280664e+02,3.943718299999999886e+02
7.359539418650306288e+02,3.943718299999999886e+02
7.359741502527959938e+02,3.943718299999999886e+02
7.360626521789763501e+02,3.943718299999999886e+02
7.361340515734640348e+02,3.943718299999999886e+02
7.362397374248926099e+02,3.943718299999999886e+02
7.362939528941320759e+02,3.943718299999999886e+02
7.363825038247011889e+02,3.943718299999999886e+02
7.364538542148000033e+02,3.943718299999999886e+02
6.923082000000000562e+02,3.977612300000000118e+02
7.366137555354680444e+02,3.049005000000000223e+02
7.367023554704259141e+02,3.049005000000000223e+02
7.367736568561359718e+02,3.049005000000000223e+02
7.368796368240342645e+02,3.049005000000000223e+02
7.369335581768040129e+02,3.049005000000000223e+02
7.370222071161507529e+02,3.049005000000000223e+02
7.370934594974720540e+02,3.049005000000000223e+02
7.372345258159508603e+02,3.049005000000000223e+02
7.372533608181399813e+02,3.049005000000000223e+02
7.373420587618755917e+02,3.049005000000000223e+02
7.374132621388080224e+02,3.049005000000000223e+02
7.375195362231759191e+02,3.049005000000000223e+02
7.375731634594759498e+02,3.049005000000000223e+02
7.376619104076003168e+02,3.049005000000000223e+02
7.377330647801439909e+02,3.049005000000000223e+02
7.379456117444716483e+02,3.049005000000000223e+02
7.378929661008119183e+02,3.049005000000000223e+02
7.379817620533251556e+02,3.049005000000000223e+02
7.380528674214799594e+02,3.049005000000000223e+02
7.381594356223175737e+02,3.049005000000000223e+02
7.382127687421480005e+02,3.049005000000000223e+02
7.383016136990498808e+02,3.049005000000000223e+02
7.383726700628159278e+02,3.049005000000000223e+02
7.385151097668710918e+02,3.049005000000000223e+02
7.385325713834839689e+02,3.049005000000000223e+02
7.386214653447747196e+02,3.049005000000000223e+02
7.386924727041518963e+02,3.049005000000000223e+02
7.387993350214591146e+02,3.049005000000000223e+02
7.388523740248199374e+02,3.049005000000000223e+02
7.389413169904995584e+02,3.049005000000000223e+02
7.390122753454879785e+02,3.049005000000000223e+02
7.393730379310344460e+02,3.049005000000000223e+02
7.391721766661559059e+02,3.049005000000000223e+02
7.392611686362242835e+02,3.049005000000000223e+02
7.393320779868239470e+02,3.049005000000000223e+02
7.394392344206007692e+02,3.049005000000000223e+02
7.394919793074918744e+02,3.049005000000000223e+02
7.395810202819491224e+02,3.049005000000000223e+02
7.396518806281599154e+02,3.049005000000000223e+02
7.397956937177913233e+02,3.049005000000000223e+02
7.398117819488279565e+02,3.049005000000000223e+02
7.399008719276738475e+02,3.049005000000000223e+02
7.399716832694958839e+02,3.049005000000000223e+02
7.400791338197424238e+02,3.049005000000000223e+02
7.401315845901639250e+02,3.049005000000000223e+02
7.402207235733986863e+02,3.049005000000000223e+02
7.402914859108318524e+02,3.049005000000000223e+02
7.405099260442259492e+02,3.049005000000000223e+02
7.404513872314998935e+02,3.049005000000000223e+02
7.405405752191235251e+02,3.049005000000000223e+02
7.406112885521679345e+02,3.049005000000000223e+02
7.407190332188840785e+02,3.049005000000000223e+02
7.407711898728358619e+02,3.049005000000000223e+02
7.408604268648482503e+02,3.049005000000000223e+02
7.409310911935039030e+02,3.049005000000000223e+02
7.410762776687115547e+02,3.049005000000000223e+02
7.410909925141718304e+02,3.049005000000000223e+02
7.411802785105730891e+02,3.049005000000000223e+02
7.412508938348398715e+02,3.049005000000000223e+02
7.413589326180257331e+02,3.049005000000000223e+02
7.414107951555077989e+02,3.049005000000000223e+02
7.415001301562978142e+02,3.049005000000000223e+02
7.415706964761758400e+02,3.049005000000000223e+02
7.144059399999999869e+02,3.950351600000000190e+02
7.417305977968438810e+02,2.584307999999999765e+02
7.418199818020226530e+02,2.584307999999999765e+02
7.418904991175118084e+02,2.584307999999999765e+02
7.419988320171672740e+02,2.584307999999999765e+02
7.420504004381798495e+02,2.584307999999999765e+02
7.421398334477474918e+02,2.584307999999999765e+02
7.422103017588477769e+02,2.584307999999999765e+02
7.423568616196317862e+02,2.584307999999999765e+02
7.423702030795158180e+02,2.584307999999999765e+02
7.424596850934722170e+02,2.584307999999999765e+02
7.425301044001838591e+02,2.584307999999999765e+02
7.426387314163089286e+02,2.584307999999999765e+02
7.426900057208517865e+02,2.584307999999999765e+02
7.427795367391970558e+02,2.584307999999999765e+02
7.428499070415198275e+02,2.584307999999999765e+02
7.430742403439802501e+02,2.584307999999999765e+02
7.430098083621877549e+02,2.584307999999999765e+02
7.430993883849217809e+02,2.584307999999999765e+02
7.431697096828557960e+02,2.584307999999999765e+02
7.432786308154505832e+02,2.584307999999999765e+02
7.433296110035238371e+02,2.584307999999999765e+02
7.434192400306466197e+02,2.584307999999999765e+02
7.434895123241917645e+02,2.584307999999999765e+02
7.436374455705520177e+02,2.584307999999999765e+02
7.436494136448598056e+02,2.584307999999999765e+02
7.437390916763714586e+02,2.584307999999999765e+02
7.438093149655277330e+02,2.584307999999999765e+02
7.439185302145922378e+02,2.584307999999999765e+02
7.439692162861957740e+02,2.584307999999999765e+02
7.440589433220961837e+02,2.584307999999999765e+02
7.441291176068637014e+02,2.584307999999999765e+02
7.445142986206896012e+02,2.584307999999999765e+02
7.442890189275317425e+02,2.584307999999999765e+02
7.443787949678210225e+02,2.584307999999999765e+02
7.444489202481997836e+02,2.584307999999999765e+02
7.445584296137338924e+02,2.584307999999999765e+02
7.446088215688677110e+02,2.584307999999999765e+02
7.446986466135457476e+02,2.584307999999999765e+02
7.447687228895357521e+02,2.584307999999999765e+02
7.449180295214722491e+02,2.584307999999999765e+02
7.449286242102036795e+02,2.584307999999999765e+02
7.450184982592705865e+02,2.584307999999999765e+02
7.450885255308717205e+02,2.584307999999999765e+02
7.451983290128754334e+02,2.584307999999999765e+02
7.452484268515397616e+02,2.584307999999999765e+02
7.453383499049954253e+02,2.584307999999999765e+02
7.454083281722076890e+02,2.584307999999999765e+02
7.456385546437345511e+02,2.584307999999999765e+02
7.455682294928757301e+02,2.584307999999999765e+02
7.456582015507201504e+02,2.584307999999999765e+02
7.457281308135436575e+02,2.584307999999999765e+02
7.458382284120170880e+02,2.584307999999999765e+02
7.458880321342116986e+02,2.584307999999999765e+02
7.459780531964449892e+02,2.584307999999999765e+02
7.460479334548797397e+02,2.584307999999999765e+02
7.461986134723925943e+02,2.584307999999999765e+02
7.462078347755476670e+02,2.584307999999999765e+02
7.462979048421697144e+02,2.584307999999999765e+02
7.463677360962157081e+02,2.584307999999999765e+02
7.464781278111587426e+02,2.584307999999999765e+02
7.465276374168836355e+02,2.584307999999999765e+02
7.466177564878945532e+02,2.584307999999999765e+02
7.466875387375516766e+02,2.584307999999999765e+02
7.355151399999999740e+02,3.943718299999999886e+02
7.468474400582197177e+02,3.348388699999999858e+02
7.469376081336193920e+02,3.348388699999999858e+02
7.470073413788876451e+02,3.348388699999999858e+02
7.471180272103003972e+02,3.348388699999999858e+02
7.471672426995556862e+02,3.348388699999999858e+02
7.472574597793441171e+02,3.348388699999999858e+02
7.473271440202236136e+02,3.348388699999999858e+02
7.474791974233128258e+02,3.348388699999999858e+02
7.474870453408916546e+02,3.348388699999999858e+02
7.475773114250689559e+02,3.348388699999999858e+02
7.476469466615595820e+02,3.348388699999999858e+02
7.477579266094420518e+02,3.348388699999999858e+02
7.478068479822276231e+02,3.348388699999999858e+02
7.478971630707936811e+02,3.348388699999999858e+02
7.479667493028956642e+02,3.348388699999999858e+02
7.482028689434888520e+02,3.348388699999999858e+02
7.481266506235635916e+02,3.348388699999999858e+02
7.482170147165185199e+02,3.348388699999999858e+02
7.482865519442316327e+02,3.348388699999999858e+02
7.483978260085835927e+02,3.348388699999999858e+02
7.484464532648995601e+02,3.348388699999999858e+02
7.485368663622433587e+02,3.348388699999999858e+02
7.486063545855676011e+02,3.348388699999999858e+02
7.487597813742330572e+02,3.348388699999999858e+02
7.487662559062356422e+02,3.348388699999999858e+02
7.488567180079680838e+02,3.348388699999999858e+02
7.489261572269035696e+02,3.348388699999999858e+02
7.490377254077252474e+02,3.348388699999999858e+02
7.490860585475716107e+02,3.348388699999999858e+02
7.491765696536929227e+02,3.348388699999999858e+02
7.492459598682395381e+02,3.348388699999999858e+02
7.496555593103447563e+02,3.348388699999999858e+02
7.494058611889075792e+02,3.348388699999999858e+02
7.494964212994176478e+02,3.348388699999999858e+02
7.495657625095756202e+02,3.348388699999999858e+02
7.496776248068669020e+02,3.348388699999999858e+02
7.497256638302435476e+02,3.348388699999999858e+02
7.498162729451424866e+02,3.348388699999999858e+02
7.498855651509115887e+02,3.348388699999999858e+02
7.500403653251532887e+02,3.348388699999999858e+02
7.500454664715795161e+02,3.348388699999999858e+02
7.501361245908673254e+02,3.348388699999999858e+02
7.502053677922475572e+02,3.348388699999999858e+02
7.503175242060085566e+02,3.348388699999999858e+02
7.503652691129155983e+02,3.348388699999999858e+02
7.504559762365920506e+02,3.348388699999999858e+02
7.505251704335835257e+02,3.348388699999999858e+02
7.507671832432431529e+02,3.348388699999999858e+02
7.506850717542515667e+02,3.348388699999999858e+02
7.507758278823168894e+02,3.348388699999999858e+02
7.508449730749194941e+02,3.348388699999999858e+02
7.509574236051500975e+02,3.348388699999999858e+02
7.510048743955875352e+02,3.348388699999999858e+02
7.510956795280416145e+02,3.348388699999999858e+02
7.511647757162554626e+02,3.348388699999999858e+02
7.513209492760735202e+02,3.348388699999999858e+02
7.513246770369235037e+02,3.348388699999999858e+02
7.514155311737664533e+02,3.348388699999999858e+02
7.514845783575915448e+02,3.348388699999999858e+02
7.515973230042917521e+02,3.348388699999999858e+02
7.516444796782594722e+02,3.348388699999999858e+02
7.517353828194912921e+02,3.348388699999999858e+02
7.518043809989275132e+02,3.348388699999999858e+02
7.605105600000000550e+02,3.956142600000000016e+02
7.519642823195954406e+02,3.348388699999999858e+02
7.520552344652160173e+02,3.348388699999999858e+02
7.521241836402634817e+02,3.348388699999999858e+02
7.522372224034334067e+02,3.348388699999999858e+02
7.522840849609315228e+02,3.348388699999999858e+02
7.523750861109408561e+02,3.348388699999999858e+02
7.524439862815994502e+02,3.348388699999999858e+02
7.526015332269937517e+02,3.348388699999999858e+02
7.526038876022674913e+02,3.348388699999999858e+02
7.526949377566655812e+02,3.348388699999999858e+02
7.527637889229354187e+02,3.348388699999999858e+02
7.528771218025750613e+02,3.348388699999999858e+02
7.529236902436034597e+02,3.348388699999999858e+02
7.530147894023904200e+02,3.348388699999999858e+02
7.530835915642715008e+02,3.348388699999999858e+02
7.533314975429974538e+02,3.348388699999999858e+02
7.532434928849394282e+02,3.348388699999999858e+02
7.533346410481152589e+02,3.348388699999999858e+02
7.534033942056074693e+02,3.348388699999999858e+02
7.535170212017167160e+02,3.348388699999999858e+02
7.535632955262753967e+02,3.348388699999999858e+02
7.536544926938399840e+02,3.348388699999999858e+02
7.537231968469434378e+02,3.348388699999999858e+02
7.538821171779139831e+02,3.348388699999999858e+02
7.538830981676113652e+02,3.348388699999999858e+02
7.539743443395648228e+02,3.348388699999999858e+02
7.540429994882794063e+02,3.348388699999999858e+02
7.541569206008582569e+02,3.348388699999999858e+02
7.542029008089474473e+02,3.348388699999999858e+02
7.542941959852895479e+02,3.348388699999999858e+02
7.543628021296153747e+02,3.348388699999999858e+02
7.547968199999999115e+02,3.348388699999999858e+02
7.545227034502834158e+02,3.348388699999999858e+02
7.546140476310143868e+02,3.348388699999999858e+02
7.546826047709513432e+02,3.348388699999999858e+02
7.547968199999999115e+02,3.348388699999999858e+02
7.548425060916193843e+02,3.348388699999999858e+02
7.549338992767392256e+02,3.348388699999999858e+02
7.550024074122874254e+02,3.348388699999999858e+02
7.551627011288342146e+02,3.348388699999999858e+02
7.551623087329553528e+02,3.348388699999999858e+02
7.552537509224639507e+02,3.348388699999999858e+02
7.553222100536233938e+02,3.348388699999999858e+02
7.554367193991415661e+02,3.348388699999999858e+02
7.554821113742913212e+02,3.348388699999999858e+02
7.555736025681887895e+02,3.348388699999999858e+02
7.556420126949593623e+02,3.348388699999999858e+02
7.558958118427517547e+02,3.046329299999999876e+02
7.558019140156274034e+02,3.046329299999999876e+02
7.558934542139135146e+02,3.046329299999999876e+02
7.559618153362953308e+02,3.046329299999999876e+02
7.560766187982832207e+02,3.046329299999999876e+02
7.561217166569633719e+02,3.046329299999999876e+02
7.562133058596383535e+02,3.046329299999999876e+02
7.562816179776312993e+02,3.046329299999999876e+02
7.564432850797545598e+02,3.046329299999999876e+02
7.564415192982993403e+02,3.046329299999999876e+02
7.565331575053631923e+02,3.046329299999999876e+02
7.566014206189673814e+02,3.046329299999999876e+02
7.567165181974248753e+02,3.046329299999999876e+02
7.567613219396353088e+02,3.046329299999999876e+02
7.568530091510879174e+02,3.046329299999999876e+02
7.569212232603033499e+02,3.046329299999999876e+02
7.836153600000000097e+02,3.996280499999999734e+02
7.570811245809712773e+02,3.486243999999999801e+02
7.571728607968127562e+02,3.486243999999999801e+02
7.572410259016393184e+02,3.486243999999999801e+02
7.573564175965664163e+02,3.486243999999999801e+02
7.574009272223072458e+02,3.486243999999999801e+02
7.574927124425374814e+02,3.486243999999999801e+02
7.575608285429752868e+02,3.486243999999999801e+02
7.577238690306747912e+02,3.486243999999999801e+02
7.577207298636433279e+02,3.486243999999999801e+02
7.578125640882623202e+02,3.486243999999999801e+02
7.578806311843112553e+02,3.486243999999999801e+02
7.579963169957080709e+02,3.486243999999999801e+02
7.580405325049792964e+02,3.486243999999999801e+02
7.581324157339871590e+02,3.486243999999999801e+02
7.582004338256472238e+02,3.486243999999999801e+02
7.584601261425060557e+02,3.486243999999999801e+02
7.583603351463152649e+02,3.486243999999999801e+02
7.584522673797118841e+02,3.486243999999999801e+02
7.585202364669833059e+02,3.486243999999999801e+02
7.586362163948497255e+02,3.486243999999999801e+02
7.586801377876512333e+02,3.486243999999999801e+02
7.587721190254367229e+02,3.486243999999999801e+02
7.588400391083192744e+02,3.486243999999999801e+02
7.590044529815950227e+02,3.486243999999999801e+02
7.589999404289872018e+02,3.486243999999999801e+02
7.590919706711614481e+02,3.486243999999999801e+02
7.591598417496552429e+02,3.486243999999999801e+02
7.592761157939913801e+02,3.486243999999999801e+02
7.593197430703232840e+02,3.486243999999999801e+02
7.594118223168862869e+02,3.486243999999999801e+02
7.594796443909912114e+02,3.486243999999999801e+02
7.599380806896550666e+02,3.486243999999999801e+02
7.596395457116592524e+02,3.486243999999999801e+02
7.597316739626111257e+02,3.486243999999999801e+02
7.597994470323271798e+02,3.486243999999999801e+02
7.599160151931330347e+02,3.486243999999999801e+02
7.599593483529952209e+02,3.486243999999999801e+02
7.600515256083358508e+02,3.486243999999999801e+02
7.601192496736632620e+02,3.486243999999999801e+02
7.602850369325152542e+02,3.956142600000000016e+02
7.602791509943311894e+02,3.956142600000000016e+02
7.603713772540606897e+02,3.956142600000000016e+02
7.604390523149992305e+02,3.956142600000000016e+02
7.605559145922745756e+02,3.956142600000000016e+02
7.605989536356671579e+02,3.956142600000000016e+02
7.606912288997854148e+02,3.956142600000000016e+02
7.607588549563351989e+02,3.956142600000000016e+02
7.610244404422603566e+02,3.956142600000000016e+02
7.609187562770031263e+02,3.956142600000000016e+02
7.610110805455102536e+02,3.956142600000000016e+02
7.610786575976711674e+02,3.956142600000000016e+02
7.611958139914162302e+02,3.956142600000000016e+02
7.612385589183392085e+02,3.956142600000000016e+02
7.613309321912350924e+02,3.956142600000000016e+02
7.613984602390071359e+02,3.956142600000000016e+02
7.615656208834354857e+02,3.956142600000000016e+02
7.615583615596751770e+02,3.956142600000000016e+02
7.616507838369598176e+02,3.956142600000000016e+02
7.617182628803431044e+02,3.956142600000000016e+02
7.618357133905578848e+02,3.956142600000000016e+02
7.618781642010111455e+02,3.956142600000000016e+02
7.619706354826846564e+02,3.956142600000000016e+02
7.620380655216791865e+02,3.956142600000000016e+02
8.011182000000000016e+02,4.047423000000000002e+02
7.621979668423471139e+02,3.184183300000000258e+02
7.622904871284093815e+02,3.184183300000000258e+02
7.623578681630151550e+02,3.184183300000000258e+02
7.624756127896995395e+02,3.184183300000000258e+02
7.625177694836830824e+02,3.184183300000000258e+02
7.626103387741342203e+02,3.184183300000000258e+02
7.626776708043511235e+02,3.184183300000000258e+02
7.628462048343557171e+02,3.184183300000000258e+02
7.628375721250191646e+02,3.184183300000000258e+02
7.629301904198589455e+02,3.184183300000000258e+02
7.629974734456870920e+02,3.184183300000000258e+02
7.631155121888411941e+02,3.184183300000000258e+02
7.631573747663551330e+02,3.184183300000000258e+02
7.632500420655837843e+02,3.184183300000000258e+02
7.633172760870230604e+02,3.184183300000000258e+02
7.635887547420146575e+02,3.184183300000000258e+02
7.634771774076911015e+02,3.184183300000000258e+02
7.635698937113086231e+02,3.184183300000000258e+02
7.636370787283590289e+02,3.184183300000000258e+02
7.637554115879827350e+02,3.184183300000000258e+02
7.637969800490270700e+02,3.184183300000000258e+02
7.638897453570333482e+02,3.184183300000000258e+02
7.639568813696951111e+02,3.184183300000000258e+02
7.641267887852759486e+02,3.184183300000000258e+02
7.641167826903630385e+02,3.184183300000000258e+02
7.642095970027581870e+02,3.184183300000000258e+02
7.642766840110310795e+02,3.184183300000000258e+02
7.643953109871243896e+02,3.184183300000000258e+02
7.644365853316990069e+02,3.184183300000000258e+02
7.645294486484829122e+02,3.184183300000000258e+02
7.645964866523670480e+02,3.184183300000000258e+02
7.650793413793103355e+02,3.184183300000000258e+02
7.647563879730350891e+02,3.184183300000000258e+02
7.648493002942077510e+02,3.184183300000000258e+02
7.649162892937030165e+02,3.184183300000000258e+02
7.650352103862660442e+02,3.184183300000000258e+02
7.650761906143710576e+02,3.184183300000000258e+02
7.651691519399325898e+02,3.184183300000000258e+02
7.652360919350389850e+02,3.184183300000000258e+02
7.654073727361961801e+02,3.184183300000000258e+02
7.653959932557070260e+02,3.184183300000000258e+02
7.654890035856573149e+02,3.184183300000000258e+02
7.655558945763750671e+02,3.184183300000000258e+02
7.656751097854076988e+02,3.184183300000000258e+02
7.657157958970429945e+02,3.184183300000000258e+02
7.658088552313821538e+02,3.184183300000000258e+02
7.658756972177110356e+02,3.184183300000000258e+02
7.661530690417689584e+02,3.046329299999999876e+02
7.660355985383789630e+02,3.046329299999999876e+02
7.661287068771068789e+02,3.046329299999999876e+02
7.661954998590470041e+02,3.046329299999999876e+02
7.663150091845492398e+02,3.046329299999999876e+02
7.663554011797150451e+02,3.046329299999999876e+02
7.664485585228317177e+02,3.046329299999999876e+02
7.665153025003829725e+02,3.046329299999999876e+02
7.666879566871165252e+02,3.046329299999999876e+02
7.666752038210510136e+02,3.046329299999999876e+02
7.667684101685565565e+02,3.046329299999999876e+02
7.668351051417189410e+02,3.046329299999999876e+02
7.669549085836908944e+02,3.046329299999999876e+02
7.669950064623869821e+02,3.046329299999999876e+02
7.670882618142812817e+02,3.046329299999999876e+02
7.671549077830549095e+02,3.046329299999999876e+02
8.125937000000000126e+02,4.091165799999999990e+02
7.673148091037229506e+02,3.046329299999999876e+02
7.674081134600061205e+02,3.046329299999999876e+02
7.674747104243909916e+02,3.046329299999999876e+02
7.675948079828325490e+02,3.046329299999999876e+02
7.676346117450589190e+02,3.046329299999999876e+02
7.677279651057308456e+02,3.046329299999999876e+02
7.677945130657269601e+02,3.046329299999999876e+02
7.679685406380367567e+02,3.046329299999999876e+02
7.679544143863948875e+02,3.046329299999999876e+02
7.680478167514556844e+02,3.046329299999999876e+02
7.681143157070629286e+02,3.046329299999999876e+02
7.682347073819742036e+02,3.046329299999999876e+02
7.682742170277309697e+02,3.046329299999999876e+02
7.683676683971805232e+02,3.046329299999999876e+02
7.684341183483988971e+02,3.046329299999999876e+02
7.687173833415232593e+02,3.060029299999999921e+02
7.685940196690669381e+02,3.060029299999999921e+02
7.686875200429052484e+02,3.060029299999999921e+02
7.687539209897348655e+02,3.060029299999999921e+02
7.688746067811158582e+02,3.060029299999999921e+02
7.689138223104029066e+02,3.060029299999999921e+02
7.690073716886300872e+02,3.060029299999999921e+02
7.690737236310709477e+02,3.060029299999999921e+02
7.692491245889569882e+02,3.060029299999999921e+02
7.692336249517388751e+02,3.060029299999999921e+02
7.693272233343548123e+02,3.060029299999999921e+02
7.693935262724069162e+02,3.060029299999999921e+02
7.695145061802573991e+02,3.060029299999999921e+02
7.695534275930748436e+02,3.060029299999999921e+02
7.696470749800796511e+02,3.060029299999999921e+02
7.697133289137428847e+02,3.060029299999999921e+02
7.702206020689654906e+02,3.060029299999999921e+02
7.698732302344108120e+02,3.060029299999999921e+02
7.699669266258044900e+02,3.060029299999999921e+02
7.700331315550788531e+02,3.060029299999999921e+02
7.701544055793990537e+02,3.060029299999999921e+02
7.701930328757468942e+02,3.060029299999999921e+02
7.702867782715292151e+02,3.060029299999999921e+02
7.703529341964148216e+02,3.060029299999999921e+02
7.705297085398772197e+02,3.060029299999999921e+02
7.705128355170828627e+02,3.060029299999999921e+02
7.706066299172540539e+02,3.060029299999999921e+02
7.706727368377507901e+02,3.060029299999999921e+02
7.707943049785407084e+02,3.060029299999999921e+02
7.708326381584188312e+02,3.060029299999999921e+02
7.709264815629787790e+02,3.060029299999999921e+02
7.709925394790868722e+02,3.060029299999999921e+02
7.712816976412775603e+02,3.060029299999999921e+02
7.711524407997547996e+02,3.060029299999999921e+02
7.712463332087036179e+02,3.060029299999999921e+02
7.713123421204228407e+02,3.060029299999999921e+02
7.714342043776823630e+02,3.060029299999999921e+02
7.714722434410907681e+02,3.060029299999999921e+02
7.715661848544284567e+02,3.060029299999999921e+02
7.716321447617588092e+02,3.060029299999999921e+02
7.718102924907974511e+02,3.060029299999999921e+02
7.717920460824268503e+02,3.060029299999999921e+02
7.718860365001531818e+02,3.060029299999999921e+02
7.719519474030947777e+02,3.060029299999999921e+02
7.720741037768240176e+02,3.060029299999999921e+02
7.721118487237628187e+02,3.060029299999999921e+02
7.722058881458780206e+02,3.060029299999999921e+02
7.722717500444307461e+02,3.060029299999999921e+02
8.172680000000000291e+02,4.094763199999999870e+02
7.724316513650987872e+02,7.362206999999999368e+01
7.725257397916027458e+02,7.362206999999999368e+01
7.725915526857668283e+02,7.362206999999999368e+01
7.727140031759655585e+02,7.362206999999999368e+01
7.727514540064347557e+02,7.362206999999999368e+01
7.728455914373275846e+02,7.362206999999999368e+01
7.729113553271027968e+02,7.362206999999999368e+01
7.730908764417176826e+02,7.362206999999999368e+01
7.730712566477707242e+02,7.362206999999999368e+01
7.731654430830524234e+02,7.362206999999999368e+01
7.732311579684387652e+02,7.362206999999999368e+01
7.733539025751072131e+02,7.362206999999999368e+01
7.733910592891066926e+02,7.362206999999999368e+01
7.734852947287771485e+02,7.362206999999999368e+01
7.735509606097747337e+02,7.362206999999999368e+01
7.738460119410318612e+02,7.362206999999999368e+01
7.737108619304427748e+02,7.362206999999999368e+01
7.738051463745019873e+02,7.362206999999999368e+01
7.738707632511107022e+02,7.362206999999999368e+01
7.739938019742488677e+02,7.362206999999999368e+01
7.740306645717787433e+02,7.362206999999999368e+01
7.741249980202267125e+02,7.362206999999999368e+01
7.741905658924466707e+02,7.362206999999999368e+01
7.743714603926379141e+02,7.362206999999999368e+01
7.743504672131147117e+02,7.362206999999999368e+01
7.744448496659515513e+02,7.362206999999999368e+01
7.745103685337827528e+02,7.362206999999999368e+01
7.746337013733905223e+02,7.362206999999999368e+01
7.746702698544506802e+02,7.362206999999999368e+01
7.747647013116763901e+02,7.362206999999999368e+01
7.748301711751187213e+02,7.362206999999999368e+01
7.753618627586206458e+02,7.362206999999999368e+01
7.749900724957866487e+02,7.362206999999999368e+01
7.750845529574011152e+02,7.362206999999999368e+01
7.751499738164546898e+02,7.362206999999999368e+01
7.752736007725321770e+02,7.362206999999999368e+01
7.753098751371227308e+02,7.362206999999999368e+01
7.754044046031259541e+02,7.362206999999999368e+01
7.754697764577906582e+02,7.362206999999999368e+01
7.756520443435581456e+02,7.362206999999999368e+01
7.756296777784586993e+02,7.362206999999999368e+01
7.757242562488506792e+02,7.362206999999999368e+01
7.757895790991266267e+02,7.362206999999999368e+01
7.759135001716737179e+02,7.362206999999999368e+01
7.759494804197946678e+02,7.362206999999999368e+01
7.760441078945755180e+02,7.362206999999999368e+01
7.761093817404627089e+02,7.362206999999999368e+01
7.764103262407861621e+02,7.362206999999999368e+01
7.762692830611306363e+02,7.362206999999999368e+01
7.763639595403003568e+02,7.362206999999999368e+01
7.764291843817986774e+02,7.362206999999999368e+01
7.765533995708153725e+02,7.362206999999999368e+01
7.765890857024666047e+02,7.362206999999999368e+01
7.766838111860250820e+02,7.362206999999999368e+01
7.767489870231346458e+02,7.362206999999999368e+01
7.769326282944783770e+02,7.362206999999999368e+01
7.769088883438025732e+02,7.362206999999999368e+01
7.770036628317499208e+02,7.362206999999999368e+01
7.770687896644706143e+02,7.362206999999999368e+01
7.771932989699570271e+02,7.362206999999999368e+01
7.772286909851386554e+02,7.362206999999999368e+01
7.773235144774746459e+02,7.362206999999999368e+01
7.773885923058065828e+02,7.362206999999999368e+01
8.177116999999999507e+02,4.094763199999999870e+02
7.775484936264746239e+02,9.916785000000000139e+01
7.776433661231994847e+02,9.916785000000000139e+01
7.777083949471425512e+02,9.916785000000000139e+01
7.778331983690986817e+02,9.916785000000000139e+01
7.778682962678105923e+02,9.916785000000000139e+01
7.779632177689243235e+02,9.916785000000000139e+01
7.780281975884786334e+02,9.916785000000000139e+01
7.782132122453987222e+02,9.916785000000000139e+01
7.781880989091465608e+02,9.916785000000000139e+01
7.782830694146490487e+02,9.916785000000000139e+01
7.783480002298146019e+02,9.916785000000000139e+01
7.784730977682402226e+02,9.916785000000000139e+01
7.785079015504825293e+02,9.916785000000000139e+01
7.786029210603738875e+02,9.916785000000000139e+01
7.786678028711505704e+02,9.916785000000000139e+01
7.789746405405404630e+02,9.916785000000000139e+01
7.788277041918186114e+02,9.916785000000000139e+01
7.789227727060986126e+02,9.916785000000000139e+01
7.789876055124865388e+02,9.916785000000000139e+01
7.791129971673818773e+02,9.916785000000000139e+01
7.791475068331545799e+02,9.916785000000000139e+01
7.792426243518234514e+02,9.916785000000000139e+01
7.793074081538225073e+02,9.916785000000000139e+01
7.794937961963189537e+02,9.916785000000000139e+01
7.794673094744905484e+02,9.916785000000000139e+01
7.795624759975482903e+02,9.916785000000000139e+01
7.796272107951584758e+02,9.916785000000000139e+01
7.797528965665235319e+02,9.916785000000000139e+01
7.797871121158265169e+02,9.916785000000000139e+01
7.798823276432730154e+02,9.916785000000000139e+01
7.799470134364945579e+02,9.916785000000000139e+01
7.805031234482758009e+02,9.916785000000000139e+01
7.801069147571624853e+02,9.916785000000000139e+01
7.802021792889978542e+02,9.916785000000000139e+01
7.802668160778305264e+02,9.916785000000000139e+01
7.803927959656651865e+02,9.916785000000000139e+01
7.804267173984984538e+02,9.916785000000000139e+01
7.805220309347225793e+02,9.916785000000000139e+01
7.805866187191664949e+02,9.916785000000000139e+01
7.807743801472391851e+02,9.916785000000000139e+01
7.807465200398345360e+02,9.916785000000000139e+01
7.808418825804474181e+02,9.916785000000000139e+01
7.809064213605024634e+02,9.916785000000000139e+01
7.810326953648068411e+02,9.916785000000000139e+01
7.810663226811705044e+02,9.916785000000000139e+01
7.811617342261722570e+02,9.916785000000000139e+01
7.812262240018384318e+02,9.916785000000000139e+01
7.815389548402947639e+02,9.916785000000000139e+01
7.813861253225064729e+02,9.916785000000000139e+01
7.814815858718969821e+02,9.916785000000000139e+01
7.815460266431745140e+02,9.916785000000000139e+01
7.816725947639483820e+02,9.916785000000000139e+01
7.817059279638424414e+02,9.916785000000000139e+01
7.818014375176218209e+02,9.916785000000000139e+01
7.818658292845104825e+02,9.916785000000000139e+01
7.820549640981594166e+02,9.916785000000000139e+01
7.820257306051784099e+02,9.916785000000000139e+01
7.821212891633465460e+02,9.916785000000000139e+01
7.821856319258464509e+02,9.916785000000000139e+01
7.823124941630900366e+02,9.916785000000000139e+01
7.823455332465144920e+02,9.916785000000000139e+01
7.824411408090713849e+02,9.916785000000000139e+01
7.825054345671824194e+02,9.916785000000000139e+01
8.177116999999999507e+02,4.094763199999999870e+02
7.826653358878504605e+02,3.996280499999999734e+02
7.827609924547962237e+02,3.996280499999999734e+02
7.828252372085183879e+02,3.996280499999999734e+02
7.829523935622316912e+02,3.996280499999999734e+02
7.829851385291864290e+02,3.996280499999999734e+02
7.830808441005209488e+02,3.996280499999999734e+02
7.831450398498543564e+02,3.996280499999999734e+02
7.833355480490796481e+02,3.996280499999999734e+02
7.833049411705223974e+02,3.996280499999999734e+02
7.834006957462457876e+02,3.996280499999999734e+02
7.834648424911904385e+02,3.996280499999999734e+02
7.835922929613733459e+02,3.996280499999999734e+02
7.836247438118583659e+02,3.996280499999999734e+02
7.837205473919705128e+02,3.996280499999999734e+02
7.837846451325264070e+02,3.996280499999999734e+02
7.841032691400490648e+02,3.996280499999999734e+02
7.839445464531943344e+02,3.996280499999999734e+02
7.840403990376953516e+02,3.996280499999999734e+02
7.841044477738623755e+02,3.996280499999999734e+02
7.842321923605150005e+02,3.996280499999999734e+02
7.842643490945304166e+02,3.996280499999999734e+02
7.843602506834201904e+02,3.996280499999999734e+02
7.844242504151983439e+02,3.996280499999999734e+02
7.846161319999998796e+02,3.996280499999999734e+02
7.845841517358663850e+02,3.996280499999999734e+02
7.846801023291449155e+02,3.996280499999999734e+02
7.847440530565343124e+02,3.996280499999999734e+02
7.848720917596565414e+02,3.996280499999999734e+02
7.849039543772023535e+02,3.996280499999999734e+02
7.849999539748697543e+02,3.996280499999999734e+02
7.850638556978703946e+02,3.996280499999999734e+02
7.856443841379309561e+02,3.996280499999999734e+02
7.852237570185383220e+02,3.996280499999999734e+02
7.853198056205944795e+02,3.996280499999999734e+02
7.853836583392063631e+02,3.996280499999999734e+02
7.855119911587981960e+02,3.996280499999999734e+02
7.855435596598742904e+02,3.996280499999999734e+02
7.856396572663193183e+02,3.996280499999999734e+02
7.857034609805423315e+02,3.996280499999999734e+02
7.858967159509201110e+02,3.996280499999999734e+02
7.858633623012103726e+02,3.996280499999999734e+02
7.859595089120441571e+02,3.996280499999999734e+02
7.860232636218783000e+02,3.996280499999999734e+02
7.861518905579398506e+02,3.996280499999999734e+02
7.861831649425463411e+02,3.996280499999999734e+02
7.862793605577688822e+02,3.996280499999999734e+02
7.863430662632142685e+02,3.996280499999999734e+02
7.866675834398033658e+02,3.996280499999999734e+02
7.865029675838823096e+02,3.996280499999999734e+02
7.865992122034937211e+02,3.996280499999999734e+02
7.866628689045502369e+02,3.996280499999999734e+02
7.867917899570815052e+02,3.996280499999999734e+02
7.868227702252182780e+02,3.996280499999999734e+02
7.869190638492184462e+02,3.996280499999999734e+02
7.869826715458863191e+02,3.996280499999999734e+02
7.871772999018403425e+02,3.996280499999999734e+02
7.871425728665542465e+02,3.996280499999999734e+02
7.872389154949432850e+02,3.996280499999999734e+02
7.873024741872222876e+02,3.996280499999999734e+02
7.874316893562231598e+02,3.996280499999999734e+02
7.874623755078902150e+02,3.996280499999999734e+02
7.875587671406681238e+02,3.996280499999999734e+02
7.876222768285582561e+02,3.996280499999999734e+02
7.077474399999999832e+02,3.463925800000000095e+02
7.877821781492262971e+02,1.308176300000000083e+02
7.878786187863928490e+02,1.308176300000000083e+02
7.879420794698942245e+02,1.308176300000000083e+02
7.880715887553647008e+02,1.308176300000000083e+02
7.881019807905622656e+02,1.308176300000000083e+02
7.881984704321176878e+02,1.308176300000000083e+02
7.882618821112301930e+02,1.308176300000000083e+02
7.884578838527606877e+02,1.308176300000000083e+02
7.884217834318982341e+02,1.308176300000000083e+02
7.885183220778424129e+02,1.308176300000000083e+02
7.885816847525662752e+02,1.308176300000000083e+02
7.887114881545063554e+02,1.308176300000000083e+02
7.887415860732342026e+02,1.308176300000000083e+02
7.888381737235672517e+02,1.308176300000000083e+02
7.889014873939022436e+02,1.308176300000000083e+02
7.892318977395576667e+02,1.308176300000000083e+02
7.890613887145701710e+02,1.308176300000000083e+02
7.891580253692920905e+02,1.308176300000000083e+02
7.892212900352382121e+02,1.308176300000000083e+02
7.893513875536480100e+02,1.308176300000000083e+02
7.893811913559061395e+02,1.308176300000000083e+02
7.894778770150168157e+02,1.308176300000000083e+02
7.895410926765741806e+02,1.308176300000000083e+02
7.897384678036809191e+02,1.308176300000000083e+02
7.897009939972422217e+02,1.308176300000000083e+02
7.897977286607416545e+02,1.308176300000000083e+02
7.898608953179101491e+02,1.308176300000000083e+02
7.899912869527896646e+02,1.308176300000000083e+02
7.900207966385781901e+02,1.308176300000000083e+02
7.901175803064663796e+02,1.308176300000000083e+02
7.901806979592461175e+02,1.308176300000000083e+02
7.907856448275861112e+02,1.308176300000000083e+02
7.903405992799141586e+02,1.308176300000000083e+02
7.904374319521912184e+02,1.308176300000000083e+02
7.905005006005821997e+02,1.308176300000000083e+02
7.906311863519313192e+02,1.308176300000000083e+02
7.906604019212501271e+02,1.308176300000000083e+02
7.907572835979160573e+02,1.308176300000000083e+02
7.908203032419181682e+02,1.308176300000000083e+02
7.910190517546011506e+02,1.308176300000000083e+02
7.909802045625860956e+02,1.308176300000000083e+02
7.910771352436407824e+02,1.308176300000000083e+02
7.911401058832541366e+02,1.308176300000000083e+02
7.912710857510728601e+02,1.308176300000000083e+02
7.913000072039221777e+02,1.308176300000000083e+02
7.913969868893656212e+02,1.308176300000000083e+02
7.914599085245901051e+02,1.308176300000000083e+02
7.917962120393119676e+02,1.308176300000000083e+02
7.916198098452581462e+02,1.308176300000000083e+02
7.917168385350903463e+02,1.308176300000000083e+02
7.917797111659260736e+02,1.308176300000000083e+02
7.919109851502145148e+02,1.308176300000000083e+02
7.919396124865941147e+02,1.308176300000000083e+02
7.920366901808151852e+02,1.308176300000000083e+02
7.920995138072621558e+02,1.308176300000000083e+02
7.922996357055213821e+02,1.308176300000000083e+02
7.922594151279300831e+02,1.308176300000000083e+02
7.923565418265400240e+02,1.308176300000000083e+02
7.924193164485981242e+02,1.308176300000000083e+02
7.925508845493561694e+02,1.308176300000000083e+02
7.925792177692660516e+02,1.308176300000000083e+02
7.926763934722647491e+02,1.308176300000000083e+02
7.927391190899340927e+02,1.308176300000000083e+02
7.077474399999999832e+02,3.463925800000000095e+02
7.928990204106020201e+02,3.480095200000000091e+02
7.929962451179895879e+02,3.480095200000000091e+02
7.930589217312700612e+02,3.480095200000000091e+02
7.931907839484978240e+02,3.480095200000000091e+02
7.932188230519381023e+02,3.480095200000000091e+02
7.933160967637143131e+02,3.480095200000000091e+02
7.933787243726060296e+02,3.480095200000000091e+02
7.935802196564416136e+02,3.480095200000000091e+02
7.935386256932740707e+02,3.480095200000000091e+02
7.936359484094391519e+02,3.480095200000000091e+02
7.936985270139419981e+02,3.480095200000000091e+02
7.938306833476393649e+02,3.480095200000000091e+02
7.938584283346100392e+02,3.480095200000000091e+02
7.939558000551639907e+02,3.480095200000000091e+02
7.940183296552780803e+02,3.480095200000000091e+02
7.943605263390662685e+02,3.480095200000000091e+02
7.941782309759460077e+02,3.480095200000000091e+02
7.942756517008887158e+02,3.480095200000000091e+02
7.943381322966140488e+02,3.480095200000000091e+02
7.944705827467810195e+02,3.480095200000000091e+02
7.944980336172819761e+02,3.480095200000000091e+02
7.945955033466135546e+02,3.480095200000000091e+02
7.946579349379500172e+02,3.480095200000000091e+02
7.948608036073618450e+02,3.480095200000000091e+02
7.948178362586180583e+02,3.480095200000000091e+02
7.949153549923382798e+02,3.480095200000000091e+02
7.949777375792859857e+02,3.480095200000000091e+02
7.951104821459226741e+02,3.480095200000000091e+02
7.951376388999540268e+02,3.480095200000000091e+02
7.952352066380631186e+02,3.480095200000000091e+02
7.952975402206219542e+02,3.480095200000000091e+02
7.959269055172412664e+02,3.480095200000000091e+02
7.954574415412899953e+02,3.480095200000000091e+02
7.955550582837879574e+02,3.480095200000000091e+02
7.956173428619580363e+02,3.480095200000000091e+02
7.957503815450643287e+02,3.480095200000000091e+02
7.957772441826259637e+02,3.480095200000000091e+02
7.958749099295126825e+02,3.480095200000000091e+02
7.959371455032940048e+02,3.480095200000000091e+02
7.961413875582820765e+02,3.480095200000000091e+02
7.960970468239619322e+02,3.480095200000000091e+02
7.961947615752375214e+02,3.480095200000000091e+02
7.962569481446299733e+02,3.480095200000000091e+02
7.963902809442059834e+02,3.480095200000000091e+02
7.964168494652979007e+02,3.480095200000000091e+02
7.965146132209622465e+02,3.480095200000000091e+02
7.965767507859659418e+02,3.480095200000000091e+02
7.969248406388205694e+02,3.480095200000000091e+02
7.967366521066339828e+02,3.480095200000000091e+02
7.968344648666870853e+02,3.480095200000000091e+02
7.968965534273019102e+02,3.480095200000000091e+02
7.970301803433475243e+02,3.480095200000000091e+02
7.970564547479699513e+02,3.480095200000000091e+02
7.971543165124118104e+02,3.480095200000000091e+02
7.972163560686378787e+02,3.480095200000000091e+02
7.974219715092023080e+02,3.480095200000000091e+02
7.973762573893059198e+02,3.480095200000000091e+02
7.974741681581366493e+02,3.480095200000000091e+02
7.975361587099739609e+02,3.480095200000000091e+02
7.976700797424891789e+02,3.480095200000000091e+02
7.976960600306418883e+02,3.480095200000000091e+02
7.977940198038614881e+02,3.480095200000000091e+02
7.978559613513099293e+02,3.480095200000000091e+02
7.279074000000000524e+02,3.472811300000000188e+02
7.980158626719778567e+02,4.047423000000000002e+02
7.981138714495862132e+02,4.047423000000000002e+02
7.981757639926458978e+02,4.047423000000000002e+02
7.983099791416308335e+02,4.047423000000000002e+02
7.983356653133139389e+02,4.047423000000000002e+02
7.984337230953110520e+02,4.047423000000000002e+02
7.984955666339818663e+02,4.047423000000000002e+02
7.987025554601226531e+02,4.047423000000000002e+02
7.986554679546499074e+02,4.047423000000000002e+02
7.987535747410357772e+02,4.047423000000000002e+02
7.988153692753178348e+02,4.047423000000000002e+02
7.989498785407724881e+02,4.047423000000000002e+02
7.989752705959858758e+02,4.047423000000000002e+02
7.990734263867606160e+02,4.047423000000000002e+02
7.991351719166538032e+02,4.047423000000000002e+02
7.994891549385748704e+02,4.047423000000000002e+02
7.992950732373218443e+02,4.047423000000000002e+02
7.993932780324854548e+02,4.047423000000000002e+02
7.994549745579898854e+02,4.047423000000000002e+02
7.995897779399141427e+02,4.047423000000000002e+02
7.996148758786578128e+02,4.047423000000000002e+02
7.997131296782101799e+02,4.047423000000000002e+02
7.997747771993258539e+02,4.047423000000000002e+02
7.999831394110428846e+02,4.047423000000000002e+02
7.999346785199937813e+02,4.047423000000000002e+02
8.000329813239350187e+02,4.047423000000000002e+02
8.000945798406618223e+02,4.047423000000000002e+02
8.002296773390556837e+02,4.047423000000000002e+02
8.002544811613298634e+02,4.047423000000000002e+02
8.003528329696597439e+02,4.047423000000000002e+02
8.004143824819977908e+02,4.047423000000000002e+02
8.010681662068965352e+02,4.047423000000000002e+02
8.005742838026658319e+02,4.047423000000000002e+02
8.006726846153845827e+02,4.047423000000000002e+02
8.007341851233337593e+02,4.047423000000000002e+02
8.008695767381973383e+02,4.047423000000000002e+02
8.008940864440018004e+02,4.047423000000000002e+02
8.009925362611094215e+02,4.047423000000000002e+02
8.010539877646698415e+02,4.047423000000000002e+02
8.012637233619631161e+02,4.047423000000000002e+02
8.012138890853377688e+02,4.047423000000000002e+02
8.013123879068341466e+02,4.047423000000000002e+02
8.013737904060058099e+02,4.047423000000000002e+02
8.015094761373389929e+02,4.047423000000000002e+02
8.015336917266737373e+02,4.047423000000000002e+02
8.016322395525589855e+02,4.047423000000000002e+02
8.016935930473417784e+02,4.047423000000000002e+02
8.020534692383291713e+02,4.047423000000000002e+02
8.018534943680098195e+02,4.047423000000000002e+02
8.019520911982837106e+02,4.047423000000000002e+02
8.020133956886777469e+02,4.047423000000000002e+02
8.021493755364806475e+02,4.047423000000000002e+02
8.021732970093457880e+02,4.047423000000000002e+02
8.022719428440085494e+02,4.047423000000000002e+02
8.023331983300137153e+02,4.047423000000000002e+02
8.025443073128833475e+02,4.047423000000000002e+02
8.024930996506817564e+02,4.047423000000000002e+02
8.025917944897333882e+02,4.047423000000000002e+02
8.026530009713496838e+02,4.047423000000000002e+02
8.027892749356223021e+02,4.047423000000000002e+02
8.028129022920177249e+02,4.047423000000000002e+02
8.029116461354581133e+02,4.047423000000000002e+02
8.029728036126857660e+02,4.047423000000000002e+02
7.599322499999999536e+02,3.486243999999999801e+02
8.031327049333536934e+02,1.649705800000000124e+02
8.032314977811829522e+02,1.649705800000000124e+02
8.032926062540217345e+02,1.649705800000000124e+02
8.034291743347638430e+02,1.649705800000000124e+02
8.034525075746896619e+02,1.649705800000000124e+02
8.035513494269076773e+02,1.649705800000000124e+02
8.036124088953577029e+02,1.649705800000000124e+02
8.038248912638035790e+02,1.649705800000000124e+02
8.037723102160257440e+02,1.649705800000000124e+02
8.038712010726325161e+02,1.649705800000000124e+02
8.039322115366936714e+02,1.649705800000000124e+02
8.040690737339054976e+02,1.649705800000000124e+02
8.040921128573617125e+02,1.649705800000000124e+02
8.041910527183573549e+02,1.649705800000000124e+02
8.042520141780296399e+02,1.649705800000000124e+02
8.046177835380834722e+02,1.649705800000000124e+02
8.044119154986976810e+02,1.649705800000000124e+02
8.045109043640820801e+02,1.649705800000000124e+02
8.045718168193657220e+02,1.649705800000000124e+02
8.047089731330471523e+02,1.649705800000000124e+02
8.047317181400336494e+02,1.649705800000000124e+02
8.048307560098069189e+02,1.649705800000000124e+02
8.048916194607016905e+02,1.649705800000000124e+02
8.051054752147238105e+02,1.649705800000000124e+02
8.050515207813696179e+02,1.649705800000000124e+02
8.051506076555316440e+02,1.649705800000000124e+02
8.052114221020376590e+02,1.649705800000000124e+02
8.053488725321888069e+02,1.649705800000000124e+02
8.053713234227055864e+02,1.649705800000000124e+02
8.054704593012564828e+02,1.649705800000000124e+02
8.055312247433736275e+02,1.649705800000000124e+02
8.062094268965516903e+02,1.649705800000000124e+02
8.056911260640416685e+02,1.649705800000000124e+02
8.057903109469813216e+02,1.649705800000000124e+02
8.058510273847095959e+02,1.649705800000000124e+02
8.059887719313304615e+02,1.649705800000000124e+02
8.060109287053776370e+02,1.649705800000000124e+02
8.061101625927060468e+02,1.649705800000000124e+02
8.061708300260455644e+02,1.649705800000000124e+02
8.063860591656440420e+02,1.649705800000000124e+02
8.063307313467136055e+02,1.649705800000000124e+02
8.064300142384308856e+02,1.649705800000000124e+02
8.064906326673816466e+02,1.649705800000000124e+02
8.066286713304720024e+02,1.649705800000000124e+02
8.066505339880495740e+02,1.649705800000000124e+02
8.067498658841556107e+02,1.649705800000000124e+02
8.068104353087176150e+02,1.649705800000000124e+02
8.071820978378377731e+02,1.649705800000000124e+02
8.069703366293855424e+02,1.649705800000000124e+02
8.070697175298804495e+02,1.649705800000000124e+02
8.071302379500535835e+02,1.649705800000000124e+02
8.072685707296136570e+02,1.649705800000000124e+02
8.072901392707216246e+02,1.649705800000000124e+02
8.073895691756052884e+02,1.649705800000000124e+02
8.074500405913895520e+02,1.649705800000000124e+02
8.076666431165642734e+02,1.649705800000000124e+02
8.076099419120575931e+02,1.649705800000000124e+02
8.077094208213300135e+02,1.649705800000000124e+02
8.077698432327255205e+02,1.649705800000000124e+02
8.079084701287553116e+02,1.649705800000000124e+02
8.079297445533935615e+02,1.649705800000000124e+02
8.080292724670548523e+02,1.649705800000000124e+02
8.080896458740616026e+02,1.649705800000000124e+02
7.952757599999999911e+02,3.480095200000000091e+02
8.082495471947295300e+02,4.091165799999999990e+02
8.083491241127795774e+02,4.091165799999999990e+02
8.084094485153975711e+02,4.091165799999999990e+02
8.085483695278969662e+02,4.091165799999999990e+02
8.085693498360654985e+02,4.091165799999999990e+02
8.086689757585044163e+02,4.091165799999999990e+02
8.087292511567335396e+02,4.091165799999999990e+02
8.089472270674846186e+02,4.091165799999999990e+02
8.088891524774014670e+02,4.091165799999999990e+02
8.089888274042292551e+02,4.091165799999999990e+02
8.090490537980695080e+02,4.091165799999999990e+02
8.091882689270385072e+02,4.091165799999999990e+02
8.092089551187375491e+02,4.091165799999999990e+02
8.093086790499539802e+02,4.091165799999999990e+02
8.093688564394054765e+02,4.091165799999999990e+02
8.097464121375920740e+02,4.091165799999999990e+02
8.095287577600735176e+02,4.091165799999999990e+02
8.096285306956788190e+02,4.091165799999999990e+02
8.096886590807414450e+02,4.091165799999999990e+02
8.098281683261801618e+02,4.091165799999999990e+02
8.098485604014094861e+02,4.091165799999999990e+02
8.099483823414035442e+02,4.091165799999999990e+02
8.100084617220775272e+02,4.091165799999999990e+02
8.102278110184048501e+02,4.091165799999999990e+02
8.101683630427454545e+02,4.091165799999999990e+02
8.102682339871283830e+02,4.091165799999999990e+02
8.103282643634134956e+02,4.091165799999999990e+02
8.104680677253218164e+02,4.091165799999999990e+02
8.104881656840814230e+02,4.091165799999999990e+02
8.105880856328532218e+02,4.091165799999999990e+02
8.106480670047494641e+02,4.091165799999999990e+02
8.113506875862068455e+02,4.091165799999999990e+02
8.108079683254175052e+02,4.091165799999999990e+02
8.109079372785779469e+02,4.091165799999999990e+02
8.109678696460854326e+02,4.091165799999999990e+02
8.111079671244634710e+02,4.091165799999999990e+02
8.111277709667534737e+02,4.091165799999999990e+02
8.112277889243027857e+02,4.091165799999999990e+02
8.112876722874214011e+02,4.091165799999999990e+02
8.115083949693250815e+02,4.091165799999999990e+02
8.114475736080894421e+02,4.091165799999999990e+02
8.115476405700275109e+02,4.091165799999999990e+02
8.116074749287574832e+02,4.091165799999999990e+02
8.117478665236051256e+02,4.091165799999999990e+02
8.117673762494254106e+02,4.091165799999999990e+02
8.118674922157523497e+02,4.091165799999999990e+02
8.119272775700934517e+02,4.091165799999999990e+02
8.123107264373463750e+02,4.091165799999999990e+02
8.120871788907613791e+02,4.091165799999999990e+02
8.121873438614771885e+02,4.091165799999999990e+02
8.122470802114294202e+02,4.091165799999999990e+02
8.123877659227466665e+02,4.091165799999999990e+02
8.124069815320973476e+02,4.091165799999999990e+02
8.125071955072019136e+02,4.091165799999999990e+02
8.125668828527653886e+02,4.091165799999999990e+02
8.127889789202453130e+02,4.091165799999999990e+02
8.127267841734334297e+02,4.091165799999999990e+02
8.128270471529267525e+02,4.091165799999999990e+02
8.128866854941013571e+02,4.091165799999999990e+02
8.130276653218883212e+02,4.091165799999999990e+02
8.130465868147693982e+02,4.091165799999999990e+02
8.131468987986514776e+02,4.091165799999999990e+02
8.132064881354373256e+02,4.091165799999999990e+02
8.160471000000000004e+02,3.449113800000000083e+02
8.133663894561053667e+02,2.032143599999999992e+02
8.134667504443763164e+02,2.032143599999999992e+02
8.135262907767734077e+02,2.032143599999999992e+02
8.136675647210299758e+02,2.032143599999999992e+02
8.136861920974413351e+02,2.032143599999999992e+02
8.137866020901011552e+02,2.032143599999999992e+02
8.138460934181093762e+02,2.032143599999999992e+02
8.140695628711655445e+02,2.032143599999999992e+02
8.140059947387773036e+02,2.032143599999999992e+02
8.141064537358258804e+02,2.032143599999999992e+02
8.141658960594453447e+02,2.032143599999999992e+02
8.143074641201716304e+02,2.032143599999999992e+02
8.143257973801133858e+02,2.032143599999999992e+02
8.144263053815507192e+02,2.032143599999999992e+02
8.144856987007813132e+02,2.032143599999999992e+02
8.148750407371006759e+02,2.032143599999999992e+02
8.146456000214493542e+02,2.032143599999999992e+02
8.147461570272754443e+02,2.032143599999999992e+02
8.148055013421172816e+02,2.032143599999999992e+02
8.149473635193132850e+02,2.032143599999999992e+02
8.149654026627853227e+02,2.032143599999999992e+02
8.150660086730002831e+02,2.032143599999999992e+02
8.151253039834532501e+02,2.032143599999999992e+02
8.153501468220857760e+02,2.032143599999999992e+02
8.152852053041212912e+02,2.032143599999999992e+02
8.153858603187251219e+02,2.032143599999999992e+02
8.154451066247893323e+02,2.032143599999999992e+02
8.155872629184548259e+02,2.032143599999999992e+02
8.156050079454572597e+02,2.032143599999999992e+02
8.157057119644498471e+02,2.032143599999999992e+02
8.157649092661253007e+02,2.032143599999999992e+02
8.164919482758620006e+02,3.449113800000000083e+02
8.159248105867932281e+02,3.449113800000000083e+02
8.160255636101746859e+02,3.449113800000000083e+02
8.160847119074612692e+02,3.449113800000000083e+02
8.162271623175964805e+02,3.449113800000000083e+02
8.162446132281293103e+02,3.449113800000000083e+02
8.163454152558994110e+02,3.449113800000000083e+02
8.164045145487972377e+02,3.449113800000000083e+02
8.166307307730060074e+02,3.449113800000000083e+02
8.165644158694652788e+02,3.449113800000000083e+02
8.166652669016242498e+02,3.449113800000000083e+02
8.167243171901332062e+02,3.449113800000000083e+02
8.168670617167381351e+02,3.449113800000000083e+02
8.168842185108012472e+02,3.449113800000000083e+02
8.169851185473490887e+02,3.449113800000000083e+02
8.170441198314692883e+02,3.449113800000000083e+02
8.174393550368549768e+02,4.094763199999999870e+02
8.172040211521372157e+02,4.094763199999999870e+02
8.173049701930738138e+02,4.094763199999999870e+02
8.173639224728052568e+02,4.094763199999999870e+02
8.175069611158797898e+02,4.094763199999999870e+02
8.175238237934731842e+02,4.094763199999999870e+02
8.176248218387986526e+02,4.094763199999999870e+02
8.176837251141412253e+02,4.094763199999999870e+02
8.179113147239262389e+02,4.094763199999999870e+02
8.178436264348092664e+02,4.094763199999999870e+02
8.179446734845233777e+02,4.094763199999999870e+02
8.180035277554771938e+02,4.094763199999999870e+02
8.181468605150214444e+02,4.094763199999999870e+02
8.181634290761452348e+02,4.094763199999999870e+02
8.182645251302482166e+02,4.094763199999999870e+02
8.183233303968131622e+02,4.094763199999999870e+02
8.262088599999999587e+02,3.357305999999999813e+02
8.184832317174812033e+02,2.548768300000000124e+02
8.185843767759730554e+02,2.548768300000000124e+02
8.186431330381491307e+02,2.548768300000000124e+02
8.187867599141629853e+02,2.548768300000000124e+02
8.188030343588171718e+02,2.548768300000000124e+02
8.189042284216977805e+02,2.548768300000000124e+02
8.189629356794852129e+02,2.548768300000000124e+02
8.191918986748464704e+02,2.548768300000000124e+02
8.191228370001531403e+02,2.548768300000000124e+02
8.192240800674226193e+02,2.548768300000000124e+02
8.192827383208211813e+02,2.548768300000000124e+02
8.194266593133046399e+02,2.548768300000000124e+02
8.194426396414891087e+02,2.548768300000000124e+02
8.195439317131473445e+02,2.548768300000000124e+02
8.196025409621571498e+02,2.548768300000000124e+02
8.200036693366092777e+02,2.548768300000000124e+02
8.197624422828251909e+02,2.548768300000000124e+02
8.198637833588721833e+02,2.548768300000000124e+02
8.199223436034931183e+02,2.548768300000000124e+02
8.200665587124462945e+02,2.548768300000000124e+02
8.200822449241611594e+02,2.548768300000000124e+02
8.201836350045970221e+02,2.548768300000000124e+02
8.202421462448290868e+02,2.548768300000000124e+02
8.204724826257668155e+02,2.548768300000000124e+02
8.204020475654971278e+02,2.548768300000000124e+02
8.205034866503217472e+02,2.548768300000000124e+02
8.205619488861651689e+02,2.548768300000000124e+02
8.207064581115879491e+02,2.548768300000000124e+02
8.207218502068330963e+02,2.548768300000000124e+02
8.208233382960465860e+02,2.548768300000000124e+02
8.208817515275011374e+02,2.548768300000000124e+02
8.216332089655171558e+02,2.548768300000000124e+02
8.210416528481690648e+02,2.548768300000000124e+02
8.211431899417713112e+02,2.548768300000000124e+02
8.212015541688371059e+02,2.548768300000000124e+02
8.213463575107294901e+02,2.548768300000000124e+02
8.213614554895051469e+02,2.548768300000000124e+02
8.214630415874961500e+02,2.548768300000000124e+02
8.215213568101730743e+02,2.548768300000000124e+02
8.217530665766870470e+02,2.548768300000000124e+02
8.216812581308411154e+02,2.548768300000000124e+02
8.217828932332209888e+02,2.548768300000000124e+02
8.218411594515090428e+02,2.548768300000000124e+02
8.219862569098711447e+02,2.548768300000000124e+02
8.220010607721770839e+02,2.548768300000000124e+02
8.221027448789457139e+02,2.548768300000000124e+02
8.221609620928450113e+02,2.548768300000000124e+02
8.225679836363635786e+02,2.548768300000000124e+02
8.223208634135130524e+02,2.548768300000000124e+02
8.224225965246705528e+02,2.548768300000000124e+02
8.224807647341810934e+02,2.548768300000000124e+02
8.226261563090127993e+02,2.548768300000000124e+02
8.226406660548490208e+02,2.548768300000000124e+02
8.227424481703952779e+02,2.548768300000000124e+02
8.228005673755170619e+02,2.548768300000000124e+02
8.230336505276072785e+02,2.548768300000000124e+02
8.229604686961849893e+02,2.548768300000000124e+02
8.230622998161201167e+02,2.548768300000000124e+02
8.231203700168530304e+02,2.548768300000000124e+02
8.232660557081544539e+02,2.548768300000000124e+02
8.232802713375210715e+02,2.548768300000000124e+02
8.233821514618449555e+02,2.548768300000000124e+02
8.234401726581889989e+02,2.548768300000000124e+02
8.262088599999999587e+02,3.357305999999999813e+02
8.236000739788570399e+02,2.412687999999999988e+02
8.237020031075696807e+02,2.412687999999999988e+02
8.237599752995249673e+02,2.412687999999999988e+02
8.239059551072961085e+02,2.412687999999999988e+02
8.239198766201930084e+02,2.412687999999999988e+02
8.240218547532945195e+02,2.412687999999999988e+02
8.240797779408610495e+02,2.412687999999999988e+02
8.243142344785275100e+02,2.412687999999999988e+02
8.242396792615289769e+02,2.412687999999999988e+02
8.243417063990192446e+02,2.412687999999999988e+02
8.243995805821970180e+02,2.412687999999999988e+02
8.245458545064376494e+02,2.412687999999999988e+02
8.245594819028649454e+02,2.412687999999999988e+02
8.246615580447440834e+02,2.412687999999999988e+02
8.247193832235329864e+02,2.412687999999999988e+02
8.251322979361178795e+02,2.412687999999999988e+02
8.248792845442009138e+02,2.412687999999999988e+02
8.249814096904689222e+02,2.412687999999999988e+02
8.250391858648689549e+02,2.412687999999999988e+02
8.251857539055793040e+02,2.412687999999999988e+02
8.251990871855369960e+02,2.412687999999999988e+02
8.253012613361936474e+02,2.412687999999999988e+02
8.253589885062049234e+02,2.412687999999999988e+02
8.255948184294477414e+02,2.412687999999999988e+02
8.255188898268729645e+02,2.412687999999999988e+02
8.256211129819184862e+02,2.412687999999999988e+02
8.256787911475408919e+02,2.412687999999999988e+02
8.258256533047209587e+02,2.412687999999999988e+02
8.258386924682089330e+02,2.412687999999999988e+02
8.259409646276432113e+02,2.412687999999999988e+02
8.259985937888769740e+02,2.412687999999999988e+02
8.267744696551723109e+02,3.357305999999999813e+02
8.261584951095449014e+02,3.357305999999999813e+02
8.262608162733680501e+02,3.357305999999999813e+02
8.263183964302129425e+02,3.357305999999999813e+02
8.264655527038626133e+02,3.357305999999999813e+02
8.264782977508808699e+02,3.357305999999999813e+02
8.265806679190928890e+02,3.357305999999999813e+02
8.266381990715489110e+02,3.357305999999999813e+02
8.268754023803679729e+02,3.357305999999999813e+02
8.267981003922169521e+02,3.357305999999999813e+02
8.269005195648176141e+02,3.357305999999999813e+02
8.269580017128848795e+02,3.357305999999999813e+02
8.271054521030042679e+02,3.357305999999999813e+02
8.271179030335529205e+02,3.357305999999999813e+02
8.272203712105424529e+02,3.357305999999999813e+02
8.272778043542208479e+02,3.357305999999999813e+02
8.276966122358721805e+02,3.357305999999999813e+02
8.274377056748888890e+02,3.357305999999999813e+02
8.275402228562671780e+02,3.357305999999999813e+02
8.275976069955569301e+02,3.357305999999999813e+02
8.277453515021458088e+02,3.357305999999999813e+02
8.277575083162248575e+02,3.357305999999999813e+02
8.278600745019920168e+02,3.357305999999999813e+02
8.279174096368928986e+02,3.357305999999999813e+02
8.281559863312882044e+02,3.357305999999999813e+02
8.280773109575608260e+02,3.357305999999999813e+02
8.281799261477168557e+02,3.357305999999999813e+02
8.282372122782288670e+02,3.357305999999999813e+02
8.283852509012874634e+02,3.357305999999999813e+02
8.283971135988967944e+02,3.357305999999999813e+02
8.284997777934415808e+02,3.357305999999999813e+02
8.285570149195648355e+02,3.357305999999999813e+02
7.737259500000000116e+02,7.362206999999999368e+01
8.287169162402328766e+02,2.807938199999999824e+02
8.288196294391664196e+02,2.807938199999999824e+02
8.288768175609008040e+02,2.807938199999999824e+02
8.290251503004291180e+02,2.807938199999999824e+02
8.290367188815688451e+02,2.807938199999999824e+02
8.291394810848911447e+02,2.807938199999999824e+02
8.291966202022367725e+02,2.807938199999999824e+02
8.294365702822084359e+02,2.807938199999999824e+02
8.293565215229048135e+02,2.807938199999999824e+02
8.294593327306159836e+02,2.807938199999999824e+02
8.295164228435728546e+02,2.807938199999999824e+02
8.296650496995707726e+02,2.807938199999999824e+02
8.296763241642407820e+02,2.807938199999999824e+02
8.297791843763408224e+02,2.807938199999999824e+02
8.298362254849088231e+02,2.807938199999999824e+02
8.302609265356264814e+02,2.807938199999999824e+02
8.299961268055767505e+02,2.807938199999999824e+02
8.300990360220655475e+02,2.807938199999999824e+02
8.301560281262447916e+02,2.807938199999999824e+02
8.303049490987124273e+02,2.807938199999999824e+02
8.303159294469128326e+02,2.807938199999999824e+02
8.304188876677903863e+02,2.807938199999999824e+02
8.304758307675807600e+02,2.807938199999999824e+02
8.307171542331287810e+02,2.807938199999999824e+02
8.306357320882488011e+02,2.807938199999999824e+02
8.307387393135151115e+02,2.807938199999999824e+02
8.307956334089167285e+02,2.807938199999999824e+02
8.309448484978539682e+02,2.807938199999999824e+02
8.309555347295847696e+02,2.807938199999999824e+02
8.310585909592399503e+02,2.807938199999999824e+02
8.311154360502526970e+02,2.807938199999999824e+02
8.319157303448274661e+02,2.807938199999999824e+02
8.312753373709207381e+02,2.807938199999999824e+02
8.313784426049646754e+02,2.807938199999999824e+02
8.314352386915887791e+02,2.807938199999999824e+02
8.315847478969956228e+02,2.807938199999999824e+02
8.315951400122567065e+02,2.807938199999999824e+02
8.316982942506895142e+02,2.807938199999999824e+02
8.317550413329247476e+02,2.807938199999999824e+02
8.319977381840490125e+02,2.807938199999999824e+02
8.319149426535926750e+02,2.807938199999999824e+02
8.320181458964143530e+02,2.807938199999999824e+02
8.320748439742607161e+02,2.807938199999999824e+02
8.322246472961372774e+02,2.807938199999999824e+02
8.322347452949287572e+02,2.807938199999999824e+02
8.323379975421390782e+02,2.807938199999999824e+02
8.323946466155966846e+02,2.807938199999999824e+02
8.328252408353807823e+02,2.807938199999999824e+02
8.325545479362647256e+02,2.807938199999999824e+02
8.326578491878639170e+02,2.807938199999999824e+02
8.327144492569326530e+02,2.807938199999999824e+02
8.328645466952789320e+02,2.807938199999999824e+02
8.328743505776006941e+02,2.807938199999999824e+02
8.329777008335886421e+02,2.807938199999999824e+02
8.330342518982687352e+02,2.807938199999999824e+02
8.332783221349692440e+02,2.807938199999999824e+02
8.331941532189366626e+02,2.807938199999999824e+02
8.332975524793134809e+02,2.807938199999999824e+02
8.333540545396047037e+02,2.807938199999999824e+02
8.335044460944205866e+02,2.807938199999999824e+02
8.335139558602726311e+02,2.807938199999999824e+02
8.336174041250383198e+02,2.807938199999999824e+02
8.336738571809406722e+02,2.807938199999999824e+02
7.737259500000000116e+02,7.362206999999999368e+01
8.338337585016087132e+02,3.234245599999999854e+02
8.339372557707630449e+02,3.234245599999999854e+02
8.339936598222766406e+02,3.234245599999999854e+02
8.341443454935621276e+02,3.234245599999999854e+02
8.341535611429446817e+02,3.234245599999999854e+02
8.342571074164878837e+02,3.234245599999999854e+02
8.343134624636126091e+02,3.234245599999999854e+02
8.345589060858894754e+02,3.234245599999999854e+02
8.344733637842806502e+02,3.234245599999999854e+02
8.345769590622126088e+02,3.234245599999999854e+02
8.346332651049485776e+02,3.234245599999999854e+02
8.347842448927037822e+02,3.234245599999999854e+02
8.347931664256166187e+02,3.234245599999999854e+02
8.348968107079374477e+02,3.234245599999999854e+02
8.349530677462846597e+02,3.234245599999999854e+02
8.353895551351350832e+02,3.234245599999999854e+02
8.351129690669525871e+02,3.234245599999999854e+02
8.352166623536622865e+02,3.234245599999999854e+02
8.352728703876206282e+02,3.234245599999999854e+02
8.354241442918454368e+02,3.234245599999999854e+02
8.354327717082885556e+02,3.234245599999999854e+02
8.355365139993870116e+02,3.234245599999999854e+02
8.355926730289565967e+02,3.234245599999999854e+02
8.358394900368097069e+02,3.234245599999999854e+02
8.357525743496246378e+02,3.234245599999999854e+02
8.358563656451118504e+02,3.234245599999999854e+02
8.359124756702925652e+02,3.234245599999999854e+02
8.360640436909870914e+02,3.234245599999999854e+02
8.360723769909606062e+02,3.234245599999999854e+02
8.361762172908365756e+02,3.234245599999999854e+02
8.362322783116285336e+02,3.234245599999999854e+02
8.370569910344827349e+02,3.234245599999999854e+02
8.363921796322965747e+02,3.234245599999999854e+02
8.364960689365614144e+02,3.234245599999999854e+02
8.365520809529646158e+02,3.234245599999999854e+02
8.367039430901286323e+02,3.234245599999999854e+02
8.367119822736325432e+02,3.234245599999999854e+02
8.368159205822862532e+02,3.234245599999999854e+02
8.368718835943005843e+02,3.234245599999999854e+02
8.371200739877299384e+02,3.234245599999999854e+02
8.370317849149685117e+02,3.234245599999999854e+02
8.371357722280109783e+02,3.234245599999999854e+02
8.371916862356365527e+02,3.234245599999999854e+02
8.373438424892702869e+02,3.234245599999999854e+02
8.373515875563045938e+02,3.234245599999999854e+02
8.374556238737358171e+02,3.234245599999999854e+02
8.375114888769725212e+02,3.234245599999999854e+02
8.379538694348893841e+02,3.234245599999999854e+02
8.376713901976405623e+02,3.234245599999999854e+02
8.377754755194605423e+02,3.234245599999999854e+02
8.378312915183084897e+02,3.234245599999999854e+02
8.379837418884119415e+02,3.234245599999999854e+02
8.379911928389765308e+02,3.234245599999999854e+02
8.380953271651853811e+02,3.234245599999999854e+02
8.381510941596444582e+02,3.234245599999999854e+02
8.384006579386501699e+02,3.234245599999999854e+02
8.383109954803124992e+02,3.234245599999999854e+02
8.384151788109102199e+02,3.234245599999999854e+02
8.384708968009805403e+02,3.234245599999999854e+02
8.386236412875535962e+02,3.234245599999999854e+02
8.386307981216484677e+02,3.234245599999999854e+02
8.387350304566349450e+02,3.234245599999999854e+02
8.387906994423165088e+02,3.234245599999999854e+02
7.795259999999999536e+02,9.916785000000000139e+01
8.389506007629844362e+02,3.234245599999999854e+02
8.390548821023597839e+02,3.234245599999999854e+02
8.391105020836524773e+02,3.234245599999999854e+02
8.392635406866952508e+02,3.234245599999999854e+02
8.392704034043205183e+02,3.234245599999999854e+02
8.393747337480845090e+02,3.234245599999999854e+02
8.394303047249884457e+02,3.234245599999999854e+02
8.396812418895704013e+02,3.234245599999999854e+02
8.395902060456564868e+02,3.234245599999999854e+02
8.396945853938093478e+02,3.234245599999999854e+02
8.397501073663244142e+02,3.234245599999999854e+02
8.399034400858367917e+02,3.234245599999999854e+02
8.399100086869924553e+02,3.234245599999999854e+02
8.400144370395341866e+02,3.234245599999999854e+02
8.400699100076604964e+02,3.234245599999999854e+02
8.405181837346436851e+02,3.234245599999999854e+02
8.402298113283284238e+02,3.234245599999999854e+02
8.403342886852589118e+02,3.234245599999999854e+02
8.403897126489964648e+02,3.234245599999999854e+02
8.405433394849784463e+02,3.234245599999999854e+02
8.405496139696643922e+02,3.234245599999999854e+02
8.406541403309837506e+02,3.234245599999999854e+02
8.407095152903324333e+02,3.234245599999999854e+02
8.409618258404907465e+02,3.234245599999999854e+02
8.408694166110003607e+02,3.234245599999999854e+02
8.409739919767084757e+02,3.234245599999999854e+02
8.410293179316684018e+02,3.234245599999999854e+02
8.411832388841201009e+02,3.234245599999999854e+02
8.411892192523364429e+02,3.234245599999999854e+02
8.412938436224333145e+02,3.234245599999999854e+02
8.413491205730043703e+02,3.234245599999999854e+02
8.421982517241378901e+02,3.234245599999999854e+02
8.415090218936724114e+02,3.234245599999999854e+02
8.416136952681581533e+02,3.234245599999999854e+02
8.416689232143403387e+02,3.234245599999999854e+02
8.418231382832617555e+02,3.234245599999999854e+02
8.418288245350083798e+02,3.234245599999999854e+02
8.419335469138828785e+02,3.234245599999999854e+02
8.419887258556764209e+02,3.234245599999999854e+02
8.422424097914109780e+02,3.234245599999999854e+02
8.421486271763443483e+02,3.234245599999999854e+02
8.422533985596077173e+02,3.234245599999999854e+02
8.423085284970123894e+02,3.234245599999999854e+02
8.424630376824034101e+02,3.234245599999999854e+02
8.424684298176803168e+02,3.234245599999999854e+02
8.425732502053324424e+02,3.234245599999999854e+02
8.426283311383483579e+02,3.234245599999999854e+02
8.430824980343979860e+02,3.234245599999999854e+02
8.427882324590163989e+02,3.234245599999999854e+02
8.428931018510572812e+02,3.234245599999999854e+02
8.429481337796843263e+02,3.234245599999999854e+02
8.431029370815449511e+02,3.234245599999999854e+02
8.431080351003523674e+02,3.234245599999999854e+02
8.432129534967821201e+02,3.234245599999999854e+02
8.432679364210202948e+02,3.234245599999999854e+02
8.435229937423312094e+02,3.234245599999999854e+02
8.434278377416883359e+02,3.234245599999999854e+02
8.435328051425068452e+02,3.234245599999999854e+02
8.435877390623563770e+02,3.234245599999999854e+02
8.437428364806866057e+02,3.234245599999999854e+02
8.437476403830243044e+02,3.234245599999999854e+02
8.438526567882316840e+02,3.234245599999999854e+02
8.439075417036923454e+02,3.234245599999999854e+02
7.920153000000000247e+02,1.308176300000000083e+02
8.440674430243602728e+02,3.592846700000000055e+02
8.441725084339564091e+02,3.592846700000000055e+02
8.442273443450283139e+02,3.592846700000000055e+02
8.443827358798282603e+02,3.592846700000000055e+02
8.443872456656962413e+02,3.592846700000000055e+02
8.444923600796812480e+02,3.592846700000000055e+02
8.445471469863642824e+02,3.592846700000000055e+02
8.448035776932514409e+02,3.592846700000000055e+02
8.447070483070323235e+02,3.592846700000000055e+02
8.448122117254060868e+02,3.592846700000000055e+02
8.448669496277002509e+02,3.592846700000000055e+02
8.450226352789699149e+02,3.592846700000000055e+02
8.450268509483682919e+02,3.592846700000000055e+02
8.451320633711308119e+02,3.592846700000000055e+02
8.451867522690362193e+02,3.592846700000000055e+02
8.456468123341522869e+02,3.592846700000000055e+02
8.453466535897042604e+02,3.592846700000000055e+02
8.454519150168556507e+02,3.592846700000000055e+02
8.455065549103723015e+02,3.592846700000000055e+02
8.456625346781115695e+02,3.592846700000000055e+02
8.456664562310402289e+02,3.592846700000000055e+02
8.457717666625803759e+02,3.592846700000000055e+02
8.458263575517082700e+02,3.592846700000000055e+02
8.460841616441716724e+02,3.592846700000000055e+02
8.459862588723761974e+02,3.592846700000000055e+02
8.460916183083052147e+02,3.592846700000000055e+02
8.461461601930442384e+02,3.592846700000000055e+02
8.463024340772531104e+02,3.592846700000000055e+02
8.463060615137122795e+02,3.592846700000000055e+02
8.464114699540300535e+02,3.592846700000000055e+02
8.464659628343802069e+02,3.592846700000000055e+02
8.473395124137930452e+02,3.592846700000000055e+02
8.466258641550482480e+02,3.592846700000000055e+02
8.467313215997547786e+02,3.592846700000000055e+02
8.467857654757161754e+02,3.592846700000000055e+02
8.469423334763947651e+02,3.592846700000000055e+02
8.469456667963842165e+02,3.592846700000000055e+02
8.470511732454796174e+02,3.592846700000000055e+02
8.471055681170522575e+02,3.592846700000000055e+02
8.473647455950919039e+02,3.592846700000000055e+02
8.472654694377201849e+02,3.592846700000000055e+02
8.473710248912043426e+02,3.592846700000000055e+02
8.474253707583882260e+02,3.592846700000000055e+02
8.475822328755364197e+02,3.592846700000000055e+02
8.475852720790561534e+02,3.592846700000000055e+02
8.476908765369291814e+02,3.592846700000000055e+02
8.477451733997241945e+02,3.592846700000000055e+02
8.482111266339065878e+02,3.592846700000000055e+02
8.479050747203921219e+02,3.592846700000000055e+02
8.480107281826540202e+02,3.592846700000000055e+02
8.480649760410601630e+02,3.592846700000000055e+02
8.482221322746780743e+02,3.592846700000000055e+02
8.482248773617282041e+02,3.592846700000000055e+02
8.483305798283787453e+02,3.592846700000000055e+02
8.483847786823961314e+02,3.592846700000000055e+02
8.486453295460121353e+02,3.592846700000000055e+02
8.485446800030641725e+02,3.592846700000000055e+02
8.486504314741035842e+02,3.592846700000000055e+02
8.487045813237320999e+02,3.592846700000000055e+02
8.488620316738197289e+02,3.592846700000000055e+02
8.488644826444001410e+02,3.592846700000000055e+02
8.489702831198283093e+02,3.592846700000000055e+02
8.490243839650681821e+02,3.592846700000000055e+02
8.041730000000000018e+02,1.649705800000000124e+02
8.491842852857361095e+02,3.592846700000000055e+02
8.492901347655531481e+02,3.592846700000000055e+02
8.493441866064041506e+02,3.592846700000000055e+02
8.495019310729612698e+02,3.592846700000000055e+02
8.495040879270720779e+02,3.592846700000000055e+02
8.496099864112779869e+02,3.592846700000000055e+02
8.496639892477401190e+02,3.592846700000000055e+02
8.499259134969323668e+02,3.592846700000000055e+02
8.498238905684081601e+02,3.592846700000000055e+02
8.499298380570027120e+02,3.592846700000000055e+02
8.499837918890760875e+02,3.592846700000000055e+02
8.501418304721029244e+02,3.592846700000000055e+02
8.501436932097441286e+02,3.592846700000000055e+02
8.502496897027275509e+02,3.592846700000000055e+02
8.503035945304120560e+02,3.592846700000000055e+02
8.507754409336608887e+02,3.592846700000000055e+02
8.504634958510800971e+02,3.592846700000000055e+02
8.505695413484522760e+02,3.592846700000000055e+02
8.506233971717480244e+02,3.592846700000000055e+02
8.507817298712445790e+02,3.592846700000000055e+02
8.507832984924160655e+02,3.592846700000000055e+02
8.508893929941771148e+02,3.592846700000000055e+02
8.509431998130841066e+02,3.592846700000000055e+02
8.512064974478527120e+02,3.592846700000000055e+02
8.511031011337520340e+02,3.592846700000000055e+02
8.512092446399019536e+02,3.592846700000000055e+02
8.512630024544200751e+02,3.592846700000000055e+02
8.514216292703862337e+02,3.592846700000000055e+02
8.514229037750880025e+02,3.592846700000000055e+02
8.515290962856266788e+02,3.592846700000000055e+02
8.515828050957560436e+02,3.592846700000000055e+02
8.524807731034482003e+02,3.592846700000000055e+02
8.517427064164240846e+02,3.592846700000000055e+02
8.518489479313515176e+02,3.592846700000000055e+02
8.519026077370920120e+02,3.592846700000000055e+02
8.520615286695277746e+02,3.592846700000000055e+02
8.520625090577600531e+02,3.592846700000000055e+02
8.521687995770762427e+02,3.592846700000000055e+02
8.522224103784279805e+02,3.592846700000000055e+02
8.524870813987729434e+02,3.592846700000000055e+02
8.523823116990960216e+02,3.592846700000000055e+02
8.524886512228010815e+02,3.592846700000000055e+02
8.525422130197640627e+02,3.592846700000000055e+02
8.527014280686694292e+02,3.592846700000000055e+02
8.527021143404319901e+02,3.592846700000000055e+02
8.528085028685259203e+02,3.592846700000000055e+02
8.528620156611000311e+02,3.592846700000000055e+02
8.533397552334151897e+02,3.592846700000000055e+02
8.530219169817679585e+02,3.592846700000000055e+02
8.531283545142506455e+02,3.592846700000000055e+02
8.531818183024359996e+02,3.592846700000000055e+02
8.533413274678110838e+02,3.592846700000000055e+02
8.533417196231040407e+02,3.592846700000000055e+02
8.534482061599754843e+02,3.592846700000000055e+02
8.535016209437719681e+02,3.592846700000000055e+02
8.537676653496931749e+02,3.592846700000000055e+02
8.536615222644400092e+02,3.592846700000000055e+02
8.537680578057002094e+02,3.592846700000000055e+02
8.538214235851079366e+02,3.592846700000000055e+02
8.539812268669527384e+02,3.592846700000000055e+02
8.539813249057759776e+02,3.592846700000000055e+02
8.540879094514250482e+02,3.592846700000000055e+02
8.541412262264439050e+02,3.592846700000000055e+02
8.157247300000000223e+02,2.032143599999999992e+02
8.543011275471119461e+02,3.917001999999999953e+02
8.544077610971498871e+02,3.917001999999999953e+02
8.544610288677799872e+02,3.917001999999999953e+02
8.546211262660943930e+02,3.917001999999999953e+02
8.546209301884479146e+02,3.917001999999999953e+02
8.547276127428746122e+02,3.917001999999999953e+02
8.547808315091159557e+02,3.917001999999999953e+02
8.550482493006134064e+02,3.917001999999999953e+02
8.549407328297838831e+02,3.917001999999999953e+02
8.550474643885994510e+02,3.917001999999999953e+02
8.551006341504519241e+02,3.917001999999999953e+02
8.552610256652359340e+02,3.917001999999999953e+02
8.552605354711199652e+02,3.917001999999999953e+02
8.553673160343241761e+02,3.917001999999999953e+02
8.554204367917878926e+02,3.917001999999999953e+02
8.559040695331694906e+02,3.917001999999999953e+02
8.555803381124559337e+02,3.917001999999999953e+02
8.556871676800490150e+02,3.917001999999999953e+02
8.557402394331238611e+02,3.917001999999999953e+02
8.559009250643775886e+02,3.917001999999999953e+02
8.559001407537919022e+02,3.917001999999999953e+02
8.560070193257738538e+02,3.917001999999999953e+02
8.560600420744599433e+02,3.917001999999999953e+02
8.563288332515336378e+02,3.917001999999999953e+02
8.562199433951278706e+02,3.917001999999999953e+02
8.563268709714985789e+02,3.917001999999999953e+02
8.563798447157959117e+02,3.917001999999999953e+02
8.565408244635192432e+02,3.917001999999999953e+02
8.565397460364638391e+02,3.917001999999999953e+02
8.566467226172234177e+02,3.917001999999999953e+02
8.566996473571318802e+02,3.917001999999999953e+02
8.576220337931033555e+02,3.917001999999999953e+02
8.568595486777999213e+02,3.917001999999999953e+02
8.569665742629481429e+02,3.917001999999999953e+02
8.570194499984678487e+02,3.917001999999999953e+02
8.571807238626608978e+02,3.917001999999999953e+02
8.571793513191358898e+02,3.917001999999999953e+02
8.572864259086729817e+02,3.917001999999999953e+02
8.573392526398038171e+02,3.917001999999999953e+02
8.576094172024538693e+02,3.917001999999999953e+02
8.574991539604718582e+02,3.917001999999999953e+02
8.576062775543978205e+02,3.917001999999999953e+02
8.576590552811397856e+02,3.917001999999999953e+02
8.578206232618025524e+02,3.917001999999999953e+02
8.578189566018078267e+02,3.917001999999999953e+02
8.579261292001225456e+02,3.917001999999999953e+02
8.579788579224758678e+02,3.917001999999999953e+02
8.584683838329237915e+02,3.917001999999999953e+02
8.581387592431437952e+02,3.917001999999999953e+02
8.582459808458473844e+02,3.917001999999999953e+02
8.582986605638118363e+02,3.917001999999999953e+02
8.584605226609440933e+02,3.917001999999999953e+02
8.584585618844797636e+02,3.917001999999999953e+02
8.585658324915721096e+02,3.917001999999999953e+02
8.586184632051478047e+02,3.917001999999999953e+02
8.588900011533741008e+02,3.917001999999999953e+02
8.587783645258158458e+02,3.917001999999999953e+02
8.588856841372969484e+02,3.917001999999999953e+02
8.589382658464837732e+02,3.917001999999999953e+02
8.591004220600857479e+02,3.917001999999999953e+02
8.590981671671518143e+02,3.917001999999999953e+02
8.592055357830217872e+02,3.917001999999999953e+02
8.592580684878197417e+02,3.917001999999999953e+02
8.246341999999999643e+02,2.412687999999999988e+02
8.594179698084877828e+02,3.917001999999999953e+02
8.595253874287465123e+02,3.917001999999999953e+02
8.595778711291558238e+02,3.917001999999999953e+02
8.597403214592274026e+02,3.917001999999999953e+02
8.597377724498237512e+02,3.917001999999999953e+02
8.598452390744713512e+02,3.917001999999999953e+02
8.598976737704917923e+02,3.917001999999999953e+02
8.601705851042943323e+02,3.917001999999999953e+02
8.600575750911597197e+02,3.917001999999999953e+02
8.601650907201960763e+02,3.917001999999999953e+02
8.602174764118277608e+02,3.917001999999999953e+02
8.603802208583690572e+02,3.917001999999999953e+02
8.603773777324956882e+02,3.917001999999999953e+02
8.604849423659209151e+02,3.917001999999999953e+02
8.605372790531637293e+02,3.917001999999999953e+02
8.610326981326780924e+02,3.917001999999999953e+02
8.606971803738317703e+02,3.917001999999999953e+02
8.608047940116457539e+02,3.917001999999999953e+02
8.608570816944996977e+02,3.917001999999999953e+02
8.610201202575107118e+02,3.917001999999999953e+02
8.610169830151677388e+02,3.917001999999999953e+02
8.611246456573704791e+02,3.917001999999999953e+02
8.611768843358356662e+02,3.917001999999999953e+02
8.614511690552145637e+02,3.917001999999999953e+02
8.613367856565037073e+02,3.917001999999999953e+02
8.614444973030953179e+02,3.917001999999999953e+02
8.614966869771717484e+02,3.917001999999999953e+02
8.616600196566522527e+02,3.917001999999999953e+02
8.616565882978396758e+02,3.917001999999999953e+02
8.617643489488200430e+02,3.917001999999999953e+02
8.618164896185077168e+02,3.917001999999999953e+02
8.627632944827585106e+02,3.917001999999999953e+02
8.619763909391756442e+02,3.917001999999999953e+02
8.620842005945448818e+02,3.917001999999999953e+02
8.621362922598436853e+02,3.917001999999999953e+02
8.622999190557939073e+02,3.917001999999999953e+02
8.622961935805117264e+02,3.917001999999999953e+02
8.624040522402697206e+02,3.917001999999999953e+02
8.624560949011796538e+02,3.917001999999999953e+02
8.627317530061349089e+02,3.917001999999999953e+02
8.626159962218476949e+02,3.917001999999999953e+02
8.627239038859944458e+02,3.917001999999999953e+02
8.627758975425156223e+02,3.917001999999999953e+02
8.629398184549355619e+02,3.917001999999999953e+02
8.629357988631836633e+02,3.917001999999999953e+02
8.630437555317192846e+02,3.917001999999999953e+02
8.630957001838517044e+02,3.917001999999999953e+02
8.635970124324323933e+02,3.917001999999999953e+02
8.632556015045196318e+02,3.917001999999999953e+02
8.633636071774440097e+02,3.917001999999999953e+02
8.634155028251876729e+02,3.917001999999999953e+02
8.635797178540772165e+02,3.917001999999999953e+02
8.635754041458556003e+02,3.917001999999999953e+02
8.636834588231688485e+02,3.917001999999999953e+02
8.637353054665236414e+02,3.917001999999999953e+02
8.640123369570551404e+02,3.917001999999999953e+02
8.638952067871915688e+02,3.917001999999999953e+02
8.640033104688936874e+02,3.917001999999999953e+02
8.640551081078596098e+02,3.917001999999999953e+02
8.642196172532187575e+02,3.917001999999999953e+02
8.642150094285276509e+02,3.917001999999999953e+02
8.643231621146184125e+02,3.917001999999999953e+02
8.643749107491955783e+02,3.917001999999999953e+02
8.324017999999999802e+02,2.807938199999999824e+02
8.645348120698636194e+02,4.190631000000000199e+02
8.646430137603432513e+02,4.190631000000000199e+02
8.646947133905315468e+02,4.190631000000000199e+02
8.648595166523604121e+02,4.190631000000000199e+02
8.648546147111995879e+02,4.190631000000000199e+02
8.649628654060679764e+02,4.190631000000000199e+02
8.650145160318676290e+02,4.190631000000000199e+02
8.652929209079753718e+02,4.190631000000000199e+02
8.651744173525355563e+02,4.190631000000000199e+02
8.652827170517928153e+02,4.190631000000000199e+02
8.653343186732035974e+02,4.190631000000000199e+02
8.654994160515020667e+02,4.190631000000000199e+02
8.654942199938715248e+02,4.190631000000000199e+02
8.656025686975175404e+02,4.190631000000000199e+02
8.656541213145395659e+02,4.190631000000000199e+02
8.661613267321866942e+02,4.190631000000000199e+02
8.658140226352076070e+02,4.190631000000000199e+02
8.659224203432423792e+02,4.190631000000000199e+02
8.659739239558755344e+02,4.190631000000000199e+02
8.661393154506437213e+02,4.190631000000000199e+02
8.661338252765435755e+02,4.190631000000000199e+02
8.662422719889672180e+02,4.190631000000000199e+02
8.662937265972115028e+02,4.190631000000000199e+02
8.665735048588956033e+02,4.190631000000000199e+02
8.664536279178795439e+02,4.190631000000000199e+02
8.665621236346919432e+02,4.190631000000000199e+02
8.666135292385474713e+02,4.190631000000000199e+02
8.667792148497853759e+02,4.190631000000000199e+02
8.667734305592155124e+02,4.190631000000000199e+02
8.668819752804167820e+02,4.190631000000000199e+02
8.669333318798835535e+02,4.190631000000000199e+02
8.679045551724136658e+02,4.190631000000000199e+02
8.670932332005514809e+02,4.190631000000000199e+02
8.672018269261415071e+02,4.190631000000000199e+02
8.672531345212195220e+02,4.190631000000000199e+02
8.674191142489269168e+02,4.190631000000000199e+02
8.674130358418874494e+02,4.190631000000000199e+02
8.675216785718663459e+02,4.190631000000000199e+02
8.675729371625554904e+02,4.190631000000000199e+02
8.678540888098158348e+02,4.190631000000000199e+02
8.677328384832235315e+02,4.190631000000000199e+02
8.678415302175911847e+02,4.190631000000000199e+02
8.678927398038914589e+02,4.190631000000000199e+02
8.680590136480685715e+02,4.190631000000000199e+02
8.680526411245595000e+02,4.190631000000000199e+02
8.681613818633159099e+02,4.190631000000000199e+02
8.682125424452274274e+02,4.190631000000000199e+02
8.687256410319409952e+02,4.190631000000000199e+02
8.683724437658954685e+02,4.190631000000000199e+02
8.684812335090407487e+02,4.190631000000000199e+02
8.685323450865635095e+02,4.190631000000000199e+02
8.686989130472102261e+02,4.190631000000000199e+02
8.686922464072314369e+02,4.190631000000000199e+02
8.688010851547654738e+02,4.190631000000000199e+02
8.688521477278994780e+02,4.190631000000000199e+02
8.691346727607360663e+02,4.190631000000000199e+02
8.690120490485674054e+02,4.190631000000000199e+02
8.691209368004903126e+02,4.190631000000000199e+02
8.691719503692354465e+02,4.190631000000000199e+02
8.693388124463518807e+02,4.190631000000000199e+02
8.693318516899034876e+02,4.190631000000000199e+02
8.694407884462151515e+02,4.190631000000000199e+02
8.694917530105714150e+02,4.190631000000000199e+02
8.407291000000000167e+02,3.234245599999999854e+02
8.696516543312394560e+02,4.190631000000000199e+02
8.697606400919398766e+02,4.190631000000000199e+02
8.698115556519073834e+02,4.190631000000000199e+02
8.699787118454935353e+02,4.190631000000000199e+02
8.699714569725754245e+02,4.190631000000000199e+02
8.700804917376647154e+02,4.190631000000000199e+02
8.701313582932433519e+02,4.190631000000000199e+02
8.704152567116562977e+02,4.190631000000000199e+02
8.702912596139113930e+02,4.190631000000000199e+02
8.704003433833894405e+02,4.190631000000000199e+02
8.704511609345794341e+02,4.190631000000000199e+02
8.706186112446350762e+02,4.190631000000000199e+02
8.706110622552473615e+02,4.190631000000000199e+02
8.707201950291142794e+02,4.190631000000000199e+02
8.707709635759154025e+02,4.190631000000000199e+02
8.712899553316952961e+02,4.190631000000000199e+02
8.709308648965833299e+02,4.190631000000000199e+02
8.710400466748391182e+02,4.190631000000000199e+02
8.710907662172513710e+02,4.190631000000000199e+02
8.712585106437767308e+02,4.190631000000000199e+02
8.712506675379194121e+02,4.190631000000000199e+02
8.713598983205638433e+02,4.190631000000000199e+02
8.714105688585873395e+02,4.190631000000000199e+02
8.716958406625765292e+02,4.190631000000000199e+02
8.715704701792553806e+02,4.190631000000000199e+02
8.716797499662886821e+02,4.190631000000000199e+02
8.717303714999233080e+02,4.190631000000000199e+02
8.718984100429183854e+02,4.190631000000000199e+02
8.718902728205913490e+02,4.190631000000000199e+02
8.719996016120134072e+02,4.190631000000000199e+02
8.720501741412593901e+02,4.190631000000000199e+02
8.730458158620689346e+02,2.566759000000000128e+02
8.722100754619273175e+02,2.566759000000000128e+02
8.723194532577382461e+02,2.566759000000000128e+02
8.723699767825953586e+02,2.566759000000000128e+02
8.725383094420600401e+02,2.566759000000000128e+02
8.725298781032632860e+02,2.566759000000000128e+02
8.726393049034630849e+02,2.566759000000000128e+02
8.726897794239313271e+02,2.566759000000000128e+02
8.729764246134968744e+02,2.566759000000000128e+02
8.728496807445993682e+02,2.566759000000000128e+02
8.729591565491878100e+02,2.566759000000000128e+02
8.730095820652672955e+02,2.566759000000000128e+02
8.731782088412016947e+02,2.566759000000000128e+02
8.731694833859353366e+02,2.566759000000000128e+02
8.732790081949126488e+02,2.566759000000000128e+02
8.733293847066032640e+02,2.566759000000000128e+02
8.738542696314495970e+02,2.566759000000000128e+02
8.734892860272713051e+02,2.566759000000000128e+02
8.735988598406373740e+02,2.566759000000000128e+02
8.736491873479392325e+02,2.566759000000000128e+02
8.738181082403432356e+02,2.566759000000000128e+02
8.738090886686072736e+02,2.566759000000000128e+02
8.739187114863622128e+02,2.566759000000000128e+02
8.739689899892753147e+02,2.566759000000000128e+02
8.742570085644171058e+02,2.566759000000000128e+02
8.741288913099432420e+02,2.566759000000000128e+02
8.742385631320870516e+02,2.566759000000000128e+02
8.742887926306112831e+02,2.566759000000000128e+02
8.744580076394848902e+02,2.566759000000000128e+02
8.744486939512792105e+02,2.566759000000000128e+02
8.745584147778117767e+02,2.566759000000000128e+02
8.746085952719472516e+02,2.566759000000000128e+02
8.512745400000000018e+02,3.592846700000000055e+02
8.747684965926152927e+02,4.273228799999999978e+02
8.748782664235366155e+02,4.273228799999999978e+02
8.749283979132832201e+02,4.273228799999999978e+02
8.750979070386265448e+02,4.273228799999999978e+02
8.750882992339512612e+02,4.273228799999999978e+02
8.751981180692613407e+02,4.273228799999999978e+02
8.752482005546191886e+02,4.273228799999999978e+02
8.755375925153373373e+02,4.273228799999999978e+02
8.754081018752872296e+02,4.273228799999999978e+02
8.755179697149861795e+02,4.273228799999999978e+02
8.755680031959552707e+02,4.273228799999999978e+02
8.757378064377681994e+02,4.273228799999999978e+02
8.757279045166231981e+02,4.273228799999999978e+02
8.758378213607110183e+02,4.273228799999999978e+02
8.758878058372912392e+02,4.273228799999999978e+02
8.764185839312038979e+02,4.273228799999999978e+02
8.760477071579591666e+02,4.273228799999999978e+02
8.761576730064357434e+02,4.273228799999999978e+02
8.762076084786272077e+02,4.273228799999999978e+02
8.763777058369098540e+02,4.273228799999999978e+02
8.763675097992951351e+02,4.273228799999999978e+02
8.764775246521605823e+02,4.273228799999999978e+02
8.765274111199631761e+02,4.273228799999999978e+02
8.768181764662575688e+02,4.273228799999999978e+02
8.766873124406312172e+02,4.273228799999999978e+02
8.767973762978853074e+02,4.273228799999999978e+02
8.768472137612991446e+02,4.273228799999999978e+02
8.770176052360513950e+02,4.273228799999999978e+02
8.770071150819671857e+02,4.273228799999999978e+02
8.771172279436101462e+02,4.273228799999999978e+02
8.771670164026351131e+02,4.273228799999999978e+02
8.781870765517240898e+02,4.273228799999999978e+02
8.773269177233031542e+02,4.273228799999999978e+02
8.774370795893349850e+02,4.273228799999999978e+02
8.774868190439711952e+02,4.273228799999999978e+02
8.776575046351930496e+02,4.273228799999999978e+02
8.776467203646391226e+02,4.273228799999999978e+02
8.777569312350597102e+02,4.273228799999999978e+02
8.778066216853071637e+02,4.273228799999999978e+02
8.780987604171778003e+02,4.273228799999999978e+02
8.779665230059750911e+02,4.273228799999999978e+02
8.780767828807845490e+02,4.273228799999999978e+02
8.781264243266431322e+02,4.273228799999999978e+02
8.782974040343347042e+02,4.273228799999999978e+02
8.782863256473111733e+02,4.273228799999999978e+02
8.783966345265092741e+02,4.273228799999999978e+02
8.784462269679791007e+02,4.273228799999999978e+02
8.789828982309581988e+02,4.273228799999999978e+02
8.786061282886471417e+02,4.273228799999999978e+02
8.787164861722341129e+02,4.273228799999999978e+02
8.787660296093150691e+02,4.273228799999999978e+02
8.789373034334763588e+02,4.273228799999999978e+02
8.789259309299831102e+02,4.273228799999999978e+02
8.790363378179589517e+02,4.273228799999999978e+02
8.790858322506511513e+02,4.273228799999999978e+02
8.793793443680980317e+02,4.273228799999999978e+02
8.792457335713190787e+02,4.273228799999999978e+02
8.793561894636836769e+02,4.273228799999999978e+02
8.794056348919871198e+02,4.273228799999999978e+02
8.795772028326178997e+02,4.273228799999999978e+02
8.795655362126550472e+02,4.273228799999999978e+02
8.796760411094085157e+02,4.273228799999999978e+02
8.797254375333230882e+02,4.273228799999999978e+02
8.597627999999999702e+02,3.917001999999999953e+02
8.798853388539910156e+02,4.273228799999999978e+02
8.799958927551332408e+02,4.273228799999999978e+02
8.800452401746590567e+02,4.273228799999999978e+02
8.802171022317595543e+02,4.273228799999999978e+02
8.802051414953270978e+02,4.273228799999999978e+02
8.803157444008580796e+02,4.273228799999999978e+02
8.803650428159950252e+02,4.273228799999999978e+02
8.806599283190182632e+02,4.273228799999999978e+02
8.805249441366630663e+02,4.273228799999999978e+02
8.806355960465829185e+02,4.273228799999999978e+02
8.806848454573309937e+02,4.273228799999999978e+02
8.808570016309012090e+02,4.273228799999999978e+02
8.808447467779990347e+02,4.273228799999999978e+02
8.809554476923076436e+02,4.273228799999999978e+02
8.810046480986670758e+02,4.273228799999999978e+02
8.815472125307124998e+02,4.273228799999999978e+02
8.811645494193350032e+02,4.273228799999999978e+02
8.812752993380324824e+02,4.273228799999999978e+02
8.813244507400030443e+02,4.273228799999999978e+02
8.814969010300428636e+02,4.273228799999999978e+02
8.814843520606709717e+02,4.273228799999999978e+02
8.815951509837572075e+02,4.273228799999999978e+02
8.816442533813390128e+02,4.273228799999999978e+02
8.819405122699384947e+02,4.273228799999999978e+02
8.818041547020070539e+02,4.273228799999999978e+02
8.819150026294820464e+02,4.273228799999999978e+02
8.819640560226749813e+02,4.273228799999999978e+02
8.821368004291845182e+02,4.273228799999999978e+02
8.821239573433430223e+02,4.273228799999999978e+02
8.822348542752068852e+02,4.273228799999999978e+02
8.822838586640109497e+02,4.273228799999999978e+02
8.833283372413792449e+02,4.273228799999999978e+02
8.824437599846789908e+02,4.273228799999999978e+02
8.825547059209316103e+02,4.273228799999999978e+02
8.826036613053470319e+02,4.273228799999999978e+02
8.827766998283260591e+02,4.273228799999999978e+02
8.827635626260149593e+02,4.273228799999999978e+02
8.828745575666564491e+02,4.273228799999999978e+02
8.829234639466830004e+02,4.273228799999999978e+02
8.832210962208588398e+02,4.273228799999999978e+02
8.830833652673509278e+02,4.273228799999999978e+02
8.831944092123811743e+02,4.273228799999999978e+02
8.832432665880189688e+02,4.273228799999999978e+02
8.834165992274677137e+02,4.273228799999999978e+02
8.834031679086868962e+02,4.273228799999999978e+02
8.835142608581060131e+02,4.273228799999999978e+02
8.835630692293549373e+02,4.273228799999999978e+02
8.841115268304668007e+02,4.273228799999999978e+02
8.837229705500229784e+02,4.273228799999999978e+02
8.838341125038308519e+02,4.273228799999999978e+02
8.838828718706909058e+02,4.273228799999999978e+02
8.840564986266093683e+02,4.273228799999999978e+02
8.840427731913589469e+02,4.273228799999999978e+02
8.841539641495555770e+02,4.273228799999999978e+02
8.842026745120268743e+02,4.273228799999999978e+02
8.845016801717790713e+02,4.273228799999999978e+02
8.843625758326949153e+02,4.273228799999999978e+02
8.844738157952804158e+02,4.273228799999999978e+02
8.845224771533629564e+02,4.273228799999999978e+02
8.846963980257510229e+02,4.273228799999999978e+02
8.846823784740308838e+02,4.273228799999999978e+02
8.847936674410051410e+02,4.273228799999999978e+02
8.848422797946989249e+02,4.273228799999999978e+02
8.714687500000000000e+02,4.190631000000000199e+02
8.850021811153668523e+02,4.273228799999999978e+02
8.851135190867299798e+02,4.273228799999999978e+02
8.851620824360348934e+02,4.273228799999999978e+02
8.853362974248926776e+02,4.273228799999999978e+02
8.853219837567029344e+02,4.273228799999999978e+02
8.854333707324548186e+02,4.273228799999999978e+02
8.854818850773708618e+02,4.273228799999999978e+02
8.857822641226993028e+02,4.273228799999999978e+02
8.856417863980389029e+02,4.273228799999999978e+02
8.857532223781795437e+02,4.273228799999999978e+02
8.858016877187068303e+02,4.273228799999999978e+02
8.859761968240342185e+02,4.273228799999999978e+02
8.859615890393748714e+02,4.273228799999999978e+02
8.860730740239043826e+02,4.273228799999999978e+02
8.861214903600427988e+02,4.273228799999999978e+02
8.866758411302211016e+02,4.273228799999999978e+02
8.862813916807108399e+02,4.273228799999999978e+02
8.863929256696291077e+02,4.273228799999999978e+02
8.864412930013788809e+02,4.273228799999999978e+02
8.866160962231758731e+02,4.273228799999999978e+02
8.866011943220468083e+02,4.273228799999999978e+02
8.867127773153539465e+02,4.273228799999999978e+02
8.867610956427148494e+02,4.273228799999999978e+02
8.870628480736195343e+02,4.273228799999999978e+02
8.869209969633827768e+02,4.273228799999999978e+02
8.870326289610787853e+02,4.273228799999999978e+02
8.870808982840508179e+02,4.273228799999999978e+02
8.872559956223175277e+02,4.273228799999999978e+02
8.872407996047188590e+02,4.273228799999999978e+02
8.873524806068035105e+02,4.273228799999999978e+02
8.874007009253867864e+02,4.273228799999999978e+02
8.884695979310344001e+02,4.273228799999999978e+02
8.875606022460548274e+02,4.273228799999999978e+02
8.876723322525283493e+02,4.273228799999999978e+02
8.877205035667227548e+02,4.273228799999999978e+02
8.878958950214591823e+02,4.273228799999999978e+02
8.878804048873907959e+02,4.273228799999999978e+02
8.879921838982530744e+02,4.273228799999999978e+02
8.880403062080588370e+02,4.273228799999999978e+02
8.883434320245397657e+02,4.273228799999999978e+02
8.882002075287267644e+02,4.273228799999999978e+02
8.883120355439779132e+02,4.273228799999999978e+02
8.883601088493948055e+02,4.273228799999999978e+02
8.885357944206008369e+02,4.273228799999999978e+02
8.885200101700627329e+02,4.273228799999999978e+02
8.886318871897027520e+02,4.273228799999999978e+02
8.886799114907307739e+02,4.273228799999999978e+02
8.892401554299754025e+02,4.273228799999999978e+02
8.888398128113988150e+02,4.273228799999999978e+02
8.889517388354274772e+02,4.273228799999999978e+02
8.889997141320667424e+02,4.273228799999999978e+02
8.891756938197423779e+02,4.273228799999999978e+02
8.891596154527347835e+02,4.273228799999999978e+02
8.892715904811523160e+02,4.273228799999999978e+02
8.893195167734027109e+02,4.273228799999999978e+02
8.896240159754599972e+02,4.273228799999999978e+02
8.894794180940707520e+02,4.273228799999999978e+02
8.895914421268770411e+02,4.273228799999999978e+02
8.896393194147386794e+02,4.273228799999999978e+02
8.898155932188840325e+02,4.273228799999999978e+02
8.897992207354067205e+02,4.273228799999999978e+02
8.899112937726018799e+02,4.273228799999999978e+02
8.899591220560747615e+02,4.273228799999999978e+02
8.818198999999999614e+02,4.273228799999999978e+02
8.901190233767426889e+02,4.298972200000000043e+02
8.902311454183267188e+02,4.298972200000000043e+02
8.902789246974107300e+02,4.298972200000000043e+02
8.904554926180256871e+02,4.298972200000000043e+02
8.904388260180786574e+02,4.298972200000000043e+02
8.905509970640514439e+02,4.298972200000000043e+02
8.905987273387466985e+02,4.298972200000000043e+02
8.909045999263802287e+02,4.298972200000000043e+02
8.907586286594147396e+02,4.298972200000000043e+02
8.908708487097762827e+02,4.298972200000000043e+02
8.909185299800826670e+02,4.298972200000000043e+02
8.910953920171673417e+02,4.298972200000000043e+02
8.910784313007507080e+02,4.298972200000000043e+02
8.911907003555010078e+02,4.298972200000000043e+02
8.912383326214186354e+02,4.298972200000000043e+02
8.918044697297297034e+02,4.298972200000000043e+02
8.913982339420866765e+02,4.298972200000000043e+02
8.915105520012258467e+02,4.298972200000000043e+02
8.915581352627547176e+02,4.298972200000000043e+02
8.917352914163089963e+02,4.298972200000000043e+02
8.917180365834226450e+02,4.298972200000000043e+02
8.918304036469506855e+02,4.298972200000000043e+02
8.918779379040906861e+02,4.298972200000000043e+02
8.921851838773004602e+02,4.298972200000000043e+02
8.920378392247586135e+02,4.298972200000000043e+02
8.921502552926754106e+02,4.298972200000000043e+02
8.921977405454266545e+02,4.298972200000000043e+02
8.923751908154505372e+02,4.298972200000000043e+02
8.923576418660946956e+02,4.298972200000000043e+02
8.924701069384002494e+02,4.298972200000000043e+02
8.925175431867626230e+02,4.298972200000000043e+02
8.936108586206895552e+02,4.298972200000000043e+02
8.926774445074306641e+02,4.298972200000000043e+02
8.927899585841249745e+02,4.298972200000000043e+02
8.928373458280985915e+02,4.298972200000000043e+02
8.930150902145921918e+02,4.298972200000000043e+02
8.929972471487666326e+02,4.298972200000000043e+02
8.931098102298498134e+02,4.298972200000000043e+02
8.931571484694345600e+02,4.298972200000000043e+02
8.934657678282208053e+02,4.298972200000000043e+02
8.933170497901026010e+02,4.298972200000000043e+02
8.934296618755746522e+02,4.298972200000000043e+02
8.934769511107706421e+02,4.298972200000000043e+02
8.936549896137338465e+02,4.298972200000000043e+02
8.936368524314385695e+02,4.298972200000000043e+02
8.937495135212993773e+02,4.298972200000000043e+02
8.937967537521066106e+02,4.298972200000000043e+02
8.943687840294840043e+02,4.298972200000000043e+02
8.939566550727745380e+02,4.298972200000000043e+02
8.940693651670242161e+02,4.298972200000000043e+02
8.941165563934425791e+02,4.298972200000000043e+02
8.942948890128755011e+02,4.298972200000000043e+02
8.942764577141106201e+02,4.298972200000000043e+02
8.943892168127489413e+02,4.298972200000000043e+02
8.944363590347785475e+02,4.298972200000000043e+02
8.947463517791410368e+02,4.298972200000000043e+02
8.945962603554465886e+02,4.298972200000000043e+02
8.947090684584737801e+02,4.298972200000000043e+02
8.947561616761145160e+02,4.298972200000000043e+02
8.949347884120170420e+02,4.298972200000000043e+02
8.949160629967825571e+02,4.298972200000000043e+02
8.950289201041986189e+02,4.298972200000000043e+02
8.950759643174505982e+02,4.298972200000000043e+02
9.014818999999999960e+02,4.298972200000000043e+02
8.952358656381185256e+02,4.298972200000000043e+02
8.953487717499233440e+02,4.298972200000000043e+02
8.953957669587865666e+02,4.298972200000000043e+02
8.955746878111586966e+02,4.298972200000000043e+02
8.955556682794544940e+02,4.298972200000000043e+02
8.956686233956481828e+02,4.298972200000000043e+02
8.957155696001225351e+02,4.298972200000000043e+02
8.960269357300612683e+02,4.298972200000000043e+02
8.958754709207904625e+02,4.298972200000000043e+02
8.959884750413729080e+02,4.298972200000000043e+02
8.960353722414585036e+02,4.298972200000000043e+02
8.962145872103003512e+02,4.298972200000000043e+02
8.961952735621265447e+02,4.298972200000000043e+02
8.963083266870977468e+02,4.298972200000000043e+02
8.963551748827944721e+02,4.298972200000000043e+02
8.969330983292383053e+02,4.298972200000000043e+02
8.965150762034625131e+02,4.298972200000000043e+02
8.966281783328225856e+02,4.298972200000000043e+02
8.966749775241304405e+02,4.298972200000000043e+02
8.968544866094420058e+02,4.298972200000000043e+02
8.968348788447984816e+02,4.298972200000000043e+02
8.969480299785473107e+02,4.298972200000000043e+02
8.969947801654665227e+02,4.298972200000000043e+02
8.973075196809814997e+02,4.298972200000000043e+02
8.971546814861344501e+02,4.298972200000000043e+02
8.972678816242721496e+02,4.298972200000000043e+02
8.973145828068024912e+02,4.298972200000000043e+02
8.974943860085836604e+02,4.298972200000000043e+02
8.974744841274704186e+02,4.298972200000000043e+02
8.975877332699968747e+02,4.298972200000000043e+02
8.976343854481384597e+02,4.298972200000000043e+02
8.987521193103447104e+02,4.298972200000000043e+02
8.977942867688065007e+02,4.298972200000000043e+02
8.979075849157217135e+02,4.298972200000000043e+02
8.979541880894744281e+02,4.298972200000000043e+02
8.981342854077252014e+02,4.298972200000000043e+02
8.981140894101424692e+02,4.298972200000000043e+02
8.982274365614465523e+02,4.298972200000000043e+02
8.982739907308103966e+02,4.298972200000000043e+02
8.985881036319017312e+02,4.298972200000000043e+02
8.984338920514784377e+02,4.298972200000000043e+02
8.985472882071712775e+02,4.298972200000000043e+02
8.985937933721464788e+02,4.298972200000000043e+02
8.987741848068668560e+02,4.298972200000000043e+02
8.987536946928144062e+02,4.298972200000000043e+02
8.988671398528961163e+02,4.298972200000000043e+02
8.989135960134824472e+02,4.298972200000000043e+02
8.994974126289926062e+02,4.298972200000000043e+02
8.990734973341503746e+02,4.298972200000000043e+02
8.991869914986208414e+02,4.298972200000000043e+02
8.992333986548184157e+02,4.298972200000000043e+02
8.994140842060085106e+02,4.298972200000000043e+02
8.993932999754863431e+02,4.298972200000000043e+02
8.995068431443456802e+02,4.298972200000000043e+02
8.995532012961543842e+02,4.298972200000000043e+02
8.998686875828219627e+02,4.298972200000000043e+02
8.997131026168224253e+02,4.298972200000000043e+02
8.998266947900704054e+02,4.298972200000000043e+02
8.998730039374903527e+02,4.298972200000000043e+02
9.000539836051501652e+02,4.298972200000000043e+02
9.000329052581583937e+02,4.298972200000000043e+02
9.001465464357952442e+02,4.298972200000000043e+02
9.001928065788263211e+02,4.298972200000000043e+02
9.203819600000000491e+02,4.176666299999999978e+02
9.003527078994943622e+02,4.298972200000000043e+02
9.004663980815200830e+02,4.298972200000000043e+02
9.005126092201624033e+02,4.298972200000000043e+02
9.006938830042918198e+02,4.298972200000000043e+02
9.006725105408303307e+02,4.298972200000000043e+02
9.007862497272448081e+02,4.298972200000000043e+02
9.008324118614983718e+02,4.298972200000000043e+02
9.011492715337421942e+02,4.298972200000000043e+02
9.009923131821662992e+02,4.298972200000000043e+02
9.011061013729696469e+02,4.298972200000000043e+02
9.011522145028343402e+02,4.298972200000000043e+02
9.013337824034333607e+02,4.298972200000000043e+02
9.013121158235023813e+02,4.298972200000000043e+02
9.014259530186943721e+02,4.298972200000000043e+02
9.014720171441703087e+02,4.298972200000000043e+02
9.020617269287469071e+02,4.298972200000000043e+02
9.016319184648383498e+02,4.298972200000000043e+02
9.017458046644192109e+02,4.298972200000000043e+02
9.017918197855062772e+02,4.298972200000000043e+02
9.019736818025750154e+02,4.298972200000000043e+02
9.019517211061743183e+02,4.298972200000000043e+02
9.020656563101440497e+02,4.298972200000000043e+02
9.021116224268422457e+02,4.298972200000000043e+02
9.024298554846624256e+02,4.298972200000000043e+02
9.022715237475102867e+02,4.298972200000000043e+02
9.023855079558687748e+02,4.298972200000000043e+02
9.024314250681783278e+02,4.298972200000000043e+02
9.026135812017166700e+02,4.298972200000000043e+02
9.025913263888462552e+02,4.298972200000000043e+02
9.027053596015936137e+02,4.298972200000000043e+02
9.027512277095142963e+02,4.298972200000000043e+02
9.038933799999999792e+02,4.298972200000000043e+02
9.029111290301822237e+02,4.298972200000000043e+02
9.030252112473183388e+02,4.298972200000000043e+02
9.030710303508502648e+02,4.298972200000000043e+02
9.032534806008583246e+02,4.298972200000000043e+02
9.032309316715183058e+02,4.298972200000000043e+02
9.033450628930431776e+02,4.298972200000000043e+02
9.033908329921862332e+02,4.298972200000000043e+02
9.037104394355826571e+02,4.298972200000000043e+02
9.035507343128542743e+02,4.298972200000000043e+02
9.036649145387680164e+02,4.298972200000000043e+02
9.037106356335222017e+02,4.298972200000000043e+02
9.038933799999999792e+02,4.298972200000000043e+02
9.038705369541902428e+02,4.298972200000000043e+02
9.039847661844927416e+02,4.298972200000000043e+02
9.040304382748582839e+02,4.298972200000000043e+02
9.046260412285012080e+02,4.298972200000000043e+02
9.041903395955262113e+02,4.298972200000000043e+02
9.043046178302175804e+02,4.298972200000000043e+02
9.043502409161942523e+02,4.298972200000000043e+02
9.045332793991415201e+02,4.298972200000000043e+02
9.045101422368621797e+02,4.298972200000000043e+02
9.046244694759423055e+02,4.298972200000000043e+02
9.046700435575302208e+02,4.298972200000000043e+02
9.049910233865030023e+02,4.298972200000000043e+02
9.048299448781982619e+02,4.298972200000000043e+02
9.049443211216671443e+02,4.298972200000000043e+02
9.049898461988661893e+02,4.298972200000000043e+02
9.051731787982831747e+02,4.298972200000000043e+02
9.051497475195342304e+02,4.298972200000000043e+02
9.052641727673919831e+02,4.298972200000000043e+02
9.053096488402021578e+02,4.298972200000000043e+02
9.301750500000000557e+02,4.050337999999999852e+02
9.054695501608701989e+02,4.298972200000000043e+02
9.055840244131167083e+02,4.298972200000000043e+02
9.056294514815381262e+02,4.298972200000000043e+02
9.058130781974248293e+02,4.298972200000000043e+02
9.057893528022061673e+02,4.298972200000000043e+02
9.059038760588415471e+02,4.298972200000000043e+02
9.059492541228742084e+02,4.298972200000000043e+02
9.062716073374232337e+02,4.298972200000000043e+02
9.061091554435421358e+02,4.298972200000000043e+02
9.062237277045662722e+02,4.298972200000000043e+02
9.062690567642101769e+02,4.298972200000000043e+02
9.064529775965664840e+02,4.298972200000000043e+02
9.064289580848781043e+02,4.298972200000000043e+02
9.065435793502911110e+02,4.298972200000000043e+02
9.065888594055461454e+02,4.298972200000000043e+02
9.071903555282555089e+02,4.298972200000000043e+02
9.067487607262141864e+02,4.298972200000000043e+02
9.068634309960159499e+02,4.298972200000000043e+02
9.069086620468821138e+02,4.298972200000000043e+02
9.070928769957080249e+02,4.298972200000000043e+02
9.070685633675501549e+02,4.298972200000000043e+02
9.071832826417406750e+02,4.298972200000000043e+02
9.072284646882180823e+02,4.298972200000000043e+02
9.075521912883434652e+02,4.298972200000000043e+02
9.073883660088861234e+02,4.298972200000000043e+02
9.075031342874655138e+02,4.298972200000000043e+02
9.075482673295541645e+02,4.298972200000000043e+02
9.077327763948496795e+02,4.298972200000000043e+02
9.077081686502220919e+02,4.298972200000000043e+02
9.078229859331902389e+02,4.298972200000000043e+02
9.078680699708901329e+02,4.298972200000000043e+02
9.090346406896551343e+02,4.298972200000000043e+02
9.080279712915580603e+02,4.298972200000000043e+02
9.081428375789150778e+02,4.298972200000000043e+02
9.081878726122261014e+02,4.298972200000000043e+02
9.083726757939913341e+02,4.298972200000000043e+02
9.083477739328941425e+02,4.298972200000000043e+02
9.084626892246399166e+02,4.298972200000000043e+02
9.085076752535620699e+02,4.298972200000000043e+02
9.088327752392636967e+02,4.298972200000000043e+02
9.086675765742301110e+02,4.298972200000000043e+02
9.087825408703646417e+02,4.298972200000000043e+02
9.088274778948980384e+02,4.298972200000000043e+02
9.090125751931329887e+02,4.298972200000000043e+02
9.089873792155660794e+02,4.298972200000000043e+02
9.091023925160894805e+02,4.298972200000000043e+02
9.091472805362340068e+02,4.298972200000000043e+02
9.097546698280098099e+02,4.298972200000000043e+02
9.093071818569020479e+02,4.298972200000000043e+02
9.094222441618142057e+02,4.298972200000000043e+02
9.094670831775700890e+02,4.298972200000000043e+02
9.096524745922746433e+02,4.298972200000000043e+02
9.096269844982380164e+02,4.298972200000000043e+02
9.097420958075390445e+02,4.298972200000000043e+02
9.097868858189060575e+02,4.298972200000000043e+02
9.101133591901839281e+02,4.298972200000000043e+02
9.099467871395739849e+02,4.298972200000000043e+02
9.100619474532638833e+02,4.298972200000000043e+02
9.101066884602420259e+02,4.298972200000000043e+02
9.102923739914161843e+02,4.298972200000000043e+02
9.102665897809100670e+02,4.298972200000000043e+02
9.103817990989886084e+02,4.298972200000000043e+02
9.104264911015779944e+02,4.298972200000000043e+02
9.301750500000000557e+02,4.050337999999999852e+02
9.105863924222460355e+02,4.176666299999999978e+02
9.107016507447134472e+02,4.176666299999999978e+02
9.107462937429139629e+02,4.176666299999999978e+02
9.109322733905578389e+02,4.176666299999999978e+02
9.109061950635820040e+02,4.176666299999999978e+02
9.110215023904381724e+02,4.176666299999999978e+02
9.110660963842500450e+02,4.176666299999999978e+02
9.113939431411041596e+02,4.176666299999999978e+02
9.112259977049179724e+02,4.176666299999999978e+02
9.113413540361630112e+02,4.176666299999999978e+02
9.113858990255860135e+02,4.176666299999999978e+02
9.115721727896994935e+02,4.176666299999999978e+02
9.115458003462539409e+02,4.176666299999999978e+02
9.116612056818878500e+02,4.176666299999999978e+02
9.117057016669219820e+02,4.176666299999999978e+02
9.123189841277641108e+02,4.176666299999999978e+02
9.118656029875899094e+02,4.176666299999999978e+02
9.119810573276125751e+02,4.176666299999999978e+02
9.120255043082579505e+02,4.176666299999999978e+02
9.122120721888411481e+02,4.176666299999999978e+02
9.121854056289259916e+02,4.176666299999999978e+02
9.123009089733374140e+02,4.176666299999999978e+02
9.123453069495939189e+02,4.176666299999999978e+02
9.126745270920243911e+02,4.176666299999999978e+02
9.125052082702619600e+02,4.176666299999999978e+02
9.126207606190621391e+02,4.176666299999999978e+02
9.126651095909298874e+02,4.176666299999999978e+02
9.128519715879828027e+02,4.176666299999999978e+02
9.128250109115979285e+02,4.176666299999999978e+02
9.129406122647869779e+02,4.176666299999999978e+02
9.129849122322659696e+02,4.176666299999999978e+02
9.141759013793102895e+02,4.176666299999999978e+02
9.131448135529338970e+02,4.176666299999999978e+02
9.132604639105118167e+02,4.176666299999999978e+02
9.133047148736019381e+02,4.176666299999999978e+02
9.134918709871243436e+02,4.176666299999999978e+02
9.134646161942698654e+02,4.176666299999999978e+02
9.135803155562365419e+02,4.176666299999999978e+02
9.136245175149379065e+02,4.176666299999999978e+02
9.139551110429446226e+02,4.176666299999999978e+02
9.137844188356059476e+02,4.176666299999999978e+02
9.139001672019613807e+02,4.176666299999999978e+02
9.139443201562738750e+02,4.176666299999999978e+02
9.141317703862659982e+02,4.176666299999999978e+02
9.141042214769419161e+02,4.176666299999999978e+02
9.142200188476861058e+02,4.176666299999999978e+02
9.142641227976098435e+02,4.176666299999999978e+02
9.148832984275184117e+02,4.176666299999999978e+02
9.144240241182778846e+02,4.176666299999999978e+02
9.145398704934109446e+02,4.176666299999999978e+02
9.145839254389459256e+02,4.176666299999999978e+02
9.147716697854076529e+02,4.176666299999999978e+02
9.147438267596138530e+02,4.176666299999999978e+02
9.148597221391357834e+02,4.176666299999999978e+02
9.149037280802818941e+02,4.176666299999999978e+02
9.152356949938649677e+02,4.176666299999999978e+02
9.150636294009498215e+02,4.176666299999999978e+02
9.151795737848605086e+02,4.176666299999999978e+02
9.152235307216178626e+02,4.176666299999999978e+02
9.154115691845493075e+02,4.176666299999999978e+02
9.153834320422857900e+02,4.176666299999999978e+02
9.154994254305853474e+02,4.176666299999999978e+02
9.155433333629538311e+02,4.176666299999999978e+02
7.427360999999999649e+02,2.584307999999999765e+02
9.157032346836218721e+02,4.176666299999999978e+02
9.158192770763100725e+02,4.176666299999999978e+02
9.158631360042897995e+02,4.176666299999999978e+02
9.160514685836909621e+02,4.176666299999999978e+02
9.160230373249578406e+02,4.176666299999999978e+02
9.161391287220349113e+02,4.176666299999999978e+02
9.161829386456257680e+02,4.176666299999999978e+02
9.165162789447851992e+02,4.176666299999999978e+02
9.163428399662938091e+02,4.176666299999999978e+02
9.164589803677597502e+02,4.176666299999999978e+02
9.165027412869618502e+02,4.176666299999999978e+02
9.166913679828325030e+02,4.176666299999999978e+02
9.166626426076297776e+02,4.176666299999999978e+02
9.167788320134844753e+02,4.176666299999999978e+02
9.168225439282978186e+02,4.176666299999999978e+02
9.174476127272727126e+02,4.176666299999999978e+02
9.169824452489657460e+02,4.176666299999999978e+02
9.170986836592093141e+02,4.176666299999999978e+02
9.171423465696337871e+02,4.176666299999999978e+02
9.173312673819741576e+02,4.176666299999999978e+02
9.173022478903018282e+02,4.176666299999999978e+02
9.174185353049340392e+02,4.176666299999999978e+02
9.174621492109697556e+02,4.176666299999999978e+02
9.177968628957054307e+02,4.176666299999999978e+02
9.176220505316377967e+02,4.176666299999999978e+02
9.177383869506588780e+02,4.176666299999999978e+02
9.177819518523057241e+02,4.176666299999999978e+02
9.179711667811158122e+02,4.176666299999999978e+02
9.179418531729737651e+02,4.176666299999999978e+02
9.180582385963837169e+02,4.176666299999999978e+02
9.181017544936418062e+02,4.176666299999999978e+02
9.193171620689654446e+02,4.176666299999999978e+02
9.182616558143097336e+02,4.176666299999999978e+02
9.183780902421084420e+02,4.176666299999999978e+02
9.184215571349777747e+02,4.176666299999999978e+02
9.186110661802574668e+02,4.176666299999999978e+02
9.185814584556457021e+02,4.176666299999999978e+02
9.186979418878332808e+02,4.176666299999999978e+02
9.187413597763137432e+02,4.176666299999999978e+02
9.190774468466256621e+02,4.176666299999999978e+02
9.189012610969816706e+02,4.176666299999999978e+02
9.190177935335580059e+02,4.176666299999999978e+02
9.190611624176497116e+02,4.176666299999999978e+02
9.192509655793991215e+02,4.176666299999999978e+02
9.192210637383177527e+02,4.176666299999999978e+02
9.193376451792828448e+02,4.176666299999999978e+02
9.193809650589856801e+02,4.176666299999999978e+02
9.200119270270270135e+02,4.176666299999999978e+02
9.195408663796537212e+02,4.176666299999999978e+02
9.196574968250076836e+02,4.176666299999999978e+02
9.197007677003216486e+02,4.176666299999999978e+02
9.198908649785406624e+02,4.176666299999999978e+02
9.198606690209896897e+02,4.176666299999999978e+02
9.199773484707324087e+02,4.176666299999999978e+02
9.200205703416577308e+02,4.176666299999999978e+02
9.203580307975458936e+02,4.176666299999999978e+02
9.201804716623256581e+02,4.176666299999999978e+02
9.202972001164572475e+02,4.176666299999999978e+02
9.203403729829936992e+02,4.176666299999999978e+02
9.205307643776823170e+02,4.176666299999999978e+02
9.205002743036616266e+02,4.176666299999999978e+02
9.206170517621819727e+02,4.176666299999999978e+02
9.206601756243296677e+02,4.176666299999999978e+02
7.427360999999999649e+02,2.584307999999999765e+02
9.208200769449977088e+02,2.581424600000000282e+02
9.209369034079068115e+02,2.581424600000000282e+02
9.209799782656656362e+02,2.581424600000000282e+02
9.211706637768239716e+02,2.581424600000000282e+02
9.211398795863336773e+02,2.581424600000000282e+02
9.212567550536316503e+02,2.581424600000000282e+02
9.212997809070016046e+02,2.581424600000000282e+02
9.216386147484661251e+02,2.581424600000000282e+02
9.214596822276696457e+02,2.581424600000000282e+02
9.215766066993563754e+02,2.581424600000000282e+02
9.216195835483375731e+02,2.581424600000000282e+02
9.218105631759656262e+02,2.581424600000000282e+02
9.217794848690056142e+02,2.581424600000000282e+02
9.218964583450812142e+02,2.581424600000000282e+02
9.219393861896736553e+02,2.581424600000000282e+02
9.225762413267813145e+02,2.581424600000000282e+02
9.220992875103415827e+02,2.581424600000000282e+02
9.222163099908059394e+02,2.581424600000000282e+02
9.222591888310096238e+02,2.581424600000000282e+02
9.224504625751071671e+02,2.581424600000000282e+02
9.224190901516775511e+02,2.581424600000000282e+02
9.225361616365307782e+02,2.581424600000000282e+02
9.225789914723455922e+02,2.581424600000000282e+02
9.229191986993863566e+02,2.581424600000000282e+02
9.227388927930136333e+02,2.581424600000000282e+02
9.228560132822556170e+02,2.581424600000000282e+02
9.228987941136815607e+02,2.581424600000000282e+02
9.230903619742488218e+02,2.581424600000000282e+02
9.230586954343496018e+02,2.581424600000000282e+02
9.231758649279803421e+02,2.581424600000000282e+02
9.232185967550175292e+02,2.581424600000000282e+02
9.244584227586205998e+02,2.581424600000000282e+02
9.233784980756855703e+02,2.581424600000000282e+02
9.234957165737051810e+02,2.581424600000000282e+02
9.235383993963536113e+02,2.581424600000000282e+02
9.237302613733904764e+02,2.581424600000000282e+02
9.236983007170215387e+02,2.581424600000000282e+02
9.238155682194299061e+02,2.581424600000000282e+02
9.238582020376895798e+02,2.581424600000000282e+02
9.241997826503065880e+02,2.581424600000000282e+02
9.240181033583575072e+02,2.581424600000000282e+02
9.241354198651547449e+02,2.581424600000000282e+02
9.241780046790255483e+02,2.581424600000000282e+02
9.243701607725321310e+02,2.581424600000000282e+02
9.243379059996935894e+02,2.581424600000000282e+02
9.244552715108795837e+02,2.581424600000000282e+02
9.244978073203615168e+02,2.581424600000000282e+02
9.251405556265355017e+02,2.581424600000000282e+02
9.246577086410295578e+02,2.581424600000000282e+02
9.247751231566043089e+02,2.581424600000000282e+02
9.248176099616974852e+02,2.581424600000000282e+02
9.250100601716737856e+02,2.581424600000000282e+02
9.249775112823655263e+02,2.581424600000000282e+02
9.250949748023291477e+02,2.581424600000000282e+02
9.251374126030334537e+02,2.581424600000000282e+02
9.254803666012269332e+02,2.581424600000000282e+02
9.252973139237014948e+02,2.581424600000000282e+02
9.254148264480538728e+02,2.581424600000000282e+02
9.254572152443695359e+02,2.581424600000000282e+02
9.256499595708153265e+02,2.581424600000000282e+02
9.256171165650374633e+02,2.581424600000000282e+02
9.257346780937787116e+02,2.581424600000000282e+02
9.257770178857055043e+02,2.581424600000000282e+02
8.195887999999999920e+02,2.548768300000000124e+02
9.259369192063734317e+02,2.581424600000000282e+02
9.260545297395035504e+02,2.581424600000000282e+02
9.260968205270414728e+02,2.581424600000000282e+02
9.262898589699569811e+02,2.581424600000000282e+02
9.262567218477095139e+02,2.581424600000000282e+02
9.263743813852282756e+02,2.581424600000000282e+02
9.264166231683774413e+02,2.581424600000000282e+02
9.267609505521471647e+02,2.581424600000000282e+02
9.265765244890454824e+02,2.581424600000000282e+02
9.266942330309531144e+02,2.581424600000000282e+02
9.267364258097134098e+02,2.581424600000000282e+02
9.269297583690986357e+02,2.581424600000000282e+02
9.268963271303814508e+02,2.581424600000000282e+02
9.270140846766778395e+02,2.581424600000000282e+02
9.270562284510494919e+02,2.581424600000000282e+02
9.277048699262898026e+02,2.581424600000000282e+02
9.272161297717174193e+02,2.581424600000000282e+02
9.273339363224026783e+02,2.581424600000000282e+02
9.273760310923854604e+02,2.581424600000000282e+02
9.275696577682402904e+02,2.581424600000000282e+02
9.275359324130533878e+02,2.581424600000000282e+02
9.276537879681275172e+02,2.581424600000000282e+02
9.276958337337214289e+02,2.581424600000000282e+02
9.280415345030673961e+02,2.581424600000000282e+02
9.278557350543894700e+02,2.581424600000000282e+02
9.279736396138522423e+02,2.581424600000000282e+02
9.280156363750573973e+02,2.581424600000000282e+02
9.282095571673819450e+02,2.581424600000000282e+02
9.281755376957254384e+02,2.581424600000000282e+02
9.282934912595770811e+02,2.581424600000000282e+02
9.283354390163933658e+02,2.581424600000000282e+02
9.295996834482757549e+02,4.050337999999999852e+02
9.284953403370614069e+02,4.050337999999999852e+02
9.286133429053018062e+02,4.050337999999999852e+02
9.286552416577293343e+02,4.050337999999999852e+02
9.288494565665234859e+02,4.050337999999999852e+02
9.288151429783973754e+02,4.050337999999999852e+02
9.289331945510266451e+02,4.050337999999999852e+02
9.289750442990654165e+02,4.050337999999999852e+02
9.293221184539876276e+02,4.050337999999999852e+02
9.291349456197333438e+02,4.050337999999999852e+02
9.292530461967514839e+02,4.050337999999999852e+02
9.292948469404013849e+02,4.050337999999999852e+02
9.294893559656651405e+02,4.050337999999999852e+02
9.294547482610693123e+02,4.050337999999999852e+02
9.295728978424762090e+02,4.050337999999999852e+02
9.296146495817373534e+02,4.050337999999999852e+02
9.302691842260441035e+02,4.050337999999999852e+02
9.297745509024053945e+02,4.050337999999999852e+02
9.298927494882010478e+02,4.050337999999999852e+02
9.299344522230733219e+02,4.050337999999999852e+02
9.301292553648067951e+02,4.050337999999999852e+02
9.300943535437413630e+02,4.050337999999999852e+02
9.302126011339257730e+02,4.050337999999999852e+02
9.302542548644092903e+02,4.050337999999999852e+02
9.306027024049078591e+02,4.050337999999999852e+02
9.304141561850773314e+02,4.050337999999999852e+02
9.305324527796506118e+02,4.050337999999999852e+02
9.305740575057453725e+02,4.050337999999999852e+02
9.307691547639484497e+02,4.050337999999999852e+02
9.307339588264132999e+02,4.050337999999999852e+02
9.308523044253754506e+02,4.050337999999999852e+02
9.308938601470813410e+02,4.050337999999999852e+02
8.735794700000000148e+02,2.566759000000000128e+02
9.310537614677492684e+02,4.050337999999999852e+02
9.311721560711001757e+02,4.050337999999999852e+02
9.312136627884173095e+02,4.050337999999999852e+02
9.314090541630901043e+02,4.050337999999999852e+02
9.313735641090852369e+02,4.050337999999999852e+02
9.314920077168250145e+02,4.050337999999999852e+02
9.315334654297532779e+02,4.050337999999999852e+02
9.318832863558280906e+02,4.050337999999999852e+02
9.316933667504213190e+02,4.050337999999999852e+02
9.318118593625497397e+02,4.050337999999999852e+02
9.318532680710892464e+02,4.050337999999999852e+02
9.320489535622316453e+02,4.050337999999999852e+02
9.320131693917572875e+02,4.050337999999999852e+02
9.321317110082745785e+02,4.050337999999999852e+02
9.321730707124252149e+02,4.050337999999999852e+02
9.328334985257984044e+02,4.050337999999999852e+02
9.323329720330932560e+02,4.050337999999999852e+02
9.324515626539994173e+02,4.050337999999999852e+02
9.324928733537612970e+02,4.050337999999999852e+02
9.326888529613732999e+02,4.050337999999999852e+02
9.326527746744292244e+02,4.050337999999999852e+02
9.327714142997241424e+02,4.050337999999999852e+02
9.328126759950972655e+02,4.050337999999999852e+02
9.331638703067483220e+02,4.050337999999999852e+02
9.329725773157651929e+02,4.050337999999999852e+02
9.330912659454489813e+02,4.050337999999999852e+02
9.331324786364332340e+02,4.050337999999999852e+02
9.333287523605149545e+02,4.050337999999999852e+02
9.332923799571012751e+02,4.050337999999999852e+02
9.334111175911737064e+02,4.050337999999999852e+02
9.334522812777692025e+02,4.050337999999999852e+02
9.347409441379309101e+02,4.050337999999999852e+02
9.336121825984372435e+02,4.050337999999999852e+02
9.337309692368985452e+02,4.050337999999999852e+02
9.337720839191051709e+02,4.050337999999999852e+02
9.339686517596566091e+02,4.050337999999999852e+02
9.339319852397732120e+02,4.050337999999999852e+02
9.340508208826233840e+02,4.050337999999999852e+02
9.340918865604412531e+02,4.050337999999999852e+02
9.344444542576685535e+02,4.050337999999999852e+02
9.342517878811091805e+02,4.050337999999999852e+02
9.343706725283481092e+02,4.050337999999999852e+02
9.344116892017772216e+02,4.050337999999999852e+02
9.346085511587982637e+02,4.050337999999999852e+02
9.345715905224451490e+02,4.050337999999999852e+02
9.346905241740729480e+02,4.050337999999999852e+02
9.347314918431131900e+02,4.050337999999999852e+02
9.353978128255527054e+02,4.050337999999999852e+02
9.348913931637811174e+02,4.050337999999999852e+02
9.350103758197976731e+02,4.050337999999999852e+02
9.350512944844491585e+02,4.050337999999999852e+02
9.352484505579398046e+02,4.050337999999999852e+02
9.352111958051171996e+02,4.050337999999999852e+02
9.353302274655225119e+02,4.050337999999999852e+02
9.353710971257851270e+02,4.050337999999999852e+02
9.357250382085888987e+02,4.050337999999999852e+02
9.355309984464531681e+02,4.050337999999999852e+02
9.356500791112472371e+02,4.050337999999999852e+02
9.356908997671210955e+02,4.050337999999999852e+02
9.358883499570814593e+02,4.050337999999999852e+02
9.358508010877891365e+02,4.050337999999999852e+02
9.359699307569720759e+02,4.050337999999999852e+02
9.360107024084571776e+02,4.050337999999999852e+02
9.275773000000000366e+02,2.581424600000000282e+02
9.361706037291251050e+02,4.050337999999999852e+02
9.362897824026969147e+02,4.050337999999999852e+02
9.363305050497931461e+02,4.050337999999999852e+02
9.365282493562231139e+02,4.050337999999999852e+02
9.364904063704610735e+02,4.050337999999999852e+02
9.366096340484216398e+02,4.050337999999999852e+02
9.366503076911291146e+02,4.050337999999999852e+02
9.370056221595091301e+02,4.050337999999999852e+02
9.368102090117971557e+02,4.050337999999999852e+02
9.369294856941464786e+02,4.050337999999999852e+02
9.369701103324650830e+02,4.050337999999999852e+02
9.371681487553647685e+02,4.050337999999999852e+02
9.371300116531331241e+02,4.050337999999999852e+02
9.372493373398712038e+02,4.050337999999999852e+02
9.372899129738010515e+02,4.050337999999999852e+02
9.379621271253070063e+02,4.050337999999999852e+02
9.374498142944690926e+02,4.050337999999999852e+02
9.375691889855960426e+02,4.050337999999999852e+02
9.376097156151370200e+02,4.050337999999999852e+02
9.378080481545063094e+02,4.050337999999999852e+02
9.377696169358050611e+02,4.050337999999999852e+02
9.378890406313208814e+02,4.050337999999999852e+02
9.379295182564731022e+02,4.050337999999999852e+02
9.382862061104293616e+02,4.050337999999999852e+02
9.380894195771410295e+02,4.050337999999999852e+02
9.382088922770456065e+02,4.050337999999999852e+02
9.382493208978090706e+02,4.050337999999999852e+02
9.384479475536479640e+02,4.050337999999999852e+02
9.384092222184769980e+02,4.050337999999999852e+02
9.385287439227704454e+02,4.050337999999999852e+02
9.385691235391450391e+02,4.050337999999999852e+02
9.398822048275861789e+02,4.050337999999999852e+02
9.387290248598130802e+02,4.050337999999999852e+02
9.388485955684951705e+02,4.050337999999999852e+02
9.388889261804810076e+02,4.050337999999999852e+02
9.390878469527896186e+02,4.050337999999999852e+02
9.390488275011490487e+02,4.050337999999999852e+02
9.391684472142200093e+02,4.050337999999999852e+02
9.392087288218169761e+02,4.050337999999999852e+02
9.395667900613495931e+02,4.050337999999999852e+02
9.393686301424850171e+02,4.050337999999999852e+02
9.394882988599448481e+02,4.050337999999999852e+02
9.395285314631530582e+02,4.050337999999999852e+02
9.397277463519312732e+02,4.050337999999999852e+02
9.396884327838209856e+02,4.050337999999999852e+02
9.398081505056695732e+02,4.050337999999999852e+02
9.398483341044890267e+02,4.050337999999999852e+02
9.405264414250613072e+02,4.050337999999999852e+02
9.400082354251569541e+02,4.050337999999999852e+02
9.401280021513944121e+02,4.050337999999999852e+02
9.401681367458249952e+02,4.050337999999999852e+02
9.403676457510729279e+02,4.050337999999999852e+02
9.403280380664930362e+02,4.050337999999999852e+02
9.404478537971191372e+02,4.050337999999999852e+02
9.404879393871609636e+02,4.050337999999999852e+02
9.408473740122698246e+02,4.050337999999999852e+02
9.406478407078290047e+02,4.050337999999999852e+02
9.407677054428439760e+02,4.050337999999999852e+02
9.408077420284969321e+02,4.050337999999999852e+02
9.410075451502144688e+02,4.050337999999999852e+02
9.409676433491649732e+02,4.050337999999999852e+02
9.410875570885688148e+02,4.050337999999999852e+02
9.411275446698329006e+02,4.050337999999999852e+02
9.720729999999999791e+02,2.599931599999999889e+02
9.412874459905009417e+02,3.684245599999999854e+02
9.414074087342935400e+02,3.684245599999999854e+02
9.414473473111689827e+02,3.684245599999999854e+02
9.416474445493561234e+02,3.684245599999999854e+02
9.416072486318369101e+02,3.684245599999999854e+02
9.417272603800183788e+02,3.684245599999999854e+02
9.417671499525049512e+02,3.684245599999999854e+02
9.421279579631900560e+02,3.684245599999999854e+02
9.419270512731728786e+02,3.684245599999999854e+02
9.420471120257431039e+02,3.684245599999999854e+02
9.420869525938409197e+02,3.684245599999999854e+02
9.422873439484977780e+02,3.684245599999999854e+02
9.422468539145089608e+02,3.684245599999999854e+02
9.423669636714679427e+02,3.684245599999999854e+02
9.424067552351768882e+02,3.684245599999999854e+02
9.430907557248156081e+02,3.684245599999999854e+02
9.425666565558449292e+02,3.684245599999999854e+02
9.426868153171927815e+02,3.684245599999999854e+02
9.427265578765128566e+02,3.684245599999999854e+02
9.429272433476394326e+02,3.684245599999999854e+02
9.428864591971808977e+02,3.684245599999999854e+02
9.430066669629175067e+02,3.684245599999999854e+02
9.430463605178489388e+02,3.684245599999999854e+02
9.434085419141102875e+02,3.684245599999999854e+02
9.432062618385168662e+02,3.684245599999999854e+02
9.433265186086423455e+02,3.684245599999999854e+02
9.433661631591849073e+02,3.684245599999999854e+02
9.435671427467810872e+02,3.684245599999999854e+02
9.435260644798528347e+02,3.684245599999999854e+02
9.436463702543670706e+02,3.684245599999999854e+02
9.436859658005208757e+02,3.684245599999999854e+02
9.450234655172413341e+02,3.684245599999999854e+02
9.438458671211889168e+02,3.684245599999999854e+02
9.439662219000919094e+02,3.684245599999999854e+02
9.440057684418568442e+02,3.684245599999999854e+02
9.442070421459226282e+02,3.684245599999999854e+02
9.441656697625248853e+02,3.684245599999999854e+02
9.442860735458167483e+02,3.684245599999999854e+02
9.443255710831928127e+02,3.684245599999999854e+02
9.446891258650305190e+02,3.684245599999999854e+02
9.444854724038608538e+02,3.684245599999999854e+02
9.446059251915414734e+02,3.684245599999999854e+02
9.446453737245287812e+02,3.684245599999999854e+02
9.448469415450642828e+02,3.684245599999999854e+02
9.448052750451968222e+02,3.684245599999999854e+02
9.449257768372663122e+02,3.684245599999999854e+02
9.449651763658648633e+02,3.684245599999999854e+02
9.456550700245699090e+02,3.684245599999999854e+02
9.451250776865327907e+02,3.684245599999999854e+02
9.452456284829910373e+02,3.684245599999999854e+02
9.452849790072008318e+02,3.684245599999999854e+02
9.454868409442059374e+02,3.684245599999999854e+02
9.454448803278687592e+02,3.684245599999999854e+02
9.455654801287158762e+02,3.684245599999999854e+02
9.456047816485368003e+02,3.684245599999999854e+02
9.459697098159507505e+02,3.684245599999999854e+02
9.457646829692048414e+02,3.684245599999999854e+02
9.458853317744407150e+02,3.684245599999999854e+02
9.459245842898727687e+02,3.684245599999999854e+02
9.461267403433475920e+02,3.684245599999999854e+02
9.460844856105408098e+02,3.684245599999999854e+02
9.462051834201654401e+02,3.684245599999999854e+02
9.462443869312087372e+02,3.684245599999999854e+02
9.961535599999999704e+02,2.610962999999999852e+02
9.464042882518767783e+02,3.684245599999999854e+02
9.465250350658902789e+02,3.684245599999999854e+02
9.465641895725448194e+02,3.684245599999999854e+02
9.467666397424892466e+02,3.684245599999999854e+02
9.467240908932127468e+02,3.684245599999999854e+02
9.468448867116150041e+02,3.684245599999999854e+02
9.468839922138807879e+02,3.684245599999999854e+02
9.472502937668710956e+02,3.684245599999999854e+02
9.470438935345487153e+02,3.684245599999999854e+02
9.471647383573398429e+02,3.684245599999999854e+02
9.472037948552167563e+02,3.684245599999999854e+02
9.474065391416307875e+02,3.684245599999999854e+02
9.473636961758846837e+02,3.684245599999999854e+02
9.474845900030646817e+02,3.684245599999999854e+02
9.475235974965527248e+02,3.684245599999999854e+02
9.482193843243242100e+02,3.684245599999999854e+02
9.476834988172207659e+02,3.684245599999999854e+02
9.478044416487894068e+02,3.684245599999999854e+02
9.478434001378886933e+02,3.684245599999999854e+02
9.480464385407724421e+02,3.684245599999999854e+02
9.480033014585567344e+02,3.684245599999999854e+02
9.481242932945142456e+02,3.684245599999999854e+02
9.481632027792246618e+02,3.684245599999999854e+02
9.485308777177913271e+02,3.684245599999999854e+02
9.483231040998927028e+02,3.684245599999999854e+02
9.484441449402389708e+02,3.684245599999999854e+02
9.484830054205607439e+02,3.684245599999999854e+02
9.486863379399140968e+02,3.684245599999999854e+02
9.486429067412286713e+02,3.684245599999999854e+02
9.487639965859638096e+02,3.684245599999999854e+02
9.488028080618967124e+02,3.684245599999999854e+02
9.501647262068964892e+02,3.684245599999999854e+02
9.489627093825646398e+02,3.684245599999999854e+02
9.490838482316886484e+02,3.684245599999999854e+02
9.491226107032326809e+02,3.684245599999999854e+02
9.493262373390557514e+02,3.684245599999999854e+02
9.492825120239007219e+02,3.684245599999999854e+02
9.494036998774133735e+02,3.684245599999999854e+02
9.494424133445686493e+02,3.684245599999999854e+02
9.498114616687115586e+02,3.684245599999999854e+02
9.496023146652366904e+02,3.684245599999999854e+02
9.497235515231382124e+02,3.684245599999999854e+02
9.497622159859046178e+02,3.684245599999999854e+02
9.499661367381972923e+02,3.684245599999999854e+02
9.499221173065726589e+02,3.684245599999999854e+02
9.500434031688629375e+02,3.684245599999999854e+02
9.500820186272407000e+02,3.684245599999999854e+02
9.507836986240785109e+02,3.684245599999999854e+02
9.502419199479086274e+02,3.684245599999999854e+02
9.503632548145877763e+02,3.684245599999999854e+02
9.504018212685766684e+02,3.684245599999999854e+02
9.506060361373389469e+02,3.684245599999999854e+02
9.505617225892445958e+02,3.684245599999999854e+02
9.506831064603126151e+02,3.684245599999999854e+02
9.507216239099126369e+02,3.684245599999999854e+02
9.510920456196317900e+02,3.684245599999999854e+02
9.508815252305805643e+02,3.684245599999999854e+02
9.510029581060373403e+02,3.684245599999999854e+02
9.510414265512486054e+02,3.684245599999999854e+02
9.512459355364806015e+02,3.684245599999999854e+02
9.512013278719166465e+02,3.684245599999999854e+02
9.513228097517621791e+02,3.684245599999999854e+02
9.513612291925845739e+02,3.684245599999999854e+02
9.961535599999999704e+02,2.610962999999999852e+02
9.515211305132526149e+02,3.684245599999999854e+02
9.516426613974869042e+02,3.684245599999999854e+02
9.516810318339205423e+02,3.684245599999999854e+02
9.518858349356222561e+02,3.684245599999999854e+02
9.518409331545885834e+02,3.684245599999999854e+02
9.519625130432117430e+02,3.684245599999999854e+02
9.520008344752566245e+02,3.684245599999999854e+02
9.523726295705520215e+02,3.684245599999999854e+02
9.521607357959245519e+02,3.684245599999999854e+02
9.522823646889365818e+02,3.684245599999999854e+02
9.523206371165925930e+02,3.684245599999999854e+02
9.525257343347639107e+02,3.684245599999999854e+02
9.524805384372605204e+02,3.684245599999999854e+02
9.526022163346613070e+02,3.684245599999999854e+02
9.526404397579285614e+02,3.684245599999999854e+02
9.533480129238328118e+02,3.855998500000000035e+02
9.528003410785966025e+02,3.855998500000000035e+02
9.529220679803861458e+02,3.855998500000000035e+02
9.529602423992645299e+02,3.855998500000000035e+02
9.531656337339054517e+02,3.855998500000000035e+02
9.531201437199325710e+02,3.855998500000000035e+02
9.532419196261108709e+02,3.855998500000000035e+02
9.532800450406004984e+02,3.855998500000000035e+02
9.536532135214722530e+02,3.855998500000000035e+02
9.534399463612685395e+02,3.855998500000000035e+02
9.535617712718357097e+02,3.855998500000000035e+02
9.535998476819365806e+02,3.855998500000000035e+02
9.538055331330471063e+02,3.855998500000000035e+02
9.537597490026045080e+02,3.855998500000000035e+02
9.538816229175605486e+02,3.855998500000000035e+02
9.539196503232725490e+02,3.855998500000000035e+02
9.553059868965516443e+02,3.855998500000000035e+02
9.540795516439404764e+02,3.855998500000000035e+02
9.542014745632852737e+02,3.855998500000000035e+02
9.542394529646085175e+02,3.855998500000000035e+02
9.544454325321887609e+02,3.855998500000000035e+02
9.543993542852764449e+02,3.855998500000000035e+02
9.545213262090101125e+02,3.855998500000000035e+02
9.545592556059444860e+02,3.855998500000000035e+02
9.549337974723924845e+02,3.855998500000000035e+02
9.547191569266125271e+02,3.855998500000000035e+02
9.548411778547348376e+02,3.855998500000000035e+02
9.548790582472804545e+02,3.855998500000000035e+02
9.550853319313304155e+02,3.855998500000000035e+02
9.550389595679484955e+02,3.855998500000000035e+02
9.551610295004596765e+02,3.855998500000000035e+02
9.551988608886164229e+02,3.855998500000000035e+02
9.559123272235871127e+02,3.855998500000000035e+02
9.553587622092844640e+02,3.855998500000000035e+02
9.554808811461845153e+02,3.855998500000000035e+02
9.555186635299525051e+02,3.855998500000000035e+02
9.557252313304720701e+02,3.855998500000000035e+02
9.556785648506204325e+02,3.855998500000000035e+02
9.558007327919092404e+02,3.855998500000000035e+02
9.558384661712884736e+02,3.855998500000000035e+02
9.562143814233127159e+02,3.855998500000000035e+02
9.559983674919564010e+02,3.855998500000000035e+02
9.561205844376340792e+02,3.855998500000000035e+02
9.561582688126244420e+02,3.855998500000000035e+02
9.563651307296136110e+02,3.855998500000000035e+02
9.563181701332924831e+02,3.855998500000000035e+02
9.564404360833588044e+02,3.855998500000000035e+02
9.564780714539604105e+02,3.855998500000000035e+02
1.071628999999999905e+03,3.224030799999999886e+02
9.566379727746284516e+02,3.436513699999999858e+02
9.567602877290836432e+02,3.436513699999999858e+02
9.567978740952963790e+02,3.436513699999999858e+02
9.570050301287552657e+02,3.436513699999999858e+02
9.569577754159644201e+02,3.436513699999999858e+02
9.570801393748084820e+02,3.436513699999999858e+02
9.571176767366323475e+02,3.436513699999999858e+02
9.574949653742330611e+02,3.436513699999999858e+02
9.572775780573003885e+02,3.436513699999999858e+02
9.573999910205332071e+02,3.436513699999999858e+02
9.574374793779684296e+02,3.436513699999999858e+02
9.576449295278969203e+02,3.436513699999999858e+02
9.575973806986363570e+02,3.436513699999999858e+02
9.577198426662580459e+02,3.436513699999999858e+02
9.577572820193043981e+02,3.436513699999999858e+02
9.584766415233414136e+02,3.436513699999999858e+02
9.579171833399723255e+02,3.436513699999999858e+02
9.580396943119827711e+02,3.436513699999999858e+02
9.580770846606403666e+02,3.436513699999999858e+02
9.582848289270385749e+02,3.436513699999999858e+02
9.582369859813084076e+02,3.436513699999999858e+02
9.583595459577076099e+02,3.436513699999999858e+02
9.583968873019763350e+02,3.436513699999999858e+02
9.587755493251532926e+02,3.436513699999999858e+02
9.585567886226443761e+02,3.436513699999999858e+02
9.586793976034324487e+02,3.436513699999999858e+02
9.587166899433123035e+02,3.436513699999999858e+02
9.589247283261802295e+02,3.436513699999999858e+02
9.588765912639803446e+02,3.436513699999999858e+02
9.589992492491571738e+02,3.436513699999999858e+02
9.590364925846483857e+02,3.436513699999999858e+02
9.604472475862067995e+02,3.436513699999999858e+02
9.591963939053163131e+02,3.436513699999999858e+02
9.593191008948820127e+02,3.436513699999999858e+02
9.593562952259843541e+02,3.436513699999999858e+02
9.595646277253217704e+02,3.436513699999999858e+02
9.595161965466522815e+02,3.436513699999999858e+02
9.596389525406067378e+02,3.436513699999999858e+02
9.596760978673203226e+02,3.436513699999999858e+02
9.600561332760735240e+02,3.436513699999999858e+02
9.598359991879883637e+02,3.436513699999999858e+02
9.599588041863315766e+02,3.436513699999999858e+02
9.599959005086562911e+02,3.436513699999999858e+02
9.602045271244634250e+02,3.436513699999999858e+02
9.601558018293243322e+02,3.436513699999999858e+02
9.602786558320564154e+02,3.436513699999999858e+02
9.603157031499922596e+02,3.436513699999999858e+02
9.610409558230957145e+02,3.436513699999999858e+02
9.604756044706603006e+02,3.436513699999999858e+02
9.605985074777811406e+02,3.436513699999999858e+02
9.606355057913282280e+02,3.436513699999999858e+02
9.608444265236050796e+02,3.436513699999999858e+02
9.607954071119962691e+02,3.436513699999999858e+02
9.609183591235059794e+02,3.436513699999999858e+02
9.609553084326643102e+02,3.436513699999999858e+02
9.613367172269937555e+02,3.436513699999999858e+02
9.611152097533322376e+02,3.436513699999999858e+02
9.612382107692307045e+02,3.436513699999999858e+02
9.612751110740002787e+02,3.436513699999999858e+02
9.614843259227467342e+02,3.436513699999999858e+02
9.614350123946682061e+02,3.436513699999999858e+02
9.615580624149555433e+02,3.436513699999999858e+02
9.615949137153362472e+02,3.436513699999999858e+02
1.071628999999999905e+03,3.224030799999999886e+02
9.617548150360042882e+02,3.990272199999999998e+02
9.618779140606803821e+02,3.990272199999999998e+02
9.619147163566722156e+02,3.990272199999999998e+02
9.621242253218883889e+02,3.990272199999999998e+02
9.620746176773402567e+02,3.990272199999999998e+02
9.621977657064051073e+02,3.990272199999999998e+02
9.622345189980081841e+02,3.990272199999999998e+02
9.626173011779139870e+02,3.990272199999999998e+02
9.623944203186762252e+02,3.990272199999999998e+02
9.625176173521299461e+02,3.990272199999999998e+02
9.625543216393442663e+02,3.990272199999999998e+02
9.627641247210299298e+02,3.990272199999999998e+02
9.627142229600121937e+02,3.990272199999999998e+02
9.628374689978546712e+02,3.990272199999999998e+02
9.628741242806802347e+02,3.990272199999999998e+02
9.636052701228500155e+02,3.990272199999999998e+02
9.630340256013481621e+02,3.990272199999999998e+02
9.631573206435795100e+02,3.990272199999999998e+02
9.631939269220162032e+02,3.990272199999999998e+02
9.634040241201715844e+02,3.990272199999999998e+02
9.633538282426842443e+02,3.990272199999999998e+02
9.634771722893043489e+02,3.990272199999999998e+02
9.635137295633521717e+02,3.990272199999999998e+02
9.638978851288342184e+02,3.990272199999999998e+02
9.636736308840202128e+02,3.990272199999999998e+02
9.637970239350290740e+02,3.990272199999999998e+02
9.638335322046881402e+02,3.990272199999999998e+02
9.640439235193132390e+02,3.990272199999999998e+02
9.639934335253561812e+02,3.990272199999999998e+02
9.641168755807539128e+02,3.990272199999999998e+02
9.641533348460241086e+02,3.990272199999999998e+02
9.655885082758619546e+02,3.990272199999999998e+02
9.643132361666921497e+02,3.990272199999999998e+02
9.644367272264786379e+02,3.990272199999999998e+02
9.644731374873601908e+02,3.990272199999999998e+02
9.646838229184548936e+02,3.990272199999999998e+02
9.646330388080281182e+02,3.990272199999999998e+02
9.647565788722034767e+02,3.990272199999999998e+02
9.647929401286961593e+02,3.990272199999999998e+02
9.651784690797544499e+02,3.990272199999999998e+02
9.649528414493640867e+02,3.990272199999999998e+02
9.650764305179283156e+02,3.990272199999999998e+02
9.651127427700321277e+02,3.990272199999999998e+02
9.653237223175964346e+02,3.990272199999999998e+02
9.652726440907001688e+02,3.990272199999999998e+02
9.653962821636530407e+02,3.990272199999999998e+02
9.654325454113680962e+02,3.990272199999999998e+02
9.661695844226043164e+02,3.990272199999999998e+02
9.655924467320361373e+02,3.990272199999999998e+02
9.657161338093778795e+02,3.990272199999999998e+02
9.657523480527040647e+02,3.990272199999999998e+02
9.659636217167380892e+02,3.990272199999999998e+02
9.659122493733721058e+02,3.990272199999999998e+02
9.660359854551026046e+02,3.990272199999999998e+02
9.660721506940401468e+02,3.990272199999999998e+02
9.664590530306746814e+02,3.990272199999999998e+02
9.662320520147080742e+02,3.990272199999999998e+02
9.663558371008274435e+02,3.990272199999999998e+02
9.663919533353761153e+02,3.990272199999999998e+02
9.666035211158797438e+02,3.990272199999999998e+02
9.665518546560440427e+02,3.990272199999999998e+02
9.666756887465522823e+02,3.990272199999999998e+02
9.667117559767120838e+02,3.990272199999999998e+02
1.051143700000000081e+03,3.124930400000000077e+02
9.668716572973800112e+02,3.307032500000000255e+02
9.669955403922770074e+02,3.307032500000000255e+02
9.670315586180480523e+02,3.307032500000000255e+02
9.672434205150213984e+02,3.307032500000000255e+02
9.671914599387160933e+02,3.307032500000000255e+02
9.673153920380018462e+02,3.307032500000000255e+02
9.673513612593840207e+02,3.307032500000000255e+02
9.677396369815950266e+02,3.307032500000000255e+02
9.675112625800520618e+02,3.307032500000000255e+02
9.676352436837265714e+02,3.307032500000000255e+02
9.676711639007199892e+02,3.307032500000000255e+02
9.678833199141630530e+02,3.307032500000000255e+02
9.678310652213880303e+02,3.307032500000000255e+02
9.679550953294514102e+02,3.307032500000000255e+02
9.679909665420560714e+02,3.307032500000000255e+02
9.687338987223586173e+02,3.307032500000000255e+02
9.681508678627239988e+02,3.307032500000000255e+02
9.682749469751762490e+02,3.307032500000000255e+02
9.683107691833920398e+02,3.307032500000000255e+02
9.685232193133045939e+02,3.307032500000000255e+02
9.684706705040599672e+02,3.307032500000000255e+02
9.685947986209009741e+02,3.307032500000000255e+02
9.686305718247280083e+02,3.307032500000000255e+02
9.690202209325152580e+02,3.307032500000000255e+02
9.687904731453960494e+02,3.307032500000000255e+02
9.689146502666258129e+02,3.307032500000000255e+02
9.689503744660639768e+02,3.307032500000000255e+02
9.691631187124462485e+02,3.307032500000000255e+02
9.691102757867320179e+02,3.307032500000000255e+02
9.692345019123505381e+02,3.307032500000000255e+02
9.692701771073999453e+02,3.307032500000000255e+02
9.707297689655171098e+02,3.307032500000000255e+02
9.694300784280679864e+02,3.307032500000000255e+02
9.695543535580753769e+02,3.307032500000000255e+02
9.695899797487360274e+02,3.307032500000000255e+02
9.698030181115879031e+02,3.307032500000000255e+02
9.697498810694039548e+02,3.307032500000000255e+02
9.698742052038001020e+02,3.307032500000000255e+02
9.699097823900719959e+02,3.307032500000000255e+02
9.703008048834354895e+02,3.307032500000000255e+02
9.700696837107399233e+02,3.307032500000000255e+02
9.701940568495249408e+02,3.307032500000000255e+02
9.702295850314079644e+02,3.307032500000000255e+02
9.704429175107295578e+02,3.307032500000000255e+02
9.703894863520758918e+02,3.307032500000000255e+02
9.705139084952497797e+02,3.307032500000000255e+02
9.705493876727439329e+02,3.307032500000000255e+02
9.712982130221129182e+02,3.307032500000000255e+02
9.707092889934119739e+02,3.307032500000000255e+02
9.708337601409745048e+02,3.307032500000000255e+02
9.708691903140799013e+02,3.307032500000000255e+02
9.710828169098712124e+02,3.307032500000000255e+02
9.710290916347479424e+02,3.307032500000000255e+02
9.711536117866993436e+02,3.307032500000000255e+02
9.711889929554158698e+02,3.307032500000000255e+02
9.715813888343557210e+02,3.307032500000000255e+02
9.713488942760839109e+02,3.307032500000000255e+02
9.714734634324240687e+02,3.307032500000000255e+02
9.715087955967519520e+02,3.307032500000000255e+02
9.717227163090127533e+02,3.307032500000000255e+02
9.716686969174198794e+02,3.307032500000000255e+02
9.717933150781489076e+02,3.307032500000000255e+02
9.718285982380879204e+02,3.307032500000000255e+02
1.031211299999999937e+03,3.084466600000000085e+02
9.719884995587558478e+02,2.599931599999999889e+02
9.721131667238737464e+02,2.599931599999999889e+02
9.721484008794238889e+02,2.599931599999999889e+02
9.723626157081544079e+02,2.599931599999999889e+02
9.723083022000919300e+02,2.599931599999999889e+02
9.724330183695984715e+02,2.599931599999999889e+02
9.724682035207598574e+02,2.599931599999999889e+02
9.728619727852759524e+02,2.599931599999999889e+02
9.726281048414278985e+02,2.599931599999999889e+02
9.727528700153233103e+02,2.599931599999999889e+02
9.727880061620958259e+02,2.599931599999999889e+02
9.730025151072960625e+02,2.599931599999999889e+02
9.729479074827638669e+02,2.599931599999999889e+02
9.730727216610480355e+02,2.599931599999999889e+02
9.731078088034317943e+02,2.599931599999999889e+02
9.738625273218672191e+02,2.599931599999999889e+02
9.732677101240998354e+02,2.599931599999999889e+02
9.733925733067728743e+02,2.599931599999999889e+02
9.734276114447678765e+02,2.599931599999999889e+02
9.736424145064377171e+02,2.599931599999999889e+02
9.735875127654358039e+02,2.599931599999999889e+02
9.737124249524977131e+02,2.599931599999999889e+02
9.737474140861038450e+02,2.599931599999999889e+02
9.741425567361961839e+02,2.599931599999999889e+02
9.739073154067717724e+02,2.599931599999999889e+02
9.740322765982224382e+02,2.599931599999999889e+02
9.740672167274398134e+02,2.599931599999999889e+02
9.742823139055793717e+02,2.599931599999999889e+02
9.742271180481078545e+02,2.599931599999999889e+02
9.743521282439472770e+02,2.599931599999999889e+02
9.743870193687757819e+02,2.599931599999999889e+02
9.758710296551723786e+02,2.599931599999999889e+02
9.745469206894438230e+02,2.599931599999999889e+02
9.746719798896720022e+02,2.599931599999999889e+02
9.747068220101117504e+02,2.599931599999999889e+02
9.749222133047209127e+02,2.599931599999999889e+02
9.748667233307797915e+02,2.599931599999999889e+02
9.749918315353968410e+02,2.599931599999999889e+02
9.750266246514478325e+02,2.599931599999999889e+02
9.754231406871164154e+02,2.599931599999999889e+02
9.751865259721157599e+02,2.599931599999999889e+02
9.753116831811216798e+02,2.599931599999999889e+02
9.753464272927838010e+02,2.599931599999999889e+02
9.755621127038625673e+02,2.599931599999999889e+02
9.755063286134517284e+02,2.599931599999999889e+02
9.756315348268464049e+02,2.599931599999999889e+02
9.756662299341197695e+02,2.599931599999999889e+02
9.764268416216215201e+02,2.599931599999999889e+02
9.758261312547878106e+02,2.599931599999999889e+02
9.759513864725712438e+02,2.599931599999999889e+02
9.759860325754557380e+02,2.599931599999999889e+02
9.762020121030042219e+02,2.599931599999999889e+02
9.761459338961237790e+02,2.599931599999999889e+02
9.762712381182959689e+02,2.599931599999999889e+02
9.763058352167917064e+02,2.599931599999999889e+02
9.767037246380366469e+02,2.599931599999999889e+02
9.764657365374597475e+02,2.599931599999999889e+02
9.765910897640208077e+02,2.599931599999999889e+02
9.766256378581276749e+02,2.599931599999999889e+02
9.768419115021458765e+02,2.599931599999999889e+02
9.767855391787957160e+02,2.599931599999999889e+02
9.769109414097456465e+02,2.599931599999999889e+02
9.769454404994637571e+02,2.599931599999999889e+02
1.007344849999999951e+03,3.113304400000000101e+02
9.771053418201316845e+02,4.152803999999999860e+02
9.772307930554703717e+02,4.152803999999999860e+02
9.772652431407997256e+02,4.152803999999999860e+02
9.774818109012874174e+02,4.152803999999999860e+02
9.774251444614676529e+02,4.152803999999999860e+02
9.775506447011952105e+02,4.152803999999999860e+02
9.775850457821356940e+02,4.152803999999999860e+02
9.779843085889569920e+02,4.152803999999999860e+02
9.777449471028037351e+02,4.152803999999999860e+02
9.778704963469199356e+02,4.152803999999999860e+02
9.779048484234716625e+02,4.152803999999999860e+02
9.781217103004290720e+02,4.152803999999999860e+02
9.780647497441397036e+02,4.152803999999999860e+02
9.781903479926447744e+02,4.152803999999999860e+02
9.782246510648076310e+02,4.152803999999999860e+02
9.789911559213758210e+02,4.152803999999999860e+02
9.783845523854756721e+02,4.152803999999999860e+02
9.785101996383696132e+02,4.152803999999999860e+02
9.785444537061437131e+02,4.152803999999999860e+02
9.787616096995707267e+02,4.152803999999999860e+02
9.787043550268116405e+02,4.152803999999999860e+02
9.788300512840943384e+02,4.152803999999999860e+02
9.788642563474796816e+02,4.152803999999999860e+02
9.792648925398772235e+02,4.152803999999999860e+02
9.790241576681476090e+02,4.152803999999999860e+02
9.791499029298191772e+02,4.152803999999999860e+02
9.791840589888156501e+02,4.152803999999999860e+02
9.794015090987123813e+02,4.152803999999999860e+02
9.793439603094836912e+02,4.152803999999999860e+02
9.794697545755439023e+02,4.152803999999999860e+02
9.795038616301516186e+02,4.152803999999999860e+02
9.810122903448275338e+02,4.152803999999999860e+02
9.796637629508196596e+02,4.152803999999999860e+02
9.797896062212687411e+02,4.152803999999999860e+02
9.798236642714875870e+02,4.152803999999999860e+02
9.800414084978540359e+02,4.152803999999999860e+02
9.799835655921556281e+02,4.152803999999999860e+02
9.801094578669935800e+02,4.152803999999999860e+02
9.801434669128235555e+02,4.152803999999999860e+02
9.805454764907974550e+02,4.152803999999999860e+02
9.803033682334915966e+02,4.152803999999999860e+02
9.804293095127183051e+02,4.152803999999999860e+02
9.804632695541596377e+02,4.152803999999999860e+02
9.806813078969955768e+02,4.152803999999999860e+02
9.806231708748275651e+02,4.152803999999999860e+02
9.807491611584431439e+02,4.152803999999999860e+02
9.807830721954956061e+02,4.152803999999999860e+02
9.815554702211301219e+02,4.152803999999999860e+02
9.809429735161635335e+02,4.152803999999999860e+02
9.810690128041678690e+02,4.152803999999999860e+02
9.811028748368315746e+02,4.152803999999999860e+02
9.813212072961372314e+02,4.152803999999999860e+02
9.812627761574996157e+02,4.152803999999999860e+02
9.813888644498927079e+02,4.152803999999999860e+02
9.814226774781675431e+02,4.152803999999999860e+02
9.818260604417176864e+02,4.152803999999999860e+02
9.815825787988355842e+02,4.152803999999999860e+02
9.817087160956175467e+02,4.152803999999999860e+02
9.817424801195035116e+02,4.152803999999999860e+02
9.819611066952788860e+02,4.152803999999999860e+02
9.819023814401715526e+02,4.152803999999999860e+02
9.820285677413422718e+02,4.152803999999999860e+02
9.820622827608395937e+02,4.152803999999999860e+02
9.852879599999999982e+02,3.197979700000000207e+02
9.822221840815075211e+02,4.152803999999999860e+02
9.823484193870671106e+02,4.152803999999999860e+02
9.823820854021755622e+02,4.152803999999999860e+02
9.826010060944205406e+02,4.152803999999999860e+02
9.825419867228434896e+02,4.152803999999999860e+02
9.826682710327918358e+02,4.152803999999999860e+02
9.827018880435115307e+02,4.152803999999999860e+02
9.831066443926379179e+02,4.152803999999999860e+02
9.828617893641794581e+02,4.152803999999999860e+02
9.829881226785166746e+02,4.152803999999999860e+02
9.830216906848474991e+02,4.152803999999999860e+02
9.832409054935621953e+02,4.152803999999999860e+02
9.831815920055155402e+02,4.152803999999999860e+02
9.833079743242415134e+02,4.152803999999999860e+02
9.833414933261834676e+02,4.152803999999999860e+02
9.841197845208844228e+02,4.152803999999999860e+02
9.835013946468515087e+02,4.152803999999999860e+02
9.836278259699662385e+02,4.152803999999999860e+02
9.836612959675194361e+02,4.152803999999999860e+02
9.838808048927037362e+02,4.152803999999999860e+02
9.838211972881874772e+02,4.152803999999999860e+02
9.839476776156910773e+02,4.152803999999999860e+02
9.839810986088555183e+02,4.152803999999999860e+02
9.843872283435581494e+02,4.152803999999999860e+02
9.841409999295234456e+02,4.152803999999999860e+02
9.842675292614158025e+02,4.152803999999999860e+02
9.843009012501914867e+02,4.152803999999999860e+02
9.845207042918453908e+02,4.152803999999999860e+02
9.844608025708594141e+02,4.152803999999999860e+02
9.845873809071406413e+02,4.152803999999999860e+02
9.846207038915274552e+02,4.152803999999999860e+02
9.861535510344826889e+02,3.197979700000000207e+02
9.847806052121954963e+02,3.197979700000000207e+02
9.849072325528654801e+02,3.197979700000000207e+02
9.849405065328634237e+02,3.197979700000000207e+02
9.851606036909870454e+02,3.197979700000000207e+02
9.851004078535314648e+02,3.197979700000000207e+02
9.852270841985902052e+02,3.197979700000000207e+02
9.852603091741993921e+02,3.197979700000000207e+02
9.856678122944783809e+02,3.197979700000000207e+02
9.854202104948674332e+02,3.197979700000000207e+02
9.855469358443150441e+02,3.197979700000000207e+02
9.855801118155354743e+02,3.197979700000000207e+02
9.858005030901287000e+02,3.197979700000000207e+02
9.857400131362034017e+02,3.197979700000000207e+02
9.858667874900397692e+02,3.197979700000000207e+02
9.858999144568714428e+02,3.197979700000000207e+02
9.866840988206387237e+02,3.197979700000000207e+02
9.860598157775393702e+02,3.197979700000000207e+02
9.861866391357646080e+02,3.197979700000000207e+02
9.862197170982074113e+02,3.197979700000000207e+02
9.864404024892703546e+02,3.197979700000000207e+02
9.863796184188753386e+02,3.197979700000000207e+02
9.865064907814894468e+02,3.197979700000000207e+02
9.865395197395433797e+02,3.197979700000000207e+02
9.869483962453986123e+02,3.197979700000000207e+02
9.866994210602114208e+02,3.197979700000000207e+02
9.868263424272141719e+02,3.197979700000000207e+02
9.868593223808793482e+02,3.197979700000000207e+02
9.870803018884118956e+02,3.197979700000000207e+02
9.870192237015473893e+02,3.197979700000000207e+02
9.871461940729390108e+02,3.197979700000000207e+02
9.871791250222153167e+02,3.197979700000000207e+02
9.704299300000000130e+02,3.307032500000000255e+02
9.873390263428833578e+02,3.297024999999999864e+02
9.874660457186637359e+02,3.297024999999999864e+02
9.874989276635513988e+02,3.297024999999999864e+02
9.877202012875535502e+02,3.297024999999999864e+02
9.876588289842193262e+02,3.297024999999999864e+02
9.877858973643885747e+02,3.297024999999999864e+02
9.878187303048873673e+02,3.297024999999999864e+02
9.882289801963188438e+02,3.297024999999999864e+02
9.879786316255552947e+02,3.297024999999999864e+02
9.881057490101134135e+02,3.297024999999999864e+02
9.881385329462233358e+02,3.297024999999999864e+02
9.883601006866952048e+02,3.297024999999999864e+02
9.882984342668913769e+02,3.297024999999999864e+02
9.884256006558381387e+02,3.297024999999999864e+02
9.884583355875593043e+02,3.297024999999999864e+02
9.892484131203930247e+02,3.297024999999999864e+02
9.886182369082273453e+02,3.297024999999999864e+02
9.887454523015629775e+02,3.297024999999999864e+02
9.887781382288952727e+02,3.297024999999999864e+02
9.890000000858368594e+02,3.297024999999999864e+02
9.889380395495633138e+02,3.297024999999999864e+02
9.890653039472877026e+02,3.297024999999999864e+02
9.890979408702313549e+02,3.297024999999999864e+02
9.895095641472391890e+02,3.297024999999999864e+02
9.892578421908992823e+02,3.297024999999999864e+02
9.893851555930125414e+02,3.297024999999999864e+02
9.894177435115673234e+02,3.297024999999999864e+02
9.896398994849785140e+02,3.297024999999999864e+02
9.895776448322352508e+02,3.297024999999999864e+02
9.897050072387373802e+02,3.297024999999999864e+02
9.897375461529032918e+02,3.297024999999999864e+02
9.912948117241378441e+02,3.470631000000000199e+02
9.898974474735712192e+02,3.470631000000000199e+02
9.900248588844621054e+02,3.470631000000000199e+02
9.900573487942392603e+02,3.470631000000000199e+02
9.902797988841200549e+02,3.470631000000000199e+02
9.902172501149073014e+02,3.470631000000000199e+02
9.903447105301869442e+02,3.470631000000000199e+02
9.903771514355752288e+02,3.470631000000000199e+02
9.907901480981594204e+02,3.470631000000000199e+02
9.905370527562432699e+02,3.470631000000000199e+02
9.906645621759116693e+02,3.470631000000000199e+02
9.906969540769111973e+02,3.470631000000000199e+02
9.909196982832617095e+02,3.470631000000000199e+02
9.908568553975792383e+02,3.470631000000000199e+02
9.909844138216365081e+02,3.470631000000000199e+02
9.910167567182472794e+02,3.470631000000000199e+02
9.918127274201473256e+02,3.470631000000000199e+02
9.911766580389152068e+02,3.470631000000000199e+02
9.913042654673613470e+02,3.470631000000000199e+02
9.913365593595832479e+02,3.470631000000000199e+02
9.915595976824033642e+02,3.470631000000000199e+02
9.914964606802511753e+02,3.470631000000000199e+02
9.916241171130860721e+02,3.470631000000000199e+02
9.916563620009192164e+02,3.470631000000000199e+02
9.920707320490796519e+02,3.470631000000000199e+02
9.918162633215872575e+02,3.470631000000000199e+02
9.919439687588109109e+02,3.470631000000000199e+02
9.919761646422551848e+02,3.470631000000000199e+02
9.921994970815450188e+02,3.470631000000000199e+02
9.921360659629232259e+02,3.470631000000000199e+02
9.922638204045356360e+02,3.470631000000000199e+02
9.922959672835911533e+02,3.470631000000000199e+02
9.597201999999999771e+02,3.436513699999999858e+02
9.924558686042591944e+02,2.610962999999999852e+02
9.925836720502604749e+02,2.610962999999999852e+02
9.926157699249271218e+02,2.610962999999999852e+02
9.928393964806865597e+02,2.610962999999999852e+02
9.927756712455951629e+02,2.610962999999999852e+02
9.929035236959853137e+02,2.610962999999999852e+02
9.929355725662632040e+02,2.610962999999999852e+02
9.933513159999998834e+02,2.610962999999999852e+02
9.930954738869311313e+02,2.610962999999999852e+02
9.932233753417100388e+02,2.610962999999999852e+02
9.932553752075991724e+02,2.610962999999999852e+02
9.934792958798282143e+02,2.610962999999999852e+02
9.934152765282670998e+02,2.610962999999999852e+02
9.935432269874348776e+02,2.610962999999999852e+02
9.935751778489351409e+02,2.610962999999999852e+02
9.943770417199016265e+02,2.610962999999999852e+02
9.937350791696031820e+02,2.610962999999999852e+02
9.938630786331596028e+02,2.610962999999999852e+02
9.938949804902711094e+02,2.610962999999999852e+02
9.941191952789698689e+02,2.610962999999999852e+02
9.940548818109391505e+02,2.610962999999999852e+02
9.941829302788844416e+02,2.610962999999999852e+02
9.942147831316070778e+02,2.610962999999999852e+02
9.946318999509201149e+02,2.610962999999999852e+02
9.943746844522751189e+02,2.610962999999999852e+02
9.945027819246092804e+02,2.610962999999999852e+02
9.945345857729431600e+02,2.610962999999999852e+02
9.947590946781115235e+02,2.610962999999999852e+02
9.946944870936110874e+02,2.610962999999999852e+02
9.948226335703340055e+02,2.610962999999999852e+02
9.948543884142791285e+02,2.610962999999999852e+02
9.964360724137929992e+02,2.610962999999999852e+02
9.950142897349470559e+02,2.610962999999999852e+02
9.951424852160588443e+02,2.610962999999999852e+02
9.951741910556150970e+02,2.610962999999999852e+02
9.953989940772531781e+02,2.610962999999999852e+02
9.953340923762831380e+02,2.610962999999999852e+02
9.954623368617835695e+02,2.610962999999999852e+02
9.954939936969510654e+02,2.610962999999999852e+02
9.959124839018403463e+02,2.610962999999999852e+02
9.956538950176191065e+02,2.610962999999999852e+02
9.957821885075084083e+02,2.610962999999999852e+02
9.958137963382870339e+02,2.610962999999999852e+02
9.960388934763947191e+02,2.610962999999999852e+02
9.959736976589550750e+02,2.610962999999999852e+02
9.961020401532332471e+02,2.610962999999999852e+02
9.961335989796230024e+02,2.610962999999999852e+02
9.969413560196559274e+02,3.172342499999999745e+02
9.962935003002910435e+02,2.610962999999999852e+02
9.964218917989579722e+02,2.610962999999999852e+02
9.964534016209590845e+02,2.610962999999999852e+02
9.966787928755363737e+02,2.610962999999999852e+02
9.966133029416270119e+02,2.610962999999999852e+02
9.967417434446828111e+02,2.610962999999999852e+02
9.967732042622950530e+02,2.610962999999999852e+02
9.971930678527605778e+02,3.172342499999999745e+02
9.969331055829629804e+02,3.172342499999999745e+02
9.970615950904075362e+02,3.172342499999999745e+02
9.970930069036310215e+02,3.172342499999999745e+02
9.973186922746780283e+02,3.172342499999999745e+02
9.972529082242990626e+02,3.172342499999999745e+02
9.973814467361323750e+02,3.172342499999999745e+02
9.974128095449669900e+02,3.172342499999999745e+02
9.515760999999999967e+02,3.684245599999999854e+02
9.975727108656350310e+02,3.600416299999999978e+02
9.977012983818572138e+02,3.600416299999999978e+02
9.977326121863029584e+02,3.600416299999999978e+02
9.979585916738196829e+02,3.600416299999999978e+02
9.978925135069709995e+02,3.600416299999999978e+02
9.980211500275819390e+02,3.600416299999999978e+02
9.980524148276390406e+02,3.600416299999999978e+02
9.984736518036808093e+02,3.600416299999999978e+02
9.982123161483069680e+02,3.600416299999999978e+02
9.983410016733067778e+02,3.600416299999999978e+02
9.983722174689750091e+02,3.600416299999999978e+02
9.985984910729613375e+02,3.600416299999999978e+02
9.985321187896429365e+02,3.600416299999999978e+02
9.986608533190315029e+02,3.600416299999999978e+02
9.986920201103109775e+02,3.600416299999999978e+02
9.995056703194102283e+02,3.600416299999999978e+02
9.988519214309790186e+02,3.600416299999999978e+02
9.989807049647563417e+02,3.600416299999999978e+02
9.990118227516469460e+02,3.600416299999999978e+02
9.992383904721028784e+02,3.600416299999999978e+02
9.991717240723149871e+02,3.600416299999999978e+02
9.993005566104811805e+02,3.600416299999999978e+02
9.993316253929829145e+02,3.600416299999999978e+02
9.997542357546011544e+02,3.600416299999999978e+02
9.994915267136509556e+02,3.600416299999999978e+02
9.996204082562059057e+02,3.600416299999999978e+02
9.996514280343188830e+02,3.600416299999999978e+02
9.998782898712445331e+02,3.600416299999999978e+02
9.998113293549869240e+02,3.600416299999999978e+02
9.999402599019307445e+02,3.600416299999999978e+02
9.999712306756549651e+02,3.600416299999999978e+02
1.001577333103448154e+03,3.600416299999999978e+02
1.000131131996322893e+03,3.600416299999999978e+02
1.000260111547655470e+03,3.600416299999999978e+02
1.000291033316990934e+03,3.600416299999999978e+02
1.000518189270386188e+03,3.600416299999999978e+02
1.000450934637658861e+03,3.600416299999999978e+02
1.000579963193380308e+03,3.600416299999999978e+02
1.000610835958326902e+03,3.600416299999999978e+02
1.001034819705521386e+03,3.600416299999999978e+02
1.000770737278994943e+03,3.600416299999999978e+02
1.000899814839105147e+03,3.600416299999999978e+02
1.000930638599662871e+03,3.600416299999999978e+02
1.001158088669527842e+03,3.600416299999999978e+02
1.001090539920330912e+03,3.600416299999999978e+02
1.001219666484829872e+03,3.600416299999999978e+02
1.001250441240998839e+03,3.600416299999999978e+02
1.002069984619164529e+03,3.600416299999999978e+02
1.001410342561666880e+03,3.600416299999999978e+02
1.001539518130554711e+03,3.600416299999999978e+02
1.001570243882334921e+03,3.600416299999999978e+02
1.001797988068669497e+03,3.600416299999999978e+02
1.001730145203002849e+03,3.600416299999999978e+02
1.001859369776279436e+03,3.600416299999999978e+02
1.001890046523670890e+03,3.600416299999999978e+02
1.002315403656441617e+03,3.600416299999999978e+02
1.002049947844338817e+03,3.600416299999999978e+02
1.002179221422004275e+03,3.600416299999999978e+02
1.002209849165006858e+03,3.600416299999999978e+02
1.002437887467811038e+03,3.600416299999999978e+02
1.002369750485674786e+03,3.600416299999999978e+02
1.002499073067729114e+03,3.600416299999999978e+02
1.002529651806342827e+03,3.600416299999999978e+02
9.544803000000000566e+02,3.855998500000000035e+02
1.002689553127010868e+03,3.126295200000000136e+02
1.002818924713453839e+03,3.126295200000000136e+02
1.002849454447678795e+03,3.126295200000000136e+02
1.003077786866952692e+03,3.126295200000000136e+02
1.003009355768346836e+03,3.126295200000000136e+02
1.003138776359178678e+03,3.126295200000000136e+02
1.003169257089014764e+03,3.126295200000000136e+02
1.003595987607361849e+03,3.126295200000000136e+02
1.003329158409682805e+03,3.126295200000000136e+02
1.003458628004903403e+03,3.126295200000000136e+02
1.003489059730350846e+03,3.126295200000000136e+02
1.003717686266094347e+03,3.126295200000000136e+02
1.003648961051018773e+03,3.126295200000000136e+02
1.003778479650628242e+03,3.126295200000000136e+02
1.003808862371686814e+03,3.126295200000000136e+02
1.004634298918918830e+03,3.126295200000000136e+02
1.003968763692354742e+03,3.126295200000000136e+02
1.004098331296352967e+03,3.126295200000000136e+02
1.004128665013022783e+03,3.126295200000000136e+02
1.004357585665236002e+03,3.126295200000000136e+02
1.004288566333690824e+03,3.126295200000000136e+02
1.004418182942077806e+03,3.126295200000000136e+02
1.004448467654358751e+03,3.126295200000000136e+02
1.004876571558282080e+03,3.126295200000000136e+02
1.004608368975026792e+03,3.126295200000000136e+02
1.004738034587802645e+03,3.126295200000000136e+02
1.004768270295694720e+03,3.126295200000000136e+02
1.004997485064377656e+03,3.126295200000000136e+02
1.004928171616362761e+03,3.126295200000000136e+02
1.005057886233527370e+03,3.126295200000000136e+02
1.005088072937030802e+03,3.126295200000000136e+02
1.006718593793103310e+03,3.126295200000000136e+02
1.005247974257698729e+03,3.126295200000000136e+02
1.005377737879252209e+03,3.126295200000000136e+02
1.005407875578366770e+03,3.126295200000000136e+02
1.005637384463519197e+03,3.126295200000000136e+02
1.005567776899034698e+03,3.126295200000000136e+02
1.005697589524976934e+03,3.126295200000000136e+02
1.005727678219702739e+03,3.126295200000000136e+02
1.006157155509202312e+03,3.126295200000000136e+02
1.005887579540370666e+03,3.126295200000000136e+02
1.006017441170701773e+03,3.126295200000000136e+02
1.006047480861038707e+03,3.126295200000000136e+02
1.006277283862660852e+03,3.126295200000000136e+02
1.006207382181706748e+03,3.126295200000000136e+02
1.006337292816426611e+03,3.126295200000000136e+02
1.006367283502374676e+03,3.126295200000000136e+02
1.007198613218673131e+03,3.113304400000000101e+02
1.006527184823042717e+03,3.126295200000000136e+02
1.006657144462151336e+03,3.126295200000000136e+02
1.006687086143710644e+03,3.126295200000000136e+02
1.006917183261802506e+03,3.126295200000000136e+02
1.006846987464378685e+03,3.126295200000000136e+02
1.006976996107876175e+03,3.126295200000000136e+02
1.007006888785046726e+03,3.126295200000000136e+02
1.007437739460122543e+03,3.113304400000000101e+02
1.007166790105714654e+03,3.113304400000000101e+02
1.007296847753600900e+03,3.113304400000000101e+02
1.007326691426382695e+03,3.113304400000000101e+02
1.007557082660944161e+03,3.113304400000000101e+02
1.007486592747050622e+03,3.113304400000000101e+02
1.007616699399325739e+03,3.113304400000000101e+02
1.007646494067718663e+03,3.113304400000000101e+02
9.629908400000000483e+02,3.990272199999999998e+02
1.007806395388386704e+03,4.228065199999999777e+02
1.007936551045050578e+03,4.228065199999999777e+02
1.007966296709054632e+03,4.228065199999999777e+02
1.008196982060085702e+03,4.228065199999999777e+02
1.008126198029722673e+03,4.228065199999999777e+02
1.008256402690775303e+03,4.228065199999999777e+02
1.008286099350390600e+03,4.228065199999999777e+02
1.008718323411042775e+03,4.228065199999999777e+02
1.008446000671058641e+03,4.228065199999999777e+02
1.008576254336500142e+03,4.228065199999999777e+02
1.008605901991726569e+03,4.228065199999999777e+02
1.008836881459227357e+03,4.228065199999999777e+02
1.008765803312394610e+03,4.228065199999999777e+02
1.008896105982224867e+03,4.228065199999999777e+02
1.008925704633062651e+03,4.228065199999999777e+02
1.009762927518427432e+03,4.228065199999999777e+02
1.009085605953730578e+03,4.228065199999999777e+02
1.009215957627949706e+03,4.228065199999999777e+02
1.009245507274398619e+03,4.228065199999999777e+02
1.009476780858369011e+03,4.228065199999999777e+02
1.009405408595066547e+03,4.228065199999999777e+02
1.009535809273674545e+03,4.228065199999999777e+02
1.009565309915734588e+03,4.228065199999999777e+02
1.009998907361963120e+03,4.228065199999999777e+02
1.009725211236402629e+03,4.228065199999999777e+02
1.009855660919399270e+03,4.228065199999999777e+02
1.009885112557070556e+03,4.228065199999999777e+02
1.010116680257510666e+03,4.228065199999999777e+02
1.010045013877738597e+03,4.228065199999999777e+02
1.010175512565124109e+03,4.228065199999999777e+02
1.010204915198406525e+03,4.228065199999999777e+02
1.011859854482758578e+03,3.767498800000000188e+02
1.010364816519074566e+03,3.767498800000000188e+02
1.010495364210848834e+03,3.767498800000000188e+02
1.010524717839742607e+03,3.767498800000000188e+02
1.010756579656652320e+03,3.767498800000000188e+02
1.010684619160410534e+03,3.767498800000000188e+02
1.010815215856573673e+03,3.767498800000000188e+02
1.010844520481078575e+03,3.767498800000000188e+02
1.011279491312883351e+03,3.767498800000000188e+02
1.011004421801746503e+03,3.767498800000000188e+02
1.011135067502298511e+03,3.767498800000000188e+02
1.011164323122414544e+03,3.767498800000000188e+02
1.011396479055793861e+03,3.767498800000000188e+02
1.011324224443082585e+03,3.767498800000000188e+02
1.011454919148023237e+03,3.767498800000000188e+02
1.011484125763750512e+03,3.767498800000000188e+02
1.012327241818181733e+03,3.767498800000000188e+02
1.011644027084418553e+03,3.767498800000000188e+02
1.011774770793748075e+03,3.767498800000000188e+02
1.011803928405086481e+03,3.767498800000000188e+02
1.012036378454935516e+03,3.767498800000000188e+02
1.011963829725754522e+03,3.767498800000000188e+02
1.012094622439472801e+03,3.767498800000000188e+02
1.012123731046422449e+03,3.767498800000000188e+02
1.012560075263803583e+03,3.767498800000000188e+02
1.012283632367090490e+03,3.767498800000000188e+02
1.012414474085197639e+03,3.767498800000000188e+02
1.012443533687758531e+03,3.767498800000000188e+02
1.012676277854077171e+03,3.767498800000000188e+02
1.012603435008426459e+03,3.767498800000000188e+02
1.012734325730922478e+03,3.767498800000000188e+02
1.012763336329094500e+03,3.767498800000000188e+02
9.831122000000000298e+02,4.152803999999999860e+02
1.012923237649762427e+03,3.767498800000000188e+02
1.013054177376647203e+03,3.767498800000000188e+02
1.013083138970430468e+03,3.767498800000000188e+02
1.013316177253218825e+03,3.767498800000000188e+02
1.013243040291098509e+03,3.767498800000000188e+02
1.013374029022372042e+03,3.767498800000000188e+02
1.013402941611766437e+03,3.767498800000000188e+02
1.013840659214723814e+03,3.767498800000000188e+02
1.013562842932434478e+03,3.767498800000000188e+02
1.013693880668096767e+03,3.767498800000000188e+02
1.013722744253102405e+03,3.767498800000000188e+02
1.013956076652360480e+03,3.767498800000000188e+02
1.013882645573770446e+03,3.767498800000000188e+02
1.014013732313821606e+03,3.767498800000000188e+02
1.014042546894438487e+03,3.767498800000000188e+02
1.014891556117936034e+03,3.767498800000000188e+02
1.014202448215106415e+03,3.767498800000000188e+02
1.014333583959546445e+03,3.767498800000000188e+02
1.014362349535774456e+03,3.767498800000000188e+02
1.014595976051502021e+03,3.767498800000000188e+02
1.014522250856442383e+03,3.767498800000000188e+02
1.014653435605271170e+03,3.767498800000000188e+02
1.014682152177110424e+03,3.767498800000000188e+02
1.015121243165644046e+03,3.767498800000000188e+02
1.014842053497778465e+03,3.767498800000000188e+02
1.014973287250996009e+03,3.767498800000000188e+02
1.015001954818446393e+03,3.767498800000000188e+02
1.015235875450643675e+03,3.767498800000000188e+02
1.015161856139114434e+03,3.767498800000000188e+02
1.015293138896720734e+03,3.767498800000000188e+02
1.015321757459782361e+03,3.767498800000000188e+02
1.017001115172413733e+03,3.767498800000000188e+02
1.015481658780450402e+03,3.767498800000000188e+02
1.015612990542445573e+03,3.767498800000000188e+02
1.015641560101118330e+03,3.767498800000000188e+02
1.015875774849785330e+03,3.767498800000000188e+02
1.015801461421786371e+03,3.767498800000000188e+02
1.015932842188170412e+03,3.767498800000000188e+02
1.015961362742454412e+03,3.767498800000000188e+02
1.016401827116564277e+03,3.767498800000000188e+02
1.016121264063122339e+03,3.767498800000000188e+02
1.016252693833895137e+03,3.767498800000000188e+02
1.016281165383790380e+03,3.767498800000000188e+02
1.016515674248926985e+03,3.767498800000000188e+02
1.016441066704458308e+03,3.767498800000000188e+02
1.016572545479619976e+03,3.767498800000000188e+02
1.016600968025126349e+03,3.767498800000000188e+02
1.017455870417690335e+03,3.767498800000000188e+02
1.016760869345794390e+03,3.767498800000000188e+02
1.016892397125344701e+03,3.767498800000000188e+02
1.016920770666462317e+03,3.767498800000000188e+02
1.017155573648068639e+03,3.767498800000000188e+02
1.017080671987130359e+03,3.767498800000000188e+02
1.017212248771069540e+03,3.767498800000000188e+02
1.017240573307798286e+03,3.767498800000000188e+02
1.017682411067484509e+03,3.767498800000000188e+02
1.017400474628466327e+03,3.767498800000000188e+02
1.017532100416794378e+03,3.767498800000000188e+02
1.017560375949134368e+03,3.767498800000000188e+02
1.017795473047210180e+03,3.767498800000000188e+02
1.017720277269802295e+03,3.767498800000000188e+02
1.017851952062519103e+03,3.767498800000000188e+02
1.017880178590470337e+03,3.767498800000000188e+02
1.007992799999999988e+03,4.228065199999999777e+02
1.018040079911138264e+03,3.146421000000000276e+02
1.018171803708243942e+03,3.146421000000000276e+02
1.018199981231806305e+03,3.146421000000000276e+02
1.018435372446351835e+03,3.146421000000000276e+02
1.018359882552474232e+03,3.146421000000000276e+02
1.018491655353968667e+03,3.146421000000000276e+02
1.018519783873142273e+03,3.146421000000000276e+02
1.018962995018404740e+03,3.146421000000000276e+02
1.018679685193810315e+03,3.146421000000000276e+02
1.018811506999693506e+03,3.146421000000000276e+02
1.018839586514478242e+03,3.146421000000000276e+02
1.019075271845493489e+03,3.146421000000000276e+02
1.018999487835146283e+03,3.146421000000000276e+02
1.019131358645418345e+03,3.146421000000000276e+02
1.019159389155814210e+03,3.146421000000000276e+02
1.020020184717444636e+03,3.146421000000000276e+02
1.019319290476482252e+03,3.146421000000000276e+02
1.019451210291143070e+03,3.146421000000000276e+02
1.019479191797150293e+03,3.146421000000000276e+02
1.019715171244635144e+03,3.146421000000000276e+02
1.019639093117818220e+03,3.146421000000000276e+02
1.019771061936867909e+03,3.146421000000000276e+02
1.019798994438486261e+03,3.146421000000000276e+02
1.020243578969324972e+03,3.146421000000000276e+02
1.019958895759154188e+03,3.146421000000000276e+02
1.020090913582592634e+03,3.146421000000000276e+02
1.020118797079822230e+03,3.146421000000000276e+02
1.020355070643776685e+03,3.146421000000000276e+02
1.020278698400490271e+03,3.146421000000000276e+02
1.020410765228317473e+03,3.146421000000000276e+02
1.020438599721158198e+03,3.146421000000000276e+02
1.022142375862068889e+03,3.146421000000000276e+02
1.020598501041826239e+03,3.146421000000000276e+02
1.020730616874042312e+03,3.146421000000000276e+02
1.020758402362494166e+03,3.146421000000000276e+02
1.020994970042918339e+03,3.146421000000000276e+02
1.020918303683162208e+03,3.146421000000000276e+02
1.021050468519767037e+03,3.146421000000000276e+02
1.021078205003830249e+03,3.146421000000000276e+02
1.021524162920245317e+03,3.146421000000000276e+02
1.021238106324498176e+03,3.146421000000000276e+02
1.021370320165491876e+03,3.146421000000000276e+02
1.021398007645166217e+03,3.146421000000000276e+02
1.021634869442059994e+03,3.146421000000000276e+02
1.021557908965834145e+03,3.146421000000000276e+02
1.021690171811216601e+03,3.146421000000000276e+02
1.021717810286502186e+03,3.146421000000000276e+02
1.022584499017198937e+03,3.146421000000000276e+02
1.021877711607170113e+03,3.146421000000000276e+02
1.022010023456941440e+03,3.146421000000000276e+02
1.022037612927838154e+03,3.146421000000000276e+02
1.022274768841201649e+03,3.146421000000000276e+02
1.022197514248506195e+03,3.146421000000000276e+02
1.022329875102666279e+03,3.146421000000000276e+02
1.022357415569174123e+03,3.146421000000000276e+02
1.022804746871165548e+03,3.146421000000000276e+02
1.022517316889842164e+03,3.146421000000000276e+02
1.022649726748391004e+03,3.146421000000000276e+02
1.022677218210510091e+03,3.146421000000000276e+02
1.022914668240343303e+03,3.146421000000000276e+02
1.022837119531178132e+03,3.146421000000000276e+02
1.022969578394115842e+03,3.146421000000000276e+02
1.022997020851846173e+03,3.146421000000000276e+02
1.029153800000000047e+03,4.199577600000000075e+02
1.023156922172514101e+03,4.199577600000000075e+02
1.023289430039840568e+03,4.199577600000000075e+02
1.023316823493182142e+03,4.199577600000000075e+02
1.023554567639484844e+03,4.199577600000000075e+02
1.023476724813850069e+03,4.199577600000000075e+02
1.023609281685565406e+03,4.199577600000000075e+02
1.023636626134518110e+03,4.199577600000000075e+02
1.024085330822085780e+03,4.199577600000000075e+02
1.023796527455186151e+03,4.199577600000000075e+02
1.023929133331290245e+03,4.199577600000000075e+02
1.023956428775854079e+03,4.199577600000000075e+02
1.024194467038626499e+03,4.199577600000000075e+02
1.024116330096522233e+03,4.199577600000000075e+02
1.024248984977014970e+03,4.199577600000000075e+02
1.024276231417190047e+03,4.199577600000000075e+02
1.025148813316953238e+03,4.199577600000000075e+02
1.024436132737858088e+03,4.199577600000000075e+02
1.024568836622739809e+03,4.199577600000000075e+02
1.024596034058526129e+03,4.199577600000000075e+02
1.024834366437768267e+03,4.199577600000000075e+02
1.024755935379194170e+03,4.199577600000000075e+02
1.024888688268464648e+03,4.199577600000000075e+02
1.024915836699862211e+03,4.199577600000000075e+02
1.025365914773006125e+03,4.199577600000000075e+02
1.025075738020530025e+03,4.199577600000000075e+02
1.025208539914189487e+03,4.199577600000000075e+02
1.025235639341198066e+03,4.199577600000000075e+02
1.025474265836909808e+03,4.199577600000000075e+02
1.025395540661866107e+03,4.199577600000000075e+02
1.025528391559914326e+03,4.199577600000000075e+02
1.025555441982534148e+03,4.199577600000000075e+02
1.027283636551724157e+03,4.199577600000000075e+02
1.025715343303202189e+03,4.199577600000000075e+02
1.025848243205638937e+03,4.199577600000000075e+02
1.025875244623870003e+03,4.199577600000000075e+02
1.026114165236051576e+03,4.199577600000000075e+02
1.026035145944538044e+03,4.199577600000000075e+02
1.026168094851363776e+03,4.199577600000000075e+02
1.026195047265206085e+03,4.199577600000000075e+02
1.026646498723926243e+03,4.199577600000000075e+02
1.026354948585874126e+03,4.199577600000000075e+02
1.026487946497088615e+03,4.199577600000000075e+02
1.026514849906542167e+03,4.199577600000000075e+02
1.026754064635193117e+03,4.199577600000000075e+02
1.026674751227209981e+03,4.199577600000000075e+02
1.026807798142813454e+03,4.199577600000000075e+02
1.026834652547878022e+03,4.199577600000000075e+02
1.027713127616707652e+03,4.199577600000000075e+02
1.026994553868546063e+03,4.199577600000000075e+02
1.027127649788538292e+03,4.199577600000000075e+02
1.027154455189214104e+03,4.199577600000000075e+02
1.027393964034334658e+03,4.199577600000000075e+02
1.027314356509882145e+03,4.199577600000000075e+02
1.027447501434262904e+03,4.199577600000000075e+02
1.027474257830549959e+03,4.199577600000000075e+02
1.027927082674846588e+03,4.199577600000000075e+02
1.027634159151218000e+03,4.199577600000000075e+02
1.027767353079987743e+03,4.199577600000000075e+02
1.027794060471886041e+03,4.199577600000000075e+02
1.028033863433476427e+03,4.199577600000000075e+02
1.027953961792554082e+03,4.199577600000000075e+02
1.028087204725712581e+03,4.199577600000000075e+02
1.028113863113221896e+03,4.199577600000000075e+02
1.046416099999999915e+03,4.110382000000000176e+02
1.028273764433889937e+03,4.199577600000000075e+02
1.028407056371437420e+03,4.199577600000000075e+02
1.028433665754557978e+03,4.199577600000000075e+02
1.028673762832617967e+03,4.199577600000000075e+02
1.028593567075226019e+03,4.199577600000000075e+02
1.028726908017162259e+03,4.199577600000000075e+02
1.028753468395894060e+03,4.199577600000000075e+02
1.029207666625766706e+03,4.199577600000000075e+02
1.028913369716561874e+03,4.199577600000000075e+02
1.029046759662886871e+03,4.199577600000000075e+02
1.029073271037229915e+03,4.199577600000000075e+02
1.029313662231759736e+03,4.199577600000000075e+02
1.029233172357897956e+03,4.199577600000000075e+02
1.029366611308611709e+03,4.199577600000000075e+02
1.029393073678565997e+03,4.199577600000000075e+02
1.030277441916461839e+03,3.084466600000000085e+02
1.029552974999234038e+03,3.084466600000000085e+02
1.029686462954336548e+03,3.084466600000000085e+02
1.029712876319901852e+03,3.084466600000000085e+02
1.029953561630901277e+03,3.084466600000000085e+02
1.029872777640569893e+03,3.084466600000000085e+02
1.030006314600061387e+03,3.084466600000000085e+02
1.030032678961237934e+03,3.084466600000000085e+02
1.030488250576687051e+03,3.084466600000000085e+02
1.030192580281905975e+03,3.084466600000000085e+02
1.030326166245786226e+03,3.084466600000000085e+02
1.030352481602574017e+03,3.084466600000000085e+02
1.030593461030042818e+03,3.084466600000000085e+02
1.030512382923241830e+03,3.084466600000000085e+02
1.030646017891510837e+03,3.084466600000000085e+02
1.030672284243909871e+03,3.084466600000000085e+02
1.032424897241379313e+03,3.084466600000000085e+02
1.030832185564577912e+03,3.084466600000000085e+02
1.030965869537235676e+03,3.084466600000000085e+02
1.030992086885245953e+03,3.084466600000000085e+02
1.031233360429184586e+03,3.084466600000000085e+02
1.031151988205913995e+03,3.084466600000000085e+02
1.031285721182960515e+03,3.084466600000000085e+02
1.031311889526581808e+03,3.084466600000000085e+02
1.031768834527607396e+03,3.084466600000000085e+02
1.031471790847249849e+03,3.084466600000000085e+02
1.031605572828685354e+03,3.084466600000000085e+02
1.031631692167917890e+03,3.084466600000000085e+02
1.031873259828326127e+03,3.084466600000000085e+02
1.031791593488585931e+03,3.084466600000000085e+02
1.031925424474410192e+03,3.084466600000000085e+02
1.031951494809253973e+03,3.084466600000000085e+02
1.032841756216216254e+03,3.084466600000000085e+02
1.032111396129921786e+03,3.084466600000000085e+02
1.032245276120134804e+03,3.084466600000000085e+02
1.032271297450589827e+03,3.084466600000000085e+02
1.032513159227467895e+03,3.084466600000000085e+02
1.032431198771257868e+03,3.084466600000000085e+02
1.032565127765859643e+03,3.084466600000000085e+02
1.032591100091925910e+03,3.084466600000000085e+02
1.033049418478527514e+03,3.084466600000000085e+02
1.032751001412593951e+03,3.084466600000000085e+02
1.032884979411584482e+03,3.084466600000000085e+02
1.032910902733261764e+03,3.084466600000000085e+02
1.033153058626609436e+03,3.084466600000000085e+02
1.033070804053929805e+03,3.084466600000000085e+02
1.033204831057309320e+03,3.084466600000000085e+02
1.033230705374597846e+03,3.084466600000000085e+02
1.055319600000000037e+03,3.993737800000000107e+02
1.033390606695265888e+03,3.863603499999999826e+02
1.033524682703034159e+03,3.863603499999999826e+02
1.033550508015933929e+03,3.863603499999999826e+02
1.033792958025750977e+03,3.863603499999999826e+02
1.033710409336601742e+03,3.863603499999999826e+02
1.033844534348758771e+03,3.863603499999999826e+02
1.033870310657269783e+03,3.863603499999999826e+02
1.034330002429447859e+03,3.863603499999999826e+02
1.034030211977937824e+03,3.863603499999999826e+02
1.034164385994483609e+03,3.863603499999999826e+02
1.034190113298605866e+03,3.863603499999999826e+02
1.034432857424892745e+03,3.863603499999999826e+02
1.034350014619273907e+03,3.863603499999999826e+02
1.034484237640208448e+03,3.863603499999999826e+02
1.034509915939941720e+03,3.863603499999999826e+02
1.035406070515970441e+03,3.863603499999999826e+02
1.034669817260609761e+03,3.863603499999999826e+02
1.034804089285933287e+03,3.863603499999999826e+02
1.034829718581277803e+03,3.863603499999999826e+02
1.035072756824034286e+03,3.863603499999999826e+02
1.034989619901945844e+03,3.863603499999999826e+02
1.035123940931658126e+03,3.863603499999999826e+02
1.035149521222613657e+03,3.863603499999999826e+02
1.035610586380367977e+03,3.863603499999999826e+02
1.035309422543281698e+03,3.863603499999999826e+02
1.035443792577382737e+03,3.863603499999999826e+02
1.035469323863949739e+03,3.863603499999999826e+02
1.035712656223175827e+03,3.863603499999999826e+02
1.035629225184617781e+03,3.863603499999999826e+02
1.035763644223107576e+03,3.863603499999999826e+02
1.035789126505285822e+03,3.863603499999999826e+02
1.037566157931034468e+03,3.236524699999999939e+02
1.035949027825953635e+03,3.863603499999999826e+02
1.036083495868832415e+03,3.863603499999999826e+02
1.036108929146621676e+03,3.863603499999999826e+02
1.036352555622317595e+03,3.863603499999999826e+02
1.036268830467289717e+03,3.863603499999999826e+02
1.036403347514557254e+03,3.863603499999999826e+02
1.036428731787957759e+03,3.863603499999999826e+02
1.036891170331288322e+03,3.236524699999999939e+02
1.036588633108625800e+03,3.863603499999999826e+02
1.036723199160282093e+03,3.863603499999999826e+02
1.036748534429293613e+03,3.863603499999999826e+02
1.036992455021459136e+03,3.236524699999999939e+02
1.036908435749961654e+03,3.236524699999999939e+02
1.037043050806006704e+03,3.236524699999999939e+02
1.037068337070629696e+03,3.236524699999999939e+02
1.037970384815724856e+03,3.236524699999999939e+02
1.037228238391297737e+03,3.236524699999999939e+02
1.037362902451731543e+03,3.236524699999999939e+02
1.037388139711965778e+03,3.236524699999999939e+02
1.037632354420600905e+03,3.236524699999999939e+02
1.037548041032633591e+03,3.236524699999999939e+02
1.037682754097456382e+03,3.236524699999999939e+02
1.037707942353301632e+03,3.236524699999999939e+02
1.038171754282208440e+03,3.236524699999999939e+02
1.037867843673969674e+03,3.236524699999999939e+02
1.038002605743181221e+03,3.236524699999999939e+02
1.038027744994637715e+03,3.236524699999999939e+02
1.038272253819742446e+03,3.236524699999999939e+02
1.038187646315305756e+03,3.236524699999999939e+02
1.038322457388905832e+03,3.236524699999999939e+02
1.038347547635973569e+03,3.236524699999999939e+02
1.061764799999999923e+03,3.758420399999999972e+02
1.038507448956641610e+03,4.110382000000000176e+02
1.038642309034630671e+03,4.110382000000000176e+02
1.038667350277309652e+03,4.110382000000000176e+02
1.038912153218883986e+03,4.110382000000000176e+02
1.038827251597977693e+03,4.110382000000000176e+02
1.038962160680355510e+03,4.110382000000000176e+02
1.038987152918645734e+03,4.110382000000000176e+02
1.039452338233128785e+03,4.110382000000000176e+02
1.039147054239313547e+03,4.110382000000000176e+02
1.039282012326080348e+03,4.110382000000000176e+02
1.039306955559981589e+03,4.110382000000000176e+02
1.039552052618025755e+03,4.110382000000000176e+02
1.039466856880649630e+03,4.110382000000000176e+02
1.039601863971805187e+03,4.110382000000000176e+02
1.039626758201317671e+03,4.110382000000000176e+02
1.040534699115479043e+03,4.110382000000000176e+02
1.039786659521985712e+03,4.110382000000000176e+02
1.039921715617529799e+03,4.110382000000000176e+02
1.039946560842653525e+03,4.110382000000000176e+02
1.040191952017167296e+03,4.110382000000000176e+02
1.040106462163321567e+03,4.110382000000000176e+02
1.040241567263254638e+03,4.110382000000000176e+02
1.040266363483989608e+03,4.110382000000000176e+02
1.040732922184048903e+03,4.110382000000000176e+02
1.040426264804657649e+03,4.110382000000000176e+02
1.040561418908979476e+03,4.110382000000000176e+02
1.040586166125325690e+03,4.110382000000000176e+02
1.040831851416309064e+03,4.110382000000000176e+02
1.040746067445993503e+03,4.110382000000000176e+02
1.040881270554704315e+03,4.110382000000000176e+02
1.040905968766661545e+03,4.110382000000000176e+02
1.042707418620689623e+03,4.110382000000000176e+02
1.041065870087329586e+03,4.110382000000000176e+02
1.041201122200429154e+03,4.110382000000000176e+02
1.041225771407997627e+03,4.110382000000000176e+02
1.041471750815450605e+03,4.110382000000000176e+02
1.041385672728665440e+03,4.110382000000000176e+02
1.041520973846153765e+03,4.110382000000000176e+02
1.041545574049333482e+03,4.110382000000000176e+02
1.042013506134969248e+03,4.110382000000000176e+02
1.041705475370001523e+03,4.110382000000000176e+02
1.041840825491878604e+03,4.110382000000000176e+02
1.041865376690669564e+03,4.110382000000000176e+02
1.042111650214592146e+03,4.110382000000000176e+02
1.042025278011337605e+03,4.110382000000000176e+02
1.042160677137603443e+03,4.110382000000000176e+02
1.042185179332005418e+03,4.110382000000000176e+02
1.043099013415233458e+03,4.110382000000000176e+02
1.042345080652673460e+03,4.110382000000000176e+02
1.042480528783328282e+03,4.110382000000000176e+02
1.042504981973341501e+03,4.110382000000000176e+02
1.042751549613733914e+03,4.110382000000000176e+02
1.042664883294009542e+03,4.110382000000000176e+02
1.042800380429053121e+03,4.110382000000000176e+02
1.042824784614677583e+03,4.110382000000000176e+02
1.043294090085889593e+03,4.110382000000000176e+02
1.042984685935345397e+03,4.110382000000000176e+02
1.043120232074777732e+03,4.110382000000000176e+02
1.043144587256013438e+03,4.110382000000000176e+02
1.043391449012875455e+03,4.110382000000000176e+02
1.043304488576681479e+03,4.110382000000000176e+02
1.043440083720502571e+03,4.110382000000000176e+02
1.043464389897349520e+03,4.110382000000000176e+02
1.058536299999999983e+03,3.535096399999999903e+02
1.043624291218017561e+03,4.110382000000000176e+02
1.043759935366227410e+03,4.110382000000000176e+02
1.043784192538685375e+03,4.110382000000000176e+02
1.044031348412017223e+03,4.110382000000000176e+02
1.043944093859353416e+03,4.110382000000000176e+02
1.044079787011952249e+03,4.110382000000000176e+02
1.044103995180021457e+03,4.110382000000000176e+02
1.044574674036809711e+03,4.110382000000000176e+02
1.044263896500689498e+03,4.110382000000000176e+02
1.044399638657677087e+03,4.110382000000000176e+02
1.044423797821357539e+03,4.110382000000000176e+02
1.044671247811158764e+03,4.110382000000000176e+02
1.044583699142025353e+03,4.110382000000000176e+02
1.044719490303401699e+03,4.110382000000000176e+02
1.044743600462693394e+03,4.110382000000000176e+02
1.045663327714987645e+03,4.110382000000000176e+02
1.044903501783361435e+03,4.110382000000000176e+02
1.045039341949126538e+03,4.110382000000000176e+02
1.045063403104029476e+03,4.110382000000000176e+02
1.045311147210300305e+03,4.110382000000000176e+02
1.045223304424697517e+03,4.110382000000000176e+02
1.045359193594851376e+03,4.110382000000000176e+02
1.045383205745365331e+03,4.110382000000000176e+02
1.045855257987730056e+03,4.110382000000000176e+02
1.045543107066033372e+03,4.110382000000000176e+02
1.045679045240576215e+03,4.110382000000000176e+02
1.045703008386701413e+03,4.110382000000000176e+02
1.045951046609442074e+03,4.110382000000000176e+02
1.045862909707369454e+03,4.110382000000000176e+02
1.045998896886301054e+03,4.110382000000000176e+02
1.046022811028037495e+03,4.110382000000000176e+02
1.047848679310344778e+03,4.110382000000000176e+02
1.046182712348705309e+03,4.110382000000000176e+02
1.046318748532025666e+03,4.110382000000000176e+02
1.046342613669373350e+03,4.110382000000000176e+02
1.046590946008583614e+03,4.110382000000000176e+02
1.046502514990041391e+03,4.110382000000000176e+02
1.046638600177750504e+03,4.110382000000000176e+02
1.046662416310709432e+03,4.110382000000000176e+02
1.047135841938650174e+03,4.110382000000000176e+02
1.046822317631377473e+03,4.110382000000000176e+02
1.046958451823475343e+03,4.110382000000000176e+02
1.046982218952045287e+03,4.110382000000000176e+02
1.047230845407725383e+03,4.110382000000000176e+02
1.047142120272713328e+03,4.110382000000000176e+02
1.047278303469200182e+03,4.110382000000000176e+02
1.047302021593381369e+03,4.110382000000000176e+02
1.048227642014742059e+03,4.110382000000000176e+02
1.047461922914049410e+03,4.110382000000000176e+02
1.047598155114925021e+03,4.110382000000000176e+02
1.047621824234717224e+03,4.110382000000000176e+02
1.047870744806866924e+03,4.110382000000000176e+02
1.047781725555385265e+03,4.110382000000000176e+02
1.047918006760649632e+03,4.110382000000000176e+02
1.047941626876053306e+03,4.110382000000000176e+02
1.048416425889570519e+03,4.110382000000000176e+02
1.048101528196721347e+03,4.110382000000000176e+02
1.048237858406374471e+03,4.110382000000000176e+02
1.048261429517389388e+03,4.110382000000000176e+02
1.048510644206008465e+03,4.110382000000000176e+02
1.048421330838057202e+03,4.110382000000000176e+02
1.048557710052099310e+03,4.110382000000000176e+02
1.048581232158725243e+03,4.110382000000000176e+02
1.050101899999999887e+03,3.379064999999999941e+02
1.048741133479393284e+03,3.379064999999999941e+02
1.048877561697824149e+03,3.379064999999999941e+02
1.048901034800061325e+03,3.379064999999999941e+02
1.049150543605150233e+03,3.379064999999999941e+02
1.049060936120729366e+03,3.379064999999999941e+02
1.049197413343548988e+03,3.379064999999999941e+02
1.049220837441397180e+03,3.379064999999999941e+02
1.049697009840490637e+03,3.379064999999999941e+02
1.049380738762065221e+03,3.379064999999999941e+02
1.049517264989273599e+03,3.379064999999999941e+02
1.049540640082733262e+03,3.379064999999999941e+02
1.049790443004291774e+03,3.379064999999999941e+02
1.049700541403401303e+03,3.379064999999999941e+02
1.049837116634998438e+03,3.379064999999999941e+02
1.049860442724069344e+03,3.379064999999999941e+02
1.050791956314496247e+03,3.124930400000000077e+02
1.050020344044737158e+03,3.379064999999999941e+02
1.050156968280723277e+03,3.379064999999999941e+02
1.050180245365405199e+03,3.379064999999999941e+02
1.050430342403433542e+03,3.379064999999999941e+02
1.050340146686073240e+03,3.379064999999999941e+02
1.050476819926448115e+03,3.379064999999999941e+02
1.050500048006741281e+03,3.379064999999999941e+02
1.050977593791410982e+03,3.124930400000000077e+02
1.050659949327409322e+03,3.124930400000000077e+02
1.050796671572172954e+03,3.124930400000000077e+02
1.050819850648077136e+03,3.124930400000000077e+02
1.051070241802575083e+03,3.124930400000000077e+02
1.050979751968745177e+03,3.124930400000000077e+02
1.051116523217897566e+03,3.124930400000000077e+02
1.051139653289413218e+03,3.124930400000000077e+02
1.052989939999999933e+03,3.124930400000000077e+02
1.051299554610081259e+03,3.124930400000000077e+02
1.051436374863622405e+03,3.124930400000000077e+02
1.051459455930749300e+03,3.124930400000000077e+02
1.051710141201716624e+03,3.124930400000000077e+02
1.051619357251417114e+03,3.124930400000000077e+02
1.051756226509347243e+03,3.124930400000000077e+02
1.051779258572085155e+03,3.124930400000000077e+02
1.052258177742331327e+03,3.124930400000000077e+02
1.051939159892753196e+03,3.124930400000000077e+02
1.052076078155072082e+03,3.124930400000000077e+02
1.052099061213421237e+03,3.124930400000000077e+02
1.052350040600858392e+03,3.124930400000000077e+02
1.052258962534089278e+03,3.124930400000000077e+02
1.052395929800796921e+03,3.124930400000000077e+02
1.052418863854757092e+03,3.124930400000000077e+02
1.053356270614250661e+03,3.124930400000000077e+02
1.052578765175425133e+03,3.124930400000000077e+02
1.052715781446521532e+03,3.124930400000000077e+02
1.052738666496093174e+03,3.124930400000000077e+02
1.052989939999999933e+03,3.124930400000000077e+02
1.052898567816761215e+03,3.124930400000000077e+02
1.053035633092246371e+03,3.124930400000000077e+02
1.053058469137429256e+03,3.124930400000000077e+02
1.053538761693251445e+03,3.124930400000000077e+02
1.053218370458097070e+03,3.124930400000000077e+02
1.053355484737971210e+03,3.124930400000000077e+02
1.053378271778765111e+03,3.124930400000000077e+02
1.053629839399141702e+03,3.124930400000000077e+02
1.053538173099433152e+03,3.124930400000000077e+02
1.053675336383696049e+03,3.124930400000000077e+02
1.053698074420101193e+03,3.124930400000000077e+02
1.036945999999999913e+03,3.236524699999999939e+02
1.053857975740769007e+03,3.993737800000000107e+02
1.053995188029420888e+03,3.993737800000000107e+02
1.054017877061437048e+03,3.993737800000000107e+02
1.054269738798283242e+03,3.993737800000000107e+02
1.054177778382105089e+03,3.993737800000000107e+02
1.054315039675145499e+03,3.993737800000000107e+02
1.054337679702773130e+03,3.993737800000000107e+02
1.054819345644171790e+03,3.993737800000000107e+02
1.054497581023441171e+03,3.993737800000000107e+02
1.054634891320870338e+03,3.993737800000000107e+02
1.054657482344108985e+03,3.993737800000000107e+02
1.054909638197424783e+03,3.993737800000000107e+02
1.054817383664777026e+03,3.993737800000000107e+02
1.054954742966595177e+03,3.993737800000000107e+02
1.054977284985445067e+03,3.993737800000000107e+02
1.055920584914004849e+03,3.993737800000000107e+02
1.055137186306113108e+03,3.993737800000000107e+02
1.055274594612320016e+03,3.993737800000000107e+02
1.055297087626781149e+03,3.993737800000000107e+02
1.055549537596566552e+03,3.993737800000000107e+02
1.055456988947448963e+03,3.993737800000000107e+02
1.055594446258044854e+03,3.993737800000000107e+02
1.055616890268117004e+03,3.993737800000000107e+02
1.056099929595091908e+03,3.993737800000000107e+02
1.055776791588785045e+03,3.993737800000000107e+02
1.055914297903769466e+03,3.993737800000000107e+02
1.055936692909453086e+03,3.993737800000000107e+02
1.056189436995708093e+03,3.993737800000000107e+02
1.056096594230121127e+03,3.993737800000000107e+02
1.056234149549494305e+03,3.993737800000000107e+02
1.056256495550788941e+03,3.993737800000000107e+02
1.058131200689655088e+03,3.535096399999999903e+02
1.056416396871456982e+03,3.535096399999999903e+02
1.056554001195219143e+03,3.535096399999999903e+02
1.056576298192125023e+03,3.535096399999999903e+02
1.056829336394849861e+03,3.535096399999999903e+02
1.056736199512793064e+03,3.535096399999999903e+02
1.056873852840943982e+03,3.535096399999999903e+02
1.056896100833461105e+03,3.535096399999999903e+02
1.057380513546012253e+03,3.535096399999999903e+02
1.057056002154128919e+03,3.535096399999999903e+02
1.057193704486668821e+03,3.535096399999999903e+02
1.057215903474796960e+03,3.535096399999999903e+02
1.057469235793991402e+03,3.535096399999999903e+02
1.057375804795465001e+03,3.535096399999999903e+02
1.057513556132393433e+03,3.535096399999999903e+02
1.057535706116133042e+03,3.535096399999999903e+02
1.058484899213759263e+03,3.535096399999999903e+02
1.057695607436801083e+03,3.535096399999999903e+02
1.057833407778118271e+03,3.535096399999999903e+02
1.057855508757468897e+03,3.535096399999999903e+02
1.058109135193132943e+03,3.535096399999999903e+02
1.058015410078136938e+03,3.535096399999999903e+02
1.058153259423843110e+03,3.535096399999999903e+02
1.058175311398804979e+03,3.535096399999999903e+02
1.058661097496932371e+03,3.535096399999999903e+02
1.058335212719473020e+03,3.535096399999999903e+02
1.058473111069567949e+03,3.535096399999999903e+02
1.058495114040141061e+03,3.535096399999999903e+02
1.058749034592274711e+03,3.862418200000000184e+02
1.058655015360808875e+03,3.535096399999999903e+02
1.058792962715292788e+03,3.862418200000000184e+02
1.058814916681476916e+03,3.862418200000000184e+02
1.020852399999999989e+03,3.146421000000000276e+02
1.058974818002144957e+03,3.758420399999999972e+02
1.059112814361017399e+03,3.758420399999999972e+02
1.059134719322812998e+03,3.758420399999999972e+02
1.059388933991416252e+03,3.758420399999999972e+02
1.059294620643481039e+03,3.758420399999999972e+02
1.059432666006742238e+03,3.758420399999999972e+02
1.059454521964148853e+03,3.758420399999999972e+02
1.059941681447852716e+03,3.758420399999999972e+02
1.059614423284816894e+03,3.758420399999999972e+02
1.059752517652467077e+03,3.758420399999999972e+02
1.059774324605484935e+03,3.758420399999999972e+02
1.060028833390558020e+03,3.758420399999999972e+02
1.059934225926152976e+03,3.758420399999999972e+02
1.060072369298191916e+03,3.758420399999999972e+02
1.060094127246821017e+03,3.758420399999999972e+02
1.061049213513513450e+03,3.758420399999999972e+02
1.060254028567488831e+03,3.758420399999999972e+02
1.060392220943916755e+03,3.758420399999999972e+02
1.060413929888156872e+03,3.758420399999999972e+02
1.060668732789699561e+03,3.758420399999999972e+02
1.060573831208824913e+03,3.758420399999999972e+02
1.060712072589641366e+03,3.758420399999999972e+02
1.060733732529492954e+03,3.758420399999999972e+02
1.061222265398772834e+03,3.758420399999999972e+02
1.060893633850160768e+03,3.758420399999999972e+02
1.061031924235366205e+03,3.758420399999999972e+02
1.061053535170828809e+03,3.758420399999999972e+02
1.061308632188841102e+03,3.758420399999999972e+02
1.061213436491496850e+03,3.758420399999999972e+02
1.061351775881091044e+03,3.758420399999999972e+02
1.061373337812164891e+03,3.758420399999999972e+02
1.063272461379310244e+03,3.758420399999999972e+02
1.061533239132832932e+03,3.758420399999999972e+02
1.061671627526815882e+03,3.758420399999999972e+02
1.061693140453500746e+03,3.758420399999999972e+02
1.061948531587982870e+03,3.758420399999999972e+02
1.061853041774168787e+03,3.758420399999999972e+02
1.061991479172540721e+03,3.758420399999999972e+02
1.062012943094836828e+03,3.758420399999999972e+02
1.062502849349693179e+03,3.758420399999999972e+02
1.062172844415504869e+03,3.758420399999999972e+02
1.062311330818265333e+03,3.758420399999999972e+02
1.062332745736172910e+03,3.758420399999999972e+02
1.062588430987124411e+03,3.758420399999999972e+02
1.062492647056840724e+03,3.758420399999999972e+02
1.062631182463990172e+03,3.758420399999999972e+02
1.062652548377508765e+03,3.758420399999999972e+02
1.063613527813267865e+03,3.758420399999999972e+02
1.062812449698176806e+03,3.758420399999999972e+02
1.062951034109715010e+03,3.758420399999999972e+02
1.062972351018844847e+03,3.758420399999999972e+02
1.063228330386265952e+03,3.758420399999999972e+02
1.063132252339512888e+03,3.758420399999999972e+02
1.063270885755439849e+03,3.758420399999999972e+02
1.063292153660180702e+03,3.758420399999999972e+02
1.063783433300613524e+03,3.758420399999999972e+02
1.063452054980848743e+03,3.758420399999999972e+02
1.063590737401164688e+03,3.758420399999999972e+02
1.063611956301516784e+03,3.758420399999999972e+02
1.063868229785407721e+03,3.758420399999999972e+02
1.063771857622184825e+03,3.758420399999999972e+02
1.063910589046889299e+03,3.758420399999999972e+02
1.063931758942852866e+03,3.758420399999999972e+02
1.006755499999999984e+03,3.126295200000000136e+02
1.064091660263520680e+03,2.866089999999999804e+02
1.064230440692614138e+03,2.866089999999999804e+02
1.064251561584188721e+03,2.866089999999999804e+02
1.064508129184549261e+03,2.866089999999999804e+02
1.064411462904856762e+03,2.866089999999999804e+02
1.064550292338338977e+03,2.866089999999999804e+02
1.064571364225524803e+03,2.866089999999999804e+02
1.065064017251533642e+03,2.866089999999999804e+02
1.064731265546192844e+03,2.866089999999999804e+02
1.064870143984063816e+03,2.866089999999999804e+02
1.064891166866860658e+03,2.866089999999999804e+02
1.065148028583691030e+03,2.866089999999999804e+02
1.065051068187528699e+03,2.866089999999999804e+02
1.065189995629788655e+03,2.866089999999999804e+02
1.065210969508196740e+03,2.866089999999999804e+02
1.066177842113022052e+03,2.866089999999999804e+02
1.065370870828864781e+03,2.866089999999999804e+02
1.065509847275513266e+03,2.866089999999999804e+02
1.065530772149532822e+03,2.866089999999999804e+02
1.065787927982832571e+03,2.866089999999999804e+02
1.065690673470200636e+03,2.866089999999999804e+02
1.065829698921238105e+03,2.866089999999999804e+02
1.065850574790868677e+03,2.866089999999999804e+02
1.066344601202453987e+03,2.866089999999999804e+02
1.066010476111536718e+03,2.866089999999999804e+02
1.066149550566962944e+03,2.866089999999999804e+02
1.066170377432204759e+03,2.866089999999999804e+02
1.066427827381974112e+03,2.866089999999999804e+02
1.066330278752872800e+03,2.866089999999999804e+02
1.066469402212687783e+03,2.866089999999999804e+02
1.066490180073540614e+03,2.866089999999999804e+02
1.068413722068965399e+03,2.866089999999999804e+02
1.066650081394208655e+03,2.866089999999999804e+02
1.066789253858412621e+03,2.866089999999999804e+02
1.066809982714876696e+03,2.866089999999999804e+02
1.067067726781115880e+03,2.866089999999999804e+02
1.066969884035544737e+03,2.866089999999999804e+02
1.067109105504137233e+03,2.866089999999999804e+02
1.067129785356212551e+03,2.866089999999999804e+02
1.067625185153374105e+03,2.866089999999999804e+02
1.067289686676880592e+03,2.866089999999999804e+02
1.067428957149862072e+03,2.866089999999999804e+02
1.067449587997548633e+03,2.866089999999999804e+02
1.067707626180257421e+03,2.866089999999999804e+02
1.067609489318216674e+03,2.866089999999999804e+02
1.067748808795586910e+03,2.866089999999999804e+02
1.067769390638884715e+03,2.866089999999999804e+02
1.068742156412776467e+03,2.866089999999999804e+02
1.067929291959552529e+03,2.866089999999999804e+02
1.068068660441311749e+03,2.866089999999999804e+02
1.068089193280220570e+03,2.866089999999999804e+02
1.068347525579399189e+03,2.866089999999999804e+02
1.068249094600888611e+03,2.866089999999999804e+02
1.068388512087036588e+03,2.866089999999999804e+02
1.068408995921556652e+03,2.866089999999999804e+02
1.068905769104294450e+03,2.866089999999999804e+02
1.068568897242224693e+03,2.866089999999999804e+02
1.068708363732761200e+03,2.866089999999999804e+02
1.068728798562892507e+03,2.866089999999999804e+02
1.068987424978540730e+03,2.866089999999999804e+02
1.068888699883560548e+03,2.866089999999999804e+02
1.069028215378486038e+03,2.866089999999999804e+02
1.069048601204228589e+03,2.866089999999999804e+02
9.974400600000000168e+02,3.172342499999999745e+02
1.069208502524896630e+03,2.866089999999999804e+02
1.069348067024210877e+03,2.866089999999999804e+02
1.069368403845564671e+03,2.866089999999999804e+02
1.069627324377682271e+03,2.866089999999999804e+02
1.069528305166232485e+03,2.866089999999999804e+02
1.069667918669935716e+03,2.866089999999999804e+02
1.069688206486900526e+03,2.866089999999999804e+02
1.070186353055214568e+03,2.866089999999999804e+02
1.069848107807568567e+03,2.866089999999999804e+02
1.069987770315660555e+03,2.866089999999999804e+02
1.070008009128236608e+03,2.866089999999999804e+02
1.070267223776824039e+03,2.866089999999999804e+02
1.070167910448904649e+03,2.866089999999999804e+02
1.070307621961385166e+03,2.866089999999999804e+02
1.070327811769572463e+03,2.866089999999999804e+02
1.071306470712530654e+03,2.866089999999999804e+02
1.070487713090240504e+03,2.866089999999999804e+02
1.070627473607110005e+03,2.866089999999999804e+02
1.070647614410908545e+03,2.866089999999999804e+02
1.070907123175965580e+03,2.866089999999999804e+02
1.070807515731576586e+03,2.866089999999999804e+02
1.070947325252834844e+03,2.866089999999999804e+02
1.070967417052244627e+03,2.866089999999999804e+02
1.071466937006134913e+03,2.866089999999999804e+02
1.071127318372912441e+03,2.866089999999999804e+02
1.071267176898559683e+03,2.866089999999999804e+02
1.071287219693580482e+03,2.866089999999999804e+02
1.071547022575107349e+03,2.866089999999999804e+02
1.071447121014248523e+03,2.866089999999999804e+02
1.071587028544284522e+03,2.866089999999999804e+02
1.071607022334916564e+03,2.866089999999999804e+02
1.073554982758620554e+03,3.790316199999999753e+02
1.071766923655584606e+03,3.224030799999999886e+02
1.071906880190009133e+03,3.224030799999999886e+02
1.071926824976252419e+03,3.224030799999999886e+02
1.072186921974248889e+03,2.883079799999999864e+02
1.072086726296920460e+03,2.883079799999999864e+02
1.072226731835733972e+03,2.883079799999999864e+02
1.072246627617588501e+03,2.883079799999999864e+02
1.072747520957055031e+03,2.883079799999999864e+02
1.072406528938256542e+03,2.883079799999999864e+02
1.072546583481458811e+03,2.883079799999999864e+02
1.072566430258924584e+03,2.883079799999999864e+02
1.072826821373390430e+03,2.883079799999999864e+02
1.072726331579592397e+03,2.883079799999999864e+02
1.072866435127183649e+03,2.883079799999999864e+02
1.072886232900260438e+03,2.883079799999999864e+02
1.073870785012285069e+03,3.790316199999999753e+02
1.073046134220928479e+03,2.868629000000000246e+02
1.073186286772908488e+03,3.790316199999999753e+02
1.073206035541596520e+03,3.790316199999999753e+02
1.073466720772532199e+03,3.790316199999999753e+02
1.073365936862264334e+03,3.790316199999999753e+02
1.073506138418633100e+03,3.790316199999999753e+02
1.073525838182932375e+03,3.790316199999999753e+02
1.074028104907975376e+03,3.790316199999999753e+02
1.073685739503600416e+03,3.790316199999999753e+02
1.073825990064357939e+03,3.790316199999999753e+02
1.073845640824268457e+03,3.790316199999999753e+02
1.074106620171673740e+03,3.790316199999999753e+02
1.074005542144936499e+03,3.790316199999999753e+02
1.074145841710082777e+03,3.790316199999999753e+02
1.074165443465604312e+03,3.790316199999999753e+02
9.896829999999999927e+02,3.297024999999999864e+02
1.074325344786272353e+03,2.930233200000000124e+02
1.074465693355807616e+03,2.930233200000000124e+02
1.074485246106940394e+03,2.930233200000000124e+02
1.074746519570815508e+03,2.930233200000000124e+02
1.074645147427608435e+03,2.930233200000000124e+02
1.074785545001532455e+03,2.930233200000000124e+02
1.074805048748276477e+03,2.930233200000000124e+02
1.075308688858895721e+03,2.930233200000000124e+02
1.074964950068944290e+03,2.930233200000000124e+02
1.075105396647257066e+03,2.930233200000000124e+02
1.075124851389612331e+03,2.930233200000000124e+02
1.075386418969957049e+03,2.930233200000000124e+02
1.075284752710280372e+03,2.930233200000000124e+02
1.075425248292981905e+03,2.930233200000000124e+02
1.075444654030948413e+03,2.930233200000000124e+02
1.076435099312039256e+03,2.930233200000000124e+02
1.075604555351616455e+03,2.930233200000000124e+02
1.075745099938706744e+03,2.930233200000000124e+02
1.075764456672284268e+03,2.930233200000000124e+02
1.076026318369098590e+03,2.930233200000000124e+02
1.075924357992952309e+03,2.930233200000000124e+02
1.076064951584431583e+03,2.930233200000000124e+02
1.076084259313620350e+03,2.930233200000000124e+02
1.076589272809815839e+03,2.930233200000000124e+02
1.076244160634288392e+03,2.930233200000000124e+02
1.076384803230156422e+03,2.930233200000000124e+02
1.076404061954956433e+03,2.930233200000000124e+02
1.076666217768240358e+03,2.930233200000000124e+02
1.076563963275624246e+03,2.930233200000000124e+02
1.076704654875881033e+03,2.930233200000000124e+02
1.076723864596292287e+03,2.930233200000000124e+02
1.078696243448275936e+03,2.930233200000000124e+02
1.076883765916960328e+03,2.930233200000000124e+02
1.077024506521605872e+03,2.930233200000000124e+02
1.077043667237628370e+03,2.930233200000000124e+02
1.077306117167381899e+03,2.930233200000000124e+02
1.077203568558296411e+03,2.930233200000000124e+02
1.077344358167330711e+03,2.930233200000000124e+02
1.077363469878964224e+03,2.930233200000000124e+02
1.077869856760736184e+03,2.930233200000000124e+02
1.077523371199632265e+03,2.930233200000000124e+02
1.077664209813055550e+03,2.930233200000000124e+02
1.077683272520300306e+03,2.930233200000000124e+02
1.077946016566523667e+03,2.930233200000000124e+02
1.077843173840968348e+03,2.930233200000000124e+02
1.077984061458780388e+03,2.930233200000000124e+02
1.078003075161636389e+03,2.930233200000000124e+02
1.078999413611793670e+03,2.930233200000000124e+02
1.078162976482304202e+03,2.930233200000000124e+02
1.078303913104505000e+03,2.930233200000000124e+02
1.078322877802972243e+03,2.930233200000000124e+02
1.078585915965665208e+03,2.930233200000000124e+02
1.078482779123640285e+03,2.930233200000000124e+02
1.078623764750229839e+03,2.930233200000000124e+02
1.078642680444308326e+03,2.930233200000000124e+02
1.079150440711656302e+03,2.930233200000000124e+02
1.078802581764976367e+03,2.930233200000000124e+02
1.078943616395954678e+03,2.930233200000000124e+02
1.078962483085644180e+03,2.930233200000000124e+02
1.079225815364806749e+03,2.930233200000000124e+02
1.079122384406312221e+03,2.930233200000000124e+02
1.079263468041679516e+03,2.930233200000000124e+02
1.079282285726980263e+03,2.930233200000000124e+02
9.903503399999999601e+02,3.470631000000000199e+02
1.079442187047648304e+03,3.009085699999999974e+02
1.079583319687404355e+03,3.009085699999999974e+02
1.079602088368316117e+03,3.009085699999999974e+02
1.079865714763948517e+03,3.009085699999999974e+02
1.079761989688984158e+03,3.009085699999999974e+02
1.079903171333128967e+03,3.009085699999999974e+02
1.079921891009652200e+03,3.009085699999999974e+02
1.080431024662576647e+03,3.009085699999999974e+02
1.080081792330320241e+03,3.009085699999999974e+02
1.080223022978853805e+03,3.009085699999999974e+02
1.080241693650988282e+03,3.009085699999999974e+02
1.080505614163090058e+03,3.009085699999999974e+02
1.080401594971656095e+03,3.009085699999999974e+02
1.080542874624578644e+03,3.009085699999999974e+02
1.080561496292324136e+03,3.009085699999999974e+02
1.081563727911547858e+03,3.009085699999999974e+02
1.080721397612992178e+03,3.009085699999999974e+02
1.080862726270303483e+03,3.009085699999999974e+02
1.080881298933660219e+03,3.009085699999999974e+02
1.081145513562231827e+03,3.009085699999999974e+02
1.081041200254328260e+03,3.009085699999999974e+02
1.081182577916028322e+03,3.009085699999999974e+02
1.081201101574996073e+03,3.009085699999999974e+02
1.081711608613496765e+03,3.009085699999999974e+02
1.081361002895664114e+03,3.009085699999999974e+02
1.081502429561752933e+03,3.009085699999999974e+02
1.081520904216332156e+03,3.009085699999999974e+02
1.081785412961373368e+03,3.009085699999999974e+02
1.081680805537000197e+03,3.009085699999999974e+02
1.081822281207477772e+03,3.009085699999999974e+02
1.081840706857668238e+03,3.009085699999999974e+02
1.083837504137931091e+03,3.009085699999999974e+02
1.082000608178336051e+03,3.009085699999999974e+02
1.082142132853202611e+03,3.009085699999999974e+02
1.082160509499004093e+03,3.009085699999999974e+02
1.082425312360514909e+03,3.009085699999999974e+02
1.082320410819672134e+03,3.009085699999999974e+02
1.082461984498927450e+03,3.009085699999999974e+02
1.082480312140340175e+03,3.009085699999999974e+02
1.082992192564417110e+03,3.009085699999999974e+02
1.082640213461008216e+03,3.009085699999999974e+02
1.082781836144652289e+03,3.009085699999999974e+02
1.082800114781676029e+03,3.009085699999999974e+02
1.083065211759656677e+03,3.009085699999999974e+02
1.082960016102344071e+03,3.009085699999999974e+02
1.083101687790376900e+03,3.009085699999999974e+02
1.083119917423012112e+03,3.009085699999999974e+02
1.084128042211302272e+03,3.009085699999999974e+02
1.083279818743680153e+03,3.009085699999999974e+02
1.083421539436101739e+03,3.009085699999999974e+02
1.083439720064348194e+03,3.009085699999999974e+02
1.083705111158798218e+03,3.009085699999999974e+02
1.083599621385016007e+03,3.009085699999999974e+02
1.083741391081826578e+03,3.009085699999999974e+02
1.083759522705684049e+03,3.009085699999999974e+02
1.084272776515337455e+03,3.009085699999999974e+02
1.083919424026352090e+03,3.009085699999999974e+02
1.084061242727551416e+03,3.009085699999999974e+02
1.084079325347020131e+03,3.009085699999999974e+02
1.084345010557939986e+03,3.009085699999999974e+02
1.084239226667688172e+03,3.009085699999999974e+02
1.084381094373276255e+03,3.009085699999999974e+02
1.084399127988355986e+03,3.009085699999999974e+02
9.974703399999999647e+02,3.600416299999999978e+02
1.084559029309024027e+03,3.009085699999999974e+02
1.084700946019000867e+03,3.009085699999999974e+02
1.084718930629692068e+03,3.009085699999999974e+02
1.084984909957081527e+03,3.674404299999999921e+02
1.084878831950360109e+03,3.674404299999999921e+02
1.085020797664725706e+03,3.674404299999999921e+02
1.085038733271028150e+03,3.674404299999999921e+02
1.085553360466257573e+03,3.674404299999999921e+02
1.085198634591695964e+03,3.674404299999999921e+02
1.085340649310450544e+03,3.674404299999999921e+02
1.085358535912364005e+03,3.674404299999999921e+02
1.085624809356223068e+03,3.674404299999999921e+02
1.085518437233032046e+03,3.674404299999999921e+02
1.085660500956175383e+03,3.674404299999999921e+02
1.085678338553700087e+03,3.674404299999999921e+02
1.086692356511056460e+03,3.674404299999999921e+02
1.085838239874368128e+03,3.674404299999999921e+02
1.085980352601900222e+03,3.674404299999999921e+02
1.085998141195035942e+03,3.674404299999999921e+02
1.086264708755364836e+03,3.674404299999999921e+02
1.086158042515703983e+03,3.674404299999999921e+02
1.086300204247624833e+03,3.674404299999999921e+02
1.086317943836372024e+03,3.674404299999999921e+02
1.086833944417177918e+03,3.674404299999999921e+02
1.086477845157040065e+03,3.674404299999999921e+02
1.086620055893349672e+03,3.674404299999999921e+02
1.086637746477707879e+03,3.674404299999999921e+02
1.086904608154506377e+03,3.674404299999999921e+02
1.086797647798375920e+03,3.674404299999999921e+02
1.086939907539074511e+03,3.674404299999999921e+02
1.086957549119043961e+03,3.674404299999999921e+02
1.088978764827586247e+03,2.963086000000000126e+02
1.087117450439712002e+03,2.963086000000000126e+02
1.087259759184799350e+03,2.963086000000000126e+02
1.087277351760380043e+03,2.963086000000000126e+02
1.087544507553648145e+03,2.963086000000000126e+02
1.087437253081047857e+03,2.963086000000000126e+02
1.087579610830524189e+03,2.963086000000000126e+02
1.087597154401715898e+03,2.963086000000000126e+02
1.088114528368098036e+03,2.963086000000000126e+02
1.087757055722383939e+03,2.963086000000000126e+02
1.087899462476248800e+03,2.963086000000000126e+02
1.087916957043051980e+03,2.963086000000000126e+02
1.088184406952789686e+03,2.963086000000000126e+02
1.088076858363720021e+03,2.963086000000000126e+02
1.088219314121973639e+03,2.963086000000000126e+02
1.088236759684387835e+03,2.963086000000000126e+02
1.089256670810810874e+03,2.963086000000000126e+02
1.088396661005055876e+03,2.963086000000000126e+02
1.088539165767698478e+03,2.963086000000000126e+02
1.088556562325723917e+03,2.963086000000000126e+02
1.088824306351931227e+03,2.963086000000000126e+02
1.088716463646391958e+03,2.963086000000000126e+02
1.088859017413423317e+03,2.963086000000000126e+02
1.088876364967059999e+03,2.963086000000000126e+02
1.089395112319018381e+03,2.963086000000000126e+02
1.089036266287727813e+03,2.963086000000000126e+02
1.089178869059148155e+03,2.963086000000000126e+02
1.089196167608395854e+03,2.963086000000000126e+02
1.089464205751072996e+03,2.963086000000000126e+02
1.089356068929063895e+03,2.963086000000000126e+02
1.089498720704872767e+03,2.963086000000000126e+02
1.089515970249731936e+03,2.963086000000000126e+02
1.015303599999999960e+03,3.767498800000000188e+02
1.089675871570399977e+03,3.112515999999999963e+02
1.089818572350597606e+03,3.112515999999999963e+02
1.089835772891067791e+03,3.112515999999999963e+02
1.090104105150214536e+03,3.112515999999999963e+02
1.089995674211735832e+03,3.112515999999999963e+02
1.090138423996322445e+03,3.112515999999999963e+02
1.090155575532403873e+03,3.112515999999999963e+02
1.090675696269938499e+03,3.112515999999999963e+02
1.090315476853071914e+03,3.112515999999999963e+02
1.090458275642047283e+03,3.112515999999999963e+02
1.090475378173739955e+03,3.112515999999999963e+02
1.090744004549356305e+03,3.112515999999999963e+02
1.090635279494407769e+03,3.112515999999999963e+02
1.090778127287772122e+03,3.112515999999999963e+02
1.090795180815075810e+03,3.112515999999999963e+02
1.091820985110565061e+03,3.112515999999999963e+02
1.090955082135743851e+03,3.112515999999999963e+02
1.091097978933496734e+03,3.112515999999999963e+02
1.091114983456411892e+03,3.112515999999999963e+02
1.091383903948497846e+03,3.112515999999999963e+02
1.091274884777079933e+03,3.112515999999999963e+02
1.091417830579221572e+03,3.112515999999999963e+02
1.091434786097747747e+03,3.112515999999999963e+02
1.091956280220858844e+03,3.112515999999999963e+02
1.091594687418415788e+03,3.112515999999999963e+02
1.091737682224946411e+03,3.112515999999999963e+02
1.091754588739083829e+03,3.112515999999999963e+02
1.092023803347639387e+03,3.112515999999999963e+02
1.091914490059751870e+03,3.112515999999999963e+02
1.092057533870671250e+03,3.112515999999999963e+02
1.092074391380419911e+03,3.112515999999999963e+02
1.094120025517241402e+03,3.519168700000000172e+02
1.092234292701087725e+03,3.519168700000000172e+02
1.092377385516396089e+03,3.519168700000000172e+02
1.092394194021755766e+03,3.519168700000000172e+02
1.092663702746781155e+03,3.519168700000000172e+02
1.092554095342423807e+03,3.519168700000000172e+02
1.092697237162120700e+03,3.519168700000000172e+02
1.092713996663091848e+03,3.519168700000000172e+02
1.093236864171778961e+03,3.519168700000000172e+02
1.092873897983759662e+03,3.519168700000000172e+02
1.093017088807845539e+03,3.519168700000000172e+02
1.093033799304427703e+03,3.519168700000000172e+02
1.093303602145922696e+03,3.519168700000000172e+02
1.093193700625095744e+03,3.519168700000000172e+02
1.093336940453570378e+03,3.519168700000000172e+02
1.093353601945763785e+03,3.519168700000000172e+02
1.094385299410319476e+03,3.519168700000000172e+02
1.093513503266431826e+03,3.519168700000000172e+02
1.093656792099295217e+03,3.519168700000000172e+02
1.093673404587099640e+03,3.519168700000000172e+02
1.093943501545064237e+03,3.519168700000000172e+02
1.093833305907767681e+03,3.519168700000000172e+02
1.093976643745020056e+03,3.519168700000000172e+02
1.093993207228435722e+03,3.519168700000000172e+02
1.094517448122699307e+03,3.519168700000000172e+02
1.094153108549103763e+03,3.519168700000000172e+02
1.094296495390744667e+03,3.519168700000000172e+02
1.094313009869771804e+03,3.519168700000000172e+02
1.094583400944206005e+03,3.519168700000000172e+02
1.094472911190439618e+03,3.519168700000000172e+02
1.094616347036469506e+03,3.519168700000000172e+02
1.094632812511107659e+03,3.519168700000000172e+02
1.036556199999999990e+03,3.863603499999999826e+02
1.094792713831775700e+03,3.291410999999999945e+02
1.094936198682194345e+03,3.291410999999999945e+02
1.094952615152443741e+03,3.291410999999999945e+02
1.095223300343347546e+03,3.291410999999999945e+02
1.095112516473111782e+03,3.291410999999999945e+02
1.095256050327919183e+03,3.291410999999999945e+02
1.095272417793779596e+03,3.291410999999999945e+02
1.095798032073619652e+03,3.291410999999999945e+02
1.095432319114447637e+03,3.291410999999999945e+02
1.095575901973644022e+03,3.291410999999999945e+02
1.095592220435115678e+03,3.291410999999999945e+02
1.095863199742489314e+03,3.291410999999999945e+02
1.095752121755783719e+03,3.291410999999999945e+02
1.095895753619368634e+03,3.291410999999999945e+02
1.095912023076451760e+03,3.291410999999999945e+02
1.096949613710073663e+03,3.291410999999999945e+02
1.096071924397119574e+03,3.291410999999999945e+02
1.096215605265093473e+03,3.291410999999999945e+02
1.096231825717787615e+03,3.291410999999999945e+02
1.096503099141630855e+03,3.291410999999999945e+02
1.096391727038455656e+03,3.291410999999999945e+02
1.096535456910818311e+03,3.291410999999999945e+02
1.096551628359123697e+03,3.291410999999999945e+02
1.097078616024539770e+03,3.291410999999999945e+02
1.096711529679791738e+03,3.291410999999999945e+02
1.096855308556543150e+03,3.291410999999999945e+02
1.096871431000459552e+03,3.291410999999999945e+02
1.097142998540772396e+03,3.291410999999999945e+02
1.097031332321127593e+03,3.291410999999999945e+02
1.097175160202267989e+03,3.291410999999999945e+02
1.097191233641795634e+03,3.291410999999999945e+02
1.099261286206896557e+03,3.291410999999999945e+02
1.097351134962463675e+03,3.291410999999999945e+02
1.097495011847992600e+03,3.291410999999999945e+02
1.097511036283131716e+03,3.291410999999999945e+02
1.097782897939914164e+03,3.291410999999999945e+02
1.097670937603799530e+03,3.291410999999999945e+02
1.097814863493717439e+03,3.291410999999999945e+02
1.097830838924467571e+03,3.291410999999999945e+02
1.098359199975460115e+03,3.291410999999999945e+02
1.097990740245135612e+03,3.291410999999999945e+02
1.098134715139442278e+03,3.291410999999999945e+02
1.098150641565803653e+03,3.291410999999999945e+02
1.098422797339055705e+03,3.291410999999999945e+02
1.098310542886471694e+03,3.291410999999999945e+02
1.098454566785167117e+03,3.291410999999999945e+02
1.098470444207139508e+03,3.291410999999999945e+02
1.099513928009828078e+03,3.291410999999999945e+02
1.098630345527807549e+03,3.291410999999999945e+02
1.098774418430891956e+03,3.291410999999999945e+02
1.098790246848475590e+03,3.291410999999999945e+02
1.099062696738197474e+03,3.291410999999999945e+02
1.098950148169143631e+03,3.291410999999999945e+02
1.099094270076616567e+03,3.291410999999999945e+02
1.099110049489811445e+03,3.291410999999999945e+02
1.099639783926380233e+03,3.291410999999999945e+02
1.099269950810479486e+03,3.291410999999999945e+02
1.099414121722341406e+03,3.291410999999999945e+02
1.099429852131147527e+03,3.291410999999999945e+02
1.099702596137339015e+03,3.291410999999999945e+02
1.099589753451815568e+03,3.291410999999999945e+02
1.099733973368066245e+03,3.291410999999999945e+02
1.099749654772483609e+03,3.291410999999999945e+02
1.058809199999999919e+03,3.862418200000000184e+02
1.099909556093151423e+03,3.291410999999999945e+02
1.100053825013791084e+03,3.291410999999999945e+02
1.100069457413819464e+03,3.291410999999999945e+02
1.100342495536480556e+03,3.291410999999999945e+02
1.100229358734487505e+03,3.291410999999999945e+02
1.100373676659515922e+03,3.291410999999999945e+02
1.100389260055155546e+03,3.291410999999999945e+02
1.100920367877300578e+03,3.291410999999999945e+02
1.100549161375823587e+03,3.291410999999999945e+02
1.100693528305240534e+03,3.291410999999999945e+02
1.100709062696491401e+03,3.291410999999999945e+02
1.100982394935622324e+03,3.291410999999999945e+02
1.100868964017159442e+03,3.291410999999999945e+02
1.101013379950965373e+03,3.291410999999999945e+02
1.101028865337827483e+03,3.291410999999999945e+02
1.102078242309582265e+03,3.291410999999999945e+02
1.101188766658495524e+03,3.291410999999999945e+02
1.101333231596690212e+03,3.291410999999999945e+02
1.101348667979163565e+03,3.291410999999999945e+02
1.101622294334763865e+03,3.291410999999999945e+02
1.101508569299831379e+03,3.291410999999999945e+02
1.101653083242415050e+03,3.291410999999999945e+02
1.101668470620499420e+03,3.291410999999999945e+02
1.102200951828220695e+03,3.291410999999999945e+02
1.101828371941167461e+03,3.291410999999999945e+02
1.101972934888139889e+03,3.291410999999999945e+02
1.101988273261835502e+03,3.291410999999999945e+02
1.102262193733905633e+03,3.291410999999999945e+02
1.102148174582503543e+03,3.291410999999999945e+02
1.102292786533864501e+03,3.291410999999999945e+02
1.102308075903171357e+03,3.291410999999999945e+02
1.104402546896551712e+03,3.291410999999999945e+02
1.102467977223839398e+03,3.291410999999999945e+02
1.102612638179589339e+03,3.291410999999999945e+02
1.102627878544507439e+03,3.291410999999999945e+02
1.102902093133047174e+03,3.291410999999999945e+02
1.102787779865175480e+03,3.291410999999999945e+02
1.102932489825314178e+03,3.291410999999999945e+02
1.102947681185843521e+03,3.291410999999999945e+02
1.103481535779141041e+03,3.291410999999999945e+02
1.103107582506511335e+03,3.291410999999999945e+02
1.103252341471039017e+03,3.291410999999999945e+02
1.103267483827179376e+03,3.291410999999999945e+02
1.103541992532188715e+03,3.291410999999999945e+02
1.103427385147847417e+03,3.291410999999999945e+02
1.103572193116763856e+03,3.291410999999999945e+02
1.103587286468515458e+03,3.291410999999999945e+02
1.104642556609336680e+03,3.291410999999999945e+02
1.103747187789183499e+03,3.291410999999999945e+02
1.103892044762488467e+03,3.291410999999999945e+02
1.103907089109851313e+03,3.291410999999999945e+02
1.104181891931330483e+03,3.291410999999999945e+02
1.104066990430519354e+03,3.291410999999999945e+02
1.104211896408213306e+03,3.291410999999999945e+02
1.104226891751187395e+03,3.291410999999999945e+02
1.104762119730061158e+03,3.291410999999999945e+02
1.104386793071855436e+03,3.291410999999999945e+02
1.104531748053938145e+03,3.291410999999999945e+02
1.104546694392523477e+03,3.291410999999999945e+02
1.104821791330472024e+03,3.291410999999999945e+02
1.104706595713191291e+03,3.291410999999999945e+02
1.104851599699662984e+03,3.291410999999999945e+02
1.104866497033859332e+03,3.291410999999999945e+02
1.073220199999999977e+03,3.790316199999999753e+02
1.105026398354527373e+03,3.121010699999999929e+02
1.105171451345387823e+03,3.121010699999999929e+02
1.105186299675195414e+03,3.121010699999999929e+02
1.105461690729613792e+03,3.121010699999999929e+02
1.105346200995863455e+03,3.121010699999999929e+02
1.105491302991112434e+03,3.121010699999999929e+02
1.105506102316531269e+03,3.121010699999999929e+02
1.106042703680981504e+03,3.121010699999999929e+02
1.105666003637199310e+03,3.121010699999999929e+02
1.105811154636837273e+03,3.121010699999999929e+02
1.105825904957867351e+03,3.121010699999999929e+02
1.106101590128755333e+03,3.121010699999999929e+02
1.105985806278535392e+03,3.121010699999999929e+02
1.106131006282562112e+03,3.121010699999999929e+02
1.106145707599203206e+03,3.121010699999999929e+02
1.107206870909090867e+03,3.121010699999999929e+02
1.106305608919871247e+03,3.121010699999999929e+02
1.106450857928286950e+03,3.121010699999999929e+02
1.106465510240539288e+03,3.121010699999999929e+02
1.106741489527896874e+03,3.121010699999999929e+02
1.106625411561207329e+03,3.121010699999999929e+02
1.106770709574011562e+03,3.121010699999999929e+02
1.106785312881875370e+03,3.121010699999999929e+02
1.107323287631901849e+03,3.121010699999999929e+02
1.106945214202543184e+03,3.121010699999999929e+02
1.107090561219736401e+03,3.121010699999999929e+02
1.107105115523211225e+03,3.121010699999999929e+02
1.107381388927038643e+03,3.121010699999999929e+02
1.107265016843879266e+03,3.121010699999999929e+02
1.107410412865461240e+03,3.121010699999999929e+02
1.107424918164547307e+03,3.121010699999999929e+02
1.109543807586206867e+03,3.121010699999999929e+02
1.107584819485215348e+03,3.121010699999999929e+02
1.107730264511186078e+03,3.121010699999999929e+02
1.107744720805883162e+03,3.121010699999999929e+02
1.108021288326180184e+03,3.121010699999999929e+02
1.107904622126551203e+03,3.121010699999999929e+02
1.108050116156910917e+03,3.121010699999999929e+02
1.108064523447219244e+03,3.121010699999999929e+02
1.108603871582821967e+03,3.121010699999999929e+02
1.108224424767887285e+03,3.121010699999999929e+02
1.108369967802635529e+03,3.121010699999999929e+02
1.108384326088555326e+03,3.121010699999999929e+02
1.108661187725321952e+03,3.121010699999999929e+02
1.108544227409223140e+03,3.121010699999999929e+02
1.108689819448360367e+03,3.121010699999999929e+02
1.108704128729891181e+03,3.121010699999999929e+02
1.109771185208845282e+03,3.121010699999999929e+02
1.108864030050559222e+03,3.121010699999999929e+02
1.109009671094085206e+03,3.121010699999999929e+02
1.109023931371227263e+03,3.121010699999999929e+02
1.109301087124463493e+03,3.121010699999999929e+02
1.109183832691895304e+03,3.121010699999999929e+02
1.109329522739810045e+03,3.121010699999999929e+02
1.109343734012563118e+03,3.121010699999999929e+02
1.109884455533742312e+03,3.121010699999999929e+02
1.109503635333231159e+03,3.121010699999999929e+02
1.109649374385534884e+03,3.121010699999999929e+02
1.109663536653899200e+03,3.121010699999999929e+02
1.109940986523605034e+03,3.121010699999999929e+02
1.109823437974567241e+03,3.121010699999999929e+02
1.109969226031259495e+03,3.121010699999999929e+02
1.109983339295235282e+03,3.121010699999999929e+02
1.085357799999999997e+03,3.674404299999999921e+02
1.110143240615903096e+03,3.121010699999999929e+02
1.110289077676984334e+03,3.121010699999999929e+02
1.110303141936571137e+03,3.121010699999999929e+02
1.110580885922746802e+03,3.121010699999999929e+02
1.110463043257239178e+03,3.121010699999999929e+02
1.110608929322709173e+03,3.121010699999999929e+02
1.110622944577907219e+03,3.121010699999999929e+02
1.111165039484662429e+03,3.121010699999999929e+02
1.110782845898575260e+03,3.121010699999999929e+02
1.110928780968434012e+03,3.121010699999999929e+02
1.110942747219243074e+03,3.121010699999999929e+02
1.111220785321888343e+03,3.121010699999999929e+02
1.111102648539911115e+03,3.121010699999999929e+02
1.111248632614158851e+03,3.121010699999999929e+02
1.111262549860579156e+03,3.121010699999999929e+02
1.112335499508599469e+03,3.121010699999999929e+02
1.111422451181247197e+03,3.121010699999999929e+02
1.111568484259883462e+03,3.121010699999999929e+02
1.111582352501915238e+03,3.121010699999999929e+02
1.111860684721030111e+03,3.121010699999999929e+02
1.111742253822583052e+03,3.121010699999999929e+02
1.111888335905608301e+03,3.121010699999999929e+02
1.111902155143251093e+03,3.121010699999999929e+02
1.112445623435582775e+03,3.121010699999999929e+02
1.112062056463919134e+03,3.121010699999999929e+02
1.112208187551333140e+03,3.121010699999999929e+02
1.112221957784587175e+03,3.121010699999999929e+02
1.112500584120171652e+03,3.121010699999999929e+02
1.112381859105254989e+03,3.121010699999999929e+02
1.112528039197057979e+03,3.121010699999999929e+02
1.112541760425923030e+03,3.121010699999999929e+02
1.114685068275862022e+03,3.121010699999999929e+02
1.112701661746591071e+03,3.121010699999999929e+02
1.112847890842782817e+03,3.121010699999999929e+02
1.112861563067259112e+03,3.121010699999999929e+02
1.113140483519313193e+03,3.121010699999999929e+02
1.113021464387927153e+03,3.121010699999999929e+02
1.113167742488507429e+03,3.121010699999999929e+02
1.113181365708594967e+03,3.121010699999999929e+02
1.113726207386502892e+03,3.121010699999999929e+02
1.113341267029263008e+03,3.121010699999999929e+02
1.113487594134232268e+03,3.121010699999999929e+02
1.113501168349931049e+03,3.121010699999999929e+02
1.113780382918454961e+03,3.121010699999999929e+02
1.113661069670599090e+03,3.121010699999999929e+02
1.113807445779957106e+03,3.121010699999999929e+02
1.113820970991267131e+03,3.121010699999999929e+02
1.114899813808353883e+03,3.121010699999999929e+02
1.113980872311934945e+03,3.121010699999999929e+02
1.114127297425681945e+03,3.121010699999999929e+02
1.114140773632602986e+03,3.121010699999999929e+02
1.114420282317596502e+03,3.121010699999999929e+02
1.114300674953271027e+03,3.121010699999999929e+02
1.114447149071406784e+03,3.121010699999999929e+02
1.114460576273939068e+03,3.121010699999999929e+02
1.115006791337423238e+03,3.121010699999999929e+02
1.114620477594607109e+03,3.121010699999999929e+02
1.114767000717131396e+03,3.121010699999999929e+02
1.114780378915274923e+03,3.121010699999999929e+02
1.115060181716738271e+03,3.121010699999999929e+02
1.114940280235942964e+03,3.121010699999999929e+02
1.115086852362856234e+03,3.121010699999999929e+02
1.115100181556611005e+03,3.121010699999999929e+02
1.092508399999999938e+03,3.519168700000000172e+02
1.115260082877279046e+03,3.121010699999999929e+02
1.115406704008581073e+03,3.121010699999999929e+02
1.115419984197947088e+03,3.121010699999999929e+02
1.115700081115879811e+03,3.121010699999999929e+02
1.115579885518614901e+03,3.121010699999999929e+02
1.115726555654305912e+03,3.121010699999999929e+02
1.115739786839282942e+03,3.121010699999999929e+02
1.116287375288343583e+03,3.121010699999999929e+02
1.115899688159950983e+03,3.121010699999999929e+02
1.116046407300030751e+03,3.121010699999999929e+02
1.116059589480619024e+03,3.121010699999999929e+02
1.116339980515021352e+03,3.121010699999999929e+02
1.116219490801287066e+03,3.121010699999999929e+02
1.116366258945755362e+03,3.121010699999999929e+02
1.116379392121954879e+03,3.121010699999999929e+02
1.117464128108108071e+03,3.121010699999999929e+02
1.116539293442622920e+03,3.121010699999999929e+02
1.116686110591480201e+03,3.121010699999999929e+02
1.116699194763290961e+03,3.121010699999999929e+02
1.116979879914163121e+03,3.121010699999999929e+02
1.116859096083959002e+03,3.121010699999999929e+02
1.117005962237205040e+03,3.121010699999999929e+02
1.117018997404627044e+03,3.121010699999999929e+02
1.117567959239263701e+03,3.121010699999999929e+02
1.117178898725294857e+03,3.121010699999999929e+02
1.117325813882929879e+03,3.121010699999999929e+02
1.117338800045962898e+03,3.121010699999999929e+02
1.117619779313304662e+03,3.121010699999999929e+02
1.117498701366630939e+03,3.121010699999999929e+02
1.117645665528654717e+03,3.121010699999999929e+02
1.117658602687298981e+03,3.121010699999999929e+02
1.119826328965517177e+03,3.121010699999999929e+02
1.117818504007967022e+03,3.121010699999999929e+02
1.117965517174379329e+03,3.121010699999999929e+02
1.117978405328634835e+03,3.121010699999999929e+02
1.118259678712446430e+03,3.121010699999999929e+02
1.118138306649302876e+03,3.121010699999999929e+02
1.118285368820104168e+03,3.121010699999999929e+02
1.118298207969970917e+03,3.121010699999999929e+02
1.118848543190184046e+03,3.121010699999999929e+02
1.118458109290638959e+03,3.121010699999999929e+02
1.118605220465829007e+03,3.121010699999999929e+02
1.118618010611306772e+03,3.121010699999999929e+02
1.118899578111587971e+03,3.121010699999999929e+02
1.118777911931974813e+03,3.121010699999999929e+02
1.118925072111553845e+03,3.121010699999999929e+02
1.118937813252642854e+03,3.121010699999999929e+02
1.120028442407862485e+03,3.121010699999999929e+02
1.119097714573310896e+03,3.121010699999999929e+02
1.119244923757278684e+03,3.121010699999999929e+02
1.119257615893978937e+03,3.121010699999999929e+02
1.119539477510729512e+03,3.121010699999999929e+02
1.119417517214646750e+03,3.121010699999999929e+02
1.119564775403003296e+03,3.121010699999999929e+02
1.119577418535314791e+03,3.121010699999999929e+02
1.120129127141104163e+03,3.121010699999999929e+02
1.119737319855982832e+03,3.121010699999999929e+02
1.119884627048728134e+03,3.121010699999999929e+02
1.119897221176650874e+03,3.121010699999999929e+02
1.120179376909871280e+03,3.121010699999999929e+02
1.120057122497318915e+03,3.121010699999999929e+02
1.120204478694452973e+03,3.121010699999999929e+02
1.120217023817986728e+03,3.121010699999999929e+02
1.096121000000000095e+03,3.291410999999999945e+02
1.120376925138654769e+03,3.309249300000000176e+02
1.120524330340177812e+03,3.309249300000000176e+02
1.120536826459322810e+03,3.309249300000000176e+02
1.120819276309012821e+03,3.309249300000000176e+02
1.120696727779990852e+03,3.309249300000000176e+02
1.120844181985902651e+03,3.309249300000000176e+02
1.120856629100658893e+03,3.309249300000000176e+02
1.121409711092024509e+03,3.309249300000000176e+02
1.121016530421326706e+03,3.309249300000000176e+02
1.121164033631627262e+03,3.309249300000000176e+02
1.121176431741994747e+03,3.309249300000000176e+02
1.121459175708154362e+03,3.309249300000000176e+02
1.121336333062662789e+03,3.309249300000000176e+02
1.121483885277352101e+03,3.309249300000000176e+02
1.121496234383330830e+03,3.309249300000000176e+02
1.122592756707616672e+03,3.309249300000000176e+02
1.121656135703998871e+03,3.309249300000000176e+02
1.121803736923076940e+03,3.309249300000000176e+02
1.121816037024666684e+03,3.309249300000000176e+02
1.122099075107296130e+03,3.309249300000000176e+02
1.121975938345334725e+03,3.309249300000000176e+02
1.122123588568801779e+03,3.309249300000000176e+02
1.122135839666002767e+03,3.309249300000000176e+02
1.122690295042944626e+03,3.309249300000000176e+02
1.122295740986670808e+03,3.309249300000000176e+02
1.122443440214526618e+03,3.309249300000000176e+02
1.122455642307338849e+03,3.309249300000000176e+02
1.122738974506437671e+03,3.309249300000000176e+02
1.122615543628006662e+03,3.309249300000000176e+02
1.122763291860251229e+03,3.309249300000000176e+02
1.122775444948674703e+03,3.309249300000000176e+02
1.124967589655172333e+03,3.309249300000000176e+02
1.122935346269342745e+03,3.309249300000000176e+02
1.123083143505976068e+03,3.309249300000000176e+02
1.123095247590010786e+03,3.309249300000000176e+02
1.123378873905579439e+03,3.309249300000000176e+02
1.123255148910678827e+03,3.309249300000000176e+02
1.123402995151700907e+03,3.309249300000000176e+02
1.123415050231346640e+03,3.309249300000000176e+02
1.123970878993864972e+03,3.309249300000000176e+02
1.123574951552014682e+03,3.309249300000000176e+02
1.123722846797425746e+03,3.309249300000000176e+02
1.123734852872682723e+03,3.309249300000000176e+02
1.124018773304720980e+03,3.309249300000000176e+02
1.123894754193350764e+03,3.309249300000000176e+02
1.124042698443150584e+03,3.309249300000000176e+02
1.124054655514018805e+03,3.309249300000000176e+02
1.125157071007371087e+03,3.309249300000000176e+02
1.124214556834686618e+03,3.309249300000000176e+02
1.124362550088875196e+03,3.309249300000000176e+02
1.124374458155354660e+03,3.309249300000000176e+02
1.124658672703862521e+03,3.309249300000000176e+02
1.124534359476022701e+03,3.309249300000000176e+02
1.124682401734600035e+03,3.309249300000000176e+02
1.124694260796690742e+03,3.309249300000000176e+02
1.125251462944785089e+03,3.309249300000000176e+02
1.124854162117358555e+03,3.309249300000000176e+02
1.125002253380324873e+03,3.309249300000000176e+02
1.125014063438026596e+03,3.309249300000000176e+02
1.125298572103004290e+03,3.309249300000000176e+02
1.125173964758694638e+03,3.309249300000000176e+02
1.125322105026049712e+03,3.309249300000000176e+02
1.125333866079362679e+03,3.309249300000000176e+02
1.091297199999999975e+03,3.112515999999999963e+02
1.125493767400030720e+03,3.309249300000000176e+02
1.125641956671774551e+03,3.309249300000000176e+02
1.125653668720698533e+03,3.309249300000000176e+02
1.125938471502145831e+03,3.309249300000000176e+02
1.125813570041366575e+03,3.309249300000000176e+02
1.125961808317499163e+03,3.309249300000000176e+02
1.125973471362034616e+03,3.309249300000000176e+02
1.126532046895705435e+03,3.309249300000000176e+02
1.126133372682702657e+03,3.309249300000000176e+02
1.126281659963224001e+03,3.309249300000000176e+02
1.126293274003370698e+03,3.309249300000000176e+02
1.126578370901287599e+03,3.309249300000000176e+02
1.126453175324038511e+03,3.309249300000000176e+02
1.126601511608948840e+03,3.309249300000000176e+02
1.126613076644706553e+03,3.309249300000000176e+02
1.127721385307125274e+03,3.309249300000000176e+02
1.126772977965374594e+03,3.309249300000000176e+02
1.126921363254673679e+03,3.309249300000000176e+02
1.126932879286042635e+03,3.309249300000000176e+02
1.127218270300429140e+03,3.309249300000000176e+02
1.127092780606710676e+03,3.309249300000000176e+02
1.127241214900398518e+03,3.309249300000000176e+02
1.127252681927378489e+03,3.309249300000000176e+02
1.127812630846625780e+03,3.309249300000000176e+02
1.127412583248046531e+03,3.309249300000000176e+02
1.127561066546123129e+03,3.309249300000000176e+02
1.127572484568714572e+03,3.309249300000000176e+02
1.127858169699570681e+03,3.309249300000000176e+02
1.127732385889382613e+03,3.309249300000000176e+02
1.127880918191847968e+03,3.309249300000000176e+02
1.127892287210050654e+03,3.309249300000000176e+02
1.130108850344827488e+03,3.309249300000000176e+02
1.128052188530718468e+03,3.309249300000000176e+02
1.128200769837572807e+03,3.309249300000000176e+02
1.128212089851386509e+03,3.309249300000000176e+02
1.128498069098712449e+03,3.309249300000000176e+02
1.128371991172054550e+03,3.309249300000000176e+02
1.128520621483297646e+03,3.309249300000000176e+02
1.128531892492722591e+03,3.309249300000000176e+02
1.129093214797545897e+03,3.309249300000000176e+02
1.128691793813390632e+03,3.309249300000000176e+02
1.128840473129022484e+03,3.309249300000000176e+02
1.128851695134058446e+03,3.309249300000000176e+02
1.129137968497853990e+03,3.309249300000000176e+02
1.129011596454726487e+03,3.309249300000000176e+02
1.129160324774747096e+03,3.309249300000000176e+02
1.129171497775394528e+03,3.309249300000000176e+02
1.130285699606879689e+03,3.309249300000000176e+02
1.129331399096062569e+03,3.309249300000000176e+02
1.129480176420471935e+03,3.309249300000000176e+02
1.129491300416730610e+03,3.309249300000000176e+02
1.129777867896995758e+03,3.309249300000000176e+02
1.129651201737398424e+03,3.309249300000000176e+02
1.129800028066196774e+03,3.309249300000000176e+02
1.129811103058066465e+03,3.309249300000000176e+02
1.130373798748466243e+03,3.309249300000000176e+02
1.129971004378734506e+03,3.309249300000000176e+02
1.130119879711921612e+03,3.309249300000000176e+02
1.130130905699402547e+03,3.309249300000000176e+02
1.130417767296137299e+03,3.309249300000000176e+02
1.130290807020070588e+03,3.309249300000000176e+02
1.130439731357646451e+03,3.309249300000000176e+02
1.130450708340738402e+03,3.309249300000000176e+02
1.084497000000000071e+03,3.009085699999999974e+02
1.130610609661406443e+03,3.309249300000000176e+02
1.130759583003371063e+03,3.309249300000000176e+02
1.130770510982074484e+03,3.309249300000000176e+02
1.131057666695278840e+03,3.309249300000000176e+02
1.130930412302742525e+03,3.309249300000000176e+02
1.131079434649095901e+03,3.309249300000000176e+02
1.131090313623410566e+03,3.309249300000000176e+02
1.131654382699386360e+03,3.309249300000000176e+02
1.131250214944078380e+03,3.309249300000000176e+02
1.131399286294820740e+03,3.309249300000000176e+02
1.131410116264746421e+03,3.309249300000000176e+02
1.131697566094420608e+03,3.309249300000000176e+02
1.131570017585414462e+03,3.309249300000000176e+02
1.131719137940545579e+03,3.309249300000000176e+02
1.131729918906082503e+03,3.309249300000000176e+02
1.132850013906633876e+03,3.309249300000000176e+02
1.131889820226750317e+03,3.309249300000000176e+02
1.132038989586270418e+03,3.309249300000000176e+02
1.132049721547418358e+03,3.309249300000000176e+02
1.132337465493562149e+03,3.309249300000000176e+02
1.132209622868086399e+03,3.309249300000000176e+02
1.132358841231995029e+03,3.309249300000000176e+02
1.132369524188754440e+03,3.309249300000000176e+02
1.132934966650306706e+03,3.309249300000000176e+02
1.132529425509422481e+03,3.309249300000000176e+02
1.132678692877719868e+03,3.309249300000000176e+02
1.132689326830090295e+03,3.309249300000000176e+02
1.132977364892703918e+03,3.309249300000000176e+02
1.132849228150758336e+03,3.309249300000000176e+02
1.132998544523444707e+03,3.309249300000000176e+02
1.133009129471426377e+03,3.309249300000000176e+02
1.135250111034482643e+03,3.309249300000000176e+02
1.133169030792094418e+03,3.309249300000000176e+02
1.133318396169169546e+03,3.309249300000000176e+02
1.133328932112762459e+03,3.309249300000000176e+02
1.133617264291845459e+03,3.309249300000000176e+02
1.133488833433430273e+03,3.309249300000000176e+02
1.133638247814894385e+03,3.309249300000000176e+02
1.133648734754098314e+03,3.309249300000000176e+02
1.134215550601226823e+03,3.309249300000000176e+02
1.133808636074766355e+03,3.309249300000000176e+02
1.133958099460618996e+03,3.309249300000000176e+02
1.133968537395434396e+03,3.309249300000000176e+02
1.134257163690986999e+03,3.309249300000000176e+02
1.134128438716102437e+03,3.309249300000000176e+02
1.134277951106343835e+03,3.309249300000000176e+02
1.134288340036770251e+03,3.309249300000000176e+02
1.135414328206388291e+03,3.309249300000000176e+02
1.134448241357438292e+03,3.309249300000000176e+02
1.134597802752068674e+03,3.309249300000000176e+02
1.134608142678106333e+03,3.309249300000000176e+02
1.134897063090128768e+03,3.309249300000000176e+02
1.134768043998774374e+03,3.309249300000000176e+02
1.134917654397793513e+03,3.309249300000000176e+02
1.134927945319442415e+03,3.309249300000000176e+02
1.135496134552147169e+03,3.309249300000000176e+02
1.135087846640110229e+03,3.309249300000000176e+02
1.135237506043518351e+03,3.309249300000000176e+02
1.135247747960778270e+03,3.309249300000000176e+02
1.135536962489270309e+03,3.309249300000000176e+02
1.135407649281446311e+03,3.309249300000000176e+02
1.135557357689242963e+03,3.309249300000000176e+02
1.135567550602114352e+03,3.309249300000000176e+02
1.077568800000000010e+03,2.930233200000000124e+02
1.135727451922782393e+03,3.309249300000000176e+02
1.135877209334967802e+03,3.309249300000000176e+02
1.135887353243450207e+03,3.309249300000000176e+02
1.136176861888412077e+03,3.309249300000000176e+02
1.136047254564118248e+03,3.309249300000000176e+02
1.136197060980692640e+03,3.309249300000000176e+02
1.136207155884786289e+03,3.309249300000000176e+02
1.136776718503067514e+03,3.309249300000000176e+02
1.136367057205454330e+03,3.309249300000000176e+02
1.136516912626417479e+03,3.309249300000000176e+02
1.136526958526122371e+03,3.309249300000000176e+02
1.136816761287553618e+03,3.309249300000000176e+02
1.136686859846790185e+03,3.309249300000000176e+02
1.136836764272142318e+03,3.309249300000000176e+02
1.136846761167458226e+03,3.309249300000000176e+02
1.137978642506142478e+03,3.309249300000000176e+02
1.137006662488126267e+03,3.309249300000000176e+02
1.137156615917866930e+03,3.309249300000000176e+02
1.137166563808794308e+03,3.309249300000000176e+02
1.137456660686695159e+03,3.309249300000000176e+02
1.137326465129462349e+03,3.309249300000000176e+02
1.137476467563591768e+03,3.309249300000000176e+02
1.137486366450130163e+03,3.309249300000000176e+02
1.138057302453987631e+03,3.309249300000000176e+02
1.137646267770798204e+03,3.309249300000000176e+02
1.137796319209316607e+03,3.309249300000000176e+02
1.137806169091466245e+03,3.309249300000000176e+02
1.138096560085836927e+03,3.309249300000000176e+02
1.137966070412134286e+03,3.309249300000000176e+02
1.138116170855041446e+03,3.309249300000000176e+02
1.138125971732802100e+03,3.309249300000000176e+02
1.140391371724137798e+03,3.309249300000000176e+02
1.138285873053470141e+03,3.309249300000000176e+02
1.138436022500766285e+03,3.309249300000000176e+02
1.138445774374138182e+03,3.309249300000000176e+02
1.138736459484978468e+03,3.309249300000000176e+02
1.138605675694806223e+03,3.309249300000000176e+02
1.138755874146490896e+03,3.309249300000000176e+02
1.138765577015474264e+03,3.309249300000000176e+02
1.139337886404907977e+03,3.309249300000000176e+02
1.138925478336142078e+03,3.309249300000000176e+02
1.139075725792215735e+03,3.309249300000000176e+02
1.139085379656810119e+03,3.309249300000000176e+02
1.139376358884120236e+03,3.309249300000000176e+02
1.139245280977478160e+03,3.309249300000000176e+02
1.139395577437940574e+03,3.309249300000000176e+02
1.139405182298146201e+03,3.309249300000000176e+02
1.140542956805896893e+03,3.309249300000000176e+02
1.139565083618814242e+03,3.309249300000000176e+02
1.139715429083665413e+03,3.309249300000000176e+02
1.139724984939482056e+03,3.309249300000000176e+02
1.140016258283261777e+03,3.309249300000000176e+02
1.139884886260150097e+03,3.309249300000000176e+02
1.140035280729390252e+03,3.309249300000000176e+02
1.140044787580818138e+03,3.309249300000000176e+02
1.140618470355828094e+03,3.309249300000000176e+02
1.140204688901486179e+03,3.309249300000000176e+02
1.140355132375114863e+03,3.309249300000000176e+02
1.140364590222154220e+03,3.309249300000000176e+02
1.140656157682403318e+03,3.309249300000000176e+02
1.140524491542822034e+03,3.309249300000000176e+02
1.140674984020839702e+03,3.309249300000000176e+02
1.140684392863490075e+03,3.309249300000000176e+02
1.072661700000000110e+03,2.883079799999999864e+02
1.140844294184158116e+03,3.500175800000000095e+02
1.140994835666564541e+03,3.500175800000000095e+02
1.141004195504826157e+03,3.500175800000000095e+02
1.141296057081545086e+03,3.500175800000000095e+02
1.141164096825494198e+03,3.500175800000000095e+02
1.141314687312289379e+03,3.500175800000000095e+02
1.141323998146162012e+03,3.500175800000000095e+02
1.141899054306748440e+03,3.500175800000000095e+02
1.141483899466830053e+03,3.500175800000000095e+02
1.141634538958014218e+03,3.500175800000000095e+02
1.141643800787498094e+03,3.500175800000000095e+02
1.141935956480686627e+03,3.500175800000000095e+02
1.141803702108166135e+03,3.500175800000000095e+02
1.141954390603738830e+03,3.500175800000000095e+02
1.141963603428834176e+03,3.500175800000000095e+02
1.143107271105651080e+03,3.500175800000000095e+02
1.142123504749501990e+03,3.500175800000000095e+02
1.142274242249463668e+03,3.500175800000000095e+02
1.142283406070170031e+03,3.500175800000000095e+02
1.142575855879828396e+03,3.500175800000000095e+02
1.142443307390838072e+03,3.500175800000000095e+02
1.142594093895188507e+03,3.500175800000000095e+02
1.142603208711506113e+03,3.500175800000000095e+02
1.143179638257668557e+03,3.500175800000000095e+02
1.142763110032174154e+03,3.500175800000000095e+02
1.142913945540913346e+03,3.500175800000000095e+02
1.142923011352841968e+03,3.500175800000000095e+02
1.143215755278969937e+03,3.500175800000000095e+02
1.143082912673510009e+03,3.500175800000000095e+02
1.143233797186638185e+03,3.500175800000000095e+02
1.143242813994178050e+03,3.500175800000000095e+02
1.145532632413792953e+03,3.500175800000000095e+02
1.143402715314846091e+03,3.500175800000000095e+02
1.143553648832362796e+03,3.500175800000000095e+02
1.143562616635514132e+03,3.500175800000000095e+02
1.143855654678111478e+03,3.500175800000000095e+02
1.143722517956181946e+03,3.500175800000000095e+02
1.143873500478087635e+03,3.500175800000000095e+02
1.143882419276849987e+03,3.500175800000000095e+02
1.144460222208588903e+03,3.500175800000000095e+02
1.144042320597518028e+03,3.500175800000000095e+02
1.144193352123812474e+03,3.500175800000000095e+02
1.144202221918186069e+03,3.500175800000000095e+02
1.144495554077253246e+03,3.500175800000000095e+02
1.144362123238853883e+03,3.500175800000000095e+02
1.144513203769537313e+03,3.500175800000000095e+02
1.144522024559521924e+03,3.500175800000000095e+02
1.145671585405405267e+03,3.500175800000000095e+02
1.144681925880189965e+03,3.500175800000000095e+02
1.144833055415262152e+03,3.500175800000000095e+02
1.144841827200858006e+03,3.500175800000000095e+02
1.145135453476394787e+03,3.500175800000000095e+02
1.145001728521526047e+03,3.500175800000000095e+02
1.145152907060986763e+03,3.500175800000000095e+02
1.145161629842193861e+03,3.500175800000000095e+02
1.145740806159509020e+03,3.500175800000000095e+02
1.145321531162861902e+03,3.500175800000000095e+02
1.145472758706711602e+03,3.500175800000000095e+02
1.145481432483529943e+03,3.500175800000000095e+02
1.145775352875536555e+03,3.500175800000000095e+02
1.145641333804197984e+03,3.500175800000000095e+02
1.145792610352436441e+03,3.500175800000000095e+02
1.145801235124866025e+03,3.500175800000000095e+02
1.071486200000000053e+03,2.866089999999999804e+02
1.145961136445533839e+03,3.500175800000000095e+02
1.146112461998161280e+03,3.500175800000000095e+02
1.146121037766201880e+03,3.500175800000000095e+02
1.146415252274678096e+03,3.500175800000000095e+02
1.146280939086869921e+03,3.500175800000000095e+02
1.146432313643886118e+03,3.500175800000000095e+02
1.146440840407537962e+03,3.500175800000000095e+02
1.147021390110429365e+03,3.500175800000000095e+02
1.146600741728206003e+03,3.500175800000000095e+02
1.146752165289610730e+03,3.500175800000000095e+02
1.146760643048873817e+03,3.500175800000000095e+02
1.147055151673819637e+03,3.500175800000000095e+02
1.146920544369541858e+03,3.500175800000000095e+02
1.147072016935335569e+03,3.500175800000000095e+02
1.147080445690209899e+03,3.500175800000000095e+02
1.148235899705159682e+03,3.500175800000000095e+02
1.147240347010877940e+03,3.500175800000000095e+02
1.147391868581060407e+03,3.500175800000000095e+02
1.147400248331545981e+03,3.500175800000000095e+02
1.147695051072961405e+03,3.500175800000000095e+02
1.147560149652213795e+03,3.500175800000000095e+02
1.147711720226785246e+03,3.500175800000000095e+02
1.147720050972881836e+03,3.500175800000000095e+02
1.148301974061349711e+03,3.500175800000000095e+02
1.147879952293549877e+03,3.500175800000000095e+02
1.148031571872510085e+03,3.500175800000000095e+02
1.148039853614217918e+03,3.500175800000000095e+02
1.148334950472102946e+03,3.500175800000000095e+02
1.148199754934885959e+03,3.500175800000000095e+02
1.148351423518234697e+03,3.500175800000000095e+02
1.148359656255553773e+03,3.500175800000000095e+02
1.150673893103448336e+03,3.500175800000000095e+02
1.148519557576221814e+03,3.500175800000000095e+02
1.148671275163959535e+03,3.500175800000000095e+02
1.148679458896889855e+03,3.500175800000000095e+02
1.148974849871244487e+03,3.500175800000000095e+02
1.148839360217557896e+03,3.500175800000000095e+02
1.148991126809684374e+03,3.500175800000000095e+02
1.148999261538225937e+03,3.500175800000000095e+02
1.149582558012269828e+03,3.500175800000000095e+02
1.149159162858893751e+03,3.500175800000000095e+02
1.149310978455409213e+03,3.500175800000000095e+02
1.149319064179561792e+03,3.500175800000000095e+02
1.149614749270386255e+03,3.500175800000000095e+02
1.149478965500229833e+03,3.500175800000000095e+02
1.149630830101134052e+03,3.500175800000000095e+02
1.149638866820897874e+03,3.500175800000000095e+02
1.150800214004913869e+03,3.500175800000000095e+02
1.149798768141565915e+03,3.500175800000000095e+02
1.149950681746858663e+03,3.500175800000000095e+02
1.149958669462233729e+03,3.500175800000000095e+02
1.150254648669527796e+03,3.500175800000000095e+02
1.150118570782901770e+03,3.500175800000000095e+02
1.150270533392583502e+03,3.500175800000000095e+02
1.150278472103569811e+03,3.500175800000000095e+02
1.150863141963190174e+03,3.500175800000000095e+02
1.150438373424237852e+03,3.500175800000000095e+02
1.150590385038308341e+03,3.500175800000000095e+02
1.150598274744905666e+03,3.500175800000000095e+02
1.150894548068669565e+03,3.500175800000000095e+02
1.150758176065573707e+03,3.500175800000000095e+02
1.150910236684033180e+03,3.500175800000000095e+02
1.150918077386241748e+03,3.500175800000000095e+02
1.072995400000000018e+03,2.868629000000000246e+02
1.151077978706909789e+03,3.500175800000000095e+02
1.151230088329758019e+03,3.500175800000000095e+02
1.151237880027577830e+03,3.500175800000000095e+02
1.151534447467811106e+03,3.500175800000000095e+02
1.151397781348245644e+03,3.500175800000000095e+02
1.151549939975482630e+03,3.500175800000000095e+02
1.151557682668913685e+03,3.500175800000000095e+02
1.152143725914110291e+03,3.500175800000000095e+02
1.151717583989581726e+03,3.500175800000000095e+02
1.151869791621207469e+03,3.500175800000000095e+02
1.151877485310249767e+03,3.500175800000000095e+02
1.152174346866952646e+03,3.500175800000000095e+02
1.152037386630917808e+03,3.500175800000000095e+02
1.152189643266932308e+03,3.500175800000000095e+02
1.152197287951585622e+03,3.500175800000000095e+02
1.153364528304668283e+03,3.500175800000000095e+02
1.152357189272253663e+03,3.500175800000000095e+02
1.152509494912657146e+03,3.500175800000000095e+02
1.152517090592921704e+03,3.500175800000000095e+02
1.152814246266094415e+03,3.500175800000000095e+02
1.152676991913589745e+03,3.500175800000000095e+02
1.152829346558381985e+03,3.500175800000000095e+02
1.152836893234257786e+03,3.500175800000000095e+02
1.153424309865030637e+03,3.500175800000000095e+02
1.152996794554925600e+03,3.500175800000000095e+02
1.153149198204106597e+03,3.500175800000000095e+02
1.153156695875593641e+03,3.500175800000000095e+02
1.153454145665235956e+03,3.500175800000000095e+02
1.153316597196261682e+03,3.500175800000000095e+02
1.153469049849831435e+03,3.500175800000000095e+02
1.153476498516929723e+03,3.500175800000000095e+02
1.155815153793103491e+03,3.500175800000000095e+02
1.153636399837597764e+03,3.500175800000000095e+02
1.153788901495556274e+03,3.500175800000000095e+02
1.153796301158265578e+03,3.500175800000000095e+02
1.154094045064377724e+03,3.500175800000000095e+02
1.153956202478933619e+03,3.500175800000000095e+02
1.154108753141281113e+03,3.500175800000000095e+02
1.154116103799601660e+03,3.500175800000000095e+02
1.154704893815950754e+03,3.500175800000000095e+02
1.154276005120269701e+03,3.500175800000000095e+02
1.154428604787005952e+03,3.500175800000000095e+02
1.154435906440937742e+03,3.500175800000000095e+02
1.154733944463519265e+03,3.500175800000000095e+02
1.154595807761605556e+03,3.500175800000000095e+02
1.154748456432730563e+03,3.500175800000000095e+02
1.154755709082273597e+03,3.500175800000000095e+02
1.155928842604422471e+03,3.500175800000000095e+02
1.154915610402941638e+03,3.500175800000000095e+02
1.155068308078455402e+03,3.500175800000000095e+02
1.155075511723609679e+03,3.500175800000000095e+02
1.155373843862660806e+03,3.500175800000000095e+02
1.155235413044277720e+03,3.500175800000000095e+02
1.155388159724180241e+03,3.500175800000000095e+02
1.155395314364945534e+03,3.500175800000000095e+02
1.155985477766871099e+03,3.500175800000000095e+02
1.155555215685613575e+03,3.500175800000000095e+02
1.155708011369905080e+03,3.500175800000000095e+02
1.155715117006281616e+03,3.500175800000000095e+02
1.156013743261802574e+03,3.500175800000000095e+02
1.155875018326949657e+03,3.500175800000000095e+02
1.156027863015629919e+03,3.500175800000000095e+02
1.156034919647617699e+03,3.500175800000000095e+02
1.088881800000000112e+03,2.963086000000000126e+02
1.156194820968285512e+03,3.696143799999999828e+02
1.156347714661354530e+03,3.696143799999999828e+02
1.156354722288953553e+03,3.696143799999999828e+02
1.156653642660944115e+03,3.696143799999999828e+02
1.156514623609621594e+03,3.696143799999999828e+02
1.156667566307079369e+03,3.696143799999999828e+02
1.156674524930289635e+03,3.696143799999999828e+02
1.157266061717791217e+03,3.696143799999999828e+02
1.156834426250957677e+03,3.696143799999999828e+02
1.156987417952804208e+03,3.696143799999999828e+02
1.156994327571625490e+03,3.696143799999999828e+02
1.157293542060085883e+03,3.696143799999999828e+02
1.157154228892293531e+03,3.696143799999999828e+02
1.157307269598529047e+03,3.696143799999999828e+02
1.157314130212961572e+03,3.696143799999999828e+02
1.158493156904176885e+03,3.696143799999999828e+02
1.157474031533629613e+03,3.696143799999999828e+02
1.157627121244253885e+03,3.696143799999999828e+02
1.157633932854297427e+03,3.696143799999999828e+02
1.157933441459227424e+03,3.696143799999999828e+02
1.157793834174965468e+03,3.696143799999999828e+02
1.157946972889978497e+03,3.696143799999999828e+02
1.157953735495633509e+03,3.696143799999999828e+02
1.158546645668711562e+03,3.696143799999999828e+02
1.158113636816301550e+03,3.696143799999999828e+02
1.158266824535703336e+03,3.696143799999999828e+02
1.158273538136969592e+03,3.696143799999999828e+02
1.158573340858368965e+03,3.696143799999999828e+02
1.158433439457637405e+03,3.696143799999999828e+02
1.158586676181428174e+03,3.696143799999999828e+02
1.158593340778305446e+03,3.696143799999999828e+02
1.160956414482758646e+03,3.696143799999999828e+02
1.158753242098973487e+03,3.696143799999999828e+02
1.158906527827153013e+03,3.696143799999999828e+02
1.158913143419641528e+03,3.696143799999999828e+02
1.159213240257510733e+03,3.696143799999999828e+02
1.159073044740309570e+03,3.696143799999999828e+02
1.159226379472877852e+03,3.696143799999999828e+02
1.159232946060977383e+03,3.696143799999999828e+02
1.159827229619631908e+03,3.696143799999999828e+02
1.159392847381645424e+03,3.696143799999999828e+02
1.159546231118602464e+03,3.696143799999999828e+02
1.159552748702313465e+03,3.696143799999999828e+02
1.159853139656652274e+03,3.696143799999999828e+02
1.159712650022981506e+03,3.696143799999999828e+02
1.159866082764327302e+03,3.696143799999999828e+02
1.159872551343649548e+03,3.696143799999999828e+02
1.161057471203931073e+03,3.696143799999999828e+02
1.160032452664317361e+03,3.696143799999999828e+02
1.160185934410052141e+03,3.696143799999999828e+02
1.160192353984985402e+03,3.696143799999999828e+02
1.160493039055794043e+03,3.696143799999999828e+02
1.160352255305653443e+03,3.696143799999999828e+02
1.160505786055776980e+03,3.696143799999999828e+02
1.160512156626321485e+03,3.696143799999999828e+02
1.161107813570552025e+03,3.696143799999999828e+02
1.160672057946989526e+03,3.696143799999999828e+02
1.160825637701501819e+03,3.696143799999999828e+02
1.160831959267657339e+03,3.696143799999999828e+02
1.161132938454935584e+03,3.696143799999999828e+02
1.160991860588325380e+03,3.696143799999999828e+02
1.161145489347226430e+03,3.696143799999999828e+02
1.161151761908993421e+03,3.696143799999999828e+02
1.113254899999999907e+03,3.121010699999999929e+02
1.161311663229661463e+03,3.696143799999999828e+02
1.161465340992951269e+03,3.696143799999999828e+02
1.161471564550329504e+03,3.696143799999999828e+02
1.161772837854077125e+03,3.696143799999999828e+02
1.161631465870997317e+03,3.696143799999999828e+02
1.161785192638676108e+03,3.696143799999999828e+02
1.161791367191665358e+03,3.696143799999999828e+02
1.162388397521472370e+03,3.696143799999999828e+02
1.161951268512333399e+03,3.696143799999999828e+02
1.162105044284400947e+03,3.696143799999999828e+02
1.162111169833001441e+03,3.696143799999999828e+02
1.162412737253218893e+03,3.696143799999999828e+02
1.162271071153669482e+03,3.696143799999999828e+02
1.162424895930125786e+03,3.696143799999999828e+02
1.162430972474337295e+03,3.696143799999999828e+02
1.163621785503685487e+03,3.696143799999999828e+02
1.162590873795005336e+03,3.696143799999999828e+02
1.162744747575850397e+03,3.696143799999999828e+02
1.162750775115673378e+03,3.696143799999999828e+02
1.163052636652360434e+03,3.696143799999999828e+02
1.162910676436341419e+03,3.696143799999999828e+02
1.163064599221575236e+03,3.696143799999999828e+02
1.163070577757009460e+03,3.696143799999999828e+02
1.163668981472392488e+03,3.696143799999999828e+02
1.163230479077677273e+03,3.696143799999999828e+02
1.163384450867300075e+03,3.696143799999999828e+02
1.163390380398345314e+03,3.696143799999999828e+02
1.163692536051502202e+03,3.696143799999999828e+02
1.163550281719013356e+03,3.696143799999999828e+02
1.163704302513024913e+03,3.696143799999999828e+02
1.163710183039681397e+03,3.696143799999999828e+02
1.166097675172413801e+03,3.696143799999999828e+02
1.163870084360349210e+03,3.696143799999999828e+02
1.164024154158749752e+03,3.696143799999999828e+02
1.164029985681017251e+03,3.696143799999999828e+02
1.164332435450643743e+03,3.696143799999999828e+02
1.164189887001685292e+03,3.696143799999999828e+02
1.164344005804474364e+03,3.696143799999999828e+02
1.164349788322353334e+03,3.696143799999999828e+02
1.164949565423312833e+03,3.696143799999999828e+02
1.164509689643021375e+03,3.696143799999999828e+02
1.164663857450199203e+03,3.696143799999999828e+02
1.164669590963689188e+03,3.696143799999999828e+02
1.164972334849785284e+03,3.696143799999999828e+02
1.164829492284357229e+03,3.696143799999999828e+02
1.164983709095924041e+03,3.696143799999999828e+02
1.164989393605025271e+03,3.696143799999999828e+02
1.166186099803439674e+03,3.696143799999999828e+02
1.165149294925693312e+03,3.696143799999999828e+02
1.165303560741648880e+03,3.696143799999999828e+02
1.165309196246361353e+03,3.696143799999999828e+02
1.165612234248927052e+03,3.696143799999999828e+02
1.165469097567029166e+03,3.696143799999999828e+02
1.165623412387373719e+03,3.696143799999999828e+02
1.165628998887697207e+03,3.696143799999999828e+02
1.166230149374232951e+03,3.696143799999999828e+02
1.165788900208365249e+03,3.696143799999999828e+02
1.165943264033098330e+03,3.696143799999999828e+02
1.165948801529033290e+03,3.696143799999999828e+02
1.166252133648068593e+03,3.696143799999999828e+02
1.166108702849701331e+03,3.696143799999999828e+02
1.166263115678823169e+03,3.696143799999999828e+02
1.166268604170369144e+03,3.696143799999999828e+02
1.135258700000000090e+03,3.309249300000000176e+02
1.166428505491037185e+03,3.696143799999999828e+02
1.166582967324548008e+03,3.696143799999999828e+02
1.166588406811705227e+03,3.696143799999999828e+02
1.166892033047210361e+03,3.696143799999999828e+02
1.166748308132373268e+03,3.696143799999999828e+02
1.166902818970272847e+03,3.696143799999999828e+02
1.166908209453041309e+03,3.696143799999999828e+02
1.167510733325153296e+03,3.696143799999999828e+02
1.167068110773709122e+03,3.696143799999999828e+02
1.167222670615997686e+03,3.696143799999999828e+02
1.167228012094377164e+03,3.696143799999999828e+02
1.167531932446351902e+03,3.696143799999999828e+02
1.167387913415045205e+03,3.696143799999999828e+02
1.167542522261722297e+03,3.696143799999999828e+02
1.167547814735713246e+03,3.696143799999999828e+02
1.168750414103194089e+03,3.696143799999999828e+02
1.167707716056381287e+03,3.696143799999999828e+02
1.167862373907447136e+03,3.696143799999999828e+02
1.167867617377049100e+03,3.696143799999999828e+02
1.168171831845493443e+03,3.696143799999999828e+02
1.168027518697717142e+03,3.696143799999999828e+02
1.168182225553171975e+03,3.696143799999999828e+02
1.168187420018385183e+03,3.696143799999999828e+02
1.168791317276073642e+03,3.696143799999999828e+02
1.168347321339053224e+03,3.696143799999999828e+02
1.168502077198896814e+03,3.696143799999999828e+02
1.168507222659721265e+03,3.696143799999999828e+02
1.168811731244635212e+03,3.696143799999999828e+02
1.168667123980389078e+03,3.696143799999999828e+02
1.168821928844621652e+03,3.696143799999999828e+02
1.168827025301057120e+03,3.696143799999999828e+02
1.171238935862068956e+03,3.696143799999999828e+02
1.168986926621725161e+03,3.696143799999999828e+02
1.169141780490346264e+03,3.696143799999999828e+02
1.169146827942393202e+03,3.696143799999999828e+02
1.169451630643776753e+03,3.696143799999999828e+02
1.169306729263061243e+03,3.696143799999999828e+02
1.169461632136071103e+03,3.696143799999999828e+02
1.169466630583729057e+03,3.696143799999999828e+02
1.170071901226993759e+03,3.696143799999999828e+02
1.169626531904397098e+03,3.696143799999999828e+02
1.169781483781795941e+03,3.696143799999999828e+02
1.169786433225065139e+03,3.696143799999999828e+02
1.170091530042918521e+03,3.696143799999999828e+02
1.169946334545733180e+03,3.696143799999999828e+02
1.170101335427520780e+03,3.696143799999999828e+02
1.170106235866400993e+03,3.696143799999999828e+02
1.171314728402948276e+03,3.696143799999999828e+02
1.170266137187069035e+03,3.696143799999999828e+02
1.170421187073245619e+03,3.696143799999999828e+02
1.170426038507737076e+03,3.696143799999999828e+02
1.170731429442060062e+03,3.696143799999999828e+02
1.170585939828405117e+03,3.696143799999999828e+02
1.170741038718970231e+03,3.696143799999999828e+02
1.170745841149073158e+03,3.696143799999999828e+02
1.171352485177914104e+03,3.696143799999999828e+02
1.170905742469740972e+03,3.696143799999999828e+02
1.171060890364695069e+03,3.696143799999999828e+02
1.171065643790409013e+03,3.696143799999999828e+02
1.171371328841201603e+03,3.696143799999999828e+02
1.171225545111077054e+03,3.696143799999999828e+02
1.171380742010419908e+03,3.696143799999999828e+02
1.171385446431745095e+03,3.696143799999999828e+02
1.153573100000000068e+03,3.500175800000000095e+02
1.171545347752413136e+03,4.003084699999999998e+02
1.171700593656144747e+03,4.003084699999999998e+02
1.171705249073080950e+03,4.003084699999999998e+02
1.172011228240343371e+03,4.003084699999999998e+02
1.171865150393748991e+03,4.003084699999999998e+02
1.172020445301869586e+03,4.003084699999999998e+02
1.172025051714417032e+03,4.003084699999999998e+02
1.172633069128834222e+03,4.003084699999999998e+02
1.172184953035085073e+03,4.003084699999999998e+02
1.172340296947594197e+03,4.003084699999999998e+02
1.172344854355753114e+03,4.003084699999999998e+02
1.172651127639484912e+03,4.003084699999999998e+02
1.172504755676420928e+03,4.003084699999999998e+02
1.172660148593319036e+03,4.003084699999999998e+02
1.172664656997088969e+03,4.003084699999999998e+02
1.173879042702702691e+03,4.003084699999999998e+02
1.172824558317757010e+03,4.003084699999999998e+02
1.172980000239043875e+03,4.003084699999999998e+02
1.172984459638425051e+03,4.003084699999999998e+02
1.173291027038626680e+03,4.003084699999999998e+02
1.173144360959093092e+03,4.003084699999999998e+02
1.173299851884768714e+03,4.003084699999999998e+02
1.173304262279760906e+03,4.003084699999999998e+02
1.173913653079754567e+03,4.003084699999999998e+02
1.173464163600428947e+03,4.003084699999999998e+02
1.173619703530493553e+03,4.003084699999999998e+02
1.173624064921096988e+03,4.003084699999999998e+02
1.173930926437768221e+03,4.003084699999999998e+02
1.173783966241765029e+03,4.003084699999999998e+02
1.173939555176218164e+03,4.003084699999999998e+02
1.173943867562433070e+03,4.003084699999999998e+02
1.176380196551724111e+03,4.003084699999999998e+02
1.174103768883100884e+03,4.003084699999999998e+02
1.174259406821943003e+03,4.003084699999999998e+02
1.174263670203768925e+03,4.003084699999999998e+02
1.174570825836909762e+03,4.003084699999999998e+02
1.174423571524436966e+03,4.003084699999999998e+02
1.174579258467667842e+03,4.003084699999999998e+02
1.174583472845105007e+03,4.003084699999999998e+02
1.175194237030674685e+03,4.003084699999999998e+02
1.174743374165773048e+03,4.003084699999999998e+02
1.174899110113392680e+03,4.003084699999999998e+02
1.174903275486440862e+03,4.003084699999999998e+02
1.175210725236051530e+03,4.003084699999999998e+02
1.175063176807108903e+03,4.003084699999999998e+02
1.175218961759117519e+03,4.003084699999999998e+02
1.175223078127776944e+03,4.003084699999999998e+02
1.176443357002456878e+03,4.003084699999999998e+02
1.175382979448444985e+03,4.003084699999999998e+02
1.175538813404842131e+03,4.003084699999999998e+02
1.175542880769113026e+03,4.003084699999999998e+02
1.175850624635193071e+03,4.003084699999999998e+02
1.175702782089780840e+03,4.003084699999999998e+02
1.175858665050566970e+03,4.003084699999999998e+02
1.175862683410448881e+03,4.003084699999999998e+02
1.176474820981595030e+03,4.003084699999999998e+02
1.176022584731116922e+03,4.003084699999999998e+02
1.176178516696291808e+03,4.003084699999999998e+02
1.176182486051784963e+03,4.003084699999999998e+02
1.176490524034334840e+03,4.003084699999999998e+02
1.176342387372452777e+03,4.003084699999999998e+02
1.176498368342016647e+03,4.003084699999999998e+02
1.176502288693120818e+03,4.003084699999999998e+02
1.167522500000000036e+03,3.696143799999999828e+02
1.176662190013788859e+03,4.003084699999999998e+02
1.176818219987741259e+03,4.003084699999999998e+02
1.176822091334456900e+03,4.003084699999999998e+02
1.177130423433476381e+03,4.003084699999999998e+02
1.176981992655124941e+03,4.003084699999999998e+02
1.177138071633466097e+03,4.003084699999999998e+02
1.177141893975792755e+03,4.003084699999999998e+02
1.177755404932515148e+03,4.003084699999999998e+02
1.177301795296460796e+03,4.003084699999999998e+02
1.177457923279190936e+03,4.003084699999999998e+02
1.177461696617128837e+03,4.003084699999999998e+02
1.177770322832617921e+03,4.003084699999999998e+02
1.177621597937796878e+03,4.003084699999999998e+02
1.177777774924915775e+03,4.003084699999999998e+02
1.177781499258464919e+03,4.003084699999999998e+02
1.179007671302211293e+03,4.003084699999999998e+02
1.177941400579132733e+03,4.003084699999999998e+02
1.178097626570640614e+03,4.003084699999999998e+02
1.178101301899800774e+03,4.003084699999999998e+02
1.178410222231759690e+03,4.003084699999999998e+02
1.178261203220468815e+03,4.003084699999999998e+02
1.178417478216365225e+03,4.003084699999999998e+02
1.178421104541136856e+03,4.003084699999999998e+02
1.179035988883435493e+03,4.003084699999999998e+02
1.178581005861804897e+03,4.003084699999999998e+02
1.178737329862090064e+03,4.003084699999999998e+02
1.178740907182472711e+03,4.003084699999999998e+02
1.179050121630901231e+03,4.003084699999999998e+02
1.178900808503140752e+03,4.003084699999999998e+02
1.179057181507814903e+03,4.003084699999999998e+02
1.179060709823808793e+03,4.003084699999999998e+02
1.181521457241379267e+03,4.003084699999999998e+02
1.179220611144476834e+03,4.003084699999999998e+02
1.179377033153539742e+03,4.003084699999999998e+02
1.179380512465144875e+03,4.003084699999999998e+02
1.179690021030042772e+03,4.003084699999999998e+02
1.179540413785812689e+03,4.003084699999999998e+02
1.179696884799264581e+03,4.003084699999999998e+02
1.179700315106480730e+03,4.003084699999999998e+02
1.180316572834355838e+03,4.003084699999999998e+02
1.179860216427148771e+03,4.003084699999999998e+02
1.180016736444989192e+03,4.003084699999999998e+02
1.180020117747816812e+03,4.003084699999999998e+02
1.180329920429184540e+03,4.003084699999999998e+02
1.180180019068484853e+03,4.003084699999999998e+02
1.180336588090714031e+03,4.003084699999999998e+02
1.180339920389152667e+03,4.003084699999999998e+02
1.181571985601965480e+03,4.003084699999999998e+02
1.180499821709820708e+03,4.003084699999999998e+02
1.180656439736438870e+03,4.003084699999999998e+02
1.180659723030488749e+03,4.003084699999999998e+02
1.180969819828326081e+03,4.003084699999999998e+02
1.180819624351156790e+03,4.003084699999999998e+02
1.180976291382163708e+03,4.003084699999999998e+02
1.180979525671824831e+03,4.003084699999999998e+02
1.181597156785275956e+03,4.003084699999999998e+02
1.181139426992492645e+03,4.003084699999999998e+02
1.181296143027888547e+03,4.003084699999999998e+02
1.181299328313160686e+03,4.003084699999999998e+02
1.181609719227467849e+03,4.003084699999999998e+02
1.181459229633828727e+03,4.003084699999999998e+02
1.181615994673613159e+03,4.003084699999999998e+02
1.181619130954496768e+03,4.003084699999999998e+02
1.182026399999999967e+03,4.003084699999999998e+02
1.181779032275164809e+03,4.003084699999999998e+02
1.181935846319337998e+03,4.003084699999999998e+02
1.181938933595832623e+03,4.003084699999999998e+02
1.182249618626609390e+03,4.003084699999999998e+02
1.182098834916500664e+03,4.003084699999999998e+02
1.182255697965062836e+03,4.003084699999999998e+02
1.182258736237168705e+03,4.003084699999999998e+02
1.182877740736196074e+03,4.003084699999999998e+02
1.182418637557836519e+03,4.003084699999999998e+02
1.182575549610787675e+03,4.003084699999999998e+02
1.182578538878504560e+03,4.003084699999999998e+02
1.182889518025750931e+03,4.003084699999999998e+02
1.182738440199172601e+03,4.003084699999999998e+02
1.182895401256512287e+03,4.003084699999999998e+02
1.182898341519840642e+03,4.003084699999999998e+02
1.184136299901719894e+03,4.003084699999999998e+02
1.183058242840508683e+03,4.003084699999999998e+02
1.183215252902237125e+03,4.003084699999999998e+02
1.183218144161176497e+03,4.003084699999999998e+02
1.183529417424892699e+03,4.003084699999999998e+02
1.183378045481844538e+03,4.003084699999999998e+02
1.183535104547961964e+03,4.003084699999999998e+02
1.183537946802512579e+03,4.003084699999999998e+02
1.184158324687116419e+03,4.003084699999999998e+02
1.183697848123180620e+03,4.003084699999999998e+02
1.183854956193686803e+03,4.003084699999999998e+02
1.183857749443848661e+03,4.003084699999999998e+02
1.184169316824034240e+03,4.003084699999999998e+02
1.184017650764516475e+03,4.003084699999999998e+02
1.184174807839411642e+03,4.003084699999999998e+02
1.184177552085184516e+03,4.003084699999999998e+02
1.186662717931034422e+03,4.290507799999999747e+02
1.184337453405852557e+03,4.290507799999999747e+02
1.184494659485136253e+03,4.290507799999999747e+02
1.184497354726520598e+03,4.290507799999999747e+02
1.184809216223175781e+03,4.290507799999999747e+02
1.184657256047188639e+03,4.290507799999999747e+02
1.184814511130861092e+03,4.290507799999999747e+02
1.184817157367856453e+03,4.290507799999999747e+02
1.185438908638036764e+03,4.290507799999999747e+02
1.184977058688524494e+03,4.290507799999999747e+02
1.185134362776585931e+03,4.290507799999999747e+02
1.185136960009192535e+03,4.290507799999999747e+02
1.185449115622317549e+03,4.290507799999999747e+02
1.185296861329860576e+03,4.290507799999999747e+02
1.185454214422310770e+03,4.290507799999999747e+02
1.185456762650528617e+03,4.290507799999999747e+02
1.186700614201474082e+03,4.290507799999999747e+02
1.185616663971196431e+03,4.290507799999999747e+02
1.185774066068035609e+03,4.290507799999999747e+02
1.185776565291864472e+03,4.290507799999999747e+02
1.186089015021459090e+03,4.290507799999999747e+02
1.185936466612532513e+03,4.290507799999999747e+02
1.186093917713760220e+03,4.290507799999999747e+02
1.186096367933200554e+03,4.290507799999999747e+02
1.186719492588956882e+03,4.290507799999999747e+02
1.186256269253868595e+03,4.290507799999999747e+02
1.186413769359485059e+03,4.290507799999999747e+02
1.186416170574536409e+03,4.290507799999999747e+02
1.186728914420600859e+03,4.290507799999999747e+02
1.186576071895204450e+03,4.290507799999999747e+02
1.186733621005209898e+03,4.290507799999999747e+02
1.186735973215872491e+03,4.290507799999999747e+02
1.191097800000000007e+03,4.290507799999999747e+02
1.186895874536540532e+03,4.290507799999999747e+02
1.187053472650934737e+03,4.290507799999999747e+02
1.187055775857208573e+03,4.290507799999999747e+02
1.187368813819742400e+03,4.290507799999999747e+02
1.187215677177876387e+03,4.290507799999999747e+02
1.187373324296659575e+03,4.290507799999999747e+02
1.187375578498544428e+03,4.290507799999999747e+02
1.188000076539877227e+03,4.290507799999999747e+02
1.187535479819212469e+03,4.290507799999999747e+02
1.187693175942384187e+03,4.290507799999999747e+02
1.187695381139880510e+03,4.290507799999999747e+02
1.188008713218883940e+03,4.290507799999999747e+02
1.187855282460548324e+03,4.290507799999999747e+02
1.188013027588109026e+03,4.290507799999999747e+02
1.188015183781216365e+03,4.290507799999999747e+02
1.189264928501228496e+03,4.290507799999999747e+02
1.188175085101884406e+03,4.290507799999999747e+02
1.188332879233833864e+03,4.290507799999999747e+02
1.188334986422552447e+03,4.290507799999999747e+02
1.188648612618025709e+03,4.290507799999999747e+02
1.188494887743220488e+03,4.290507799999999747e+02
1.188652730879558703e+03,4.290507799999999747e+02
1.188654789063888302e+03,4.290507799999999747e+02
1.189280660490797345e+03,4.290507799999999747e+02
1.188814690384556343e+03,4.290507799999999747e+02
1.188972582525283542e+03,4.290507799999999747e+02
1.188974591705224384e+03,4.290507799999999747e+02
1.189288512017167250e+03,4.290507799999999747e+02
1.189134493025892425e+03,4.290507799999999747e+02
1.189292434171008153e+03,4.290507799999999747e+02
1.189294394346560466e+03,4.290507799999999747e+02
1.191803978620689577e+03,4.290507799999999747e+02
1.189454295667228280e+03,4.290507799999999747e+02
1.189612285816732992e+03,4.290507799999999747e+02
1.189614196987896321e+03,4.290507799999999747e+02
1.189928411416309018e+03,4.290507799999999747e+02
1.189774098308564362e+03,4.290507799999999747e+02
1.189932137462457831e+03,4.290507799999999747e+02
1.189933999629232403e+03,4.290507799999999747e+02
1.190561244441717690e+03,4.290507799999999747e+02
1.190093900949900444e+03,4.290507799999999747e+02
1.190251989108182670e+03,4.290507799999999747e+02
1.190253802270568258e+03,4.290507799999999747e+02
1.190568310815450559e+03,4.290507799999999747e+02
1.190413703591236299e+03,4.290507799999999747e+02
1.190571840753907509e+03,4.290507799999999747e+02
1.190573604911904340e+03,4.290507799999999747e+02
1.191829242800982684e+03,4.290507799999999747e+02
1.190733506232572381e+03,4.290507799999999747e+02
1.190891692399632120e+03,4.290507799999999747e+02
1.190893407553240422e+03,4.290507799999999747e+02
1.191208210214592100e+03,4.290507799999999747e+02
1.191053308873908236e+03,4.290507799999999747e+02
1.191211544045356959e+03,4.290507799999999747e+02
1.191213210194576277e+03,4.290507799999999747e+02
1.191841828392637808e+03,4.290507799999999747e+02
1.191373111515244318e+03,4.290507799999999747e+02
1.191531395691081798e+03,4.290507799999999747e+02
1.191533012835912359e+03,4.290507799999999747e+02
1.191848109613733868e+03,4.290507799999999747e+02
1.191692914156580400e+03,4.290507799999999747e+02
1.191851247336806637e+03,4.290507799999999747e+02
1.191852815477248214e+03,4.290507799999999747e+02
1.199869999999999891e+03,4.472959000000000174e+02
1.192012716797916255e+03,4.472959000000000174e+02
1.192171098982531475e+03,4.472959000000000174e+02
1.192172618118584296e+03,4.472959000000000174e+02
1.192488009012875409e+03,4.472959000000000174e+02
1.192332519439252337e+03,4.472959000000000174e+02
1.192490950628256087e+03,4.472959000000000174e+02
1.192492420759920378e+03,4.472959000000000174e+02
1.193122412343558153e+03,4.472959000000000174e+02
1.192652322080588192e+03,4.472959000000000174e+02
1.192810802273980926e+03,4.472959000000000174e+02
1.192812223401256233e+03,4.472959000000000174e+02
1.193127908412017177e+03,4.472959000000000174e+02
1.192972124721924274e+03,4.472959000000000174e+02
1.193130653919705765e+03,4.472959000000000174e+02
1.193132026042592315e+03,4.472959000000000174e+02
1.194393557100737098e+03,4.472959000000000174e+02
1.193291927363260356e+03,4.472959000000000174e+02
1.193450505565430603e+03,4.472959000000000174e+02
1.193451828683928170e+03,4.472959000000000174e+02
1.193767807811158718e+03,4.472959000000000174e+02
1.193611730004596211e+03,4.472959000000000174e+02
1.193770357211155442e+03,4.472959000000000174e+02
1.193771631325264252e+03,4.472959000000000174e+02
1.194402996294478271e+03,4.472959000000000174e+02
1.193931532645932293e+03,4.472959000000000174e+02
1.194090208856880054e+03,4.472959000000000174e+02
1.194091433966600107e+03,4.472959000000000174e+02
1.194407707210300259e+03,4.472959000000000174e+02
1.194251335287268148e+03,4.472959000000000174e+02
1.194410060502604892e+03,4.472959000000000174e+02
1.194411236607936189e+03,4.472959000000000174e+02
1.196945239310344732e+03,4.472959000000000174e+02
1.194571137928604230e+03,4.472959000000000174e+02
1.194729912148329731e+03,4.472959000000000174e+02
1.194731039249272271e+03,4.472959000000000174e+02
1.195047606609442028e+03,4.472959000000000174e+02
1.194890940569940085e+03,4.472959000000000174e+02
1.195049763794054570e+03,4.472959000000000174e+02
1.195050841890608126e+03,4.472959000000000174e+02
1.195683580245398616e+03,4.472959000000000174e+02
1.195210743211276167e+03,4.472959000000000174e+02
1.195369615439779409e+03,4.472959000000000174e+02
1.195370644531944208e+03,4.472959000000000174e+02
1.195687506008583568e+03,4.472959000000000174e+02
1.195530545852612249e+03,4.472959000000000174e+02
1.195689467085504020e+03,4.472959000000000174e+02
1.195690447173280063e+03,4.472959000000000174e+02
1.196957871400491285e+03,4.472959000000000174e+02
1.195850348493948104e+03,4.472959000000000174e+02
1.196009318731228859e+03,4.472959000000000174e+02
1.196010249814616145e+03,4.472959000000000174e+02
1.196327405407725337e+03,4.472959000000000174e+02
1.196170151135284186e+03,4.472959000000000174e+02
1.196329170376953698e+03,4.472959000000000174e+02
1.196330052455952227e+03,4.472959000000000174e+02
1.196964164196318961e+03,4.472959000000000174e+02
1.196489953776620041e+03,4.472959000000000174e+02
1.196649022022678537e+03,4.472959000000000174e+02
1.196649855097288082e+03,4.472959000000000174e+02
1.196967304806866878e+03,4.472959000000000174e+02
1.196809756417956123e+03,4.472959000000000174e+02
1.196968873668403376e+03,4.472959000000000174e+02
1.196969657738624164e+03,4.472959000000000174e+02
1.202086499999999887e+03,4.512359599999999773e+02
1.197129559059292205e+03,4.472959000000000174e+02
1.197288725314127987e+03,4.472959000000000174e+02
1.197289460379960019e+03,4.472959000000000174e+02
1.197607204206008419e+03,4.472959000000000174e+02
1.197449361700628060e+03,4.472959000000000174e+02
1.197608576959852826e+03,4.472959000000000174e+02
1.197609263021296101e+03,4.472959000000000174e+02
1.198244748147239079e+03,4.472959000000000174e+02
1.197769164341964142e+03,4.472959000000000174e+02
1.197928428605577665e+03,4.472959000000000174e+02
1.197929065662632183e+03,4.472959000000000174e+02
1.198247103605150187e+03,4.472959000000000174e+02
1.198088966983299997e+03,4.472959000000000174e+02
1.198248280251302504e+03,4.472959000000000174e+02
1.198248868303968038e+03,4.472959000000000174e+02
1.199522185700245700e+03,4.472959000000000174e+02
1.198408769624636079e+03,4.472959000000000174e+02
1.198568131897027342e+03,4.472959000000000174e+02
1.198568670945304120e+03,4.472959000000000174e+02
1.198887003004291728e+03,4.472959000000000174e+02
1.198728572265972161e+03,4.472959000000000174e+02
1.198887983542751954e+03,4.472959000000000174e+02
1.198888473586639975e+03,4.472959000000000174e+02
1.199525332098159424e+03,4.472959000000000174e+02
1.199048374907308016e+03,4.472959000000000174e+02
1.199207835188476793e+03,4.472959000000000174e+02
1.199208276227976057e+03,4.472959000000000174e+02
1.199526902403433269e+03,4.472959000000000174e+02
1.199368177548644098e+03,4.472959000000000174e+02
1.199527686834201631e+03,4.472959000000000174e+02
1.199528078869312139e+03,4.472959000000000174e+02
1.202086499999999887e+03,4.512359599999999773e+02
1.199687980189979953e+03,4.472959000000000174e+02
1.199847538479926470e+03,4.472959000000000174e+02
1.199847881510647994e+03,4.472959000000000174e+02
1.200166801802575037e+03,4.472959000000000174e+02
1.200007782831316035e+03,4.472959000000000174e+02
1.200167390125651309e+03,4.472959000000000174e+02
1.200167684151984076e+03,4.472959000000000174e+02
1.200805916049079542e+03,4.472959000000000174e+02
1.200327585472652117e+03,4.472959000000000174e+02
1.200487241771375921e+03,4.472959000000000174e+02
1.200487486793319931e+03,4.472959000000000174e+02
1.200806701201716578e+03,4.472959000000000174e+02
1.200647388113987972e+03,4.472959000000000174e+02
1.200807093417100759e+03,4.472959000000000174e+02
1.200807289434656013e+03,4.472959000000000174e+02
1.202086499999999887e+03,4.512359599999999773e+02
1.200967190755324054e+03,4.512359599999999773e+02
1.201126945062825598e+03,4.512359599999999773e+02
1.201127092075991868e+03,4.512359599999999773e+02
1.201446600600858346e+03,4.512359599999999773e+02
1.201286993396659909e+03,4.512359599999999773e+02
1.201446796708550437e+03,4.512359599999999773e+02
1.201446894717327950e+03,4.512359599999999773e+02
1.202086499999999887e+03,4.512359599999999773e+02
1.201606796037995991e+03,4.512359599999999773e+02
1.201766648354275276e+03,4.512359599999999773e+02
1.201766697358664032e+03,4.512359599999999773e+02
1.202086499999999887e+03,4.512359599999999773e+02
1.201926598679331846e+03,4.512359599999999773e+02
1.202086499999999887e+03,4.512359599999999773e+02
1.202086499999999887e+03,4.512359599999999773e+02
1.202086499999999887e+03,4.512359599999999773e+02
