1.349339300000000037e+02,5.144430999999999585e+02
1.349339300000000037e+02,5.144430999999999585e+02
1.364014325779967294e+02,5.193211700000000519e+02
3.118763400000000274e+02,3.010789800000000014e+02
1.378689351559934266e+02,5.222428999999999633e+02
1.378737624671052799e+02,5.222428999999999633e+02
1.393364377339901523e+02,2.895284399999999891e+02
3.118763400000000274e+02,3.010789800000000014e+02
1.408039403119868780e+02,5.262211999999999534e+02
1.408135949342105278e+02,5.262211999999999534e+02
1.422714428899835752e+02,2.737409700000000043e+02
3.118763400000000274e+02,3.010789800000000014e+02
1.437389454679803009e+02,2.737409700000000043e+02
1.437534274013158040e+02,2.737409700000000043e+02
1.452064480459770266e+02,5.331233999999999469e+02
3.118763400000000274e+02,3.010789800000000014e+02
1.466739506239737239e+02,2.625027000000000044e+02
1.466932598684210518e+02,2.625027000000000044e+02
1.481414532019704495e+02,2.625027000000000044e+02
3.136177000000000135e+02,3.181039999999999850e+02
1.496089557799671752e+02,2.577006799999999771e+02
1.496330923355263280e+02,2.577006799999999771e+02
1.510764583579638725e+02,2.533740200000000016e+02
3.143755199999999945e+02,3.328455799999999840e+02
1.525439609359605981e+02,2.487800300000000107e+02
1.525729248026315759e+02,2.487800300000000107e+02
1.540114635139573238e+02,5.410733599999999797e+02
3.153947000000000003e+02,3.466703999999999724e+02
1.554789660919540211e+02,2.441751700000000085e+02
1.555127572697368521e+02,2.441751700000000085e+02
1.569464686699507467e+02,2.441751700000000085e+02
3.153751800000000003e+02,3.633497300000000223e+02
1.584139712479474724e+02,2.390463900000000024e+02
1.584525897368420999e+02,2.390463900000000024e+02
1.598814738259441697e+02,2.390463900000000024e+02
3.147725800000000049e+02,3.819828999999999724e+02
1.613489764039408954e+02,2.350286900000000117e+02
1.613924222039473761e+02,2.350286900000000117e+02
1.628164789819376210e+02,2.350286900000000117e+02
3.130761400000000094e+02,4.028994000000000142e+02
1.642839815599343183e+02,5.495467499999999745e+02
1.643322546710526240e+02,5.495467499999999745e+02
1.657514841379310440e+02,2.313134799999999984e+02
3.114181800000000067e+02,4.293933000000000106e+02
1.672189867159277696e+02,2.313134799999999984e+02
1.672720871381579002e+02,2.313134799999999984e+02
1.686864892939244669e+02,2.283754900000000134e+02
3.085132399999999961e+02,4.495027999999999793e+02
1.701539918719211926e+02,2.283754900000000134e+02
1.702119196052631764e+02,2.283754900000000134e+02
1.716214944499179182e+02,2.265322299999999984e+02
3.041001299999999787e+02,4.726827400000000239e+02
1.730889970279146155e+02,2.265322299999999984e+02
1.731517520723684243e+02,2.265322299999999984e+02
1.745564996059113412e+02,2.246645499999999913e+02
2.976039999999999850e+02,4.936109599999999773e+02
1.760240021839080669e+02,5.565285599999999704e+02
1.760915845394737005e+02,5.565285599999999704e+02
1.774915047619047641e+02,5.565285599999999704e+02
2.894264200000000073e+02,5.101100000000000136e+02
1.789590073399014898e+02,2.228143300000000124e+02
1.790314170065789483e+02,2.228143300000000124e+02
1.804265099178981870e+02,2.228143300000000124e+02
2.797273599999999760e+02,5.230760500000000093e+02
1.818940124958949127e+02,2.209681400000000053e+02
1.819712494736842245e+02,2.209681400000000053e+02
1.833615150738916384e+02,2.209681400000000053e+02
2.658018799999999828e+02,5.386539299999999457e+02
1.848290176518883356e+02,2.209681400000000053e+02
1.849110819407894724e+02,2.209681400000000053e+02
1.862965202298850613e+02,2.209681400000000053e+02
2.482492699999999957e+02,5.503029999999999973e+02
1.877640228078817586e+02,2.190388199999999870e+02
1.878509144078947486e+02,2.190388199999999870e+02
1.892315253858784843e+02,2.184481199999999887e+02
2.304880699999999933e+02,5.569411599999999680e+02
1.906990279638752099e+02,2.184481199999999887e+02
1.907907468750000248e+02,2.184481199999999887e+02
1.921665305418719072e+02,2.184481199999999887e+02
2.127766399999999862e+02,5.596994600000000446e+02
1.936340331198686329e+02,5.596334000000000515e+02
1.937305793421052726e+02,5.596334000000000515e+02
1.951015356978653585e+02,2.184481199999999887e+02
1.946188999999999965e+02,5.596334000000000515e+02
1.965690382758620558e+02,2.184481199999999887e+02
1.966704118092105205e+02,2.184481199999999887e+02
1.980365408538587815e+02,2.184481199999999887e+02
1.769421499999999980e+02,5.565285599999999704e+02
1.995040434318555072e+02,2.184481199999999887e+02
1.996102442763157967e+02,2.184481199999999887e+02
2.009715460098522044e+02,2.184481199999999887e+02
1.638958000000000084e+02,5.495467499999999745e+02
2.024390485878489301e+02,2.199372600000000091e+02
2.025500767434210729e+02,2.199372600000000091e+02
2.039065511658456558e+02,2.199372600000000091e+02
1.537276500000000112e+02,5.410733599999999797e+02
2.053740537438423530e+02,2.217635500000000093e+02
2.054899092105263207e+02,2.217635500000000093e+02
2.068415563218390787e+02,2.217635500000000093e+02
1.460528099999999938e+02,5.331233999999999469e+02
2.083090588998358044e+02,2.236733399999999961e+02
2.084297416776315686e+02,2.236733399999999961e+02
2.097765614778325016e+02,2.255222200000000043e+02
1.408619099999999946e+02,5.262211999999999534e+02
2.112440640558292273e+02,2.273764600000000087e+02
2.113695741447368448e+02,2.273764600000000087e+02
2.127115666338259530e+02,5.596994600000000446e+02
1.378917099999999891e+02,5.222428999999999633e+02
2.141790692118226502e+02,2.292220499999999959e+02
2.143094066118421210e+02,2.292220499999999959e+02
2.156465717898193759e+02,2.310784899999999880e+02
1.362480600000000095e+02,5.193211700000000519e+02
2.171140743678161016e+02,2.310784899999999880e+02
2.172492390789473689e+02,2.310784899999999880e+02
2.185815769458127988e+02,2.373576700000000130e+02
1.350690800000000138e+02,5.163370400000000018e+02
2.200490795238095245e+02,2.373576700000000130e+02
2.201890715460526451e+02,2.373576700000000130e+02
2.215165821018062502e+02,2.435481000000000051e+02
1.349339300000000037e+02,5.144430999999999585e+02
2.229840846798029474e+02,2.490368699999999933e+02
2.231289040131579213e+02,2.490368699999999933e+02
2.244515872577996731e+02,2.490368699999999933e+02
1.373472099999999898e+02,5.083293499999999767e+02
2.259190898357963988e+02,2.526866499999999860e+02
2.260687364802631691e+02,2.526866499999999860e+02
2.273865924137930961e+02,2.526866499999999860e+02
1.374331200000000024e+02,5.081002199999999789e+02
2.288540949917898217e+02,2.588093299999999886e+02
2.290085689473684170e+02,2.588093299999999886e+02
2.303215975697865474e+02,5.569411599999999680e+02
1.374331200000000024e+02,5.081002199999999789e+02
2.317891001477832447e+02,5.569411599999999680e+02
2.319484014144736932e+02,5.569411599999999680e+02
2.332566027257799703e+02,5.569411599999999680e+02
1.394324599999999919e+02,2.895284399999999891e+02
2.347241053037766960e+02,2.652468299999999886e+02
2.348882338815789694e+02,2.652468299999999886e+02
2.361916078817733933e+02,2.652468299999999886e+02
1.394324599999999919e+02,2.895284399999999891e+02
2.376591104597701190e+02,2.652468299999999886e+02
2.378280663486842172e+02,2.652468299999999886e+02
2.391266130377668446e+02,2.652468299999999886e+02
1.394324599999999919e+02,2.895284399999999891e+02
2.405941156157635419e+02,2.726712600000000180e+02
2.407678988157894651e+02,2.726712600000000180e+02
2.420616181937602676e+02,2.726712600000000180e+02
1.394324599999999919e+02,2.895284399999999891e+02
2.435291207717569932e+02,2.726712600000000180e+02
2.437077312828947413e+02,2.726712600000000180e+02
2.449966233497536905e+02,2.726712600000000180e+02
1.394324599999999919e+02,2.895284399999999891e+02
2.464641259277504162e+02,5.503029999999999973e+02
2.466475637500000175e+02,5.503029999999999973e+02
2.479316285057471418e+02,5.503029999999999973e+02
1.394324599999999919e+02,2.895284399999999891e+02
2.493991310837438391e+02,2.791613800000000083e+02
2.495873962171052654e+02,2.791613800000000083e+02
2.508666336617405648e+02,2.791613800000000083e+02
1.394324599999999919e+02,2.895284399999999891e+02
2.523341362397372905e+02,2.791613800000000083e+02
2.525272286842105416e+02,2.791613800000000083e+02
2.538016388177339877e+02,2.791613800000000083e+02
1.394324599999999919e+02,2.895284399999999891e+02
2.552691413957307134e+02,2.865649399999999787e+02
2.554670611513158178e+02,2.865649399999999787e+02
2.567366439737274391e+02,2.865649399999999787e+02
1.394324599999999919e+02,2.895284399999999891e+02
2.582041465517241363e+02,2.865649399999999787e+02
2.584068936184210656e+02,2.865649399999999787e+02
2.596716491297208904e+02,2.865649399999999787e+02
1.394324599999999919e+02,2.895284399999999891e+02
2.611391517077175877e+02,2.865649399999999787e+02
2.613467260855263135e+02,2.865649399999999787e+02
2.626066542857142849e+02,2.865649399999999787e+02
1.394324599999999919e+02,2.895284399999999891e+02
2.640741568637109822e+02,5.386539299999999457e+02
2.642865585526316181e+02,5.386539299999999457e+02
2.655416594417076794e+02,5.386539299999999457e+02
1.394324599999999919e+02,2.895284399999999891e+02
2.670091620197044335e+02,5.386539299999999457e+02
2.672263910197368659e+02,5.386539299999999457e+02
2.684766645977011876e+02,5.386539299999999457e+02
1.394324599999999919e+02,2.895284399999999891e+02
2.699441671756978849e+02,2.922015400000000227e+02
2.701662234868421137e+02,2.922015400000000227e+02
2.714116697536945821e+02,2.922015400000000227e+02
1.394324599999999919e+02,2.895284399999999891e+02
2.728791723316912794e+02,2.922015400000000227e+02
2.731060559539473616e+02,2.922015400000000227e+02
2.743466749096879767e+02,2.922015400000000227e+02
1.394324599999999919e+02,2.895284399999999891e+02
2.758141774876847307e+02,2.922015400000000227e+02
2.760458884210526094e+02,2.922015400000000227e+02
2.772816800656814848e+02,2.922015400000000227e+02
1.436119500000000073e+02,2.737409700000000043e+02
2.787491826436781821e+02,5.230760500000000093e+02
2.789857208881579140e+02,5.230760500000000093e+02
2.802166852216748794e+02,5.230760500000000093e+02
1.460577900000000113e+02,2.659743700000000217e+02
2.816841877996715766e+02,5.230760500000000093e+02
2.819255533552631618e+02,5.230760500000000093e+02
2.831516903776682739e+02,5.230760500000000093e+02
1.471385199999999998e+02,2.625027000000000044e+02
2.846191929556650280e+02,2.959037999999999897e+02
2.848653858223684665e+02,2.959037999999999897e+02
2.860866955336617821e+02,2.959037999999999897e+02
1.492031900000000064e+02,2.577006799999999771e+02
2.875541981116584793e+02,2.959037999999999897e+02
2.878052182894737143e+02,2.959037999999999897e+02
2.890217006896551766e+02,5.101100000000000136e+02
1.512743199999999888e+02,2.533740200000000016e+02
2.904892032676518738e+02,5.101100000000000136e+02
2.907450507565789621e+02,5.101100000000000136e+02
2.919567058456485711e+02,5.101100000000000136e+02
1.533588599999999929e+02,2.487800300000000107e+02
2.934242084236453252e+02,4.936109599999999773e+02
2.936848832236842100e+02,4.936109599999999773e+02
2.948917110016420793e+02,4.936109599999999773e+02
1.559493999999999971e+02,2.441751700000000085e+02
2.963592135796387765e+02,4.936109599999999773e+02
2.966247156907894578e+02,4.936109599999999773e+02
2.978267161576354738e+02,4.936109599999999773e+02
1.591373399999999947e+02,2.390463900000000024e+02
2.992942187356321710e+02,2.966364699999999743e+02
2.995645481578947624e+02,2.966364699999999743e+02
3.007617213136288683e+02,2.966364699999999743e+02
1.627637300000000096e+02,2.350286900000000117e+02
3.022292238916256224e+02,4.726827400000000239e+02
3.025043806250000102e+02,4.726827400000000239e+02
3.036967264696223197e+02,4.726827400000000239e+02
1.660639299999999992e+02,2.313134799999999984e+02
3.051642290476190738e+02,4.726827400000000239e+02
3.054442130921053149e+02,4.726827400000000239e+02
3.066317316256157710e+02,4.726827400000000239e+02
1.691631199999999922e+02,2.283754900000000134e+02
3.080992342036124683e+02,4.495027999999999793e+02
3.083840455592105627e+02,4.495027999999999793e+02
3.095667367816091655e+02,4.495027999999999793e+02
1.718233999999999924e+02,2.265322299999999984e+02
3.110342393596059196e+02,4.293933000000000106e+02
3.113238780263158105e+02,4.293933000000000106e+02
3.125017419376026169e+02,4.028994000000000142e+02
1.749262400000000071e+02,2.246645499999999913e+02
3.139692445155993710e+02,3.328455799999999840e+02
3.142637104934210583e+02,3.328455799999999840e+02
3.154367470935960682e+02,3.466703999999999724e+02
1.790911900000000117e+02,2.228143300000000124e+02
3.169042496715927655e+02,2.966364699999999743e+02
3.172035429605263062e+02,2.966364699999999743e+02
3.183717522495894627e+02,2.966364699999999743e+02
1.832457599999999900e+02,2.209681400000000053e+02
3.198392548275862168e+02,2.966364699999999743e+02
3.201433754276315540e+02,2.966364699999999743e+02
3.213067574055829141e+02,2.966364699999999743e+02
1.877546700000000044e+02,2.190388199999999870e+02
3.227742599835796682e+02,2.966364699999999743e+02
3.230832078947368586e+02,2.966364699999999743e+02
3.242417625615763654e+02,2.966364699999999743e+02
1.904300499999999943e+02,2.184481199999999887e+02
3.257092651395730627e+02,2.924383500000000140e+02
3.260230403618421633e+02,2.924383500000000140e+02
3.271767677175697600e+02,2.924383500000000140e+02
1.924646299999999997e+02,2.184481199999999887e+02
3.286442702955665141e+02,2.924383500000000140e+02
3.289628728289474111e+02,2.924383500000000140e+02
3.301117728735632113e+02,2.924383500000000140e+02
1.953898299999999892e+02,2.184481199999999887e+02
3.315792754515599654e+02,2.924383500000000140e+02
3.319027052960526589e+02,2.924383500000000140e+02
3.330467780295566627e+02,2.924383500000000140e+02
1.977474400000000117e+02,2.184481199999999887e+02
3.345142806075533599e+02,2.924383500000000140e+02
3.348425377631579067e+02,2.924383500000000140e+02
3.359817831855500572e+02,2.924383500000000140e+02
2.008068199999999877e+02,2.184481199999999887e+02
3.374492857635468113e+02,2.924383500000000140e+02
3.377823702302631546e+02,2.924383500000000140e+02
3.389167883415435085e+02,2.924383500000000140e+02
2.039252600000000086e+02,2.199372600000000091e+02
3.403842909195402626e+02,2.872625699999999824e+02
3.407222026973684024e+02,2.872625699999999824e+02
3.418517934975369599e+02,2.872625699999999824e+02
2.061421799999999962e+02,2.217635500000000093e+02
3.433192960755336571e+02,2.872625699999999824e+02
3.436620351644737070e+02,2.872625699999999824e+02
3.447867986535303544e+02,2.872625699999999824e+02
2.082909199999999998e+02,2.236733399999999961e+02
3.462543012315270516e+02,2.872625699999999824e+02
3.466018676315789548e+02,2.872625699999999824e+02
3.477218038095238057e+02,2.872625699999999824e+02
2.103711500000000001e+02,2.255222200000000043e+02
3.491893063875205598e+02,2.872625699999999824e+02
3.495417000986842595e+02,2.872625699999999824e+02
3.506568089655172571e+02,2.872625699999999824e+02
2.119332599999999900e+02,2.273764600000000087e+02
3.521243115435139543e+02,2.872625699999999824e+02
3.524815325657895073e+02,2.872625699999999824e+02
3.535918141215106516e+02,2.872625699999999824e+02
2.140340600000000109e+02,2.292220499999999959e+02
3.550593166995073489e+02,2.872625699999999824e+02
3.554213650328947551e+02,2.872625699999999824e+02
3.565268192775041030e+02,2.872625699999999824e+02
2.155153799999999933e+02,2.310784899999999880e+02
3.579943218555008571e+02,2.772806400000000053e+02
3.583611975000000029e+02,2.772806400000000053e+02
3.594618244334975543e+02,2.772806400000000053e+02
2.190476999999999919e+02,2.373576700000000130e+02
3.609293270114942516e+02,2.772806400000000053e+02
3.613010299671052508e+02,2.772806400000000053e+02
3.623968295894909488e+02,2.772806400000000053e+02
2.220304600000000050e+02,2.435481000000000051e+02
3.638643321674876461e+02,2.772806400000000053e+02
3.642408624342105554e+02,2.772806400000000053e+02
3.653318347454844002e+02,2.772806400000000053e+02
2.241185000000000116e+02,2.490368699999999933e+02
3.667993373234811543e+02,2.772806400000000053e+02
3.671806949013158032e+02,4.869996300000000247e+02
3.682668399014778515e+02,4.725250199999999836e+02
2.261717500000000030e+02,2.526866499999999860e+02
3.697343424794745488e+02,5.001870000000000118e+02
3.701205273684211079e+02,5.001870000000000118e+02
3.712018450574712460e+02,5.001870000000000118e+02
2.299192799999999863e+02,2.588093299999999886e+02
3.726693476354679433e+02,4.585747000000000071e+02
3.730603598355263557e+02,4.585747000000000071e+02
3.741368502134646974e+02,4.585747000000000071e+02
2.352387099999999975e+02,2.652468299999999886e+02
3.756043527914614515e+02,5.160422399999999925e+02
3.760001923026316035e+02,5.160422399999999925e+02
3.770718553694581487e+02,5.160422399999999925e+02
2.420481000000000051e+02,2.726712600000000180e+02
3.785393579474548460e+02,4.457398699999999963e+02
3.789400247697368513e+02,4.457398699999999963e+02
3.800068605254515433e+02,4.457398699999999963e+02
2.497285500000000127e+02,2.791613800000000083e+02
3.814743631034482405e+02,4.457398699999999963e+02
3.818798572368420992e+02,4.457398699999999963e+02
3.829418656814449946e+02,5.303767000000000280e+02
2.609317599999999970e+02,2.865649399999999787e+02
3.844093682594417487e+02,2.643006599999999935e+02
3.848196897039473470e+02,2.643006599999999935e+02
3.858768708374384460e+02,2.643006599999999935e+02
2.744069999999999823e+02,2.922015400000000227e+02
3.873443734154351432e+02,4.382369400000000041e+02
3.877595221710526516e+02,4.382369400000000041e+02
3.888118759934318405e+02,4.382369400000000041e+02
2.869546199999999772e+02,2.959037999999999897e+02
3.902793785714285377e+02,4.382369400000000041e+02
3.906993546381579563e+02,4.382369400000000041e+02
3.917468811494252350e+02,4.382369400000000041e+02
3.004855299999999829e+02,2.966364699999999743e+02
3.932143837274220459e+02,5.428990499999999884e+02
3.936391871052632041e+02,5.428990499999999884e+02
3.946818863054187432e+02,4.326752999999999929e+02
3.159355800000000158e+02,2.966364699999999743e+02
3.961493888834154404e+02,4.326752999999999929e+02
3.965790195723684519e+02,4.326752999999999929e+02
3.976168914614121377e+02,4.326752999999999929e+02
3.320879199999999969e+02,2.924383500000000140e+02
3.990843940394088349e+02,2.496339099999999860e+02
3.995188520394736997e+02,2.496339099999999860e+02
4.005518966174055322e+02,2.496339099999999860e+02
3.479648399999999810e+02,2.872625699999999824e+02
4.020193991954023431e+02,2.496339099999999860e+02
4.024586845065789475e+02,2.496339099999999860e+02
4.034869017733990404e+02,4.280576199999999858e+02
3.665356800000000135e+02,2.772806400000000053e+02
4.049544043513957376e+02,5.544295700000000124e+02
4.053985169736841954e+02,5.544295700000000124e+02
4.064219069293924349e+02,5.544295700000000124e+02
3.850206600000000208e+02,2.643006599999999935e+02
4.078894095073891322e+02,5.544295700000000124e+02
4.083383494407894432e+02,5.544295700000000124e+02
4.093569120853858294e+02,5.544295700000000124e+02
4.019414699999999812e+02,2.496339099999999860e+02
4.108244146633826404e+02,4.253527799999999957e+02
4.112781819078948047e+02,4.253527799999999957e+02
4.122919172413793376e+02,4.253527799999999957e+02
4.162604000000000042e+02,2.349409200000000055e+02
4.137594198193760349e+02,4.253527799999999957e+02
4.142180143750000525e+02,4.253527799999999957e+02
4.152269223973727321e+02,4.253527799999999957e+02
4.312509200000000078e+02,2.167736800000000130e+02
4.166944249753694294e+02,2.349409200000000055e+02
4.171578468421053003e+02,5.619591000000000349e+02
4.181619275533661266e+02,5.619591000000000349e+02
4.468473000000000184e+02,1.966599099999999964e+02
4.196294301313629376e+02,5.619591000000000349e+02
4.200976793092105481e+02,5.619591000000000349e+02
4.210969327093596348e+02,5.619591000000000349e+02
4.624640999999999735e+02,1.754278600000000097e+02
4.225644352873563321e+02,4.245809300000000235e+02
4.230375117763157959e+02,4.245809300000000235e+02
4.240319378653530293e+02,4.245809300000000235e+02
4.734877299999999991e+02,1.586270800000000065e+02
4.254994404433497266e+02,4.245809300000000235e+02
4.259773442434210438e+02,4.245809300000000235e+02
4.269669430213464238e+02,4.245809300000000235e+02
4.812511000000000081e+02,1.477107000000000028e+02
4.284344455993432348e+02,5.667242400000000089e+02
4.289171767105262916e+02,5.667242400000000089e+02
4.299019481773399320e+02,4.405328400000000215e+02
4.857465199999999754e+02,1.414681400000000053e+02
4.313694507553366293e+02,2.167736800000000130e+02
4.318570091776316531e+02,2.167736800000000130e+02
4.328369533333333266e+02,2.167736800000000130e+02
4.881105999999999767e+02,1.379645999999999901e+02
4.343044559113300238e+02,4.337293700000000172e+02
4.347968416447369009e+02,4.337293700000000172e+02
4.357719584893267211e+02,4.337293700000000172e+02
4.903182400000000030e+02,1.367058100000000138e+02
4.372394610673235320e+02,4.309060000000000059e+02
4.377366741118421487e+02,4.309060000000000059e+02
4.387069636453202293e+02,4.245809300000000235e+02
4.903182400000000030e+02,1.367058100000000138e+02
4.401744662233169265e+02,4.290234399999999937e+02
4.406765065789473965e+02,4.290234399999999937e+02
4.416419688013136238e+02,4.290234399999999937e+02
4.388349999999999795e+02,4.245809300000000235e+02
4.431094713793103210e+02,4.803575399999999718e+02
4.436163390460526443e+02,4.803575399999999718e+02
4.445769739573070183e+02,4.803575399999999718e+02
4.388349999999999795e+02,4.245809300000000235e+02
4.460444765353038292e+02,5.637870000000000346e+02
4.465561715131578922e+02,5.637870000000000346e+02
4.475119791133005265e+02,4.290234399999999937e+02
4.388349999999999795e+02,4.245809300000000235e+02
4.489794816912972237e+02,4.290234399999999937e+02
4.494960039802631400e+02,4.290234399999999937e+02
4.504469842692939210e+02,4.290234399999999937e+02
4.388349999999999795e+02,4.245809300000000235e+02
4.519144868472906182e+02,5.600729999999999791e+02
4.524358364473685015e+02,5.600729999999999791e+02
4.533819894252873155e+02,5.600729999999999791e+02
4.388349999999999795e+02,4.245809300000000235e+02
4.548494920032841264e+02,4.895162399999999820e+02
4.553756689144737493e+02,4.895162399999999820e+02
4.563169945812808237e+02,4.895162399999999820e+02
4.388349999999999795e+02,4.245809300000000235e+02
4.577844971592775210e+02,5.529579999999999700e+02
4.583155013815789971e+02,5.529579999999999700e+02
4.592519997372742182e+02,5.529579999999999700e+02
4.388349999999999795e+02,4.245809300000000235e+02
4.607195023152709155e+02,4.352898000000000138e+02
4.612553338486842449e+02,4.352898000000000138e+02
4.621870048932676127e+02,4.352898000000000138e+02
4.388349999999999795e+02,4.245809300000000235e+02
4.636545074712644237e+02,5.445843499999999722e+02
4.641951663157894927e+02,5.445843499999999722e+02
4.651220100492611209e+02,5.445843499999999722e+02
4.265312200000000189e+02,4.245809300000000235e+02
4.665895126272578182e+02,4.968025999999999840e+02
4.671349987828947405e+02,4.968025999999999840e+02
4.680570152052545154e+02,4.396855499999999779e+02
4.125654299999999921e+02,4.253527799999999957e+02
4.695245177832512127e+02,5.300395499999999629e+02
4.700748312499999884e+02,5.300395499999999629e+02
4.709920203612479099e+02,5.300395499999999629e+02
4.030423299999999927e+02,4.280576199999999858e+02
4.724595229392446072e+02,1.586270800000000065e+02
4.730146637171052362e+02,1.586270800000000065e+02
4.739270255172414181e+02,1.586270800000000065e+02
3.947024200000000178e+02,4.326752999999999929e+02
4.753945280952381154e+02,4.472557400000000030e+02
4.759544961842105977e+02,4.472557400000000030e+02
4.768620306732348126e+02,5.157397499999999582e+02
3.874820000000000277e+02,4.382369400000000041e+02
4.783295332512315099e+02,4.520153799999999933e+02
4.788943286513158455e+02,4.520153799999999933e+02
4.797970358292282071e+02,5.019485999999999990e+02
3.807433199999999829e+02,4.457398699999999963e+02
4.812645384072249044e+02,1.477107000000000028e+02
4.818341611184210933e+02,1.477107000000000028e+02
4.827320409852217153e+02,4.610711699999999951e+02
3.732265300000000252e+02,4.585747000000000071e+02
4.841995435632184126e+02,4.696422000000000025e+02
4.847739935855263411e+02,4.792144799999999805e+02
4.856670461412151099e+02,1.414681400000000053e+02
3.685120000000000005e+02,4.725250199999999836e+02
4.871345487192118071e+02,1.379645999999999901e+02
4.877138260526315889e+02,1.379645999999999901e+02
4.886020512972085044e+02,1.379645999999999901e+02
3.675614299999999730e+02,4.869996300000000247e+02
4.900695538752052016e+02,1.367058100000000138e+02
4.906536585197368368e+02,1.367058100000000138e+02
4.915370564532020126e+02,1.367058100000000138e+02
3.696251199999999812e+02,5.001870000000000118e+02
4.930045590311987098e+02,1.367058100000000138e+02
4.935934909868420846e+02,1.367058100000000138e+02
4.944720616091954071e+02,1.367058100000000138e+02
3.757310200000000009e+02,5.160422399999999925e+02
4.959395641871921043e+02,4.992873500000000035e+02
4.965333234539474461e+02,4.992873500000000035e+02
4.974070667651888016e+02,4.992873500000000035e+02
3.835033000000000243e+02,5.303767000000000280e+02
4.988745693431854988e+02,4.992873500000000035e+02
4.994731559210526939e+02,4.992873500000000035e+02
5.003420719211823098e+02,4.992873500000000035e+02
3.941462399999999775e+02,5.428990499999999884e+02
5.018095744991790070e+02,4.992873500000000035e+02
5.024129883881579417e+02,4.992873500000000035e+02
5.032770770771757043e+02,4.992873500000000035e+02
4.064028999999999883e+02,5.544295700000000124e+02
5.047445796551724015e+02,4.942149699999999939e+02
5.053528208552631895e+02,4.942149699999999939e+02
5.062120822331690988e+02,4.942149699999999939e+02
4.173638000000000261e+02,5.619591000000000349e+02
5.076795848111657961e+02,4.942149699999999939e+02
5.082926533223684373e+02,4.942149699999999939e+02
5.091470873891626070e+02,4.942149699999999939e+02
4.282898599999999760e+02,5.667242400000000089e+02
5.106145899671593043e+02,4.942149699999999939e+02
5.112324857894736851e+02,4.942149699999999939e+02
5.120820925451560015e+02,4.942149699999999939e+02
4.381578700000000026e+02,5.667414599999999609e+02
5.135495951231526988e+02,4.942149699999999939e+02
5.141723182565789330e+02,4.942149699999999939e+02
5.150170977011493960e+02,4.942149699999999939e+02
4.464828499999999849e+02,5.637870000000000346e+02
5.164846002791460933e+02,4.942149699999999939e+02
5.171121507236842945e+02,4.942149699999999939e+02
5.179521028571429042e+02,4.942149699999999939e+02
4.537140999999999735e+02,5.600729999999999791e+02
5.194196054351396015e+02,4.873127400000000193e+02
5.200519831907895423e+02,4.873127400000000193e+02
5.208871080131362987e+02,4.873127400000000193e+02
4.599628299999999967e+02,5.529579999999999700e+02
5.223546105911329960e+02,4.873127400000000193e+02
5.229918156578947901e+02,4.873127400000000193e+02
5.238221131691296932e+02,4.873127400000000193e+02
4.641017499999999814e+02,5.445843499999999722e+02
5.252896157471263905e+02,4.245472399999999880e+02
5.259316481250000379e+02,4.245472399999999880e+02
5.267571183251232014e+02,4.245472399999999880e+02
4.707421299999999746e+02,5.300395499999999629e+02
5.282246209031198987e+02,4.273071299999999724e+02
5.288714805921052857e+02,4.273071299999999724e+02
5.296921234811165959e+02,4.117879599999999982e+02
4.761983599999999797e+02,5.157397499999999582e+02
5.311596260591132932e+02,4.789611800000000130e+02
5.318113130592105335e+02,4.789611800000000130e+02
5.326271286371099904e+02,4.789611800000000130e+02
4.802447000000000230e+02,5.019485999999999990e+02
5.340946312151066877e+02,4.041551499999999919e+02
5.347511455263157814e+02,4.041551499999999919e+02
5.355621337931034986e+02,4.041551499999999919e+02
4.829957999999999743e+02,4.887964000000000055e+02
5.370296363711001959e+02,4.329765600000000063e+02
5.376909779934210292e+02,4.329765600000000063e+02
5.384971389490968932e+02,4.329765600000000063e+02
4.838203700000000254e+02,4.792144799999999805e+02
5.399646415270935904e+02,4.716087600000000180e+02
5.406308104605263907e+02,4.716087600000000180e+02
5.414321441050902877e+02,3.990074500000000057e+02
4.838203700000000254e+02,4.696422000000000025e+02
5.428996466830869849e+02,4.649539800000000014e+02
5.435706429276316385e+02,4.649539800000000014e+02
5.443671492610837959e+02,4.649539800000000014e+02
4.827346200000000067e+02,4.610711699999999951e+02
5.458346518390804931e+02,3.970373500000000035e+02
5.465104753947368863e+02,3.970373500000000035e+02
5.473021544170771904e+02,3.970373500000000035e+02
4.792758200000000102e+02,4.520153799999999933e+02
5.487696569950738876e+02,3.970373500000000035e+02
5.494503078618421341e+02,4.560683599999999842e+02
5.502371595730705849e+02,4.560683599999999842e+02
4.760830000000000268e+02,4.472557400000000030e+02
5.517046621510672821e+02,4.004558000000000106e+02
5.523901403289473819e+02,4.004558000000000106e+02
5.531721647290640931e+02,4.412646500000000174e+02
4.685753199999999765e+02,4.396855499999999779e+02
5.546396673070607903e+02,4.274567999999999870e+02
5.553299727960526297e+02,4.145488300000000095e+02
5.561071698850574876e+02,4.145488300000000095e+02
4.622222300000000246e+02,4.352898000000000138e+02
5.575746724630541848e+02,4.395103799999999978e+02
5.582698052631578776e+02,4.395103799999999978e+02
5.590421750410508821e+02,4.395103799999999978e+02
4.544432400000000030e+02,4.309850000000000136e+02
5.605096776190475794e+02,4.395103799999999978e+02
5.612096377302632391e+02,4.395103799999999978e+02
5.619771801970442766e+02,4.395103799999999978e+02
4.475641499999999837e+02,4.290234399999999937e+02
5.634446827750410876e+02,4.395103799999999978e+02
5.641494701973684869e+02,4.395103799999999978e+02
5.649121853530377848e+02,4.395103799999999978e+02
4.423544299999999794e+02,4.290234399999999937e+02
5.663796879310344821e+02,4.395103799999999978e+02
5.670893026644737347e+02,4.395103799999999978e+02
5.678471905090311793e+02,4.395103799999999978e+02
4.374368999999999801e+02,4.309060000000000059e+02
5.693146930870278766e+02,4.395103799999999978e+02
5.700291351315789825e+02,4.395103799999999978e+02
5.707821956650245738e+02,4.395103799999999978e+02
4.338642300000000205e+02,4.337293700000000172e+02
5.722496982430213848e+02,4.426291499999999814e+02
5.729689675986842303e+02,4.426291499999999814e+02
5.737172008210180820e+02,4.426291499999999814e+02
4.297303499999999872e+02,4.405328400000000215e+02
5.751847033990147793e+02,4.426291499999999814e+02
5.759088000657894781e+02,4.426291499999999814e+02
5.766522059770114765e+02,4.426291499999999814e+02
4.279396699999999782e+02,4.455456500000000233e+02
5.781197085550081738e+02,4.426291499999999814e+02
5.788486325328947260e+02,4.426291499999999814e+02
5.795872111330048710e+02,4.426291499999999814e+02
4.282821700000000078e+02,4.500475999999999885e+02
5.810547137110016820e+02,4.426291499999999814e+02
5.817884650000000875e+02,4.426291499999999814e+02
5.825222162889983792e+02,4.426291499999999814e+02
4.307978200000000015e+02,4.591146200000000022e+02
5.839897188669950765e+02,4.426291499999999814e+02
5.847282974671053353e+02,4.426291499999999814e+02
5.854572214449917738e+02,4.426291499999999814e+02
4.370140000000000100e+02,4.711000999999999976e+02
5.869247240229884710e+02,4.426291499999999814e+02
5.876681299342105831e+02,4.426291499999999814e+02
5.883922266009851683e+02,4.426291499999999814e+02
4.433508600000000115e+02,4.803575399999999718e+02
5.898597291789819792e+02,4.454241999999999848e+02
5.906079624013158309e+02,4.454241999999999848e+02
5.913272317569786765e+02,4.454241999999999848e+02
4.550221599999999853e+02,4.895162399999999820e+02
5.927947343349753737e+02,4.454241999999999848e+02
5.935477948684210787e+02,4.454241999999999848e+02
5.942622369129720710e+02,4.454241999999999848e+02
4.672528699999999731e+02,4.968025999999999840e+02
5.957297394909687682e+02,4.454241999999999848e+02
5.964876273355263265e+02,4.454241999999999848e+02
5.971972420689654655e+02,4.454241999999999848e+02
4.835394999999999754e+02,4.995727499999999850e+02
5.986647446469622764e+02,4.454241999999999848e+02
5.994274598026315743e+02,5.360714000000000397e+02
6.001322472249589737e+02,5.360714000000000397e+02
4.977608599999999797e+02,4.992873500000000035e+02
6.015997498029556709e+02,5.213157999999999674e+02
6.023672922697368222e+02,5.487693000000000438e+02
6.030672523809523682e+02,5.487693000000000438e+02
5.118377699999999777e+02,4.942149699999999939e+02
6.045347549589490654e+02,5.067204600000000028e+02
6.053071247368421837e+02,5.067204600000000028e+02
6.060022575369457627e+02,5.582904999999999518e+02
5.230032999999999674e+02,4.873127400000000193e+02
6.074697601149425736e+02,4.471229200000000219e+02
6.082469572039474315e+02,4.471229200000000219e+02
6.089372626929392709e+02,4.471229200000000219e+02
5.330999000000000478e+02,4.789611800000000130e+02
6.104047652709359681e+02,5.620241999999999507e+02
6.111867896710526793e+02,5.620241999999999507e+02
6.118722678489326654e+02,5.620241999999999507e+02
5.401050400000000309e+02,4.716087600000000180e+02
6.133397704269293627e+02,4.895731200000000172e+02
6.141266221381579271e+02,4.490368700000000217e+02
6.148072730049260599e+02,4.490368700000000217e+02
5.450075000000000500e+02,4.649539800000000014e+02
6.162747755829228709e+02,5.680669000000000324e+02
6.170664546052631749e+02,5.680669000000000324e+02
6.177422781609195681e+02,5.680669000000000324e+02
5.496108400000000529e+02,4.560683599999999842e+02
6.192097807389162654e+02,4.508793999999999755e+02
6.200062870723684227e+02,4.747762500000000045e+02
6.206772833169129626e+02,4.747762500000000045e+02
5.533395000000000437e+02,4.412646500000000174e+02
6.221447858949096599e+02,5.717001999999999953e+02
6.229461195394736706e+02,4.624389600000000087e+02
6.236122884729063571e+02,4.624389600000000087e+02
5.548517500000000382e+02,4.274567999999999870e+02
6.250797910509031681e+02,5.720724999999999909e+02
6.258859520065790321e+02,5.720724999999999909e+02
6.265472936288998653e+02,5.720724999999999909e+02
5.552970599999999877e+02,4.145488300000000095e+02
6.280147962068965626e+02,5.720724999999999909e+02
6.288257844736842799e+02,5.720724999999999909e+02
6.294822987848932598e+02,5.720724999999999909e+02
5.541435999999999922e+02,4.066055999999999813e+02
6.309498013628899571e+02,5.705453999999999724e+02
6.317656169407895277e+02,5.705453999999999724e+02
6.324173039408866543e+02,5.705453999999999724e+02
5.524139000000000124e+02,4.004558000000000106e+02
6.338848065188834653e+02,5.705453999999999724e+02
6.347054494078947755e+02,5.705453999999999724e+02
6.353523090968801625e+02,5.705453999999999724e+02
5.508783600000000433e+02,3.984410399999999868e+02
6.368198116748768598e+02,5.663826999999999998e+02
6.376452818750000233e+02,5.663826999999999998e+02
6.382873142528735571e+02,5.663826999999999998e+02
5.485397299999999632e+02,3.970373500000000035e+02
6.397548168308702543e+02,5.663826999999999998e+02
6.405851143421052711e+02,5.663826999999999998e+02
6.412223194088669516e+02,5.663826999999999998e+02
5.455353000000000065e+02,3.970373500000000035e+02
6.426898219868637625e+02,5.575670000000000073e+02
6.435249468092105189e+02,5.575670000000000073e+02
6.441573245648604598e+02,5.575670000000000073e+02
5.412798000000000229e+02,3.990074500000000057e+02
6.456248271428571570e+02,5.575670000000000073e+02
6.464647792763158805e+02,5.575670000000000073e+02
6.470923297208538543e+02,5.575670000000000073e+02
5.356276000000000295e+02,4.041551499999999919e+02
6.485598322988505515e+02,5.393767000000000280e+02
6.494046117434211283e+02,5.393767000000000280e+02
6.500273348768473625e+02,5.393767000000000280e+02
5.300044599999999946e+02,4.117879599999999982e+02
6.514948374548440597e+02,5.393767000000000280e+02
6.523444442105263761e+02,5.393767000000000280e+02
6.529623400328407570e+02,5.393767000000000280e+02
5.273609000000000151e+02,4.198467999999999734e+02
6.544298426108374542e+02,5.393767000000000280e+02
6.552842766776316239e+02,5.393767000000000280e+02
6.558973451888341515e+02,5.393767000000000280e+02
5.273061999999999898e+02,4.245472399999999880e+02
6.573648477668308487e+02,5.396174300000000130e+02
6.582241091447368717e+02,5.396174300000000130e+02
6.588323503448276597e+02,5.396174300000000130e+02
5.288740000000000236e+02,4.273071299999999724e+02
6.602998529228243569e+02,5.217947000000000344e+02
6.611639416118421195e+02,5.217947000000000344e+02
6.617673555008210542e+02,5.217947000000000344e+02
5.381263400000000274e+02,4.329765600000000063e+02
6.632348580788177514e+02,5.509237000000000535e+02
6.641037740789474810e+02,5.509237000000000535e+02
6.647023606568144487e+02,5.509237000000000535e+02
5.599717399999999543e+02,4.395103799999999978e+02
6.661698632348111460e+02,5.013762199999999893e+02
6.670436065460527288e+02,5.013762199999999893e+02
6.676373658128079569e+02,5.582136000000000422e+02
5.804201699999999846e+02,4.426291499999999814e+02
6.691048683908046542e+02,5.065986300000000142e+02
6.699834390131579767e+02,5.065986300000000142e+02
6.705723709688013514e+02,5.065986300000000142e+02
5.979542999999999893e+02,4.454241999999999848e+02
6.720398735467980487e+02,5.065986300000000142e+02
6.729232714802632245e+02,5.065986300000000142e+02
6.735073761247947459e+02,5.065986300000000142e+02
6.067634000000000469e+02,4.471229200000000219e+02
6.749748787027914432e+02,5.657101000000000113e+02
6.758631039473684723e+02,5.657101000000000113e+02
6.764423812807882541e+02,5.657101000000000113e+02
6.148523999999999887e+02,4.490368700000000217e+02
6.779098838587849514e+02,4.804909700000000043e+02
6.788029364144737201e+02,4.895298999999999978e+02
6.793773864367816486e+02,4.895298999999999978e+02
6.191743999999999915e+02,4.508793999999999755e+02
6.808448890147783459e+02,4.895298999999999978e+02
6.817427688815789679e+02,4.895298999999999978e+02
6.823123915927750431e+02,4.895298999999999978e+02
6.218208600000000388e+02,4.539823000000000093e+02
6.837798941707717404e+02,5.693003999999999678e+02
6.846826013486843294e+02,5.693003999999999678e+02
6.852473967487685513e+02,5.693003999999999678e+02
6.227751500000000533e+02,4.624389600000000087e+02
6.867148993267652486e+02,5.693003999999999678e+02
6.876224338157895772e+02,4.667237499999999955e+02
6.881824019047619458e+02,4.667237499999999955e+02
6.197466399999999567e+02,4.747762500000000045e+02
6.896499044827586431e+02,4.667237499999999955e+02
6.905622662828948251e+02,4.667237499999999955e+02
6.911174070607553404e+02,4.667237499999999955e+02
6.129985400000000482e+02,4.895731200000000172e+02
6.925849096387520376e+02,4.667237499999999955e+02
6.935020987500000729e+02,4.667237499999999955e+02
6.940524122167488486e+02,4.667237499999999955e+02
6.051070600000000468e+02,5.067204600000000028e+02
6.955199147947455458e+02,4.539489699999999743e+02
6.964419312171053207e+02,4.539489699999999743e+02
6.969874173727422431e+02,4.539489699999999743e+02
6.016181599999999889e+02,5.213157999999999674e+02
6.984549199507389403e+02,4.539489699999999743e+02
6.993817636842105685e+02,4.539489699999999743e+02
6.999224225287356376e+02,4.475781200000000126e+02
6.007822999999999638e+02,5.360714000000000397e+02
7.013899251067323348e+02,4.585027999999999793e+02
7.023215961513158163e+02,5.676902999999999793e+02
7.028574276847290321e+02,5.676902999999999793e+02
6.025771499999999605e+02,5.487693000000000438e+02
7.043249302627258430e+02,4.441279299999999921e+02
7.052614286184211778e+02,4.441279299999999921e+02
7.057924328407225403e+02,4.441279299999999921e+02
6.066099000000000387e+02,5.582904999999999518e+02
7.072599354187192375e+02,4.441279299999999921e+02
7.082012610855264256e+02,4.651696800000000280e+02
7.087274379967159348e+02,4.651696800000000280e+02
6.098360999999999876e+02,5.620241999999999507e+02
7.101949405747126320e+02,4.453316699999999742e+02
7.111410935526316734e+02,4.453316699999999742e+02
7.116624431527093293e+02,4.453316699999999742e+02
6.160177599999999529e+02,5.680669000000000324e+02
7.131299457307061402e+02,4.453316699999999742e+02
7.140809260197369213e+02,4.453316699999999742e+02
7.145974483087028375e+02,4.453316699999999742e+02
6.222278999999999769e+02,5.717001999999999953e+02
7.160649508866995347e+02,5.602568400000000111e+02
7.170207584868421691e+02,5.602568400000000111e+02
7.175324534646962320e+02,4.518580299999999852e+02
6.274294999999999618e+02,5.720724999999999909e+02
7.189999560426929293e+02,4.488653600000000097e+02
7.199605909539474169e+02,4.488653600000000097e+02
7.204674586206896265e+02,4.488653600000000097e+02
6.325687000000000353e+02,5.705453999999999724e+02
7.219349611986864375e+02,4.490625000000000000e+02
7.229004234210526647e+02,4.733319000000000187e+02
7.234024637766831347e+02,4.733319000000000187e+02
6.377732999999999493e+02,5.663826999999999998e+02
7.248699663546798320e+02,5.472126500000000533e+02
7.258402558881579125e+02,5.472126500000000533e+02
7.263374689326765292e+02,5.472126500000000533e+02
6.439311000000000149e+02,5.575670000000000073e+02
7.278049715106732265e+02,5.472126500000000533e+02
7.287800883552632740e+02,4.572703999999999951e+02
7.292724740886699237e+02,4.572703999999999951e+02
6.536735999999999649e+02,5.393767000000000280e+02
7.307399766666667347e+02,4.447577999999999747e+02
7.317199208223685218e+02,4.447577999999999747e+02
7.322074792446634319e+02,4.447577999999999747e+02
6.700420000000000300e+02,5.065986300000000142e+02
7.336749818226601292e+02,4.432711199999999963e+02
7.346597532894737697e+02,4.432711199999999963e+02
7.351424844006568264e+02,4.432711199999999963e+02
6.781323999999999614e+02,4.895298999999999978e+02
7.366099869786535237e+02,5.254372600000000375e+02
7.375995857565790175e+02,5.254372600000000375e+02
7.380774895566502209e+02,4.821026600000000144e+02
6.868439300000000003e+02,4.763851300000000037e+02
7.395449921346470319e+02,4.406015600000000063e+02
7.405394182236842653e+02,5.021243999999999801e+02
7.410124947126437291e+02,5.021243999999999801e+02
7.011625000000000227e+02,4.624198000000000093e+02
7.424799972906404264e+02,4.396247599999999807e+02
7.434792506907895131e+02,4.396247599999999807e+02
7.439474998686371237e+02,4.396247599999999807e+02
7.176939999999999600e+02,4.518580299999999852e+02
7.454150024466338209e+02,4.382674600000000282e+02
7.464190831578947609e+02,4.382674600000000282e+02
7.468825050246305182e+02,4.382674600000000282e+02
7.301072400000000471e+02,4.447577999999999747e+02
7.483500076026273291e+02,4.379084500000000162e+02
7.493589156250001224e+02,4.379084500000000162e+02
7.498175101806240264e+02,4.379084500000000162e+02
7.394328000000000429e+02,4.406015600000000063e+02
7.512850127586207236e+02,4.379084500000000162e+02
7.522987480921053702e+02,4.379084500000000162e+02
7.527525153366174209e+02,4.379084500000000162e+02
7.454271999999999707e+02,4.382674600000000282e+02
7.542200179146141181e+02,4.379084500000000162e+02
7.552385805592106180e+02,4.379084500000000162e+02
7.556875204926108154e+02,4.379084500000000162e+02
7.479207000000000107e+02,4.379084500000000162e+02
7.571550230706076263e+02,4.737542700000000195e+02
7.581784130263158659e+02,4.737542700000000195e+02
7.586225256486043236e+02,4.737542700000000195e+02
7.487341300000000501e+02,4.379084500000000162e+02
7.600900282266010208e+02,4.737542700000000195e+02
7.611182454934211137e+02,4.737542700000000195e+02
7.615575308045977181e+02,4.737542700000000195e+02
7.483215300000000525e+02,4.379084500000000162e+02
7.630250333825944153e+02,4.737542700000000195e+02
7.640580779605263615e+02,4.737542700000000195e+02
7.644925359605911126e+02,4.737542700000000195e+02
7.449061000000000377e+02,4.396247599999999807e+02
7.659600385385879235e+02,4.737542700000000195e+02
7.669979104276316093e+02,4.737542700000000195e+02
7.674275411165846208e+02,4.737542700000000195e+02
7.336322599999999738e+02,4.432711199999999963e+02
7.688950436945813181e+02,4.737542700000000195e+02
7.699377428947369708e+02,4.737542700000000195e+02
7.703625462725780153e+02,4.737542700000000195e+02
7.189696000000000140e+02,4.488653600000000097e+02
7.718300488505747126e+02,4.737542700000000195e+02
7.728775753618422186e+02,4.737542700000000195e+02
7.732975514285714098e+02,4.737542700000000195e+02
7.011676999999999680e+02,4.573937999999999988e+02
7.747650540065682208e+02,4.737542700000000195e+02
7.758174078289474664e+02,4.737542700000000195e+02
7.762325565845649180e+02,4.737542700000000195e+02
6.880362000000000080e+02,4.667237499999999955e+02
7.777000591625616153e+02,4.650577400000000239e+02
7.787572402960527143e+02,4.650577400000000239e+02
7.791675617405583125e+02,4.650577400000000239e+02
6.779283400000000483e+02,4.804909700000000043e+02
7.806350643185550098e+02,4.650577400000000239e+02
7.816970727631579621e+02,4.650577400000000239e+02
7.821025668965517070e+02,4.650577400000000239e+02
6.665987999999999829e+02,5.013762199999999893e+02
7.835700694745485180e+02,4.650577400000000239e+02
7.846369052302632099e+02,4.650577400000000239e+02
7.850375720525452152e+02,4.650577400000000239e+02
6.600275000000000318e+02,5.217947000000000344e+02
7.865050746305419125e+02,4.650577400000000239e+02
7.875767376973684577e+02,4.650577400000000239e+02
7.879725772085386097e+02,4.650577400000000239e+02
6.598221399999999903e+02,5.396174300000000130e+02
7.894400797865353070e+02,4.650577400000000239e+02
7.905165701644737055e+02,4.650577400000000239e+02
7.909075823645320042e+02,4.650577400000000239e+02
6.628278000000000247e+02,5.509237000000000535e+02
7.923750849425288152e+02,4.650577400000000239e+02
7.934564026315790670e+02,4.650577400000000239e+02
7.938425875205255124e+02,4.650577400000000239e+02
6.675620000000000118e+02,5.582136000000000422e+02
7.953100900985222097e+02,4.650577400000000239e+02
7.963962350986843148e+02,4.650577400000000239e+02
7.967775926765189070e+02,4.650577400000000239e+02
6.761617400000000089e+02,5.657101000000000113e+02
7.982450952545156042e+02,4.483447300000000268e+02
7.993360675657895627e+02,4.483447300000000268e+02
7.997125978325123015e+02,4.483447300000000268e+02
6.866549700000000485e+02,5.693003999999999678e+02
8.011801004105089987e+02,4.483447300000000268e+02
8.022759000328948105e+02,4.483447300000000268e+02
8.026476029885058097e+02,4.483447300000000268e+02
7.024939600000000155e+02,5.676902999999999793e+02
8.041151055665025069e+02,4.483447300000000268e+02
8.052157325000000583e+02,4.483447300000000268e+02
8.055826081444992042e+02,4.483447300000000268e+02
7.166621000000000095e+02,5.602568400000000111e+02
8.070501107224959014e+02,4.483447300000000268e+02
8.081555649671053061e+02,4.483447300000000268e+02
8.085176133004925987e+02,4.483447300000000268e+02
7.273706700000000183e+02,5.472126500000000533e+02
8.099851158784892959e+02,4.483447300000000268e+02
8.110953974342105539e+02,4.483447300000000268e+02
8.114526184564861069e+02,4.483447300000000268e+02
7.371328999999999496e+02,5.254372600000000375e+02
8.129201210344828041e+02,4.483447300000000268e+02
8.140352299013159154e+02,4.483447300000000268e+02
8.143876236124795014e+02,4.483447300000000268e+02
7.402140500000000429e+02,5.021243999999999801e+02
8.158551261904761986e+02,4.483447300000000268e+02
8.169750623684211632e+02,4.483447300000000268e+02
8.173226287684728959e+02,4.483447300000000268e+02
7.382485400000000482e+02,4.821026600000000144e+02
8.187901313464695932e+02,4.243793999999999755e+02
8.199148948355264110e+02,4.243793999999999755e+02
8.202576339244664041e+02,4.243793999999999755e+02
7.334338999999999942e+02,4.654117400000000089e+02
8.217251365024631014e+02,4.243793999999999755e+02
8.228547273026316589e+02,4.243793999999999755e+02
8.231926390804597986e+02,4.243793999999999755e+02
7.289154999999999518e+02,4.572703999999999951e+02
8.246601416584564959e+02,4.243793999999999755e+02
8.257945597697369067e+02,4.243793999999999755e+02
8.261276442364531931e+02,4.243793999999999755e+02
7.212967999999999620e+02,4.490625000000000000e+02
8.275951468144498904e+02,4.992151999999999816e+02
8.287343922368421545e+02,5.000671399999999949e+02
8.290626493924467013e+02,5.000671399999999949e+02
7.139870600000000422e+02,4.453316699999999742e+02
8.305301519704433986e+02,5.019515400000000227e+02
8.316742247039474023e+02,5.019515400000000227e+02
8.319976545484400958e+02,5.019515400000000227e+02
7.070417999999999665e+02,4.441279299999999921e+02
8.334651571264367931e+02,5.015570000000000164e+02
8.346140571710527638e+02,5.015570000000000164e+02
8.349326597044334903e+02,5.015570000000000164e+02
7.020711000000000013e+02,4.448735399999999913e+02
8.364001622824301876e+02,5.055683599999999842e+02
8.375538896381580116e+02,5.055683599999999842e+02
8.378676648604269985e+02,5.055683599999999842e+02
6.998084999999999809e+02,4.475781200000000126e+02
8.393351674384236958e+02,5.055683599999999842e+02
8.404937221052632594e+02,5.055683599999999842e+02
8.408026700164203930e+02,5.055683599999999842e+02
6.992502399999999625e+02,4.539489699999999743e+02
8.422701725944170903e+02,4.233480200000000195e+02
8.434335545723685073e+02,4.233480200000000195e+02
8.437376751724137875e+02,4.233480200000000195e+02
7.013388999999999669e+02,4.585027999999999793e+02
8.452051777504104848e+02,4.233480200000000195e+02
8.463733870394737551e+02,5.591814000000000533e+02
8.466726803284072957e+02,4.721693000000000211e+02
7.079295700000000124e+02,4.651696800000000280e+02
8.481401829064039930e+02,3.903515600000000063e+02
8.493132195065790029e+02,5.363603500000000395e+02
8.496076854844006903e+02,5.363603500000000395e+02
7.236968000000000529e+02,4.733319000000000187e+02
8.510751880623973875e+02,5.061008299999999736e+02
8.522530519736842507e+02,5.061008299999999736e+02
8.525426906403940848e+02,5.061008299999999736e+02
7.450845299999999725e+02,4.778910999999999945e+02
8.540101932183907820e+02,5.061008299999999736e+02
8.551928844407894985e+02,2.984288300000000049e+02
8.554776957963875930e+02,2.984288300000000049e+02
7.675747000000000071e+02,4.737542700000000195e+02
8.569451983743842902e+02,4.928786600000000249e+02
8.581327169078948600e+02,4.928786600000000249e+02
8.584127009523809875e+02,4.928786600000000249e+02
7.879030999999999949e+02,4.650577400000000239e+02
8.598802035303776847e+02,3.566315999999999917e+02
8.610725493750001078e+02,3.566315999999999917e+02
8.613477061083743820e+02,3.566315999999999917e+02
8.078318500000000313e+02,4.483447300000000268e+02
8.628152086863710792e+02,2.689600800000000049e+02
8.640123818421053556e+02,2.689600800000000049e+02
8.642827112643678902e+02,2.689600800000000049e+02
8.270877000000000407e+02,4.243793999999999755e+02
8.657502138423645874e+02,2.565588399999999751e+02
8.669522143092106035e+02,2.565588399999999751e+02
8.672177164203612847e+02,2.565588399999999751e+02
8.472558000000000220e+02,3.903515600000000063e+02
8.686852189983579819e+02,5.231628399999999601e+02
8.698920467763158513e+02,2.563231200000000172e+02
8.701527215763546792e+02,2.563231200000000172e+02
8.627084399999999960e+02,3.566315999999999917e+02
8.716202241543513765e+02,2.581755400000000122e+02
8.728318792434210991e+02,5.012400000000000091e+02
8.730877267323481874e+02,5.012400000000000091e+02
8.708843000000000529e+02,3.275000000000000000e+02
8.745552293103448847e+02,3.040589600000000132e+02
8.757717117105263469e+02,2.709301800000000071e+02
8.760227318883415819e+02,2.709301800000000071e+02
8.751385000000000218e+02,3.040589600000000132e+02
8.774902344663382792e+02,2.837718499999999722e+02
8.787115441776317084e+02,4.358704799999999864e+02
8.789577370443349764e+02,4.358704799999999864e+02
8.767190600000000131e+02,2.837718499999999722e+02
8.804252396223316737e+02,4.358704799999999864e+02
8.816513766447369562e+02,4.358704799999999864e+02
8.818927422003284846e+02,4.358704799999999864e+02
8.756263000000000147e+02,2.709301800000000071e+02
8.833602447783251819e+02,4.902729499999999803e+02
8.845912091118422040e+02,4.902729499999999803e+02
8.848277473563218791e+02,4.902729499999999803e+02
8.734964599999999564e+02,2.623480200000000195e+02
8.862952499343185764e+02,4.902729499999999803e+02
8.875310415789474519e+02,4.902729499999999803e+02
8.877627525123152736e+02,4.902729499999999803e+02
8.714068600000000515e+02,2.581755400000000122e+02
8.892302550903119709e+02,4.902729499999999803e+02
8.904708740460526997e+02,4.175017000000000280e+02
8.906977576683086681e+02,4.175017000000000280e+02
8.698224999999999909e+02,2.563231200000000172e+02
8.921652602463054791e+02,5.370481999999999516e+02
8.934107065131579475e+02,5.370481999999999516e+02
8.936327628243021763e+02,5.370481999999999516e+02
8.680254499999999780e+02,2.565588399999999751e+02
8.951002654022988736e+02,5.370481999999999516e+02
8.963505389802631953e+02,5.370481999999999516e+02
8.965677679802955709e+02,5.370481999999999516e+02
8.628354500000000371e+02,2.689600800000000049e+02
8.980352705582922681e+02,4.042713600000000156e+02
8.992903714473685568e+02,4.042713600000000156e+02
8.995027731362889654e+02,4.042713600000000156e+02
8.552516500000000406e+02,2.984288300000000049e+02
9.009702757142857763e+02,4.042713600000000156e+02
9.022302039144738046e+02,4.042713600000000156e+02
9.024377782922824736e+02,4.042713600000000156e+02
8.498527000000000271e+02,3.376487999999999943e+02
9.039052808702791708e+02,4.742581799999999816e+02
9.051700363815790524e+02,4.742581799999999816e+02
9.053727834482758681e+02,4.742581799999999816e+02
8.460862399999999752e+02,3.791419700000000148e+02
9.068402860262725653e+02,4.742581799999999816e+02
9.081098688486843002e+02,4.742581799999999816e+02
9.083077886042692626e+02,4.742581799999999816e+02
8.457025999999999613e+02,4.233480200000000195e+02
9.097752911822660735e+02,3.978111599999999726e+02
9.110497013157895481e+02,3.978111599999999726e+02
9.112427937602627708e+02,3.978111599999999726e+02
8.467021999999999480e+02,4.721693000000000211e+02
9.127102963382594680e+02,3.978111599999999726e+02
9.139895337828947959e+02,3.978111599999999726e+02
9.141777989162561653e+02,3.978111599999999726e+02
8.472110000000000127e+02,5.102090999999999781e+02
9.156453014942528625e+02,5.485548000000000002e+02
9.169293662500000437e+02,4.564089399999999728e+02
9.171128040722495598e+02,4.564089399999999728e+02
8.472020999999999731e+02,5.385702999999999747e+02
9.185803066502463707e+02,3.970373500000000035e+02
9.198691987171054052e+02,3.970373500000000035e+02
9.200478092282430680e+02,3.970373500000000035e+02
8.467021999999999480e+02,5.523242000000000189e+02
9.215153118062397652e+02,3.991621000000000095e+02
9.228090311842106530e+02,3.991621000000000095e+02
9.229828143842364625e+02,3.991621000000000095e+02
8.462024000000000115e+02,5.591814000000000533e+02
9.244503169622331598e+02,3.991621000000000095e+02
9.257488636513159008e+02,3.991621000000000095e+02
9.259178195402298570e+02,3.991621000000000095e+02
8.462024000000000115e+02,5.614103999999999814e+02
9.273853221182266680e+02,4.336032700000000091e+02
9.286886961184211486e+02,4.041389199999999846e+02
9.288528246962233652e+02,4.041389199999999846e+02
8.462024000000000115e+02,5.610522499999999582e+02
9.303203272742200625e+02,4.173884300000000280e+02
9.316285285855263965e+02,4.173884300000000280e+02
9.317878298522167597e+02,4.173884300000000280e+02
8.469352000000000089e+02,5.562604999999999791e+02
9.332553324302134570e+02,5.573349600000000237e+02
9.345683610526316443e+02,5.573349600000000237e+02
9.347228350082101542e+02,5.573349600000000237e+02
8.495669000000000324e+02,5.363603500000000395e+02
9.361903375862069652e+02,5.573349600000000237e+02
9.375081935197368921e+02,5.573349600000000237e+02
9.376578401642036624e+02,5.573349600000000237e+02
8.582795399999999972e+02,4.928786600000000249e+02
9.391253427422003597e+02,5.573349600000000237e+02
9.404480259868421399e+02,5.573349600000000237e+02
9.405928453201970569e+02,5.573349600000000237e+02
8.693083000000000311e+02,4.579128400000000170e+02
9.420603478981937542e+02,5.573349600000000237e+02
9.433878584539475014e+02,5.573349600000000237e+02
9.435278504761904514e+02,5.573349600000000237e+02
8.783387999999999920e+02,4.358704799999999864e+02
9.449953530541872624e+02,5.573349600000000237e+02
9.463276909210527492e+02,5.573349600000000237e+02
9.464628556321839596e+02,5.573349600000000237e+02
8.905168499999999767e+02,4.175017000000000280e+02
9.479303582101806569e+02,5.573349600000000237e+02
9.492675233881579970e+02,5.573349600000000237e+02
9.493978607881773542e+02,5.573349600000000237e+02
9.025539999999999736e+02,4.042713600000000156e+02
9.508653633661740514e+02,5.648077399999999670e+02
9.522073558552632448e+02,5.648077399999999670e+02
9.523328659441707487e+02,5.648077399999999670e+02
9.123959399999999960e+02,3.978111599999999726e+02
9.538003685221675596e+02,5.648077399999999670e+02
9.551471883223684927e+02,5.648077399999999670e+02
9.552678711001642569e+02,5.648077399999999670e+02
9.200434000000000196e+02,3.970373500000000035e+02
9.567353736781609541e+02,5.648077399999999670e+02
9.580870207894737405e+02,5.648077399999999670e+02
9.582028762561576514e+02,5.648077399999999670e+02
9.249702999999999520e+02,3.991621000000000095e+02
9.596703788341543486e+02,5.648077399999999670e+02
9.610268532565789883e+02,5.648077399999999670e+02
9.611378814121510459e+02,5.648077399999999670e+02
9.278875000000000455e+02,4.041389199999999846e+02
9.626053839901478568e+02,5.648077399999999670e+02
9.639666857236843498e+02,5.648077399999999670e+02
9.640728865681445541e+02,5.648077399999999670e+02
9.301750500000000557e+02,4.173884300000000280e+02
9.655403891461412513e+02,5.648077399999999670e+02
9.669065181907895976e+02,5.648077399999999670e+02
9.670078917241379486e+02,5.648077399999999670e+02
9.272219000000000051e+02,4.336032700000000091e+02
9.684753943021346458e+02,5.648077399999999670e+02
9.698463506578948454e+02,5.648077399999999670e+02
9.699428968801313431e+02,5.648077399999999670e+02
9.167684000000000424e+02,4.564089399999999728e+02
9.714103994581281540e+02,5.648077399999999670e+02
9.727861831250000932e+02,5.648077399999999670e+02
9.728779020361248513e+02,5.648077399999999670e+02
9.043844599999999900e+02,4.742581799999999816e+02
9.743454046141215485e+02,5.648077399999999670e+02
9.757260155921053411e+02,5.648077399999999670e+02
9.758129071921182458e+02,5.648077399999999670e+02
8.892527499999999918e+02,4.902729499999999803e+02
9.772804097701149431e+02,5.715143000000000484e+02
9.786658480592105889e+02,5.715143000000000484e+02
9.787479123481116403e+02,5.715143000000000484e+02
8.724474999999999909e+02,5.012400000000000091e+02
9.802154149261083376e+02,5.715143000000000484e+02
9.816056805263158367e+02,5.715143000000000484e+02
9.816829175041051485e+02,5.715143000000000484e+02
8.534532500000000255e+02,5.061008299999999736e+02
9.831504200821018458e+02,5.715143000000000484e+02
9.845455129934211982e+02,5.715143000000000484e+02
9.846179226600985430e+02,5.715143000000000484e+02
8.391072400000000471e+02,5.055683599999999842e+02
9.860854252380952403e+02,5.715143000000000484e+02
9.874853454605264460e+02,5.715143000000000484e+02
9.875529278160919375e+02,5.715143000000000484e+02
8.313069000000000415e+02,5.019515400000000227e+02
9.890204303940886348e+02,5.715143000000000484e+02
9.904251779276316938e+02,5.715143000000000484e+02
9.904879329720854457e+02,5.715143000000000484e+02
8.286669299999999794e+02,5.000671399999999949e+02
9.919554355500821430e+02,5.715143000000000484e+02
9.933650103947369416e+02,5.715143000000000484e+02
9.934229381280788402e+02,5.715143000000000484e+02
8.276485599999999749e+02,4.992151999999999816e+02
9.948904407060755375e+02,5.715143000000000484e+02
9.963048428618421894e+02,5.715143000000000484e+02
9.963579432840722347e+02,5.715143000000000484e+02
8.283099999999999454e+02,4.992151999999999816e+02
9.978254458620689320e+02,5.715143000000000484e+02
9.992446753289474373e+02,5.715143000000000484e+02
9.992929484400657429e+02,5.715143000000000484e+02
8.331603400000000192e+02,5.015570000000000164e+02
1.000760451018062440e+03,5.715143000000000484e+02
1.002184507796052685e+03,5.715143000000000484e+02
1.002227953596059137e+03,5.715143000000000484e+02
8.467279999999999518e+02,5.100205000000000268e+02
1.003695456174055835e+03,5.715143000000000484e+02
1.005124340263157933e+03,5.715143000000000484e+02
1.005162958752052532e+03,5.715143000000000484e+02
8.684134999999999991e+02,5.231628399999999601e+02
1.006630461330049229e+03,5.715143000000000484e+02
1.008064172730263294e+03,5.715143000000000484e+02
1.008097963908046040e+03,5.715143000000000484e+02
8.920584999999999809e+02,5.370481999999999516e+02
1.009565466486042737e+03,5.745774000000000115e+02
1.011004005197368542e+03,5.745774000000000115e+02
1.011032969064039435e+03,5.745774000000000115e+02
9.164474500000000035e+02,5.485548000000000002e+02
1.012500471642036132e+03,5.745774000000000115e+02
1.013943837664473790e+03,5.745774000000000115e+02
1.013967974220032829e+03,5.745774000000000115e+02
9.388083500000000186e+02,5.573349600000000237e+02
1.015435476798029526e+03,5.745774000000000115e+02
1.016883670131579038e+03,5.745774000000000115e+02
1.016902979376026337e+03,5.745774000000000115e+02
9.617826999999999771e+02,5.648077399999999670e+02
1.018370481954023035e+03,5.745774000000000115e+02
1.019823502598684286e+03,5.745774000000000115e+02
1.019837984532019732e+03,5.745774000000000115e+02
9.907232699999999568e+02,5.715143000000000484e+02
1.021305487110016429e+03,5.745774000000000115e+02
1.022763335065789533e+03,5.745774000000000115e+02
1.022772989688013126e+03,5.745774000000000115e+02
1.026837299999999914e+03,5.745774000000000115e+02
1.024240492266009824e+03,5.745774000000000115e+02
1.025703167532894668e+03,5.745774000000000115e+02
1.025707994844006635e+03,5.745774000000000115e+02
1.028643000000000029e+03,5.747378999999999678e+02
1.027175497422003218e+03,5.745774000000000115e+02
1.028643000000000029e+03,5.747378999999999678e+02
1.028643000000000029e+03,5.747378999999999678e+02
1.028643000000000029e+03,5.747378999999999678e+02
