4.582973600000000260e+02,4.458222700000000032e+02
4.582973600000000260e+02,4.458222700000000032e+02
4.586968911733174536e+02,4.458222700000000032e+02
4.582973600000000260e+02,4.458222700000000032e+02
4.590964223466349381e+02,4.458222700000000032e+02
4.590968985458879956e+02,4.458222700000000032e+02
4.594959535199523657e+02,4.458222700000000032e+02
4.582973600000000260e+02,4.458222700000000032e+02
4.598954846932698501e+02,4.659902299999999968e+02
4.598964370917759652e+02,4.659902299999999968e+02
4.602950158665872777e+02,4.659902299999999968e+02
4.598983452983293887e+02,4.659902299999999968e+02
4.606945470399047053e+02,4.659902299999999968e+02
4.606959756376639348e+02,4.659902299999999968e+02
4.610940782132221898e+02,4.659902299999999968e+02
4.582973600000000260e+02,4.458222700000000032e+02
4.614936093865396174e+02,4.659902299999999968e+02
4.614955141835518475e+02,4.659902299999999968e+02
4.618931405598571018e+02,4.659902299999999968e+02
4.614993305966587513e+02,4.659902299999999968e+02
4.622926717331745294e+02,4.659902299999999968e+02
4.622950527294398171e+02,4.659902299999999968e+02
4.626922029064920139e+02,4.659902299999999968e+02
4.615069908133971808e+02,4.659902299999999968e+02
4.630917340798094415e+02,4.110359000000000265e+02
4.630945912753277867e+02,4.110359000000000265e+02
4.634912652531268691e+02,4.110359000000000265e+02
4.631003158949881140e+02,4.110359000000000265e+02
4.638907964264443535e+02,4.110359000000000265e+02
4.638941298212157562e+02,4.110359000000000265e+02
4.642903275997617811e+02,4.110359000000000265e+02
5.627945999999999458e+02,2.202252200000000073e+02
4.646898587730792656e+02,4.110359000000000265e+02
4.646936683671037258e+02,4.110359000000000265e+02
4.650893899463966932e+02,4.110359000000000265e+02
4.647013011933174766e+02,4.110359000000000265e+02
4.654889211197141208e+02,4.785003699999999753e+02
4.654932069129916954e+02,4.785003699999999753e+02
4.658884522930316052e+02,4.785003699999999753e+02
4.647166216267942787e+02,4.110359000000000265e+02
4.662879834663490328e+02,4.785003699999999753e+02
4.662927454588796650e+02,4.785003699999999753e+02
4.666875146396665173e+02,4.785003699999999753e+02
4.663022864916467825e+02,4.785003699999999753e+02
4.670870458129839449e+02,4.785003699999999753e+02
4.670922840047676345e+02,4.785003699999999753e+02
4.674865769863013725e+02,4.785003699999999753e+02
4.647474834615384793e+02,4.110359000000000265e+02
4.678861081596188569e+02,4.785003699999999753e+02
4.678918225506555473e+02,4.785003699999999753e+02
4.682856393329362845e+02,4.785003699999999753e+02
4.679032717899761451e+02,4.785003699999999753e+02
4.686851705062537690e+02,4.785003699999999753e+02
4.686913610965435169e+02,4.785003699999999753e+02
4.690847016795711966e+02,4.785003699999999753e+02
4.679262524401914334e+02,4.785003699999999753e+02
4.694842328528886810e+02,4.785003699999999753e+02
4.694908996424314864e+02,4.785003699999999753e+02
4.698837640262061086e+02,4.785003699999999753e+02
4.695042570883055078e+02,4.785003699999999753e+02
4.702832951995235362e+02,4.785003699999999753e+02
4.702904381883194560e+02,4.785003699999999753e+02
4.706828263728410207e+02,4.785003699999999753e+02
5.627945999999999458e+02,2.202252200000000073e+02
4.710823575461584483e+02,4.785003699999999753e+02
4.710899767342074256e+02,4.785003699999999753e+02
4.714818887194759327e+02,4.785003699999999753e+02
4.711052423866348704e+02,4.785003699999999753e+02
4.718814198927933603e+02,4.785003699999999753e+02
4.718895152800953952e+02,4.785003699999999753e+02
4.722809510661107879e+02,4.785003699999999753e+02
4.711358832535885313e+02,4.785003699999999753e+02
4.726804822394282724e+02,4.785003699999999753e+02
4.726890538259833647e+02,4.785003699999999753e+02
4.730800134127457000e+02,4.785003699999999753e+02
4.727062276849642330e+02,4.785003699999999753e+02
4.734795445860631844e+02,4.785003699999999753e+02
4.734885923718712775e+02,4.785003699999999753e+02
4.738790757593806120e+02,4.785003699999999753e+02
4.711976069230769326e+02,4.785003699999999753e+02
4.742786069326980396e+02,4.874615499999999884e+02
4.742881309177592470e+02,4.874615499999999884e+02
4.746781381060155240e+02,4.874615499999999884e+02
4.743072129832935957e+02,4.874615499999999884e+02
4.750776692793329516e+02,4.874615499999999884e+02
4.750876694636472166e+02,4.874615499999999884e+02
4.754772004526504361e+02,4.874615499999999884e+02
4.743455140669856860e+02,4.874615499999999884e+02
4.758767316259678637e+02,4.874615499999999884e+02
4.758872080095351862e+02,4.874615499999999884e+02
4.762762627992852913e+02,4.874615499999999884e+02
4.759081982816229583e+02,4.874615499999999884e+02
4.766757939726027757e+02,4.874615499999999884e+02
4.766867465554231558e+02,4.874615499999999884e+02
4.770753251459202033e+02,4.874615499999999884e+02
5.627945999999999458e+02,2.202252200000000073e+02
4.774748563192376878e+02,4.874615499999999884e+02
4.774862851013111253e+02,4.874615499999999884e+02
4.778743874925551154e+02,4.874615499999999884e+02
4.775091835799523210e+02,4.874615499999999884e+02
4.782739186658725430e+02,3.627824699999999893e+02
4.782858236471990949e+02,3.627824699999999893e+02
4.786734498391900274e+02,3.627824699999999893e+02
4.775551448803827839e+02,4.874615499999999884e+02
4.790729810125074550e+02,3.627824699999999893e+02
4.790853621930870077e+02,3.627824699999999893e+02
4.794725121858249395e+02,3.627824699999999893e+02
4.791101688782816268e+02,3.627824699999999893e+02
4.798720433591423671e+02,3.627824699999999893e+02
4.798849007389749772e+02,3.627824699999999893e+02
4.802715745324598515e+02,3.627824699999999893e+02
4.776477303846154427e+02,4.874615499999999884e+02
4.806711057057772791e+02,3.627824699999999893e+02
4.806844392848629468e+02,3.627824699999999893e+02
4.810706368790947067e+02,3.627824699999999893e+02
4.807111541766109895e+02,3.627824699999999893e+02
4.814701680524121912e+02,3.627824699999999893e+02
4.814839778307509164e+02,3.627824699999999893e+02
4.818696992257296188e+02,3.627824699999999893e+02
4.807647756937799386e+02,3.627824699999999893e+02
4.822692303990471032e+02,3.627824699999999893e+02
4.822835163766388860e+02,3.627824699999999893e+02
4.826687615723645308e+02,3.627824699999999893e+02
4.823121394749403521e+02,3.627824699999999893e+02
4.830682927456819584e+02,3.627824699999999893e+02
4.830830549225268555e+02,3.627824699999999893e+02
4.834678239189994429e+02,3.627824699999999893e+02
5.311233499999999594e+02,2.546376999999999953e+02
4.838673550923168705e+02,4.352429200000000264e+02
4.838825934684148251e+02,4.352429200000000264e+02
4.842668862656343549e+02,4.352429200000000264e+02
4.839131247732697148e+02,4.352429200000000264e+02
4.846664174389517825e+02,4.352429200000000264e+02
4.846821320143027947e+02,4.352429200000000264e+02
4.850659486122692670e+02,4.352429200000000264e+02
4.839744065071770365e+02,4.352429200000000264e+02
4.854654797855866946e+02,4.330077999999999747e+02
4.854816705601907074e+02,4.330077999999999747e+02
4.858650109589041222e+02,4.330077999999999747e+02
4.855141100715990774e+02,4.330077999999999747e+02
4.862645421322216066e+02,4.330077999999999747e+02
4.862812091060786770e+02,4.330077999999999747e+02
4.866640733055390342e+02,4.330077999999999747e+02
4.840978538461538960e+02,4.352429200000000264e+02
4.870636044788565187e+02,4.330077999999999747e+02
4.870807476519666466e+02,4.330077999999999747e+02
4.874631356521739463e+02,4.330077999999999747e+02
4.871150953699284400e+02,4.330077999999999747e+02
4.878626668254913739e+02,4.330077999999999747e+02
4.878802861978546161e+02,4.330077999999999747e+02
4.882621979988088583e+02,4.330077999999999747e+02
4.871840373205741912e+02,4.330077999999999747e+02
4.886617291721262859e+02,4.330077999999999747e+02
4.886798247437425857e+02,4.330077999999999747e+02
4.890612603454437703e+02,4.330077999999999747e+02
4.887160806682578027e+02,4.330077999999999747e+02
4.894607915187611979e+02,4.330077999999999747e+02
4.894793632896305553e+02,4.330077999999999747e+02
4.898603226920786256e+02,4.330077999999999747e+02
5.021394700000000171e+02,3.036611300000000142e+02
4.902598538653961100e+02,4.330077999999999747e+02
4.902789018355185249e+02,4.330077999999999747e+02
4.906593850387135376e+02,4.330077999999999747e+02
4.903170659665871653e+02,4.330077999999999747e+02
4.910589162120310220e+02,4.330077999999999747e+02
4.910784403814064945e+02,4.330077999999999747e+02
4.914584473853484496e+02,4.330077999999999747e+02
4.903936681339713459e+02,4.330077999999999747e+02
4.918579785586658772e+02,4.330077999999999747e+02
4.918779789272944072e+02,4.330077999999999747e+02
4.922575097319833617e+02,4.330077999999999747e+02
4.919180512649164712e+02,4.330077999999999747e+02
4.926570409053007893e+02,4.330077999999999747e+02
4.926775174731823768e+02,4.330077999999999747e+02
4.930565720786182737e+02,4.330077999999999747e+02
4.905479773076923493e+02,4.330077999999999747e+02
4.934561032519357013e+02,4.330077999999999747e+02
4.934770560190703463e+02,4.330077999999999747e+02
4.938556344252531289e+02,4.330077999999999747e+02
4.935190365632458338e+02,4.330077999999999747e+02
4.942551655985706134e+02,4.330077999999999747e+02
4.942765945649583159e+02,4.330077999999999747e+02
4.946546967718880410e+02,4.330077999999999747e+02
4.936032989473684438e+02,4.330077999999999747e+02
4.950542279452055254e+02,4.330077999999999747e+02
4.950761331108462855e+02,4.330077999999999747e+02
4.954537591185229530e+02,4.330077999999999747e+02
4.951200218615751965e+02,4.330077999999999747e+02
4.958532902918403806e+02,4.330077999999999747e+02
4.958756716567342551e+02,4.330077999999999747e+02
4.962528214651578651e+02,4.330077999999999747e+02
4.782737399999999752e+02,3.627824699999999893e+02
4.966523526384752927e+02,3.036611300000000142e+02
4.966752102026222246e+02,3.036611300000000142e+02
4.970518838117927771e+02,3.036611300000000142e+02
4.967210071599045591e+02,3.036611300000000142e+02
4.974514149851102047e+02,3.036611300000000142e+02
4.974747487485101374e+02,3.036611300000000142e+02
4.978509461584276892e+02,3.036611300000000142e+02
4.968129297607655985e+02,3.036611300000000142e+02
4.982504773317451168e+02,3.036611300000000142e+02
4.982742872943981070e+02,3.036611300000000142e+02
4.986500085050625444e+02,3.036611300000000142e+02
4.983219924582339218e+02,3.036611300000000142e+02
4.990495396783800288e+02,3.036611300000000142e+02
4.990738258402860765e+02,3.036611300000000142e+02
4.994490708516974564e+02,3.036611300000000142e+02
4.969981007692308026e+02,3.036611300000000142e+02
4.998486020250149409e+02,3.036611300000000142e+02
4.998733643861740461e+02,3.036611300000000142e+02
5.002481331983323685e+02,3.036611300000000142e+02
4.999229777565632844e+02,3.036611300000000142e+02
5.006476643716498529e+02,3.036611300000000142e+02
5.006729029320620157e+02,3.036611300000000142e+02
5.010471955449672805e+02,3.036611300000000142e+02
5.000225605741626964e+02,3.036611300000000142e+02
5.014467267182847081e+02,3.036611300000000142e+02
5.014724414779499853e+02,3.036611300000000142e+02
5.018462578916021926e+02,3.036611300000000142e+02
5.015239630548926471e+02,3.036611300000000142e+02
5.022457890649196202e+02,3.036611300000000142e+02
5.022719800238379548e+02,3.036611300000000142e+02
5.026453202382371046e+02,3.036611300000000142e+02
4.642921799999999735e+02,4.110359000000000265e+02
5.030448514115545322e+02,3.036611300000000142e+02
5.030715185697258676e+02,3.036611300000000142e+02
5.034443825848719598e+02,3.036611300000000142e+02
5.031249483532220097e+02,3.036611300000000142e+02
5.038439137581894443e+02,3.036611300000000142e+02
5.038710571156138371e+02,3.036611300000000142e+02
5.042434449315068719e+02,3.036611300000000142e+02
5.032321913875598511e+02,3.036611300000000142e+02
5.046429761048243563e+02,3.036611300000000142e+02
5.046705956615018067e+02,3.036611300000000142e+02
5.050425072781417839e+02,3.036611300000000142e+02
5.047259336515513723e+02,3.036611300000000142e+02
5.054420384514592115e+02,3.036611300000000142e+02
5.054701342073897763e+02,3.036611300000000142e+02
5.058415696247766959e+02,3.036611300000000142e+02
5.034482242307692559e+02,3.036611300000000142e+02
5.062411007980941235e+02,4.913857399999999984e+02
5.062696727532777459e+02,4.913857399999999984e+02
5.066406319714116080e+02,4.913857399999999984e+02
5.063269189498806782e+02,4.913857399999999984e+02
5.070401631447290356e+02,4.913857399999999984e+02
5.070692112991657154e+02,4.913857399999999984e+02
5.074396943180464632e+02,4.913857399999999984e+02
5.064418222009569490e+02,4.913857399999999984e+02
5.078392254913639476e+02,4.913857399999999984e+02
5.078687498450536850e+02,4.913857399999999984e+02
5.082387566646813752e+02,4.913857399999999984e+02
5.079279042482100408e+02,4.913857399999999984e+02
5.086382878379988597e+02,4.913857399999999984e+02
5.086682883909415978e+02,4.913857399999999984e+02
5.090378190113162873e+02,4.913857399999999984e+02
4.582973600000000260e+02,4.458222700000000032e+02
5.094373501846337149e+02,4.913857399999999984e+02
5.094678269368295673e+02,4.913857399999999984e+02
5.098368813579511993e+02,4.913857399999999984e+02
5.095288895465394035e+02,4.913857399999999984e+02
5.102364125312686269e+02,4.913857399999999984e+02
5.102673654827175369e+02,4.913857399999999984e+02
5.106359437045861114e+02,4.913857399999999984e+02
5.096514530143541037e+02,4.913857399999999984e+02
5.110354748779035390e+02,4.913857399999999984e+02
5.110669040286055065e+02,4.913857399999999984e+02
5.114350060512209666e+02,4.913857399999999984e+02
5.111298748448687661e+02,4.913857399999999984e+02
5.118345372245384510e+02,4.913857399999999984e+02
5.118664425744934761e+02,4.913857399999999984e+02
5.122340683978559355e+02,4.913857399999999984e+02
5.098983476923077092e+02,4.913857399999999984e+02
5.126335995711733631e+02,4.913857399999999984e+02
5.126659811203813888e+02,4.913857399999999984e+02
5.130331307444907907e+02,4.913857399999999984e+02
5.127308601431981288e+02,4.913857399999999984e+02
5.134326619178082183e+02,4.913857399999999984e+02
5.134655196662694152e+02,4.913857399999999984e+02
5.138321930911256459e+02,4.913857399999999984e+02
5.128610838277512585e+02,4.913857399999999984e+02
5.142317242644431872e+02,4.913857399999999984e+02
5.142650582121573279e+02,4.913857399999999984e+02
5.146312554377606148e+02,4.913857399999999984e+02
5.143318454415274346e+02,4.913857399999999984e+02
5.150307866110780424e+02,4.913857399999999984e+02
5.150645967580453544e+02,4.913857399999999984e+02
5.154303177843954700e+02,4.913857399999999984e+02
4.599794999999999732e+02,4.659902299999999968e+02
5.158298489577130113e+02,3.762366999999999848e+02
5.158641353039332671e+02,3.762366999999999848e+02
5.162293801310304389e+02,3.762366999999999848e+02
5.159328307398568541e+02,3.762366999999999848e+02
5.166289113043478665e+02,3.762366999999999848e+02
5.166636738498212935e+02,3.762366999999999848e+02
5.170284424776652941e+02,3.762366999999999848e+02
5.160707146411483563e+02,3.762366999999999848e+02
5.174279736509827217e+02,3.762366999999999848e+02
5.174632123957092062e+02,3.762366999999999848e+02
5.178275048243002630e+02,3.762366999999999848e+02
5.175338160381861599e+02,3.762366999999999848e+02
5.182270359976176906e+02,3.762366999999999848e+02
5.182627509415971190e+02,3.762366999999999848e+02
5.186265671709351182e+02,3.762366999999999848e+02
5.163484711538461625e+02,3.762366999999999848e+02
5.190260983442525458e+02,3.762366999999999848e+02
5.190622894874851454e+02,3.762366999999999848e+02
5.194256295175699734e+02,3.762366999999999848e+02
5.191348013365155794e+02,3.762366999999999848e+02
5.198251606908875146e+02,3.762366999999999848e+02
5.198618280333730581e+02,3.762366999999999848e+02
5.202246918642049422e+02,3.762366999999999848e+02
5.192803454545454542e+02,3.762366999999999848e+02
5.206242230375223699e+02,3.762366999999999848e+02
5.206613665792610846e+02,3.762366999999999848e+02
5.210237542108397975e+02,3.762366999999999848e+02
5.207357866348448852e+02,3.762366999999999848e+02
5.214232853841572251e+02,3.762366999999999848e+02
5.214609051251489973e+02,3.762366999999999848e+02
5.218228165574747663e+02,3.762366999999999848e+02
4.660047000000000139e+02,4.785003699999999753e+02
5.222223477307921939e+02,3.762366999999999848e+02
5.222604436710370237e+02,3.762366999999999848e+02
5.226218789041096215e+02,3.762366999999999848e+02
5.223367719331743046e+02,3.762366999999999848e+02
5.230214100774270491e+02,3.762366999999999848e+02
5.230599822169249364e+02,3.762366999999999848e+02
5.234209412507444767e+02,3.762366999999999848e+02
5.224899762679426658e+02,3.762366999999999848e+02
5.238204724240620180e+02,3.762366999999999848e+02
5.238595207628129629e+02,3.762366999999999848e+02
5.242200035973794456e+02,3.762366999999999848e+02
5.239377572315036105e+02,3.762366999999999848e+02
5.246195347706968732e+02,3.762366999999999848e+02
5.246590593087008756e+02,3.762366999999999848e+02
5.250190659440143008e+02,3.762366999999999848e+02
5.227985946153846726e+02,3.762366999999999848e+02
5.254185971173317284e+02,3.762366999999999848e+02
5.254585978545887883e+02,3.762366999999999848e+02
5.258181282906492697e+02,3.762366999999999848e+02
5.255387425298329163e+02,3.762366999999999848e+02
5.262176594639666973e+02,3.762366999999999848e+02
5.262581364004768147e+02,3.762366999999999848e+02
5.266171906372841249e+02,3.762366999999999848e+02
5.256996070813397637e+02,3.762366999999999848e+02
5.270167218106015525e+02,3.762366999999999848e+02
5.270576749463647275e+02,3.762366999999999848e+02
5.274162529839190938e+02,3.762366999999999848e+02
5.271397278281623358e+02,3.762366999999999848e+02
5.278157841572365214e+02,3.762366999999999848e+02
5.278572134922527539e+02,3.762366999999999848e+02
5.282153153305539490e+02,3.762366999999999848e+02
4.773568700000000149e+02,4.874615499999999884e+02
5.286148465038713766e+02,2.546376999999999953e+02
5.286567520381406666e+02,2.546376999999999953e+02
5.290143776771888042e+02,2.546376999999999953e+02
5.287407131264916416e+02,2.546376999999999953e+02
5.294139088505062318e+02,2.546376999999999953e+02
5.294562905840286930e+02,2.546376999999999953e+02
5.298134400238237731e+02,2.546376999999999953e+02
5.289092378947368616e+02,2.546376999999999953e+02
5.302129711971412007e+02,2.546376999999999953e+02
5.302558291299166058e+02,2.546376999999999953e+02
5.306125023704586283e+02,2.546376999999999953e+02
5.303416984248210611e+02,2.546376999999999953e+02
5.310120335437760559e+02,2.546376999999999953e+02
5.310553676758045185e+02,2.546376999999999953e+02
5.314115647170935972e+02,2.546376999999999953e+02
5.292487180769230690e+02,2.546376999999999953e+02
5.318110958904110248e+02,2.546376999999999953e+02
5.318549062216925449e+02,2.546376999999999953e+02
5.322106270637284524e+02,2.546376999999999953e+02
5.319426837231503669e+02,2.546376999999999953e+02
5.326101582370458800e+02,2.546376999999999953e+02
5.326544447675804577e+02,2.546376999999999953e+02
5.330096894103633076e+02,2.546376999999999953e+02
5.321188687081339594e+02,2.546376999999999953e+02
5.334092205836807352e+02,2.546376999999999953e+02
5.334539833134684841e+02,2.546376999999999953e+02
5.338087517569982765e+02,2.546376999999999953e+02
5.335436690214797864e+02,2.546376999999999953e+02
5.342082829303157041e+02,2.546376999999999953e+02
5.342535218593563968e+02,2.546376999999999953e+02
5.346078141036331317e+02,2.546376999999999953e+02
5.072096599999999853e+02,4.913857399999999984e+02
5.350073452769505593e+02,2.546376999999999953e+02
5.350530604052444232e+02,2.546376999999999953e+02
5.354068764502681006e+02,2.546376999999999953e+02
5.351446543198090922e+02,2.546376999999999953e+02
5.358064076235855282e+02,2.546376999999999953e+02
5.358525989511323360e+02,2.546376999999999953e+02
5.362059387969029558e+02,2.546376999999999953e+02
5.353284995215311710e+02,2.546376999999999953e+02
5.366054699702203834e+02,2.546376999999999953e+02
5.366521374970202487e+02,2.546376999999999953e+02
5.370050011435378110e+02,2.546376999999999953e+02
5.367456396181385117e+02,2.546376999999999953e+02
5.374045323168553523e+02,2.546376999999999953e+02
5.374516760429082751e+02,2.546376999999999953e+02
5.378040634901727799e+02,2.546376999999999953e+02
5.356988415384615791e+02,2.546376999999999953e+02
5.382035946634902075e+02,2.546376999999999953e+02
5.382512145887961879e+02,2.546376999999999953e+02
5.386031258368076351e+02,2.546376999999999953e+02
5.383466249164678175e+02,2.546376999999999953e+02
5.390026570101250627e+02,2.546376999999999953e+02
5.390507531346842143e+02,2.546376999999999953e+02
5.394021881834426040e+02,2.546376999999999953e+02
5.385381303349282689e+02,2.546376999999999953e+02
5.398017193567600316e+02,2.546376999999999953e+02
5.398502916805721270e+02,2.546376999999999953e+02
5.402012505300774592e+02,2.546376999999999953e+02
5.399476102147971233e+02,2.546376999999999953e+02
5.406007817033948868e+02,2.546376999999999953e+02
5.406498302264601534e+02,2.546376999999999953e+02
5.410003128767123144e+02,2.546376999999999953e+02
5.423304000000000542e+02,4.777592799999999897e+02
5.413998440500298557e+02,4.777592799999999897e+02
5.414493687723480662e+02,4.777592799999999897e+02
5.417993752233472833e+02,4.777592799999999897e+02
5.415485955131265428e+02,4.777592799999999897e+02
5.421989063966647109e+02,4.777592799999999897e+02
5.422489073182359789e+02,4.777592799999999897e+02
5.425984375699821385e+02,4.777592799999999897e+02
5.417477611483253668e+02,4.777592799999999897e+02
5.429979687432996798e+02,4.777592799999999897e+02
5.430484458641240053e+02,4.777592799999999897e+02
5.433974999166171074e+02,4.777592799999999897e+02
5.431495808114558486e+02,4.777592799999999897e+02
5.437970310899345350e+02,4.777592799999999897e+02
5.438479844100119180e+02,4.777592799999999897e+02
5.441965622632519626e+02,4.777592799999999897e+02
5.421489650000000893e+02,4.777592799999999897e+02
5.445960934365693902e+02,3.404315199999999777e+02
5.446475229558999445e+02,3.404315199999999777e+02
5.449956246098868178e+02,3.404315199999999777e+02
5.447505661097852681e+02,3.404315199999999777e+02
5.453951557832043591e+02,3.404315199999999777e+02
5.454470615017878572e+02,3.404315199999999777e+02
5.457946869565217867e+02,3.404315199999999777e+02
5.449573919617225783e+02,3.404315199999999777e+02
5.461942181298392143e+02,3.404315199999999777e+02
5.462466000476758836e+02,3.404315199999999777e+02
5.465937493031566419e+02,3.404315199999999777e+02
5.463515514081145739e+02,3.404315199999999777e+02
5.469932804764741832e+02,3.404315199999999777e+02
5.470461385935637963e+02,3.404315199999999777e+02
5.473928116497916108e+02,3.404315199999999777e+02
5.793382000000000289e+02,4.556447800000000257e+02
5.477923428231090384e+02,3.404315199999999777e+02
5.478456771394517091e+02,3.404315199999999777e+02
5.481918739964264660e+02,3.404315199999999777e+02
5.479525367064439934e+02,3.404315199999999777e+02
5.485914051697438936e+02,3.404315199999999777e+02
5.486452156853397355e+02,3.404315199999999777e+02
5.489909363430613212e+02,3.404315199999999777e+02
5.481670227751196762e+02,3.404315199999999777e+02
5.493904675163788625e+02,3.404315199999999777e+02
5.494447542312276482e+02,3.404315199999999777e+02
5.497899986896962901e+02,3.404315199999999777e+02
5.495535220047732992e+02,3.404315199999999777e+02
5.501895298630137177e+02,3.404315199999999777e+02
5.502442927771156747e+02,3.404315199999999777e+02
5.505890610363311453e+02,3.404315199999999777e+02
5.485990884615384857e+02,3.404315199999999777e+02
5.509885922096486865e+02,3.404315199999999777e+02
5.510438313230035874e+02,3.404315199999999777e+02
5.513881233829661141e+02,3.404315199999999777e+02
5.511545073031027187e+02,3.404315199999999777e+02
5.517876545562835418e+02,3.404315199999999777e+02
5.518433698688916138e+02,3.404315199999999777e+02
5.521871857296009694e+02,3.404315199999999777e+02
5.513766535885167741e+02,3.404315199999999777e+02
5.525867169029183970e+02,3.404315199999999777e+02
5.526429084147795265e+02,3.404315199999999777e+02
5.529862480762359382e+02,3.404315199999999777e+02
5.527554926014320245e+02,3.404315199999999777e+02
5.533857792495533658e+02,3.404315199999999777e+02
5.534424469606674393e+02,3.404315199999999777e+02
5.537853104228707934e+02,3.404315199999999777e+02
6.151666000000000167e+02,4.177072800000000257e+02
5.541848415961882210e+02,2.202252200000000073e+02
5.542419855065554657e+02,2.202252200000000073e+02
5.545843727695056486e+02,2.202252200000000073e+02
5.543564778997613303e+02,2.202252200000000073e+02
5.549839039428231899e+02,2.202252200000000073e+02
5.550415240524433784e+02,2.202252200000000073e+02
5.553834351161406175e+02,2.202252200000000073e+02
5.545862844019138720e+02,2.202252200000000073e+02
5.557829662894580451e+02,2.202252200000000073e+02
5.558410625983314048e+02,2.202252200000000073e+02
5.561824974627754727e+02,2.202252200000000073e+02
5.559574631980907498e+02,2.202252200000000073e+02
5.565820286360929003e+02,2.202252200000000073e+02
5.566406011442193176e+02,2.202252200000000073e+02
5.569815598094104416e+02,2.202252200000000073e+02
5.550492119230769958e+02,2.202252200000000073e+02
5.573810909827278692e+02,2.202252200000000073e+02
5.574401396901073440e+02,2.202252200000000073e+02
5.577806221560452968e+02,2.202252200000000073e+02
5.575584484964200556e+02,2.202252200000000073e+02
5.581801533293627244e+02,2.202252200000000073e+02
5.582396782359952567e+02,2.202252200000000073e+02
5.585796845026802657e+02,2.202252200000000073e+02
5.577959152153110836e+02,2.202252200000000073e+02
5.589792156759976933e+02,2.202252200000000073e+02
5.590392167818831695e+02,2.202252200000000073e+02
5.593787468493151209e+02,2.202252200000000073e+02
5.591594337947494751e+02,2.202252200000000073e+02
5.597782780226325485e+02,2.202252200000000073e+02
5.598387553277711959e+02,2.202252200000000073e+02
5.601778091959499761e+02,2.202252200000000073e+02
6.374226700000000392e+02,3.823875699999999824e+02
5.605773403692674037e+02,2.202252200000000073e+02
5.606382938736591086e+02,2.202252200000000073e+02
5.609768715425849450e+02,2.202252200000000073e+02
5.607604190930787809e+02,2.202252200000000073e+02
5.613764027159023726e+02,2.202252200000000073e+02
5.614378324195471350e+02,2.202252200000000073e+02
5.617759338892198002e+02,2.202252200000000073e+02
5.610055460287081814e+02,2.202252200000000073e+02
5.621754650625372278e+02,2.202252200000000073e+02
5.622373709654350478e+02,2.202252200000000073e+02
5.625749962358547691e+02,2.202252200000000073e+02
5.623614043914082004e+02,2.202252200000000073e+02
5.629745274091721967e+02,2.202252200000000073e+02
5.630369095113230742e+02,2.202252200000000073e+02
5.633740585824896243e+02,2.202252200000000073e+02
5.614993353846153923e+02,2.202252200000000073e+02
5.637735897558070519e+02,2.202252200000000073e+02
5.638364480572109869e+02,2.202252200000000073e+02
5.641731209291244795e+02,2.202252200000000073e+02
5.639623896897375062e+02,2.202252200000000073e+02
5.645726521024419071e+02,2.202252200000000073e+02
5.646359866030988996e+02,2.202252200000000073e+02
5.649721832757594484e+02,2.202252200000000073e+02
5.642151768421052793e+02,2.202252200000000073e+02
5.653717144490768760e+02,2.202252200000000073e+02
5.654355251489869261e+02,2.202252200000000073e+02
5.657712456223943036e+02,2.202252200000000073e+02
5.655633749880669257e+02,2.202252200000000073e+02
5.661707767957117312e+02,2.202252200000000073e+02
5.662350636948748388e+02,2.202252200000000073e+02
5.665703079690292725e+02,2.202252200000000073e+02
6.543213500000000522e+02,3.399723999999999933e+02
5.669698391423467001e+02,2.202252200000000073e+02
5.670346022407628652e+02,2.202252200000000073e+02
5.673693703156641277e+02,2.202252200000000073e+02
5.671643602863962315e+02,2.202252200000000073e+02
5.677689014889815553e+02,2.202252200000000073e+02
5.678341407866507780e+02,2.202252200000000073e+02
5.681684326622989829e+02,2.202252200000000073e+02
5.674248076555023772e+02,2.202252200000000073e+02
5.685679638356165242e+02,2.202252200000000073e+02
5.686336793325388044e+02,2.202252200000000073e+02
5.689674950089339518e+02,2.202252200000000073e+02
5.687653455847255373e+02,2.202252200000000073e+02
5.693670261822513794e+02,2.202252200000000073e+02
5.694332178784267171e+02,2.202252200000000073e+02
5.697665573555688070e+02,2.202252200000000073e+02
5.679494588461539024e+02,2.202252200000000073e+02
5.701660885288862346e+02,2.202252200000000073e+02
5.702327564243147435e+02,2.202252200000000073e+02
5.705656197022037759e+02,2.202252200000000073e+02
5.703663308830549568e+02,2.202252200000000073e+02
5.709651508755212035e+02,2.202252200000000073e+02
5.710322949702026563e+02,2.202252200000000073e+02
5.713646820488386311e+02,2.202252200000000073e+02
5.706344384688995888e+02,2.202252200000000073e+02
5.717642132221560587e+02,2.202252200000000073e+02
5.718318335160905690e+02,2.202252200000000073e+02
5.721637443954734863e+02,2.202252200000000073e+02
5.719673161813842626e+02,2.202252200000000073e+02
5.725632755687910276e+02,2.202252200000000073e+02
5.726313720619785954e+02,2.202252200000000073e+02
5.729628067421084552e+02,2.202252200000000073e+02
6.556023599999999760e+02,3.151043700000000172e+02
5.733623379154258828e+02,4.556447800000000257e+02
5.734309106078665081e+02,4.556447800000000257e+02
5.737618690887433104e+02,4.556447800000000257e+02
5.735683014797136821e+02,4.556447800000000257e+02
5.741614002620608517e+02,4.556447800000000257e+02
5.742304491537545346e+02,4.556447800000000257e+02
5.745609314353782793e+02,4.556447800000000257e+02
5.738440692822966867e+02,4.556447800000000257e+02
5.749604626086957069e+02,4.556447800000000257e+02
5.750299876996424473e+02,4.556447800000000257e+02
5.753599937820131345e+02,4.556447800000000257e+02
5.751692867780429879e+02,4.556447800000000257e+02
5.757595249553305621e+02,4.556447800000000257e+02
5.758295262455304737e+02,4.556447800000000257e+02
5.761590561286479897e+02,4.556447800000000257e+02
5.743995823076922989e+02,4.556447800000000257e+02
5.765585873019655310e+02,4.556447800000000257e+02
5.766290647914183864e+02,4.556447800000000257e+02
5.769581184752829586e+02,4.556447800000000257e+02
5.767702720763722937e+02,4.556447800000000257e+02
5.773576496486003862e+02,4.556447800000000257e+02
5.774286033373064129e+02,4.556447800000000257e+02
5.777571808219178138e+02,4.556447800000000257e+02
5.770537000956937845e+02,4.556447800000000257e+02
5.781567119952353551e+02,4.556447800000000257e+02
5.782281418831943256e+02,4.556447800000000257e+02
5.785562431685527827e+02,4.556447800000000257e+02
5.783712573747017132e+02,4.556447800000000257e+02
5.789557743418702103e+02,4.556447800000000257e+02
5.790276804290822383e+02,4.556447800000000257e+02
5.793553055151876379e+02,4.556447800000000257e+02
6.511749999999999545e+02,3.044715600000000109e+02
5.797548366885050655e+02,3.125156200000000126e+02
5.798272189749702648e+02,3.125156200000000126e+02
5.801543678618224931e+02,3.125156200000000126e+02
5.799722426730310190e+02,3.125156200000000126e+02
5.805538990351400344e+02,3.125156200000000126e+02
5.806267575208581775e+02,3.125156200000000126e+02
5.809534302084574620e+02,3.125156200000000126e+02
5.802633309090908824e+02,3.125156200000000126e+02
5.813529613817748896e+02,3.125156200000000126e+02
5.814262960667462039e+02,3.125156200000000126e+02
5.817524925550923172e+02,3.125156200000000126e+02
5.815732279713604385e+02,3.125156200000000126e+02
5.821520237284098584e+02,3.125156200000000126e+02
5.822258346126341166e+02,3.125156200000000126e+02
5.825515549017272861e+02,3.125156200000000126e+02
5.808497057692308090e+02,3.125156200000000126e+02
5.829510860750447137e+02,3.125156200000000126e+02
5.830253731585221431e+02,3.125156200000000126e+02
5.833506172483621413e+02,3.125156200000000126e+02
5.831742132696897443e+02,3.125156200000000126e+02
5.837501484216795689e+02,3.125156200000000126e+02
5.838249117044100558e+02,3.125156200000000126e+02
5.841496795949971101e+02,3.125156200000000126e+02
5.834729617224880940e+02,3.125156200000000126e+02
5.845492107683145377e+02,3.125156200000000126e+02
5.846244502502979685e+02,3.125156200000000126e+02
5.849487419416319653e+02,3.125156200000000126e+02
5.847751985680191638e+02,3.125156200000000126e+02
5.853482731149493929e+02,3.125156200000000126e+02
5.854239887961859949e+02,3.125156200000000126e+02
5.857478042882668205e+02,3.125156200000000126e+02
6.434129000000000360e+02,2.975982700000000136e+02
5.861473354615843618e+02,3.125156200000000126e+02
5.862235273420739077e+02,3.125156200000000126e+02
5.865468666349017894e+02,3.125156200000000126e+02
5.863761838663484696e+02,3.125156200000000126e+02
5.869463978082192170e+02,3.125156200000000126e+02
5.870230658879619341e+02,3.125156200000000126e+02
5.873459289815366446e+02,3.125156200000000126e+02
5.866825925358851919e+02,3.125156200000000126e+02
5.877454601548540722e+02,3.125156200000000126e+02
5.878226044338498468e+02,3.125156200000000126e+02
5.881449913281716135e+02,3.125156200000000126e+02
5.879771691646778891e+02,3.125156200000000126e+02
5.885445225014890411e+02,3.125156200000000126e+02
5.886221429797378732e+02,3.125156200000000126e+02
5.889440536748064687e+02,3.125156200000000126e+02
5.872998292307693191e+02,3.125156200000000126e+02
5.893435848481238963e+02,3.125156200000000126e+02
5.894216815256257860e+02,3.125156200000000126e+02
5.897431160214414376e+02,3.125156200000000126e+02
5.895781544630071949e+02,3.125156200000000126e+02
5.901426471947588652e+02,3.125156200000000126e+02
5.902212200715136987e+02,3.125156200000000126e+02
5.905421783680762928e+02,3.125156200000000126e+02
5.898922233492822897e+02,3.125156200000000126e+02
5.909417095413937204e+02,3.125156200000000126e+02
5.910207586174017251e+02,3.125156200000000126e+02
5.913412407147111480e+02,3.125156200000000126e+02
5.911791397613365007e+02,3.125156200000000126e+02
5.917407718880285756e+02,3.125156200000000126e+02
5.918202971632896379e+02,3.125156200000000126e+02
5.921403030613461169e+02,3.125156200000000126e+02
6.220715000000000146e+02,2.944632599999999911e+02
5.925398342346635445e+02,3.125156200000000126e+02
5.926198357091776643e+02,3.125156200000000126e+02
5.929393654079809721e+02,3.125156200000000126e+02
5.927801250596659202e+02,3.125156200000000126e+02
5.933388965812983997e+02,3.125156200000000126e+02
5.934193742550655770e+02,3.125156200000000126e+02
5.937384277546159410e+02,3.125156200000000126e+02
5.931018541626795013e+02,3.125156200000000126e+02
5.941379589279333686e+02,3.125156200000000126e+02
5.942189128009536034e+02,3.125156200000000126e+02
5.945374901012507962e+02,3.125156200000000126e+02
5.943811103579952260e+02,3.125156200000000126e+02
5.949370212745682238e+02,3.125156200000000126e+02
5.950184513468415162e+02,3.125156200000000126e+02
5.953365524478856514e+02,3.125156200000000126e+02
5.937499526923077156e+02,3.125156200000000126e+02
5.957360836212030790e+02,3.125156200000000126e+02
5.958179898927294289e+02,3.125156200000000126e+02
5.961356147945206203e+02,3.125156200000000126e+02
5.959820956563246455e+02,3.125156200000000126e+02
5.965351459678380479e+02,3.125156200000000126e+02
5.966175284386174553e+02,3.125156200000000126e+02
5.969346771411554755e+02,3.125156200000000126e+02
5.963114849760765992e+02,3.125156200000000126e+02
5.973342083144729031e+02,3.125156200000000126e+02
5.974170669845053681e+02,3.125156200000000126e+02
5.977337394877904444e+02,3.125156200000000126e+02
5.975830809546539513e+02,3.125156200000000126e+02
5.981332706611078720e+02,3.125156200000000126e+02
5.982166055303933945e+02,3.125156200000000126e+02
5.985328018344252996e+02,3.125156200000000126e+02
5.811888400000000274e+02,3.125156200000000126e+02
5.989323330077427272e+02,4.177072800000000257e+02
5.990161440762813072e+02,4.177072800000000257e+02
5.993318641810601548e+02,4.177072800000000257e+02
5.991840662529833708e+02,4.177072800000000257e+02
5.997313953543775824e+02,4.177072800000000257e+02
5.998156826221693336e+02,4.177072800000000257e+02
6.001309265276951237e+02,4.177072800000000257e+02
5.995211157894736971e+02,4.177072800000000257e+02
6.005304577010125513e+02,4.177072800000000257e+02
6.006152211680572464e+02,4.177072800000000257e+02
6.009299888743299789e+02,4.177072800000000257e+02
6.007850515513126766e+02,4.177072800000000257e+02
6.013295200476475202e+02,4.177072800000000257e+02
6.014147597139451591e+02,4.177072800000000257e+02
6.017290512209649478e+02,4.177072800000000257e+02
6.002000761538462257e+02,4.177072800000000257e+02
6.021285823942823754e+02,4.177072800000000257e+02
6.022142982598331855e+02,4.177072800000000257e+02
6.025281135675998030e+02,4.177072800000000257e+02
6.023860368496420961e+02,4.177072800000000257e+02
6.029276447409172306e+02,4.177072800000000257e+02
6.030138368057210982e+02,4.177072800000000257e+02
6.033271759142346582e+02,4.177072800000000257e+02
6.027307466028707950e+02,4.177072800000000257e+02
6.037267070875521995e+02,4.177072800000000257e+02
6.038133753516091247e+02,4.177072800000000257e+02
6.041262382608696271e+02,4.177072800000000257e+02
6.039870221479714019e+02,4.177072800000000257e+02
6.045257694341870547e+02,4.177072800000000257e+02
6.046129138974970374e+02,4.177072800000000257e+02
6.049253006075044823e+02,4.177072800000000257e+02
5.460812399999999798e+02,3.404315199999999777e+02
6.053248317808220236e+02,4.177072800000000257e+02
6.054124524433850638e+02,4.177072800000000257e+02
6.057243629541394512e+02,4.177072800000000257e+02
6.055880074463007077e+02,4.177072800000000257e+02
6.061238941274568788e+02,4.177072800000000257e+02
6.062119909892729765e+02,4.177072800000000257e+02
6.065234253007743064e+02,4.177072800000000257e+02
6.059403774162680065e+02,4.177072800000000257e+02
6.069229564740917340e+02,4.177072800000000257e+02
6.070115295351608893e+02,4.177072800000000257e+02
6.073224876474091616e+02,4.177072800000000257e+02
6.071889927446301272e+02,4.177072800000000257e+02
6.077220188207267029e+02,4.177072800000000257e+02
6.078110680810489157e+02,4.177072800000000257e+02
6.081215499940441305e+02,4.177072800000000257e+02
6.066501996153846221e+02,4.177072800000000257e+02
6.085210811673615581e+02,4.177072800000000257e+02
6.086106066269368284e+02,4.177072800000000257e+02
6.089206123406789857e+02,4.177072800000000257e+02
6.087899780429594330e+02,4.177072800000000257e+02
6.093201435139965270e+02,4.177072800000000257e+02
6.094101451728248549e+02,4.177072800000000257e+02
6.097196746873139546e+02,4.177072800000000257e+02
6.091500082296651044e+02,4.177072800000000257e+02
6.101192058606313822e+02,4.177072800000000257e+02
6.102096837187127676e+02,4.177072800000000257e+02
6.105187370339488098e+02,4.177072800000000257e+02
6.103909633412888525e+02,4.177072800000000257e+02
6.109182682072662374e+02,4.177072800000000257e+02
6.110092222646007940e+02,4.177072800000000257e+02
6.113177993805836650e+02,4.177072800000000257e+02
5.181027000000000271e+02,3.762366999999999848e+02
6.117173305539012063e+02,4.177072800000000257e+02
6.118087608104887067e+02,4.177072800000000257e+02
6.121168617272186339e+02,4.177072800000000257e+02
6.119919486396181583e+02,4.177072800000000257e+02
6.125163929005360615e+02,4.177072800000000257e+02
6.126082993563766195e+02,4.177072800000000257e+02
6.129159240738534891e+02,4.177072800000000257e+02
6.123596390430622023e+02,4.177072800000000257e+02
6.133154552471710304e+02,4.177072800000000257e+02
6.134078379022646459e+02,4.177072800000000257e+02
6.137149864204884580e+02,4.177072800000000257e+02
6.135929339379475778e+02,4.177072800000000257e+02
6.141145175938058856e+02,4.177072800000000257e+02
6.142073764481525586e+02,4.177072800000000257e+02
6.145140487671233132e+02,4.177072800000000257e+02
6.131003230769231322e+02,4.177072800000000257e+02
6.149135799404407408e+02,4.177072800000000257e+02
6.150069149940405850e+02,4.177072800000000257e+02
6.153131111137581684e+02,4.177072800000000257e+02
6.151939192362768836e+02,4.177072800000000257e+02
6.157126422870757096e+02,4.177072800000000257e+02
6.158064535399284978e+02,4.177072800000000257e+02
6.161121734603931372e+02,4.177072800000000257e+02
6.155692698564594139e+02,4.177072800000000257e+02
6.165117046337105648e+02,4.177072800000000257e+02
6.166059920858165242e+02,4.177072800000000257e+02
6.169112358070281061e+02,4.177072800000000257e+02
6.167949045346063031e+02,4.177072800000000257e+02
6.173107669803455337e+02,4.177072800000000257e+02
6.174055306317044369e+02,4.177072800000000257e+02
6.177102981536629613e+02,4.177072800000000257e+02
4.860145299999999793e+02,4.330077999999999747e+02
6.181098293269803889e+02,2.944632599999999911e+02
6.182050691775923497e+02,2.944632599999999911e+02
6.185093605002978165e+02,2.944632599999999911e+02
6.183958898329356089e+02,2.944632599999999911e+02
6.189088916736152441e+02,2.944632599999999911e+02
6.190046077234803761e+02,2.944632599999999911e+02
6.193084228469327854e+02,2.944632599999999911e+02
6.187789006698565117e+02,2.944632599999999911e+02
6.197079540202502130e+02,2.944632599999999911e+02
6.198041462693684025e+02,2.944632599999999911e+02
6.201074851935676406e+02,2.944632599999999911e+02
6.199968751312649147e+02,2.944632599999999911e+02
6.205070163668850682e+02,2.944632599999999911e+02
6.206036848152563152e+02,2.944632599999999911e+02
6.209065475402026095e+02,2.944632599999999911e+02
6.195504465384615287e+02,2.944632599999999911e+02
6.213060787135200371e+02,2.944632599999999911e+02
6.214032233611442280e+02,2.944632599999999911e+02
6.217056098868374647e+02,2.944632599999999911e+02
6.215978604295943342e+02,2.944632599999999911e+02
6.221051410601548923e+02,2.944632599999999911e+02
6.222027619070322544e+02,2.944632599999999911e+02
6.225046722334723199e+02,2.944632599999999911e+02
6.219885314832536096e+02,2.944632599999999911e+02
6.229042034067897475e+02,2.944632599999999911e+02
6.230023004529201671e+02,2.944632599999999911e+02
6.233037345801072888e+02,2.944632599999999911e+02
6.231988457279236400e+02,2.944632599999999911e+02
6.237032657534247164e+02,2.944632599999999911e+02
6.238018389988080799e+02,2.944632599999999911e+02
6.241027969267421440e+02,2.944632599999999911e+02
4.848199999999999932e+02,4.352429200000000264e+02
6.245023281000595716e+02,2.944632599999999911e+02
6.246013775446961063e+02,2.944632599999999911e+02
6.249018592733771129e+02,2.944632599999999911e+02
6.247998310262530595e+02,2.944632599999999911e+02
6.253013904466945405e+02,2.944632599999999911e+02
6.254009160905841327e+02,2.944632599999999911e+02
6.257009216200119681e+02,2.944632599999999911e+02
6.251981622966507075e+02,2.944632599999999911e+02
6.261004527933293957e+02,2.944632599999999911e+02
6.262004546364720454e+02,2.944632599999999911e+02
6.264999839666468233e+02,2.944632599999999911e+02
6.264008163245823653e+02,2.944632599999999911e+02
6.268995151399642509e+02,2.944632599999999911e+02
6.269999931823599582e+02,2.944632599999999911e+02
6.272990463132817922e+02,2.944632599999999911e+02
6.260005700000000388e+02,2.944632599999999911e+02
6.276985774865992198e+02,2.944632599999999911e+02
6.277995317282479846e+02,2.944632599999999911e+02
6.280981086599166474e+02,2.944632599999999911e+02
6.280018016229116711e+02,2.944632599999999911e+02
6.284976398332340750e+02,2.944632599999999911e+02
6.285990702741358973e+02,2.944632599999999911e+02
6.288971710065516163e+02,2.944632599999999911e+02
6.284077931100479191e+02,2.944632599999999911e+02
6.292967021798690439e+02,2.944632599999999911e+02
6.293986088200238100e+02,2.944632599999999911e+02
6.296962333531864715e+02,2.944632599999999911e+02
6.296027869212410906e+02,2.944632599999999911e+02
6.300957645265038991e+02,2.944632599999999911e+02
6.301981473659118365e+02,2.944632599999999911e+02
6.304952956998213267e+02,2.944632599999999911e+02
4.848199999999999932e+02,4.352429200000000264e+02
6.308948268731387543e+02,3.823875699999999824e+02
6.309976859117998629e+02,3.823875699999999824e+02
6.312943580464562956e+02,3.823875699999999824e+02
6.312037722195705101e+02,3.823875699999999824e+02
6.316938892197737232e+02,3.823875699999999824e+02
6.317972244576877756e+02,3.823875699999999824e+02
6.320934203930911508e+02,3.823875699999999824e+02
6.316174239234450170e+02,3.823875699999999824e+02
6.324929515664086921e+02,3.823875699999999824e+02
6.325967630035756883e+02,3.823875699999999824e+02
6.328924827397261197e+02,3.823875699999999824e+02
6.328047575178998159e+02,3.823875699999999824e+02
6.332920139130435473e+02,3.823875699999999824e+02
6.333963015494637148e+02,3.823875699999999824e+02
6.336915450863609749e+02,3.823875699999999824e+02
6.324506934615385489e+02,3.823875699999999824e+02
6.340910762596784025e+02,3.823875699999999824e+02
6.341958400953516275e+02,3.823875699999999824e+02
6.344906074329958301e+02,3.823875699999999824e+02
6.344057428162291217e+02,3.823875699999999824e+02
6.348901386063133714e+02,3.823875699999999824e+02
6.349953786412395402e+02,3.823875699999999824e+02
6.352896697796307990e+02,3.823875699999999824e+02
6.348270547368421148e+02,3.823875699999999824e+02
6.356892009529482266e+02,3.823875699999999824e+02
6.357949171871275666e+02,3.823875699999999824e+02
6.360887321262656542e+02,3.823875699999999824e+02
6.360067281145585412e+02,3.823875699999999824e+02
6.364882632995831955e+02,3.823875699999999824e+02
6.365944557330155931e+02,3.823875699999999824e+02
6.368877944729006231e+02,3.823875699999999824e+02
6.377702600000000075e+02,5.054347000000000207e+02
6.372873256462180507e+02,3.823875699999999824e+02
6.373939942789035058e+02,3.823875699999999824e+02
6.376868568195354783e+02,5.054347000000000207e+02
6.376077134128878470e+02,5.054347000000000207e+02
6.380863879928529059e+02,5.054347000000000207e+02
6.381935328247914185e+02,5.054347000000000207e+02
6.384859191661703335e+02,5.054347000000000207e+02
6.380366855502393264e+02,5.054347000000000207e+02
6.388854503394878748e+02,5.054347000000000207e+02
6.389930713706794450e+02,5.054347000000000207e+02
6.392849815128053024e+02,5.054347000000000207e+02
6.392086987112172665e+02,5.054347000000000207e+02
6.396845126861227300e+02,5.054347000000000207e+02
6.397926099165673577e+02,5.054347000000000207e+02
6.400840438594401576e+02,5.054347000000000207e+02
6.389008169230769454e+02,5.054347000000000207e+02
6.404835750327576989e+02,4.987845500000000243e+02
6.405921484624553841e+02,4.987845500000000243e+02
6.408831062060751265e+02,4.987845500000000243e+02
6.408096840095465723e+02,4.987845500000000243e+02
6.412826373793925541e+02,4.987845500000000243e+02
6.413916870083432968e+02,4.987845500000000243e+02
6.416821685527099817e+02,4.987845500000000243e+02
6.412463163636364243e+02,4.987845500000000243e+02
6.420816997260274093e+02,2.975982700000000136e+02
6.421912255542313233e+02,2.975982700000000136e+02
6.424812308993448369e+02,2.975982700000000136e+02
6.424106693078758781e+02,2.975982700000000136e+02
6.428807620726623782e+02,2.975982700000000136e+02
6.429907641001192360e+02,2.975982700000000136e+02
6.432802932459798058e+02,2.975982700000000136e+02
6.411372699999999440e+02,4.987845500000000243e+02
6.436798244192972334e+02,2.975982700000000136e+02
6.437903026460071487e+02,2.975982700000000136e+02
6.440793555926146610e+02,2.975982700000000136e+02
6.440116546062052976e+02,2.975982700000000136e+02
6.444788867659322023e+02,2.975982700000000136e+02
6.445898411918951751e+02,2.975982700000000136e+02
6.448784179392496299e+02,2.975982700000000136e+02
6.444559471770335222e+02,2.975982700000000136e+02
6.452779491125670575e+02,2.975982700000000136e+02
6.453893797377830879e+02,2.975982700000000136e+02
6.456774802858844851e+02,2.975982700000000136e+02
6.456126399045347171e+02,2.975982700000000136e+02
6.460770114592019127e+02,2.975982700000000136e+02
6.461889182836711143e+02,2.975982700000000136e+02
6.464765426325193403e+02,2.975982700000000136e+02
6.453509403846154555e+02,2.975982700000000136e+02
6.468760738058368815e+02,2.975982700000000136e+02
6.469884568295590270e+02,2.975982700000000136e+02
6.472756049791543091e+02,2.975982700000000136e+02
6.472136252028640229e+02,2.975982700000000136e+02
6.476751361524717368e+02,2.975982700000000136e+02
6.477879953754470534e+02,2.975982700000000136e+02
6.480746673257892780e+02,2.975982700000000136e+02
6.476655779904306200e+02,2.975982700000000136e+02
6.484741984991067056e+02,2.975982700000000136e+02
6.485875339213349662e+02,2.975982700000000136e+02
6.488737296724241332e+02,2.975982700000000136e+02
6.488146105011933287e+02,2.975982700000000136e+02
6.492732608457415608e+02,2.975982700000000136e+02
6.493870724672228789e+02,2.975982700000000136e+02
6.496727920190589884e+02,2.975982700000000136e+02
6.504060699999999997e+02,4.819321299999999724e+02
6.500723231923764160e+02,4.819321299999999724e+02
6.501866110131109053e+02,4.819321299999999724e+02
6.504718543656939573e+02,4.819321299999999724e+02
6.504155957995227482e+02,4.819321299999999724e+02
6.508713855390113849e+02,3.044715600000000109e+02
6.509861495589988181e+02,3.044715600000000109e+02
6.512709167123288125e+02,3.044715600000000109e+02
6.508752088038278316e+02,3.044715600000000109e+02
6.516704478856462401e+02,3.044715600000000109e+02
6.517856881048868445e+02,3.044715600000000109e+02
6.520699790589637814e+02,3.044715600000000109e+02
6.520165810978520540e+02,3.044715600000000109e+02
6.524695102322812090e+02,3.044715600000000109e+02
6.525852266507747572e+02,3.044715600000000109e+02
6.528690414055986366e+02,3.044715600000000109e+02
6.518010638461538520e+02,3.044715600000000109e+02
6.532685725789160642e+02,3.399723999999999933e+02
6.533847651966627836e+02,3.399723999999999933e+02
6.536681037522334918e+02,3.399723999999999933e+02
6.536175663961814735e+02,3.399723999999999933e+02
6.540676349255509194e+02,3.399723999999999933e+02
6.541843037425506964e+02,3.399723999999999933e+02
6.544671660988684607e+02,3.399723999999999933e+02
6.540848396172249295e+02,3.399723999999999933e+02
6.548666972721858883e+02,3.151043700000000172e+02
6.549838422884386091e+02,3.151043700000000172e+02
6.552662284455033159e+02,3.151043700000000172e+02
6.552185516945107793e+02,3.151043700000000172e+02
6.556657596188207435e+02,3.151043700000000172e+02
6.557833808343266355e+02,3.151043700000000172e+02
6.560652907921382848e+02,3.151043700000000172e+02
6.593849000000000160e+02,4.670128199999999765e+02
6.564648219654557124e+02,4.670128199999999765e+02
6.565829193802145483e+02,4.670128199999999765e+02
6.568643531387731400e+02,4.670128199999999765e+02
6.568195369928400851e+02,4.670128199999999765e+02
6.572638843120905676e+02,4.670128199999999765e+02
6.573824579261025747e+02,4.670128199999999765e+02
6.576634154854079952e+02,4.670128199999999765e+02
6.572944704306220274e+02,4.670128199999999765e+02
6.580629466587254228e+02,4.670128199999999765e+02
6.581819964719904874e+02,4.670128199999999765e+02
6.584624778320429641e+02,4.670128199999999765e+02
6.584205222911695046e+02,4.670128199999999765e+02
6.588620090053603917e+02,4.670128199999999765e+02
6.589815350178785138e+02,4.670128199999999765e+02
6.592615401786778193e+02,4.670128199999999765e+02
6.582511873076923621e+02,4.670128199999999765e+02
6.596610713519952469e+02,4.670128199999999765e+02
6.597810735637664266e+02,4.670128199999999765e+02
6.600606025253127882e+02,4.670128199999999765e+02
6.600215075894988104e+02,4.670128199999999765e+02
6.604601336986302158e+02,4.670128199999999765e+02
6.605806121096543393e+02,4.670128199999999765e+02
6.608596648719476434e+02,4.670128199999999765e+02
6.605041012440192389e+02,4.670128199999999765e+02
6.612591960452650710e+02,4.670128199999999765e+02
6.613801506555423657e+02,4.670128199999999765e+02
6.616587272185824986e+02,4.670128199999999765e+02
6.616224928878282299e+02,4.670128199999999765e+02
6.620582583918999262e+02,4.670128199999999765e+02
6.621796892014302784e+02,4.670128199999999765e+02
6.624577895652174675e+02,4.670128199999999765e+02
6.731530999999999949e+02,4.372668499999999767e+02
6.628573207385348951e+02,4.670128199999999765e+02
6.629792277473183049e+02,4.670128199999999765e+02
6.632568519118523227e+02,4.670128199999999765e+02
6.632234781861575357e+02,4.670128199999999765e+02
6.636563830851698640e+02,4.670128199999999765e+02
6.637787662932062176e+02,4.670128199999999765e+02
6.640559142584872916e+02,4.670128199999999765e+02
6.637137320574163368e+02,4.670128199999999765e+02
6.644554454318047192e+02,4.670128199999999765e+02
6.645783048390942440e+02,4.670128199999999765e+02
6.648549766051221468e+02,4.670128199999999765e+02
6.648244634844869552e+02,4.670128199999999765e+02
6.652545077784395744e+02,4.670128199999999765e+02
6.653778433849821567e+02,4.670128199999999765e+02
6.656540389517570020e+02,4.670128199999999765e+02
6.647013107692307585e+02,4.670128199999999765e+02
6.660535701250745433e+02,4.670128199999999765e+02
6.661773819308700695e+02,4.670128199999999765e+02
6.664531012983919709e+02,4.670128199999999765e+02
6.664254487828162610e+02,4.670128199999999765e+02
6.668526324717093985e+02,4.670128199999999765e+02
6.669769204767580959e+02,4.670128199999999765e+02
6.672521636450268261e+02,4.670128199999999765e+02
6.669233628708134347e+02,4.670128199999999765e+02
6.676516948183443674e+02,4.670128199999999765e+02
6.677764590226460086e+02,4.670128199999999765e+02
6.680512259916617950e+02,4.670128199999999765e+02
6.680264340811456805e+02,4.670128199999999765e+02
6.684507571649792226e+02,4.670128199999999765e+02
6.685759975685340351e+02,4.670128199999999765e+02
6.688502883382966502e+02,4.670128199999999765e+02
6.836183999999999514e+02,4.112619599999999878e+02
6.692498195116140778e+02,4.372668499999999767e+02
6.693755361144219478e+02,4.372668499999999767e+02
6.696493506849315054e+02,4.372668499999999767e+02
6.696274193794749863e+02,4.372668499999999767e+02
6.700488818582490467e+02,4.372668499999999767e+02
6.701750746603099742e+02,4.372668499999999767e+02
6.704484130315664743e+02,4.372668499999999767e+02
6.701329936842105326e+02,4.372668499999999767e+02
6.708479442048839019e+02,4.372668499999999767e+02
6.709746132061978869e+02,4.372668499999999767e+02
6.712474753782013295e+02,4.372668499999999767e+02
6.712284046778042921e+02,4.372668499999999767e+02
6.716470065515188708e+02,4.372668499999999767e+02
6.717741517520857997e+02,4.372668499999999767e+02
6.720465377248362984e+02,4.372668499999999767e+02
6.711514342307692687e+02,4.372668499999999767e+02
6.724460688981537260e+02,4.372668499999999767e+02
6.725736902979738261e+02,4.372668499999999767e+02
6.728456000714711536e+02,4.372668499999999767e+02
6.728293899761337116e+02,4.372668499999999767e+02
6.732451312447885812e+02,4.372668499999999767e+02
6.733732288438617388e+02,4.372668499999999767e+02
6.736446624181060088e+02,4.372668499999999767e+02
6.733426244976076305e+02,4.372668499999999767e+02
6.740441935914235501e+02,4.372668499999999767e+02
6.741727673897497652e+02,4.372668499999999767e+02
6.744437247647409777e+02,4.372668499999999767e+02
6.744303752744630174e+02,4.372668499999999767e+02
6.748432559380584053e+02,4.372668499999999767e+02
6.749723059356376780e+02,4.372668499999999767e+02
6.752427871113758329e+02,4.372668499999999767e+02
6.939396000000000413e+02,3.798555999999999813e+02
6.756423182846933742e+02,4.372668499999999767e+02
6.757718444815257044e+02,4.372668499999999767e+02
6.760418494580108018e+02,4.372668499999999767e+02
6.760313605727924369e+02,4.372668499999999767e+02
6.764413806313282294e+02,4.372668499999999767e+02
6.765713830274136171e+02,4.372668499999999767e+02
6.768409118046456570e+02,4.372668499999999767e+02
6.765522553110048420e+02,4.372668499999999767e+02
6.772404429779630846e+02,4.372668499999999767e+02
6.773709215733015299e+02,4.372668499999999767e+02
6.776399741512805122e+02,4.372668499999999767e+02
6.776323458711217427e+02,4.372668499999999767e+02
6.780395053245980534e+02,4.372668499999999767e+02
6.781704601191895563e+02,4.372668499999999767e+02
6.784390364979154810e+02,4.372668499999999767e+02
6.776015576923077788e+02,4.372668499999999767e+02
6.788385676712329087e+02,4.372668499999999767e+02
6.789699986650775827e+02,4.372668499999999767e+02
6.792380988445504499e+02,4.372668499999999767e+02
6.792333311694511622e+02,4.372668499999999767e+02
6.796376300178678775e+02,4.372668499999999767e+02
6.797695372109654954e+02,4.372668499999999767e+02
6.800371611911853051e+02,4.372668499999999767e+02
6.797618861244019399e+02,4.372668499999999767e+02
6.804366923645027327e+02,4.372668499999999767e+02
6.805690757568534082e+02,4.372668499999999767e+02
6.808362235378201603e+02,4.372668499999999767e+02
6.808343164677804680e+02,4.372668499999999767e+02
6.812357547111375879e+02,4.372668499999999767e+02
6.813686143027414346e+02,4.372668499999999767e+02
6.816352858844551292e+02,4.372668499999999767e+02
6.993185399999999845e+02,3.636370999999999754e+02
6.820348170577725568e+02,4.112619599999999878e+02
6.821681528486293473e+02,4.112619599999999878e+02
6.824343482310899844e+02,4.112619599999999878e+02
6.824353017661098875e+02,4.112619599999999878e+02
6.828338794044074120e+02,4.112619599999999878e+02
6.829676913945172601e+02,4.112619599999999878e+02
6.832334105777249533e+02,4.112619599999999878e+02
6.829715169377991515e+02,4.112619599999999878e+02
6.836329417510423809e+02,4.112619599999999878e+02
6.837672299404052865e+02,4.112619599999999878e+02
6.840324729243598085e+02,4.112619599999999878e+02
6.840362870644391933e+02,4.112619599999999878e+02
6.844320040976772361e+02,4.112619599999999878e+02
6.845667684862933129e+02,4.112619599999999878e+02
6.848315352709946637e+02,4.112619599999999878e+02
6.840516811538461752e+02,4.112619599999999878e+02
6.852310664443120913e+02,4.112619599999999878e+02
6.853663070321812256e+02,4.112619599999999878e+02
6.856305976176296326e+02,4.112619599999999878e+02
6.856372723627684991e+02,4.112619599999999878e+02
6.860301287909470602e+02,4.112619599999999878e+02
6.861658455780691384e+02,4.112619599999999878e+02
6.864296599642644878e+02,4.112619599999999878e+02
6.861811477511962494e+02,4.112619599999999878e+02
6.868291911375819154e+02,4.112619599999999878e+02
6.869653841239571648e+02,4.112619599999999878e+02
6.872287223108994567e+02,4.112619599999999878e+02
6.872382576610979186e+02,4.112619599999999878e+02
6.876282534842168843e+02,4.112619599999999878e+02
6.877649226698450775e+02,4.112619599999999878e+02
6.880277846575343119e+02,4.112619599999999878e+02
7.027840599999999540e+02,3.561039999999999850e+02
6.884273158308517395e+02,3.798555999999999813e+02
6.885644612157329902e+02,3.798555999999999813e+02
6.888268470041691671e+02,3.798555999999999813e+02
6.888392429594272244e+02,3.798555999999999813e+02
6.892263781774865947e+02,3.798555999999999813e+02
6.893639997616210167e+02,3.798555999999999813e+02
6.896259093508041360e+02,3.798555999999999813e+02
6.893907785645933473e+02,3.798555999999999813e+02
6.900254405241215636e+02,3.798555999999999813e+02
6.901635383075090431e+02,3.798555999999999813e+02
6.904249716974389912e+02,3.798555999999999813e+02
6.904402282577566439e+02,3.798555999999999813e+02
6.908245028707564188e+02,3.798555999999999813e+02
6.909630768533969558e+02,3.798555999999999813e+02
6.912240340440739601e+02,3.798555999999999813e+02
6.905018046153846853e+02,3.798555999999999813e+02
6.916235652173913877e+02,3.798555999999999813e+02
6.917626153992848685e+02,3.798555999999999813e+02
6.920230963907088153e+02,3.798555999999999813e+02
6.920412135560859497e+02,3.798555999999999813e+02
6.924226275640262429e+02,3.798555999999999813e+02
6.925621539451728950e+02,3.798555999999999813e+02
6.928221587373436705e+02,3.798555999999999813e+02
6.926004093779904451e+02,3.798555999999999813e+02
6.932216899106610981e+02,3.798555999999999813e+02
6.933616924910608077e+02,3.798555999999999813e+02
6.936212210839786394e+02,3.798555999999999813e+02
6.936421988544152555e+02,3.798555999999999813e+02
6.940207522572960670e+02,3.798555999999999813e+02
6.941612310369487204e+02,3.798555999999999813e+02
6.944202834306134946e+02,3.798555999999999813e+02
7.071408000000000129e+02,3.518186000000000035e+02
6.948198146039310359e+02,3.636370999999999754e+02
6.949607695828367468e+02,3.636370999999999754e+02
6.952193457772484635e+02,3.636370999999999754e+02
6.952431841527446750e+02,3.636370999999999754e+02
6.956188769505658911e+02,3.636370999999999754e+02
6.957603081287247733e+02,3.636370999999999754e+02
6.960184081238833187e+02,3.636370999999999754e+02
6.958100401913875430e+02,3.636370999999999754e+02
6.964179392972007463e+02,3.636370999999999754e+02
6.965598466746126860e+02,3.636370999999999754e+02
6.968174704705181739e+02,3.636370999999999754e+02
6.968441694510740945e+02,3.636370999999999754e+02
6.972170016438357152e+02,3.636370999999999754e+02
6.973593852205005987e+02,3.636370999999999754e+02
6.976165328171531428e+02,3.636370999999999754e+02
6.969519280769231955e+02,3.636370999999999754e+02
6.980160639904705704e+02,3.636370999999999754e+02
6.981589237663886252e+02,3.636370999999999754e+02
6.984155951637879980e+02,3.636370999999999754e+02
6.984451547494034003e+02,3.636370999999999754e+02
6.988151263371055393e+02,3.636370999999999754e+02
6.989584623122765379e+02,3.636370999999999754e+02
6.992146575104229669e+02,3.636370999999999754e+02
6.990196710047847546e+02,3.636370999999999754e+02
6.996141886837403945e+02,3.636370999999999754e+02
6.997580008581645643e+02,3.636370999999999754e+02
7.000137198570578221e+02,3.636370999999999754e+02
7.000461400477327061e+02,3.636370999999999754e+02
7.004132510303752497e+02,3.636370999999999754e+02
7.005575394040524770e+02,3.636370999999999754e+02
7.008127822036926773e+02,3.636370999999999754e+02
7.113808999999999969e+02,3.499466600000000085e+02
7.012123133770102186e+02,3.561039999999999850e+02
7.013570779499405035e+02,3.561039999999999850e+02
7.016118445503276462e+02,3.561039999999999850e+02
7.016471253460621256e+02,3.561039999999999850e+02
7.020113757236450738e+02,3.561039999999999850e+02
7.021566164958284162e+02,3.561039999999999850e+02
7.024109068969625014e+02,3.561039999999999850e+02
7.022293018181818525e+02,3.561039999999999850e+02
7.028104380702800427e+02,3.561039999999999850e+02
7.029561550417163289e+02,3.561039999999999850e+02
7.032099692435974703e+02,3.561039999999999850e+02
7.032481106443914314e+02,3.561039999999999850e+02
7.036095004169148979e+02,3.561039999999999850e+02
7.037556935876043553e+02,3.561039999999999850e+02
7.040090315902323255e+02,3.561039999999999850e+02
7.034020515384615919e+02,3.561039999999999850e+02
7.044085627635497531e+02,3.518186000000000035e+02
7.045552321334922681e+02,3.518186000000000035e+02
7.048080939368671807e+02,3.518186000000000035e+02
7.048490959427208509e+02,3.518186000000000035e+02
7.052076251101847220e+02,3.518186000000000035e+02
7.053547706793802945e+02,3.518186000000000035e+02
7.056071562835021496e+02,3.518186000000000035e+02
7.054389326315789503e+02,3.518186000000000035e+02
7.060066874568195772e+02,3.518186000000000035e+02
7.061543092252682072e+02,3.518186000000000035e+02
7.064062186301370048e+02,3.518186000000000035e+02
7.064500812410501567e+02,3.518186000000000035e+02
7.068057498034545461e+02,3.518186000000000035e+02
7.069538477711562336e+02,3.518186000000000035e+02
7.072052809767719737e+02,3.518186000000000035e+02
7.160471000000000004e+02,3.517856400000000008e+02
7.076048121500894013e+02,3.499466600000000085e+02
7.077533863170441464e+02,3.499466600000000085e+02
7.080043433234068289e+02,3.499466600000000085e+02
7.080510665393794625e+02,3.499466600000000085e+02
7.084038744967242565e+02,3.499466600000000085e+02
7.085529248629320591e+02,3.499466600000000085e+02
7.088034056700416841e+02,3.499466600000000085e+02
7.086485634449761619e+02,3.499466600000000085e+02
7.092029368433592253e+02,3.499466600000000085e+02
7.093524634088200855e+02,3.499466600000000085e+02
7.096024680166766530e+02,3.499466600000000085e+02
7.096520518377088820e+02,3.499466600000000085e+02
7.100019991899940806e+02,3.499466600000000085e+02
7.101520019547079983e+02,3.499466600000000085e+02
7.104015303633116218e+02,3.499466600000000085e+02
7.098521749999999884e+02,3.499466600000000085e+02
7.108010615366290494e+02,3.499466600000000085e+02
7.109515405005960247e+02,3.499466600000000085e+02
7.112005927099464770e+02,3.499466600000000085e+02
7.112530371360383015e+02,3.499466600000000085e+02
7.116001238832639046e+02,3.499466600000000085e+02
7.117510790464839374e+02,3.499466600000000085e+02
7.119996550565813322e+02,3.499466600000000085e+02
7.118581942583732598e+02,3.499466600000000085e+02
7.123991862298987598e+02,3.499466600000000085e+02
7.125506175923719638e+02,3.499466600000000085e+02
7.127987174032163011e+02,3.499466600000000085e+02
7.128540224343676073e+02,3.499466600000000085e+02
7.131982485765337287e+02,3.499466600000000085e+02
7.133501561382598766e+02,3.499466600000000085e+02
7.135977797498511563e+02,3.499466600000000085e+02
7.226097999999999502e+02,3.700096399999999903e+02
7.139973109231685839e+02,3.517856400000000008e+02
7.141496946841477893e+02,3.517856400000000008e+02
7.143968420964861252e+02,3.517856400000000008e+02
7.144550077326969131e+02,3.517856400000000008e+02
7.147963732698035528e+02,3.517856400000000008e+02
7.149492332300358157e+02,3.517856400000000008e+02
7.151959044431209804e+02,3.517856400000000008e+02
7.150678250717703577e+02,3.517856400000000008e+02
7.155954356164384080e+02,3.517856400000000008e+02
7.157487717759238421e+02,3.517856400000000008e+02
7.159949667897558356e+02,3.517856400000000008e+02
7.160559930310263326e+02,3.517856400000000008e+02
7.163944979630732632e+02,3.517856400000000008e+02
7.165483103218116412e+02,3.517856400000000008e+02
7.167940291363906908e+02,4.560988800000000083e+02
7.163022984615384985e+02,3.517856400000000008e+02
7.171935603097082321e+02,4.703337399999999775e+02
7.173478488676996676e+02,4.703337399999999775e+02
7.175930914830256597e+02,4.703337399999999775e+02
7.176569783293556384e+02,4.703337399999999775e+02
7.179926226563432010e+02,4.703337399999999775e+02
7.181473874135876940e+02,4.703337399999999775e+02
7.183921538296606286e+02,4.703337399999999775e+02
7.182774558851674556e+02,4.703337399999999775e+02
7.187916850029780562e+02,4.333819599999999923e+02
7.189469259594756068e+02,4.333819599999999923e+02
7.191912161762954838e+02,4.333819599999999923e+02
7.192579636276850579e+02,4.333819599999999923e+02
7.195907473496129114e+02,4.333819599999999923e+02
7.197464645053635195e+02,4.333819599999999923e+02
7.199902785229303390e+02,4.333819599999999923e+02
7.237709999999999582e+02,3.988213999999999828e+02
7.203898096962477666e+02,3.700096399999999903e+02
7.205460030512515459e+02,3.700096399999999903e+02
7.207893408695651942e+02,3.700096399999999903e+02
7.208589489260143637e+02,3.700096399999999903e+02
7.211888720428827355e+02,3.700096399999999903e+02
7.213455415971395723e+02,3.700096399999999903e+02
7.215884032162001631e+02,3.700096399999999903e+02
7.214870866985645534e+02,3.700096399999999903e+02
7.219879343895177044e+02,3.700096399999999903e+02
7.221450801430274851e+02,3.700096399999999903e+02
7.223874655628351320e+02,3.700096399999999903e+02
7.224599342243436695e+02,3.700096399999999903e+02
7.227869967361525596e+02,3.700096399999999903e+02
7.229446186889153978e+02,3.700096399999999903e+02
7.231865279094699872e+02,3.700096399999999903e+02
7.227524219230770086e+02,3.700096399999999903e+02
7.235860590827874148e+02,3.988213999999999828e+02
7.237441572348034242e+02,3.988213999999999828e+02
7.239855902561048424e+02,4.779802199999999743e+02
7.240609195226730890e+02,4.779802199999999743e+02
7.243851214294222700e+02,4.779802199999999743e+02
7.245436957806913369e+02,4.779802199999999743e+02
7.247846526027398113e+02,4.779802199999999743e+02
7.246967175119617650e+02,4.779802199999999743e+02
7.251841837760572389e+02,4.779802199999999743e+02
7.253432343265792497e+02,4.779802199999999743e+02
7.255837149493746665e+02,4.779802199999999743e+02
7.256619048210025085e+02,4.779802199999999743e+02
7.259832461226922078e+02,4.779802199999999743e+02
7.261427728724672761e+02,4.779802199999999743e+02
7.263827772960096354e+02,4.779802199999999743e+02
7.192254599999999982e+02,4.333819599999999923e+02
7.267823084693270630e+02,4.779802199999999743e+02
7.269423114183553025e+02,4.779802199999999743e+02
7.271818396426444906e+02,4.779802199999999743e+02
7.272628901193318143e+02,4.779802199999999743e+02
7.275813708159619182e+02,4.779802199999999743e+02
7.277418499642432153e+02,4.779802199999999743e+02
7.279809019892793458e+02,4.779802199999999743e+02
7.279063483253589766e+02,4.779802199999999743e+02
7.283804331625967734e+02,4.779802199999999743e+02
7.285413885101311280e+02,4.779802199999999743e+02
7.287799643359143147e+02,4.779802199999999743e+02
7.288638754176611201e+02,4.779802199999999743e+02
7.291794955092317423e+02,4.779802199999999743e+02
7.293409270560191544e+02,4.779802199999999743e+02
7.295790266825491699e+02,4.779802199999999743e+02
7.292025453846154051e+02,4.779802199999999743e+02
7.299785578558667112e+02,4.779802199999999743e+02
7.301404656019070671e+02,4.779802199999999743e+02
7.303780890291841388e+02,4.779802199999999743e+02
7.304648607159904259e+02,4.779802199999999743e+02
7.307776202025015664e+02,4.779802199999999743e+02
7.309400041477949799e+02,4.779802199999999743e+02
7.311771513758189940e+02,4.779802199999999743e+02
7.311159791387560745e+02,4.779802199999999743e+02
7.315766825491364216e+02,4.779802199999999743e+02
7.317395426936830063e+02,4.779802199999999743e+02
7.319762137224538492e+02,4.779802199999999743e+02
7.320658460143198454e+02,4.779802199999999743e+02
7.323757448957712768e+02,4.779802199999999743e+02
7.325390812395710327e+02,4.779802199999999743e+02
7.327752760690888181e+02,4.779802199999999743e+02
7.168208600000000388e+02,4.560988800000000083e+02
7.331748072424062457e+02,4.805566400000000158e+02
7.333386197854589454e+02,4.805566400000000158e+02
7.335743384157237870e+02,4.805566400000000158e+02
7.336668313126492649e+02,4.805566400000000158e+02
7.339738695890412146e+02,4.805566400000000158e+02
7.341381583313468582e+02,4.805566400000000158e+02
7.343734007623586422e+02,4.805566400000000158e+02
7.343256099521531723e+02,4.805566400000000158e+02
7.347729319356760698e+02,4.805566400000000158e+02
7.349376968772348846e+02,4.805566400000000158e+02
7.351724631089934974e+02,4.805566400000000158e+02
7.352678166109785707e+02,4.805566400000000158e+02
7.355719942823109250e+02,4.805566400000000158e+02
7.357372354231227973e+02,4.805566400000000158e+02
7.359715254556283526e+02,4.805566400000000158e+02
7.356526688461539152e+02,4.805566400000000158e+02
7.363710566289457802e+02,4.805566400000000158e+02
7.365367739690107101e+02,4.805566400000000158e+02
7.367705878022633215e+02,4.805566400000000158e+02
7.368688019093078765e+02,4.805566400000000158e+02
7.371701189755807491e+02,4.805566400000000158e+02
7.373363125148987365e+02,4.805566400000000158e+02
7.375696501488982904e+02,4.805566400000000158e+02
7.375352407655502702e+02,4.805566400000000158e+02
7.379691813222157180e+02,4.805566400000000158e+02
7.381358510607867629e+02,4.805566400000000158e+02
7.383687124955331456e+02,4.805566400000000158e+02
7.384697872076372960e+02,4.805566400000000158e+02
7.387682436688505732e+02,4.805566400000000158e+02
7.389353896066746756e+02,4.805566400000000158e+02
7.391677748421680008e+02,4.805566400000000158e+02
7.186174999999999500e+02,4.703337399999999775e+02
7.395673060154854284e+02,4.805566400000000158e+02
7.397349281525625884e+02,4.805566400000000158e+02
7.399668371888028560e+02,4.805566400000000158e+02
7.400707725059667155e+02,4.805566400000000158e+02
7.403663683621203973e+02,4.805566400000000158e+02
7.405344666984506148e+02,4.805566400000000158e+02
7.407658995354378249e+02,4.805566400000000158e+02
7.407448715789473681e+02,4.805566400000000158e+02
7.411654307087552525e+02,4.805566400000000158e+02
7.413340052443385275e+02,4.805566400000000158e+02
7.415649618820727937e+02,4.805566400000000158e+02
7.416717578042960213e+02,4.805566400000000158e+02
7.419644930553902213e+02,4.805566400000000158e+02
7.421335437902264403e+02,4.805566400000000158e+02
7.423640242287076489e+02,4.805566400000000158e+02
7.421027923076924253e+02,4.805566400000000158e+02
7.427635554020250765e+02,4.805566400000000158e+02
7.429330823361144667e+02,4.805566400000000158e+02
7.431630865753425041e+02,4.805566400000000158e+02
7.432727431026253271e+02,4.805566400000000158e+02
7.435626177486599317e+02,4.805566400000000158e+02
7.437326208820024931e+02,4.805566400000000158e+02
7.439621489219773594e+02,4.805566400000000158e+02
7.439545023923444660e+02,4.805566400000000158e+02
7.443616800952949006e+02,4.805566400000000158e+02
7.445321594278904058e+02,4.805566400000000158e+02
7.447612112686123282e+02,4.805566400000000158e+02
7.448737284009546329e+02,4.805566400000000158e+02
7.451607424419297558e+02,4.805566400000000158e+02
7.453316979737783186e+02,4.805566400000000158e+02
7.455602736152472971e+02,4.805566400000000158e+02
7.243423000000000229e+02,4.779802199999999743e+02
7.459598047885647247e+02,4.805566400000000158e+02
7.461312365196663450e+02,4.805566400000000158e+02
7.463593359618821523e+02,4.805566400000000158e+02
7.464747136992840524e+02,4.805566400000000158e+02
7.467588671351995799e+02,4.805566400000000158e+02
7.469307750655542577e+02,4.805566400000000158e+02
7.471583983085170075e+02,4.805566400000000158e+02
7.471641332057416776e+02,4.805566400000000158e+02
7.475579294818344351e+02,4.805566400000000158e+02
7.477303136114421704e+02,4.805566400000000158e+02
7.479574606551518627e+02,4.805566400000000158e+02
7.480756989976134719e+02,4.805566400000000158e+02
7.483569918284694040e+02,4.805566400000000158e+02
7.485298521573301969e+02,4.805566400000000158e+02
7.487565230017868316e+02,4.805566400000000158e+02
7.485529157692308218e+02,4.805566400000000158e+02
7.491560541751043729e+02,4.805566400000000158e+02
7.493293907032182233e+02,4.805566400000000158e+02
7.495555853484218005e+02,4.805566400000000158e+02
7.496766842959427777e+02,4.805566400000000158e+02
7.499551165217392281e+02,4.805566400000000158e+02
7.501289292491061360e+02,4.805566400000000158e+02
7.503546476950566557e+02,4.805566400000000158e+02
7.503737640191387754e+02,4.805566400000000158e+02
7.507541788683740833e+02,4.805566400000000158e+02
7.509284677949940487e+02,4.805566400000000158e+02
7.511537100416915109e+02,4.805566400000000158e+02
7.512776695942720835e+02,4.805566400000000158e+02
7.515532412150089385e+02,4.805566400000000158e+02
7.517280063408820752e+02,4.805566400000000158e+02
7.519527723883263661e+02,4.805566400000000158e+02
7.405650000000000546e+02,4.805566400000000158e+02
7.523523035616439074e+02,4.805566400000000158e+02
7.525275448867699879e+02,4.805566400000000158e+02
7.527518347349613350e+02,4.805566400000000158e+02
7.528786548926015030e+02,4.805566400000000158e+02
7.531513659082788763e+02,4.805566400000000158e+02
7.533270834326579006e+02,4.805566400000000158e+02
7.535508970815963039e+02,4.805566400000000158e+02
7.535833948325359870e+02,4.805566400000000158e+02
7.539504282549137315e+02,4.805566400000000158e+02
7.541266219785459270e+02,4.805566400000000158e+02
7.543499594282311591e+02,4.805566400000000158e+02
7.544796401909309225e+02,4.805566400000000158e+02
7.547494906015485867e+02,4.805566400000000158e+02
7.549261605244339535e+02,4.805566400000000158e+02
7.551490217748660143e+02,4.805566400000000158e+02
7.550030392307692182e+02,4.805566400000000158e+02
7.555485529481834419e+02,4.805566400000000158e+02
7.557256990703218662e+02,4.805566400000000158e+02
7.559480841215009832e+02,4.805566400000000158e+02
7.560806254892602283e+02,4.805566400000000158e+02
7.563476152948184108e+02,4.805566400000000158e+02
7.565252376162097789e+02,4.805566400000000158e+02
7.567471464681358384e+02,4.805566400000000158e+02
7.567930256459330849e+02,4.805566400000000158e+02
7.571466776414533797e+02,4.805566400000000158e+02
7.573247761620978054e+02,4.805566400000000158e+02
7.575462088147708073e+02,4.805566400000000158e+02
7.576816107875895341e+02,4.805566400000000158e+02
7.579457399880882349e+02,4.805566400000000158e+02
7.581243147079857181e+02,4.805566400000000158e+02
7.583452711614056625e+02,4.805566400000000158e+02
7.710866999999999507e+02,4.656410000000000196e+02
7.587448023347230901e+02,4.656410000000000196e+02
7.589238532538736308e+02,4.656410000000000196e+02
7.591443335080405177e+02,4.656410000000000196e+02
7.592825960859188399e+02,4.656410000000000196e+02
7.595438646813579453e+02,4.656410000000000196e+02
7.597233917997616572e+02,4.656410000000000196e+02
7.599433958546754866e+02,4.656410000000000196e+02
7.600026564593301828e+02,4.656410000000000196e+02
7.603429270279929142e+02,4.656410000000000196e+02
7.605229303456496837e+02,4.656410000000000196e+02
7.607424582013103418e+02,4.656410000000000196e+02
7.608835813842482594e+02,4.656410000000000196e+02
7.611419893746278831e+02,4.656410000000000196e+02
7.613224688915375964e+02,4.656410000000000196e+02
7.615415205479453107e+02,4.656410000000000196e+02
7.614531626923077283e+02,4.656410000000000196e+02
7.619410517212627383e+02,4.656410000000000196e+02
7.621220074374255091e+02,4.656410000000000196e+02
7.623405828945801659e+02,4.656410000000000196e+02
7.624845666825776789e+02,4.656410000000000196e+02
7.627401140678975935e+02,4.656410000000000196e+02
7.629215459833135355e+02,4.656410000000000196e+02
7.631396452412150211e+02,4.656410000000000196e+02
7.632122872727272807e+02,4.656410000000000196e+02
7.635391764145324487e+02,4.656410000000000196e+02
7.637210845292015620e+02,4.656410000000000196e+02
7.639387075878499900e+02,4.656410000000000196e+02
7.640855519809069847e+02,4.656410000000000196e+02
7.643382387611674176e+02,4.656410000000000196e+02
7.645206230750893610e+02,4.656410000000000196e+02
7.647377699344849589e+02,4.656410000000000196e+02
7.966925999999999704e+02,4.447993200000000229e+02
7.651373011078023865e+02,4.656410000000000196e+02
7.653201616209773874e+02,4.656410000000000196e+02
7.655368322811198141e+02,4.656410000000000196e+02
7.656865372792362905e+02,4.656410000000000196e+02
7.659363634544372417e+02,4.656410000000000196e+02
7.661197001668654138e+02,4.656410000000000196e+02
7.663358946277546693e+02,4.656410000000000196e+02
7.664219180861243785e+02,4.656410000000000196e+02
7.667354258010720969e+02,4.656410000000000196e+02
7.669192387127533266e+02,4.656410000000000196e+02
7.671349569743895245e+02,4.656410000000000196e+02
7.672875225775657100e+02,4.656410000000000196e+02
7.675344881477069521e+02,4.656410000000000196e+02
7.677187772586412393e+02,4.656410000000000196e+02
7.679340193210244934e+02,4.656410000000000196e+02
7.679032861538462384e+02,4.656410000000000196e+02
7.683335504943419210e+02,4.656410000000000196e+02
7.685183158045292657e+02,4.656410000000000196e+02
7.687330816676594623e+02,4.656410000000000196e+02
7.688885078758951295e+02,4.656410000000000196e+02
7.691326128409768899e+02,4.656410000000000196e+02
7.693178543504172922e+02,4.656410000000000196e+02
7.695321440142943175e+02,4.656410000000000196e+02
7.696315488995215901e+02,4.656410000000000196e+02
7.699316751876117451e+02,4.656410000000000196e+02
7.701173928963050912e+02,4.656410000000000196e+02
7.703312063609291727e+02,4.656410000000000196e+02
7.704894931742244353e+02,4.656410000000000196e+02
7.707307375342466003e+02,4.656410000000000196e+02
7.709169314421931176e+02,4.656410000000000196e+02
7.711302687075640279e+02,4.656410000000000196e+02
8.189248700000000554e+02,4.189275999999999840e+02
7.715297998808815692e+02,4.656410000000000196e+02
7.717164699880811440e+02,4.656410000000000196e+02
7.719293310541989968e+02,4.656410000000000196e+02
7.720904784725537411e+02,4.656410000000000196e+02
7.723288622275164244e+02,4.656410000000000196e+02
7.725160085339690568e+02,4.656410000000000196e+02
7.727283934008339656e+02,4.656410000000000196e+02
7.728411797129186880e+02,4.656410000000000196e+02
7.731279245741513932e+02,4.656410000000000196e+02
7.733155470798569695e+02,4.656410000000000196e+02
7.735274557474688208e+02,4.656410000000000196e+02
7.736914637708830469e+02,4.656410000000000196e+02
7.739269869207862484e+02,4.656410000000000196e+02
7.741150856257449959e+02,4.656410000000000196e+02
7.743265180941036760e+02,4.656410000000000196e+02
7.743534096153846349e+02,4.656410000000000196e+02
7.747260492674211037e+02,4.656410000000000196e+02
7.749146241716330223e+02,4.656410000000000196e+02
7.751255804407385313e+02,4.656410000000000196e+02
7.752924490692124664e+02,4.656410000000000196e+02
7.755251116140560725e+02,4.656410000000000196e+02
7.757141627175208214e+02,4.656410000000000196e+02
7.759246427873735001e+02,4.656410000000000196e+02
7.760508105263158996e+02,4.656410000000000196e+02
7.763241739606909277e+02,4.656410000000000196e+02
7.765137012634088478e+02,4.656410000000000196e+02
7.767237051340084690e+02,4.656410000000000196e+02
7.768934343675418859e+02,4.656410000000000196e+02
7.771232363073258966e+02,4.656410000000000196e+02
7.773132398092968742e+02,4.656410000000000196e+02
7.775227674806433242e+02,4.656410000000000196e+02
8.324726600000000190e+02,4.046146200000000022e+02
7.779222986539607518e+02,4.656410000000000196e+02
7.781127783551847870e+02,4.656410000000000196e+02
7.783218298272781794e+02,4.656410000000000196e+02
7.784944196658711917e+02,4.656410000000000196e+02
7.787213610005956070e+02,4.656410000000000196e+02
7.789123169010726997e+02,4.656410000000000196e+02
7.791208921739130346e+02,4.656410000000000196e+02
7.792604413397129974e+02,4.656410000000000196e+02
7.795204233472305759e+02,4.656410000000000196e+02
7.797118554469607261e+02,4.656410000000000196e+02
7.799199545205480035e+02,4.656410000000000196e+02
7.800954049642004975e+02,4.656410000000000196e+02
7.803194856938655448e+02,4.656410000000000196e+02
7.805113939928487525e+02,4.656410000000000196e+02
7.807190168671829724e+02,4.656410000000000196e+02
7.808035330769231450e+02,4.656410000000000196e+02
7.811185480405004000e+02,4.656410000000000196e+02
7.813109325387366653e+02,4.656410000000000196e+02
7.815180792138178276e+02,4.656410000000000196e+02
7.816963902625299170e+02,4.656410000000000196e+02
7.819176103871352552e+02,4.656410000000000196e+02
7.821104710846245780e+02,4.656410000000000196e+02
7.823171415604526828e+02,4.656410000000000196e+02
7.824700721531100953e+02,4.656410000000000196e+02
7.827166727337701104e+02,4.656410000000000196e+02
7.829100096305126044e+02,4.656410000000000196e+02
7.831162039070875380e+02,4.656410000000000196e+02
7.832973755608592228e+02,4.656410000000000196e+02
7.835157350804050793e+02,4.656410000000000196e+02
7.837095481764005171e+02,4.656410000000000196e+02
7.839152662537225069e+02,4.656410000000000196e+02
8.404302999999999884e+02,3.966186500000000024e+02
7.843147974270400482e+02,4.447993200000000229e+02
7.845090867222884299e+02,4.447993200000000229e+02
7.847143286003574758e+02,4.447993200000000229e+02
7.848983608591886423e+02,4.447993200000000229e+02
7.851138597736749034e+02,4.447993200000000229e+02
7.853086252681764563e+02,4.447993200000000229e+02
7.855133909469923310e+02,4.447993200000000229e+02
7.856797029665071932e+02,4.447993200000000229e+02
7.859129221203097586e+02,4.447993200000000229e+02
7.861081638140644827e+02,4.447993200000000229e+02
7.863124532936271862e+02,4.447993200000000229e+02
7.864993461575179481e+02,4.447993200000000229e+02
7.867119844669446138e+02,4.447993200000000229e+02
7.869077023599523955e+02,4.447993200000000229e+02
7.871115156402621551e+02,4.447993200000000229e+02
7.872536565384616551e+02,4.447993200000000229e+02
7.875110468135795827e+02,4.447993200000000229e+02
7.877072409058403082e+02,4.447993200000000229e+02
7.879105779868970103e+02,4.447993200000000229e+02
7.881003314558472539e+02,4.447993200000000229e+02
7.883101091602145516e+02,4.447993200000000229e+02
7.885067794517283346e+02,4.447993200000000229e+02
7.887096403335319792e+02,4.447993200000000229e+02
7.888893337799042911e+02,4.447993200000000229e+02
7.891091715068494068e+02,4.447993200000000229e+02
7.893063179976162473e+02,4.447993200000000229e+02
7.895087026801668344e+02,4.447993200000000229e+02
7.897013167541766734e+02,4.447993200000000229e+02
7.899082338534842620e+02,4.447993200000000229e+02
7.901058565435041601e+02,4.447993200000000229e+02
7.903077650268016896e+02,4.447993200000000229e+02
8.437750999999999522e+02,3.943718299999999886e+02
7.907072962001191172e+02,4.447993200000000229e+02
7.909053950893921865e+02,4.447993200000000229e+02
7.911068273734366585e+02,4.447993200000000229e+02
7.913023020525060929e+02,4.447993200000000229e+02
7.915063585467540861e+02,4.447993200000000229e+02
7.917049336352802129e+02,4.447993200000000229e+02
7.919058897200715137e+02,4.447993200000000229e+02
7.920989645933015026e+02,4.447993200000000229e+02
7.923054208933890550e+02,4.447993200000000229e+02
7.925044721811681256e+02,4.447993200000000229e+02
7.927049520667064826e+02,4.447993200000000229e+02
7.929032873508353987e+02,4.447993200000000229e+02
7.931044832400239102e+02,4.447993200000000229e+02
7.933040107270560384e+02,4.447993200000000229e+02
7.935040144133413378e+02,4.447993200000000229e+02
7.937037800000000516e+02,4.447993200000000229e+02
7.939035455866587654e+02,4.447993200000000229e+02
7.941035492729440648e+02,4.447993200000000229e+02
7.943030767599761930e+02,4.447993200000000229e+02
7.945042726491647045e+02,4.447993200000000229e+02
7.947026079332936206e+02,4.447993200000000229e+02
7.949030878188319775e+02,4.447993200000000229e+02
7.951021391066111619e+02,4.447993200000000229e+02
7.953085954066986005e+02,4.447993200000000229e+02
7.955016702799285895e+02,4.447993200000000229e+02
7.957026263647198903e+02,4.447993200000000229e+02
7.959012014532461308e+02,4.447993200000000229e+02
7.961052579474940103e+02,4.447993200000000229e+02
7.963007326265635584e+02,4.447993200000000229e+02
7.965021649106079167e+02,4.447993200000000229e+02
7.967002637998809860e+02,4.447993200000000229e+02
8.445028999999999542e+02,3.954378699999999753e+02
7.970997949731984136e+02,4.447993200000000229e+02
7.973017034564959431e+02,4.447993200000000229e+02
7.974993261465158412e+02,4.447993200000000229e+02
7.977062432458234298e+02,4.447993200000000229e+02
7.978988573198332688e+02,4.447993200000000229e+02
7.981012420023838558e+02,4.447993200000000229e+02
7.982983884931506964e+02,4.447993200000000229e+02
7.985182262200958121e+02,4.447993200000000229e+02
7.986979196664681240e+02,4.447993200000000229e+02
7.989007805482717686e+02,4.447993200000000229e+02
7.990974508397856653e+02,4.447993200000000229e+02
7.993072285441528493e+02,4.447993200000000229e+02
7.994969820131030929e+02,4.447993200000000229e+02
7.997003190941597950e+02,4.447993200000000229e+02
7.998965131864206342e+02,4.447993200000000229e+02
8.001539034615384480e+02,4.447993200000000229e+02
8.002960443597380618e+02,4.447993200000000229e+02
8.004998576400477077e+02,4.447993200000000229e+02
8.006955755330554894e+02,4.447993200000000229e+02
8.009082138424821551e+02,4.447993200000000229e+02
8.010951067063729170e+02,4.447993200000000229e+02
8.012993961859356205e+02,4.447993200000000229e+02
8.014946378796903446e+02,4.447993200000000229e+02
8.017278570334929100e+02,4.447993200000000229e+02
8.018941690530077722e+02,4.447993200000000229e+02
8.020989347318236469e+02,4.447993200000000229e+02
8.022937002263251998e+02,4.447993200000000229e+02
8.025091991408114609e+02,4.447993200000000229e+02
8.026932313996427411e+02,4.447993200000000229e+02
8.028984732777116733e+02,4.447993200000000229e+02
8.030927625729601687e+02,4.447993200000000229e+02
8.442295000000000300e+02,4.083995400000000018e+02
8.034922937462775963e+02,4.447993200000000229e+02
8.036980118235995860e+02,4.447993200000000229e+02
8.038918249195951375e+02,4.447993200000000229e+02
8.041101844391408804e+02,4.447993200000000229e+02
8.042913560929125651e+02,4.447993200000000229e+02
8.044975503694874988e+02,4.447993200000000229e+02
8.046908872662299927e+02,4.447993200000000229e+02
8.049374878468900079e+02,4.447993200000000229e+02
8.050904184395474203e+02,4.447993200000000229e+02
8.052970889153755252e+02,4.447993200000000229e+02
8.054899496128648479e+02,4.447993200000000229e+02
8.057111697374702999e+02,4.447993200000000229e+02
8.058894807861822756e+02,4.447993200000000229e+02
8.060966274612634379e+02,4.447993200000000229e+02
8.062890119594997032e+02,4.447993200000000229e+02
8.066040269230769582e+02,4.447993200000000229e+02
8.066885431328172444e+02,4.447993200000000229e+02
8.068961660071513506e+02,4.447993200000000229e+02
8.070880743061346720e+02,4.447993200000000229e+02
8.073121550357996057e+02,4.447993200000000229e+02
8.074876054794520996e+02,4.447993200000000229e+02
8.076957045530393771e+02,4.447993200000000229e+02
8.078871366527696409e+02,4.447993200000000229e+02
8.081471186602871057e+02,4.447993200000000229e+02
8.082866678260870685e+02,4.447993200000000229e+02
8.084952430989274035e+02,4.447993200000000229e+02
8.086861989994044961e+02,4.447993200000000229e+02
8.089131403341289115e+02,4.447993200000000229e+02
8.090857301727219237e+02,4.447993200000000229e+02
8.092947816448153162e+02,4.447993200000000229e+02
8.094852613460393513e+02,4.447993200000000229e+02
8.410375000000000227e+02,4.353409399999999891e+02
8.098847925193567789e+02,4.189275999999999840e+02
8.100943201907032289e+02,4.189275999999999840e+02
8.102843236926742065e+02,4.189275999999999840e+02
8.105141256324582173e+02,4.189275999999999840e+02
8.106838548659917478e+02,4.189275999999999840e+02
8.108938587365912554e+02,4.189275999999999840e+02
8.110833860393091754e+02,4.189275999999999840e+02
8.113567494736842036e+02,4.189275999999999840e+02
8.114829172126267167e+02,4.189275999999999840e+02
8.116933972824791681e+02,4.189275999999999840e+02
8.118824483859441443e+02,4.189275999999999840e+02
8.121151109307876368e+02,4.189275999999999840e+02
8.122819795592615719e+02,4.189275999999999840e+02
8.124929358283670808e+02,4.189275999999999840e+02
8.126815107325789995e+02,4.189275999999999840e+02
8.130541503846154683e+02,4.189275999999999840e+02
8.130810419058964271e+02,4.189275999999999840e+02
8.132924743742551073e+02,4.189275999999999840e+02
8.134805730792138547e+02,4.189275999999999840e+02
8.137160962291170563e+02,4.189275999999999840e+02
8.138801042525312823e+02,4.189275999999999840e+02
8.140920129201431337e+02,4.189275999999999840e+02
8.142796354258487099e+02,4.189275999999999840e+02
8.145663802870814152e+02,4.189275999999999840e+02
8.146791665991662512e+02,4.189275999999999840e+02
8.148915514660310464e+02,4.189275999999999840e+02
8.150786977724836788e+02,4.189275999999999840e+02
8.153170815274463621e+02,4.189275999999999840e+02
8.154782289458012201e+02,4.189275999999999840e+02
8.156910900119189591e+02,4.189275999999999840e+02
8.158777601191186477e+02,4.189275999999999840e+02
8.397045000000000528e+02,4.539121000000000095e+02
8.162772912924360753e+02,4.189275999999999840e+02
8.164906285578069856e+02,4.189275999999999840e+02
8.166768224657535029e+02,4.189275999999999840e+02
8.169180668257756679e+02,4.189275999999999840e+02
8.170763536390709305e+02,4.189275999999999840e+02
8.172901671036948983e+02,4.189275999999999840e+02
8.174758848123883581e+02,4.189275999999999840e+02
8.177760111004785131e+02,4.189275999999999840e+02
8.178754159857057857e+02,4.189275999999999840e+02
8.180897056495828110e+02,4.189275999999999840e+02
8.182749471590233270e+02,4.189275999999999840e+02
8.185190521241050874e+02,4.189275999999999840e+02
8.186744783323407546e+02,4.189275999999999840e+02
8.188892441954708374e+02,4.189275999999999840e+02
8.190740095056581822e+02,4.189275999999999840e+02
8.195042738461538647e+02,4.189275999999999840e+02
8.194735406789757235e+02,4.189275999999999840e+02
8.196887827413588639e+02,4.189275999999999840e+02
8.198730718522931511e+02,4.189275999999999840e+02
8.201200374224345069e+02,4.189275999999999840e+02
8.202726030256105787e+02,4.189275999999999840e+02
8.204883212872467766e+02,4.189275999999999840e+02
8.206721341989280063e+02,4.189275999999999840e+02
8.209856419138757246e+02,4.189275999999999840e+02
8.210716653722454339e+02,4.189275999999999840e+02
8.212878598331346893e+02,4.189275999999999840e+02
8.214711965455628615e+02,4.189275999999999840e+02
8.217210227207638127e+02,4.189275999999999840e+02
8.218707277188802891e+02,4.189275999999999840e+02
8.220873983790227157e+02,4.189275999999999840e+02
8.222702588921978304e+02,4.189275999999999840e+02
8.426377599999999575e+02,4.688014000000000010e+02
8.226697900655152580e+02,4.046146200000000022e+02
8.228869369249107422e+02,4.046146200000000022e+02
8.230693212388326856e+02,4.046146200000000022e+02
8.233220080190931185e+02,4.046146200000000022e+02
8.234688524121502269e+02,4.046146200000000022e+02
8.236864754707985412e+02,4.046146200000000022e+02
8.238683835854676545e+02,4.046146200000000022e+02
8.241952727272728225e+02,4.046146200000000022e+02
8.242679147587850821e+02,4.046146200000000022e+02
8.244860140166865676e+02,4.046146200000000022e+02
8.246674459321025097e+02,4.046146200000000022e+02
8.249229933174224243e+02,4.046146200000000022e+02
8.250669771054199373e+02,4.046146200000000022e+02
8.252855525625745940e+02,4.046146200000000022e+02
8.254665082787373649e+02,4.046146200000000022e+02
8.259543973076923749e+02,4.046146200000000022e+02
8.258660394520547925e+02,4.046146200000000022e+02
8.260850911084625068e+02,4.046146200000000022e+02
8.262655706253723338e+02,4.046146200000000022e+02
8.265239786157518438e+02,4.046146200000000022e+02
8.266651017986897614e+02,4.046146200000000022e+02
8.268846296543504195e+02,4.046146200000000022e+02
8.270646329720073027e+02,4.046146200000000022e+02
8.274049035406699204e+02,4.046146200000000022e+02
8.274641641453247303e+02,4.046146200000000022e+02
8.276841682002384459e+02,4.046146200000000022e+02
8.278636953186421579e+02,4.046146200000000022e+02
8.281249639140812633e+02,4.046146200000000022e+02
8.282632264919595855e+02,4.046146200000000022e+02
8.284837067461264724e+02,4.046146200000000022e+02
8.286627576652770131e+02,4.046146200000000022e+02
8.473115999999999985e+02,4.771193999999999846e+02
8.290622888385944407e+02,4.046146200000000022e+02
8.292832452920142714e+02,4.046146200000000022e+02
8.294618200119118683e+02,4.046146200000000022e+02
8.297259492124105691e+02,4.046146200000000022e+02
8.298613511852292959e+02,4.046146200000000022e+02
8.300827838379022978e+02,4.046146200000000022e+02
8.302608823585468372e+02,4.046146200000000022e+02
8.306145343540670183e+02,4.046146200000000022e+02
8.306604135318642648e+02,4.046146200000000022e+02
8.308823223837903242e+02,4.046146200000000022e+02
8.310599447051818061e+02,4.046146200000000022e+02
8.313269345107398749e+02,4.046146200000000022e+02
8.314594758784992337e+02,4.046146200000000022e+02
8.316818609296782370e+02,4.046146200000000022e+02
8.318590070518166613e+02,4.046146200000000022e+02
8.324045207692308850e+02,4.046146200000000022e+02
8.322585382251340889e+02,4.046146200000000022e+02
8.324813994755661497e+02,4.046146200000000022e+02
8.326580693984515165e+02,4.046146200000000022e+02
8.329279198090692944e+02,4.046146200000000022e+02
8.330576005717689441e+02,4.046146200000000022e+02
8.332809380214541761e+02,4.046146200000000022e+02
8.334571317450863717e+02,4.046146200000000022e+02
8.338241651674641162e+02,4.046146200000000022e+02
8.338566629184039130e+02,4.046146200000000022e+02
8.340804765673422025e+02,4.046146200000000022e+02
8.342561940917213406e+02,4.046146200000000022e+02
8.345289051073987139e+02,4.046146200000000022e+02
8.346557252650387682e+02,4.046146200000000022e+02
8.348800151132301153e+02,4.046146200000000022e+02
8.350552564383563094e+02,4.046146200000000022e+02
8.602159000000000333e+02,4.816862800000000107e+02
8.354547876116737370e+02,4.406870000000000118e+02
8.356795536591180280e+02,4.406870000000000118e+02
8.358543187849911646e+02,4.406870000000000118e+02
8.361298904057280197e+02,4.406870000000000118e+02
8.362538499583085922e+02,4.406870000000000118e+02
8.364790922050060544e+02,4.406870000000000118e+02
8.366533811316260199e+02,4.406870000000000118e+02
8.370337959808612140e+02,4.406870000000000118e+02
8.370529123049434475e+02,4.406870000000000118e+02
8.372786307508939672e+02,4.406870000000000118e+02
8.374524434782608751e+02,4.406870000000000118e+02
8.377308757040573255e+02,4.351548999999999978e+02
8.378519746515784163e+02,4.351548999999999978e+02
8.380781692967818799e+02,4.351548999999999978e+02
8.382515058248958439e+02,4.351548999999999978e+02
8.388546442307692814e+02,4.539121000000000095e+02
8.386510369982132715e+02,4.539121000000000095e+02
8.388777078426699063e+02,4.539121000000000095e+02
8.390505681715308128e+02,4.539121000000000095e+02
8.393318610023866313e+02,4.539121000000000095e+02
8.394500993448482404e+02,4.539121000000000095e+02
8.396772463885579327e+02,4.539121000000000095e+02
8.398496305181656680e+02,4.539121000000000095e+02
8.402434267942584256e+02,3.966186500000000024e+02
8.402491616914830956e+02,3.966186500000000024e+02
8.404767849344458455e+02,3.966186500000000024e+02
8.406486928648005232e+02,3.966186500000000024e+02
8.409328463007160508e+02,4.353409399999999891e+02
8.410482240381179508e+02,4.353409399999999891e+02
8.412763234803337582e+02,4.424911999999999921e+02
8.414477552114353784e+02,4.424911999999999921e+02
8.825644999999999527e+02,4.722980999999999767e+02
8.418472863847529197e+02,4.688014000000000010e+02
8.420758620262217846e+02,4.688014000000000010e+02
8.422468175580703473e+02,4.688014000000000010e+02
8.425338315990454703e+02,4.688014000000000010e+02
8.426463487313878886e+02,4.688014000000000010e+02
8.428754005721096974e+02,4.688014000000000010e+02
8.430458799047053162e+02,4.688014000000000010e+02
8.434530576076556372e+02,3.943718299999999886e+02
8.434454110780227438e+02,3.943718299999999886e+02
8.436749391179976101e+02,3.943718299999999886e+02
8.438449422513401714e+02,3.943718299999999886e+02
8.441348168973747761e+02,4.083995400000000018e+02
8.442444734246575990e+02,4.083995400000000018e+02
8.444744776638856365e+02,3.954378699999999753e+02
8.446440045979750266e+02,3.954378699999999753e+02
8.453047676923076779e+02,3.954378699999999753e+02
8.450435357712924542e+02,3.954378699999999753e+02
8.452740162097736629e+02,3.954378699999999753e+02
8.454430669446098818e+02,3.954378699999999753e+02
8.457358021957040819e+02,3.954378699999999753e+02
8.458425981179274231e+02,3.954378699999999753e+02
8.460735547556615757e+02,3.954378699999999753e+02
8.462421292912448507e+02,3.954378699999999753e+02
8.466626884210527351e+02,4.177253400000000170e+02
8.466416604645623920e+02,4.177253400000000170e+02
8.468730933015494884e+02,4.177253400000000170e+02
8.470411916378798196e+02,4.177253400000000170e+02
8.473367874940335014e+02,4.771193999999999846e+02
8.474407228111972472e+02,4.771193999999999846e+02
8.476726318474375148e+02,4.771193999999999846e+02
8.478402539845146748e+02,4.771193999999999846e+02
9.023405999999999949e+02,4.568722999999999956e+02
8.482397851578321024e+02,4.771193999999999846e+02
8.484721703933254275e+02,4.771193999999999846e+02
8.486393163311495300e+02,4.771193999999999846e+02
8.489377727923628072e+02,4.771193999999999846e+02
8.490388475044669576e+02,4.771193999999999846e+02
8.492717089392133403e+02,4.771193999999999846e+02
8.494383786777844989e+02,4.771193999999999846e+02
8.498723192344498329e+02,4.771193999999999846e+02
8.498379098511019265e+02,4.771193999999999846e+02
8.500712474851013667e+02,4.771193999999999846e+02
8.502374410244193541e+02,4.771193999999999846e+02
8.505387580906922267e+02,4.771193999999999846e+02
8.506369721977368954e+02,4.771193999999999846e+02
8.508707860309893931e+02,4.771193999999999846e+02
8.510365033710543230e+02,4.771193999999999846e+02
8.517548911538463017e+02,4.771193999999999846e+02
8.514360345443717506e+02,4.771193999999999846e+02
8.516703245768773058e+02,4.771193999999999846e+02
8.518355657176891782e+02,4.771193999999999846e+02
8.521397433890215325e+02,4.771193999999999846e+02
8.522350968910066058e+02,4.771193999999999846e+02
8.524698631227652186e+02,4.771193999999999846e+02
8.526346280643240334e+02,4.771193999999999846e+02
8.530819500478469308e+02,4.771193999999999846e+02
8.530341592376414610e+02,4.771193999999999846e+02
8.532694016686532450e+02,4.771193999999999846e+02
8.534336904109590023e+02,4.771193999999999846e+02
8.537407286873508383e+02,4.771193999999999846e+02
8.538332215842764299e+02,4.771193999999999846e+02
8.540689402145411577e+02,4.771193999999999846e+02
8.542327527575938575e+02,4.771193999999999846e+02
9.127341300000000501e+02,4.365601800000000026e+02
8.546322839309113988e+02,4.816862800000000107e+02
8.548684787604290705e+02,4.816862800000000107e+02
8.550318151042288264e+02,4.816862800000000107e+02
8.553417139856802578e+02,4.816862800000000107e+02
8.554313462775462540e+02,4.816862800000000107e+02
8.556680173063170969e+02,4.816862800000000107e+02
8.558308774508636816e+02,4.816862800000000107e+02
8.562915808612440287e+02,4.816862800000000107e+02
8.562304086241811092e+02,4.816862800000000107e+02
8.564675558522051233e+02,4.816862800000000107e+02
8.566299397974985368e+02,4.816862800000000107e+02
8.569426992840096773e+02,4.816862800000000107e+02
8.570294709708159644e+02,4.816862800000000107e+02
8.572670943980930360e+02,4.816862800000000107e+02
8.574290021441335057e+02,4.816862800000000107e+02
8.582050146153846981e+02,4.816862800000000107e+02
8.578285333174509333e+02,4.816862800000000107e+02
8.580666329439809488e+02,4.816862800000000107e+02
8.582280644907684746e+02,4.816862800000000107e+02
8.585436845823389831e+02,4.816862800000000107e+02
8.586275956640859022e+02,4.816862800000000107e+02
8.588661714898689752e+02,4.816862800000000107e+02
8.590271268374033298e+02,4.816862800000000107e+02
8.595012116746411266e+02,4.816862800000000107e+02
8.594266580107207574e+02,4.816862800000000107e+02
8.596657100357568879e+02,4.816862800000000107e+02
8.598261891840381850e+02,4.816862800000000107e+02
8.601446698806682889e+02,4.816862800000000107e+02
8.602257203573556126e+02,4.816862800000000107e+02
8.604652485816448007e+02,4.816862800000000107e+02
8.606252515306730402e+02,4.816862800000000107e+02
9.213973399999999856e+02,4.086319599999999923e+02
8.610247827039904678e+02,4.016590600000000109e+02
8.612647871275328271e+02,4.016590600000000109e+02
8.614243138773080091e+02,4.016590600000000109e+02
8.617456551789975947e+02,4.016590600000000109e+02
8.618238450506254367e+02,4.016590600000000109e+02
8.620643256734208535e+02,4.016590600000000109e+02
8.622233762239429780e+02,4.016590600000000109e+02
8.627108424880383382e+02,4.357868700000000217e+02
8.626229073972604056e+02,4.357868700000000217e+02
8.628638642193087662e+02,4.357868700000000217e+02
8.630224385705778332e+02,4.357868700000000217e+02
8.633466404773270142e+02,4.357868700000000217e+02
8.634219697438952608e+02,4.357868700000000217e+02
8.636634027651966790e+02,4.357868700000000217e+02
8.638215009172126884e+02,4.357868700000000217e+02
8.646551380769230946e+02,4.357868700000000217e+02
8.642210320905301160e+02,4.357868700000000217e+02
8.644629413110847054e+02,4.357868700000000217e+02
8.646205632638475436e+02,4.357868700000000217e+02
8.649476257756564337e+02,4.357868700000000217e+02
8.650200944371650849e+02,4.357868700000000217e+02
8.652624798569726181e+02,4.357868700000000217e+02
8.654196256104825125e+02,4.357868700000000217e+02
8.659204733014354360e+02,4.357868700000000217e+02
8.658191567837999401e+02,4.357868700000000217e+02
8.660620184028605308e+02,4.357868700000000217e+02
8.662186879571174813e+02,4.357868700000000217e+02
8.665486110739857395e+02,4.357868700000000217e+02
8.666182191304349089e+02,4.357868700000000217e+02
8.668615569487485573e+02,4.357868700000000217e+02
8.670177503037523365e+02,4.357868700000000217e+02
9.193798000000000457e+02,3.919945000000000164e+02
8.674172814770697642e+02,4.357868700000000217e+02
8.676610954946365837e+02,4.357868700000000217e+02
8.678168126503871918e+02,4.357868700000000217e+02
8.681495963723150453e+02,4.357868700000000217e+02
8.682163438237046194e+02,4.357868700000000217e+02
8.684606340405244964e+02,4.357868700000000217e+02
8.686158749970220470e+02,4.357868700000000217e+02
8.691301041148326476e+02,4.357868700000000217e+02
8.690154061703395882e+02,4.357868700000000217e+02
8.692601725864124091e+02,4.357868700000000217e+02
8.694149373436570158e+02,4.357868700000000217e+02
8.697505816706444648e+02,4.357868700000000217e+02
8.698144685169744434e+02,4.357868700000000217e+02
8.700597111323004356e+02,4.357868700000000217e+02
8.702139996902919847e+02,4.357868700000000217e+02
8.711052615384616047e+02,4.357868700000000217e+02
8.706135308636094123e+02,4.357868700000000217e+02
8.708592496781883483e+02,4.357868700000000217e+02
8.710130620369268399e+02,4.357868700000000217e+02
8.713515669689738843e+02,4.357868700000000217e+02
8.714125932102442675e+02,4.357868700000000217e+02
8.716587882240762610e+02,4.357868700000000217e+02
8.718121243835616951e+02,4.357868700000000217e+02
8.723397349282297455e+02,4.357868700000000217e+02
8.722116555568791227e+02,4.357868700000000217e+02
8.724583267699642875e+02,4.357868700000000217e+02
8.726111867301965503e+02,4.357868700000000217e+02
8.729525522673031901e+02,4.357868700000000217e+02
8.730107179035140916e+02,4.357868700000000217e+02
8.732578653158523139e+02,4.357868700000000217e+02
8.734102490768315192e+02,4.357868700000000217e+02
9.142726400000000240e+02,3.833476600000000190e+02
8.738097802501490605e+02,3.868004000000000246e+02
8.740574038617402266e+02,3.868004000000000246e+02
8.742093114234664881e+02,3.868004000000000246e+02
8.745535375656324959e+02,3.868004000000000246e+02
8.746088425967839157e+02,3.868004000000000246e+02
8.748569424076281393e+02,3.868004000000000246e+02
8.750083737701013433e+02,3.868004000000000246e+02
8.755493657416268434e+02,3.868004000000000246e+02
8.754079049434187709e+02,3.868004000000000246e+02
8.756564809535161658e+02,3.868004000000000246e+02
8.758074361167361985e+02,3.868004000000000246e+02
8.761545228639618017e+02,3.868004000000000246e+02
8.762069672900536261e+02,3.868004000000000246e+02
8.764560194994041922e+02,3.868004000000000246e+02
8.766064984633710537e+02,3.868004000000000246e+02
8.775553850000001148e+02,3.868004000000000246e+02
8.770060296366885950e+02,3.868004000000000246e+02
8.772555580452919912e+02,3.868004000000000246e+02
8.774055608100060226e+02,3.868004000000000246e+02
8.777555081622912212e+02,3.868004000000000246e+02
8.778050919833235639e+02,3.868004000000000246e+02
8.780550965911800176e+02,3.868004000000000246e+02
8.782046231566409915e+02,3.868004000000000246e+02
8.787589965550239413e+02,3.868004000000000246e+02
8.786041543299584191e+02,3.868004000000000246e+02
8.788546351370680441e+02,3.868004000000000246e+02
8.790036855032758467e+02,3.868004000000000246e+02
8.793564934606206407e+02,3.868004000000000246e+02
8.794032166765932743e+02,3.868004000000000246e+02
8.796541736829559568e+02,3.868004000000000246e+02
8.798027478499107019e+02,3.868004000000000246e+02
9.001827399999999670e+02,3.783787800000000061e+02
8.802022790232281295e+02,4.722980999999999767e+02
8.804537122288438695e+02,4.722980999999999767e+02
8.806018101965456708e+02,4.722980999999999767e+02
8.809574787589499465e+02,4.722980999999999767e+02
8.810013413698630984e+02,4.722980999999999767e+02
8.812532507747318959e+02,4.722980999999999767e+02
8.814008725431805260e+02,4.722980999999999767e+02
8.819686273684210391e+02,4.722980999999999767e+02
8.818004037164980673e+02,4.722980999999999767e+02
8.820527893206199224e+02,4.722980999999999767e+02
8.821999348898154949e+02,4.722980999999999767e+02
8.825584640572792523e+02,4.722980999999999767e+02
8.825994660631329225e+02,4.722980999999999767e+02
8.828523278665077214e+02,4.722980999999999767e+02
8.829989972364503501e+02,4.722980999999999767e+02
8.840055084615385113e+02,4.722980999999999767e+02
8.833985284097677777e+02,4.722980999999999767e+02
8.836518664123957478e+02,4.722980999999999767e+02
8.837980595830852053e+02,4.722980999999999767e+02
8.841594493556086718e+02,4.722980999999999767e+02
8.841975907564026329e+02,4.722980999999999767e+02
8.844514049582837742e+02,4.722980999999999767e+02
8.845971219297201742e+02,4.722980999999999767e+02
8.851782581818182507e+02,4.722980999999999767e+02
8.849966531030376018e+02,4.722980999999999767e+02
8.852509435041716870e+02,4.722980999999999767e+02
8.853961842763550294e+02,4.722980999999999767e+02
8.857604346539380913e+02,4.722980999999999767e+02
8.857957154496725707e+02,4.722980999999999767e+02
8.860504820500595997e+02,4.722980999999999767e+02
8.861952466229899983e+02,4.722980999999999767e+02
8.793469000000000051e+02,3.868004000000000246e+02
8.865947777963074259e+02,4.722980999999999767e+02
8.868500205959476261e+02,4.722980999999999767e+02
8.869943089696248535e+02,4.722980999999999767e+02
8.873614199522673971e+02,4.722980999999999767e+02
8.873938401429422811e+02,4.722980999999999767e+02
8.876495591418356526e+02,4.722980999999999767e+02
8.877933713162597087e+02,4.722980999999999767e+02
8.883878889952153486e+02,4.722980999999999767e+02
8.881929024895771363e+02,4.722980999999999767e+02
8.884490976877234516e+02,4.722980999999999767e+02
8.885924336628946776e+02,4.722980999999999767e+02
8.889624052505967029e+02,4.722980999999999767e+02
8.889919648362121052e+02,4.722980999999999767e+02
8.892486362336114780e+02,4.722980999999999767e+02
8.893914960095296465e+02,4.722980999999999767e+02
8.904556319230769077e+02,4.722980999999999767e+02
8.897910271828470741e+02,4.722980999999999767e+02
8.900481747794995044e+02,4.722980999999999767e+02
8.901905583561645017e+02,4.722980999999999767e+02
8.905633905489260087e+02,4.722980999999999767e+02
8.905900895294819293e+02,4.722980999999999767e+02
8.908477133253874172e+02,4.722980999999999767e+02
8.909896207027993569e+02,4.722980999999999767e+02
8.915975198086125602e+02,4.722980999999999767e+02
8.913891518761167845e+02,4.722980999999999767e+02
8.916472518712753299e+02,4.722980999999999767e+02
8.917886830494342121e+02,4.722980999999999767e+02
8.921643758472554282e+02,4.722980999999999767e+02
8.921882142227516397e+02,4.722980999999999767e+02
8.924467904171633563e+02,4.722980999999999767e+02
8.925877453960691810e+02,4.722980999999999767e+02
8.618957000000000335e+02,4.016590600000000109e+02
8.929872765693866086e+02,4.145936300000000188e+02
8.932463289630513827e+02,4.145936300000000188e+02
8.933868077427041499e+02,4.145936300000000188e+02
8.937653611455848477e+02,4.145936300000000188e+02
8.937863389160215775e+02,4.145936300000000188e+02
8.940458675089392955e+02,4.145936300000000188e+02
8.941858700893390051e+02,4.145936300000000188e+02
8.948071506220096580e+02,4.145936300000000188e+02
8.945854012626564327e+02,4.145936300000000188e+02
8.948454060548272082e+02,4.145936300000000188e+02
8.949849324359738603e+02,4.145936300000000188e+02
8.953663464439141535e+02,4.145936300000000188e+02
8.953844636092912879e+02,4.145936300000000188e+02
8.956449446007152346e+02,4.145936300000000188e+02
8.957839947826087155e+02,4.145936300000000188e+02
8.969057553846155315e+02,4.145936300000000188e+02
8.961835259559262568e+02,4.145936300000000188e+02
8.964444831466031474e+02,4.145936300000000188e+02
8.965830571292436844e+02,4.145936300000000188e+02
8.969673317422434593e+02,4.145936300000000188e+02
8.969825883025611120e+02,4.145936300000000188e+02
8.972440216924910601e+02,4.145936300000000188e+02
8.973821194758786532e+02,4.145936300000000188e+02
8.980167814354067559e+02,4.145936300000000188e+02
8.977816506491960808e+02,4.145936300000000188e+02
8.980435602383790865e+02,4.145936300000000188e+02
8.981811818225135085e+02,4.145936300000000188e+02
8.985683170405728788e+02,4.145936300000000188e+02
8.985807129958309361e+02,4.145936300000000188e+02
8.988430987842671129e+02,4.145936300000000188e+02
8.989802441691483637e+02,4.145936300000000188e+02
8.466943999999999733e+02,4.177253400000000170e+02
8.993797753424657913e+02,4.145936300000000188e+02
8.996426373301550257e+02,4.145936300000000188e+02
8.997793065157832189e+02,4.145936300000000188e+02
9.001693023389022983e+02,3.783787800000000061e+02
9.001788376891007601e+02,3.783787800000000061e+02
9.004421758760429384e+02,3.783787800000000061e+02
9.005783688624181877e+02,3.783787800000000061e+02
9.012264122488038538e+02,3.783787800000000061e+02
9.009779000357356153e+02,3.783787800000000061e+02
9.012417144219309648e+02,3.783787800000000061e+02
9.013774312090531566e+02,3.783787800000000061e+02
9.017702876372316041e+02,3.783787800000000061e+02
9.017769623823705842e+02,3.783787800000000061e+02
9.020412529678188776e+02,3.783787800000000061e+02
9.021764935556880118e+02,3.783787800000000061e+02
9.033558788461539280e+02,4.568722999999999956e+02
9.025760247290054394e+02,4.568722999999999956e+02
9.028407915137067903e+02,4.568722999999999956e+02
9.029755559023228670e+02,4.568722999999999956e+02
9.033712729355609099e+02,4.568722999999999956e+02
9.033750870756402946e+02,4.568722999999999956e+02
9.036403300595948167e+02,4.568722999999999956e+02
9.037746182489577222e+02,4.568722999999999956e+02
9.044360430622009517e+02,4.568722999999999956e+02
9.041741494222752635e+02,4.568722999999999956e+02
9.044398686054828431e+02,4.568722999999999956e+02
9.045736805955926911e+02,4.568722999999999956e+02
9.049722582338902157e+02,4.568722999999999956e+02
9.049732117689102324e+02,4.568722999999999956e+02
9.052394071513707559e+02,4.568722999999999956e+02
9.053727429422276600e+02,4.568722999999999956e+02
8.377463999999999942e+02,4.351548999999999978e+02
9.057722741155450876e+02,4.365601800000000026e+02
9.060389456972586686e+02,4.365601800000000026e+02
9.061718052888625152e+02,4.365601800000000026e+02
9.065732435322196352e+02,4.365601800000000026e+02
9.065713364621799428e+02,4.365601800000000026e+02
9.068384842431466950e+02,4.365601800000000026e+02
9.069708676354973704e+02,4.365601800000000026e+02
9.076456738755981632e+02,4.365601800000000026e+02
9.073703988088147980e+02,4.365601800000000026e+02
9.076380227890346077e+02,4.365601800000000026e+02
9.077699299821322256e+02,4.365601800000000026e+02
9.081742288305490547e+02,4.365601800000000026e+02
9.081694611554497669e+02,4.365601800000000026e+02
9.084375613349225205e+02,4.365601800000000026e+02
9.085689923287671945e+02,4.365601800000000026e+02
9.098060023076923244e+02,4.365601800000000026e+02
9.089685235020847358e+02,4.365601800000000026e+02
9.092370998808105469e+02,4.365601800000000026e+02
9.093680546754021634e+02,4.365601800000000026e+02
9.097752141288783605e+02,4.365601800000000026e+02
9.097675858487195910e+02,4.365601800000000026e+02
9.100366384266985733e+02,4.365601800000000026e+02
9.101671170220370186e+02,4.365601800000000026e+02
9.108553046889952611e+02,4.365601800000000026e+02
9.105666481953544462e+02,4.365601800000000026e+02
9.108361769725864860e+02,4.365601800000000026e+02
9.109661793686718738e+02,4.365601800000000026e+02
9.113761994272076663e+02,4.365601800000000026e+02
9.113657105419893014e+02,4.365601800000000026e+02
9.116357155184743988e+02,4.365601800000000026e+02
9.117652417153068427e+02,4.365601800000000026e+02
8.367055000000000291e+02,4.406870000000000118e+02
9.121647728886242703e+02,4.365601800000000026e+02
9.124352540643624252e+02,4.365601800000000026e+02
9.125643040619416979e+02,4.365601800000000026e+02
9.129771847255370858e+02,4.365601800000000026e+02
9.129638352352592392e+02,4.365601800000000026e+02
9.132347926102503379e+02,4.365601800000000026e+02
9.133633664085766668e+02,4.365601800000000026e+02
9.140649355023924727e+02,3.833476600000000190e+02
9.137628975818940944e+02,3.833476600000000190e+02
9.140343311561382507e+02,3.833476600000000190e+02
9.141624287552115220e+02,3.833476600000000190e+02
9.145781700238663916e+02,3.833476600000000190e+02
9.145619599285289496e+02,3.833476600000000190e+02
9.148338697020262771e+02,3.833476600000000190e+02
9.149614911018463772e+02,3.833476600000000190e+02
9.162561257692308345e+02,3.833476600000000190e+02
9.153610222751638048e+02,3.833476600000000190e+02
9.156334082479143035e+02,3.833476600000000190e+02
9.157605534484813461e+02,3.833476600000000190e+02
9.161791553221958111e+02,3.833476600000000190e+02
9.161600846217987737e+02,3.833476600000000190e+02
9.164329467938022162e+02,3.833476600000000190e+02
9.165596157951162013e+02,3.833476600000000190e+02
9.172745663157895706e+02,3.833476600000000190e+02
9.169591469684337426e+02,3.833476600000000190e+02
9.172324853396901290e+02,3.833476600000000190e+02
9.173586781417511702e+02,3.833476600000000190e+02
9.177801406205251169e+02,3.833476600000000190e+02
9.177582093150685978e+02,3.833476600000000190e+02
9.180320238855781554e+02,3.833476600000000190e+02
9.181577404883860254e+02,3.833476600000000190e+02
8.412567000000000235e+02,4.424911999999999921e+02
9.185572716617034530e+02,3.919945000000000164e+02
9.188315624314660681e+02,3.919945000000000164e+02
9.189568028350208806e+02,3.919945000000000164e+02
9.193811259188544227e+02,3.919945000000000164e+02
9.193563340083383082e+02,3.919945000000000164e+02
9.196311009773539809e+02,3.919945000000000164e+02
9.197558651816558495e+02,3.919945000000000164e+02
9.204841971291866685e+02,4.086319599999999923e+02
9.201553963549732771e+02,4.086319599999999923e+02
9.204306395232420073e+02,4.086319599999999923e+02
9.205549275282908184e+02,4.086319599999999923e+02
9.209821112171838422e+02,4.086319599999999923e+02
9.209544587016082460e+02,4.086319599999999923e+02
9.212301780691300337e+02,4.086319599999999923e+02
9.213539898749256736e+02,4.086319599999999923e+02
9.227062492307693446e+02,4.086319599999999923e+02
9.217535210482431012e+02,4.086319599999999923e+02
9.220297166150179464e+02,4.086319599999999923e+02
9.221530522215605288e+02,4.086319599999999923e+02
9.225830965155132617e+02,4.086319599999999923e+02
9.225525833948779564e+02,4.086319599999999923e+02
9.228292551609058592e+02,4.086319599999999923e+02
9.229521145681953840e+02,4.086319599999999923e+02
9.236938279425837663e+02,4.001952999999999747e+02
9.233516457415128116e+02,4.001952999999999747e+02
9.236287937067938856e+02,4.001952999999999747e+02
9.237511769148303529e+02,4.001952999999999747e+02
9.241840818138425675e+02,4.001952999999999747e+02
9.241507080881477805e+02,4.001952999999999747e+02
9.244283322526817983e+02,4.001952999999999747e+02
9.245502392614653218e+02,4.001952999999999747e+02
8.634723500000000058e+02,4.357868700000000217e+02
9.249497704347827494e+02,4.001952999999999747e+02
9.252278707985697110e+02,4.001952999999999747e+02
9.253493016081001770e+02,4.001952999999999747e+02
9.257850671121718733e+02,4.001952999999999747e+02
9.257488327814176046e+02,4.001952999999999747e+02
9.260274093444577375e+02,4.001952999999999747e+02
9.261483639547350322e+02,4.001952999999999747e+02
9.269034587559808642e+02,4.001952999999999747e+02
9.265478951280524598e+02,4.001952999999999747e+02
9.268269478903457639e+02,4.001952999999999747e+02
9.269474263013698874e+02,4.001952999999999747e+02
9.273860524105012928e+02,4.001952999999999747e+02
9.273469574746874287e+02,4.001952999999999747e+02
9.276264864362336766e+02,4.001952999999999747e+02
9.277464886480048563e+02,4.001952999999999747e+02
9.291563726923077411e+02,4.001952999999999747e+02
9.281460198213222839e+02,4.001952999999999747e+02
9.284260249821215893e+02,4.001952999999999747e+02
9.285455509946398251e+02,4.001952999999999747e+02
9.289870377088305986e+02,4.001952999999999747e+02
9.289450821679572528e+02,4.001952999999999747e+02
9.292255635280096158e+02,4.001952999999999747e+02
9.293446133412746804e+02,4.001952999999999747e+02
9.301130895693780758e+02,4.001952999999999747e+02
9.297441445145921080e+02,4.001952999999999747e+02
9.300251020738975285e+02,4.001952999999999747e+02
9.301436756879095356e+02,4.001952999999999747e+02
9.305880230071600181e+02,4.001952999999999747e+02
9.305432068612269632e+02,4.001952999999999747e+02
9.308246406197854412e+02,4.001952999999999747e+02
9.309427380345443908e+02,4.001952999999999747e+02
8.992385000000000446e+02,4.145936300000000188e+02
9.313422692078619320e+02,4.001952999999999747e+02
9.316241791656734677e+02,4.001952999999999747e+02
9.317418003811793596e+02,4.001952999999999747e+02
9.321890083054893239e+02,4.001952999999999747e+02
9.321413315544967872e+02,4.001952999999999747e+02
9.324237177115614941e+02,4.001952999999999747e+02
9.325408627278143285e+02,4.001952999999999747e+02
9.333227203827751737e+02,4.001952999999999747e+02
9.329403939011317561e+02,4.001952999999999747e+02
9.332232562574494068e+02,4.001952999999999747e+02
9.333399250744491837e+02,4.001952999999999747e+02
9.337899936038186297e+02,4.001952999999999747e+02
9.337394562477666113e+02,4.001952999999999747e+02
9.340227948033373195e+02,4.001952999999999747e+02
9.341389874210840389e+02,4.001952999999999747e+02
9.356064961538462512e+02,4.001952999999999747e+02
9.345385185944014665e+02,4.001952999999999747e+02
9.348223333492253460e+02,4.001952999999999747e+02
9.349380497677188941e+02,4.001952999999999747e+02
9.353909789021480492e+02,4.001952999999999747e+02
9.353375809410364354e+02,4.001952999999999747e+02
9.356218718951133724e+02,4.001952999999999747e+02
9.357371121143538630e+02,4.001952999999999747e+02
9.365323511961723852e+02,4.001952999999999747e+02
9.361366432876714043e+02,4.001952999999999747e+02
9.364214104410011714e+02,4.001952999999999747e+02
9.365361744609888319e+02,4.001952999999999747e+02
9.369919642004774687e+02,4.001952999999999747e+02
9.369357056343062595e+02,4.001952999999999747e+02
9.372209489868891978e+02,4.001952999999999747e+02
9.373352368076236871e+02,4.001952999999999747e+02
9.244940000000000282e+02,4.001952999999999747e+02
9.377347679809411147e+02,3.869839000000000055e+02
9.380204875327772243e+02,3.869839000000000055e+02
9.381342991542585423e+02,3.869839000000000055e+02
9.385929494988067745e+02,3.869839000000000055e+02
9.385338303275759699e+02,3.869839000000000055e+02
9.388200260786651370e+02,3.869839000000000055e+02
9.389333615008933975e+02,3.869839000000000055e+02
9.397419820095694831e+02,3.869839000000000055e+02
9.393328926742109388e+02,3.869839000000000055e+02
9.396195646245530497e+02,3.869839000000000055e+02
9.397324238475283664e+02,3.869839000000000055e+02
9.401939347971360803e+02,3.869839000000000055e+02
9.401319550208459077e+02,3.869839000000000055e+02
9.404191031704410761e+02,3.869839000000000055e+02
9.405314861941633353e+02,3.869839000000000055e+02
9.420566196153847613e+02,3.869839000000000055e+02
9.409310173674807629e+02,3.869839000000000055e+02
9.412186417163291026e+02,3.869839000000000055e+02
9.413305485407981905e+02,3.869839000000000055e+02
9.417949200954653861e+02,3.869839000000000055e+02
9.417300797141156181e+02,3.869839000000000055e+02
9.420181802622169016e+02,3.869839000000000055e+02
9.421296108874330457e+02,3.869839000000000055e+02
9.429516128229665810e+02,3.869839000000000055e+02
9.425291420607504733e+02,3.869839000000000055e+02
9.428177188081049280e+02,3.869839000000000055e+02
9.429286732340680146e+02,3.869839000000000055e+02
9.433959053937948056e+02,3.869839000000000055e+02
9.433282044073854422e+02,3.869839000000000055e+02
9.436172573539929544e+02,3.869839000000000055e+02
9.437277355807028698e+02,3.869839000000000055e+02
9.532234499999999571e+02,3.869839000000000055e+02
9.441272667540204111e+02,3.869839000000000055e+02
9.444167958998808672e+02,3.869839000000000055e+02
9.445267979273378387e+02,3.869839000000000055e+02
9.449968906921242251e+02,3.869839000000000055e+02
9.449263291006552663e+02,3.869839000000000055e+02
9.452163344457687799e+02,3.869839000000000055e+02
9.453258602739726939e+02,3.869839000000000055e+02
9.461612436363636789e+02,3.869839000000000055e+02
9.457253914472901215e+02,3.869839000000000055e+02
9.460158729916568063e+02,3.869839000000000055e+02
9.461249226206075491e+02,3.869839000000000055e+02
9.465978759904535309e+02,3.869839000000000055e+02
9.465244537939249767e+02,3.869839000000000055e+02
9.468154115375448328e+02,3.869839000000000055e+02
9.469239849672425180e+02,3.869839000000000055e+02
9.485067430769231578e+02,3.869839000000000055e+02
9.473235161405599456e+02,3.869839000000000055e+02
9.476149500834327455e+02,3.869839000000000055e+02
9.477230473138773732e+02,3.869839000000000055e+02
9.481988612887828367e+02,3.869839000000000055e+02
9.481225784871949145e+02,3.869839000000000055e+02
9.484144886293206582e+02,3.869839000000000055e+02
9.485221096605123421e+02,3.869839000000000055e+02
9.493708744497607768e+02,3.869839000000000055e+02
9.489216408338297697e+02,3.869839000000000055e+02
9.492140271752086846e+02,3.869839000000000055e+02
9.493211720071471973e+02,3.869839000000000055e+02
9.497998465871122562e+02,3.869839000000000055e+02
9.497207031804646249e+02,3.869839000000000055e+02
9.500135657210965974e+02,3.869839000000000055e+02
9.501202343537820525e+02,3.869839000000000055e+02
9.755951999999999771e+02,3.814498300000000199e+02
9.505197655270994801e+02,3.869839000000000055e+02
9.508131042669845101e+02,3.869839000000000055e+02
9.509192967004170214e+02,3.869839000000000055e+02
9.514008318854416757e+02,3.869839000000000055e+02
9.513188278737344490e+02,3.869839000000000055e+02
9.516126428128725365e+02,3.869839000000000055e+02
9.517183590470519903e+02,3.869839000000000055e+02
9.525805052631578747e+02,3.869839000000000055e+02
9.521178902203694179e+02,3.869839000000000055e+02
9.524121813587605629e+02,3.869839000000000055e+02
9.525174213936868455e+02,3.869839000000000055e+02
9.530018171837709815e+02,3.869839000000000055e+02
9.529169525670042731e+02,3.869839000000000055e+02
9.532117199046484757e+02,3.869839000000000055e+02
9.533164837403217007e+02,3.869839000000000055e+02
9.549568665384615542e+02,3.869839000000000055e+02
9.537160149136391283e+02,3.869839000000000055e+02
9.540112584505363884e+02,3.869839000000000055e+02
9.541155460869565559e+02,3.869839000000000055e+02
9.546028024821002873e+02,3.869839000000000055e+02
9.545150772602739835e+02,3.869839000000000055e+02
9.548107969964244148e+02,3.869839000000000055e+02
9.549146084335915248e+02,3.869839000000000055e+02
9.557901360765550862e+02,3.869839000000000055e+02
9.553141396069089524e+02,3.869839000000000055e+02
9.556103355423123276e+02,3.869839000000000055e+02
9.557136707802264937e+02,3.869839000000000055e+02
9.562037877804295931e+02,3.869839000000000055e+02
9.561132019535439213e+02,3.869839000000000055e+02
9.564098740882002403e+02,3.869839000000000055e+02
9.565127331268613489e+02,3.869839000000000055e+02
9.929805999999999813e+02,3.844686300000000188e+02
9.569122643001787765e+02,3.869839000000000055e+02
9.572094126340882667e+02,3.869839000000000055e+02
9.573117954734962041e+02,3.869839000000000055e+02
9.578047730787590126e+02,3.869839000000000055e+02
9.577113266468136317e+02,3.869839000000000055e+02
9.580089511799762931e+02,3.869839000000000055e+02
9.581108578201310593e+02,3.869839000000000055e+02
9.589997668899522978e+02,3.869839000000000055e+02
9.585103889934486006e+02,3.869839000000000055e+02
9.588084897258642059e+02,3.869839000000000055e+02
9.589099201667660282e+02,3.869839000000000055e+02
9.594057583770884321e+02,3.869839000000000055e+02
9.593094513400834558e+02,3.869839000000000055e+02
9.596080282717521186e+02,3.869839000000000055e+02
9.597089825134009970e+02,3.869839000000000055e+02
9.614069900000000644e+02,3.869839000000000055e+02
9.601085136867184247e+02,3.869839000000000055e+02
9.604075668176401450e+02,3.869839000000000055e+02
9.605080448600358523e+02,3.869839000000000055e+02
9.610067436754177379e+02,3.869839000000000055e+02
9.609075760333532799e+02,3.869839000000000055e+02
9.612071053635280578e+02,3.869839000000000055e+02
9.613071072066707075e+02,3.869839000000000055e+02
9.622093977033493957e+02,3.869839000000000055e+02
9.617066383799881351e+02,3.869839000000000055e+02
9.620066439094159705e+02,3.869839000000000055e+02
9.621061695533055627e+02,3.869839000000000055e+02
9.626077289737470437e+02,3.869839000000000055e+02
9.625057007266231039e+02,3.869839000000000055e+02
9.628061824553039969e+02,3.869839000000000055e+02
9.629052318999405315e+02,3.869839000000000055e+02
1.004358640000000037e+03,3.922075199999999882e+02
9.633047630732579591e+02,3.814498300000000199e+02
9.636057210011920233e+02,3.814498300000000199e+02
9.637042942465755004e+02,3.814498300000000199e+02
9.642087142720764632e+02,3.814498300000000199e+02
9.641038254198929280e+02,3.814498300000000199e+02
9.644052595470799361e+02,3.814498300000000199e+02
9.645033565932103556e+02,3.814498300000000199e+02
9.654190285167464936e+02,3.814498300000000199e+02
9.649028877665277832e+02,3.814498300000000199e+02
9.652047980929678488e+02,3.814498300000000199e+02
9.653024189398452108e+02,3.814498300000000199e+02
9.658096995704058827e+02,3.814498300000000199e+02
9.657019501131626384e+02,3.814498300000000199e+02
9.660043366388558752e+02,3.814498300000000199e+02
9.661014812864800660e+02,3.814498300000000199e+02
9.678571134615385745e+02,3.814498300000000199e+02
9.665010124597976073e+02,3.814498300000000199e+02
9.668038751847437879e+02,3.814498300000000199e+02
9.669005436331150349e+02,3.814498300000000199e+02
9.674106848687351885e+02,3.814498300000000199e+02
9.673000748064325762e+02,3.814498300000000199e+02
9.676034137306317007e+02,3.814498300000000199e+02
9.676996059797500038e+02,3.814498300000000199e+02
9.686286593301435914e+02,3.814498300000000199e+02
9.680991371530674314e+02,3.814498300000000199e+02
9.684029522765197271e+02,3.814498300000000199e+02
9.684986683263848590e+02,3.814498300000000199e+02
9.690116701670644943e+02,3.814498300000000199e+02
9.688981994997022866e+02,3.814498300000000199e+02
9.692024908224077535e+02,3.814498300000000199e+02
9.692977306730197142e+02,3.814498300000000199e+02
1.011704200000000014e+03,4.154007599999999911e+02
9.696972618463371418e+02,3.814498300000000199e+02
9.700020293682956662e+02,3.814498300000000199e+02
9.700967930196545694e+02,3.814498300000000199e+02
9.706126554653939138e+02,3.814498300000000199e+02
9.704963241929721107e+02,3.814498300000000199e+02
9.708015679141835790e+02,3.814498300000000199e+02
9.708958553662895383e+02,3.814498300000000199e+02
9.718382901435406893e+02,3.814498300000000199e+02
9.712953865396069659e+02,3.814498300000000199e+02
9.716011064600716054e+02,3.814498300000000199e+02
9.716949177129245072e+02,3.814498300000000199e+02
9.722136407637232196e+02,3.814498300000000199e+02
9.720944488862419348e+02,3.814498300000000199e+02
9.724006450059595181e+02,3.814498300000000199e+02
9.724939800595593624e+02,3.814498300000000199e+02
9.743072369230769709e+02,3.814498300000000199e+02
9.728935112328767900e+02,3.814498300000000199e+02
9.732001835518475445e+02,3.814498300000000199e+02
9.732930424061942176e+02,3.814498300000000199e+02
9.738146260620526391e+02,3.814498300000000199e+02
9.736925735795117589e+02,3.814498300000000199e+02
9.739997220977354573e+02,3.814498300000000199e+02
9.740921047528291865e+02,3.814498300000000199e+02
9.750479209569379009e+02,3.814498300000000199e+02
9.744916359261466141e+02,3.814498300000000199e+02
9.747992606436233700e+02,3.814498300000000199e+02
9.748911670994640417e+02,3.814498300000000199e+02
9.754156113603819449e+02,3.814498300000000199e+02
9.752906982727814693e+02,3.814498300000000199e+02
9.755987991895113964e+02,3.814498300000000199e+02
9.756902294460990106e+02,3.814498300000000199e+02
1.007586199999999963e+03,4.409293200000000184e+02
9.760897606194164382e+02,3.814498300000000199e+02
9.763983377353993092e+02,3.814498300000000199e+02
9.764892917927338658e+02,3.814498300000000199e+02
9.770165966587112507e+02,3.814498300000000199e+02
9.768888229660512934e+02,3.814498300000000199e+02
9.771978762812873356e+02,3.814498300000000199e+02
9.772883541393687210e+02,3.814498300000000199e+02
9.782575517703349988e+02,3.814498300000000199e+02
9.776878853126862623e+02,3.814498300000000199e+02
9.779974148271752483e+02,3.814498300000000199e+02
9.780874164860036899e+02,3.814498300000000199e+02
9.786175819570406702e+02,3.814498300000000199e+02
9.784869476593211175e+02,3.814498300000000199e+02
9.787969533730632747e+02,3.814498300000000199e+02
9.788864788326385451e+02,3.814498300000000199e+02
9.807573603846154811e+02,3.814498300000000199e+02
9.792860100059559727e+02,3.814498300000000199e+02
9.795964919189511875e+02,3.814498300000000199e+02
9.796855411792735140e+02,3.814498300000000199e+02
9.802185672553699760e+02,3.814498300000000199e+02
9.800850723525909416e+02,3.814498300000000199e+02
9.803960304648391002e+02,3.814498300000000199e+02
9.804846035259083692e+02,3.814498300000000199e+02
9.814671825837320966e+02,3.814498300000000199e+02
9.808841346992257968e+02,3.814498300000000199e+02
9.811955690107271266e+02,3.814498300000000199e+02
9.812836658725432244e+02,3.814498300000000199e+02
9.818195525536993955e+02,3.814498300000000199e+02
9.816831970458607657e+02,3.814498300000000199e+02
9.819951075566150394e+02,3.814498300000000199e+02
9.820827282191781933e+02,3.814498300000000199e+02
1.000778440000000046e+03,4.546103499999999826e+02
9.824822593924956209e+02,4.649183300000000258e+02
9.827946461025030658e+02,4.649183300000000258e+02
9.828817905658130485e+02,4.649183300000000258e+02
9.834205378520287013e+02,4.649183300000000258e+02
9.832813217391304761e+02,4.649183300000000258e+02
9.835941846483909785e+02,4.649183300000000258e+02
9.836808529124480174e+02,4.649183300000000258e+02
9.846768133971291945e+02,4.649183300000000258e+02
9.840803840857654450e+02,4.649183300000000258e+02
9.843937231942790049e+02,4.649183300000000258e+02
9.844799152590828726e+02,4.649183300000000258e+02
9.850215231503581208e+02,4.649183300000000258e+02
9.848794464324003002e+02,4.649183300000000258e+02
9.851932617401669177e+02,4.649183300000000258e+02
9.852789776057177278e+02,4.649183300000000258e+02
9.872074838461538775e+02,4.649183300000000258e+02
9.856785087790352691e+02,4.649183300000000258e+02
9.859928002860549441e+02,4.649183300000000258e+02
9.860780399523526967e+02,4.649183300000000258e+02
9.866225084486874266e+02,4.649183300000000258e+02
9.864775711256701243e+02,4.649183300000000258e+02
9.867923388319428568e+02,4.649183300000000258e+02
9.868771022989875519e+02,4.649183300000000258e+02
9.878864442105264061e+02,4.649183300000000258e+02
9.872766334723050932e+02,4.649183300000000258e+02
9.875918773778307695e+02,4.649183300000000258e+02
9.876761646456225208e+02,4.649183300000000258e+02
9.882234937470167324e+02,4.649183300000000258e+02
9.880756958189399484e+02,4.649183300000000258e+02
9.883914159237187960e+02,4.649183300000000258e+02
9.884752269922573760e+02,4.649183300000000258e+02
9.955727500000000418e+02,4.620131799999999771e+02
9.888747581655748036e+02,4.672291299999999978e+02
9.891909544696067087e+02,4.672291299999999978e+02
9.892742893388923449e+02,4.672291299999999978e+02
9.898244790453461519e+02,4.672291299999999978e+02
9.896738205122097725e+02,4.672291299999999978e+02
9.899904930154947351e+02,4.672291299999999978e+02
9.900733516855272001e+02,4.672291299999999978e+02
9.910960750239235040e+02,4.665364999999999895e+02
9.904728828588446277e+02,4.665364999999999895e+02
9.907900315613826479e+02,4.665364999999999895e+02
9.908724140321620553e+02,4.665364999999999895e+02
9.914254643436754577e+02,4.665364999999999895e+02
9.912719452054795966e+02,4.665364999999999895e+02
9.915895701072706743e+02,4.665364999999999895e+02
9.916714763787970242e+02,4.665364999999999895e+02
9.936576073076923876e+02,3.844686300000000188e+02
9.920710075521144518e+02,3.844686300000000188e+02
9.923891086531585870e+02,3.844686300000000188e+02
9.924705387254318794e+02,3.844686300000000188e+02
9.930264496420048772e+02,3.844686300000000188e+02
9.928700698987493070e+02,3.844686300000000188e+02
9.931886471990464997e+02,3.844686300000000188e+02
9.932696010720668482e+02,3.844686300000000188e+02
9.943057058373206019e+02,3.844686300000000188e+02
9.936691322453842758e+02,3.844686300000000188e+02
9.939881857449345262e+02,3.844686300000000188e+02
9.940686634187017034e+02,3.844686300000000188e+02
9.946274349403341830e+02,3.844686300000000188e+02
9.944681945920191311e+02,3.844686300000000188e+02
9.947877242908224389e+02,3.844686300000000188e+02
9.948677257653365587e+02,3.844686300000000188e+02
9.914897499999999582e+02,4.665364999999999895e+02
9.952672569386540999e+02,4.620131799999999771e+02
9.955872628367104653e+02,4.620131799999999771e+02
9.956667881119715275e+02,4.620131799999999771e+02
9.962284202386636025e+02,4.620131799999999771e+02
9.960663192852889551e+02,4.620131799999999771e+02
9.963868013825983780e+02,4.620131799999999771e+02
9.964658504586063827e+02,4.620131799999999771e+02
9.975153366507178134e+02,4.620131799999999771e+02
9.968653816319238103e+02,4.620131799999999771e+02
9.971863399284864045e+02,4.620131799999999771e+02
9.972649128052413516e+02,4.620131799999999771e+02
9.978294055369929083e+02,4.620131799999999771e+02
9.976644439785587792e+02,4.620131799999999771e+02
9.979858784743743172e+02,4.620131799999999771e+02
9.980639751518762068e+02,4.620131799999999771e+02
1.000107730769230898e+03,4.318822000000000116e+02
9.984635063251936344e+02,4.318822000000000116e+02
9.987854170202622299e+02,4.318822000000000116e+02
9.988630374985110620e+02,4.318822000000000116e+02
9.994303908353223278e+02,4.318822000000000116e+02
9.992625686718286033e+02,4.318822000000000116e+02
9.995849555661502563e+02,4.318822000000000116e+02
9.996620998451460309e+02,4.318822000000000116e+02
1.000724967464114911e+03,4.546103499999999826e+02
1.000061631018463459e+03,4.318822000000000116e+02
1.000384494112038169e+03,4.318822000000000116e+02
1.000461162191780886e+03,4.318822000000000116e+02
1.001031376133651634e+03,4.546103499999999826e+02
1.000860693365098314e+03,4.546103499999999826e+02
1.001184032657926195e+03,4.546103499999999826e+02
1.001260224538415855e+03,4.546103499999999826e+02
9.889606999999999744e+02,4.672291299999999978e+02
1.001659755711733283e+03,3.922075199999999882e+02
1.001983571203814108e+03,3.922075199999999882e+02
1.002059286885050710e+03,3.922075199999999882e+02
1.002632361431980939e+03,3.922075199999999882e+02
1.002458818058368138e+03,3.922075199999999882e+02
1.002783109749702135e+03,3.922075199999999882e+02
1.002858349231685679e+03,3.922075199999999882e+02
1.003934598277512009e+03,3.922075199999999882e+02
1.003257880405003107e+03,3.922075199999999882e+02
1.003582648295590047e+03,3.922075199999999882e+02
1.003657411578320534e+03,3.922075199999999882e+02
1.004233346730310359e+03,3.922075199999999882e+02
1.004056942751637962e+03,3.922075199999999882e+02
1.004382186841477960e+03,3.922075199999999882e+02
1.004456473924955390e+03,3.922075199999999882e+02
1.006557854230769294e+03,4.409293200000000184e+02
1.004856005098272931e+03,4.409293200000000184e+02
1.005181725387365987e+03,4.409293200000000184e+02
1.005255536271590358e+03,4.409293200000000184e+02
1.005834332028639665e+03,4.409293200000000184e+02
1.005655067444907786e+03,4.409293200000000184e+02
1.005981263933253899e+03,4.409293200000000184e+02
1.006054598618225214e+03,4.409293200000000184e+02
1.007144229090909107e+03,4.409293200000000184e+02
1.006454129791542641e+03,4.409293200000000184e+02
1.006780802479141926e+03,4.409293200000000184e+02
1.006853660964860183e+03,4.409293200000000184e+02
1.007435317326969084e+03,4.409293200000000184e+02
1.007253192138177610e+03,4.409293200000000184e+02
1.007580341025029838e+03,4.409293200000000184e+02
1.007652723311495038e+03,4.409293200000000184e+02
9.880059999999999718e+02,4.649183300000000258e+02
1.008052254484812465e+03,4.104526399999999740e+02
1.008379879570917865e+03,4.104526399999999740e+02
1.008451785658129893e+03,4.104526399999999740e+02
1.009036302625298390e+03,4.104526399999999740e+02
1.008851316831447434e+03,4.104526399999999740e+02
1.009179418116805778e+03,4.104526399999999740e+02
1.009250848004764862e+03,4.104526399999999740e+02
1.010353859904306319e+03,4.104526399999999740e+02
1.009650379178082289e+03,4.104526399999999740e+02
1.009978956662693804e+03,4.104526399999999740e+02
1.010049910351399717e+03,4.104526399999999740e+02
1.010637287923627810e+03,4.104526399999999740e+02
1.010449441524717145e+03,4.104526399999999740e+02
1.010778495208581717e+03,4.104526399999999740e+02
1.010848972698034686e+03,4.104526399999999740e+02
1.013007977692307804e+03,4.154007599999999911e+02
1.011248503871352113e+03,4.154007599999999911e+02
1.011578033754469629e+03,4.154007599999999911e+02
1.011648035044669541e+03,4.154007599999999911e+02
1.012238273221957115e+03,4.154007599999999911e+02
1.012047566217986969e+03,4.154007599999999911e+02
1.012377572300357656e+03,4.154007599999999911e+02
1.012447097391304396e+03,4.154007599999999911e+02
1.013563490717703417e+03,4.154007599999999911e+02
1.012846628564621938e+03,4.154007599999999911e+02
1.013177110846245569e+03,4.154007599999999911e+02
1.013246159737939365e+03,4.154007599999999911e+02
1.013839258520286421e+03,4.154007599999999911e+02
1.013645690911256793e+03,4.154007599999999911e+02
1.013976649392133595e+03,4.154007599999999911e+02
1.014045222084574220e+03,4.154007599999999911e+02
9.996464999999999463e+02,4.318822000000000116e+02
1.014444753257891648e+03,3.934547000000000025e+02
1.014776187938021508e+03,3.934547000000000025e+02
1.014844284431209189e+03,3.934547000000000025e+02
1.015440243818615841e+03,3.934547000000000025e+02
1.015243815604526617e+03,3.934547000000000025e+02
1.015575726483909534e+03,3.934547000000000025e+02
1.015643346777844044e+03,3.934547000000000025e+02
1.016773121531100514e+03,3.934547000000000025e+02
1.016042877951161472e+03,3.934547000000000025e+02
1.016375265029797447e+03,3.934547000000000025e+02
1.016442409124478900e+03,3.934547000000000025e+02
1.017041229116945146e+03,3.934547000000000025e+02
1.016841940297796441e+03,3.934547000000000025e+02
1.017174803575685360e+03,3.934547000000000025e+02
1.017241471471113869e+03,3.934547000000000025e+02
1.019458101153846201e+03,3.934547000000000025e+02
1.017641002644431296e+03,3.934547000000000025e+02
1.017974342121573386e+03,3.934547000000000025e+02
1.018040533817748724e+03,3.934547000000000025e+02
1.018642214415274566e+03,3.934547000000000025e+02
1.018440064991066265e+03,3.934547000000000025e+02
1.018773880667461299e+03,3.934547000000000025e+02
1.018839596164383693e+03,3.934547000000000025e+02
1.019982752344497726e+03,3.934547000000000025e+02
1.019239127337701120e+03,3.934547000000000025e+02
1.019573419213349325e+03,3.934547000000000025e+02
1.019638658511018548e+03,3.934547000000000025e+02
1.020243199713603872e+03,3.934547000000000025e+02
1.020038189684335975e+03,3.934547000000000025e+02
1.020372957759237238e+03,3.934547000000000025e+02
1.020437720857653517e+03,3.934547000000000025e+02
1.009307099999999991e+03,4.104526399999999740e+02
1.020837252030970944e+03,3.934547000000000025e+02
1.021172496305125264e+03,3.934547000000000025e+02
1.021236783204288372e+03,3.934547000000000025e+02
1.021844185011933291e+03,3.934547000000000025e+02
1.021636314377605800e+03,3.934547000000000025e+02
1.021972034851013177e+03,3.934547000000000025e+02
1.022035845550923227e+03,3.934547000000000025e+02
1.023192383157894824e+03,3.934547000000000025e+02
1.022435376724240768e+03,3.934547000000000025e+02
1.022771573396901090e+03,3.934547000000000025e+02
1.022834907897558196e+03,3.934547000000000025e+02
1.023445170310262597e+03,3.934547000000000025e+02
1.023234439070875624e+03,3.934547000000000025e+02
1.023571111942789116e+03,3.934547000000000025e+02
1.023633970244193051e+03,3.934547000000000025e+02
1.025908224615384825e+03,3.934547000000000025e+02
1.024033501417510479e+03,3.934547000000000025e+02
1.024370650488677029e+03,3.934547000000000025e+02
1.024433032590828134e+03,3.934547000000000025e+02
1.025046155608592017e+03,3.934547000000000025e+02
1.024832563764145561e+03,3.934547000000000025e+02
1.025170189034565055e+03,3.934547000000000025e+02
1.025232094937462989e+03,3.934547000000000025e+02
1.026402013971292035e+03,3.934547000000000025e+02
1.025631626110780417e+03,3.934547000000000025e+02
1.025969727580452854e+03,3.934547000000000025e+02
1.026031157284097844e+03,3.934547000000000025e+02
1.026647140906921322e+03,3.934547000000000025e+02
1.026430688457415272e+03,3.934547000000000025e+02
1.026769266126340881e+03,3.934547000000000025e+02
1.026830219630732699e+03,3.934547000000000025e+02
1.020167239999999993e+03,3.934547000000000025e+02
1.027229750804050127e+03,3.753389999999999986e+02
1.027568804672228907e+03,3.753389999999999986e+02
1.027629281977367555e+03,3.753389999999999986e+02
1.028248126205250628e+03,3.753389999999999986e+02
1.028028813150684982e+03,3.753389999999999986e+02
1.028368343218116934e+03,3.753389999999999986e+02
1.028428344324002410e+03,3.753389999999999986e+02
1.029611644784688906e+03,3.753389999999999986e+02
1.028827875497319837e+03,3.753389999999999986e+02
1.029167881764004960e+03,3.753389999999999986e+02
1.029227406670637265e+03,3.753389999999999986e+02
1.029849111503579934e+03,3.753389999999999986e+02
1.029626937843954693e+03,3.753389999999999986e+02
1.029967420309892759e+03,3.753389999999999986e+02
1.030026469017272120e+03,3.753389999999999986e+02
1.032358348076922994e+03,3.753389999999999986e+02
1.030426000190589775e+03,3.753389999999999986e+02
1.030766958855780786e+03,3.753389999999999986e+02
1.030825531363907203e+03,3.753389999999999986e+02
1.031450096801909240e+03,3.753389999999999986e+02
1.031225062537224630e+03,3.753389999999999986e+02
1.031566497401668585e+03,3.753389999999999986e+02
1.031624593710542058e+03,3.753389999999999986e+02
1.032821275598086231e+03,3.753389999999999986e+02
1.032024124883859486e+03,3.753389999999999986e+02
1.032366035947556611e+03,3.753389999999999986e+02
1.032423656057177141e+03,3.753389999999999986e+02
1.033051082100238773e+03,3.753389999999999986e+02
1.032823187230494568e+03,3.753389999999999986e+02
1.033165574493444637e+03,3.753389999999999986e+02
1.033222718403811996e+03,3.753389999999999986e+02
1.037390400000000000e+03,3.753389999999999986e+02
1.033622249577129423e+03,3.753389999999999986e+02
1.033965113039332664e+03,3.753389999999999986e+02
1.034021780750446851e+03,3.753389999999999986e+02
1.034652067398568079e+03,3.753389999999999986e+02
1.034421311923764279e+03,3.753389999999999986e+02
1.034764651585220690e+03,3.753389999999999986e+02
1.034820843097081706e+03,3.753389999999999986e+02
1.036030906411483329e+03,3.753389999999999986e+02
1.035220374270399134e+03,3.753389999999999986e+02
1.035564190131108489e+03,3.753389999999999986e+02
1.035619905443716561e+03,3.753389999999999986e+02
1.036253052696897612e+03,3.753389999999999986e+02
1.036019436617033989e+03,3.753389999999999986e+02
1.036363728676996516e+03,3.753389999999999986e+02
1.036418967790351417e+03,3.753389999999999986e+02
1.038808471538461617e+03,3.753389999999999986e+02
1.036818498963668844e+03,3.753389999999999986e+02
1.037163267222884315e+03,3.753389999999999986e+02
1.037218030136986272e+03,3.753389999999999986e+02
1.037854037995226918e+03,3.753389999999999986e+02
1.037617561310303699e+03,3.753389999999999986e+02
1.037962805768772341e+03,3.753389999999999986e+02
1.038017092483621354e+03,3.753389999999999986e+02
1.039240537224880427e+03,3.753389999999999986e+02
1.038416623656938782e+03,3.753389999999999986e+02
1.038762344314660368e+03,3.753389999999999986e+02
1.038816154830256210e+03,3.753389999999999986e+02
1.039455023293556224e+03,3.753389999999999986e+02
1.039215686003573637e+03,3.753389999999999986e+02
1.039561882860548394e+03,3.753389999999999986e+02
1.039615217176891065e+03,3.753389999999999986e+02
1.052561500000000024e+03,3.675318599999999947e+02
1.040014748350208720e+03,4.281349000000000160e+02
1.040361421406436421e+03,4.281349000000000160e+02
1.040414279523526147e+03,4.281349000000000160e+02
1.041056008591885529e+03,4.281349000000000160e+02
1.040813810696843575e+03,4.281349000000000160e+02
1.041160959952324220e+03,4.281349000000000160e+02
1.041213341870161003e+03,4.281349000000000160e+02
1.042450168038277525e+03,4.281349000000000160e+02
1.041612873043478430e+03,4.281349000000000160e+02
1.041960498498212246e+03,4.281349000000000160e+02
1.042012404216795858e+03,4.281349000000000160e+02
1.042656993890214835e+03,4.281349000000000160e+02
1.042411935390113285e+03,4.281349000000000160e+02
1.042760037044100045e+03,4.281349000000000160e+02
1.042811466563430713e+03,4.281349000000000160e+02
1.045258595000000241e+03,4.281349000000000160e+02
1.043210997736748141e+03,4.281349000000000160e+02
1.043559575589988071e+03,4.281349000000000160e+02
1.043610528910065568e+03,4.281349000000000160e+02
1.044257979188544141e+03,4.281349000000000160e+02
1.044010060083382996e+03,4.281349000000000160e+02
1.044359114135876098e+03,4.281349000000000160e+02
1.044409591256700423e+03,4.281349000000000160e+02
1.045659798851674623e+03,4.281349000000000160e+02
1.044809122430017851e+03,4.281349000000000160e+02
1.045158652681764124e+03,4.281349000000000160e+02
1.045208653603335279e+03,4.281349000000000160e+02
1.045858964486873447e+03,4.281349000000000160e+02
1.045608184776652706e+03,4.281349000000000160e+02
1.045958191227652151e+03,4.281349000000000160e+02
1.046007715949970361e+03,4.281349000000000160e+02
1.063897300000000087e+03,3.696511199999999917e+02
1.046407247123287789e+03,4.281349000000000160e+02
1.046757729773539950e+03,4.281349000000000160e+02
1.046806778296605216e+03,4.281349000000000160e+02
1.047459949785202980e+03,4.281349000000000160e+02
1.047206309469922644e+03,4.281349000000000160e+02
1.047557268319427976e+03,4.281349000000000160e+02
1.047605840643240072e+03,4.281349000000000160e+02
1.048869429665071948e+03,4.281349000000000160e+02
1.048005371816557727e+03,4.281349000000000160e+02
1.048356806865315775e+03,4.281349000000000160e+02
1.048404902989875154e+03,4.281349000000000160e+02
1.049060935083532286e+03,4.281349000000000160e+02
1.048804434163192582e+03,4.281349000000000160e+02
1.049156345411203802e+03,4.281349000000000160e+02
1.049203965336510009e+03,4.281349000000000160e+02
1.051708718461538410e+03,3.675318599999999947e+02
1.049603496509827437e+03,3.675318599999999947e+02
1.049955883957091828e+03,3.675318599999999947e+02
1.050003027683144865e+03,3.675318599999999947e+02
1.050661920381861819e+03,3.675318599999999947e+02
1.050402558856462292e+03,3.675318599999999947e+02
1.050755422502979854e+03,3.675318599999999947e+02
1.050802090029779720e+03,3.675318599999999947e+02
1.052079060478468818e+03,3.675318599999999947e+02
1.051201621203097147e+03,3.675318599999999947e+02
1.051554961048867881e+03,3.675318599999999947e+02
1.051601152376414575e+03,3.675318599999999947e+02
1.052262905680191125e+03,3.675318599999999947e+02
1.052000683549732003e+03,3.675318599999999947e+02
1.052354499594755680e+03,3.675318599999999947e+02
1.052400214723049430e+03,3.675318599999999947e+02
1.073540199999999913e+03,3.842657500000000255e+02
1.052799745896366858e+03,3.675318599999999947e+02
1.053154038140643706e+03,3.675318599999999947e+02
1.053199277069684285e+03,3.675318599999999947e+02
1.053863890978520431e+03,3.675318599999999947e+02
1.053598808243001940e+03,3.675318599999999947e+02
1.053953576686531505e+03,3.675318599999999947e+02
1.053998339416319368e+03,3.675318599999999947e+02
1.055288691291866144e+03,3.675318599999999947e+02
1.054397870589636796e+03,3.675318599999999947e+02
1.054753115232419532e+03,3.675318599999999947e+02
1.054797401762954223e+03,3.675318599999999947e+02
1.055464876276849736e+03,3.675318599999999947e+02
1.055196932936271651e+03,3.675318599999999947e+02
1.055552653778307558e+03,3.675318599999999947e+02
1.055596464109589306e+03,3.675318599999999947e+02
1.058158841923077034e+03,4.841105999999999767e+02
1.055995995282906733e+03,4.841105999999999767e+02
1.056352192324195585e+03,4.841105999999999767e+02
1.056395526456224161e+03,4.841105999999999767e+02
1.057065861575179042e+03,4.841105999999999767e+02
1.056795057629541589e+03,4.841105999999999767e+02
1.057151730870083611e+03,4.841105999999999767e+02
1.057194588802859016e+03,4.841105999999999767e+02
1.058498322105263242e+03,4.841105999999999767e+02
1.057594119976176444e+03,4.841105999999999767e+02
1.057951269415971410e+03,4.841105999999999767e+02
1.057993651149493871e+03,4.841105999999999767e+02
1.058666846873508348e+03,4.841105999999999767e+02
1.058393182322811299e+03,4.841105999999999767e+02
1.058750807961859437e+03,4.841105999999999767e+02
1.058792713496128727e+03,4.841105999999999767e+02
1.078485799999999927e+03,4.109017299999999864e+02
1.059192244669446154e+03,4.841105999999999767e+02
1.059550346507747236e+03,4.841105999999999767e+02
1.059591775842763582e+03,4.841105999999999767e+02
1.060267832171837654e+03,4.841105999999999767e+02
1.059991307016081009e+03,4.841105999999999767e+02
1.060349885053635262e+03,4.841105999999999767e+02
1.060390838189398437e+03,4.841105999999999767e+02
1.061707952918660339e+03,4.261291499999999814e+02
1.060790369362715865e+03,4.841105999999999767e+02
1.061149423599523288e+03,4.841105999999999767e+02
1.061189900536033292e+03,4.841105999999999767e+02
1.061868817470167187e+03,4.261291499999999814e+02
1.061589431709350947e+03,4.841105999999999767e+02
1.061948962145411315e+03,4.261291499999999814e+02
1.061988962882668375e+03,4.261291499999999814e+02
1.064608965384615431e+03,3.696511199999999917e+02
1.062388494055985802e+03,4.827374300000000176e+02
1.062748500691299341e+03,4.827374300000000176e+02
1.062788025229303230e+03,4.827374300000000176e+02
1.063469802768496493e+03,3.696511199999999917e+02
1.063187556402620658e+03,3.696511199999999917e+02
1.063548039237187140e+03,3.696511199999999917e+02
1.063587087575938313e+03,3.696511199999999917e+02
1.064917583732057437e+03,3.696511199999999917e+02
1.063986618749255740e+03,3.696511199999999917e+02
1.064347577783075167e+03,3.696511199999999917e+02
1.064386149922573168e+03,3.696511199999999917e+02
1.065070788066826026e+03,3.696511199999999917e+02
1.064785681095890595e+03,3.696511199999999917e+02
1.065147116328962966e+03,3.696511199999999917e+02
1.065185212269208023e+03,3.696511199999999917e+02
1.076694799999999987e+03,4.419307999999999765e+02
1.065584743442525451e+03,4.698618200000000229e+02
1.065946654874850992e+03,4.698618200000000229e+02
1.065984274615842878e+03,4.698618200000000229e+02
1.066671773365155332e+03,4.698618200000000229e+02
1.066383805789160306e+03,4.698618200000000229e+02
1.066746193420739019e+03,4.698618200000000229e+02
1.066783336962477733e+03,4.698618200000000229e+02
1.068127214545454535e+03,4.698618200000000229e+02
1.067182868135795161e+03,4.698618200000000229e+02
1.067545731966627045e+03,4.698618200000000229e+02
1.067582399309112589e+03,4.698618200000000229e+02
1.068272758663484638e+03,4.698618200000000229e+02
1.067981930482430016e+03,4.698618200000000229e+02
1.068345270512515071e+03,4.698618200000000229e+02
1.068381461655747444e+03,4.698618200000000229e+02
1.071059088846153827e+03,4.698618200000000229e+02
1.068780992829064871e+03,4.698618200000000229e+02
1.069144809058403098e+03,4.698618200000000229e+02
1.069180524002382526e+03,4.698618200000000229e+02
1.069873743961813943e+03,4.698618200000000229e+02
1.069580055175699954e+03,4.698618200000000229e+02
1.069944347604290897e+03,4.698618200000000229e+02
1.069979586349017382e+03,4.698618200000000229e+02
1.071336845358851861e+03,4.698618200000000229e+02
1.070379117522334809e+03,4.698618200000000229e+02
1.070743886150178696e+03,4.698618200000000229e+02
1.070778648695652237e+03,4.698618200000000229e+02
1.071474729260143249e+03,4.698618200000000229e+02
1.071178179868969892e+03,4.698618200000000229e+02
1.071543424696066722e+03,4.698618200000000229e+02
1.071577711042287319e+03,4.698618200000000229e+02
1.068840999999999894e+03,4.698618200000000229e+02
1.071977242215604747e+03,3.842657500000000255e+02
1.072342963241954749e+03,3.842657500000000255e+02
1.072376773388922174e+03,3.842657500000000255e+02
1.073075714558472555e+03,3.842657500000000255e+02
1.072776304562239602e+03,3.842657500000000255e+02
1.073142501787842775e+03,3.842657500000000255e+02
1.073175835735557030e+03,3.842657500000000255e+02
1.074546476172248731e+03,3.842657500000000255e+02
1.073575366908874457e+03,3.842657500000000255e+02
1.073942040333730802e+03,3.842657500000000255e+02
1.073974898082191885e+03,3.842657500000000255e+02
1.074676699856801861e+03,3.842657500000000255e+02
1.074374429255509312e+03,3.842657500000000255e+02
1.074741578879618828e+03,3.842657500000000255e+02
1.074773960428826740e+03,3.842657500000000255e+02
1.077509212307692451e+03,4.419307999999999765e+02
1.075173491602144168e+03,4.419307999999999765e+02
1.075541117425506627e+03,4.419307999999999765e+02
1.075573022775461595e+03,4.419307999999999765e+02
1.076277685155131394e+03,4.419307999999999765e+02
1.075972553948779023e+03,4.419307999999999765e+02
1.076340655971394426e+03,4.419307999999999765e+02
1.076372085122096451e+03,4.419307999999999765e+02
1.077756106985646056e+03,4.419307999999999765e+02
1.076771616295413878e+03,4.419307999999999765e+02
1.077140194517282453e+03,4.419307999999999765e+02
1.077171147468731533e+03,4.419307999999999765e+02
1.077878670453460700e+03,4.419307999999999765e+02
1.077570678642048961e+03,4.419307999999999765e+02
1.077939733063170479e+03,4.419307999999999765e+02
1.077970209815366388e+03,4.419307999999999765e+02
1.062404800000000023e+03,4.827374300000000176e+02
1.078369740988683816e+03,4.109017299999999864e+02
1.078739271609058505e+03,4.109017299999999864e+02
1.078769272162001243e+03,4.109017299999999864e+02
1.079479655751790233e+03,4.109017299999999864e+02
1.079168803335318898e+03,4.109017299999999864e+02
1.079538810154946532e+03,4.109017299999999864e+02
1.079568334508636326e+03,4.109017299999999864e+02
1.080965737799043154e+03,4.109017299999999864e+02
1.079967865681953754e+03,4.109017299999999864e+02
1.080338348700834558e+03,4.109017299999999864e+02
1.080367396855271181e+03,4.109017299999999864e+02
1.081080641050119539e+03,4.109017299999999864e+02
1.080766928028588609e+03,4.109017299999999864e+02
1.081137887246722357e+03,4.109017299999999864e+02
1.081166459201906036e+03,4.109017299999999864e+02
1.083959335769230847e+03,4.109017299999999864e+02
1.081565990375223464e+03,4.109017299999999864e+02
1.081937425792610156e+03,4.109017299999999864e+02
1.081965521548540892e+03,4.109017299999999864e+02
1.082681626348448845e+03,4.109017299999999864e+02
1.082365052721858319e+03,4.109017299999999864e+02
1.082736964338498183e+03,4.109017299999999864e+02
1.082764583895175747e+03,4.109017299999999864e+02
1.084175368612440252e+03,4.109017299999999864e+02
1.083164115068493174e+03,4.109017299999999864e+02
1.083536502884386209e+03,4.109017299999999864e+02
1.083563646241810602e+03,4.109017299999999864e+02
1.084282611646778150e+03,4.109017299999999864e+02
1.083963177415128030e+03,4.109017299999999864e+02
1.084336041430274236e+03,4.109017299999999864e+02
1.084362708588445457e+03,4.109017299999999864e+02
1.061632200000000012e+03,4.841105999999999767e+02
1.084762239761763112e+03,4.109017299999999864e+02
1.085135579976162262e+03,4.109017299999999864e+02
1.085161770935080540e+03,4.109017299999999864e+02
1.085883596945107456e+03,4.109017299999999864e+02
1.085561302108397967e+03,4.109017299999999864e+02
1.085935118522050288e+03,4.109017299999999864e+02
1.085960833281715395e+03,4.109017299999999864e+02
1.087384999425837350e+03,4.109017299999999864e+02
1.086360364455032823e+03,4.109017299999999864e+02
1.086734657067938087e+03,4.109017299999999864e+02
1.086759895628350478e+03,4.109017299999999864e+02
1.087484582243436762e+03,4.109017299999999864e+02
1.087159426801667905e+03,4.109017299999999864e+02
1.087534195613825887e+03,4.109017299999999864e+02
1.087558957974985333e+03,4.109017299999999864e+02
1.090409459230769244e+03,4.109017299999999864e+02
1.087958489148302760e+03,4.109017299999999864e+02
1.088333734159713913e+03,4.109017299999999864e+02
1.088358020321620188e+03,4.109017299999999864e+02
1.089085567541766068e+03,4.109017299999999864e+02
1.088757551494937616e+03,4.109017299999999864e+02
1.089133272705601939e+03,4.109017299999999864e+02
1.089157082668255043e+03,4.109017299999999864e+02
1.090594630239234448e+03,4.109017299999999864e+02
1.089556613841572471e+03,4.109017299999999864e+02
1.089932811251489966e+03,4.109017299999999864e+02
1.089956145014889898e+03,4.109017299999999864e+02
1.090686552840095601e+03,4.109017299999999864e+02
1.090355676188207326e+03,4.109017299999999864e+02
1.090732349797377992e+03,4.109017299999999864e+02
1.090755207361524754e+03,4.109017299999999864e+02
1.061632200000000012e+03,4.841105999999999767e+02
1.091154738534842181e+03,4.262228999999999814e+02
1.091531888343266019e+03,4.262228999999999814e+02
1.091554269708159609e+03,4.262228999999999814e+02
1.092287538138424907e+03,4.262228999999999814e+02
1.091953800881477036e+03,4.262228999999999814e+02
1.092331426889153818e+03,4.262228999999999814e+02
1.092353332054794464e+03,4.262228999999999814e+02
1.093804261052631773e+03,4.262228999999999814e+02
1.092752863228112119e+03,4.262228999999999814e+02
1.093130965435041617e+03,4.262228999999999814e+02
1.093152394401429547e+03,4.262228999999999814e+02
1.093888523436754213e+03,4.262228999999999814e+02
1.093551925574746974e+03,4.262228999999999814e+02
1.093930503980929643e+03,4.262228999999999814e+02
1.093951456748064402e+03,4.262228999999999814e+02
1.096859582692307868e+03,4.262228999999999814e+02
1.094350987921381829e+03,4.262228999999999814e+02
1.094730042526817670e+03,4.262228999999999814e+02
1.094750519094699484e+03,4.262228999999999814e+02
1.095489508735083746e+03,4.262228999999999814e+02
1.095150050268016912e+03,4.262228999999999814e+02
1.095529581072705696e+03,4.262228999999999814e+02
1.095549581441334340e+03,4.262228999999999814e+02
1.097013891866028644e+03,4.262228999999999814e+02
1.095949112614651767e+03,4.262228999999999814e+02
1.096329119618593722e+03,4.262228999999999814e+02
1.096348643787969195e+03,4.262228999999999814e+02
1.097090494033413052e+03,4.262228999999999814e+02
1.096748174961286622e+03,4.262228999999999814e+02
1.097128658164481749e+03,4.262228999999999814e+02
1.097147706134604050e+03,4.262228999999999814e+02
1.046637099999999919e+03,4.281349000000000160e+02
1.097547237307921478e+03,4.262228999999999814e+02
1.097928196710369548e+03,4.262228999999999814e+02
1.097946768481238905e+03,4.262228999999999814e+02
1.098691479331742357e+03,4.262228999999999814e+02
1.098346299654556333e+03,4.262228999999999814e+02
1.098727735256257574e+03,4.262228999999999814e+02
1.098745830827873760e+03,4.262228999999999814e+02
1.100223522679425969e+03,4.262228999999999814e+02
1.099145362001191188e+03,4.262228999999999814e+02
1.099527273802145373e+03,4.262228999999999814e+02
1.099544893174508616e+03,4.262228999999999814e+02
1.100292464630071663e+03,4.262228999999999814e+02
1.099944424347826043e+03,4.262228999999999814e+02
1.100326812348033400e+03,4.262228999999999814e+02
1.100343955521143698e+03,4.262228999999999814e+02
1.103309706153846264e+03,4.262228999999999814e+02
1.100743486694461126e+03,4.262228999999999814e+02
1.101126350893921426e+03,4.262228999999999814e+02
1.101143017867778553e+03,4.262228999999999814e+02
1.101893449928400969e+03,4.262228999999999814e+02
1.101542549041095981e+03,4.262228999999999814e+02
1.101925889439809453e+03,4.262228999999999814e+02
1.101942080214413409e+03,4.262228999999999814e+02
1.103433153492823067e+03,4.262228999999999814e+02
1.102341611387731064e+03,4.262228999999999814e+02
1.102725427985697479e+03,4.262228999999999814e+02
1.102741142561048491e+03,4.262228999999999814e+02
1.103494435226730275e+03,4.262228999999999814e+02
1.103140673734365919e+03,4.262228999999999814e+02
1.103524966531585278e+03,4.262228999999999814e+02
1.103540204907683346e+03,4.262228999999999814e+02
1.046637099999999919e+03,4.281349000000000160e+02
1.103939736081000774e+03,4.262228999999999814e+02
1.104324505077473304e+03,4.262228999999999814e+02
1.104339267254318202e+03,4.262228999999999814e+02
1.105095420525059808e+03,4.262228999999999814e+02
1.104738798427635629e+03,4.262228999999999814e+02
1.105124043623361104e+03,4.262228999999999814e+02
1.105138329600953057e+03,4.262228999999999814e+02
1.106642784306220165e+03,4.262228999999999814e+02
1.105537860774270484e+03,4.262228999999999814e+02
1.105923582169249130e+03,4.262228999999999814e+02
1.105937391947587912e+03,4.262228999999999814e+02
1.106696405823389114e+03,4.262228999999999814e+02
1.106336923120905340e+03,4.262228999999999814e+02
1.106723120715137156e+03,4.262228999999999814e+02
1.106736454294222767e+03,4.262228999999999814e+02
1.109759829615384660e+03,4.262228999999999814e+02
1.107135985467540195e+03,4.262228999999999814e+02
1.107522659261025183e+03,4.262228999999999814e+02
1.107535516640857622e+03,4.262228999999999814e+02
1.108297391121718420e+03,4.262228999999999814e+02
1.107935047814175050e+03,4.262228999999999814e+02
1.108322197806913209e+03,4.262228999999999814e+02
1.108334578987492705e+03,4.262228999999999814e+02
1.109852415119617262e+03,4.262228999999999814e+02
1.108734110160810133e+03,4.262228999999999814e+02
1.109121736352801008e+03,4.262228999999999814e+02
1.109133641334127560e+03,4.262228999999999814e+02
1.109898376420047953e+03,4.262228999999999814e+02
1.109533172507444988e+03,4.262228999999999814e+02
1.109921274898689035e+03,4.262228999999999814e+02
1.109932703680762415e+03,4.262228999999999814e+02
1.061682099999999991e+03,4.261291499999999814e+02
1.110332234854080070e+03,4.262228999999999814e+02
1.110720813444576834e+03,4.262228999999999814e+02
1.110731766027397498e+03,4.262228999999999814e+02
1.111499361718377259e+03,4.262228999999999814e+02
1.111131297200714926e+03,4.262228999999999814e+02
1.111520351990464860e+03,4.262228999999999814e+02
1.111530828374032353e+03,4.262228999999999814e+02
1.113062045933014360e+03,4.262228999999999814e+02
1.111930359547349781e+03,4.262228999999999814e+02
1.112319890536352887e+03,4.262228999999999814e+02
1.112329890720667208e+03,4.262228999999999814e+02
1.113100347016706564e+03,4.262228999999999814e+02
1.112729421893984636e+03,4.262228999999999814e+02
1.113119429082240913e+03,4.262228999999999814e+02
1.113128953067302064e+03,4.262228999999999814e+02
1.116209953076923284e+03,4.262228999999999814e+02
1.113528484240619491e+03,4.262228999999999814e+02
1.113918967628128939e+03,4.262228999999999814e+02
1.113928015413936919e+03,4.262228999999999814e+02
1.114701332315035870e+03,4.262228999999999814e+02
1.114327546587254346e+03,4.262228999999999814e+02
1.114718506174016738e+03,4.262228999999999814e+02
1.114727077760571774e+03,4.262228999999999814e+02
1.116271676746411686e+03,4.262228999999999814e+02
1.115126608933889202e+03,4.262228999999999814e+02
1.115518044719904765e+03,4.262228999999999814e+02
1.115526140107206629e+03,4.262228999999999814e+02
1.116302317613365176e+03,4.262228999999999814e+02
1.115925671280524284e+03,4.262228999999999814e+02
1.116317583265792564e+03,4.262228999999999814e+02
1.116325202453841712e+03,4.262228999999999814e+02
1.104198200000000043e+03,4.262228999999999814e+02
1.116724733627159139e+03,4.290234399999999937e+02
1.117117121811680590e+03,4.290234399999999937e+02
1.117124264800476567e+03,4.290234399999999937e+02
1.117903302911694482e+03,4.290234399999999937e+02
1.117523795973793995e+03,4.290234399999999937e+02
1.117916660357568617e+03,4.290234399999999937e+02
1.117923327147111650e+03,4.290234399999999937e+02
1.119481307559808556e+03,4.290234399999999937e+02
1.118322858320429077e+03,4.290234399999999937e+02
1.118716198903456643e+03,4.290234399999999937e+02
1.118722389493746505e+03,4.290234399999999937e+02
1.119504288210023788e+03,4.290234399999999937e+02
1.119121920667063932e+03,4.290234399999999937e+02
1.119515737449344670e+03,4.290234399999999937e+02
1.119521451840381360e+03,4.290234399999999937e+02
1.122660076538461681e+03,4.290234399999999937e+02
1.119920983013698788e+03,4.290234399999999937e+02
1.120315275995232469e+03,4.290234399999999937e+02
1.120320514187016215e+03,4.290234399999999937e+02
1.121105273508353321e+03,4.290234399999999937e+02
1.120720045360333643e+03,4.290234399999999937e+02
1.121114814541120495e+03,4.290234399999999937e+02
1.121119576533651070e+03,4.290234399999999937e+02
1.122690938373205881e+03,4.290234399999999937e+02
1.121519107706968498e+03,4.290234399999999937e+02
1.121914353087008294e+03,4.290234399999999937e+02
1.121918638880285926e+03,4.290234399999999937e+02
1.122706258806682627e+03,4.290234399999999937e+02
1.122318170053603353e+03,4.290234399999999937e+02
1.122713891632896321e+03,4.290234399999999937e+02
1.122717701226920781e+03,4.290234399999999937e+02
1.129110200000000077e+03,4.290234399999999937e+02
1.123117232400238208e+03,4.290234399999999937e+02
1.123513430178784347e+03,4.290234399999999937e+02
1.123516763573555636e+03,4.290234399999999937e+02
1.124307244105012160e+03,4.290234399999999937e+02
1.123916294746873291e+03,4.290234399999999937e+02
1.124312968724672373e+03,4.290234399999999937e+02
1.124315825920190719e+03,4.290234399999999937e+02
1.125900569186602979e+03,4.290234399999999937e+02
1.124715357093508146e+03,4.290234399999999937e+02
1.125112507270560400e+03,4.290234399999999937e+02
1.125114888266825574e+03,4.290234399999999937e+02
1.125908229403341466e+03,4.290234399999999937e+02
1.125514419440143001e+03,4.290234399999999937e+02
1.125912045816448199e+03,4.290234399999999937e+02
1.125913950613460656e+03,4.290234399999999937e+02
1.129110200000000077e+03,4.290234399999999937e+02
1.126313481786778084e+03,4.290234399999999937e+02
1.126711584362336225e+03,4.290234399999999937e+02
1.126713012960095512e+03,4.290234399999999937e+02
1.127509214701670771e+03,4.290234399999999937e+02
1.127112544133412939e+03,4.290234399999999937e+02
1.127511122908224024e+03,4.290234399999999937e+02
1.127512075306730367e+03,4.290234399999999937e+02
1.129110200000000077e+03,4.290234399999999937e+02
1.127911606480047794e+03,4.290234399999999937e+02
1.128310661454112051e+03,4.290234399999999937e+02
1.128311137653365222e+03,4.290234399999999937e+02
1.129110200000000077e+03,4.290234399999999937e+02
1.128710668826682650e+03,4.290234399999999937e+02
1.129110200000000077e+03,4.290234399999999937e+02
1.129110200000000077e+03,4.290234399999999937e+02
1.129110200000000077e+03,4.290234399999999937e+02
