6.495671000000000106e+01,3.790237999999999943e+02
6.495671000000000106e+01,3.790237999999999943e+02
6.524431173673784201e+01,3.790237999999999943e+02
6.495671000000000106e+01,3.790237999999999943e+02
6.553191347347568296e+01,3.790237999999999943e+02
6.553204011448701749e+01,3.790237999999999943e+02
6.581951521021350970e+01,3.790237999999999943e+02
6.495671000000000106e+01,3.790237999999999943e+02
6.610711694695135066e+01,3.790237999999999943e+02
6.610737022897401971e+01,3.790237999999999943e+02
6.639471868368919161e+01,3.790237999999999943e+02
6.610787712775331215e+01,3.790237999999999943e+02
6.668232042042703256e+01,3.790237999999999943e+02
6.668270034346103614e+01,3.790237999999999943e+02
6.696992215716487351e+01,3.790237999999999943e+02
6.495671000000000106e+01,3.790237999999999943e+02
6.725752389390271446e+01,3.790237999999999943e+02
6.725803045794803836e+01,3.790237999999999943e+02
6.754512563064054120e+01,3.790237999999999943e+02
6.725904425550660903e+01,3.790237999999999943e+02
6.783272736737838216e+01,3.790237999999999943e+02
6.783336057243505479e+01,3.790237999999999943e+02
6.812032910411622311e+01,3.790237999999999943e+02
6.726107453262787317e+01,3.790237999999999943e+02
6.840793084085406406e+01,3.790237999999999943e+02
6.840869068692205701e+01,3.790237999999999943e+02
6.869553257759190501e+01,3.790237999999999943e+02
6.841021138325990592e+01,3.790237999999999943e+02
6.898313431432974596e+01,3.790237999999999943e+02
6.898402080140907344e+01,3.790237999999999943e+02
6.927073605106757270e+01,3.790237999999999943e+02
3.353686799999999835e+02,1.322632999999999868e+02
6.955833778780541365e+01,4.093215299999999957e+02
6.955935091589608987e+01,4.093215299999999957e+02
6.984593952454325461e+01,4.093215299999999957e+02
6.956137851101321701e+01,4.093215299999999957e+02
7.013354126128109556e+01,4.093215299999999957e+02
7.013468103038309209e+01,4.093215299999999957e+02
7.042114299801893651e+01,4.093215299999999957e+02
6.956543906525573107e+01,4.093215299999999957e+02
7.070874473475677746e+01,4.093215299999999957e+02
7.071001114487010852e+01,4.093215299999999957e+02
7.099634647149460420e+01,4.093215299999999957e+02
7.071254563876652810e+01,4.093215299999999957e+02
7.128394820823244515e+01,4.093215299999999957e+02
7.128534125935711074e+01,4.093215299999999957e+02
7.157154994497028611e+01,4.093215299999999957e+02
6.957358169611308085e+01,4.093215299999999957e+02
7.185915168170812706e+01,4.093215299999999957e+02
7.186067137384412717e+01,4.093215299999999957e+02
7.214675341844596801e+01,4.093215299999999957e+02
7.186371276651982498e+01,4.093215299999999957e+02
7.243435515518379475e+01,4.093215299999999957e+02
7.243600148833112939e+01,4.093215299999999957e+02
7.272195689192163570e+01,4.093215299999999957e+02
7.186980359788360317e+01,4.093215299999999957e+02
7.300955862865947665e+01,3.508255599999999959e+02
7.301133160281814583e+01,3.508255599999999959e+02
7.329716036539731761e+01,3.508255599999999959e+02
7.301487989427312186e+01,3.508255599999999959e+02
7.358476210213515856e+01,3.508255599999999959e+02
7.358666171730516226e+01,3.508255599999999959e+02
7.387236383887298530e+01,3.508255599999999959e+02
3.353686799999999835e+02,1.322632999999999868e+02
7.415996557561082625e+01,3.508255599999999959e+02
7.416199183179216448e+01,3.508255599999999959e+02
7.444756731234866720e+01,3.508255599999999959e+02
7.416604702202643296e+01,3.508255599999999959e+02
7.473516904908650815e+01,3.508255599999999959e+02
7.473732194627916670e+01,3.508255599999999959e+02
7.502277078582434910e+01,3.508255599999999959e+02
7.417416813051146107e+01,3.508255599999999959e+02
7.531037252256219006e+01,3.508255599999999959e+02
7.531265206076618313e+01,3.508255599999999959e+02
7.559797425930003101e+01,3.508255599999999959e+02
7.531721414977974405e+01,3.508255599999999959e+02
7.588557599603785775e+01,3.508255599999999959e+02
7.588798217525319956e+01,3.508255599999999959e+02
7.617317773277569870e+01,3.508255599999999959e+02
7.419045339222614643e+01,3.508255599999999959e+02
7.646077946951353965e+01,3.508255599999999959e+02
7.646331228974020178e+01,3.508255599999999959e+02
7.674838120625138060e+01,3.508255599999999959e+02
7.646838127753304093e+01,3.508255599999999959e+02
7.703598294298922156e+01,3.508255599999999959e+02
7.703864240422721821e+01,3.508255599999999959e+02
7.732358467972704830e+01,3.508255599999999959e+02
7.647853266313933318e+01,3.508255599999999959e+02
7.761118641646488925e+01,3.508255599999999959e+02
7.761397251871422043e+01,3.508255599999999959e+02
7.789878815320273020e+01,3.508255599999999959e+02
7.761954840528633781e+01,3.508255599999999959e+02
7.818638988994057115e+01,3.508255599999999959e+02
7.818930263320123686e+01,3.508255599999999959e+02
7.847399162667841210e+01,3.508255599999999959e+02
3.353686799999999835e+02,1.322632999999999868e+02
7.876159336341623884e+01,3.508255599999999959e+02
7.876463274768823908e+01,3.508255599999999959e+02
7.904919510015407980e+01,3.508255599999999959e+02
7.877071553303964890e+01,3.508255599999999959e+02
7.933679683689192075e+01,3.508255599999999959e+02
7.933996286217525551e+01,3.508255599999999959e+02
7.962439857362976170e+01,3.508255599999999959e+02
7.878289719576719108e+01,3.508255599999999959e+02
7.991200031036760265e+01,3.508255599999999959e+02
7.991529297666227194e+01,3.508255599999999959e+02
8.019960204710544360e+01,3.508255599999999959e+02
7.992188266079296000e+01,3.508255599999999959e+02
8.048720378384328455e+01,3.508255599999999959e+02
8.049062309114927416e+01,3.508255599999999959e+02
8.077480552058111130e+01,3.508255599999999959e+02
7.880732508833922623e+01,3.508255599999999959e+02
8.106240725731895225e+01,3.508255599999999959e+02
8.106595320563629059e+01,3.508255599999999959e+02
8.135000899405679320e+01,3.508255599999999959e+02
8.107304978854625688e+01,3.508255599999999959e+02
8.163761073079463415e+01,3.508255599999999959e+02
8.164128332012329281e+01,3.508255599999999959e+02
8.192521246753247510e+01,3.508255599999999959e+02
8.108726172839506319e+01,3.508255599999999959e+02
8.221281420427030184e+01,3.508255599999999959e+02
8.221661343461030924e+01,3.508255599999999959e+02
8.250041594100814279e+01,3.508255599999999959e+02
8.222421691629955376e+01,3.508255599999999959e+02
8.278801767774598375e+01,3.508255599999999959e+02
8.279194354909731146e+01,3.508255599999999959e+02
8.307561941448382470e+01,3.508255599999999959e+02
3.279674699999999916e+02,1.137759999999999962e+02
8.336322115122166565e+01,4.358467999999999734e+02
8.336727366358432789e+01,4.358467999999999734e+02
8.365082288795949239e+01,4.358467999999999734e+02
8.337538404405286485e+01,4.358467999999999734e+02
8.393842462469734755e+01,4.358467999999999734e+02
8.394260377807134432e+01,4.358467999999999734e+02
8.422602636143517429e+01,4.358467999999999734e+02
8.339162626102293530e+01,4.358467999999999734e+02
8.451362809817301525e+01,4.358467999999999734e+02
8.451793389255834654e+01,4.358467999999999734e+02
8.480122983491085620e+01,4.358467999999999734e+02
8.452655117180617594e+01,4.358467999999999734e+02
8.508883157164869715e+01,4.358467999999999734e+02
8.509326400704536297e+01,4.358467999999999734e+02
8.537643330838653810e+01,4.358467999999999734e+02
8.342419678445230602e+01,4.358467999999999734e+02
8.566403504512436484e+01,4.358467999999999734e+02
8.566859412153236519e+01,4.358467999999999734e+02
8.595163678186220579e+01,4.358467999999999734e+02
8.567771829955947283e+01,4.358467999999999734e+02
8.623923851860004675e+01,4.358467999999999734e+02
8.624392423601938162e+01,4.358467999999999734e+02
8.652684025533788770e+01,4.358467999999999734e+02
8.569599079365079319e+01,4.358467999999999734e+02
8.681444199207572865e+01,4.358467999999999734e+02
8.681925435050638384e+01,4.358467999999999734e+02
8.710204372881355539e+01,4.358467999999999734e+02
8.682888542731276971e+01,4.358467999999999734e+02
8.738964546555139634e+01,4.358467999999999734e+02
8.739458446499340027e+01,4.358467999999999734e+02
8.767724720228923729e+01,4.358467999999999734e+02
3.182647000000000048e+02,1.046386700000000047e+02
8.796484893902707825e+01,4.358467999999999734e+02
8.796991457948041671e+01,4.358467999999999734e+02
8.825245067576491920e+01,4.358467999999999734e+02
8.798005255506608080e+01,4.358467999999999734e+02
8.854005241250274594e+01,4.358467999999999734e+02
8.854524469396741893e+01,4.358467999999999734e+02
8.882765414924060110e+01,4.358467999999999734e+02
8.800035532627866530e+01,4.358467999999999734e+02
8.911525588597842784e+01,4.358467999999999734e+02
8.912057480845442115e+01,4.358467999999999734e+02
8.940285762271626879e+01,4.358467999999999734e+02
8.913121968281939189e+01,4.358467999999999734e+02
8.969045935945410974e+01,4.358467999999999734e+02
8.969590492294143758e+01,4.358467999999999734e+02
8.997806109619195070e+01,4.358467999999999734e+02
8.804106848056537160e+01,4.358467999999999734e+02
9.026566283292979165e+01,4.358467999999999734e+02
9.027123503742845401e+01,4.358467999999999734e+02
9.055326456966761839e+01,4.358467999999999734e+02
9.028238681057268877e+01,4.358467999999999734e+02
9.084086630640545934e+01,4.358467999999999734e+02
9.084656515191545623e+01,4.358467999999999734e+02
9.112846804314330029e+01,4.358467999999999734e+02
9.030471985890653741e+01,4.358467999999999734e+02
9.141606977988114124e+01,4.358467999999999734e+02
9.142189526640247266e+01,4.358467999999999734e+02
9.170367151661898220e+01,4.358467999999999734e+02
9.143355393832598565e+01,4.358467999999999734e+02
9.199127325335680894e+01,4.358467999999999734e+02
9.199722538088948909e+01,4.358467999999999734e+02
9.227887499009464989e+01,4.358467999999999734e+02
2.911985999999999990e+02,9.632421999999999684e+01
9.256647672683249084e+01,3.240449199999999905e+02
9.257255549537649131e+01,3.240449199999999905e+02
9.285407846357033179e+01,3.240449199999999905e+02
9.258472106607929675e+01,3.240449199999999905e+02
9.314168020030817274e+01,3.240449199999999905e+02
9.314788560986349353e+01,3.240449199999999905e+02
9.342928193704599948e+01,3.240449199999999905e+02
9.260908439153439531e+01,3.240449199999999905e+02
9.371688367378385465e+01,3.240449199999999905e+02
9.372321572435050996e+01,3.240449199999999905e+02
9.400448541052168139e+01,3.240449199999999905e+02
9.373588819383260784e+01,3.240449199999999905e+02
9.429208714725952234e+01,3.240449199999999905e+02
9.429854583883752639e+01,3.240449199999999905e+02
9.457968888399736329e+01,3.240449199999999905e+02
9.265794017667845139e+01,3.240449199999999905e+02
9.486729062073520424e+01,3.240449199999999905e+02
9.487387595332452861e+01,3.240449199999999905e+02
9.515489235747304519e+01,3.240449199999999905e+02
9.488705532158590472e+01,3.240449199999999905e+02
9.544249409421087194e+01,3.240449199999999905e+02
9.544920606781154504e+01,3.240449199999999905e+02
9.573009583094871289e+01,3.240449199999999905e+02
9.491344892416226742e+01,3.240449199999999905e+02
9.601769756768655384e+01,3.240449199999999905e+02
9.602453618229856147e+01,3.240449199999999905e+02
9.630529930442439479e+01,3.240449199999999905e+02
9.603822244933920160e+01,3.240449199999999905e+02
9.659290104116223574e+01,3.240449199999999905e+02
9.659986629678556369e+01,3.240449199999999905e+02
9.688050277790006248e+01,3.240449199999999905e+02
2.559059100000000058e+02,9.600231999999999744e+01
9.716810451463791765e+01,3.240449199999999905e+02
9.717519641127256591e+01,3.240449199999999905e+02
9.745570625137574439e+01,3.240449199999999905e+02
9.718938957709251270e+01,3.240449199999999905e+02
9.774330798811358534e+01,3.240449199999999905e+02
9.775052652575958234e+01,3.240449199999999905e+02
9.803090972485142629e+01,3.240449199999999905e+02
9.721781345679013953e+01,3.240449199999999905e+02
9.831851146158925303e+01,3.240449199999999905e+02
9.832585664024659877e+01,3.240449199999999905e+02
9.860611319832710819e+01,3.240449199999999905e+02
9.834055670484582379e+01,3.240449199999999905e+02
9.889371493506493493e+01,3.240449199999999905e+02
9.890118675473360099e+01,3.240449199999999905e+02
9.918131667180277589e+01,3.240449199999999905e+02
9.727481187279153119e+01,3.240449199999999905e+02
9.946891840854061684e+01,3.240449199999999905e+02
9.947651686922061742e+01,3.240449199999999905e+02
9.975652014527844358e+01,3.240449199999999905e+02
9.949172383259912067e+01,3.240449199999999905e+02
1.000441218820162987e+02,3.240449199999999905e+02
1.000518469837076339e+02,3.240449199999999905e+02
1.003317236187541255e+02,3.240449199999999905e+02
9.952217798941799742e+01,3.240449199999999905e+02
1.006193253554919664e+02,3.240449199999999905e+02
1.006271770981946361e+02,3.240449199999999905e+02
1.009069270922298074e+02,3.240449199999999905e+02
1.006428909603524176e+02,3.240449199999999905e+02
1.011945288289676483e+02,3.240449199999999905e+02
1.012025072126816383e+02,3.240449199999999905e+02
1.014821305657054893e+02,3.240449199999999905e+02
2.236449599999999975e+02,9.782629400000000430e+01
1.017697323024433160e+02,4.556601600000000190e+02
1.017778373271686547e+02,4.556601600000000190e+02
1.020573340391811712e+02,4.556601600000000190e+02
1.017940580881057286e+02,4.556601600000000190e+02
1.023449357759189979e+02,4.556601600000000190e+02
1.023531674416556712e+02,4.556601600000000190e+02
1.026325375126568389e+02,4.556601600000000190e+02
1.018265425220458553e+02,4.556601600000000190e+02
1.029201392493946798e+02,4.556601600000000190e+02
1.029284975561426734e+02,4.556601600000000190e+02
1.032077409861325066e+02,4.556601600000000190e+02
1.029452252158590397e+02,4.556601600000000190e+02
1.034953427228703617e+02,4.556601600000000190e+02
1.035038276706296756e+02,4.556601600000000190e+02
1.037829444596081885e+02,4.556601600000000190e+02
1.018916835689045968e+02,4.556601600000000190e+02
1.040705461963460294e+02,4.556601600000000190e+02
1.040791577851166920e+02,4.556601600000000190e+02
1.043581479330838704e+02,4.556601600000000190e+02
1.040963923436123366e+02,4.556601600000000190e+02
1.046457496698216971e+02,4.556601600000000190e+02
1.046544878996037085e+02,4.556601600000000190e+02
1.049333514065595523e+02,4.556601600000000190e+02
1.041309070546737274e+02,4.556601600000000190e+02
1.052209531432973790e+02,4.556601600000000190e+02
1.052298180140907107e+02,4.556601600000000190e+02
1.055085548800352200e+02,4.556601600000000190e+02
1.052475594713656335e+02,4.556601600000000190e+02
1.057961566167730609e+02,4.556601600000000190e+02
1.058051481285777271e+02,4.556601600000000190e+02
1.060837583535109019e+02,4.556601600000000190e+02
1.964206499999999949e+02,1.018045649999999966e+02
1.063713600902487428e+02,4.556601600000000190e+02
1.063804782430647435e+02,4.556601600000000190e+02
1.066589618269865696e+02,4.556601600000000190e+02
1.063987265991189446e+02,4.556601600000000190e+02
1.069465635637244247e+02,4.556601600000000190e+02
1.069558083575517458e+02,4.556601600000000190e+02
1.072341653004622515e+02,4.556601600000000190e+02
1.064352715873015995e+02,4.556601600000000190e+02
1.075217670372000924e+02,4.556601600000000190e+02
1.075311384720387480e+02,4.556601600000000190e+02
1.078093687739379334e+02,4.556601600000000190e+02
1.075498937268722557e+02,4.556601600000000190e+02
1.080969705106757601e+02,4.556601600000000190e+02
1.081064685865257644e+02,4.556601600000000190e+02
1.083845722474136153e+02,4.556601600000000190e+02
1.065085552650176624e+02,4.556601600000000190e+02
1.086721739841514420e+02,4.556601600000000190e+02
1.086817987010127808e+02,4.556601600000000190e+02
1.089597757208892830e+02,4.556601600000000190e+02
1.087010608546255526e+02,4.556601600000000190e+02
1.092473774576271239e+02,4.556601600000000190e+02
1.092571288154997831e+02,4.556601600000000190e+02
1.095349791943649649e+02,4.556601600000000190e+02
1.087396361199294574e+02,4.556601600000000190e+02
1.098225809311028058e+02,4.556601600000000190e+02
1.098324589299867995e+02,4.556601600000000190e+02
1.101101826678406326e+02,4.556601600000000190e+02
1.098522279823788494e+02,4.556601600000000190e+02
1.103977844045784735e+02,4.556601600000000190e+02
1.104077890444738159e+02,4.556601600000000190e+02
1.106853861413163145e+02,4.556601600000000190e+02
1.722041499999999985e+02,1.097418200000000041e+02
1.109729878780541554e+02,4.556601600000000190e+02
1.109831191589608181e+02,4.556601600000000190e+02
1.112605896147919964e+02,4.556601600000000190e+02
1.110033951101321605e+02,4.556601600000000190e+02
1.115481913515298231e+02,4.556601600000000190e+02
1.115584492734478204e+02,4.556601600000000190e+02
1.118357930882676783e+02,4.556601600000000190e+02
1.110440006525573295e+02,4.556601600000000190e+02
1.121233948250055050e+02,4.556601600000000190e+02
1.121337793879348368e+02,4.556601600000000190e+02
1.124109965617433460e+02,4.556601600000000190e+02
1.121545622378854716e+02,4.556601600000000190e+02
1.126985982984811869e+02,4.556601600000000190e+02
1.127091095024218532e+02,4.556601600000000190e+02
1.129862000352190137e+02,4.556601600000000190e+02
1.111254269611307421e+02,4.556601600000000190e+02
1.132738017719568688e+02,4.556601600000000190e+02
1.132844396169088554e+02,4.556601600000000190e+02
1.135614035086946956e+02,4.556601600000000190e+02
1.133057293656387685e+02,4.556601600000000190e+02
1.138490052454325365e+02,4.556601600000000190e+02
1.138597697313958719e+02,4.556601600000000190e+02
1.141366069821703775e+02,4.556601600000000190e+02
1.133483651851852017e+02,4.556601600000000190e+02
1.144242087189082184e+02,4.556601600000000190e+02
1.144350998458828883e+02,4.556601600000000190e+02
1.147118104556460594e+02,4.556601600000000190e+02
1.144568964933920654e+02,4.556601600000000190e+02
1.149994121923838861e+02,4.556601600000000190e+02
1.150104299603698905e+02,4.556601600000000190e+02
1.152870139291217271e+02,4.556601600000000190e+02
1.537098400000000140e+02,1.180339359999999971e+02
1.155746156658595680e+02,1.716890899999999931e+02
1.155857600748568927e+02,1.716890899999999931e+02
1.158622174025974090e+02,1.716890899999999931e+02
1.156080636211453765e+02,1.716890899999999931e+02
1.161498191393352499e+02,1.716890899999999931e+02
1.161610901893439092e+02,1.716890899999999931e+02
1.164374208760730767e+02,1.716890899999999931e+02
1.156527297178130596e+02,1.716890899999999931e+02
1.167250226128109318e+02,1.716890899999999931e+02
1.167364203038309256e+02,1.716890899999999931e+02
1.170126243495487586e+02,1.716890899999999931e+02
1.167592307488986876e+02,1.716890899999999931e+02
1.173002260862865995e+02,1.716890899999999931e+02
1.173117504183179278e+02,1.716890899999999931e+02
1.175878278230244405e+02,1.716890899999999931e+02
1.157422986572438219e+02,1.716890899999999931e+02
1.178754295597622672e+02,1.716890899999999931e+02
1.178870805328049443e+02,1.716890899999999931e+02
1.181630312965001224e+02,1.716890899999999931e+02
1.179103978766519845e+02,1.716890899999999931e+02
1.184506330332379491e+02,1.716890899999999931e+02
1.184624106472919607e+02,1.716890899999999931e+02
1.187382347699757901e+02,1.716890899999999931e+02
1.179570942504409174e+02,1.716890899999999931e+02
1.190258365067136310e+02,1.716890899999999931e+02
1.190377407617789629e+02,1.716890899999999931e+02
1.193134382434514720e+02,1.716890899999999931e+02
1.190615650044052813e+02,1.716890899999999931e+02
1.196010399801893129e+02,1.716890899999999931e+02
1.196130708762659651e+02,1.716890899999999931e+02
1.198886417169271397e+02,1.716890899999999931e+02
1.400449999999999875e+02,1.259436000000000035e+02
1.201762434536649806e+02,1.716890899999999931e+02
1.201884009907529816e+02,1.716890899999999931e+02
1.204638451904028216e+02,1.716890899999999931e+02
1.202127321321585924e+02,1.716890899999999931e+02
1.207514469271406625e+02,1.716890899999999931e+02
1.207637311052399980e+02,1.716890899999999931e+02
1.210390486638785035e+02,1.716890899999999931e+02
1.202614587830687896e+02,1.716890899999999931e+02
1.213266504006163302e+02,1.716890899999999931e+02
1.213390612197270002e+02,1.716890899999999931e+02
1.216142521373541854e+02,1.716890899999999931e+02
1.213638992599119035e+02,1.716890899999999931e+02
1.219018538740920121e+02,1.716890899999999931e+02
1.219143913342140024e+02,1.716890899999999931e+02
1.221894556108298531e+02,1.716890899999999931e+02
1.203591703533568875e+02,1.716890899999999931e+02
1.224770573475676940e+02,1.716890899999999931e+02
1.224897214487010189e+02,1.716890899999999931e+02
1.227646590843055208e+02,1.716890899999999931e+02
1.225150663876652004e+02,1.716890899999999931e+02
1.230522608210433759e+02,1.716890899999999931e+02
1.230650515631880353e+02,1.716890899999999931e+02
1.233398625577812027e+02,1.716890899999999931e+02
1.225658233156966617e+02,1.716890899999999931e+02
1.236274642945190436e+02,1.554309100000000115e+02
1.236403816776750375e+02,1.554309100000000115e+02
1.239150660312568846e+02,1.554309100000000115e+02
1.236662335154184973e+02,1.554309100000000115e+02
1.242026677679947255e+02,1.554309100000000115e+02
1.242157117921620539e+02,1.554309100000000115e+02
1.244902695047325665e+02,1.554309100000000115e+02
1.314765299999999968e+02,1.351635699999999929e+02
1.247778712414703932e+02,1.554309100000000115e+02
1.247910419066490704e+02,1.554309100000000115e+02
1.250654729782082484e+02,1.554309100000000115e+02
1.248174006431718084e+02,1.554309100000000115e+02
1.253530747149460751e+02,1.554309100000000115e+02
1.253663720211360726e+02,1.554309100000000115e+02
1.256406764516839161e+02,1.554309100000000115e+02
1.248701878483245196e+02,1.554309100000000115e+02
1.259282781884217570e+02,1.554309100000000115e+02
1.259417021356230748e+02,1.554309100000000115e+02
1.262158799251595838e+02,1.554309100000000115e+02
1.259685677709251195e+02,1.554309100000000115e+02
1.265034816618974389e+02,1.554309100000000115e+02
1.265170322501100912e+02,1.554309100000000115e+02
1.267910833986352657e+02,1.554309100000000115e+02
1.249760420494699673e+02,1.554309100000000115e+02
1.270786851353731066e+02,4.709611800000000130e+02
1.270923623645971077e+02,4.709611800000000130e+02
1.273662868721109476e+02,4.709611800000000130e+02
1.271197348986784164e+02,4.709611800000000130e+02
1.276538886088487743e+02,4.709611800000000130e+02
1.276676924790841099e+02,4.709611800000000130e+02
1.279414903455866295e+02,4.709611800000000130e+02
1.271745523809523917e+02,4.709611800000000130e+02
1.282290920823244562e+02,4.709611800000000130e+02
1.282430225935711405e+02,4.709611800000000130e+02
1.285166938190623114e+02,4.709611800000000130e+02
1.282709020264317132e+02,4.709611800000000130e+02
1.288042955558001381e+02,4.709611800000000130e+02
1.288183527080581428e+02,4.709611800000000130e+02
1.290918972925379649e+02,4.709611800000000130e+02
1.239693450000000041e+02,1.554309100000000115e+02
1.293794990292758200e+02,2.940632299999999759e+02
1.293936828225451450e+02,2.940632299999999759e+02
1.296671007660136468e+02,2.940632299999999759e+02
1.294220691541850101e+02,2.940632299999999759e+02
1.299547025027515019e+02,2.940632299999999759e+02
1.299690129370321756e+02,2.940632299999999759e+02
1.302423042394893287e+02,1.931096200000000067e+02
1.294789169135802638e+02,2.940632299999999759e+02
1.305299059762271554e+02,1.931096200000000067e+02
1.305443430515191494e+02,1.931096200000000067e+02
1.308175077129650106e+02,1.931096200000000067e+02
1.305732362819383070e+02,1.931096200000000067e+02
1.311051094497028657e+02,1.351635699999999929e+02
1.311196731660061801e+02,1.351635699999999929e+02
1.313927111864406925e+02,1.351635699999999929e+02
1.295929137455830471e+02,2.940632299999999759e+02
1.316803129231785192e+02,1.351635699999999929e+02
1.316950032804931823e+02,1.351635699999999929e+02
1.319679146599163460e+02,1.351635699999999929e+02
1.317244034096916323e+02,1.351635699999999929e+02
1.322555163966542011e+02,1.351635699999999929e+02
1.322703333949801845e+02,1.351635699999999929e+02
1.325431181333920563e+02,1.351635699999999929e+02
1.317832814462081217e+02,1.351635699999999929e+02
1.328307198701298830e+02,1.351635699999999929e+02
1.328456635094672151e+02,1.351635699999999929e+02
1.331183216068677098e+02,1.351635699999999929e+02
1.328755705374449576e+02,1.351635699999999929e+02
1.334059233436055365e+02,1.351635699999999929e+02
1.334209936239542174e+02,1.351635699999999929e+02
1.336935250803433917e+02,1.351635699999999929e+02
1.232569699999999955e+02,1.716890899999999931e+02
1.339811268170812468e+02,1.351635699999999929e+02
1.339963237384412196e+02,1.351635699999999929e+02
1.342687285538190736e+02,1.351635699999999929e+02
1.340267376651982545e+02,1.351635699999999929e+02
1.345563302905569003e+02,1.351635699999999929e+02
1.345716538529282502e+02,1.351635699999999929e+02
1.348439320272947270e+02,1.351635699999999929e+02
1.340876459788360080e+02,1.351635699999999929e+02
1.351315337640325822e+02,1.351635699999999929e+02
1.351469839674152524e+02,1.351635699999999929e+02
1.354191355007704374e+02,1.351635699999999929e+02
1.351779047929515514e+02,1.351635699999999929e+02
1.357067372375082641e+02,1.351635699999999929e+02
1.357223140819022547e+02,1.351635699999999929e+02
1.359943389742460909e+02,1.351635699999999929e+02
1.342097854416961127e+02,1.351635699999999929e+02
1.362819407109839176e+02,1.351635699999999929e+02
1.362976441963892853e+02,1.351635699999999929e+02
1.365695424477217728e+02,1.351635699999999929e+02
1.363290719207048483e+02,1.351635699999999929e+02
1.368571441844596279e+02,1.351635699999999929e+02
1.368729743108762591e+02,1.351635699999999929e+02
1.371447459211974547e+02,1.351635699999999929e+02
1.363920105114638659e+02,1.351635699999999929e+02
1.374323476579352814e+02,1.351635699999999929e+02
1.374483044253632897e+02,1.351635699999999929e+02
1.377199493946731366e+02,1.351635699999999929e+02
1.374802390484581451e+02,1.351635699999999929e+02
1.380075511314109633e+02,1.351635699999999929e+02
1.380236345398502920e+02,1.351635699999999929e+02
1.382951528681488185e+02,1.351635699999999929e+02
1.303660700000000077e+02,1.931096200000000067e+02
1.385827546048866452e+02,1.259436000000000035e+02
1.385989646543372942e+02,1.259436000000000035e+02
1.388703563416244720e+02,1.259436000000000035e+02
1.386314061762114420e+02,1.259436000000000035e+02
1.391579580783623271e+02,1.259436000000000035e+02
1.391742947688243248e+02,1.259436000000000035e+02
1.394455598151001539e+02,1.259436000000000035e+02
1.386963750440917238e+02,1.259436000000000035e+02
1.397331615518380090e+02,1.259436000000000035e+02
1.397496248833113270e+02,1.259436000000000035e+02
1.400207632885758358e+02,1.259436000000000035e+02
1.397825733039647389e+02,1.259436000000000035e+02
1.403083650253136625e+02,1.259436000000000035e+02
1.403249549977983293e+02,1.259436000000000035e+02
1.405959667620515177e+02,1.259436000000000035e+02
1.388266571378092067e+02,1.259436000000000035e+02
1.408835684987893728e+02,1.259436000000000035e+02
1.409002851122853599e+02,1.259436000000000035e+02
1.411711702355271996e+02,1.259436000000000035e+02
1.409337404317180642e+02,1.259436000000000035e+02
1.414587719722650263e+02,1.259436000000000035e+02
1.414756152267723621e+02,1.259436000000000035e+02
1.417463737090028530e+02,1.259436000000000035e+02
1.410007395767195817e+02,1.259436000000000035e+02
1.420339754457407082e+02,2.103453399999999931e+02
1.420509453412593643e+02,2.103453399999999931e+02
1.423215771824785634e+02,2.103453399999999931e+02
1.420849075594713895e+02,2.103453399999999931e+02
1.426091789192163901e+02,2.103453399999999931e+02
1.426262754557463950e+02,2.103453399999999931e+02
1.428967806559542169e+02,2.103453399999999931e+02
1.428465700000000140e+02,2.103453399999999931e+02
1.431843823926920436e+02,2.103453399999999931e+02
1.432016055702333688e+02,2.103453399999999931e+02
1.434719841294298988e+02,2.103453399999999931e+02
1.432360746872246864e+02,2.103453399999999931e+02
1.437595858661677539e+02,2.103453399999999931e+02
1.437769356847203994e+02,2.103453399999999931e+02
1.440471876029055807e+02,2.103453399999999931e+02
1.433051041093474396e+02,2.103453399999999931e+02
1.443347893396434074e+02,2.103453399999999931e+02
1.443522657992074301e+02,2.103453399999999931e+02
1.446223910763812341e+02,2.103453399999999931e+02
1.443872418149779833e+02,2.103453399999999931e+02
1.449099928131190893e+02,2.103453399999999931e+02
1.449275959136944039e+02,2.103453399999999931e+02
1.451975945498569445e+02,2.103453399999999931e+02
1.434435288339222723e+02,2.103453399999999931e+02
1.454851962865947712e+02,2.103453399999999931e+02
1.455029260281814345e+02,2.103453399999999931e+02
1.457727980233325979e+02,2.103453399999999931e+02
1.455384089427312801e+02,2.103453399999999931e+02
1.460603997600704247e+02,2.103453399999999931e+02
1.460782561426684367e+02,2.103453399999999931e+02
1.463480014968082799e+02,2.103453399999999931e+02
1.456094686419753259e+02,2.103453399999999931e+02
1.466356032335461350e+02,2.103453399999999931e+02
1.466535862571554389e+02,2.103453399999999931e+02
1.469232049702839618e+02,2.103453399999999931e+02
1.466895760704845770e+02,2.103453399999999931e+02
1.472108067070217885e+02,2.103453399999999931e+02
1.472289163716424696e+02,2.103453399999999931e+02
1.474984084437596437e+02,2.103453399999999931e+02
1.694547599999999932e+02,2.334588599999999872e+02
1.477860101804974704e+02,2.103453399999999931e+02
1.478042464861294718e+02,2.103453399999999931e+02
1.480736119172353256e+02,2.103453399999999931e+02
1.478407431982378739e+02,2.103453399999999931e+02
1.483612136539731523e+02,2.103453399999999931e+02
1.483795766006164740e+02,2.103453399999999931e+02
1.486488153907109790e+02,2.103453399999999931e+02
1.479138331746031838e+02,2.103453399999999931e+02
1.489364171274488342e+02,2.103453399999999931e+02
1.489549067151035047e+02,2.103453399999999931e+02
1.492240188641866609e+02,2.103453399999999931e+02
1.489919103259911708e+02,2.103453399999999931e+02
1.495116206009245161e+02,2.103453399999999931e+02
1.495302368295905069e+02,2.103453399999999931e+02
1.497992223376623429e+02,2.103453399999999931e+02
1.480604005300353379e+02,2.103453399999999931e+02
1.500868240744001696e+02,2.103453399999999931e+02
1.501055669440775091e+02,2.103453399999999931e+02
1.503744258111380248e+02,2.103453399999999931e+02
1.501430774537444961e+02,2.103453399999999931e+02
1.506620275478758799e+02,2.103453399999999931e+02
1.506808970585645397e+02,2.103453399999999931e+02
1.509496292846137067e+02,2.103453399999999931e+02
1.502181977072310701e+02,2.103453399999999931e+02
1.512372310213515334e+02,2.103453399999999931e+02
1.512562271730515135e+02,2.103453399999999931e+02
1.515248327580893601e+02,2.103453399999999931e+02
1.512942445814978214e+02,2.103453399999999931e+02
1.518124344948272153e+02,2.103453399999999931e+02
1.518315572875385442e+02,2.103453399999999931e+02
1.521000362315650705e+02,2.103453399999999931e+02
1.997580299999999909e+02,2.518234899999999925e+02
1.523876379683028972e+02,1.180339359999999971e+02
1.524068874020255748e+02,1.180339359999999971e+02
1.526752397050407239e+02,1.180339359999999971e+02
1.524454117092511183e+02,1.180339359999999971e+02
1.529628414417785507e+02,1.180339359999999971e+02
1.529822175165125486e+02,1.180339359999999971e+02
1.532504431785164059e+02,1.180339359999999971e+02
1.525225622398589280e+02,1.180339359999999971e+02
1.535380449152542610e+02,1.180339359999999971e+02
1.535575476309995793e+02,1.180339359999999971e+02
1.538256466519920878e+02,1.180339359999999971e+02
1.535965788370044152e+02,1.180339359999999971e+02
1.541132483887299145e+02,1.180339359999999971e+02
1.541328777454865815e+02,1.180339359999999971e+02
1.544008501254677412e+02,1.180339359999999971e+02
1.526772722261484319e+02,1.180339359999999971e+02
1.546884518622055964e+02,4.821463600000000156e+02
1.547082078599735837e+02,4.821463600000000156e+02
1.549760535989434516e+02,4.821463600000000156e+02
1.547477459647577120e+02,4.821463600000000156e+02
1.552636553356812783e+02,4.821463600000000156e+02
1.552835379744606144e+02,4.821463600000000156e+02
1.555512570724191050e+02,4.821463600000000156e+02
1.548269267724867859e+02,4.821463600000000156e+02
1.558388588091569318e+02,4.821463600000000156e+02
1.558588680889476166e+02,4.821463600000000156e+02
1.561264605458947869e+02,4.821463600000000156e+02
1.558989130925110089e+02,4.821463600000000156e+02
1.564140622826326421e+02,4.821463600000000156e+02
1.564341982034346188e+02,4.821463600000000156e+02
1.567016640193704688e+02,4.821463600000000156e+02
2.249218799999999874e+02,2.693016400000000203e+02
1.569892657561082956e+02,4.821463600000000156e+02
1.570095283179216494e+02,4.821463600000000156e+02
1.572768674928461508e+02,4.821463600000000156e+02
1.570500802202643058e+02,4.821463600000000156e+02
1.575644692295839775e+02,4.821463600000000156e+02
1.575848584324086517e+02,4.821463600000000156e+02
1.578520709663218327e+02,4.821463600000000156e+02
1.571312913051146438e+02,4.821463600000000156e+02
1.581396727030596594e+02,4.821463600000000156e+02
1.581601885468956539e+02,4.821463600000000156e+02
1.584272744397974861e+02,4.821463600000000156e+02
1.582012473480176027e+02,4.821463600000000156e+02
1.587148761765353413e+02,4.821463600000000156e+02
1.587355186613826845e+02,4.821463600000000156e+02
1.590024779132731965e+02,4.821463600000000156e+02
1.572941439222614690e+02,4.821463600000000156e+02
1.592900796500110232e+02,4.821463600000000156e+02
1.593108487758696583e+02,4.821463600000000156e+02
1.595776813867488499e+02,4.821463600000000156e+02
1.593524144757709280e+02,4.821463600000000156e+02
1.598652831234866767e+02,4.821463600000000156e+02
1.598861788903566890e+02,4.821463600000000156e+02
1.601528848602245318e+02,4.821463600000000156e+02
1.594356558377425017e+02,4.821463600000000156e+02
1.604404865969623870e+02,4.821463600000000156e+02
1.604615090048436912e+02,4.821463600000000156e+02
1.607280883337002138e+02,4.821463600000000156e+02
1.605035816035242533e+02,4.821463600000000156e+02
1.610156900704380405e+02,4.821463600000000156e+02
1.610368391193306934e+02,4.821463600000000156e+02
1.613032918071758672e+02,4.821463600000000156e+02
2.438591900000000123e+02,2.844259000000000128e+02
1.615908935439137224e+02,4.821463600000000156e+02
1.616121692338177240e+02,4.821463600000000156e+02
1.618784952806515776e+02,4.821463600000000156e+02
1.616547487312775502e+02,4.821463600000000156e+02
1.621660970173894043e+02,4.821463600000000156e+02
1.621874993483047263e+02,4.821463600000000156e+02
1.624536987541272310e+02,4.821463600000000156e+02
1.617400203703703880e+02,4.821463600000000156e+02
1.627413004908650578e+02,4.821463600000000156e+02
1.627628294627917285e+02,4.821463600000000156e+02
1.630289022276029129e+02,4.821463600000000156e+02
1.628059158590308471e+02,4.821463600000000156e+02
1.633165039643407681e+02,4.821463600000000156e+02
1.633381595772787591e+02,4.821463600000000156e+02
1.636041057010785948e+02,4.821463600000000156e+02
1.619110156183745630e+02,4.821463600000000156e+02
1.638917074378164216e+02,4.821463600000000156e+02
1.639134896917657613e+02,4.821463600000000156e+02
1.641793091745542483e+02,4.821463600000000156e+02
1.639570829867841439e+02,4.821463600000000156e+02
1.644669109112921035e+02,4.821463600000000156e+02
1.644888198062527636e+02,4.821463600000000156e+02
1.647545126480299587e+02,4.821463600000000156e+02
1.640443849029982744e+02,4.821463600000000156e+02
1.650421143847677854e+02,4.821463600000000156e+02
1.650641499207397942e+02,4.821463600000000156e+02
1.653297161215056121e+02,4.821463600000000156e+02
1.651082501145374408e+02,4.821463600000000156e+02
1.656173178582434389e+02,4.821463600000000156e+02
1.656394800352267680e+02,4.821463600000000156e+02
1.659049195949812940e+02,4.821463600000000156e+02
2.550956999999999937e+02,2.984345700000000079e+02
1.661925213317191492e+02,2.334588599999999872e+02
1.662148101497137986e+02,2.334588599999999872e+02
1.664801230684569759e+02,2.334588599999999872e+02
1.662594172422907377e+02,2.334588599999999872e+02
1.667677248051948027e+02,2.334588599999999872e+02
1.667901402642008293e+02,2.334588599999999872e+02
1.670553265419326578e+02,2.334588599999999872e+02
1.663487494356261323e+02,2.334588599999999872e+02
1.673429282786704846e+02,2.334588599999999872e+02
1.673654703786878031e+02,2.334588599999999872e+02
1.676305300154083398e+02,2.334588599999999872e+02
1.674105843700440346e+02,2.334588599999999872e+02
1.679181317521461665e+02,2.334588599999999872e+02
1.679408004931748337e+02,2.334588599999999872e+02
1.682057334888839932e+02,2.334588599999999872e+02
1.665278873144876570e+02,2.334588599999999872e+02
1.684933352256218484e+02,2.334588599999999872e+02
1.685161306076618359e+02,2.334588599999999872e+02
1.687809369623597036e+02,2.334588599999999872e+02
1.685617514977973599e+02,2.334588599999999872e+02
1.690685386990975303e+02,2.334588599999999872e+02
1.690914607221488382e+02,2.334588599999999872e+02
1.693561404358353570e+02,2.334588599999999872e+02
1.686531139682539902e+02,2.334588599999999872e+02
1.696437421725731838e+02,2.334588599999999872e+02
1.696667908366358688e+02,2.334588599999999872e+02
1.699313439093110389e+02,2.334588599999999872e+02
1.697129186255506852e+02,2.334588599999999872e+02
1.702189456460488941e+02,2.725965600000000109e+02
1.702421209511228710e+02,2.725965600000000109e+02
1.705065473827867208e+02,2.725965600000000109e+02
2.687552800000000275e+02,3.247684300000000235e+02
1.707941491195245476e+02,2.725965600000000109e+02
1.708174510656098732e+02,2.725965600000000109e+02
1.710817508562623743e+02,2.725965600000000109e+02
1.708640857533039821e+02,2.725965600000000109e+02
1.713693525930002295e+02,2.725965600000000109e+02
1.713927811800969039e+02,2.725965600000000109e+02
1.716569543297380847e+02,2.725965600000000109e+02
1.709574785008818480e+02,2.725965600000000109e+02
1.719445560664759114e+02,1.097418200000000041e+02
1.719681112945839061e+02,1.097418200000000041e+02
1.722321578032137381e+02,1.097418200000000041e+02
1.720152528810572790e+02,1.097418200000000041e+02
1.725197595399515649e+02,1.097418200000000041e+02
1.725434414090709083e+02,1.097418200000000041e+02
1.728073612766894200e+02,1.097418200000000041e+02
1.711447590106006942e+02,2.725965600000000109e+02
1.730949630134272752e+02,1.097418200000000041e+02
1.731187715235579390e+02,1.097418200000000041e+02
1.733825647501651019e+02,1.097418200000000041e+02
1.731664200088105758e+02,1.097418200000000041e+02
1.736701664869029287e+02,1.097418200000000041e+02
1.736941016380449128e+02,1.097418200000000041e+02
1.739577682236407554e+02,1.097418200000000041e+02
1.732618430335097059e+02,1.097418200000000041e+02
1.742453699603786106e+02,1.097418200000000041e+02
1.742694317525319434e+02,1.097418200000000041e+02
1.745329716971164657e+02,1.097418200000000041e+02
1.743175871365638727e+02,1.097418200000000041e+02
1.748205734338542925e+02,1.097418200000000041e+02
1.748447618670189456e+02,1.097418200000000041e+02
1.751081751705921192e+02,1.097418200000000041e+02
2.760323000000000206e+02,3.478792700000000195e+02
1.753957769073299460e+02,1.097418200000000041e+02
1.754200919815059478e+02,1.097418200000000041e+02
1.756833786440678011e+02,1.097418200000000041e+02
1.754687542643171696e+02,1.097418200000000041e+02
1.759709803808056563e+02,1.097418200000000041e+02
1.759954220959929785e+02,1.097418200000000041e+02
1.762585821175434830e+02,1.097418200000000041e+02
1.755662075661375638e+02,1.097418200000000041e+02
1.765461838542813098e+02,1.097418200000000041e+02
1.765707522104799807e+02,1.097418200000000041e+02
1.768337855910191649e+02,1.097418200000000041e+02
1.766199213920704665e+02,1.097418200000000041e+02
1.771213873277569917e+02,1.097418200000000041e+02
1.771460823249669829e+02,1.097418200000000041e+02
1.774089890644948468e+02,1.097418200000000041e+02
1.757616307067137882e+02,1.097418200000000041e+02
1.776965908012326736e+02,1.097418200000000041e+02
1.777214124394540136e+02,1.097418200000000041e+02
1.779841925379705003e+02,1.097418200000000041e+02
1.777710885198237918e+02,1.097418200000000041e+02
1.782717942747083555e+02,1.097418200000000041e+02
1.782967425539410158e+02,1.097418200000000041e+02
1.785593960114462107e+02,1.097418200000000041e+02
1.778705720987654502e+02,1.097418200000000041e+02
1.788469977481840374e+02,1.097418200000000041e+02
1.788720726684280180e+02,1.097418200000000041e+02
1.791345994849218641e+02,1.097418200000000041e+02
1.789222556475771171e+02,1.097418200000000041e+02
1.794222012216596909e+02,1.097418200000000041e+02
1.794474027829150486e+02,1.097418200000000041e+02
1.797098029583975460e+02,1.097418200000000041e+02
2.806355599999999981e+02,3.745967999999999734e+02
1.799974046951354012e+02,1.097418200000000041e+02
1.800227328974020224e+02,1.097418200000000041e+02
1.802850064318732279e+02,1.097418200000000041e+02
1.800734227753304140e+02,1.097418200000000041e+02
1.805726081686110547e+02,1.097418200000000041e+02
1.805980630118890531e+02,1.097418200000000041e+02
1.808602099053488814e+02,1.097418200000000041e+02
1.801749366313933365e+02,1.097418200000000041e+02
1.811478116420867366e+02,1.097418200000000041e+02
1.811733931263760837e+02,1.097418200000000041e+02
1.814354133788245917e+02,1.097418200000000041e+02
1.812245899030837109e+02,1.097418200000000041e+02
1.817230151155624185e+02,1.097418200000000041e+02
1.817487232408630575e+02,1.097418200000000041e+02
1.820106168523002452e+02,1.097418200000000041e+02
1.803785024028268822e+02,1.097418200000000041e+02
1.822982185890380720e+02,1.097418200000000041e+02
1.823240533553500882e+02,1.097418200000000041e+02
1.825858203257759271e+02,1.097418200000000041e+02
1.823757570308370077e+02,1.097418200000000041e+02
1.828734220625137823e+02,1.097418200000000041e+02
1.828993834698370904e+02,1.097418200000000041e+02
1.831610237992516090e+02,1.097418200000000041e+02
1.824793011640211944e+02,1.097418200000000041e+02
1.834486255359894358e+02,1.097418200000000041e+02
1.834747135843240926e+02,1.097418200000000041e+02
1.837362272727272625e+02,1.097418200000000041e+02
1.835269241585903046e+02,1.097418200000000041e+02
1.840238290094651177e+02,1.097418200000000041e+02
1.840500436988111232e+02,1.097418200000000041e+02
1.843114307462029728e+02,1.097418200000000041e+02
2.810438800000000015e+02,3.978901399999999740e+02
1.845990324829407996e+02,4.867761199999999917e+02
1.846253738132981255e+02,4.867761199999999917e+02
1.848866342196786263e+02,4.867761199999999917e+02
1.846780912863436015e+02,4.867761199999999917e+02
1.851742359564164815e+02,4.867761199999999917e+02
1.852007039277851277e+02,4.867761199999999917e+02
1.854618376931543082e+02,4.867761199999999917e+02
1.847836656966490523e+02,4.867761199999999917e+02
1.857494394298921634e+02,4.867761199999999917e+02
1.857760340422721583e+02,4.867761199999999917e+02
1.860370411666299901e+02,4.867761199999999917e+02
1.858292584140968984e+02,4.867761199999999917e+02
1.863246429033678169e+02,4.867761199999999917e+02
1.863513641567591606e+02,4.867761199999999917e+02
1.866122446401056720e+02,4.867761199999999917e+02
1.849953740989399193e+02,4.867761199999999917e+02
1.868998463768434988e+02,4.867761199999999917e+02
1.869266942712461628e+02,4.867761199999999917e+02
1.871874481135813539e+02,4.867761199999999917e+02
1.869804255418502237e+02,4.867761199999999917e+02
1.874750498503191807e+02,4.867761199999999917e+02
1.875020243857331934e+02,4.867761199999999917e+02
1.877626515870570074e+02,4.867761199999999917e+02
1.870880302292769102e+02,4.867761199999999917e+02
1.880502533237948626e+02,4.867761199999999917e+02
1.880773545002201672e+02,4.867761199999999917e+02
1.883378550605327177e+02,4.867761199999999917e+02
1.881315926696035490e+02,4.867761199999999917e+02
1.886254567972705445e+02,4.867761199999999917e+02
1.886526846147071979e+02,4.867761199999999917e+02
1.889130585340083712e+02,4.867761199999999917e+02
2.765388800000000060e+02,4.229627699999999777e+02
1.892006602707461980e+02,4.867761199999999917e+02
1.892280147291942285e+02,4.867761199999999917e+02
1.894882620074840531e+02,4.867761199999999917e+02
1.892827597973568459e+02,4.867761199999999917e+02
1.897758637442219083e+02,4.867761199999999917e+02
1.898033448436812023e+02,4.867761199999999917e+02
1.900634654809597350e+02,4.867761199999999917e+02
1.893923947619047681e+02,4.867761199999999917e+02
1.903510672176975618e+02,4.867761199999999917e+02
1.903786749581682329e+02,4.867761199999999917e+02
1.906386689544353885e+02,4.867761199999999917e+02
1.904339269251101427e+02,4.867761199999999917e+02
1.909262706911732437e+02,4.867761199999999917e+02
1.909540050726552352e+02,4.867761199999999917e+02
1.912138724279110988e+02,4.867761199999999917e+02
1.896122457950530134e+02,4.867761199999999917e+02
1.915014741646489256e+02,4.867761199999999917e+02
1.915293351871422374e+02,4.867761199999999917e+02
1.917890759013867523e+02,4.867761199999999917e+02
1.915850940528634396e+02,4.867761199999999917e+02
1.920766776381245791e+02,4.867761199999999917e+02
1.921046653016292680e+02,4.867761199999999917e+02
1.923642793748624342e+02,4.867761199999999917e+02
1.916967592945326544e+02,4.867761199999999917e+02
1.926518811116002894e+02,4.867761199999999917e+02
1.926799954161162702e+02,4.867761199999999917e+02
1.929394828483381161e+02,4.867761199999999917e+02
1.927362611806167365e+02,4.867761199999999917e+02
1.932270845850759429e+02,4.867761199999999917e+02
1.932553255306032725e+02,4.867761199999999917e+02
1.935146863218137696e+02,4.867761199999999917e+02
2.685470599999999877e+02,4.411840799999999945e+02
1.938022880585516532e+02,1.018045649999999966e+02
1.938306556450903031e+02,1.018045649999999966e+02
1.940898897952894799e+02,1.018045649999999966e+02
1.938874283083700334e+02,1.018045649999999966e+02
1.943774915320273067e+02,1.018045649999999966e+02
1.944059857595772769e+02,1.018045649999999966e+02
1.946650932687651334e+02,1.018045649999999966e+02
1.940011238271605407e+02,1.018045649999999966e+02
1.949526950055029602e+02,1.018045649999999966e+02
1.949813158740643075e+02,1.018045649999999966e+02
1.952402967422408437e+02,1.018045649999999966e+02
1.950385954361233303e+02,1.018045649999999966e+02
1.955278984789786705e+02,1.018045649999999966e+02
1.955566459885513382e+02,1.018045649999999966e+02
1.958155002157164972e+02,1.018045649999999966e+02
1.942291174911661074e+02,1.018045649999999966e+02
1.961031019524543240e+02,1.018045649999999966e+02
1.961319761030383120e+02,1.018045649999999966e+02
1.963907036891921507e+02,1.018045649999999966e+02
1.961897625638766272e+02,1.018045649999999966e+02
1.966783054259300343e+02,1.018045649999999966e+02
1.967073062175253426e+02,1.018045649999999966e+02
1.969659071626678610e+02,1.018045649999999966e+02
1.963054883597883986e+02,1.018045649999999966e+02
1.972535088994056878e+02,1.018045649999999966e+02
1.972826363320123733e+02,1.018045649999999966e+02
1.975411106361435145e+02,1.018045649999999966e+02
1.973409296916299809e+02,1.018045649999999966e+02
1.978287123728813413e+02,1.018045649999999966e+02
1.978579664464993471e+02,1.018045649999999966e+02
1.981163141096192248e+02,1.018045649999999966e+02
2.576723999999999819e+02,4.553250699999999824e+02
1.984039158463570516e+02,2.518234899999999925e+02
1.984332965609863777e+02,2.518234899999999925e+02
1.986915175830948783e+02,2.518234899999999925e+02
1.984920968193832778e+02,2.518234899999999925e+02
1.989791193198327051e+02,2.518234899999999925e+02
1.990086266754734083e+02,2.518234899999999925e+02
1.992667210565705318e+02,2.518234899999999925e+02
1.986098528924162565e+02,2.518234899999999925e+02
1.995543227933084154e+02,2.518234899999999925e+02
1.995839567899603821e+02,2.518234899999999925e+02
1.998419245300462421e+02,2.518234899999999925e+02
1.996432639471365746e+02,2.518234899999999925e+02
2.001295262667840689e+02,2.518234899999999925e+02
2.001592869044474128e+02,2.518234899999999925e+02
2.004171280035218956e+02,2.518234899999999925e+02
1.988459891872791445e+02,2.518234899999999925e+02
2.007047297402597792e+02,2.518234899999999925e+02
2.007346170189343866e+02,2.518234899999999925e+02
2.009923314769976059e+02,2.518234899999999925e+02
2.007944310748898715e+02,2.518234899999999925e+02
2.012799332137354327e+02,2.518234899999999925e+02
2.013099471334214172e+02,2.518234899999999925e+02
2.015675349504732594e+02,2.518234899999999925e+02
2.009142174250441144e+02,2.518234899999999925e+02
2.018551366872110862e+02,2.518234899999999925e+02
2.018852772479084479e+02,2.518234899999999925e+02
2.021427384239489697e+02,2.518234899999999925e+02
2.019455982026431684e+02,2.518234899999999925e+02
2.024303401606867965e+02,2.518234899999999925e+02
2.024606073623954217e+02,2.518234899999999925e+02
2.027179418974246232e+02,2.518234899999999925e+02
2.396851800000000026e+02,4.709526399999999740e+02
2.030055436341624500e+02,2.518234899999999925e+02
2.030359374768824523e+02,2.518234899999999925e+02
2.032931453709002767e+02,2.518234899999999925e+02
2.030967653303964653e+02,2.518234899999999925e+02
2.035807471076381603e+02,2.518234899999999925e+02
2.036112675913694829e+02,2.518234899999999925e+02
2.038683488443759870e+02,2.518234899999999925e+02
2.032185819576719723e+02,2.518234899999999925e+02
2.041559505811138138e+02,2.518234899999999925e+02
2.041865977058564567e+02,2.518234899999999925e+02
2.044435523178516405e+02,2.518234899999999925e+02
2.042479324581497622e+02,2.518234899999999925e+02
2.047311540545894673e+02,2.518234899999999925e+02
2.047619278203434874e+02,2.518234899999999925e+02
2.050187557913273508e+02,2.518234899999999925e+02
2.034628608833922385e+02,2.518234899999999925e+02
2.053063575280651776e+02,2.518234899999999925e+02
2.053372579348305180e+02,2.518234899999999925e+02
2.055939592648030043e+02,2.518234899999999925e+02
2.053990995859030591e+02,2.518234899999999925e+02
2.058815610015408311e+02,2.518234899999999925e+02
2.059125880493174918e+02,2.518234899999999925e+02
2.061691627382786578e+02,2.518234899999999925e+02
2.055229464902998302e+02,2.518234899999999925e+02
2.064567644750165414e+02,2.518234899999999925e+02
2.064879181638045225e+02,2.518234899999999925e+02
2.067443662117543681e+02,2.518234899999999925e+02
2.065502667136564128e+02,2.518234899999999925e+02
2.070319679484921949e+02,2.518234899999999925e+02
2.070632482782914963e+02,2.518234899999999925e+02
2.073195696852300216e+02,2.518234899999999925e+02
2.182102700000000084e+02,4.828652299999999968e+02
2.076071714219678483e+02,2.606003400000000170e+02
2.076385783927785269e+02,2.606003400000000170e+02
2.078947731587057319e+02,2.606003400000000170e+02
2.077014338414097097e+02,2.606003400000000170e+02
2.081823748954435587e+02,2.606003400000000170e+02
2.082139085072655575e+02,2.606003400000000170e+02
2.084699766321813854e+02,2.606003400000000170e+02
2.078273110229276881e+02,2.606003400000000170e+02
2.087575783689192122e+02,2.606003400000000170e+02
2.087892386217525313e+02,2.606003400000000170e+02
2.090451801056570389e+02,2.606003400000000170e+02
2.088526009691630065e+02,2.606003400000000170e+02
2.093327818423949225e+02,2.606003400000000170e+02
2.093645687362395620e+02,2.606003400000000170e+02
2.096203835791327492e+02,2.606003400000000170e+02
2.080797325795053325e+02,2.606003400000000170e+02
2.099079853158705760e+02,2.606003400000000170e+02
2.099398988507265926e+02,2.606003400000000170e+02
2.101955870526084027e+02,2.606003400000000170e+02
2.100037680969163034e+02,2.606003400000000170e+02
2.104831887893462863e+02,2.606003400000000170e+02
2.105152289652135664e+02,2.606003400000000170e+02
2.107707905260841130e+02,2.606003400000000170e+02
2.101316755555556028e+02,2.606003400000000170e+02
2.110583922628219398e+02,2.606003400000000170e+02
2.110905590797005971e+02,2.606003400000000170e+02
2.113459939995597665e+02,2.606003400000000170e+02
2.111549352246696003e+02,2.606003400000000170e+02
2.116335957362975932e+02,2.606003400000000170e+02
2.116658891941876277e+02,2.606003400000000170e+02
2.119211974730354768e+02,2.606003400000000170e+02
1.889927700000000073e+02,4.867761199999999917e+02
2.122087992097733036e+02,2.606003400000000170e+02
2.122412193086746015e+02,2.606003400000000170e+02
2.124964009465111303e+02,2.606003400000000170e+02
2.123061023524228972e+02,2.606003400000000170e+02
2.127840026832489571e+02,2.606003400000000170e+02
2.128165494231616321e+02,2.606003400000000170e+02
2.130716044199867838e+02,2.606003400000000170e+02
2.124360400881834607e+02,2.606003400000000170e+02
2.133592061567246674e+02,2.606003400000000170e+02
2.133918795376486628e+02,2.606003400000000170e+02
2.136468078934624941e+02,2.606003400000000170e+02
2.134572694801761941e+02,2.606003400000000170e+02
2.139344096302003209e+02,2.606003400000000170e+02
2.139672096521356366e+02,2.606003400000000170e+02
2.142220113669381476e+02,2.606003400000000170e+02
2.126966042756183697e+02,2.606003400000000170e+02
2.145096131036759743e+02,2.606003400000000170e+02
2.145425397666226672e+02,2.606003400000000170e+02
2.147972148404138579e+02,2.606003400000000170e+02
2.146084366079294909e+02,2.606003400000000170e+02
2.150848165771516847e+02,2.606003400000000170e+02
2.151178698811096410e+02,2.606003400000000170e+02
2.153724183138895114e+02,2.606003400000000170e+02
2.147404046208113186e+02,2.606003400000000170e+02
2.156600200506273382e+02,2.606003400000000170e+02
2.156931999955966717e+02,2.606003400000000170e+02
2.159476217873651649e+02,2.606003400000000170e+02
2.157596037356828447e+02,2.606003400000000170e+02
2.162352235241030485e+02,2.606003400000000170e+02
2.162685301100837023e+02,2.606003400000000170e+02
2.165228252608408752e+02,2.606003400000000170e+02
1.558865199999999902e+02,4.821463600000000156e+02
2.168104269975787020e+02,4.828652299999999968e+02
2.168438602245706761e+02,4.828652299999999968e+02
2.170980287343165287e+02,4.828652299999999968e+02
2.169107708634361416e+02,4.828652299999999968e+02
2.173856304710543554e+02,4.828652299999999968e+02
2.174191903390577068e+02,4.828652299999999968e+02
2.176732322077922390e+02,4.828652299999999968e+02
2.170447691534391765e+02,4.828652299999999968e+02
2.179608339445300658e+02,4.828652299999999968e+02
2.179945204535447374e+02,4.828652299999999968e+02
2.182484356812678925e+02,4.828652299999999968e+02
2.180619379911894384e+02,4.828652299999999968e+02
2.185360374180057192e+02,4.828652299999999968e+02
2.185698505680317112e+02,4.828652299999999968e+02
2.188236391547435460e+02,4.828652299999999968e+02
2.173134759717314637e+02,4.828652299999999968e+02
2.191112408914814296e+02,4.828652299999999968e+02
2.191451806825187418e+02,4.828652299999999968e+02
2.193988426282192563e+02,4.828652299999999968e+02
2.192131051189427353e+02,4.828652299999999968e+02
2.196864443649570831e+02,4.828652299999999968e+02
2.197205107970057725e+02,4.828652299999999968e+02
2.199740461016949098e+02,4.828652299999999968e+02
2.193491336860670344e+02,4.828652299999999968e+02
2.202616478384327934e+02,4.335610399999999913e+02
2.202958409114927463e+02,4.335610399999999913e+02
2.205492495751706201e+02,4.335610399999999913e+02
2.203642722466960322e+02,4.335610399999999913e+02
2.208368513119084469e+02,4.335610399999999913e+02
2.208711710259797769e+02,4.335610399999999913e+02
2.211244530486462736e+02,4.335610399999999913e+02
1.283866899999999873e+02,4.709611800000000130e+02
2.214120547853841003e+02,4.358044399999999996e+02
2.214465011404667507e+02,4.358044399999999996e+02
2.216996565221219839e+02,4.358044399999999996e+02
2.215154393744493291e+02,4.358044399999999996e+02
2.219872582588598107e+02,4.358044399999999996e+02
2.220218312549537814e+02,4.358044399999999996e+02
2.222748599955976374e+02,4.358044399999999996e+02
2.216534982186948923e+02,4.358044399999999996e+02
2.225624617323354641e+02,4.358044399999999996e+02
2.225971613694408120e+02,4.358044399999999996e+02
2.228500634690732909e+02,4.358044399999999996e+02
2.226666065022026260e+02,4.358044399999999996e+02
2.231376652058111745e+02,9.782629400000000430e+01
2.231724914839277858e+02,9.782629400000000430e+01
2.234252669425490012e+02,9.782629400000000430e+01
2.219303476678445577e+02,4.358044399999999996e+02
2.237128686792868280e+02,9.782629400000000430e+01
2.237478215984148164e+02,9.782629400000000430e+01
2.240004704160246547e+02,9.782629400000000430e+01
2.238177736299559228e+02,9.782629400000000430e+01
2.242880721527624814e+02,9.782629400000000430e+01
2.243231517129018471e+02,9.782629400000000430e+01
2.245756738895003650e+02,9.782629400000000430e+01
2.239578627513227502e+02,9.782629400000000430e+01
2.248632756262381918e+02,2.693016400000000203e+02
2.248984818273888209e+02,2.693016400000000203e+02
2.251508773629760185e+02,2.693016400000000203e+02
2.249689407577092766e+02,2.693016400000000203e+02
2.254384790997138452e+02,4.379084500000000162e+02
2.254738119418758515e+02,4.379084500000000162e+02
2.257260808364516720e+02,4.379084500000000162e+02
1.049762599999999964e+02,4.556601600000000190e+02
2.260136825731895556e+02,4.379084500000000162e+02
2.260491420563628822e+02,4.379084500000000162e+02
2.263012843099273823e+02,4.379084500000000162e+02
2.261201078854625734e+02,4.379084500000000162e+02
2.265888860466652091e+02,4.379084500000000162e+02
2.266244721708498560e+02,4.379084500000000162e+02
2.268764877834030358e+02,4.379084500000000162e+02
2.262622272839506650e+02,4.379084500000000162e+02
2.271640895201408625e+02,4.379084500000000162e+02
2.271998022853368866e+02,4.379084500000000162e+02
2.274516912568787461e+02,4.379084500000000162e+02
2.272712750132158703e+02,4.379084500000000162e+02
2.277392929936165729e+02,4.379084500000000162e+02
2.277751323998239172e+02,4.379084500000000162e+02
2.280268947303543996e+02,4.379084500000000162e+02
2.265472193639575949e+02,4.379084500000000162e+02
2.283144964670922263e+02,4.379084500000000162e+02
2.283504625143108910e+02,4.379084500000000162e+02
2.286020982038300531e+02,4.379084500000000162e+02
2.284224421409691672e+02,4.379084500000000162e+02
2.288896999405679367e+02,4.379084500000000162e+02
2.289257926287979217e+02,4.379084500000000162e+02
2.291773016773057634e+02,4.379084500000000162e+02
2.285665918165785229e+02,4.379084500000000162e+02
2.294649034140435901e+02,4.379084500000000162e+02
2.295011227432848955e+02,4.379084500000000162e+02
2.297525051507814169e+02,4.379084500000000162e+02
2.295736092687224641e+02,4.379084500000000162e+02
2.300401068875193005e+02,4.379084500000000162e+02
2.300764528577719261e+02,4.379084500000000162e+02
2.303277086242571272e+02,4.379084500000000162e+02
8.647272999999999854e+01,4.358467999999999734e+02
2.306153103609949540e+02,4.387970000000000255e+02
2.306517829722589568e+02,4.387970000000000255e+02
2.309029120977327807e+02,4.387970000000000255e+02
2.307247763964757610e+02,4.387970000000000255e+02
2.311905138344706074e+02,4.387970000000000255e+02
2.312271130867459306e+02,4.387970000000000255e+02
2.314781155712084910e+02,4.387970000000000255e+02
2.308709563492063808e+02,4.387970000000000255e+02
2.317657173079463178e+02,4.387970000000000255e+02
2.318024432012329612e+02,4.387970000000000255e+02
2.320533190446841445e+02,4.387970000000000255e+02
2.318759435242290579e+02,4.387970000000000255e+02
2.323409207814219712e+02,4.387970000000000255e+02
2.323777733157199918e+02,4.387970000000000255e+02
2.326285225181597980e+02,4.387970000000000255e+02
2.311640910600706889e+02,4.387970000000000255e+02
2.329161242548976816e+02,4.387970000000000255e+02
2.329531034302069656e+02,4.387970000000000255e+02
2.332037259916355083e+02,4.387970000000000255e+02
2.330271106519823547e+02,4.387970000000000255e+02
2.334913277283733350e+02,4.387970000000000255e+02
2.335284335446939963e+02,4.387970000000000255e+02
2.337789294651111618e+02,4.387970000000000255e+02
2.331753208818342387e+02,4.387970000000000255e+02
2.340665312018489885e+02,4.387970000000000255e+02
2.341037636591810269e+02,4.387970000000000255e+02
2.343541329385868721e+02,4.387970000000000255e+02
2.341782777797357085e+02,4.387970000000000255e+02
2.346417346753246989e+02,4.387970000000000255e+02
2.346790937736680007e+02,4.387970000000000255e+02
2.349293364120625256e+02,4.387970000000000255e+02
7.156509400000000198e+01,4.093215299999999957e+02
2.352169381488003523e+02,4.252882000000000176e+02
2.352544238881550314e+02,4.252882000000000176e+02
2.355045398855381791e+02,4.252882000000000176e+02
2.353294449074890053e+02,4.252882000000000176e+02
2.357921416222760627e+02,4.252882000000000176e+02
2.358297540026420620e+02,4.252882000000000176e+02
2.360797433590138894e+02,4.252882000000000176e+02
2.354796854144620966e+02,4.252882000000000176e+02
2.363673450957517161e+02,4.252882000000000176e+02
2.364050841171290358e+02,4.252882000000000176e+02
2.366549468324895429e+02,4.252882000000000176e+02
2.364806120352423022e+02,4.252882000000000176e+02
2.369425485692273696e+02,4.252882000000000176e+02
2.369804142316160664e+02,4.252882000000000176e+02
2.372301503059652532e+02,4.252882000000000176e+02
2.357809627561837829e+02,4.252882000000000176e+02
2.375177520427030800e+02,4.252882000000000176e+02
2.375557443461030402e+02,4.252882000000000176e+02
2.378053537794409067e+02,4.252882000000000176e+02
2.376317791629955991e+02,4.252882000000000176e+02
2.380929555161787334e+02,4.252882000000000176e+02
2.381310744605900709e+02,4.252882000000000176e+02
2.383805572529166170e+02,4.252882000000000176e+02
2.377840499470899545e+02,4.252882000000000176e+02
2.386681589896544438e+02,4.709526399999999740e+02
2.387064045750771015e+02,4.709526399999999740e+02
2.389557607263922705e+02,4.709526399999999740e+02
2.387829462907488960e+02,4.709526399999999740e+02
2.392433624631300972e+02,4.709526399999999740e+02
2.392817346895640753e+02,4.709526399999999740e+02
2.395309641998679240e+02,4.709526399999999740e+02
6.495671000000000106e+01,3.790237999999999943e+02
2.398185659366058076e+02,4.709526399999999740e+02
2.398570648040511060e+02,4.709526399999999740e+02
2.401061676733436343e+02,4.709526399999999740e+02
2.399341134185021929e+02,4.709526399999999740e+02
2.403937694100814610e+02,4.709526399999999740e+02
2.404323949185381366e+02,4.709526399999999740e+02
2.406813711468192878e+02,4.709526399999999740e+02
2.400884144797178692e+02,4.709526399999999740e+02
2.409689728835571145e+02,4.709526399999999740e+02
2.410077250330251104e+02,4.709526399999999740e+02
2.412565746202949981e+02,4.709526399999999740e+02
2.410852805462554898e+02,4.709526399999999740e+02
2.415441763570328249e+02,4.709526399999999740e+02
2.415830551475121410e+02,4.709526399999999740e+02
2.418317780937706516e+02,4.709526399999999740e+02
2.403978344522968200e+02,4.709526399999999740e+02
2.421193798305084783e+02,2.844259000000000128e+02
2.421583852619991717e+02,2.844259000000000128e+02
2.424069815672463051e+02,2.844259000000000128e+02
2.422364476740087866e+02,2.844259000000000128e+02
2.426945833039841887e+02,2.844259000000000128e+02
2.427337153764861455e+02,2.844259000000000128e+02
2.429821850407220154e+02,2.844259000000000128e+02
2.423927790123457271e+02,2.844259000000000128e+02
2.432697867774598421e+02,2.844259000000000128e+02
2.433090454909731761e+02,2.844259000000000128e+02
2.435573885141976689e+02,2.844259000000000128e+02
2.433876148017621404e+02,2.844259000000000128e+02
2.438449902509354956e+02,2.844259000000000128e+02
2.438843756054601499e+02,2.844259000000000128e+02
2.441325919876733792e+02,2.844259000000000128e+02
7.389937999999999363e+01,3.508255599999999959e+02
2.444201937244112059e+02,2.844259000000000128e+02
2.444597057199471806e+02,2.844259000000000128e+02
2.447077954611490327e+02,2.844259000000000128e+02
2.445387819295154372e+02,2.844259000000000128e+02
2.449953971978868594e+02,2.844259000000000128e+02
2.450350358344342112e+02,2.844259000000000128e+02
2.452829989346246862e+02,2.844259000000000128e+02
2.446971435449735850e+02,2.844259000000000128e+02
2.455706006713625698e+02,2.844259000000000128e+02
2.456103659489211850e+02,2.844259000000000128e+02
2.458582024081003965e+02,2.844259000000000128e+02
2.456899490572687341e+02,2.844259000000000128e+02
2.461458041448382232e+02,2.844259000000000128e+02
2.461856960634082157e+02,2.844259000000000128e+02
2.464334058815760500e+02,2.844259000000000128e+02
2.450147061484099140e+02,2.844259000000000128e+02
2.467210076183138767e+02,2.844259000000000128e+02
2.467610261778952463e+02,2.844259000000000128e+02
2.470086093550517603e+02,2.844259000000000128e+02
2.468411161850220310e+02,2.844259000000000128e+02
2.472962110917895870e+02,2.844259000000000128e+02
2.473363562923822201e+02,2.844259000000000128e+02
2.475838128285274138e+02,2.844259000000000128e+02
2.470015080776014429e+02,2.844259000000000128e+02
2.478714145652652405e+02,2.844259000000000128e+02
2.479116864068692507e+02,2.844259000000000128e+02
2.481590163020031241e+02,2.844259000000000128e+02
2.479922833127753279e+02,2.844259000000000128e+02
2.484466180387409509e+02,2.844259000000000128e+02
2.484870165213562814e+02,2.844259000000000128e+02
2.487342197754787776e+02,2.844259000000000128e+02
9.418560999999999694e+01,3.240449199999999905e+02
2.490218215122166043e+02,4.389095500000000243e+02
2.490623466358432552e+02,4.389095500000000243e+02
2.493094232489544311e+02,4.389095500000000243e+02
2.491434504405286248e+02,4.389095500000000243e+02
2.495970249856923147e+02,4.389095500000000243e+02
2.496376767503302858e+02,4.389095500000000243e+02
2.498846267224301414e+02,4.389095500000000243e+02
2.493058726102293008e+02,4.389095500000000243e+02
2.501722284591679681e+02,4.389095500000000243e+02
2.502130068648173165e+02,4.389095500000000243e+02
2.504598301959057949e+02,4.389095500000000243e+02
2.502946175682819216e+02,4.389095500000000243e+02
2.507474319326436216e+02,4.389095500000000243e+02
2.507883369793042903e+02,4.389095500000000243e+02
2.510350336693815052e+02,4.389095500000000243e+02
2.496315778445229512e+02,4.389095500000000243e+02
2.513226354061193319e+02,4.389095500000000243e+02
2.513636670937913209e+02,4.389095500000000243e+02
2.516102371428571587e+02,4.389095500000000243e+02
2.514457846960352185e+02,4.389095500000000243e+02
2.518978388795949854e+02,4.389095500000000243e+02
2.519389972082782947e+02,4.389095500000000243e+02
2.521854406163328122e+02,4.389095500000000243e+02
2.516102371428571587e+02,4.389095500000000243e+02
2.524730423530706958e+02,4.389095500000000243e+02
2.525143273227653253e+02,4.389095500000000243e+02
2.527606440898085225e+02,4.389095500000000243e+02
2.525969518237885723e+02,4.389095500000000243e+02
2.530482458265463492e+02,4.389095500000000243e+02
2.530896574372523560e+02,4.389095500000000243e+02
2.533358475632841760e+02,4.389095500000000243e+02
1.296345799999999997e+02,2.940632299999999759e+02
2.536234493000220027e+02,2.984345700000000079e+02
2.536649875517393298e+02,2.984345700000000079e+02
2.539110510367598863e+02,2.984345700000000079e+02
2.537481189515418691e+02,2.984345700000000079e+02
2.541986527734977130e+02,2.984345700000000079e+02
2.542403176662263604e+02,2.984345700000000079e+02
2.544862545102355398e+02,2.984345700000000079e+02
2.539146016754850166e+02,2.984345700000000079e+02
2.547738562469733665e+02,2.984345700000000079e+02
2.548156477807133911e+02,2.984345700000000079e+02
2.550614579837111933e+02,2.984345700000000079e+02
2.548992860792951660e+02,2.984345700000000079e+02
2.553490597204490768e+02,2.984345700000000079e+02
2.553909778952003649e+02,2.984345700000000079e+02
2.556366614571869036e+02,2.984345700000000079e+02
2.542484495406360452e+02,2.984345700000000079e+02
2.559242631939247303e+02,9.600231999999999744e+01
2.559663080096873955e+02,9.600231999999999744e+01
2.562118649306625571e+02,9.600231999999999744e+01
2.560504532070484629e+02,9.600231999999999744e+01
2.564994666674003838e+02,9.600231999999999744e+01
2.565416381241744261e+02,9.600231999999999744e+01
2.567870684041382674e+02,9.600231999999999744e+01
2.562189662081129313e+02,9.600231999999999744e+01
2.570746701408760941e+02,4.553250699999999824e+02
2.571169682386613999e+02,4.553250699999999824e+02
2.573622718776139209e+02,4.553250699999999824e+02
2.572016203348017598e+02,4.553250699999999824e+02
2.576498736143517476e+02,4.553250699999999824e+02
2.576922983531484306e+02,4.553250699999999824e+02
2.579374753510896312e+02,4.553250699999999824e+02
1.705329900000000123e+02,2.725965600000000109e+02
2.582250770878274579e+02,4.553250699999999824e+02
2.582676284676354044e+02,4.553250699999999824e+02
2.585126788245652847e+02,4.553250699999999824e+02
2.583527874625550567e+02,4.553250699999999824e+02
2.588002805613031114e+02,4.553250699999999824e+02
2.588429585821224350e+02,4.553250699999999824e+02
2.590878822980409382e+02,4.553250699999999824e+02
2.585233307407407892e+02,4.553250699999999824e+02
2.593754840347788218e+02,4.553250699999999824e+02
2.594182886966094657e+02,4.553250699999999824e+02
2.596630857715166485e+02,4.553250699999999824e+02
2.595039545903083535e+02,4.553250699999999824e+02
2.599506875082544752e+02,4.553250699999999824e+02
2.599936188110964395e+02,4.553250699999999824e+02
2.602382892449923020e+02,4.553250699999999824e+02
2.588653212367491392e+02,4.553250699999999824e+02
2.605258909817301287e+02,4.553250699999999824e+02
2.605689489255834701e+02,4.553250699999999824e+02
2.608134927184680123e+02,4.553250699999999824e+02
2.606551217180616504e+02,4.553250699999999824e+02
2.611010944552058390e+02,4.553250699999999824e+02
2.611442790400705007e+02,4.553250699999999824e+02
2.613886961919436658e+02,4.553250699999999824e+02
2.608276952733686471e+02,4.553250699999999824e+02
2.616762979286814925e+02,4.553250699999999824e+02
2.617196091545574745e+02,4.553250699999999824e+02
2.619638996654193193e+02,4.553250699999999824e+02
2.618062888458150042e+02,4.553250699999999824e+02
2.622515014021572028e+02,4.553250699999999824e+02
2.622949392690445052e+02,4.553250699999999824e+02
2.625391031388950296e+02,4.553250699999999824e+02
2.150941799999999944e+02,2.606003400000000170e+02
2.628267048756328563e+02,2.554953600000000051e+02
2.628702693835315358e+02,2.554953600000000051e+02
2.631143066123706831e+02,2.554953600000000051e+02
2.629574559735683010e+02,2.554953600000000051e+02
2.634019083491085098e+02,2.554953600000000051e+02
2.634455994980185096e+02,2.554953600000000051e+02
2.636895100858463934e+02,2.554953600000000051e+02
2.631320598059965050e+02,2.554953600000000051e+02
2.639771118225842201e+02,2.554953600000000051e+02
2.640209296125055403e+02,2.554953600000000051e+02
2.642647135593220469e+02,2.554953600000000051e+02
2.641086231013215979e+02,2.554953600000000051e+02
2.645523152960598736e+02,2.554953600000000051e+02
2.645962597269925709e+02,2.554953600000000051e+02
2.648399170327977004e+02,2.554953600000000051e+02
2.634821929328621763e+02,2.554953600000000051e+02
2.651275187695355839e+02,2.554953600000000051e+02
2.651715898414795447e+02,2.554953600000000051e+02
2.654151205062734107e+02,2.554953600000000051e+02
2.652597902290748948e+02,2.554953600000000051e+02
2.657027222430112374e+02,2.554953600000000051e+02
2.657469199559665753e+02,2.554953600000000051e+02
2.659903239797490642e+02,2.554953600000000051e+02
2.654364243386243629e+02,2.554953600000000051e+02
2.662779257164868909e+02,2.554953600000000051e+02
2.663222500704535491e+02,2.554953600000000051e+02
2.665655274532247745e+02,2.554953600000000051e+02
2.664109573568281917e+02,2.554953600000000051e+02
2.668531291899626012e+02,2.554953600000000051e+02
2.668975801849405798e+02,2.554953600000000051e+02
2.671407309267004280e+02,2.554953600000000051e+02
2.634612700000000132e+02,2.554953600000000051e+02
2.674283326634382547e+02,4.411840799999999945e+02
2.674729102994276104e+02,4.411840799999999945e+02
2.677159344001761383e+02,4.411840799999999945e+02
2.675621244845814886e+02,4.411840799999999945e+02
2.680035361369139650e+02,4.411840799999999945e+02
2.680482404139145842e+02,4.411840799999999945e+02
2.682911378736517918e+02,4.411840799999999945e+02
2.677407888712522208e+02,4.411840799999999945e+02
2.685787396103896185e+02,4.411840799999999945e+02
2.686235705284016149e+02,4.411840799999999945e+02
2.688663413471274453e+02,3.247684300000000235e+02
2.687132916123347854e+02,3.247684300000000235e+02
2.691539430838653288e+02,3.247684300000000235e+02
2.691989006428886455e+02,3.247684300000000235e+02
2.694415448206031556e+02,3.247684300000000235e+02
2.680990646289752704e+02,4.411840799999999945e+02
2.697291465573409823e+02,3.247684300000000235e+02
2.697742307573756193e+02,3.247684300000000235e+02
2.700167482940788091e+02,3.247684300000000235e+02
2.698644587400880823e+02,3.247684300000000235e+02
2.703043500308166358e+02,3.247684300000000235e+02
2.703495608718626499e+02,3.247684300000000235e+02
2.705919517675545194e+02,3.247684300000000235e+02
2.700451534038800787e+02,3.247684300000000235e+02
2.708795535042923461e+02,3.247684300000000235e+02
2.709248909863496806e+02,3.247684300000000235e+02
2.711671552410301729e+02,3.247684300000000235e+02
2.710156258678414360e+02,3.247684300000000235e+02
2.714547569777679996e+02,3.247684300000000235e+02
2.715002211008366544e+02,3.247684300000000235e+02
2.717423587145058264e+02,3.247684300000000235e+02
3.039447999999999865e+02,2.580629999999999882e+02
2.720299604512437099e+02,4.363117700000000241e+02
2.720755512153236850e+02,4.363117700000000241e+02
2.723175621879815367e+02,4.363117700000000241e+02
2.721667929955947329e+02,4.363117700000000241e+02
2.726051639247193634e+02,4.363117700000000241e+02
2.726508813298107157e+02,4.363117700000000241e+02
2.728927656614571902e+02,4.363117700000000241e+02
2.723495179365079935e+02,4.363117700000000241e+02
2.731803673981950169e+02,4.363117700000000241e+02
2.732262114442976895e+02,4.363117700000000241e+02
2.734679691349329005e+02,4.363117700000000241e+02
2.733179601233480298e+02,4.363117700000000241e+02
2.737555708716707272e+02,4.363117700000000241e+02
2.738015415587847201e+02,4.363117700000000241e+02
2.740431726084085540e+02,4.363117700000000241e+02
2.727159363250883644e+02,4.363117700000000241e+02
2.743307743451463807e+02,3.478792700000000195e+02
2.743768716732716939e+02,3.478792700000000195e+02
2.746183760818842075e+02,3.478792700000000195e+02
2.744691272511013267e+02,3.478792700000000195e+02
2.749059778186220910e+02,3.478792700000000195e+02
2.749522017877587245e+02,3.478792700000000195e+02
2.751935795553599178e+02,3.478792700000000195e+02
2.746538824691358514e+02,3.478792700000000195e+02
2.754811812920977445e+02,3.478792700000000195e+02
2.755275319022457552e+02,3.478792700000000195e+02
2.757687830288355713e+02,3.478792700000000195e+02
2.756202943788546236e+02,3.478792700000000195e+02
2.760563847655733980e+02,3.478792700000000195e+02
2.761028620167327290e+02,3.478792700000000195e+02
2.763439865023112816e+02,4.229627699999999777e+02
3.326455000000000268e+02,2.664532500000000255e+02
2.766315882390491083e+02,4.229627699999999777e+02
2.766781921312197596e+02,4.229627699999999777e+02
2.769191899757869351e+02,4.229627699999999777e+02
2.767714615066079205e+02,4.229627699999999777e+02
2.772067917125247618e+02,4.229627699999999777e+02
2.772535222457067903e+02,4.229627699999999777e+02
2.774943934492626454e+02,4.229627699999999777e+02
2.769582470017637092e+02,4.229627699999999777e+02
2.777819951860004721e+02,4.229627699999999777e+02
2.778288523601937641e+02,4.229627699999999777e+02
2.780695969227382989e+02,4.229627699999999777e+02
2.779226286343612173e+02,4.229627699999999777e+02
2.783571986594761256e+02,4.229627699999999777e+02
2.784041824746807947e+02,4.229627699999999777e+02
2.786448003962139524e+02,4.229627699999999777e+02
2.773328080212014015e+02,4.229627699999999777e+02
2.789324021329518359e+02,4.206687000000000012e+02
2.789795125891678254e+02,4.206687000000000012e+02
2.792200038696896627e+02,4.206687000000000012e+02
2.790737957621145142e+02,4.206687000000000012e+02
2.795076056064274894e+02,4.206687000000000012e+02
2.795548427036547992e+02,4.206687000000000012e+02
2.797952073431653162e+02,4.206687000000000012e+02
2.792626115343915671e+02,4.206687000000000012e+02
2.800828090799031429e+02,3.745967999999999734e+02
2.801301728181418298e+02,3.745967999999999734e+02
2.803704108166410265e+02,3.745967999999999734e+02
2.802249628898678679e+02,3.745967999999999734e+02
2.806580125533788532e+02,3.745967999999999734e+02
2.807055029326288036e+02,3.745967999999999734e+02
2.809456142901166800e+02,3.978901399999999740e+02
3.484809000000000196e+02,2.787044700000000148e+02
2.812332160268545067e+02,3.978901399999999740e+02
2.812808330471158342e+02,3.978901399999999740e+02
2.815208177635923334e+02,3.978901399999999740e+02
2.813761300176211648e+02,3.978901399999999740e+02
2.818084195003302170e+02,3.978901399999999740e+02
2.818561631616028649e+02,3.978901399999999740e+02
2.820960212370680438e+02,3.978901399999999740e+02
2.815669760670194250e+02,3.978901399999999740e+02
2.823836229738058705e+02,3.978901399999999740e+02
2.824314932760898387e+02,3.978901399999999740e+02
2.826712247105436973e+02,3.978901399999999740e+02
2.825272971453744617e+02,3.978901399999999740e+02
2.829588264472815240e+02,3.978901399999999740e+02
2.830068233905768693e+02,3.978901399999999740e+02
2.832464281840194076e+02,3.978901399999999740e+02
2.819496797173144955e+02,3.978901399999999740e+02
2.835340299207572343e+02,3.978901399999999740e+02
2.835821535050639000e+02,3.978901399999999740e+02
2.838216316574950611e+02,3.978901399999999740e+02
2.836784642731277586e+02,3.978901399999999740e+02
2.841092333942328878e+02,3.978901399999999740e+02
2.841574836195508738e+02,3.978901399999999740e+02
2.843968351309707145e+02,3.978901399999999740e+02
2.838713405996472829e+02,3.978901399999999740e+02
2.846844368677085981e+02,3.978901399999999740e+02
2.847328137340379044e+02,3.978901399999999740e+02
2.849720386044464249e+02,3.978901399999999740e+02
2.848296314008810555e+02,3.978901399999999740e+02
2.852596403411842516e+02,3.978901399999999740e+02
2.853081438485249350e+02,3.978901399999999740e+02
2.855472420779220784e+02,3.978901399999999740e+02
3.614931300000000078e+02,2.985942400000000134e+02
2.858348438146599051e+02,9.632421999999999684e+01
2.858834739630119088e+02,9.632421999999999684e+01
2.861224455513977887e+02,9.632421999999999684e+01
2.859807985286343524e+02,9.632421999999999684e+01
2.864100472881356154e+02,9.632421999999999684e+01
2.864588040774989395e+02,9.632421999999999684e+01
2.866976490248734422e+02,9.632421999999999684e+01
2.861757051322751408e+02,9.632421999999999684e+01
2.869852507616112689e+02,9.632421999999999684e+01
2.870341341919859701e+02,9.632421999999999684e+01
2.872728524983491525e+02,9.632421999999999684e+01
2.871319656563876492e+02,9.632421999999999684e+01
2.875604542350869792e+02,9.632421999999999684e+01
2.876094643064729439e+02,9.632421999999999684e+01
2.878480559718248060e+02,9.632421999999999684e+01
2.865665514134275895e+02,9.632421999999999684e+01
2.881356577085626327e+02,9.632421999999999684e+01
2.881847944209599746e+02,9.632421999999999684e+01
2.884232594453004594e+02,9.632421999999999684e+01
2.882831327841409461e+02,9.632421999999999684e+01
2.887108611820383430e+02,9.632421999999999684e+01
2.887601245354469484e+02,9.632421999999999684e+01
2.889984629187761698e+02,9.632421999999999684e+01
2.884800696649030556e+02,9.632421999999999684e+01
2.892860646555139965e+02,9.632421999999999684e+01
2.893354546499339790e+02,9.632421999999999684e+01
2.895736663922518233e+02,9.632421999999999684e+01
2.894342999118942998e+02,9.632421999999999684e+01
2.898612681289896500e+02,9.632421999999999684e+01
2.899107847644210096e+02,9.632421999999999684e+01
2.901488698657275336e+02,9.632421999999999684e+01
3.684225200000000200e+02,3.247540300000000002e+02
2.904364716024653603e+02,9.632421999999999684e+01
2.904861148789079834e+02,9.632421999999999684e+01
2.907240733392031871e+02,9.632421999999999684e+01
2.905854670396475967e+02,9.632421999999999684e+01
2.910116750759410138e+02,9.632421999999999684e+01
2.910614449933950141e+02,9.632421999999999684e+01
2.912992768126788405e+02,9.632421999999999684e+01
2.907844341975309135e+02,9.632421999999999684e+01
2.915868785494167241e+02,3.801557599999999866e+02
2.916367751078820447e+02,3.801557599999999866e+02
2.918744802861545509e+02,3.801557599999999866e+02
2.917366341674008936e+02,3.801557599999999866e+02
2.921620820228923776e+02,3.801557599999999866e+02
2.922121052223690185e+02,3.801557599999999866e+02
2.924496837596302043e+02,3.801557599999999866e+02
2.911834231095406267e+02,9.632421999999999684e+01
2.927372854963680311e+02,3.801557599999999866e+02
2.927874353368560492e+02,3.801557599999999866e+02
2.930248872331059147e+02,3.801557599999999866e+02
2.928878012951541905e+02,3.801557599999999866e+02
2.933124889698437414e+02,3.801557599999999866e+02
2.933627654513430798e+02,3.801557599999999866e+02
2.936000907065815682e+02,3.801557599999999866e+02
2.930887987301587714e+02,3.801557599999999866e+02
2.938876924433193949e+02,3.801557599999999866e+02
2.939380955658300536e+02,3.801557599999999866e+02
2.941752941800572216e+02,3.801557599999999866e+02
2.940389684229074874e+02,3.801557599999999866e+02
2.944628959167951052e+02,3.801557599999999866e+02
2.945134256803170842e+02,3.801557599999999866e+02
2.947504976535329320e+02,3.801557599999999866e+02
3.670944200000000137e+02,3.477071500000000128e+02
2.950380993902707587e+02,4.288269000000000233e+02
2.950887557948040580e+02,4.288269000000000233e+02
2.953257011270085854e+02,4.288269000000000233e+02
2.951901355506607842e+02,4.288269000000000233e+02
2.956133028637464690e+02,4.288269000000000233e+02
2.956640859092910887e+02,4.288269000000000233e+02
2.959009046004842958e+02,4.288269000000000233e+02
2.953931632627866293e+02,4.288269000000000233e+02
2.961885063372221225e+02,4.288269000000000233e+02
2.962394160237781193e+02,4.288269000000000233e+02
2.964761080739599493e+02,4.288269000000000233e+02
2.963413026784140811e+02,4.288269000000000233e+02
2.967637098106977760e+02,4.288269000000000233e+02
2.968147461382650931e+02,4.288269000000000233e+02
2.970513115474356596e+02,4.288269000000000233e+02
2.958002948056537207e+02,4.288269000000000233e+02
2.973389132841734863e+02,4.288269000000000233e+02
2.973900762527521238e+02,4.288269000000000233e+02
2.976265150209113131e+02,4.288269000000000233e+02
2.974924698061673780e+02,4.288269000000000233e+02
2.979141167576491398e+02,4.288269000000000233e+02
2.979654063672391544e+02,4.288269000000000233e+02
2.982017184943869665e+02,4.288269000000000233e+02
2.976975277954144872e+02,4.288269000000000233e+02
2.984893202311248501e+02,4.288269000000000233e+02
2.985407364817261282e+02,4.288269000000000233e+02
2.987769219678626769e+02,4.288269000000000233e+02
2.986436369339207317e+02,4.288269000000000233e+02
2.990645237046005036e+02,4.288269000000000233e+02
2.991160665962131588e+02,4.288269000000000233e+02
2.993521254413383303e+02,4.288269000000000233e+02
3.584424399999999764e+02,3.729033200000000079e+02
2.996397271780761571e+02,2.580629999999999882e+02
2.996913967107001895e+02,2.580629999999999882e+02
2.999273289148140407e+02,2.580629999999999882e+02
2.997948040616740286e+02,2.580629999999999882e+02
3.002149306515518674e+02,2.580629999999999882e+02
3.002667268251871633e+02,2.580629999999999882e+02
3.005025323882896942e+02,2.580629999999999882e+02
3.000018923280423451e+02,2.580629999999999882e+02
3.007901341250275209e+02,2.580629999999999882e+02
3.008420569396741939e+02,2.580629999999999882e+02
3.010777358617653476e+02,2.580629999999999882e+02
3.009459711894273255e+02,2.580629999999999882e+02
3.013653375985032312e+02,2.580629999999999882e+02
3.014173870541612246e+02,2.580629999999999882e+02
3.016529393352410580e+02,2.580629999999999882e+02
3.004171665017668147e+02,2.580629999999999882e+02
3.019405410719788847e+02,2.580629999999999882e+02
3.019927171686481984e+02,2.580629999999999882e+02
3.022281428087167114e+02,2.580629999999999882e+02
3.020971383171806224e+02,2.580629999999999882e+02
3.025157445454545382e+02,2.580629999999999882e+02
3.025680472831352290e+02,2.580629999999999882e+02
3.028033462821924218e+02,2.580629999999999882e+02
3.023062568606702598e+02,2.580629999999999882e+02
3.030909480189302485e+02,2.580629999999999882e+02
3.031433773976222028e+02,2.580629999999999882e+02
3.033785497556680752e+02,2.580629999999999882e+02
3.032483054449339193e+02,2.580629999999999882e+02
3.036661514924059020e+02,2.580629999999999882e+02
3.037187075121092334e+02,2.580629999999999882e+02
3.039537532291437287e+02,2.580629999999999882e+02
3.443107999999999720e+02,3.904118700000000217e+02
3.042413549658816123e+02,2.580629999999999882e+02
3.042940376265962641e+02,2.580629999999999882e+02
3.045289567026194391e+02,2.580629999999999882e+02
3.043994725726872161e+02,2.580629999999999882e+02
3.048165584393572658e+02,2.580629999999999882e+02
3.048693677410832379e+02,2.580629999999999882e+02
3.051041601760950925e+02,2.580629999999999882e+02
3.046106213932981177e+02,2.580629999999999882e+02
3.053917619128329761e+02,2.580629999999999882e+02
3.054446978555702685e+02,2.580629999999999882e+02
3.056793636495708029e+02,2.580629999999999882e+02
3.055506397004405130e+02,2.580629999999999882e+02
3.059669653863086296e+02,2.580629999999999882e+02
3.060200279700572992e+02,2.580629999999999882e+02
3.062545671230464563e+02,2.580629999999999882e+02
3.050340381978798519e+02,2.580629999999999882e+02
3.065421688597842831e+02,2.580629999999999882e+02
3.065953580845442730e+02,2.580629999999999882e+02
3.068297705965221667e+02,2.580629999999999882e+02
3.067018068281938099e+02,2.580629999999999882e+02
3.071173723332599934e+02,2.580629999999999882e+02
3.071706881990313036e+02,2.580629999999999882e+02
3.074049740699978202e+02,2.580629999999999882e+02
3.069149859259259756e+02,2.580629999999999882e+02
3.076925758067356469e+02,2.580629999999999882e+02
3.077460183135183343e+02,2.580629999999999882e+02
3.079801775434734736e+02,2.580629999999999882e+02
3.078529739559471636e+02,2.580629999999999882e+02
3.082677792802113572e+02,2.580629999999999882e+02
3.083213484280053081e+02,2.580629999999999882e+02
3.085553810169491840e+02,2.580629999999999882e+02
3.211007999999999925e+02,4.132724600000000237e+02
3.088429827536870107e+02,3.759429999999999836e+02
3.088966785424923387e+02,3.759429999999999836e+02
3.091305844904248374e+02,3.759429999999999836e+02
3.090041410837004605e+02,3.759429999999999836e+02
3.094181862271626642e+02,3.759429999999999836e+02
3.094720086569793693e+02,3.759429999999999836e+02
3.097057879639005478e+02,3.759429999999999836e+02
3.092193504585538335e+02,3.759429999999999836e+02
3.099933897006383745e+02,3.759429999999999836e+02
3.100473387714663431e+02,3.759429999999999836e+02
3.102809914373762012e+02,3.759429999999999836e+02
3.101553082114537574e+02,3.759429999999999836e+02
3.105685931741140280e+02,3.759429999999999836e+02
3.106226688859533738e+02,3.759429999999999836e+02
3.108561949108518547e+02,3.759429999999999836e+02
3.096509098939929459e+02,3.759429999999999836e+02
3.111437966475897383e+02,3.759429999999999836e+02
3.111979990004403476e+02,3.759429999999999836e+02
3.114313983843275651e+02,3.759429999999999836e+02
3.113064753392070543e+02,3.759429999999999836e+02
3.117190001210653918e+02,3.759429999999999836e+02
3.117733291149273782e+02,3.759429999999999836e+02
3.120066018578032185e+02,3.759429999999999836e+02
3.115237149911816914e+02,3.759429999999999836e+02
3.122942035945410453e+02,3.759429999999999836e+02
3.123486592294144089e+02,3.759429999999999836e+02
3.125818053312789289e+02,3.759429999999999836e+02
3.124576424669603512e+02,3.759429999999999836e+02
3.128694070680167556e+02,3.759429999999999836e+02
3.129239893439013827e+02,3.759429999999999836e+02
3.131570088047545823e+02,3.759429999999999836e+02
2.957686199999999985e+02,4.288269000000000233e+02
3.134446105414924091e+02,3.759429999999999836e+02
3.134993194583884133e+02,3.759429999999999836e+02
3.137322122782302358e+02,3.759429999999999836e+02
3.136088095947136480e+02,3.759429999999999836e+02
3.140198140149681194e+02,3.759429999999999836e+02
3.140746495728754439e+02,3.759429999999999836e+02
3.143074157517059461e+02,3.759429999999999836e+02
3.138280795238095493e+02,3.759429999999999836e+02
3.145950174884437729e+02,3.759429999999999836e+02
3.146499796873624177e+02,3.759429999999999836e+02
3.148826192251815996e+02,3.759429999999999836e+02
3.147599767224669449e+02,3.759429999999999836e+02
3.151702209619194832e+02,3.759429999999999836e+02
3.152253098018494484e+02,3.759429999999999836e+02
3.154578226986573100e+02,3.759429999999999836e+02
3.142677815901060399e+02,3.759429999999999836e+02
3.157454244353951367e+02,3.759429999999999836e+02
3.158006399163364790e+02,3.759429999999999836e+02
3.160330261721329634e+02,3.759429999999999836e+02
3.159111438502202418e+02,3.759429999999999836e+02
3.163206279088707902e+02,3.759429999999999836e+02
3.163759700308234528e+02,3.759429999999999836e+02
3.166082296456086738e+02,3.759429999999999836e+02
3.161324440564374072e+02,3.759429999999999836e+02
3.168958313823465005e+02,3.759429999999999836e+02
3.169513001453104835e+02,3.759429999999999836e+02
3.171834331190843272e+02,3.759429999999999836e+02
3.170623109779735955e+02,3.759429999999999836e+02
3.174710348558221540e+02,3.759429999999999836e+02
3.175266302597974573e+02,3.759429999999999836e+02
3.177586365925599807e+02,3.759429999999999836e+02
2.720776999999999930e+02,4.363117700000000241e+02
3.180462383292978643e+02,1.046386700000000047e+02
3.181019603742844879e+02,1.046386700000000047e+02
3.183338400660356911e+02,1.046386700000000047e+02
3.182134781057268924e+02,1.046386700000000047e+02
3.186214418027735178e+02,1.046386700000000047e+02
3.186772904887715185e+02,1.046386700000000047e+02
3.189090435395113445e+02,1.046386700000000047e+02
3.184368085890653219e+02,1.046386700000000047e+02
3.191966452762491713e+02,1.046386700000000047e+02
3.192526206032584923e+02,1.046386700000000047e+02
3.194842470129870549e+02,1.046386700000000047e+02
3.193646452334801893e+02,1.046386700000000047e+02
3.197718487497248816e+02,1.046386700000000047e+02
3.198279507177455230e+02,1.046386700000000047e+02
3.200594504864627083e+02,1.046386700000000047e+02
3.188846532862190770e+02,1.046386700000000047e+02
3.203470522232005351e+02,4.132724600000000237e+02
3.204032808322325536e+02,4.132724600000000237e+02
3.206346539599383618e+02,4.132724600000000237e+02
3.205158123612334862e+02,4.132724600000000237e+02
3.209222556966762454e+02,4.132724600000000237e+02
3.209786109467195274e+02,4.132724600000000237e+02
3.212098574334140721e+02,4.132724600000000237e+02
3.207411731216931798e+02,4.132724600000000237e+02
3.214974591701518989e+02,4.267257000000000176e+02
3.215539410612065581e+02,4.267257000000000176e+02
3.217850609068897256e+02,4.267257000000000176e+02
3.216669794889867831e+02,4.267257000000000176e+02
3.220726626436275524e+02,4.267257000000000176e+02
3.221292711756935319e+02,4.267257000000000176e+02
3.223602643803653791e+02,4.267257000000000176e+02
2.523195499999999925e+02,4.389095500000000243e+02
3.226478661171032627e+02,4.267257000000000176e+02
3.227046012901805625e+02,4.267257000000000176e+02
3.229354678538410894e+02,4.267257000000000176e+02
3.228181466167400799e+02,4.267257000000000176e+02
3.232230695905789162e+02,4.267257000000000176e+02
3.232799314046675931e+02,4.267257000000000176e+02
3.235106713273167429e+02,4.267257000000000176e+02
3.230455376543210377e+02,4.267257000000000176e+02
3.237982730640545697e+02,4.267257000000000176e+02
3.238552615191545669e+02,4.267257000000000176e+02
3.240858748007924532e+02,4.267257000000000176e+02
3.239693137444933768e+02,4.267257000000000176e+02
3.243734765375302800e+02,4.267257000000000176e+02
3.244305916336415976e+02,4.267257000000000176e+02
3.246610782742681067e+02,4.267257000000000176e+02
3.235015249823321710e+02,4.267257000000000176e+02
3.249486800110059335e+02,4.267257000000000176e+02
3.250059217481286282e+02,4.267257000000000176e+02
3.252362817477437602e+02,4.267257000000000176e+02
3.251204808722466737e+02,4.267257000000000176e+02
3.255238834844816438e+02,4.267257000000000176e+02
3.255812518626156020e+02,4.267257000000000176e+02
3.258114852212194705e+02,4.267257000000000176e+02
3.253499021869488956e+02,4.267257000000000176e+02
3.260990869579572973e+02,4.267257000000000176e+02
3.261565819771026327e+02,4.267257000000000176e+02
3.263866886946951240e+02,4.267257000000000176e+02
3.262716479999999706e+02,4.267257000000000176e+02
3.266742904314330076e+02,4.267257000000000176e+02
3.267319120915896065e+02,4.267257000000000176e+02
3.269618921681708343e+02,4.267257000000000176e+02
2.344162599999999941e+02,4.387970000000000255e+02
3.272494939049086611e+02,1.137759999999999962e+02
3.273072422060766371e+02,1.137759999999999962e+02
3.275370956416464878e+02,1.137759999999999962e+02
3.274228151277532675e+02,1.137759999999999962e+02
3.278246973783843146e+02,1.137759999999999962e+02
3.278825723205636677e+02,1.137759999999999962e+02
3.281122991151221981e+02,1.137759999999999962e+02
3.276542667195767535e+02,1.137759999999999962e+02
3.283999008518600249e+02,1.137759999999999962e+02
3.284579024350506415e+02,1.137759999999999962e+02
3.286875025885978516e+02,1.137759999999999962e+02
3.285739822555066212e+02,1.137759999999999962e+02
3.289751043253356784e+02,1.137759999999999962e+02
3.290332325495376722e+02,1.137759999999999962e+02
3.292627060620735051e+02,1.137759999999999962e+02
3.281183966784452082e+02,1.137759999999999962e+02
3.295503077988113887e+02,1.137759999999999962e+02
3.296085626640247028e+02,1.137759999999999962e+02
3.298379095355492154e+02,1.137759999999999962e+02
3.297251493832599181e+02,1.137759999999999962e+02
3.301255112722870422e+02,1.137759999999999962e+02
3.301838927785116766e+02,1.137759999999999962e+02
3.304131130090248689e+02,1.137759999999999962e+02
3.299586312522046114e+02,1.137759999999999962e+02
3.307007147457626957e+02,1.137759999999999962e+02
3.307592228929987073e+02,1.137759999999999962e+02
3.309883164825005792e+02,1.137759999999999962e+02
3.308763165110132149e+02,1.137759999999999962e+02
3.312759182192384060e+02,1.137759999999999962e+02
3.313345530074857379e+02,1.137759999999999962e+02
3.315635199559762327e+02,1.137759999999999962e+02
2.256436999999999955e+02,4.379084500000000162e+02
3.318511216927140595e+02,2.664532500000000255e+02
3.319098831219727117e+02,2.664532500000000255e+02
3.321387234294518862e+02,2.664532500000000255e+02
3.320274836387665118e+02,2.664532500000000255e+02
3.324263251661897698e+02,2.664532500000000255e+02
3.324852132364597423e+02,2.664532500000000255e+02
3.327139269029275965e+02,2.664532500000000255e+02
3.322629957848324693e+02,2.664532500000000255e+02
3.330015286396654233e+02,2.664532500000000255e+02
3.330605433509467730e+02,2.664532500000000255e+02
3.332891303764032500e+02,2.664532500000000255e+02
3.331786507665198087e+02,2.664532500000000255e+02
3.335767321131410768e+02,2.664532500000000255e+02
3.336358734654337468e+02,2.664532500000000255e+02
3.338643338498789603e+02,2.664532500000000255e+02
3.327352683745583022e+02,2.664532500000000255e+02
3.341519355866167871e+02,1.322632999999999868e+02
3.342112035799207774e+02,1.322632999999999868e+02
3.344395373233546138e+02,1.322632999999999868e+02
3.343298178942731056e+02,1.322632999999999868e+02
3.347271390600924406e+02,1.322632999999999868e+02
3.347865336944077512e+02,1.322632999999999868e+02
3.350147407968302673e+02,1.322632999999999868e+02
3.345673603174603272e+02,1.322632999999999868e+02
3.353023425335681509e+02,1.322632999999999868e+02
3.353618638088947819e+02,1.322632999999999868e+02
3.355899442703059776e+02,1.322632999999999868e+02
3.354809850220264025e+02,1.322632999999999868e+02
3.358775460070438044e+02,1.322632999999999868e+02
3.359371939233818125e+02,1.322632999999999868e+02
3.361651477437816311e+02,1.322632999999999868e+02
2.215376300000000072e+02,4.358044399999999996e+02
3.364527494805195147e+02,1.322632999999999868e+02
3.365125240378687863e+02,1.322632999999999868e+02
3.367403512172573414e+02,1.322632999999999868e+02
3.366321521497797562e+02,1.322632999999999868e+02
3.370279529539951682e+02,1.322632999999999868e+02
3.370878541523558170e+02,1.322632999999999868e+02
3.373155546907329949e+02,1.322632999999999868e+02
3.368717248500882420e+02,1.322632999999999868e+02
3.376031564274708217e+02,1.322632999999999868e+02
3.376631842668428476e+02,1.322632999999999868e+02
3.378907581642087052e+02,1.322632999999999868e+02
3.377833192775330531e+02,1.322632999999999868e+02
3.381783599009465320e+02,1.322632999999999868e+02
3.382385143813298214e+02,1.322632999999999868e+02
3.384659616376843587e+02,1.322632999999999868e+02
3.373521400706713962e+02,1.322632999999999868e+02
3.387535633744221855e+02,1.322632999999999868e+02
3.388138444958168520e+02,1.322632999999999868e+02
3.390411651111600122e+02,1.322632999999999868e+02
3.389344864052863500e+02,1.322632999999999868e+02
3.393287668478978958e+02,1.322632999999999868e+02
3.393891746103038827e+02,1.322632999999999868e+02
3.396163685846357225e+02,1.322632999999999868e+02
3.391760893827160999e+02,1.322632999999999868e+02
3.399039703213735493e+02,1.322632999999999868e+02
3.399645047247908565e+02,1.322632999999999868e+02
3.401915720581113760e+02,1.322632999999999868e+02
3.400856535330396468e+02,1.322632999999999868e+02
3.404791737948492027e+02,1.322632999999999868e+02
3.405398348392778871e+02,1.322632999999999868e+02
3.407667755315870863e+02,1.322632999999999868e+02
2.208524199999999951e+02,4.335610399999999913e+02
3.410543772683249131e+02,3.904118700000000217e+02
3.411151649537649178e+02,3.904118700000000217e+02
3.413419790050627398e+02,3.904118700000000217e+02
3.412368206607929437e+02,3.904118700000000217e+02
3.416295807418005666e+02,3.904118700000000217e+02
3.416904950682518916e+02,3.904118700000000217e+02
3.419171824785383933e+02,3.904118700000000217e+02
3.414804539153439578e+02,3.904118700000000217e+02
3.422047842152762769e+02,3.904118700000000217e+02
3.422658251827389222e+02,3.904118700000000217e+02
3.424923859520141036e+02,3.904118700000000217e+02
3.423879877885462406e+02,3.904118700000000217e+02
3.427799876887519304e+02,3.904118700000000217e+02
3.428411552972258960e+02,3.904118700000000217e+02
3.430675894254897571e+02,3.904118700000000217e+02
3.419690117667844333e+02,3.904118700000000217e+02
3.433551911622275838e+02,3.904118700000000217e+02
3.434164854117129266e+02,3.904118700000000217e+02
3.436427928989654674e+02,3.904118700000000217e+02
3.435391549162995375e+02,3.904118700000000217e+02
3.439303946357032942e+02,3.904118700000000217e+02
3.439918155261999573e+02,3.904118700000000217e+02
3.442179963724411209e+02,3.904118700000000217e+02
3.437848184479718157e+02,3.904118700000000217e+02
3.445055981091789477e+02,3.904118700000000217e+02
3.445671456406869311e+02,3.904118700000000217e+02
3.447931998459167744e+02,3.904118700000000217e+02
3.446903220440528344e+02,3.904118700000000217e+02
3.450808015826546580e+02,3.904118700000000217e+02
3.451424757551739617e+02,3.904118700000000217e+02
3.453684033193924847e+02,3.904118700000000217e+02
2.361779799999999909e+02,4.252882000000000176e+02
3.456560050561303115e+02,2.787044700000000148e+02
3.457178058696609924e+02,2.787044700000000148e+02
3.459436067928681382e+02,2.787044700000000148e+02
3.458414891718061313e+02,2.787044700000000148e+02
3.462312085296060218e+02,2.787044700000000148e+02
3.462931359841479662e+02,2.787044700000000148e+02
3.465188102663438485e+02,2.787044700000000148e+02
3.460891829805996736e+02,2.787044700000000148e+02
3.468064120030816753e+02,2.787044700000000148e+02
3.468684660986349968e+02,2.787044700000000148e+02
3.470940137398195020e+02,2.787044700000000148e+02
3.469926562995594850e+02,2.787044700000000148e+02
3.473816154765573287e+02,2.787044700000000148e+02
3.474437962131220274e+02,2.787044700000000148e+02
3.476692172132952123e+02,2.787044700000000148e+02
3.465858834628975274e+02,2.787044700000000148e+02
3.479568189500330391e+02,2.787044700000000148e+02
3.480191263276090012e+02,2.787044700000000148e+02
3.482444206867708658e+02,2.787044700000000148e+02
3.481438234273127819e+02,2.787044700000000148e+02
3.485320224235086926e+02,2.787044700000000148e+02
3.485944564420960319e+02,2.787044700000000148e+02
3.488196241602465193e+02,2.787044700000000148e+02
3.483935475132275315e+02,2.787044700000000148e+02
3.491072258969844029e+02,2.787044700000000148e+02
3.491697865565830057e+02,2.787044700000000148e+02
3.493948276337222296e+02,2.787044700000000148e+02
3.492949905550660787e+02,2.787044700000000148e+02
3.496824293704600564e+02,2.787044700000000148e+02
3.497451166710700363e+02,2.787044700000000148e+02
3.499700311071978831e+02,2.787044700000000148e+02
2.793229400000000169e+02,4.206687000000000012e+02
3.502576328439357098e+02,4.396867700000000241e+02
3.503204467855570670e+02,4.396867700000000241e+02
3.505452345806735934e+02,4.396867700000000241e+02
3.504461576828193756e+02,4.396867700000000241e+02
3.508328363174114202e+02,4.396867700000000241e+02
3.508957769000440408e+02,4.396867700000000241e+02
3.511204380541492469e+02,4.396867700000000241e+02
3.506979120458553894e+02,4.396867700000000241e+02
3.514080397908870737e+02,4.396867700000000241e+02
3.514711070145310714e+02,4.396867700000000241e+02
3.516956415276249004e+02,4.396867700000000241e+02
3.515973248105726725e+02,4.396867700000000241e+02
3.519832432643627840e+02,4.396867700000000241e+02
3.520464371290181020e+02,4.396867700000000241e+02
3.522708450011006107e+02,4.396867700000000241e+02
3.512027551590106214e+02,4.396867700000000241e+02
3.525584467378384375e+02,4.396867700000000241e+02
3.526217672435050758e+02,4.396867700000000241e+02
3.528460484745762642e+02,4.396867700000000241e+02
3.527484919383259694e+02,4.396867700000000241e+02
3.531336502113140909e+02,4.396867700000000241e+02
3.531970973579921065e+02,4.396867700000000241e+02
3.534212519480519745e+02,4.396867700000000241e+02
3.530022765784833041e+02,4.396867700000000241e+02
3.537088536847898013e+02,4.396867700000000241e+02
3.537724274724791371e+02,4.396867700000000241e+02
3.539964554215276280e+02,4.396867700000000241e+02
3.538996590660792663e+02,4.396867700000000241e+02
3.542840571582654547e+02,4.396867700000000241e+02
3.543477575869661109e+02,4.396867700000000241e+02
3.545716588950032815e+02,4.396867700000000241e+02
3.217976400000000012e+02,4.267257000000000176e+02
3.548592606317411651e+02,3.739362800000000107e+02
3.549230877014531416e+02,3.739362800000000107e+02
3.551468623684789918e+02,3.739362800000000107e+02
3.550508261938326200e+02,3.739362800000000107e+02
3.554344641052168186e+02,3.739362800000000107e+02
3.554984178159401722e+02,3.739362800000000107e+02
3.557220658419546453e+02,3.739362800000000107e+02
3.553066411111111620e+02,3.739362800000000107e+02
3.560096675786925289e+02,3.739362800000000107e+02
3.560737479304271460e+02,3.739362800000000107e+02
3.562972693154303556e+02,3.739362800000000107e+02
3.562019933215859169e+02,3.739362800000000107e+02
3.565848710521681824e+02,3.739362800000000107e+02
3.566490780449141766e+02,3.739362800000000107e+02
3.568724727889060091e+02,3.739362800000000107e+02
3.558196268551236585e+02,3.739362800000000107e+02
3.571600745256438358e+02,3.729033200000000079e+02
3.572244081594011504e+02,3.729033200000000079e+02
3.574476762623817194e+02,3.729033200000000079e+02
3.573531604493392138e+02,3.729033200000000079e+02
3.577352779991195462e+02,3.729033200000000079e+02
3.577997382738881811e+02,3.729033200000000079e+02
3.580228797358573729e+02,3.729033200000000079e+02
3.576110056437390199e+02,3.729033200000000079e+02
3.583104814725951996e+02,3.729033200000000079e+02
3.583750683883752117e+02,3.729033200000000079e+02
3.585980832093330264e+02,3.729033200000000079e+02
3.585043275770925106e+02,3.729033200000000079e+02
3.588856849460709100e+02,3.729033200000000079e+02
3.589503985028621855e+02,3.729033200000000079e+02
3.591732866828087367e+02,3.729033200000000079e+02
3.514907799999999725e+02,4.396867700000000241e+02
3.594608884195465635e+02,2.985942400000000134e+02
3.595257286173492162e+02,2.985942400000000134e+02
3.597484901562843902e+02,2.985942400000000134e+02
3.596554947048458075e+02,2.985942400000000134e+02
3.600360918930222169e+02,2.985942400000000134e+02
3.601010587318362468e+02,2.985942400000000134e+02
3.603236936297601005e+02,2.985942400000000134e+02
3.599153701763668778e+02,2.985942400000000134e+02
3.606112953664979273e+02,2.985942400000000134e+02
3.606763888463232206e+02,2.985942400000000134e+02
3.608988971032357540e+02,2.985942400000000134e+02
3.608066618325991044e+02,2.985942400000000134e+02
3.611864988399735807e+02,2.985942400000000134e+02
3.612517189608102512e+02,2.985942400000000134e+02
3.614741005767114075e+02,2.985942400000000134e+02
3.604364985512367525e+02,2.985942400000000134e+02
3.617617023134492911e+02,2.985942400000000134e+02
3.618270490752972819e+02,2.985942400000000134e+02
3.620493040501871178e+02,2.985942400000000134e+02
3.619578289603524013e+02,2.985942400000000134e+02
3.623369057869249446e+02,2.985942400000000134e+02
3.624023791897842557e+02,2.985942400000000134e+02
3.626245075236627713e+02,2.985942400000000134e+02
3.622197347089947357e+02,2.985942400000000134e+02
3.629121092604005980e+02,2.985942400000000134e+02
3.629777093042712863e+02,2.985942400000000134e+02
3.631997109971384816e+02,2.985942400000000134e+02
3.631089960881056982e+02,2.985942400000000134e+02
3.634873127338763084e+02,2.985942400000000134e+02
3.635530394187582601e+02,2.985942400000000134e+02
3.637749144706141351e+02,2.985942400000000134e+02
3.746161000000000172e+02,4.547577999999999747e+02
3.640625162073519618e+02,3.477071500000000128e+02
3.641283695332452908e+02,3.477071500000000128e+02
3.643501179440898454e+02,3.477071500000000128e+02
3.642601632158589950e+02,3.477071500000000128e+02
3.646377196808276722e+02,3.477071500000000128e+02
3.647036996477323214e+02,3.477071500000000128e+02
3.649253214175654989e+02,3.477071500000000128e+02
3.645240992416225936e+02,3.477071500000000128e+02
3.652129231543033256e+02,3.477071500000000128e+02
3.652790297622192952e+02,3.477071500000000128e+02
3.655005248910411524e+02,3.477071500000000128e+02
3.654113303436123488e+02,3.477071500000000128e+02
3.657881266277790360e+02,3.477071500000000128e+02
3.658543598767063258e+02,3.477071500000000128e+02
3.660757283645168627e+02,3.477071500000000128e+02
3.650533702473498465e+02,3.477071500000000128e+02
3.663633301012546895e+02,3.477071500000000128e+02
3.664296899911933565e+02,3.477071500000000128e+02
3.666509318379925162e+02,3.477071500000000128e+02
3.665624974713656457e+02,3.477071500000000128e+02
3.669385335747303429e+02,3.477071500000000128e+02
3.670050201056803303e+02,3.477071500000000128e+02
3.672261353114682265e+02,3.477071500000000128e+02
3.668284637742504515e+02,3.477071500000000128e+02
3.675137370482060533e+02,3.477071500000000128e+02
3.675803502201673609e+02,3.477071500000000128e+02
3.678013387849438800e+02,3.477071500000000128e+02
3.677136645991189425e+02,3.477071500000000128e+02
3.680889405216817067e+02,3.247540300000000002e+02
3.681556803346543916e+02,3.247540300000000002e+02
3.683765422584195335e+02,3.247540300000000002e+02
3.930446800000000280e+02,4.751041299999999978e+02
3.686641439951574171e+02,3.247540300000000002e+02
3.687310104491413654e+02,3.247540300000000002e+02
3.689517457318952438e+02,3.247540300000000002e+02
3.688648317268722394e+02,3.247540300000000002e+02
3.692393474686330705e+02,3.247540300000000002e+02
3.693063405636283960e+02,3.247540300000000002e+02
3.695269492053708973e+02,3.247540300000000002e+02
3.691328283068783662e+02,3.247540300000000002e+02
3.698145509421087240e+02,3.247540300000000002e+02
3.698816706781154267e+02,3.247540300000000002e+02
3.701021526788466076e+02,3.247540300000000002e+02
3.700159988546255363e+02,3.247540300000000002e+02
3.703897544155844344e+02,3.247540300000000002e+02
3.704570007926024005e+02,3.247540300000000002e+02
3.706773561523222611e+02,3.247540300000000002e+02
3.696702419434628837e+02,3.247540300000000002e+02
3.709649578890600878e+02,3.247540300000000002e+02
3.710323309070894311e+02,3.247540300000000002e+02
3.712525596257979146e+02,3.247540300000000002e+02
3.711671659823788332e+02,3.247540300000000002e+02
3.715401613625357982e+02,3.247540300000000002e+02
3.716076610215764049e+02,3.247540300000000002e+02
3.718277630992736249e+02,3.247540300000000002e+02
3.714371928395062241e+02,3.247540300000000002e+02
3.721153648360114516e+02,3.247540300000000002e+02
3.721829911360634355e+02,3.247540300000000002e+02
3.724029665727492784e+02,3.247540300000000002e+02
3.723183331101321301e+02,3.247540300000000002e+02
3.726905683094871051e+02,3.247540300000000002e+02
3.727583212505504662e+02,3.247540300000000002e+02
3.729781700462249887e+02,3.247540300000000002e+02
4.069702500000000214e+02,4.931491700000000264e+02
3.732657717829628155e+02,4.547577999999999747e+02
3.733336513650374400e+02,4.547577999999999747e+02
3.735533735197006422e+02,4.547577999999999747e+02
3.734695002378854838e+02,4.547577999999999747e+02
3.738409752564384689e+02,4.547577999999999747e+02
3.739089814795244706e+02,4.547577999999999747e+02
3.741285769931763525e+02,4.547577999999999747e+02
3.737415573721340820e+02,4.547577999999999747e+02
3.744161787299141793e+02,4.547577999999999747e+02
3.744843115940115013e+02,4.547577999999999747e+02
3.747037804666520060e+02,4.547577999999999747e+02
3.746206673656387807e+02,4.547577999999999747e+02
3.749913822033898327e+02,4.547577999999999747e+02
3.750596417084984751e+02,4.547577999999999747e+02
3.752789839401276595e+02,4.547577999999999747e+02
3.742871136395759777e+02,4.547577999999999747e+02
3.755665856768655431e+02,4.547577999999999747e+02
3.756349718229855057e+02,4.547577999999999747e+02
3.758541874136033698e+02,4.547577999999999747e+02
3.757718344933920775e+02,4.547577999999999747e+02
3.761417891503411965e+02,4.547577999999999747e+02
3.762103019374725363e+02,4.547577999999999747e+02
3.764293908870790233e+02,4.547577999999999747e+02
3.760459219047619399e+02,4.547577999999999747e+02
3.767169926238168500e+02,4.547577999999999747e+02
3.767856320519595101e+02,4.547577999999999747e+02
3.770045943605547336e+02,4.547577999999999747e+02
3.769230016211453744e+02,4.547577999999999747e+02
3.772921960972925604e+02,4.547577999999999747e+02
3.773609621664465408e+02,4.547577999999999747e+02
3.775797978340303871e+02,4.547577999999999747e+02
4.183226999999999975e+02,5.106542999999999779e+02
3.778673995707682138e+02,4.547577999999999747e+02
3.779362922809335146e+02,4.547577999999999747e+02
3.781550013075060406e+02,4.547577999999999747e+02
3.780741687488986713e+02,4.547577999999999747e+02
3.784426030442439242e+02,4.547577999999999747e+02
3.785116223954205452e+02,4.547577999999999747e+02
3.787302047809817509e+02,4.547577999999999747e+02
3.783502864373897978e+02,4.547577999999999747e+02
3.790178065177195776e+02,4.547577999999999747e+02
3.790869525099075759e+02,4.547577999999999747e+02
3.793054082544574044e+02,4.547577999999999747e+02
3.792253358766519682e+02,4.547577999999999747e+02
3.795930099911952311e+02,4.547577999999999747e+02
3.796622826243945497e+02,4.547577999999999747e+02
3.798806117279331147e+02,4.547577999999999747e+02
3.789039853356890717e+02,4.547577999999999747e+02
3.801682134646709414e+02,4.547577999999999747e+02
3.802376127388815803e+02,4.547577999999999747e+02
3.804558152014087682e+02,4.547577999999999747e+02
3.803765030044052651e+02,4.547577999999999747e+02
3.807434169381465949e+02,4.547577999999999747e+02
3.808129428533686109e+02,4.547577999999999747e+02
3.810310186748844217e+02,4.547577999999999747e+02
3.806546509700176557e+02,4.547577999999999747e+02
3.813186204116223053e+02,4.547577999999999747e+02
3.813882729678555847e+02,4.547577999999999747e+02
3.816062221483601320e+02,4.547577999999999747e+02
3.815276701321585620e+02,4.547577999999999747e+02
3.818938238850979587e+02,4.547577999999999747e+02
3.819636030823426154e+02,4.547577999999999747e+02
3.821814256218357855e+02,4.547577999999999747e+02
4.322563000000000102e+02,5.356576999999999771e+02
3.824690273585736122e+02,3.747707500000000209e+02
3.825389331968296460e+02,3.747707500000000209e+02
3.827566290953114958e+02,3.747707500000000209e+02
3.826788372599118588e+02,3.747707500000000209e+02
3.830442308320493225e+02,3.747707500000000209e+02
3.831142633113166198e+02,3.747707500000000209e+02
3.833318325687871493e+02,3.747707500000000209e+02
3.829590155026455136e+02,3.747707500000000209e+02
3.836194343055249760e+02,3.747707500000000209e+02
3.836895934258036505e+02,3.747707500000000209e+02
3.839070360422628596e+02,3.747707500000000209e+02
3.838300043876652126e+02,3.747707500000000209e+02
3.841946377790006864e+02,3.747707500000000209e+02
3.842649235402906811e+02,3.747707500000000209e+02
3.844822395157385131e+02,3.747707500000000209e+02
3.835208570318021088e+02,3.747707500000000209e+02
3.847698412524763398e+02,3.747707500000000209e+02
3.848402536547776549e+02,3.747707500000000209e+02
3.850574429892141666e+02,3.747707500000000209e+02
3.849811715154185094e+02,3.747707500000000209e+02
3.853450447259520502e+02,3.747707500000000209e+02
3.854155837692646855e+02,3.747707500000000209e+02
3.856326464626898769e+02,3.747707500000000209e+02
3.852633800352734283e+02,3.747707500000000209e+02
3.859202481994277036e+02,3.747707500000000209e+02
3.859909138837516593e+02,3.747707500000000209e+02
3.862078499361655304e+02,3.747707500000000209e+02
3.861323386431718063e+02,3.747707500000000209e+02
3.864954516729033571e+02,3.747707500000000209e+02
3.865662439982386900e+02,3.747707500000000209e+02
3.867830534096412407e+02,3.747707500000000209e+02
4.377956199999999853e+02,5.433259000000000469e+02
3.870706551463790674e+02,3.747707500000000209e+02
3.871415741127257206e+02,3.747707500000000209e+02
3.873582568831168942e+02,3.747707500000000209e+02
3.872835057709251032e+02,3.747707500000000209e+02
3.876458586198547209e+02,3.747707500000000209e+02
3.877169042272126944e+02,3.747707500000000209e+02
3.879334603565925477e+02,3.747707500000000209e+02
3.875677445679012862e+02,3.747707500000000209e+02
3.882210620933304313e+02,3.747707500000000209e+02
3.882922343416997251e+02,3.747707500000000209e+02
3.885086638300682580e+02,3.747707500000000209e+02
3.884346728986784001e+02,3.747707500000000209e+02
3.887962655668060847e+02,3.747707500000000209e+02
3.888675644561867557e+02,3.747707500000000209e+02
3.890838673035439115e+02,3.747707500000000209e+02
3.881377287279152029e+02,3.747707500000000209e+02
3.893714690402817382e+02,3.747707500000000209e+02
3.894428945706737295e+02,3.747707500000000209e+02
3.896590707770196218e+02,3.747707500000000209e+02
3.895858400264316970e+02,3.747707500000000209e+02
3.899466725137574485e+02,3.747707500000000209e+02
3.900182246851607601e+02,3.747707500000000209e+02
3.902342742504952753e+02,3.747707500000000209e+02
3.898721091005291441e+02,3.747707500000000209e+02
3.905218759872331020e+02,3.747707500000000209e+02
3.905935547996477908e+02,3.747707500000000209e+02
3.908094777239709288e+02,3.747707500000000209e+02
3.907370071541849939e+02,3.747707500000000209e+02
3.910970794607088123e+02,3.747707500000000209e+02
3.911688849141347646e+02,3.747707500000000209e+02
3.913846811974466391e+02,3.747707500000000209e+02
4.482795399999999972e+02,5.546019000000000005e+02
3.916722829341844658e+02,3.747707500000000209e+02
3.917442150286217952e+02,3.747707500000000209e+02
3.919598846709222926e+02,3.747707500000000209e+02
3.918881742819383476e+02,3.747707500000000209e+02
3.922474864076601193e+02,3.747707500000000209e+02
3.923195451431088259e+02,3.747707500000000209e+02
3.925350881443980029e+02,3.747707500000000209e+02
3.921764736331570020e+02,3.747707500000000209e+02
3.928226898811358296e+02,4.751041299999999978e+02
3.928948752575957997e+02,4.751041299999999978e+02
3.931102916178736564e+02,4.751041299999999978e+02
3.930393414096916445e+02,4.751041299999999978e+02
3.933978933546114831e+02,4.751041299999999978e+02
3.934702053720828303e+02,4.751041299999999978e+02
3.936854950913493667e+02,4.751041299999999978e+02
3.927546004240282969e+02,4.751041299999999978e+02
3.939730968280871934e+02,4.751041299999999978e+02
3.940455354865698041e+02,4.751041299999999978e+02
3.942606985648250202e+02,4.751041299999999978e+02
3.941905085374449413e+02,4.751041299999999978e+02
3.945483003015628469e+02,4.751041299999999978e+02
3.946208656010568347e+02,4.751041299999999978e+02
3.948359020383006737e+02,4.751041299999999978e+02
3.944808381657848599e+02,4.751041299999999978e+02
3.951235037750385573e+02,4.751041299999999978e+02
3.951961957155438654e+02,4.751041299999999978e+02
3.954111055117763840e+02,4.751041299999999978e+02
3.953416756651982382e+02,4.751041299999999978e+02
3.956987072485142107e+02,4.751041299999999978e+02
3.957715258300308392e+02,4.751041299999999978e+02
3.959863089852520375e+02,4.751041299999999978e+02
4.591685800000000199e+02,5.633889000000000351e+02
3.962739107219898642e+02,4.751041299999999978e+02
3.963468559445178698e+02,4.751041299999999978e+02
3.965615124587277478e+02,4.751041299999999978e+02
3.964928427929515351e+02,4.751041299999999978e+02
3.968491141954655745e+02,4.751041299999999978e+02
3.969221860590049005e+02,4.751041299999999978e+02
3.971367159322034013e+02,4.751041299999999978e+02
3.967852026984127178e+02,4.751041299999999978e+02
3.974243176689412280e+02,4.751041299999999978e+02
3.974975161734918743e+02,4.751041299999999978e+02
3.977119194056790548e+02,4.751041299999999978e+02
3.976440099207048320e+02,4.751041299999999978e+02
3.979995211424169383e+02,4.751041299999999978e+02
3.980728462879789049e+02,4.751041299999999978e+02
3.982871228791547651e+02,4.751041299999999978e+02
3.973714721201413340e+02,4.751041299999999978e+02
3.985747246158925918e+02,4.751041299999999978e+02
3.986481764024659356e+02,4.751041299999999978e+02
3.988623263526304186e+02,4.751041299999999978e+02
3.987951770484581289e+02,4.751041299999999978e+02
3.991499280893682453e+02,4.751041299999999978e+02
3.992235065169529094e+02,4.751041299999999978e+02
3.994375298261061289e+02,4.751041299999999978e+02
3.990895672310406326e+02,4.751041299999999978e+02
3.997251315628439556e+02,4.751041299999999978e+02
3.997988366314399400e+02,4.751041299999999978e+02
4.000127332995817824e+02,4.751041299999999978e+02
3.999463441762114257e+02,4.751041299999999978e+02
4.003003350363196091e+02,4.751041299999999978e+02
4.003741667459269138e+02,4.751041299999999978e+02
4.005879367730574359e+02,4.751041299999999978e+02
4.698876300000000015e+02,5.684578999999999951e+02
4.008755385097953194e+02,4.931491700000000264e+02
4.009494968604139444e+02,4.931491700000000264e+02
4.011631402465331462e+02,4.931491700000000264e+02
4.010975113039647226e+02,4.931491700000000264e+02
4.014507419832709729e+02,4.931491700000000264e+02
4.015248269749009751e+02,4.931491700000000264e+02
4.017383437200087997e+02,4.931491700000000264e+02
4.013939317636684905e+02,4.931491700000000264e+02
4.020259454567466264e+02,4.931491700000000264e+02
4.021001570893879489e+02,4.931491700000000264e+02
4.023135471934845100e+02,4.931491700000000264e+02
4.022486784317180764e+02,4.931491700000000264e+02
4.026011489302223367e+02,4.931491700000000264e+02
4.026754872038749795e+02,4.931491700000000264e+02
4.028887506669601635e+02,4.931491700000000264e+02
4.019883438162544280e+02,4.931491700000000264e+02
4.031763524036979902e+02,4.931491700000000264e+02
4.032508173183620102e+02,4.931491700000000264e+02
4.034639541404358738e+02,4.931491700000000264e+02
4.033998455594713732e+02,4.931491700000000264e+02
4.037515558771737005e+02,4.931491700000000264e+02
4.038261474328489840e+02,4.931491700000000264e+02
4.040391576139115273e+02,4.931491700000000264e+02
4.036982962962963484e+02,4.931491700000000264e+02
4.043267593506493540e+02,4.931491700000000264e+02
4.044014775473360146e+02,4.931491700000000264e+02
4.046143610873871808e+02,4.931491700000000264e+02
4.045510126872246701e+02,4.931491700000000264e+02
4.049019628241250643e+02,4.931491700000000264e+02
4.049768076618230452e+02,4.931491700000000264e+02
4.051895645608628911e+02,4.931491700000000264e+02
4.795106200000000172e+02,5.707816000000000258e+02
4.054771662976007178e+02,4.931491700000000264e+02
4.055521377763100190e+02,4.931491700000000264e+02
4.057647680343385446e+02,4.931491700000000264e+02
4.057021798149779670e+02,4.931491700000000264e+02
4.060523697710763713e+02,4.931491700000000264e+02
4.061274678907970497e+02,4.931491700000000264e+02
4.063399715078142549e+02,4.931491700000000264e+02
4.060026608289242063e+02,4.931491700000000264e+02
4.066275732445520816e+02,4.931491700000000264e+02
4.067027980052840803e+02,4.931491700000000264e+02
4.069151749812899084e+02,4.931491700000000264e+02
4.068533469427312639e+02,4.931491700000000264e+02
4.072027767180277351e+02,4.931491700000000264e+02
4.072781281197710541e+02,4.931491700000000264e+02
4.074903784547655619e+02,4.931491700000000264e+02
4.066052155123675220e+02,4.931491700000000264e+02
4.077779801915034454e+02,4.931491700000000264e+02
4.078534582342580848e+02,4.931491700000000264e+02
4.080655819282412722e+02,4.931491700000000264e+02
4.080045140704845608e+02,4.931491700000000264e+02
4.083531836649790989e+02,4.931491700000000264e+02
4.084287883487450586e+02,4.931491700000000264e+02
4.086407854017169257e+02,4.931491700000000264e+02
4.083070253615520642e+02,4.931491700000000264e+02
4.089283871384547524e+02,4.931491700000000264e+02
4.090041184632320892e+02,4.931491700000000264e+02
4.092159888751926360e+02,4.931491700000000264e+02
4.091556811982378576e+02,4.931491700000000264e+02
4.095035906119304627e+02,4.931491700000000264e+02
4.095794485777191198e+02,4.931491700000000264e+02
4.097911923486682895e+02,4.931491700000000264e+02
4.866962300000000141e+02,5.706280500000000302e+02
4.100787940854061162e+02,4.931491700000000264e+02
4.101547786922060936e+02,4.931491700000000264e+02
4.103663958221439430e+02,4.931491700000000264e+02
4.103068483259912114e+02,4.931491700000000264e+02
4.106539975588818265e+02,4.931491700000000264e+02
4.107301088066931243e+02,4.931491700000000264e+02
4.109415992956196533e+02,4.931491700000000264e+02
4.106113898941799221e+02,4.931491700000000264e+02
4.112292010323574800e+02,4.931491700000000264e+02
4.113054389211801549e+02,4.931491700000000264e+02
4.115168027690953068e+02,4.931491700000000264e+02
4.114580154537445082e+02,4.931491700000000264e+02
4.118044045058331903e+02,4.931491700000000264e+02
4.118807690356671287e+02,4.931491700000000264e+02
4.120920062425710171e+02,4.931491700000000264e+02
4.112220872084805592e+02,4.931491700000000264e+02
4.123796079793088438e+02,4.931491700000000264e+02
4.124560991501541594e+02,4.931491700000000264e+02
4.126672097160466706e+02,4.931491700000000264e+02
4.126091825814978051e+02,4.931491700000000264e+02
4.129548114527844973e+02,4.931491700000000264e+02
4.130314292646411900e+02,4.931491700000000264e+02
4.132424131895223809e+02,4.931491700000000264e+02
4.129157544268077800e+02,4.931491700000000264e+02
4.135300149262602076e+02,4.931491700000000264e+02
4.136067593791281638e+02,4.931491700000000264e+02
4.138176166629980344e+02,4.931491700000000264e+02
4.137603497092511020e+02,4.931491700000000264e+02
4.141052183997358611e+02,4.931491700000000264e+02
4.141820894936151944e+02,4.931491700000000264e+02
4.143928201364736879e+02,4.931491700000000264e+02
4.916541700000000219e+02,5.688132299999999759e+02
4.146804218732115714e+02,5.106542999999999779e+02
4.147574196081022251e+02,5.106542999999999779e+02
4.149680236099493982e+02,5.106542999999999779e+02
4.149115168370043989e+02,5.106542999999999779e+02
4.152556253466872249e+02,5.106542999999999779e+02
4.153327497225891989e+02,5.106542999999999779e+02
4.155432270834250517e+02,5.106542999999999779e+02
4.152201189594356947e+02,5.106542999999999779e+02
4.158308288201628784e+02,5.106542999999999779e+02
4.159080798370762295e+02,5.106542999999999779e+02
4.161184305569007620e+02,5.106542999999999779e+02
4.160626839647576958e+02,5.106542999999999779e+02
4.164060322936385887e+02,5.106542999999999779e+02
4.164834099515632033e+02,5.106542999999999779e+02
4.166936340303764155e+02,5.106542999999999779e+02
4.158389589045936532e+02,5.106542999999999779e+02
4.169812357671142422e+02,5.106542999999999779e+02
4.170587400660502340e+02,5.106542999999999779e+02
4.172688375038520689e+02,5.106542999999999779e+02
4.172138510925109927e+02,5.106542999999999779e+02
4.175564392405899525e+02,5.106542999999999779e+02
4.176340701805372646e+02,5.106542999999999779e+02
4.178440409773277793e+02,5.106542999999999779e+02
4.175244834920635526e+02,5.106542999999999779e+02
4.181316427140656060e+02,5.106542999999999779e+02
4.182094002950242384e+02,5.106542999999999779e+02
4.184192444508034328e+02,5.106542999999999779e+02
4.183650182202642895e+02,5.106542999999999779e+02
4.187068461875412595e+02,5.106542999999999779e+02
4.187847304095112690e+02,5.106542999999999779e+02
4.189944479242791431e+02,5.106542999999999779e+02
4.941948199999999929e+02,5.669584999999999582e+02
4.192820496610169698e+02,5.106542999999999779e+02
4.193600605239982997e+02,5.106542999999999779e+02
4.195696513977547966e+02,5.106542999999999779e+02
4.195161853480175864e+02,5.106542999999999779e+02
4.198572531344926233e+02,5.106542999999999779e+02
4.199353906384852735e+02,5.106542999999999779e+02
4.201448548712304500e+02,5.106542999999999779e+02
4.198288480246914105e+02,5.106542999999999779e+02
4.204324566079683336e+02,5.106542999999999779e+02
4.205107207529723041e+02,5.106542999999999779e+02
4.207200583447061604e+02,5.106542999999999779e+02
4.206673524757709401e+02,5.106542999999999779e+02
4.210076600814439871e+02,5.106542999999999779e+02
4.210860508674593348e+02,5.106542999999999779e+02
4.212952618181818139e+02,5.106542999999999779e+02
4.204558306007067472e+02,5.106542999999999779e+02
4.215828635549196974e+02,3.757132599999999911e+02
4.216613809819463086e+02,3.757132599999999911e+02
4.218704652916575242e+02,3.757132599999999911e+02
4.218185196035242370e+02,3.757132599999999911e+02
4.221580670283953509e+02,3.757132599999999911e+02
4.222367110964333392e+02,3.757132599999999911e+02
4.224456687651331777e+02,3.757132599999999911e+02
4.221332125573192684e+02,3.757132599999999911e+02
4.227332705018710044e+02,3.757132599999999911e+02
4.228120412109203130e+02,3.757132599999999911e+02
4.230208722386088880e+02,3.757132599999999911e+02
4.229696867312775339e+02,3.757132599999999911e+02
4.233084739753467147e+02,3.757132599999999911e+02
4.233873713254073436e+02,3.757132599999999911e+02
4.235960757120845415e+02,3.757132599999999911e+02
4.943169599999999946e+02,5.650736000000000558e+02
4.238836774488223682e+02,3.757132599999999911e+02
4.239627014398943743e+02,3.757132599999999911e+02
4.241712791855601949e+02,3.757132599999999911e+02
4.241208538590308308e+02,3.757132599999999911e+02
4.244588809222980785e+02,3.757132599999999911e+02
4.245380315543813481e+02,3.757132599999999911e+02
4.247464826590359053e+02,3.757132599999999911e+02
4.244375770899471263e+02,3.757132599999999911e+02
4.250340843957737320e+02,3.757132599999999911e+02
4.251133616688683787e+02,3.757132599999999911e+02
4.253216861325115588e+02,3.757132599999999911e+02
4.252720209867841277e+02,3.757132599999999911e+02
4.256092878692493855e+02,3.757132599999999911e+02
4.256886917833554094e+02,3.757132599999999911e+02
4.258968896059872691e+02,3.757132599999999911e+02
4.250727022968197844e+02,3.757132599999999911e+02
4.261844913427250958e+02,3.757132599999999911e+02
4.262640218978423832e+02,3.757132599999999911e+02
4.264720930794629226e+02,3.757132599999999911e+02
4.264231881145374246e+02,3.757132599999999911e+02
4.267596948162007493e+02,3.757132599999999911e+02
4.268393520123294138e+02,3.757132599999999911e+02
4.270472965529385760e+02,3.757132599999999911e+02
4.267419416225749842e+02,3.757132599999999911e+02
4.273348982896764596e+02,3.757132599999999911e+02
4.274146821268164445e+02,3.757132599999999911e+02
4.276225000264142864e+02,3.757132599999999911e+02
4.275743552422907214e+02,3.757132599999999911e+02
4.279101017631521131e+02,3.757132599999999911e+02
4.279900122413034183e+02,3.757132599999999911e+02
4.281977034998899398e+02,3.757132599999999911e+02
4.943169599999999946e+02,5.649645000000000437e+02
4.284853052366277666e+02,5.356576999999999771e+02
4.285653423557904489e+02,5.356576999999999771e+02
4.287729069733656502e+02,5.356576999999999771e+02
4.287255223700440752e+02,5.356576999999999771e+02
4.290605087101034769e+02,5.356576999999999771e+02
4.291406724702774795e+02,5.356576999999999771e+02
4.293481104468413037e+02,5.356576999999999771e+02
4.290463061552028421e+02,5.356576999999999771e+02
4.296357121835791304e+02,5.356576999999999771e+02
4.297160025847644533e+02,5.356576999999999771e+02
4.299233139203169571e+02,5.356576999999999771e+02
4.298766894977973720e+02,5.356576999999999771e+02
4.302109156570548407e+02,5.356576999999999771e+02
4.302913326992514840e+02,5.356576999999999771e+02
4.304985173937926675e+02,5.356576999999999771e+02
4.296895739929328784e+02,5.356576999999999771e+02
4.307861191305304942e+02,5.356576999999999771e+02
4.308666628137384578e+02,5.356576999999999771e+02
4.310737208672683209e+02,5.356576999999999771e+02
4.310278566255506689e+02,5.356576999999999771e+02
4.313613226040062045e+02,5.356576999999999771e+02
4.314419929282254884e+02,5.356576999999999771e+02
4.316489243407440313e+02,5.356576999999999771e+02
4.313506706878307568e+02,5.356576999999999771e+02
4.319365260774818580e+02,5.356576999999999771e+02
4.320173230427125191e+02,5.356576999999999771e+02
4.322241278142196848e+02,5.356576999999999771e+02
4.321790237533039658e+02,5.356576999999999771e+02
4.325117295509575115e+02,5.356576999999999771e+02
4.325926531571994929e+02,5.356576999999999771e+02
4.327993312876953951e+02,5.356576999999999771e+02
4.943169599999999946e+02,5.649645000000000437e+02
4.330869330244332218e+02,5.356576999999999771e+02
4.331679832716865235e+02,5.356576999999999771e+02
4.333745347611710486e+02,5.356576999999999771e+02
4.333301908810572627e+02,5.356576999999999771e+02
4.336621364979088753e+02,5.356576999999999771e+02
4.337433133861735541e+02,5.356576999999999771e+02
4.339497382346467020e+02,5.356576999999999771e+02
4.336550352204586147e+02,5.356576999999999771e+02
4.342373399713845856e+02,5.356576999999999771e+02
4.343186435006605279e+02,5.356576999999999771e+02
4.345249417081224124e+02,5.356576999999999771e+02
4.344813580088105596e+02,5.356576999999999771e+02
4.348125434448602391e+02,5.356576999999999771e+02
4.348939736151475586e+02,5.356576999999999771e+02
4.351001451815980658e+02,5.356576999999999771e+02
4.343064456890459155e+02,5.356576999999999771e+02
4.353877469183358926e+02,5.356576999999999771e+02
4.354693037296345892e+02,5.356576999999999771e+02
4.356753486550737762e+02,5.356576999999999771e+02
4.356325251365638564e+02,5.356576999999999771e+02
4.359629503918116029e+02,5.356576999999999771e+02
4.360446338441215630e+02,5.356576999999999771e+02
4.362505521285494297e+02,5.356576999999999771e+02
4.359593997530864726e+02,5.356576999999999771e+02
4.365381538652872564e+02,5.356576999999999771e+02
4.366199639586085937e+02,5.356576999999999771e+02
4.368257556020250831e+02,5.356576999999999771e+02
4.367836922643171533e+02,5.356576999999999771e+02
4.371133573387629667e+02,5.356576999999999771e+02
4.371952940730955675e+02,5.356576999999999771e+02
4.374009590755007935e+02,5.356576999999999771e+02
2.918828399999999874e+02,3.801557599999999866e+02
4.376885608122386202e+02,5.433259000000000469e+02
4.377706241875825981e+02,5.433259000000000469e+02
4.379761625489764469e+02,5.433259000000000469e+02
4.379348593920704502e+02,5.433259000000000469e+02
4.382637642857142737e+02,5.433259000000000469e+02
4.383459543020696287e+02,5.433259000000000469e+02
4.385513660224521573e+02,5.433259000000000469e+02
4.382637642857143305e+02,5.433259000000000469e+02
4.388389677591899840e+02,5.433259000000000469e+02
4.389212844165566025e+02,5.433259000000000469e+02
4.391265694959278107e+02,5.433259000000000469e+02
4.390860265198238039e+02,5.433259000000000469e+02
4.394141712326656375e+02,5.433259000000000469e+02
4.394966145310436332e+02,5.433259000000000469e+02
4.397017729694034642e+02,5.433259000000000469e+02
4.389233173851590095e+02,5.433259000000000469e+02
4.399893747061413478e+02,3.767017799999999852e+02
4.400719446455306638e+02,3.767017799999999852e+02
4.402769764428791746e+02,3.767017799999999852e+02
4.402371936475771008e+02,3.767017799999999852e+02
4.405645781796170013e+02,3.767017799999999852e+02
4.406472747600176376e+02,3.767017799999999852e+02
4.408521799163548280e+02,3.767017799999999852e+02
4.405681288183421884e+02,3.767017799999999852e+02
4.411397816530927116e+02,3.767017799999999852e+02
4.412226048745046683e+02,3.767017799999999852e+02
4.414273833898305384e+02,3.767017799999999852e+02
4.413883607753303977e+02,3.767017799999999852e+02
4.417149851265683651e+02,3.767017799999999852e+02
4.417979349889916989e+02,3.767017799999999852e+02
4.420025868633061918e+02,3.767017799999999852e+02
3.124223999999999819e+02,3.759429999999999836e+02
4.422901886000440186e+02,3.767017799999999852e+02
4.423732651034786727e+02,3.767017799999999852e+02
4.425777903367819022e+02,3.767017799999999852e+02
4.425395279030836946e+02,3.767017799999999852e+02
4.428653920735197289e+02,3.767017799999999852e+02
4.429485952179657033e+02,3.767017799999999852e+02
4.431529938102575557e+02,3.767017799999999852e+02
4.428724933509700463e+02,3.767017799999999852e+02
4.434405955469953824e+02,3.767017799999999852e+02
4.435239253324527340e+02,3.767017799999999852e+02
4.437281972837332091e+02,3.767017799999999852e+02
4.436906950308369915e+02,3.767017799999999852e+02
4.440157990204710927e+02,3.767017799999999852e+02
4.440992554469397078e+02,3.767017799999999852e+02
4.443034007572089195e+02,3.767017799999999852e+02
4.435401890812721035e+02,3.767017799999999852e+02
4.445910024939467462e+02,3.767017799999999852e+02
4.446745855614267384e+02,3.767017799999999852e+02
4.448786042306845729e+02,3.767017799999999852e+02
4.448418621585902883e+02,3.767017799999999852e+02
4.451662059674223997e+02,3.767017799999999852e+02
4.452499156759137122e+02,3.767017799999999852e+02
4.454538077041602833e+02,3.767017799999999852e+02
4.451768578835979042e+02,3.767017799999999852e+02
4.457414094408981100e+02,3.767017799999999852e+02
4.458252457904007429e+02,3.767017799999999852e+02
4.460290111776359367e+02,3.767017799999999852e+02
4.459930292863435852e+02,3.767017799999999852e+02
4.463166129143737635e+02,3.767017799999999852e+02
4.464005759048877735e+02,3.767017799999999852e+02
4.466042146511115902e+02,3.767017799999999852e+02
3.548106700000000160e+02,3.739362800000000107e+02
4.468918163878494738e+02,3.806648000000000138e+02
4.469759060193747473e+02,3.806648000000000138e+02
4.471794181245873006e+02,3.806648000000000138e+02
4.471441964140969390e+02,3.806648000000000138e+02
4.474670198613251273e+02,3.806648000000000138e+02
4.475512361338617779e+02,3.806648000000000138e+02
4.477546215980629540e+02,3.806648000000000138e+02
4.474812224162258190e+02,3.806648000000000138e+02
4.480422233348007808e+02,3.806648000000000138e+02
4.481265662483488086e+02,3.806648000000000138e+02
4.483298250715386644e+02,5.546019000000000005e+02
4.482953635418502358e+02,5.546019000000000005e+02
4.486174268082764911e+02,5.546019000000000005e+02
4.487018963628357824e+02,5.546019000000000005e+02
4.489050285450143178e+02,5.546019000000000005e+02
4.481570607773851407e+02,3.806648000000000138e+02
4.491926302817521446e+02,3.819327400000000239e+02
4.492772264773228130e+02,3.819327400000000239e+02
4.494802320184899713e+02,3.819327400000000239e+02
4.494465306696035327e+02,3.819327400000000239e+02
4.497678337552278549e+02,3.819327400000000239e+02
4.498525565918098437e+02,3.819327400000000239e+02
4.500554354919656816e+02,3.819327400000000239e+02
4.497855869488536769e+02,3.819327400000000239e+02
4.503430372287035084e+02,3.819327400000000239e+02
4.504278867062968175e+02,3.819327400000000239e+02
4.506306389654413351e+02,3.819327400000000239e+02
4.505976977973568296e+02,3.819327400000000239e+02
4.509182407021792187e+02,3.819327400000000239e+02
4.510032168207838481e+02,3.819327400000000239e+02
4.512058424389170455e+02,3.819327400000000239e+02
3.919087999999999852e+02,3.747707500000000209e+02
4.514934441756548722e+02,3.819327400000000239e+02
4.515785469352708219e+02,3.819327400000000239e+02
4.517810459123926989e+02,3.819327400000000239e+02
4.517488649251101265e+02,3.819327400000000239e+02
4.520686476491305257e+02,3.819327400000000239e+02
4.521538770497578525e+02,3.819327400000000239e+02
4.523562493858684093e+02,3.819327400000000239e+02
4.520899514814815348e+02,3.819327400000000239e+02
4.526438511226062360e+02,3.819327400000000239e+02
4.527292071642448832e+02,3.819327400000000239e+02
4.529314528593440627e+02,3.819327400000000239e+02
4.529000320528634234e+02,3.819327400000000239e+02
4.532190545960818895e+02,3.819327400000000239e+02
4.533045372787318570e+02,3.819327400000000239e+02
4.535066563328197162e+02,3.819327400000000239e+02
4.527739324734982347e+02,3.819327400000000239e+02
4.537942580695575998e+02,3.819327400000000239e+02
4.538798673932188876e+02,3.819327400000000239e+02
4.540818598062954266e+02,3.819327400000000239e+02
4.540511991806167202e+02,3.819327400000000239e+02
4.543694615430332533e+02,3.819327400000000239e+02
4.544551975077059183e+02,3.819327400000000239e+02
4.546570632797710800e+02,3.819327400000000239e+02
4.543943160141093927e+02,3.819327400000000239e+02
4.549446650165089068e+02,3.819327400000000239e+02
4.550305276221928921e+02,3.819327400000000239e+02
4.552322667532467904e+02,3.819327400000000239e+02
4.552023663083700171e+02,3.819327400000000239e+02
4.555198684899846171e+02,3.819327400000000239e+02
4.556058577366799227e+02,3.819327400000000239e+02
4.558074702267224438e+02,3.819327400000000239e+02
4.235960400000000163e+02,3.757132599999999911e+02
4.560950719634602706e+02,4.952900399999999763e+02
4.561811878511669534e+02,4.952900399999999763e+02
4.563826737001980973e+02,4.952900399999999763e+02
4.563535334361233140e+02,4.952900399999999763e+02
4.566702754369359809e+02,4.952900399999999763e+02
4.567565179656539271e+02,4.952900399999999763e+02
4.569578771736738076e+02,4.952900399999999763e+02
4.566986805467372506e+02,4.952900399999999763e+02
4.572454789104116344e+02,4.952900399999999763e+02
4.573318480801409578e+02,4.952900399999999763e+02
4.575330806471494611e+02,4.952900399999999763e+02
4.575047005638766677e+02,4.952900399999999763e+02
4.578206823838872879e+02,4.952900399999999763e+02
4.579071781946279884e+02,4.952900399999999763e+02
4.581082841206251715e+02,4.952900399999999763e+02
4.573908041696113287e+02,4.952900399999999763e+02
4.583958858573629982e+02,5.239175999999999931e+02
4.584825083091149622e+02,5.239175999999999931e+02
4.586834875941008249e+02,5.239175999999999931e+02
4.586558676916299646e+02,5.239175999999999931e+02
4.589710893308386517e+02,5.633889000000000351e+02
4.590578384236019929e+02,5.633889000000000351e+02
4.592586910675765353e+02,5.633889000000000351e+02
4.590030450793651084e+02,5.633889000000000351e+02
4.595462928043143620e+02,5.633889000000000351e+02
4.596331685380889667e+02,5.633889000000000351e+02
4.598338945410521887e+02,5.633889000000000351e+02
4.598070348193832615e+02,5.633889000000000351e+02
4.601214962777900155e+02,5.633889000000000351e+02
4.602084986525759973e+02,5.633889000000000351e+02
4.604090980145278422e+02,5.633889000000000351e+02
4.401235699999999724e+02,3.767017799999999852e+02
4.606966997512657258e+02,4.680015999999999963e+02
4.607838287670630280e+02,4.680015999999999963e+02
4.609843014880035525e+02,4.680015999999999963e+02
4.609582019471365584e+02,4.680015999999999963e+02
4.612719032247413793e+02,4.680015999999999963e+02
4.613591588815500018e+02,4.680015999999999963e+02
4.615595049614792060e+02,4.680015999999999963e+02
4.613074096119930232e+02,4.680015999999999963e+02
4.618471066982170328e+02,4.680015999999999963e+02
4.619344889960370324e+02,4.680015999999999963e+02
4.621347084349549164e+02,4.680015999999999963e+02
4.621093690748898553e+02,4.680015999999999963e+02
4.624223101716927431e+02,4.680015999999999963e+02
4.625098191105240630e+02,4.680015999999999963e+02
4.627099119084305698e+02,4.680015999999999963e+02
4.620076758657243658e+02,4.680015999999999963e+02
4.629975136451683966e+02,5.394100300000000061e+02
4.630851492250110368e+02,5.394100300000000061e+02
4.632851153819062233e+02,5.394100300000000061e+02
4.632605362026431521e+02,5.394100300000000061e+02
4.635727171186441069e+02,5.394100300000000061e+02
4.636604793394980675e+02,5.394100300000000061e+02
4.638603188553819336e+02,5.394100300000000061e+02
4.636117741446208811e+02,5.394100300000000061e+02
4.641479205921197604e+02,5.394100300000000061e+02
4.642358094539850981e+02,5.394100300000000061e+02
4.644355223288575871e+02,5.394100300000000061e+02
4.644117033303964490e+02,5.394100300000000061e+02
4.647231240655954139e+02,5.394100300000000061e+02
4.648111395684720719e+02,5.394100300000000061e+02
4.650107258023332975e+02,5.394100300000000061e+02
4.481911600000000249e+02,3.806648000000000138e+02
4.652983275390711242e+02,5.394100300000000061e+02
4.653864696829591026e+02,5.394100300000000061e+02
4.655859292758089509e+02,5.394100300000000061e+02
4.655628704581498027e+02,5.394100300000000061e+02
4.658735310125467777e+02,5.394100300000000061e+02
4.659617997974461332e+02,5.394100300000000061e+02
4.661611327492846044e+02,5.394100300000000061e+02
4.659161386772487390e+02,5.394100300000000061e+02
4.664487344860224880e+02,5.394100300000000061e+02
4.665371299119331070e+02,5.394100300000000061e+02
4.667363362227603147e+02,5.394100300000000061e+02
4.667140375859030996e+02,5.394100300000000061e+02
4.670239379594981415e+02,5.394100300000000061e+02
4.671124600264201376e+02,5.394100300000000061e+02
4.673115396962359682e+02,5.394100300000000061e+02
4.666245475618374599e+02,5.394100300000000061e+02
4.675991414329737950e+02,5.394100300000000061e+02
4.676877901409071114e+02,5.394100300000000061e+02
4.678867431697116785e+02,5.394100300000000061e+02
4.678652047136563965e+02,5.394100300000000061e+02
4.681743449064495053e+02,5.394100300000000061e+02
4.682631202553941421e+02,5.394100300000000061e+02
4.684619466431873320e+02,5.394100300000000061e+02
4.682205032098765969e+02,5.394100300000000061e+02
4.687495483799251588e+02,5.394100300000000061e+02
4.688384503698811727e+02,5.394100300000000061e+02
4.690371501166630424e+02,5.394100300000000061e+02
4.690163718414096934e+02,5.394100300000000061e+02
4.693247518534008691e+02,5.394100300000000061e+02
4.694137804843681465e+02,5.394100300000000061e+02
4.696123535901386958e+02,5.394100300000000061e+02
4.508311199999999985e+02,3.819327400000000239e+02
4.698999553268765226e+02,5.684578999999999951e+02
4.699891105988551772e+02,5.684578999999999951e+02
4.701875570636143493e+02,5.684578999999999951e+02
4.701675389691629903e+02,5.684578999999999951e+02
4.704751588003522329e+02,5.684578999999999951e+02
4.705644407133422078e+02,5.684578999999999951e+02
4.707627605370900596e+02,5.684578999999999951e+02
4.705248677425044548e+02,5.684578999999999951e+02
4.710503622738278864e+02,5.684578999999999951e+02
4.711397708278291816e+02,5.684578999999999951e+02
4.713379640105657131e+02,5.684578999999999951e+02
4.713187060969162872e+02,5.684578999999999951e+02
4.716255657473035399e+02,5.684578999999999951e+02
4.717151009423162122e+02,5.684578999999999951e+02
4.719131674840414234e+02,5.684578999999999951e+02
4.712414192579505539e+02,5.684578999999999951e+02
4.722007692207792502e+02,4.315843499999999722e+02
4.722904310568032429e+02,4.315843499999999722e+02
4.724883709575170769e+02,4.315843499999999722e+02
4.724698732246695840e+02,4.315843499999999722e+02
4.727759726942549037e+02,4.315843499999999722e+02
4.728657611712902167e+02,4.315843499999999722e+02
4.730635744309927304e+02,4.315843499999999722e+02
4.728292322751323127e+02,4.315843499999999722e+02
4.733511761677306140e+02,4.315843499999999722e+02
4.734410912857772473e+02,4.315843499999999722e+02
4.736387779044684407e+02,4.315843499999999722e+02
4.736210403524228809e+02,4.315843499999999722e+02
4.739263796412062675e+02,4.315843499999999722e+02
4.740164214002642211e+02,4.315843499999999722e+02
4.742139813779440942e+02,4.315843499999999722e+02
4.508311199999999985e+02,3.819327400000000239e+02
4.745015831146819210e+02,5.487437999999999647e+02
4.745917515147512518e+02,5.487437999999999647e+02
4.747891848514198045e+02,5.487437999999999647e+02
4.747722074801761778e+02,5.487437999999999647e+02
4.750767865881576313e+02,5.487437999999999647e+02
4.751670816292382824e+02,5.487437999999999647e+02
4.753643883248954580e+02,5.487437999999999647e+02
4.751335968077601706e+02,5.487437999999999647e+02
4.756519900616332848e+02,5.487437999999999647e+02
4.757424117437252562e+02,5.487437999999999647e+02
4.759395917983711115e+02,5.487437999999999647e+02
4.759233746079295315e+02,5.487437999999999647e+02
4.762271935351089951e+02,5.487437999999999647e+02
4.763177418582122868e+02,5.487437999999999647e+02
4.765147952718468218e+02,5.487437999999999647e+02
4.758582909540635910e+02,5.487437999999999647e+02
4.768023970085846486e+02,5.487437999999999647e+02
4.768930719726993175e+02,5.487437999999999647e+02
4.770899987453224753e+02,5.487437999999999647e+02
4.770745417356828284e+02,5.487437999999999647e+02
4.773776004820603021e+02,5.487437999999999647e+02
4.774684020871862913e+02,5.487437999999999647e+02
4.776652022187981856e+02,5.487437999999999647e+02
4.774379613403880853e+02,5.487437999999999647e+02
4.779528039555360124e+02,5.487437999999999647e+02
4.780437322016733219e+02,5.487437999999999647e+02
4.782404056922738391e+02,5.487437999999999647e+02
4.782257088634361253e+02,5.487437999999999647e+02
4.785280074290116659e+02,5.487437999999999647e+02
4.786190623161603526e+02,5.487437999999999647e+02
4.788156091657495494e+02,5.487437999999999647e+02
4.943169599999999946e+02,3.828213000000000079e+02
4.791032109024873762e+02,5.707816000000000258e+02
4.791943924306473264e+02,5.707816000000000258e+02
4.793908126392252029e+02,5.707816000000000258e+02
4.793768759911894222e+02,5.707816000000000258e+02
4.796784143759630297e+02,5.707816000000000258e+02
4.797697225451343570e+02,5.707816000000000258e+02
4.799660161127008564e+02,5.707816000000000258e+02
4.797423258730159432e+02,5.707816000000000258e+02
4.802536178494387400e+02,5.707816000000000258e+02
4.803450526596213876e+02,5.707816000000000258e+02
4.805412195861765667e+02,5.707816000000000258e+02
4.805280431189427190e+02,5.707816000000000258e+02
4.808288213229143935e+02,5.707816000000000258e+02
4.809203827741083614e+02,5.707816000000000258e+02
4.811164230596522202e+02,5.707816000000000258e+02
4.804751626501766850e+02,5.707816000000000258e+02
4.814040247963900470e+02,5.707816000000000258e+02
4.814957128885953921e+02,5.707816000000000258e+02
4.816916265331279305e+02,5.707816000000000258e+02
4.816792102466960159e+02,5.707816000000000258e+02
4.819792282698657573e+02,5.707816000000000258e+02
4.820710430030823659e+02,5.707816000000000258e+02
4.822668300066035840e+02,5.707816000000000258e+02
4.820466904056438011e+02,5.707816000000000258e+02
4.825544317433414108e+02,5.707816000000000258e+02
4.826463731175693965e+02,5.707816000000000258e+02
4.828420334800792375e+02,5.707816000000000258e+02
4.828303773744493128e+02,5.707816000000000258e+02
4.831296352168171211e+02,5.707816000000000258e+02
4.832217032320564272e+02,5.707816000000000258e+02
4.834172369535549478e+02,5.707816000000000258e+02
4.943169599999999946e+02,3.828213000000000079e+02
4.837048386902927746e+02,5.706280500000000302e+02
4.837970333465434010e+02,5.706280500000000302e+02
4.839924404270306013e+02,5.706280500000000302e+02
4.839815445022026665e+02,5.706280500000000302e+02
4.842800421637684281e+02,5.706280500000000302e+02
4.843723634610304316e+02,5.706280500000000302e+02
4.845676439005063116e+02,5.706280500000000302e+02
4.843510549382716590e+02,5.706280500000000302e+02
4.848552456372441384e+02,5.706280500000000302e+02
4.849476935755174622e+02,5.706280500000000302e+02
4.851428473739819651e+02,5.706280500000000302e+02
4.851327116299559634e+02,5.706280500000000302e+02
4.854304491107197919e+02,5.706280500000000302e+02
4.855230236900044360e+02,5.706280500000000302e+02
4.857180508474576186e+02,5.706280500000000302e+02
4.850920343462897790e+02,5.706280500000000302e+02
4.860056525841955022e+02,5.706280500000000302e+02
4.860983538044914667e+02,5.706280500000000302e+02
4.862932543209333289e+02,5.706280500000000302e+02
4.862838787577092603e+02,5.706280500000000302e+02
4.865808560576711557e+02,5.706280500000000302e+02
4.866736839189784973e+02,5.706280500000000302e+02
4.868684577944089824e+02,5.706280500000000302e+02
4.866554194708995169e+02,5.706280500000000302e+02
4.871560595311468091e+02,5.706280500000000302e+02
4.872490140334654711e+02,5.706280500000000302e+02
4.874436612678846927e+02,5.706280500000000302e+02
4.874350458854625572e+02,5.706280500000000302e+02
4.877312630046225195e+02,5.706280500000000302e+02
4.878243441479525018e+02,5.706280500000000302e+02
4.880188647413603462e+02,5.706280500000000302e+02
4.884517799999999852e+02,3.949151600000000144e+02
4.883064664780981730e+02,3.949151600000000144e+02
4.883996742624395324e+02,3.949151600000000144e+02
4.885940682148360565e+02,3.949151600000000144e+02
4.885862130132158541e+02,3.949151600000000144e+02
4.888816699515738833e+02,3.949151600000000144e+02
4.889750043769265062e+02,3.949151600000000144e+02
4.891692716883117100e+02,3.949151600000000144e+02
4.889597840035273748e+02,3.949151600000000144e+02
4.894568734250495368e+02,3.949151600000000144e+02
4.895503344914135369e+02,3.949151600000000144e+02
4.897444751617873635e+02,3.949151600000000144e+02
4.897373801409691509e+02,3.949151600000000144e+02
4.900320768985252471e+02,3.949151600000000144e+02
4.901256646059005107e+02,3.949151600000000144e+02
4.903196786352630738e+02,3.949151600000000144e+02
4.897089060424028162e+02,3.949151600000000144e+02
4.906072803720009006e+02,5.688132299999999759e+02
4.907009947203875413e+02,5.688132299999999759e+02
4.908948821087387273e+02,5.688132299999999759e+02
4.908885472687224478e+02,5.688132299999999759e+02
4.911824838454765541e+02,5.688132299999999759e+02
4.912763248348745719e+02,5.688132299999999759e+02
4.914700855822144376e+02,5.688132299999999759e+02
4.912641485361552327e+02,5.688132299999999759e+02
4.917576873189522644e+02,5.688132299999999759e+02
4.918516549493615457e+02,5.688132299999999759e+02
4.920452890556900911e+02,5.688132299999999759e+02
4.920397143964757447e+02,5.688132299999999759e+02
4.923328907924279179e+02,5.688132299999999759e+02
4.924269850638485764e+02,5.688132299999999759e+02
4.926204925291657446e+02,5.688132299999999759e+02
4.730481599999999958e+02,4.315843499999999722e+02
4.929080942659036282e+02,5.669584999999999582e+02
4.930023151783356070e+02,5.669584999999999582e+02
4.931956960026414549e+02,5.669584999999999582e+02
4.931908815242290416e+02,5.669584999999999582e+02
4.934832977393792817e+02,5.669584999999999582e+02
4.935776452928225808e+02,5.669584999999999582e+02
4.937708994761171084e+02,5.669584999999999582e+02
4.935685130687831474e+02,5.669584999999999582e+02
4.940585012128549351e+02,5.669584999999999582e+02
4.941529754073096115e+02,5.669584999999999582e+02
4.943461029495928187e+02,5.649645000000000437e+02
4.943420486519823953e+02,5.649645000000000437e+02
4.946337046863306455e+02,5.649645000000000437e+02
4.947283055217966421e+02,5.649645000000000437e+02
4.949213064230684722e+02,5.649645000000000437e+02
4.943257777385159102e+02,5.649645000000000437e+02
4.952089081598062990e+02,5.649645000000000437e+02
4.953036356362836159e+02,5.649645000000000437e+02
4.954965098965441257e+02,5.649645000000000437e+02
4.954932157797356922e+02,5.649645000000000437e+02
4.957841116332820093e+02,5.649645000000000437e+02
4.958789657507706465e+02,5.649645000000000437e+02
4.960717133700198360e+02,5.649645000000000437e+02
4.958728776014110053e+02,5.649645000000000437e+02
4.963593151067576628e+02,5.649645000000000437e+02
4.964542958652576203e+02,5.649645000000000437e+02
4.966469168434954895e+02,5.649645000000000437e+02
4.966443829074889891e+02,5.649645000000000437e+02
4.969345185802333162e+02,5.649645000000000437e+02
4.970296259797446510e+02,5.649645000000000437e+02
4.972221203169711998e+02,5.649645000000000437e+02
4.618057999999999765e+02,4.680015999999999963e+02
4.975097220537090266e+02,5.579864499999999907e+02
4.976049560942316816e+02,5.579864499999999907e+02
4.977973237904468533e+02,5.579864499999999907e+02
4.977955500352422860e+02,5.579864499999999907e+02
4.980849255271846800e+02,5.579864499999999907e+02
4.981802862087186554e+02,5.579864499999999907e+02
4.983725272639225636e+02,5.579864499999999907e+02
4.981772421340388632e+02,5.579864499999999907e+02
4.986601290006603904e+02,5.579864499999999907e+02
4.987556163232056861e+02,5.579864499999999907e+02
4.989477307373982171e+02,5.579864499999999907e+02
4.989467171629955828e+02,5.579864499999999907e+02
4.992353324741360439e+02,5.579864499999999907e+02
4.993309464376927167e+02,5.579864499999999907e+02
4.995229342108738706e+02,5.579864499999999907e+02
4.989426494346290042e+02,5.579864499999999907e+02
4.998105359476117542e+02,5.579864499999999907e+02
4.999062765521796905e+02,5.579864499999999907e+02
5.000981376843495809e+02,5.579864499999999907e+02
5.000978842907488797e+02,5.579864499999999907e+02
5.003857394210874077e+02,5.579864499999999907e+02
5.004816066666667211e+02,5.579864499999999907e+02
5.006733411578252344e+02,5.579864499999999907e+02
5.004816066666667211e+02,5.579864499999999907e+02
5.009609428945630611e+02,5.579864499999999907e+02
5.010569367811537518e+02,5.579864499999999907e+02
5.012485446313009447e+02,5.579864499999999907e+02
5.012490514185021766e+02,5.579864499999999907e+02
5.015361463680387715e+02,5.579864499999999907e+02
5.016322668956407256e+02,5.579864499999999907e+02
5.018237481047765982e+02,5.579864499999999907e+02
4.578021200000000022e+02,4.952900399999999763e+02
5.021113498415144250e+02,5.579864499999999907e+02
5.022075970101277562e+02,5.579864499999999907e+02
5.023989515782522517e+02,5.579864499999999907e+02
5.024002185462555303e+02,5.579864499999999907e+02
5.026865533149901353e+02,5.579864499999999907e+02
5.027829271246147869e+02,5.579864499999999907e+02
5.029741550517279620e+02,5.579864499999999907e+02
5.027859711992945790e+02,5.579864499999999907e+02
5.032617567884657888e+02,5.579864499999999907e+02
5.033582572391017607e+02,5.579864499999999907e+02
5.035493585252036155e+02,5.579864499999999907e+02
5.035513856740088272e+02,5.579864499999999907e+02
5.038369602619414422e+02,5.579864499999999907e+02
5.039335873535887913e+02,5.579864499999999907e+02
5.041245619986793258e+02,5.579864499999999907e+02
5.035595211307420414e+02,5.579864499999999907e+02
5.044121637354171526e+02,5.579864499999999907e+02
5.045089174680757651e+02,5.579864499999999907e+02
5.046997654721549793e+02,5.579864499999999907e+02
5.047025528017621241e+02,5.579864499999999907e+02
5.049873672088928060e+02,5.579864499999999907e+02
5.050842475825627957e+02,5.579864499999999907e+02
5.052749689456306328e+02,5.579864499999999907e+02
5.050903357319224369e+02,5.579864499999999907e+02
5.055625706823685164e+02,5.579864499999999907e+02
5.056595776970498264e+02,5.579864499999999907e+02
5.058501724191063431e+02,5.579864499999999907e+02
5.058537199295154210e+02,5.579864499999999907e+02
5.061377741558441699e+02,5.579864499999999907e+02
5.062349078115368002e+02,5.579864499999999907e+02
5.064253758925819966e+02,5.579864499999999907e+02
4.586087600000000180e+02,5.239175999999999931e+02
5.067129776293198233e+02,5.569678999999999860e+02
5.068102379260238308e+02,5.569678999999999860e+02
5.070005793660577069e+02,5.569678999999999860e+02
5.070048870572687179e+02,5.569678999999999860e+02
5.072881811027955337e+02,5.569678999999999860e+02
5.073855680405108615e+02,5.569678999999999860e+02
5.075757828395333604e+02,5.569678999999999860e+02
5.073947002645502948e+02,5.569678999999999860e+02
5.078633845762711871e+02,5.569678999999999860e+02
5.079608981549978353e+02,5.569678999999999860e+02
5.081509863130090707e+02,5.569678999999999860e+02
5.081560541850220147e+02,5.569678999999999860e+02
5.084385880497468975e+02,5.569678999999999860e+02
5.085362282694848659e+02,5.569678999999999860e+02
5.087261897864847242e+02,5.569678999999999860e+02
5.081763928268551354e+02,5.569678999999999860e+02
5.090137915232225509e+02,5.569678999999999860e+02
5.091115583839718965e+02,5.569678999999999860e+02
5.093013932599603777e+02,5.569678999999999860e+02
5.093072213127753116e+02,5.569678999999999860e+02
5.095889949966982613e+02,5.569678999999999860e+02
5.096868884984588703e+02,5.569678999999999860e+02
5.098765967334360880e+02,5.569678999999999860e+02
5.096990647971782096e+02,5.569678999999999860e+02
5.101641984701739148e+02,5.569678999999999860e+02
5.102622186129459010e+02,5.569678999999999860e+02
5.104518002069117415e+02,5.569678999999999860e+02
5.104583884405286085e+02,5.569678999999999860e+02
5.107394019436495682e+02,5.569678999999999860e+02
5.108375487274328748e+02,5.569678999999999860e+02
5.110270036803874518e+02,5.569678999999999860e+02
4.649459200000000010e+02,5.394100300000000061e+02
5.113146054171252786e+02,5.569678999999999860e+02
5.114128788419199054e+02,5.569678999999999860e+02
5.116022071538631053e+02,5.569678999999999860e+02
5.116095555682819054e+02,5.569678999999999860e+02
5.118898088906009320e+02,5.569678999999999860e+02
5.119882089564069361e+02,5.569678999999999860e+02
5.121774106273387588e+02,5.569678999999999860e+02
5.120034293298060675e+02,5.569678999999999860e+02
5.124650123640766424e+02,5.569678999999999860e+02
5.125635390708939667e+02,5.569678999999999860e+02
5.127526141008145260e+02,5.569678999999999860e+02
5.127607226960352591e+02,5.569678999999999860e+02
5.130402158375522959e+02,5.569678999999999860e+02
5.131388691853809405e+02,5.569678999999999860e+02
5.133278175742901794e+02,5.569678999999999860e+02
5.127932645229682294e+02,5.569678999999999860e+02
5.136154193110279493e+02,2.593193400000000111e+02
5.137141992998680280e+02,2.593193400000000111e+02
5.139030210477658329e+02,2.593193400000000111e+02
5.139118898237885560e+02,2.593193400000000111e+02
5.141906227845037165e+02,2.593193400000000111e+02
5.142895294143550018e+02,2.593193400000000111e+02
5.144782245212414864e+02,2.593193400000000111e+02
5.143077938624339822e+02,2.593193400000000111e+02
5.147658262579793700e+02,2.593193400000000111e+02
5.148648595288419756e+02,2.593193400000000111e+02
5.150534279947171399e+02,2.593193400000000111e+02
5.150630569515418529e+02,2.593193400000000111e+02
5.153410297314550235e+02,2.593193400000000111e+02
5.154401896433290631e+02,2.593193400000000111e+02
5.156286314681929071e+02,2.593193400000000111e+02
4.745460199999999986e+02,5.487437999999999647e+02
5.159162332049306769e+02,2.593193400000000111e+02
5.160155197578160369e+02,2.593193400000000111e+02
5.162038349416685605e+02,2.593193400000000111e+02
5.162142240792951497e+02,2.593193400000000111e+02
5.164914366784064441e+02,2.593193400000000111e+02
5.165908498723030107e+02,2.593193400000000111e+02
5.167790384151442140e+02,2.593193400000000111e+02
5.166121583950617833e+02,2.593193400000000111e+02
5.170666401518820976e+02,2.593193400000000111e+02
5.171661799867900982e+02,2.593193400000000111e+02
5.173542418886198675e+02,2.593193400000000111e+02
5.173653912070484466e+02,2.593193400000000111e+02
5.176418436253577511e+02,2.593193400000000111e+02
5.177415101012770720e+02,2.593193400000000111e+02
5.179294453620956347e+02,2.593193400000000111e+02
5.174101362190813234e+02,2.593193400000000111e+02
5.182170470988334046e+02,2.593193400000000111e+02
5.183168402157640458e+02,2.593193400000000111e+02
5.185046488355712881e+02,2.593193400000000111e+02
5.185165583348017435e+02,2.593193400000000111e+02
5.187922505723090580e+02,2.593193400000000111e+02
5.188921703302510195e+02,2.593193400000000111e+02
5.190798523090469416e+02,2.593193400000000111e+02
5.189165229276896980e+02,2.593193400000000111e+02
5.193674540457848252e+02,2.593193400000000111e+02
5.194675004447381070e+02,2.593193400000000111e+02
5.196550557825225951e+02,2.593193400000000111e+02
5.196677254625550404e+02,2.593193400000000111e+02
5.199426575192604787e+02,2.593193400000000111e+02
5.200428305592250808e+02,2.593193400000000111e+02
5.202302592559982486e+02,2.593193400000000111e+02
4.988457000000000221e+02,5.579864499999999907e+02
5.205178609927361322e+02,2.823860999999999990e+02
5.206181606737120546e+02,2.823860999999999990e+02
5.208054627294740158e+02,2.823860999999999990e+02
5.208188925903084510e+02,2.823860999999999990e+02
5.210930644662117857e+02,2.823860999999999990e+02
5.211934907881991421e+02,2.823860999999999990e+02
5.213806662029496692e+02,2.823860999999999990e+02
5.212208874603174991e+02,2.823860999999999990e+02
5.216682679396874391e+02,2.823860999999999990e+02
5.217688209026861159e+02,2.823860999999999990e+02
5.219558696764253227e+02,2.823860999999999990e+02
5.219700597180617478e+02,2.823860999999999990e+02
5.222434714131632063e+02,2.823860999999999990e+02
5.223441510171730897e+02,2.823860999999999990e+02
5.225310731499009762e+02,2.823860999999999990e+02
5.220270079151944174e+02,2.823860999999999990e+02
5.228186748866388598e+02,2.823860999999999990e+02
5.229194811316601772e+02,2.823860999999999990e+02
5.231062766233766297e+02,2.823860999999999990e+02
5.231212268458150447e+02,2.823860999999999990e+02
5.233938783601145133e+02,2.823860999999999990e+02
5.234948112461471510e+02,2.823860999999999990e+02
5.236814800968523969e+02,2.823860999999999990e+02
5.235252519929454138e+02,2.823860999999999990e+02
5.239690818335901668e+02,2.823860999999999990e+02
5.240701413606341248e+02,2.823860999999999990e+02
5.242566835703280503e+02,2.823860999999999990e+02
5.242723939735683416e+02,2.823860999999999990e+02
5.245442853070658202e+02,2.823860999999999990e+02
5.246454714751212123e+02,2.823860999999999990e+02
5.248318870438037038e+02,2.823860999999999990e+02
5.113113999999999919e+02,5.569678999999999860e+02
5.251194887805415874e+02,2.823860999999999990e+02
5.252208015896081861e+02,2.823860999999999990e+02
5.254070905172793573e+02,2.823860999999999990e+02
5.254235611013216385e+02,2.823860999999999990e+02
5.256946922540172409e+02,2.823860999999999990e+02
5.257961317040951599e+02,2.823860999999999990e+02
5.259822939907550108e+02,2.823860999999999990e+02
5.258296165255733285e+02,2.823860999999999990e+02
5.262698957274928944e+02,2.823860999999999990e+02
5.263714618185822474e+02,2.823860999999999990e+02
5.265574974642307780e+02,2.823860999999999990e+02
5.265747282290749354e+02,2.823860999999999990e+02
5.268450992009685478e+02,2.823860999999999990e+02
5.269467919330692212e+02,2.823860999999999990e+02
5.271327009377064314e+02,2.823860999999999990e+02
5.266438796113075114e+02,2.823860999999999990e+02
5.274203026744442013e+02,2.823860999999999990e+02
5.275221220475561950e+02,2.823860999999999990e+02
5.277079044111820849e+02,2.823860999999999990e+02
5.277258953568282323e+02,2.823860999999999990e+02
5.279955061479199685e+02,2.823860999999999990e+02
5.280974521620432824e+02,2.823860999999999990e+02
5.282831078846577384e+02,2.823860999999999990e+02
5.281339810582011296e+02,2.823860999999999990e+02
5.285707096213956220e+02,2.824203999999999724e+02
5.286727822765302562e+02,2.824203999999999724e+02
5.288583113581333919e+02,2.824203999999999724e+02
5.288770624845815291e+02,2.824203999999999724e+02
5.291459130948712755e+02,2.824203999999999724e+02
5.292481123910172300e+02,2.824203999999999724e+02
5.294335148316091590e+02,2.824203999999999724e+02
5.113113999999999919e+02,5.569678999999999860e+02
5.297211165683469289e+02,2.824203999999999724e+02
5.298234425055043175e+02,2.824203999999999724e+02
5.300087183050848125e+02,2.824203999999999724e+02
5.300282296123348260e+02,2.824203999999999724e+02
5.302963200418225824e+02,2.824203999999999724e+02
5.303987726199912913e+02,2.824203999999999724e+02
5.305839217785604660e+02,2.824203999999999724e+02
5.304383455908290443e+02,2.824203999999999724e+02
5.308715235152983496e+02,2.824203999999999724e+02
5.309741027344782651e+02,2.824203999999999724e+02
5.311591252520361195e+02,2.824203999999999724e+02
5.311793967400881229e+02,2.824203999999999724e+02
5.314467269887740031e+02,2.824203999999999724e+02
5.315494328489653526e+02,2.824203999999999724e+02
5.317343287255117730e+02,2.824203999999999724e+02
5.312607513074204917e+02,2.824203999999999724e+02
5.320219304622496566e+02,2.824203999999999724e+02
5.321247629634523264e+02,2.824203999999999724e+02
5.323095321989875401e+02,2.824203999999999724e+02
5.323305638678414198e+02,2.824203999999999724e+02
5.325971339357253100e+02,2.824203999999999724e+02
5.327000930779393002e+02,2.824203999999999724e+02
5.328847356724631936e+02,2.824203999999999724e+02
5.327427101234568454e+02,2.824203999999999724e+02
5.331723374092009635e+02,2.824203999999999724e+02
5.332754231924262740e+02,2.824203999999999724e+02
5.334599391459388471e+02,2.824203999999999724e+02
5.334817309955947167e+02,2.824203999999999724e+02
5.337475408826767307e+02,2.824203999999999724e+02
5.338507533069133615e+02,2.824203999999999724e+02
5.340351426194145006e+02,2.824203999999999724e+02
5.153101000000000340e+02,2.593193400000000111e+02
5.343227443561523842e+02,2.824203999999999724e+02
5.344260834214003353e+02,2.824203999999999724e+02
5.346103460928901541e+02,2.824203999999999724e+02
5.346328981233480135e+02,2.824203999999999724e+02
5.348979478296280377e+02,2.824203999999999724e+02
5.350014135358873091e+02,2.824203999999999724e+02
5.351855495663659212e+02,2.824203999999999724e+02
5.350470746560847601e+02,2.824203999999999724e+02
5.354731513031036911e+02,2.824203999999999724e+02
5.355767436503743966e+02,2.824203999999999724e+02
5.357607530398415747e+02,2.824203999999999724e+02
5.357840652511013104e+02,2.824203999999999724e+02
5.360483547765794583e+02,2.824203999999999724e+02
5.361520737648613704e+02,2.824203999999999724e+02
5.363359565133172282e+02,2.824203999999999724e+02
5.358776230035335857e+02,2.824203999999999724e+02
5.366235582500551118e+02,2.824203999999999724e+02
5.367274038793483442e+02,2.824203999999999724e+02
5.369111599867928817e+02,2.824203999999999724e+02
5.369352323788546073e+02,2.824203999999999724e+02
5.371987617235307653e+02,2.824203999999999724e+02
5.373027339938354316e+02,2.824203999999999724e+02
5.374863634602686489e+02,2.824203999999999724e+02
5.373514391887125612e+02,2.824203999999999724e+02
5.377739651970064187e+02,2.824203999999999724e+02
5.378780641083224054e+02,2.824203999999999724e+02
5.380615669337443023e+02,2.824203999999999724e+02
5.380863995066079042e+02,2.824203999999999724e+02
5.383491686704820722e+02,2.824203999999999724e+02
5.384533942228093792e+02,2.824203999999999724e+02
5.386367704072199558e+02,2.824203999999999724e+02
5.153101000000000340e+02,2.593193400000000111e+02
5.389243721439578394e+02,2.824203999999999724e+02
5.390287243372964667e+02,2.824203999999999724e+02
5.392119738806956093e+02,2.824203999999999724e+02
5.392375666343613148e+02,2.824203999999999724e+02
5.394995756174334929e+02,2.824203999999999724e+02
5.396040544517834405e+02,2.824203999999999724e+02
5.397871773541712628e+02,2.824203999999999724e+02
5.396558037213404759e+02,2.824203999999999724e+02
5.400747790909091464e+02,2.824203999999999724e+02
5.401793845662704143e+02,2.824203999999999724e+02
5.403623808276470299e+02,2.824203999999999724e+02
5.403887337621146116e+02,2.824203999999999724e+02
5.406499825643847998e+02,2.824203999999999724e+02
5.407547146807575018e+02,2.824203999999999724e+02
5.409375843011226834e+02,2.824203999999999724e+02
5.404944946996466797e+02,2.824203999999999724e+02
5.412251860378604533e+02,2.824203999999999724e+02
5.413300447952444756e+02,2.824203999999999724e+02
5.415127877745983369e+02,2.824203999999999724e+02
5.415399008898679085e+02,2.824203999999999724e+02
5.418003895113362205e+02,2.824203999999999724e+02
5.419053749097314494e+02,2.824203999999999724e+02
5.420879912480739904e+02,2.824203999999999724e+02
5.419601682539683907e+02,2.824203999999999724e+02
5.423755929848118740e+02,2.824203999999999724e+02
5.424807050242185369e+02,2.824203999999999724e+02
5.426631947215496439e+02,2.824203999999999724e+02
5.426910680176212054e+02,2.824203999999999724e+02
5.429507964582875275e+02,2.824203999999999724e+02
5.430560351387055107e+02,2.824203999999999724e+02
5.432383981950254110e+02,2.824203999999999724e+02
5.153101000000000340e+02,2.593193400000000111e+02
5.435259999317631809e+02,2.824203999999999724e+02
5.436313652531924845e+02,2.824203999999999724e+02
5.438136016685010645e+02,2.824203999999999724e+02
5.438422351453745023e+02,2.824203999999999724e+02
5.441012034052388344e+02,2.824203999999999724e+02
5.442066953676795720e+02,2.824203999999999724e+02
5.443888051419767180e+02,2.824203999999999724e+02
5.442645327865961917e+02,2.824203999999999724e+02
5.446764068787146016e+02,2.824203999999999724e+02
5.447820254821665458e+02,2.824203999999999724e+02
5.449640086154523715e+02,2.824203999999999724e+02
5.449934022731277992e+02,2.824203999999999724e+02
5.452516103521902551e+02,2.824203999999999724e+02
5.453573555966535196e+02,2.824203999999999724e+02
5.455392120889280250e+02,2.824203999999999724e+02
5.451113663957597737e+02,2.824203999999999724e+02
5.458268138256659086e+02,2.824203999999999724e+02
5.459326857111406071e+02,2.824203999999999724e+02
5.461144155624037921e+02,2.824203999999999724e+02
5.461445694008810960e+02,2.824203999999999724e+02
5.464020172991415620e+02,2.824203999999999724e+02
5.465080158256275809e+02,2.824203999999999724e+02
5.466896190358794456e+02,2.824203999999999724e+02
5.465688973192241065e+02,2.824203999999999724e+02
5.469772207726172155e+02,2.824203999999999724e+02
5.470833459401145547e+02,2.824203999999999724e+02
5.472648225093550991e+02,2.824203999999999724e+02
5.472957365286343929e+02,2.824203999999999724e+02
5.475524242460929827e+02,2.824203999999999724e+02
5.476586760546015284e+02,2.824203999999999724e+02
5.478400259828307526e+02,2.824203999999999724e+02
5.282865600000000086e+02,2.823860999999999990e+02
5.481276277195686362e+02,2.824203999999999724e+02
5.482340061690886159e+02,2.824203999999999724e+02
5.484152294563064061e+02,2.824203999999999724e+02
5.484469036563876898e+02,2.824203999999999724e+02
5.487028311930442896e+02,2.824203999999999724e+02
5.488093362835755897e+02,2.824203999999999724e+02
5.489904329297821732e+02,2.824203999999999724e+02
5.488732618518519075e+02,2.824203999999999724e+02
5.492780346665199431e+02,2.824203999999999724e+02
5.493846663980625635e+02,2.824203999999999724e+02
5.495656364032578267e+02,2.824203999999999724e+02
5.495980707841409867e+02,2.824203999999999724e+02
5.498532381399955966e+02,2.824203999999999724e+02
5.499599965125496510e+02,2.824203999999999724e+02
5.501408398767334802e+02,2.824203999999999724e+02
5.497282380918728677e+02,2.824203999999999724e+02
5.504284416134713638e+02,2.824203999999999724e+02
5.505353266270366248e+02,2.824203999999999724e+02
5.507160433502091337e+02,2.824203999999999724e+02
5.507492379118942836e+02,2.824203999999999724e+02
5.510036450869470173e+02,2.824203999999999724e+02
5.511106567415235986e+02,2.824203999999999724e+02
5.512912468236847872e+02,2.824203999999999724e+02
5.511776263844798223e+02,2.824203999999999724e+02
5.515788485604226707e+02,2.824203999999999724e+02
5.516859868560106861e+02,2.824203999999999724e+02
5.518664502971605543e+02,2.824203999999999724e+02
5.519004050396475805e+02,2.824203999999999724e+02
5.521540520338983242e+02,2.824203999999999724e+02
5.522613169704976599e+02,2.824203999999999724e+02
5.524416537706362078e+02,2.824203999999999724e+02
5.283058499999999640e+02,2.824203999999999724e+02
5.527292555073739777e+02,2.824203999999999724e+02
5.528366470849846337e+02,2.824203999999999724e+02
5.530168572441118613e+02,2.824203999999999724e+02
5.530515721674008773e+02,2.824203999999999724e+02
5.533044589808497449e+02,2.824203999999999724e+02
5.534119771994717212e+02,2.824203999999999724e+02
5.535920607175875148e+02,2.824203999999999724e+02
5.534819909171076233e+02,2.824203999999999724e+02
5.538796624543253984e+02,2.824203999999999724e+02
5.539873073139586950e+02,2.824203999999999724e+02
5.541672641910631683e+02,2.824203999999999724e+02
5.542027392951541742e+02,2.824203999999999724e+02
5.544548659278010518e+02,2.824203999999999724e+02
5.545626374284456688e+02,2.824203999999999724e+02
5.547424676645389354e+02,2.824203999999999724e+02
5.543451097879859617e+02,2.824203999999999724e+02
5.550300694012767053e+02,2.824203999999999724e+02
5.551379675429327563e+02,2.824203999999999724e+02
5.553176711380145889e+02,2.824203999999999724e+02
5.553539064229074711e+02,2.824203999999999724e+02
5.556052728747524725e+02,2.824203999999999724e+02
5.557132976574197301e+02,2.824203999999999724e+02
5.558928746114902424e+02,2.824203999999999724e+02
5.557863554497355381e+02,2.824203999999999724e+02
5.561804763482281260e+02,2.824203999999999724e+02
5.562886277719067039e+02,2.824203999999999724e+02
5.564680780849658959e+02,2.824203999999999724e+02
5.565050735506607680e+02,2.824203999999999724e+02
5.567556798217037795e+02,2.824203999999999724e+02
5.568639578863937913e+02,2.824203999999999724e+02
5.570432815584416630e+02,2.824203999999999724e+02
5.283058499999999640e+02,2.824203999999999724e+02
5.573308832951794329e+02,4.338025000000000091e+02
5.574392880008807651e+02,4.338025000000000091e+02
5.576184850319173165e+02,4.338025000000000091e+02
5.576562406784141785e+02,4.338025000000000091e+02
5.579060867686550864e+02,4.338025000000000091e+02
5.580146181153677389e+02,4.338025000000000091e+02
5.581936885053929700e+02,4.338025000000000091e+02
5.580907199823634528e+02,4.338025000000000091e+02
5.584812902421308536e+02,4.338025000000000091e+02
5.585899482298548264e+02,4.338025000000000091e+02
5.587688919788686235e+02,4.338025000000000091e+02
5.588074078061674754e+02,4.338025000000000091e+02
5.590564937156065071e+02,4.338025000000000091e+02
5.591652783443418002e+02,4.338025000000000091e+02
5.593440954523442770e+02,4.338025000000000091e+02
5.589619814840989420e+02,4.338025000000000091e+02
5.596316971890821605e+02,4.338025000000000091e+02
5.597406084588287740e+02,4.338025000000000091e+02
5.599192989258200441e+02,4.338025000000000091e+02
5.599585749339207723e+02,4.338025000000000091e+02
5.602069006625578140e+02,4.338025000000000091e+02
5.603159385733158615e+02,4.338025000000000091e+02
5.604945023992956976e+02,4.338025000000000091e+02
5.603950845149912539e+02,4.338025000000000091e+02
5.607821041360334675e+02,4.338025000000000091e+02
5.608912686878028353e+02,4.338025000000000091e+02
5.610697058727713511e+02,4.338025000000000091e+02
5.611097420616740692e+02,4.338025000000000091e+02
5.613573076095092347e+02,4.338025000000000091e+02
5.614665988022898091e+02,4.338025000000000091e+02
5.616449093462470046e+02,4.338025000000000091e+02
5.982830999999999904e+02,4.121418499999999767e+02
5.619325110829848882e+02,4.338025000000000091e+02
5.620419289167768966e+02,4.338025000000000091e+02
5.622201128197226581e+02,4.338025000000000091e+02
5.622609091894273661e+02,4.338025000000000091e+02
5.625077145564605416e+02,4.338025000000000091e+02
5.626172590312638704e+02,4.338025000000000091e+02
5.627953162931984252e+02,4.338025000000000091e+02
5.626994490476191686e+02,4.338025000000000091e+02
5.630829180299361951e+02,4.338025000000000091e+02
5.631925891457508442e+02,4.338025000000000091e+02
5.633705197666740787e+02,4.338025000000000091e+02
5.634120763171806630e+02,4.338025000000000091e+02
5.636581215034118486e+02,4.338025000000000091e+02
5.637679192602378180e+02,4.338025000000000091e+02
5.639457232401497322e+02,4.338025000000000091e+02
5.635788531802120360e+02,4.338025000000000091e+02
5.642333249768876158e+02,4.338025000000000091e+02
5.643432493747249055e+02,4.338025000000000091e+02
5.645209267136253857e+02,4.338025000000000091e+02
5.645632434449339598e+02,4.338025000000000091e+02
5.648085284503632693e+02,4.338025000000000091e+02
5.649185794892118793e+02,4.338025000000000091e+02
5.650961301871010392e+02,4.338025000000000091e+02
5.650038135802469697e+02,4.338025000000000091e+02
5.653837319238389227e+02,4.338025000000000091e+02
5.654939096036988531e+02,4.338025000000000091e+02
5.656713336605768063e+02,4.338025000000000091e+02
5.657144105726872567e+02,4.338025000000000091e+02
5.659589353973145762e+02,4.338025000000000091e+02
5.660692397181859405e+02,4.338025000000000091e+02
5.662465371340524598e+02,4.338025000000000091e+02
5.982830999999999904e+02,4.121418499999999767e+02
5.665341388707902297e+02,4.338025000000000091e+02
5.666445698326729143e+02,4.338025000000000091e+02
5.668217406075281133e+02,4.338025000000000091e+02
5.668655777004405536e+02,4.338025000000000091e+02
5.671093423442659969e+02,4.338025000000000091e+02
5.672198999471598881e+02,4.338025000000000091e+02
5.673969440810037668e+02,4.338025000000000091e+02
5.673081781128748844e+02,4.338025000000000091e+02
5.676845458177416504e+02,4.338025000000000091e+02
5.677952300616469756e+02,4.338025000000000091e+02
5.679721475544794203e+02,4.338025000000000091e+02
5.680167448281938505e+02,4.338025000000000091e+02
5.682597492912173038e+02,4.338025000000000091e+02
5.683705601761339494e+02,4.338025000000000091e+02
5.685473510279551874e+02,4.338025000000000091e+02
5.681957248763251300e+02,4.338025000000000091e+02
5.688349527646929573e+02,4.338025000000000091e+02
5.689458902906209232e+02,4.338025000000000091e+02
5.691225545014308409e+02,4.338025000000000091e+02
5.691679119559471474e+02,4.338025000000000091e+02
5.694101562381686108e+02,4.338025000000000091e+02
5.695212204051080107e+02,4.338025000000000091e+02
5.696977579749064944e+02,4.338025000000000091e+02
5.696125426455027991e+02,4.338025000000000091e+02
5.699853597116443780e+02,4.338025000000000091e+02
5.700965505195949845e+02,4.338025000000000091e+02
5.702729614483821479e+02,4.338025000000000091e+02
5.703190790837004442e+02,4.338025000000000091e+02
5.705605631851200314e+02,4.338025000000000091e+02
5.706718806340819583e+02,4.338025000000000091e+02
5.708481649218578013e+02,4.338025000000000091e+02
6.074379999999999882e+02,3.854067400000000134e+02
5.711357666585956849e+02,4.338025000000000091e+02
5.712472107485690458e+02,4.338025000000000091e+02
5.714233683953335685e+02,4.338025000000000091e+02
5.714702462114537411e+02,4.338025000000000091e+02
5.717109701320713384e+02,4.338025000000000091e+02
5.718225408630560196e+02,4.338025000000000091e+02
5.719985718688092220e+02,4.338025000000000091e+02
5.719169071781306002e+02,4.338025000000000091e+02
5.722861736055469919e+02,4.338025000000000091e+02
5.723978709775429934e+02,4.338025000000000091e+02
5.725737753422848755e+02,4.338025000000000091e+02
5.726214133392070380e+02,4.338025000000000091e+02
5.728613770790227591e+02,4.338025000000000091e+02
5.729732010920300809e+02,4.338025000000000091e+02
5.731489788157605290e+02,4.338025000000000091e+02
5.728125965724382240e+02,4.338025000000000091e+02
5.734365805524984125e+02,4.338025000000000091e+02
5.735485312065170547e+02,4.338025000000000091e+02
5.737241822892362961e+02,4.338025000000000091e+02
5.737725804669603349e+02,4.338025000000000091e+02
5.740117840259740660e+02,4.338025000000000091e+02
5.741238613210040285e+02,4.338025000000000091e+02
5.742993857627119496e+02,4.338025000000000091e+02
5.742212717107585149e+02,4.338025000000000091e+02
5.745869874994497195e+02,4.338025000000000091e+02
5.746991914354911160e+02,4.338025000000000091e+02
5.748745892361876031e+02,4.338025000000000091e+02
5.749237475947136318e+02,4.338025000000000091e+02
5.751621909729254867e+02,4.338025000000000091e+02
5.752745215499780898e+02,4.338025000000000091e+02
5.754497927096632566e+02,4.338025000000000091e+02
6.234480600000000550e+02,3.631902000000000044e+02
5.757373944464011402e+02,4.338025000000000091e+02
5.758498516644650635e+02,4.338025000000000091e+02
5.760249961831389101e+02,4.338025000000000091e+02
5.760749147224670423e+02,4.338025000000000091e+02
5.763125979198767936e+02,4.338025000000000091e+02
5.764251817789521510e+02,4.338025000000000091e+02
5.766001996566146772e+02,4.338025000000000091e+02
5.765256362433863160e+02,4.338025000000000091e+02
5.768878013933524471e+02,4.338025000000000091e+02
5.770005118934391248e+02,4.338025000000000091e+02
5.771754031300903307e+02,4.338025000000000091e+02
5.772260818502203392e+02,4.338025000000000091e+02
5.774630048668282143e+02,4.338025000000000091e+02
5.775758420079260986e+02,4.338025000000000091e+02
5.777506066035659842e+02,4.338025000000000091e+02
5.774294682685513180e+02,4.338025000000000091e+02
5.780382083403038678e+02,4.338025000000000091e+02
5.781511721224131861e+02,4.338025000000000091e+02
5.783258100770416377e+02,4.338025000000000091e+02
5.783772489779736361e+02,4.338025000000000091e+02
5.786134118137795213e+02,4.338025000000000091e+02
5.787265022369001599e+02,4.338025000000000091e+02
5.789010135505174048e+02,4.338025000000000091e+02
5.788300007760142307e+02,4.338025000000000091e+02
5.791886152872551747e+02,4.338025000000000091e+02
5.793018323513871337e+02,4.338025000000000091e+02
5.794762170239930583e+02,4.338025000000000091e+02
5.795284161057269330e+02,4.338025000000000091e+02
5.797638187607308282e+02,4.338025000000000091e+02
5.798771624658742212e+02,4.338025000000000091e+02
5.800514204974687118e+02,4.338025000000000091e+02
6.413273000000000366e+02,3.320732399999999984e+02
5.803390222342065954e+02,4.338025000000000091e+02
5.804524925803611950e+02,4.338025000000000091e+02
5.806266239709443653e+02,4.338025000000000091e+02
5.806795832334802299e+02,4.338025000000000091e+02
5.809142257076822489e+02,4.338025000000000091e+02
5.810278226948481688e+02,4.338025000000000091e+02
5.812018274444200188e+02,4.338025000000000091e+02
5.811343653086421455e+02,4.338025000000000091e+02
5.814894291811579023e+02,4.338025000000000091e+02
5.816031528093352563e+02,4.338025000000000091e+02
5.817770309178957859e+02,4.338025000000000091e+02
5.818307503612335267e+02,4.338025000000000091e+02
5.820646326546335558e+02,4.338025000000000091e+02
5.821784829238222301e+02,4.338025000000000091e+02
5.823522343913714394e+02,4.338025000000000091e+02
5.820463399646644120e+02,4.338025000000000091e+02
5.826398361281092093e+02,4.338025000000000091e+02
5.827538130383092039e+02,4.338025000000000091e+02
5.829274378648470929e+02,4.338025000000000091e+02
5.829819174889868236e+02,4.338025000000000091e+02
5.832150396015849765e+02,4.338025000000000091e+02
5.833291431527962914e+02,4.338025000000000091e+02
5.835026413383227464e+02,4.338025000000000091e+02
5.834387298412699465e+02,4.338025000000000091e+02
5.837902430750606300e+02,4.338025000000000091e+02
5.839044732672832652e+02,4.338025000000000091e+02
5.840778448117983999e+02,4.338025000000000091e+02
5.841330846167401205e+02,4.338025000000000091e+02
5.843654465485362834e+02,4.338025000000000091e+02
5.844798033817702390e+02,4.338025000000000091e+02
5.846530482852741670e+02,4.338025000000000091e+02
6.628431399999999485e+02,2.883878199999999765e+02
5.849406500220119369e+02,3.879812000000000012e+02
5.850551334962573264e+02,3.879812000000000012e+02
5.852282517587498205e+02,3.879812000000000012e+02
5.852842517444934174e+02,3.879812000000000012e+02
5.855158534954875904e+02,3.879812000000000012e+02
5.856304636107443002e+02,3.879812000000000012e+02
5.858034552322254740e+02,3.879812000000000012e+02
5.857430943738978613e+02,3.879812000000000012e+02
5.860910569689633576e+02,3.879812000000000012e+02
5.862057937252312740e+02,3.879812000000000012e+02
5.863786587057011275e+02,3.879812000000000012e+02
5.864354188722467143e+02,3.879812000000000012e+02
5.866662604424390111e+02,3.879812000000000012e+02
5.867811238397183615e+02,3.879812000000000012e+02
5.869538621791767810e+02,3.879812000000000012e+02
5.866632116607775060e+02,3.879812000000000012e+02
5.872414639159146645e+02,3.879812000000000012e+02
5.873564539542053353e+02,3.879812000000000012e+02
5.875290656526525481e+02,3.879812000000000012e+02
5.875865860000000112e+02,3.879812000000000012e+02
5.878166673893903180e+02,3.879812000000000012e+02
5.879317840686923091e+02,3.879812000000000012e+02
5.881042691261282016e+02,3.879812000000000012e+02
5.880474589065256623e+02,3.879812000000000012e+02
5.883918708628660852e+02,4.708515600000000063e+02
5.885071141831792829e+02,4.708515600000000063e+02
5.886794725996038551e+02,4.708515600000000063e+02
5.887377531277533080e+02,4.708515600000000063e+02
5.889670743363417387e+02,4.708515600000000063e+02
5.890824442976663704e+02,4.708515600000000063e+02
5.892546760730795086e+02,4.708515600000000063e+02
6.722640999999999849e+02,2.566357399999999984e+02
5.895422778098173922e+02,4.708515600000000063e+02
5.896577744121533442e+02,4.708515600000000063e+02
5.898298795465552757e+02,4.708515600000000063e+02
5.898889202555066049e+02,4.708515600000000063e+02
5.901174812832930456e+02,4.708515600000000063e+02
5.902331045266403180e+02,4.708515600000000063e+02
5.904050830200309292e+02,4.708515600000000063e+02
5.903518234391535771e+02,4.708515600000000063e+02
5.906926847567686991e+02,4.708515600000000063e+02
5.908084346411274055e+02,4.708515600000000063e+02
5.909802864935065827e+02,4.708515600000000063e+02
5.910400873832600155e+02,4.708515600000000063e+02
5.912678882302444663e+02,4.708515600000000063e+02
5.913837647556143793e+02,4.708515600000000063e+02
5.915554899669822362e+02,4.708515600000000063e+02
5.912800833568904864e+02,4.708515600000000063e+02
5.918430917037201198e+02,4.708515600000000063e+02
5.919590948701013531e+02,4.708515600000000063e+02
5.921306934404578897e+02,4.708515600000000063e+02
5.921912545110133124e+02,4.708515600000000063e+02
5.924182951771957732e+02,4.708515600000000063e+02
5.925344249845884406e+02,4.708515600000000063e+02
5.927058969139336568e+02,4.708515600000000063e+02
5.926561879717813781e+02,4.708515600000000063e+02
5.929934986506714267e+02,4.708515600000000063e+02
5.931097550990754144e+02,4.708515600000000063e+02
5.932811003874093103e+02,4.708515600000000063e+02
5.933424216387666092e+02,4.708515600000000063e+02
5.935687021241470802e+02,4.708515600000000063e+02
5.936850852135623882e+02,4.708515600000000063e+02
5.938563038608849638e+02,4.708515600000000063e+02
6.785151399999999740e+02,2.278339799999999968e+02
5.941439055976228474e+02,4.951832299999999805e+02
5.942604153280494756e+02,4.951832299999999805e+02
5.944315073343606173e+02,4.951832299999999805e+02
5.944935887665199061e+02,4.951832299999999805e+02
5.947191090710985009e+02,4.951832299999999805e+02
5.948357454425364494e+02,4.951832299999999805e+02
5.950067108078362708e+02,4.951832299999999805e+02
5.949605525044092929e+02,4.951832299999999805e+02
5.952943125445741543e+02,4.951832299999999805e+02
5.954110755570234232e+02,4.951832299999999805e+02
5.955819142813120379e+02,4.951832299999999805e+02
5.956447558942732030e+02,4.951832299999999805e+02
5.958695160180498078e+02,4.951832299999999805e+02
5.959864056715105107e+02,4.951832299999999805e+02
5.961571177547876914e+02,4.951832299999999805e+02
5.958969550530035804e+02,4.951832299999999805e+02
5.964447194915254613e+02,4.951832299999999805e+02
5.965617357859974845e+02,4.951832299999999805e+02
5.967323212282633449e+02,4.951832299999999805e+02
5.967959230220264999e+02,4.951832299999999805e+02
5.970199229650012285e+02,3.340874000000000024e+02
5.971370659004844583e+02,3.340874000000000024e+02
5.973075247017389984e+02,3.340874000000000024e+02
5.972649170370372076e+02,3.340874000000000024e+02
5.975951264384768820e+02,4.121418499999999767e+02
5.977123960149715458e+02,4.121418499999999767e+02
5.978827281752146519e+02,4.121418499999999767e+02
5.979470901497797968e+02,4.121418499999999767e+02
5.981703299119525354e+02,4.121418499999999767e+02
5.982877261294585196e+02,4.121418499999999767e+02
5.984579316486904190e+02,4.121418499999999767e+02
6.796318999999999733e+02,1.995605500000000063e+02
5.987455333854281889e+02,4.121418499999999767e+02
5.988630562439454934e+02,4.121418499999999767e+02
5.990331351221660725e+02,4.121418499999999767e+02
5.990982572775330937e+02,4.121418499999999767e+02
5.993207368589038424e+02,4.121418499999999767e+02
5.994383863584325809e+02,4.121418499999999767e+02
5.996083385956417260e+02,4.121418499999999767e+02
5.995692815696650086e+02,4.121418499999999767e+02
5.998959403323796096e+02,4.121418499999999767e+02
6.000137164729195547e+02,4.121418499999999767e+02
6.001835420691173795e+02,4.121418499999999767e+02
6.002494244052863905e+02,4.121418499999999767e+02
6.004711438058552631e+02,4.121418499999999767e+02
6.005890465874065285e+02,4.121418499999999767e+02
6.007587455425930330e+02,4.121418499999999767e+02
6.005138267491166744e+02,4.121418499999999767e+02
6.010463472793309165e+02,4.121418499999999767e+02
6.011643767018936160e+02,4.121418499999999767e+02
6.013339490160688001e+02,4.121418499999999767e+02
6.014005915330396874e+02,4.121418499999999767e+02
6.016215507528065700e+02,4.121418499999999767e+02
6.017397068163805898e+02,4.121418499999999767e+02
6.019091524895444536e+02,4.121418499999999767e+02
6.018736461022929234e+02,4.121418499999999767e+02
6.021967542262822235e+02,4.121418499999999767e+02
6.023150369308675636e+02,4.121418499999999767e+02
6.024843559630201071e+02,4.121418499999999767e+02
6.025517586607929843e+02,4.121418499999999767e+02
6.027719576997579907e+02,4.121418499999999767e+02
6.028903670453545374e+02,4.121418499999999767e+02
6.030595594364957606e+02,4.121418499999999767e+02
6.819231999999999516e+02,1.680936299999999903e+02
6.033471611732336441e+02,3.854067400000000134e+02
6.034656971598416249e+02,3.854067400000000134e+02
6.036347629099714140e+02,3.854067400000000134e+02
6.037029257885462812e+02,3.854067400000000134e+02
6.039223646467092976e+02,3.854067400000000134e+02
6.040410272743285987e+02,3.854067400000000134e+02
6.042099663834471812e+02,3.854067400000000134e+02
6.041780106349207244e+02,3.854067400000000134e+02
6.044975681201849511e+02,3.854067400000000134e+02
6.046163573888155724e+02,3.854067400000000134e+02
6.047851698569228347e+02,3.854067400000000134e+02
6.048540929162995781e+02,3.854067400000000134e+02
6.050727715936606046e+02,3.854067400000000134e+02
6.051916875033026599e+02,3.854067400000000134e+02
6.053603733303984882e+02,3.854067400000000134e+02
6.051306984452297684e+02,3.854067400000000134e+02
6.056479750671363718e+02,3.854067400000000134e+02
6.057670176177896337e+02,3.854067400000000134e+02
6.059355768038741417e+02,3.854067400000000134e+02
6.060052600440528749e+02,3.854067400000000134e+02
6.062231785406120252e+02,3.854067400000000134e+02
6.063423477322766075e+02,3.854067400000000134e+02
6.065107802773499088e+02,3.854067400000000134e+02
6.064823751675486392e+02,3.854067400000000134e+02
6.067983820140876787e+02,3.854067400000000134e+02
6.069176778467636950e+02,3.854067400000000134e+02
6.070859837508255623e+02,3.854067400000000134e+02
6.071564271718061718e+02,3.854067400000000134e+02
6.073735854875633322e+02,3.854067400000000134e+02
6.074930079612506688e+02,3.854067400000000134e+02
6.076611872243012158e+02,3.854067400000000134e+02
6.833048999999999751e+02,1.430040300000000002e+02
6.079487889610390994e+02,5.248526600000000144e+02
6.080683380757376426e+02,5.248526600000000144e+02
6.082363906977768693e+02,5.248526600000000144e+02
6.083075942995595824e+02,5.248526600000000144e+02
6.085239924345147529e+02,5.248526600000000144e+02
6.086436681902247301e+02,5.248526600000000144e+02
6.088115941712525228e+02,5.248526600000000144e+02
6.087867397001765539e+02,5.248526600000000144e+02
6.090991959079904063e+02,5.248526600000000144e+02
6.092189983047117039e+02,5.248526600000000144e+02
6.093867976447282899e+02,5.248526600000000144e+02
6.094587614273128793e+02,5.248526600000000144e+02
6.096743993814660598e+02,5.248526600000000144e+02
6.097943284191986777e+02,5.248526600000000144e+02
6.099620011182039434e+02,5.248526600000000144e+02
6.097475701413428624e+02,5.248526600000000144e+02
6.102496028549417133e+02,2.784286000000000172e+02
6.103696585336857652e+02,2.784286000000000172e+02
6.105372045916795969e+02,2.784286000000000172e+02
6.106099285550661762e+02,2.784286000000000172e+02
6.108248063284174805e+02,2.784286000000000172e+02
6.109449886481727390e+02,2.784286000000000172e+02
6.111124080651552504e+02,2.784286000000000172e+02
6.110911042328043550e+02,2.784286000000000172e+02
6.114000098018931340e+02,2.784286000000000172e+02
6.115203187626597128e+02,2.784286000000000172e+02
6.116876115386309039e+02,2.784286000000000172e+02
6.117610956828194730e+02,2.784286000000000172e+02
6.119752132753687874e+02,2.784286000000000172e+02
6.120956488771468003e+02,2.784286000000000172e+02
6.122628150121066710e+02,2.784286000000000172e+02
6.812472500000000082e+02,1.349052700000000016e+02
6.125504167488444409e+02,2.784286000000000172e+02
6.126709789916337741e+02,2.784286000000000172e+02
6.128380184855823245e+02,2.784286000000000172e+02
6.129122628105727699e+02,2.784286000000000172e+02
6.131256202223200944e+02,2.784286000000000172e+02
6.132463091061207479e+02,2.784286000000000172e+02
6.134132219590579780e+02,2.784286000000000172e+02
6.133954687654322697e+02,2.784286000000000172e+02
6.137008236957958616e+02,2.784286000000000172e+02
6.138216392206078353e+02,2.784286000000000172e+02
6.139884254325336315e+02,2.784286000000000172e+02
6.140634299383260668e+02,2.784286000000000172e+02
6.142760271692715150e+02,2.784286000000000172e+02
6.143969693350948091e+02,2.784286000000000172e+02
6.145636289060092849e+02,2.784286000000000172e+02
6.143644418374559564e+02,2.784286000000000172e+02
6.148512306427471685e+02,2.784286000000000172e+02
6.149722994495817829e+02,2.784286000000000172e+02
6.151388323794850521e+02,2.784286000000000172e+02
6.152145970660793637e+02,2.784286000000000172e+02
6.154264341162228220e+02,2.784286000000000172e+02
6.155476295640688704e+02,2.784286000000000172e+02
6.157140358529607056e+02,2.784286000000000172e+02
6.156998332980600708e+02,2.784286000000000172e+02
6.160016375896984755e+02,2.784286000000000172e+02
6.161229596785558442e+02,2.784286000000000172e+02
6.162892393264363591e+02,2.784286000000000172e+02
6.163657641938326606e+02,2.784286000000000172e+02
6.165768410631742427e+02,2.784286000000000172e+02
6.166982897930428180e+02,2.784286000000000172e+02
6.168644427999120126e+02,2.784286000000000172e+02
6.786295000000000073e+02,1.340404000000000053e+02
6.171520445366498961e+02,3.631902000000000044e+02
6.172736199075299055e+02,3.631902000000000044e+02
6.174396462733876660e+02,3.631902000000000044e+02
6.175169313215859574e+02,3.631902000000000044e+02
6.177272480101255496e+02,3.631902000000000044e+02
6.178489500220168793e+02,3.631902000000000044e+02
6.180148497468634332e+02,3.631902000000000044e+02
6.180041978306879855e+02,3.631902000000000044e+02
6.183024514836012031e+02,3.631902000000000044e+02
6.184242801365038531e+02,3.631902000000000044e+02
6.185900532203390867e+02,3.631902000000000044e+02
6.186680984493392543e+02,3.631902000000000044e+02
6.188776549570768566e+02,3.631902000000000044e+02
6.189996102509908269e+02,3.631902000000000044e+02
6.191652566938147402e+02,3.631902000000000044e+02
6.189813135335689367e+02,3.631902000000000044e+02
6.194528584305526238e+02,3.631902000000000044e+02
6.195749403654779144e+02,3.631902000000000044e+02
6.197404601672903937e+02,3.631902000000000044e+02
6.198192655770925512e+02,3.631902000000000044e+02
6.200280619040282772e+02,3.631902000000000044e+02
6.201502704799648882e+02,3.631902000000000044e+02
6.203156636407660471e+02,3.631902000000000044e+02
6.203085623633157866e+02,3.631902000000000044e+02
6.206032653775039307e+02,3.631902000000000044e+02
6.207256005944518620e+02,3.631902000000000044e+02
6.208908671142418143e+02,3.631902000000000044e+02
6.209704327048458481e+02,3.631902000000000044e+02
6.211784688509795842e+02,3.631902000000000044e+02
6.213009307089389495e+02,3.631902000000000044e+02
6.214660705877174678e+02,3.631902000000000044e+02
6.737685000000000173e+02,1.390634799999999984e+02
6.217536723244552377e+02,3.631902000000000044e+02
6.218762608234259233e+02,3.631902000000000044e+02
6.220412740611931213e+02,3.631902000000000044e+02
6.221215998325991450e+02,3.631902000000000044e+02
6.223288757979310049e+02,3.631902000000000044e+02
6.224515909379128971e+02,3.631902000000000044e+02
6.226164775346687748e+02,3.631902000000000044e+02
6.226129268959437013e+02,3.631902000000000044e+02
6.229040792714066583e+02,3.631902000000000044e+02
6.230269210523999845e+02,3.631902000000000044e+02
6.231916810081444282e+02,3.631902000000000044e+02
6.232727669603524419e+02,3.631902000000000044e+02
6.234792827448823118e+02,3.631902000000000044e+02
6.236022511668869583e+02,3.631902000000000044e+02
6.237668844816201954e+02,3.631902000000000044e+02
6.235981852296820307e+02,3.631902000000000044e+02
6.240544862183579653e+02,5.450398999999999887e+02
6.241775812813739321e+02,5.450398999999999887e+02
6.243420879550958489e+02,5.450398999999999887e+02
6.244239340881057387e+02,5.450398999999999887e+02
6.246296896918336188e+02,5.450398999999999887e+02
6.247529113958610196e+02,5.450398999999999887e+02
6.249172914285715024e+02,5.450398999999999887e+02
6.249172914285716161e+02,5.450398999999999887e+02
6.252048931653093859e+02,5.450398999999999887e+02
6.253282415103479934e+02,5.450398999999999887e+02
6.254924949020471558e+02,5.450398999999999887e+02
6.255751012158590356e+02,5.450398999999999887e+02
6.257800966387850394e+02,5.450398999999999887e+02
6.259035716248349672e+02,5.450398999999999887e+02
6.260676983755229230e+02,5.450398999999999887e+02
6.507281000000000404e+02,1.797628200000000049e+02
6.263553001122606929e+02,2.272363300000000095e+02
6.264789017393220547e+02,2.272363300000000095e+02
6.266429018489985765e+02,2.272363300000000095e+02
6.267262683436123325e+02,2.272363300000000095e+02
6.269305035857363464e+02,2.272363300000000095e+02
6.270542318538090285e+02,2.272363300000000095e+02
6.272181053224742300e+02,2.272363300000000095e+02
6.272216559611994171e+02,2.272363300000000095e+02
6.275057070592121136e+02,2.272363300000000095e+02
6.276295619682960023e+02,2.272363300000000095e+02
6.277933087959498835e+02,2.272363300000000095e+02
6.278774354713657431e+02,2.272363300000000095e+02
6.280809105326877670e+02,2.272363300000000095e+02
6.282048920827830898e+02,2.272363300000000095e+02
6.283685122694255369e+02,2.272363300000000095e+02
6.282150569257951247e+02,2.272363300000000095e+02
6.286561140061634205e+02,2.272363300000000095e+02
6.287802221972700636e+02,2.272363300000000095e+02
6.289437157429013041e+02,2.272363300000000095e+02
6.290286025991190400e+02,2.272363300000000095e+02
6.292313174796390740e+02,2.272363300000000095e+02
6.293555523117570374e+02,2.272363300000000095e+02
6.295189192163769576e+02,2.272363300000000095e+02
6.295260204938273318e+02,2.272363300000000095e+02
6.298065209531147275e+02,2.272363300000000095e+02
6.299308824262441249e+02,2.272363300000000095e+02
6.300941226898526111e+02,2.272363300000000095e+02
6.301797697268723368e+02,2.272363300000000095e+02
6.303817244265904947e+02,2.272363300000000095e+02
6.305062125407310987e+02,2.272363300000000095e+02
6.306693261633282646e+02,2.272363300000000095e+02
6.297182999999999993e+02,2.272363300000000095e+02
6.309569279000661481e+02,2.272363300000000095e+02
6.310815426552180725e+02,2.272363300000000095e+02
6.312445296368039180e+02,2.272363300000000095e+02
6.313309368546256337e+02,2.272363300000000095e+02
6.315321313735418016e+02,2.272363300000000095e+02
6.316568727697051600e+02,2.272363300000000095e+02
6.318197331102796852e+02,2.272363300000000095e+02
6.318303850264551329e+02,2.272363300000000095e+02
6.321073348470174551e+02,2.272363300000000095e+02
6.322322028841921338e+02,2.272363300000000095e+02
6.323949365837553387e+02,2.272363300000000095e+02
6.324821039823789306e+02,2.272363300000000095e+02
6.326825383204931086e+02,2.272363300000000095e+02
6.328075329986791075e+02,2.272363300000000095e+02
6.329701400572309922e+02,2.272363300000000095e+02
6.328319286219082187e+02,2.272363300000000095e+02
6.332577417939688758e+02,2.272363300000000095e+02
6.333828631131660813e+02,2.272363300000000095e+02
6.335453435307066457e+02,2.272363300000000095e+02
6.336332711101322275e+02,2.272363300000000095e+02
6.338329452674445292e+02,2.272363300000000095e+02
6.339581932276531688e+02,2.272363300000000095e+02
6.341205470041822991e+02,2.272363300000000095e+02
6.341347495590830476e+02,2.272363300000000095e+02
6.344081487409201827e+02,2.272363300000000095e+02
6.345335233421401426e+02,2.272363300000000095e+02
6.346957504776580663e+02,2.272363300000000095e+02
6.347844382378855244e+02,2.272363300000000095e+02
6.349833522143958362e+02,2.272363300000000095e+02
6.351088534566271164e+02,2.272363300000000095e+02
6.352709539511337198e+02,2.272363300000000095e+02
6.110939300000000003e+02,2.784286000000000172e+02
6.355585556878714897e+02,3.320732399999999984e+02
6.356841835711142039e+02,3.320732399999999984e+02
6.358461574246093733e+02,3.320732399999999984e+02
6.359356053656388212e+02,3.320732399999999984e+02
6.361337591613472568e+02,3.320732399999999984e+02
6.362595136856011777e+02,3.320732399999999984e+02
6.364213608980850267e+02,3.320732399999999984e+02
6.364391140917108487e+02,3.320732399999999984e+02
6.367089626348229103e+02,3.320732399999999984e+02
6.368348438000881515e+02,3.320732399999999984e+02
6.369965643715606802e+02,3.320732399999999984e+02
6.370867724933921181e+02,3.320732399999999984e+02
6.372841661082985638e+02,3.320732399999999984e+02
6.374101739145752390e+02,3.320732399999999984e+02
6.375717678450364474e+02,3.320732399999999984e+02
6.374488003180213127e+02,3.320732399999999984e+02
6.378593695817742173e+02,3.320732399999999984e+02
6.379855040290622128e+02,3.320732399999999984e+02
6.381469713185121009e+02,3.320732399999999984e+02
6.382379396211454150e+02,3.320732399999999984e+02
6.384345730552498708e+02,3.320732399999999984e+02
6.385608341435491866e+02,3.320732399999999984e+02
6.387221747919877544e+02,3.320732399999999984e+02
6.387434786243387634e+02,3.320732399999999984e+02
6.390097765287256379e+02,3.320732399999999984e+02
6.391361642580362741e+02,3.320732399999999984e+02
6.392973782654634078e+02,3.320732399999999984e+02
6.393891067488987119e+02,3.320732399999999984e+02
6.395849800022012914e+02,3.320732399999999984e+02
6.397114943725232479e+02,3.320732399999999984e+02
6.398725817389390613e+02,3.320732399999999984e+02
5.972131000000000540e+02,3.340874000000000024e+02
6.401601834756769449e+02,3.320732399999999984e+02
6.402868244870102217e+02,3.320732399999999984e+02
6.404477852124148285e+02,3.320732399999999984e+02
6.405402738766520088e+02,3.320732399999999984e+02
6.407353869491525984e+02,3.320732399999999984e+02
6.408621546014973092e+02,3.320732399999999984e+02
6.410229886858904820e+02,3.320732399999999984e+02
6.410478431569666782e+02,3.320732399999999984e+02
6.413105904226282519e+02,3.320732399999999984e+02
6.414374847159842830e+02,3.320732399999999984e+02
6.415981921593661355e+02,3.320732399999999984e+02
6.416914410044053056e+02,3.320732399999999984e+02
6.418857938961040190e+02,3.320732399999999984e+02
6.420128148304712568e+02,3.320732399999999984e+02
6.421733956328417889e+02,3.320732399999999984e+02
6.420656720141344067e+02,3.320732399999999984e+02
6.424609973695796725e+02,3.320732399999999984e+02
6.425881449449583442e+02,3.320732399999999984e+02
6.427485991063174424e+02,3.320732399999999984e+02
6.428426081321586025e+02,3.320732399999999984e+02
6.430362008430553260e+02,3.320732399999999984e+02
6.431634750594453180e+02,3.320732399999999984e+02
6.433238025797932096e+02,3.320732399999999984e+02
6.433522076895944792e+02,3.320732399999999984e+02
6.436114043165309795e+02,3.320732399999999984e+02
6.437388051739322918e+02,3.320732399999999984e+02
6.438990060532688631e+02,3.320732399999999984e+02
6.439937752599118994e+02,3.320732399999999984e+02
6.441866077900066330e+02,3.320732399999999984e+02
6.443141352884193793e+02,3.320732399999999984e+02
6.444742095267445166e+02,3.320732399999999984e+02
5.871656000000000404e+02,3.879812000000000012e+02
6.447618112634824001e+02,1.797628200000000049e+02
6.448894654029063531e+02,1.797628200000000049e+02
6.450494130002201700e+02,1.797628200000000049e+02
6.451449423876653100e+02,1.797628200000000049e+02
6.453370147369580536e+02,1.797628200000000049e+02
6.454647955173933269e+02,1.797628200000000049e+02
6.456246164736959372e+02,1.797628200000000049e+02
6.456565722222223940e+02,1.797628200000000049e+02
6.459122182104337071e+02,1.797628200000000049e+02
6.460401256318804144e+02,1.797628200000000049e+02
6.461998199471715907e+02,1.797628200000000049e+02
6.462961095154186069e+02,1.797628200000000049e+02
6.464874216839093606e+02,1.797628200000000049e+02
6.466154557463673882e+02,1.797628200000000049e+02
6.467750234206472442e+02,1.797628200000000049e+02
6.466825437102473870e+02,1.797628200000000049e+02
6.470626251573851277e+02,1.797628200000000049e+02
6.471907858608543620e+02,1.797628200000000049e+02
6.473502268941228976e+02,1.797628200000000049e+02
6.474472766431719037e+02,1.797628200000000049e+02
6.476378286308607812e+02,1.797628200000000049e+02
6.477661159753413358e+02,1.797628200000000049e+02
6.479254303675985511e+02,1.797628200000000049e+02
6.479609367548501950e+02,1.797628200000000049e+02
6.482130321043364347e+02,1.797628200000000049e+02
6.483414460898284233e+02,1.797628200000000049e+02
6.485006338410743183e+02,1.797628200000000049e+02
6.485984437709252006e+02,1.797628200000000049e+02
6.487882355778120882e+02,1.797628200000000049e+02
6.489167762043153971e+02,1.797628200000000049e+02
6.490758373145499718e+02,1.797628200000000049e+02
5.846118999999999915e+02,4.338025000000000091e+02
6.493634390512877417e+02,1.797628200000000049e+02
6.494921063188023709e+02,1.797628200000000049e+02
6.496510407880256253e+02,1.797628200000000049e+02
6.497496108986784975e+02,1.797628200000000049e+02
6.499386425247635088e+02,1.797628200000000049e+02
6.500674364332894584e+02,1.797628200000000049e+02
6.502262442615012787e+02,1.797628200000000049e+02
6.502653012874781098e+02,1.797628200000000049e+02
6.505138459982391623e+02,1.797628200000000049e+02
6.506427665477764322e+02,1.797628200000000049e+02
6.508014477349769322e+02,1.797628200000000049e+02
6.509007780264317944e+02,1.797628200000000049e+02
6.510890494717148158e+02,1.797628200000000049e+02
6.512180966622634060e+02,1.797628200000000049e+02
6.513766512084526994e+02,1.797628200000000049e+02
6.512994154063604810e+02,1.797628200000000049e+02
6.516642529451904693e+02,1.797628200000000049e+02
6.517934267767504934e+02,1.797628200000000049e+02
6.519518546819283529e+02,1.797628200000000049e+02
6.520519451541850913e+02,1.797628200000000049e+02
6.522394564186661228e+02,1.797628200000000049e+02
6.523687568912374672e+02,1.797628200000000049e+02
6.525270581554040064e+02,1.797628200000000049e+02
6.525696658201059108e+02,1.797628200000000049e+02
6.528146598921418899e+02,1.797628200000000049e+02
6.529440870057244410e+02,1.797628200000000049e+02
6.531022616288796598e+02,1.797628200000000049e+02
6.532031122819383882e+02,1.797628200000000049e+02
6.533898633656175434e+02,1.797628200000000049e+02
6.535194171202115285e+02,1.797628200000000049e+02
6.536774651023553133e+02,1.797628200000000049e+02
5.892989000000000033e+02,4.708515600000000063e+02
6.539650668390931969e+02,5.777629399999999578e+02
6.540947472346985023e+02,5.777629399999999578e+02
6.542526685758310805e+02,5.777629399999999578e+02
6.543542794096916850e+02,5.777629399999999578e+02
6.545402703125688504e+02,5.777629399999999578e+02
6.546700773491854761e+02,5.777629399999999578e+02
6.548278720493067340e+02,5.777629399999999578e+02
6.548740303527338256e+02,5.777629399999999578e+02
6.551154737860445039e+02,5.777629399999999578e+02
6.552454074636725636e+02,5.777629399999999578e+02
6.554030755227823875e+02,5.777629399999999578e+02
6.555054465374449819e+02,5.777629399999999578e+02
6.556906772595202710e+02,5.777629399999999578e+02
6.558207375781595374e+02,5.777629399999999578e+02
6.559782789962580409e+02,5.777629399999999578e+02
6.559162871024735750e+02,5.777629399999999578e+02
6.562658807329959245e+02,5.777629399999999578e+02
6.563960676926465112e+02,5.777629399999999578e+02
6.565534824697336944e+02,5.777629399999999578e+02
6.566566136651982788e+02,5.777629399999999578e+02
6.568410842064715780e+02,5.777629399999999578e+02
6.569713978071335987e+02,5.777629399999999578e+02
6.571286859432094616e+02,5.777629399999999578e+02
6.571783948853617403e+02,5.777629399999999578e+02
6.574162876799472315e+02,5.777629399999999578e+02
6.575467279216205725e+02,5.777629399999999578e+02
6.577038894166851151e+02,5.777629399999999578e+02
6.578077807929515757e+02,5.777629399999999578e+02
6.579914911534228850e+02,5.777629399999999578e+02
6.581220580361075463e+02,5.777629399999999578e+02
6.582790928901607685e+02,5.777629399999999578e+02
5.964377399999999625e+02,4.951832299999999805e+02
6.585666946268986521e+02,5.777629399999999578e+02
6.586973881505946338e+02,5.777629399999999578e+02
6.588542963636364220e+02,5.777629399999999578e+02
6.589589479207048726e+02,5.777629399999999578e+02
6.591418981003743056e+02,5.777629399999999578e+02
6.592727182650816076e+02,5.777629399999999578e+02
6.594294998371120755e+02,5.777629399999999578e+02
6.594827594179895414e+02,5.777629399999999578e+02
6.597171015738499591e+02,5.777629399999999578e+02
6.598480483795685814e+02,5.777629399999999578e+02
6.600047033105878427e+02,5.777629399999999578e+02
6.601101150484581694e+02,5.777629399999999578e+02
6.602923050473256126e+02,5.777629399999999578e+02
6.604233784940556689e+02,5.777629399999999578e+02
6.605799067840634962e+02,5.777629399999999578e+02
6.605331587985866690e+02,5.777629399999999578e+02
6.608675085208012661e+02,2.883878199999999765e+02
6.609987086085426427e+02,2.883878199999999765e+02
6.611551102575391496e+02,2.883878199999999765e+02
6.612612821762114663e+02,2.883878199999999765e+02
6.614427119942770332e+02,2.883878199999999765e+02
6.615740387230296164e+02,2.883878199999999765e+02
6.617303137310148031e+02,2.883878199999999765e+02
6.617871239506174561e+02,2.883878199999999765e+02
6.620179154677526867e+02,2.883878199999999765e+02
6.621493688375165902e+02,2.883878199999999765e+02
6.623055172044904566e+02,2.883878199999999765e+02
6.624124493039647632e+02,2.883878199999999765e+02
6.625931189412283402e+02,2.883878199999999765e+02
6.627246989520036777e+02,2.883878199999999765e+02
6.628807206779662238e+02,2.883878199999999765e+02
6.092784000000000333e+02,5.248526600000000144e+02
6.631683224147039937e+02,2.883878199999999765e+02
6.633000290664906515e+02,2.883878199999999765e+02
6.634559241514418773e+02,2.883878199999999765e+02
6.635636164317180601e+02,2.883878199999999765e+02
6.637435258881797608e+02,2.883878199999999765e+02
6.638753591809776253e+02,2.883878199999999765e+02
6.640311276249175307e+02,2.883878199999999765e+02
6.640914884832452572e+02,2.883878199999999765e+02
6.643187293616554143e+02,2.883878199999999765e+02
6.644506892954647128e+02,2.883878199999999765e+02
6.646063310983931842e+02,2.883878199999999765e+02
6.647147835594714707e+02,2.883878199999999765e+02
6.648939328351310678e+02,2.883878199999999765e+02
6.650260194099516866e+02,2.883878199999999765e+02
6.651815345718689514e+02,2.883878199999999765e+02
6.651500304946997630e+02,2.883878199999999765e+02
6.654691363086067213e+02,2.883878199999999765e+02
6.656013495244386604e+02,2.883878199999999765e+02
6.657567380453446049e+02,2.883878199999999765e+02
6.658659506872247675e+02,2.883878199999999765e+02
6.660443397820823748e+02,2.883878199999999765e+02
6.661766796389257479e+02,2.883878199999999765e+02
6.663319415188202584e+02,2.883878199999999765e+02
6.663958530158731719e+02,2.883878199999999765e+02
6.666195432555581419e+02,2.883878199999999765e+02
6.667520097534127217e+02,2.883878199999999765e+02
6.669071449922959118e+02,2.883878199999999765e+02
6.670171178149780644e+02,2.883878199999999765e+02
6.671947467290337954e+02,2.883878199999999765e+02
6.673273398678996955e+02,2.883878199999999765e+02
6.674823484657715653e+02,2.883878199999999765e+02
6.244710999999999785e+02,5.450398999999999887e+02
6.677699502025094489e+02,2.566357399999999984e+02
6.679026699823867830e+02,2.566357399999999984e+02
6.680575519392473325e+02,2.566357399999999984e+02
6.681682849427313613e+02,2.566357399999999984e+02
6.683451536759851024e+02,2.566357399999999984e+02
6.684780000968737568e+02,2.566357399999999984e+02
6.686327554127229860e+02,2.566357399999999984e+02
6.687002175485009730e+02,2.566357399999999984e+02
6.689203571494607559e+02,2.566357399999999984e+02
6.690533302113607306e+02,2.566357399999999984e+02
6.692079588861986394e+02,2.566357399999999984e+02
6.693194520704846582e+02,2.566357399999999984e+02
6.694955606229365230e+02,2.566357399999999984e+02
6.696286603258478181e+02,2.566357399999999984e+02
6.697831623596742929e+02,2.566357399999999984e+02
6.697669021908127434e+02,2.566357399999999984e+02
6.700707640964121765e+02,2.566357399999999984e+02
6.702039904403347919e+02,2.566357399999999984e+02
6.703583658331499464e+02,2.566357399999999984e+02
6.704706191982379551e+02,2.566357399999999984e+02
6.706459675698878300e+02,2.566357399999999984e+02
6.707793205548217657e+02,2.566357399999999984e+02
6.709335693066257136e+02,2.566357399999999984e+02
6.710045820811288877e+02,2.566357399999999984e+02
6.712211710433634835e+02,2.566357399999999984e+02
6.713546506693088531e+02,2.566357399999999984e+02
6.715087727801013671e+02,2.566357399999999984e+02
6.716217863259912519e+02,2.566357399999999984e+02
6.717963745168391370e+02,2.566357399999999984e+02
6.719299807837958269e+02,2.566357399999999984e+02
6.720839762535770205e+02,2.566357399999999984e+02
6.587070300000000316e+02,5.777629399999999578e+02
6.723715779903149041e+02,2.566357399999999984e+02
6.725053108982828007e+02,2.566357399999999984e+02
6.726591797270526740e+02,2.566357399999999984e+02
6.727729534537445488e+02,2.566357399999999984e+02
6.729467814637905576e+02,1.390634799999999984e+02
6.730806410127698882e+02,1.390634799999999984e+02
6.732343832005283275e+02,1.390634799999999984e+02
6.733089466137568024e+02,1.390634799999999984e+02
6.735219849372662111e+02,1.390634799999999984e+02
6.736559711272568620e+02,1.390634799999999984e+02
6.738095866740040947e+02,1.390634799999999984e+02
6.739241205814978457e+02,1.390634799999999984e+02
6.740971884107418646e+02,1.390634799999999984e+02
6.742313012417438358e+02,1.390634799999999984e+02
6.743847901474797482e+02,1.390634799999999984e+02
6.743837738869258374e+02,1.390634799999999984e+02
6.746723918842175181e+02,1.390634799999999984e+02
6.748066313562309233e+02,1.390634799999999984e+02
6.749599936209554016e+02,1.390634799999999984e+02
6.750752877092511426e+02,1.390634799999999984e+02
6.752475953576932852e+02,1.390634799999999984e+02
6.753819614707178971e+02,1.390634799999999984e+02
6.755351970944310551e+02,1.390634799999999984e+02
6.756133111463846035e+02,1.390634799999999984e+02
6.758227988311689387e+02,1.390634799999999984e+02
6.759572915852048709e+02,1.390634799999999984e+02
6.761104005679067086e+02,1.390634799999999984e+02
6.762264548370044395e+02,1.390634799999999984e+02
6.763980023046445922e+02,1.390634799999999984e+02
6.765326216996918447e+02,1.390634799999999984e+02
6.766856040413824758e+02,1.390634799999999984e+02
6.832554300000000467e+02,5.845114999999999554e+02
6.769732057781202457e+02,2.278339799999999968e+02
6.771079518141789322e+02,2.278339799999999968e+02
6.772608075148581293e+02,2.278339799999999968e+02
6.773776219647577364e+02,2.278339799999999968e+02
6.775484092515958991e+02,2.278339799999999968e+02
6.776832819286659060e+02,2.278339799999999968e+02
6.778360109883337827e+02,2.278339799999999968e+02
6.779176756790125182e+02,2.278339799999999968e+02
6.781236127250716663e+02,2.278339799999999968e+02
6.782586120431528798e+02,2.278339799999999968e+02
6.784112144618094362e+02,2.278339799999999968e+02
6.785287890925110332e+02,2.278339799999999968e+02
6.786988161985473198e+02,1.340404000000000053e+02
6.788339421576399673e+02,1.340404000000000053e+02
6.789864179352850897e+02,1.340404000000000053e+02
6.790006455830389314e+02,1.340404000000000053e+02
6.792740196720229733e+02,1.995605500000000063e+02
6.794092722721269411e+02,1.995605500000000063e+02
6.795616214087608569e+02,1.995605500000000063e+02
6.796799562202643301e+02,1.995605500000000063e+02
6.798492231454986268e+02,1.995605500000000063e+02
6.799846023866139149e+02,1.995605500000000063e+02
6.801368248822365103e+02,1.995605500000000063e+02
6.802220402116403193e+02,1.995605500000000063e+02
6.804244266189742802e+02,1.349052700000000016e+02
6.805599325011010023e+02,1.349052700000000016e+02
6.807120283557121638e+02,1.349052700000000016e+02
6.808311233480176270e+02,1.349052700000000016e+02
6.809996300924500474e+02,1.349052700000000016e+02
6.811352626155879761e+02,1.349052700000000016e+02
6.812872318291878173e+02,1.349052700000000016e+02
6.832554300000000467e+02,5.845114999999999554e+02
6.815748335659257009e+02,1.680936299999999903e+02
6.817105927300749499e+02,1.680936299999999903e+02
6.818624353026634708e+02,1.680936299999999903e+02
6.819822904757710376e+02,1.680936299999999903e+02
6.821500370394013544e+02,1.680936299999999903e+02
6.822859228445620374e+02,1.680936299999999903e+02
6.824376387761392380e+02,1.680936299999999903e+02
6.825264047442682340e+02,1.680936299999999903e+02
6.827252405128770079e+02,5.845114999999999554e+02
6.828612529590490112e+02,5.845114999999999554e+02
6.830128422496148914e+02,5.845114999999999554e+02
6.831334576035243344e+02,5.845114999999999554e+02
6.833004439863527750e+02,1.430040300000000002e+02
6.834365830735359850e+02,1.430040300000000002e+02
6.835880457230905449e+02,1.430040300000000002e+02
6.836175172791520254e+02,1.430040300000000002e+02
6.838756474598284285e+02,1.430040300000000002e+02
6.840119131880230725e+02,1.430040300000000002e+02
6.841632491965661984e+02,1.430040300000000002e+02
6.842846247312776313e+02,1.430040300000000002e+02
6.844508509333040820e+02,1.430040300000000002e+02
6.845872433025100463e+02,1.430040300000000002e+02
6.847384526700419656e+02,1.430040300000000002e+02
6.848307692768960351e+02,1.430040300000000002e+02
6.850260544067797355e+02,1.430040300000000002e+02
6.851625734169970201e+02,1.430040300000000002e+02
6.853136561435176191e+02,1.430040300000000002e+02
6.854357918590309282e+02,1.430040300000000002e+02
6.856012578802553890e+02,1.430040300000000002e+02
6.857379035314841076e+02,1.430040300000000002e+02
6.858888596169932725e+02,1.430040300000000002e+02
7.977181399999999485e+02,3.686052199999999743e+02
6.861764613537311561e+02,1.430040300000000002e+02
6.863132336459710814e+02,1.430040300000000002e+02
6.864640630904689260e+02,1.430040300000000002e+02
6.865869589867842251e+02,1.430040300000000002e+02
6.867516648272068096e+02,1.430040300000000002e+02
6.868885637604580552e+02,1.430040300000000002e+02
6.870392665639445795e+02,1.430040300000000002e+02
6.871351338095239498e+02,1.430040300000000002e+02
6.873268683006824631e+02,1.430040300000000002e+02
6.874638938749451427e+02,1.430040300000000002e+02
6.876144700374203467e+02,1.430040300000000002e+02
6.877381261145375220e+02,1.430040300000000002e+02
6.879020717741581166e+02,1.430040300000000002e+02
6.880392239894321165e+02,1.430040300000000002e+02
6.881896735108960002e+02,1.430040300000000002e+02
6.882343889752651194e+02,1.430040300000000002e+02
6.884772752476337701e+02,1.430040300000000002e+02
6.886145541039190903e+02,1.430040300000000002e+02
6.887648769843716536e+02,1.430040300000000002e+02
6.888892932422908189e+02,1.430040300000000002e+02
6.890524787211095372e+02,1.430040300000000002e+02
6.891898842184061778e+02,1.430040300000000002e+02
6.893400804578473071e+02,1.430040300000000002e+02
6.894394983421518646e+02,1.430040300000000002e+02
6.896276821945851907e+02,1.430040300000000002e+02
6.897652143328931515e+02,1.430040300000000002e+02
6.899152839313229606e+02,1.430040300000000002e+02
6.900404603700441157e+02,1.430040300000000002e+02
6.902028856680608442e+02,1.430040300000000002e+02
6.903405444473801253e+02,1.430040300000000002e+02
6.904904874047987278e+02,1.430040300000000002e+02
7.801336000000000013e+02,3.801213399999999751e+02
6.907780891415364977e+02,1.430040300000000002e+02
6.909158745618670991e+02,1.430040300000000002e+02
6.910656908782743812e+02,1.430040300000000002e+02
6.911916274977974126e+02,1.430040300000000002e+02
6.913532926150121511e+02,1.430040300000000002e+02
6.914912046763541866e+02,1.430040300000000002e+02
6.916408943517500347e+02,1.430040300000000002e+02
6.917438628747796656e+02,1.430040300000000002e+02
6.919284960884879183e+02,1.430040300000000002e+02
6.920665347908411604e+02,1.430040300000000002e+02
6.922160978252256882e+02,1.430040300000000002e+02
6.923427946255507095e+02,1.430040300000000002e+02
6.925036995619635718e+02,1.430040300000000002e+02
6.926418649053281342e+02,1.430040300000000002e+02
6.927913012987013417e+02,1.430040300000000002e+02
6.928512606713782134e+02,1.430040300000000002e+02
6.930789030354392253e+02,1.430040300000000002e+02
6.932171950198152217e+02,1.430040300000000002e+02
6.933665047721771089e+02,1.430040300000000002e+02
6.934939617533040064e+02,1.430040300000000002e+02
6.936541065089148788e+02,1.430040300000000002e+02
6.937925251343021955e+02,1.430040300000000002e+02
6.939417082456527623e+02,1.430040300000000002e+02
6.940482274074075804e+02,1.430040300000000002e+02
6.942293099823905322e+02,1.430040300000000002e+02
6.943678552487891693e+02,1.430040300000000002e+02
6.945169117191284158e+02,1.430040300000000002e+02
6.946451288810573033e+02,1.430040300000000002e+02
6.948045134558662994e+02,1.430040300000000002e+02
6.949431853632762568e+02,1.430040300000000002e+02
6.950921151926040693e+02,1.430040300000000002e+02
7.582178999999999860e+02,3.988283700000000067e+02
6.953797169293419529e+02,5.293857400000000553e+02
6.955185154777632306e+02,5.293857400000000553e+02
6.956673186660797228e+02,5.293857400000000553e+02
6.957962960088106001e+02,5.293857400000000553e+02
6.959549204028176064e+02,5.293857400000000553e+02
6.960938455922502044e+02,5.293857400000000553e+02
6.962425221395554900e+02,5.293857400000000553e+02
6.963525919400353814e+02,5.293857400000000553e+02
6.965301238762932599e+02,5.293857400000000553e+02
6.966691757067372919e+02,5.293857400000000553e+02
6.968177256130311434e+02,5.293857400000000553e+02
6.969474631365638970e+02,5.293857400000000553e+02
6.971053273497689133e+02,5.293857400000000553e+02
6.972445058212242657e+02,5.293857400000000553e+02
6.973929290865067969e+02,5.293857400000000553e+02
6.974681323674911937e+02,5.293857400000000553e+02
6.976805308232446805e+02,5.293857400000000553e+02
6.978198359357112395e+02,5.293857400000000553e+02
6.979681325599824504e+02,5.293857400000000553e+02
6.980986302643171939e+02,5.293857400000000553e+02
6.982557342967203340e+02,5.293857400000000553e+02
6.983951660501983270e+02,5.293857400000000553e+02
6.985433360334581039e+02,5.293857400000000553e+02
6.986569564726632962e+02,5.293857400000000553e+02
6.988309377701959875e+02,5.293857400000000553e+02
6.989704961646853008e+02,5.293857400000000553e+02
6.991185395069338711e+02,5.293857400000000553e+02
6.992497973920704908e+02,5.293857400000000553e+02
6.994061412436716410e+02,5.293857400000000553e+02
6.995458262791722746e+02,5.293857400000000553e+02
6.996937429804095245e+02,5.293857400000000553e+02
7.390108599999999797e+02,4.247554999999999836e+02
6.999813447171472944e+02,5.293857400000000553e+02
7.001211563936593620e+02,5.293857400000000553e+02
7.002689464538851780e+02,5.293857400000000553e+02
7.004009645198237877e+02,5.293857400000000553e+02
7.005565481906230616e+02,5.293857400000000553e+02
7.006964865081463358e+02,5.293857400000000553e+02
7.008441499273608315e+02,5.293857400000000553e+02
7.009613210052910972e+02,5.293857400000000553e+02
7.011317516640987151e+02,5.293857400000000553e+02
7.012718166226333096e+02,5.293857400000000553e+02
7.014193534008364850e+02,5.293857400000000553e+02
7.015521316475771982e+02,5.293857400000000553e+02
7.017069551375743686e+02,5.293857400000000553e+02
7.018471467371203971e+02,5.293857400000000553e+02
7.019945568743122521e+02,5.293857400000000553e+02
7.020850040636042877e+02,5.293857400000000553e+02
7.022821586110500220e+02,5.293857400000000553e+02
7.024224768516073709e+02,5.293857400000000553e+02
7.025697603477879056e+02,5.293857400000000553e+02
7.027032987753304951e+02,5.293857400000000553e+02
7.028573620845257892e+02,5.293857400000000553e+02
7.029978069660943447e+02,5.293857400000000553e+02
7.031449638212635591e+02,5.293857400000000553e+02
7.032656855379190119e+02,5.293857400000000553e+02
7.034325655580014427e+02,5.293857400000000553e+02
7.035731370805814322e+02,5.293857400000000553e+02
7.037201672947392126e+02,5.293857400000000553e+02
7.038544659030837920e+02,5.293857400000000553e+02
7.040077690314770962e+02,5.293857400000000553e+02
7.041484671950684060e+02,5.293857400000000553e+02
7.042953707682149798e+02,5.293857400000000553e+02
7.147858999999999696e+02,4.737363300000000095e+02
7.045829725049527497e+02,5.293857400000000553e+02
7.047237973095553798e+02,5.293857400000000553e+02
7.048705742416906332e+02,5.293857400000000553e+02
7.050056330308370889e+02,5.293857400000000553e+02
7.051581759784284031e+02,5.293857400000000553e+02
7.052991274240424673e+02,5.293857400000000553e+02
7.054457777151662867e+02,5.293857400000000553e+02
7.055700500705469267e+02,5.293857400000000553e+02
7.057333794519041703e+02,5.293857400000000553e+02
7.058744575385294411e+02,5.293857400000000553e+02
7.060209811886419402e+02,5.293857400000000553e+02
7.061568001585903858e+02,5.293857400000000553e+02
7.063085829253798238e+02,5.293857400000000553e+02
7.064497876530164149e+02,5.293857400000000553e+02
7.065961846621175937e+02,5.293857400000000553e+02
7.067018757597173817e+02,5.293857400000000553e+02
7.068837863988554773e+02,5.293857400000000553e+02
7.070251177675033887e+02,5.293857400000000553e+02
7.071713881355933609e+02,5.293857400000000553e+02
7.073079672863436826e+02,5.293857400000000553e+02
7.074589898723311308e+02,5.293857400000000553e+02
7.076004478819904762e+02,5.293857400000000553e+02
7.077465916090690143e+02,5.293857400000000553e+02
7.078744146031747277e+02,5.293857400000000553e+02
7.080341933458067842e+02,5.293857400000000553e+02
7.081757779964774500e+02,5.293857400000000553e+02
7.083217950825446678e+02,5.293857400000000553e+02
7.084591344140969795e+02,5.293857400000000553e+02
7.086093968192825514e+02,5.293857400000000553e+02
7.087511081109644238e+02,5.293857400000000553e+02
7.088969985560203213e+02,5.293857400000000553e+02
7.099451999999999998e+02,4.990455299999999852e+02
7.091846002927582049e+02,5.293857400000000553e+02
7.093264382254515112e+02,5.293857400000000553e+02
7.094722020294959748e+02,5.293857400000000553e+02
7.096103015418502764e+02,5.293857400000000553e+02
7.097598037662338584e+02,5.293857400000000553e+02
7.099017683399384850e+02,5.293857400000000553e+02
7.100474055029717420e+02,4.990455299999999852e+02
7.101787791358026425e+02,4.990455299999999852e+02
7.103350072397095119e+02,4.990455299999999852e+02
7.104770984544254588e+02,4.990455299999999852e+02
7.106226089764473954e+02,4.990455299999999852e+02
7.107614686696035733e+02,4.990455299999999852e+02
7.109102107131851653e+02,4.990455299999999852e+02
7.110524285689125463e+02,4.990455299999999852e+02
7.111978124499230489e+02,4.990455299999999852e+02
7.113187474558304757e+02,4.990455299999999852e+02
7.114854141866609325e+02,5.431466000000000349e+02
7.116277586833995201e+02,5.431466000000000349e+02
7.117730159233987024e+02,5.431466000000000349e+02
7.119126357973568702e+02,5.431466000000000349e+02
7.120606176601365860e+02,5.431466000000000349e+02
7.122030887978864939e+02,5.431466000000000349e+02
7.123482193968743559e+02,5.431466000000000349e+02
7.124831436684304435e+02,5.431466000000000349e+02
7.126358211336122395e+02,5.431466000000000349e+02
7.127784189123735814e+02,5.431466000000000349e+02
7.129234228703501230e+02,5.431466000000000349e+02
7.130638029251101671e+02,5.431466000000000349e+02
7.132110246070878929e+02,5.431466000000000349e+02
7.133537490268605552e+02,5.431466000000000349e+02
7.134986263438257765e+02,5.431466000000000349e+02
7.099329000000000178e+02,5.293857400000000553e+02
7.137862280805635464e+02,4.737363300000000095e+02
7.139290791413475290e+02,4.737363300000000095e+02
7.140738298173014300e+02,4.737363300000000095e+02
7.142149700528634639e+02,4.737363300000000095e+02
7.143614315540393136e+02,4.737363300000000095e+02
7.145044092558346165e+02,4.737363300000000095e+02
7.146490332907770835e+02,4.737363300000000095e+02
7.147875082010583583e+02,4.737363300000000095e+02
7.149366350275149671e+02,4.737363300000000095e+02
7.150797393703215903e+02,4.737363300000000095e+02
7.152242367642527370e+02,4.737363300000000095e+02
7.153661371806167608e+02,4.737363300000000095e+02
7.155118385009906206e+02,4.737363300000000095e+02
7.156550694848085641e+02,4.737363300000000095e+02
7.157994402377285041e+02,4.737363300000000095e+02
7.159356191519435697e+02,4.737363300000000095e+02
7.160870419744662740e+02,4.737363300000000095e+02
7.162303995992956516e+02,4.737363300000000095e+02
7.163746437112041576e+02,4.737363300000000095e+02
7.165173043083700577e+02,4.737363300000000095e+02
7.166622454479419275e+02,4.737363300000000095e+02
7.168057297137826254e+02,4.737363300000000095e+02
7.169498471846798111e+02,4.737363300000000095e+02
7.170918727336862730e+02,4.737363300000000095e+02
7.172374489214176947e+02,4.737363300000000095e+02
7.173810598282695992e+02,4.737363300000000095e+02
7.175250506581554646e+02,4.737363300000000095e+02
7.176684714361233546e+02,4.737363300000000095e+02
7.178126523948933482e+02,4.737363300000000095e+02
7.179563899427566867e+02,4.737363300000000095e+02
7.181002541316311181e+02,4.737363300000000095e+02
7.134676500000000487e+02,5.431466000000000349e+02
7.183878558683690017e+02,5.524709500000000162e+02
7.185317200572436604e+02,5.524709500000000162e+02
7.186754576051068852e+02,5.524709500000000162e+02
7.188196385638767651e+02,5.524709500000000162e+02
7.189630593418446551e+02,5.524709500000000162e+02
7.191070501717306342e+02,5.524709500000000162e+02
7.192506610785825387e+02,5.524709500000000162e+02
7.193962372663140741e+02,5.524709500000000162e+02
7.195382628153203086e+02,5.524709500000000162e+02
7.196823802862177217e+02,5.524709500000000162e+02
7.198258645520581922e+02,5.524709500000000162e+02
7.199708056916300620e+02,5.524709500000000162e+02
7.201134662887960758e+02,5.524709500000000162e+02
7.202577104007046955e+02,5.524709500000000162e+02
7.204010680255338457e+02,5.524709500000000162e+02
7.205524908480566637e+02,5.524709500000000162e+02
7.206886697622717293e+02,5.524709500000000162e+02
7.208330405151916693e+02,5.524709500000000162e+02
7.209762714990096129e+02,5.524709500000000162e+02
7.211219728193833589e+02,5.524709500000000162e+02
7.212638732357473828e+02,5.524709500000000162e+02
7.214083706296786431e+02,5.524709500000000162e+02
7.215514749724852663e+02,5.524709500000000162e+02
7.217006017989419888e+02,5.524709500000000162e+02
7.218390767092230362e+02,5.524709500000000162e+02
7.219837007441657306e+02,5.524709500000000162e+02
7.221266784459609198e+02,5.524709500000000162e+02
7.222731399471366558e+02,5.524709500000000162e+02
7.224142801826988034e+02,5.524709500000000162e+02
7.225590308586527044e+02,5.524709500000000162e+02
7.227018819194365733e+02,5.524709500000000162e+02
7.204371300000000247e+02,5.524709500000000162e+02
7.229894836561744569e+02,5.524709500000000162e+02
7.231343609731396782e+02,5.524709500000000162e+02
7.232770853929122268e+02,5.524709500000000162e+02
7.234243070748899527e+02,5.524709500000000162e+02
7.235646871296501104e+02,5.524709500000000162e+02
7.237096910876267657e+02,5.524709500000000162e+02
7.238522888663879939e+02,5.524709500000000162e+02
7.240049663315697899e+02,5.524709500000000162e+02
7.241398906031257638e+02,5.524709500000000162e+02
7.242850212021137395e+02,5.524709500000000162e+02
7.244274923398636474e+02,5.524709500000000162e+02
7.245754742026432496e+02,5.524709500000000162e+02
7.247150940766014173e+02,5.524709500000000162e+02
7.248603513166007133e+02,5.524709500000000162e+02
7.250026958133393009e+02,5.524709500000000162e+02
7.251693625441696440e+02,5.524709500000000162e+02
7.252902975500771845e+02,5.524709500000000162e+02
7.254356814310878008e+02,5.524709500000000162e+02
7.255778992868149544e+02,5.524709500000000162e+02
7.257266413303965464e+02,5.524709500000000162e+02
7.258655010235528380e+02,5.524709500000000162e+02
7.260110115455747746e+02,5.524709500000000162e+02
7.261531027602906079e+02,5.524709500000000162e+02
7.263093308641977046e+02,5.524709500000000162e+02
7.264407044970284915e+02,5.524709500000000162e+02
7.265863416600617484e+02,5.524709500000000162e+02
7.267283062337663750e+02,5.524709500000000162e+02
7.268778084581498433e+02,5.524709500000000162e+02
7.270159079705041449e+02,5.524709500000000162e+02
7.271616717745488359e+02,5.524709500000000162e+02
7.273035097072420285e+02,5.524709500000000162e+02
7.341697000000000344e+02,5.602211999999999534e+02
7.275911114439797984e+02,5.602211999999999534e+02
7.277370018890358097e+02,5.602211999999999534e+02
7.278787131807176820e+02,5.602211999999999534e+02
7.280289755859031402e+02,5.602211999999999534e+02
7.281663149174555656e+02,5.602211999999999534e+02
7.283123320035227835e+02,5.602211999999999534e+02
7.284539166541933355e+02,5.602211999999999534e+02
7.286136953968255057e+02,5.602211999999999534e+02
7.287415183909312191e+02,5.602211999999999534e+02
7.288876621180098709e+02,5.602211999999999534e+02
7.290291201276689890e+02,5.602211999999999534e+02
7.291801427136564371e+02,5.602211999999999534e+02
7.293167218644068726e+02,5.602211999999999534e+02
7.294629922324968447e+02,5.602211999999999534e+02
7.296043236011447561e+02,5.602211999999999534e+02
7.297862342402827380e+02,5.602211999999999534e+02
7.298919253378825260e+02,5.602211999999999534e+02
7.300383223469838185e+02,5.602211999999999534e+02
7.301795270746204096e+02,5.602211999999999534e+02
7.303313098414097340e+02,5.602211999999999534e+02
7.304671288113581795e+02,5.602211999999999534e+02
7.306136524614709060e+02,5.602211999999999534e+02
7.307547305480960631e+02,5.602211999999999534e+02
7.309180599294534204e+02,5.602211999999999534e+02
7.310423322848339467e+02,5.602211999999999534e+02
7.311889825759578798e+02,5.602211999999999534e+02
7.313299340215717166e+02,5.602211999999999534e+02
7.314824769691630308e+02,5.602211999999999534e+02
7.316175357583096002e+02,5.602211999999999534e+02
7.317643126904448536e+02,5.602211999999999534e+02
7.319051374950473701e+02,5.602211999999999534e+02
7.533301999999999907e+02,5.596996000000000322e+02
7.321927392317852537e+02,5.602211999999999534e+02
7.323396428049319411e+02,5.602211999999999534e+02
7.324803409685231372e+02,5.602211999999999534e+02
7.326336440969163277e+02,5.602211999999999534e+02
7.327679427052609071e+02,5.602211999999999534e+02
7.329149729194189149e+02,5.602211999999999534e+02
7.330555444419987907e+02,5.602211999999999534e+02
7.332224244620813352e+02,5.602211999999999534e+02
7.333431461787365606e+02,5.602211999999999534e+02
7.334903030339058887e+02,5.602211999999999534e+02
7.336307479154744442e+02,5.602211999999999534e+02
7.337848112246696246e+02,5.602211999999999534e+02
7.339183496522123278e+02,5.602211999999999534e+02
7.340656331483929762e+02,5.602211999999999534e+02
7.342059513889500977e+02,5.602211999999999534e+02
7.344031059363958320e+02,5.602211999999999534e+02
7.344935531256879813e+02,5.602211999999999534e+02
7.346409632628799500e+02,5.602211999999999534e+02
7.347811548624257512e+02,5.602211999999999534e+02
7.349359783524229215e+02,5.602211999999999534e+02
7.350687565991636347e+02,5.602211999999999534e+02
7.352162933773669238e+02,5.602211999999999534e+02
7.353563583359015183e+02,5.602211999999999534e+02
7.355267889947091362e+02,5.602211999999999534e+02
7.356439600726392882e+02,5.602211999999999534e+02
7.357916234918538976e+02,5.602211999999999534e+02
7.359315618093771718e+02,5.602211999999999534e+02
7.360871454801762184e+02,5.602211999999999534e+02
7.362191635461149417e+02,5.602211999999999534e+02
7.363669536063409851e+02,5.602211999999999534e+02
7.365067652828528253e+02,5.602211999999999534e+02
7.735440999999999576e+02,5.470371000000000095e+02
7.367943670195907089e+02,4.247554999999999836e+02
7.369422837208279589e+02,4.247554999999999836e+02
7.370819687563284788e+02,4.247554999999999836e+02
7.372383126079295153e+02,4.247554999999999836e+02
7.373695704930663624e+02,4.247554999999999836e+02
7.375176138353149327e+02,4.247554999999999836e+02
7.376571722298041323e+02,4.247554999999999836e+02
7.378311535273370509e+02,4.247554999999999836e+02
7.379447739665420158e+02,4.247554999999999836e+02
7.380929439498020201e+02,4.247554999999999836e+02
7.382323757032798994e+02,4.247554999999999836e+02
7.383894797356829258e+02,4.247554999999999836e+02
7.385199774400176693e+02,4.247554999999999836e+02
7.386682740642889939e+02,4.247554999999999836e+02
7.388075791767555529e+02,4.247554999999999836e+02
7.390199776325089260e+02,4.247554999999999836e+02
7.390951809134933228e+02,4.247554999999999836e+02
7.392436041787759677e+02,4.247554999999999836e+02
7.393827826502312064e+02,4.247554999999999836e+02
7.395406468634362227e+02,4.247554999999999836e+02
7.396703843869690900e+02,4.247554999999999836e+02
7.398189342932630552e+02,4.247554999999999836e+02
7.399579861237068599e+02,4.247554999999999836e+02
7.401355180599648520e+02,4.247554999999999836e+02
7.402455878604447435e+02,4.247554999999999836e+02
7.403942644077500290e+02,4.247554999999999836e+02
7.405331895971826270e+02,4.247554999999999836e+02
7.406918139911895196e+02,4.247554999999999836e+02
7.408207913339203969e+02,4.247554999999999836e+02
7.409695945222370028e+02,4.247554999999999836e+02
7.411083930706582805e+02,4.247554999999999836e+02
7.889369500000000244e+02,5.247735599999999749e+02
7.413959948073960504e+02,4.247554999999999836e+02
7.415449246367240903e+02,4.247554999999999836e+02
7.416835965441339340e+02,4.247554999999999836e+02
7.418429811189428165e+02,4.247554999999999836e+02
7.419711982808718176e+02,4.247554999999999836e+02
7.421202547512110641e+02,4.247554999999999836e+02
7.422588000176095875e+02,4.247554999999999836e+02
7.424398825925927667e+02,4.247554999999999836e+02
7.425464017543474711e+02,4.247554999999999836e+02
7.426955848656980379e+02,4.247554999999999836e+02
7.428340034910852410e+02,4.247554999999999836e+02
7.429941482466961133e+02,4.247554999999999836e+02
7.431216052278231246e+02,4.247554999999999836e+02
7.432709149801851254e+02,4.247554999999999836e+02
7.434092069645610081e+02,4.247554999999999836e+02
7.436368493286220200e+02,4.247554999999999836e+02
7.436968087012987780e+02,4.247554999999999836e+02
7.438462450946720992e+02,4.247554999999999836e+02
7.439844104380366616e+02,4.247554999999999836e+02
7.441453153744494102e+02,4.247554999999999836e+02
7.442720121747744315e+02,4.247554999999999836e+02
7.444215752091590730e+02,4.247554999999999836e+02
7.445596139115123151e+02,4.247554999999999836e+02
7.447442471252205678e+02,4.247554999999999836e+02
7.448472156482501987e+02,4.247554999999999836e+02
7.449969053236461605e+02,4.247554999999999836e+02
7.451348173849879686e+02,4.247554999999999836e+02
7.452964825022027071e+02,4.247554999999999836e+02
7.454224191217258522e+02,4.247554999999999836e+02
7.455722354381331343e+02,4.247554999999999836e+02
7.457100208584636221e+02,4.247554999999999836e+02
8.038520999999999503e+02,4.839510500000000093e+02
7.459976225952015056e+02,5.596996000000000322e+02
7.461475655526201081e+02,5.596996000000000322e+02
7.462852243319393892e+02,5.596996000000000322e+02
7.464476496299560040e+02,5.596996000000000322e+02
7.465728260686771591e+02,5.596996000000000322e+02
7.467228956671071955e+02,5.596996000000000322e+02
7.468604278054150427e+02,5.596996000000000322e+02
7.470486116578484825e+02,5.596996000000000322e+02
7.471480295421528126e+02,5.596996000000000322e+02
7.472982257815941693e+02,5.596996000000000322e+02
7.474356312788906962e+02,5.596996000000000322e+02
7.475988167577093009e+02,5.596996000000000322e+02
7.477232330156285798e+02,5.596996000000000322e+02
7.478735558960811431e+02,5.596996000000000322e+02
7.480108347523663497e+02,5.596996000000000322e+02
7.482537210247351140e+02,5.596996000000000322e+02
7.482984364891042333e+02,5.596996000000000322e+02
7.484488860105682306e+02,5.596996000000000322e+02
7.485860382258420032e+02,5.596996000000000322e+02
7.487499838854625978e+02,5.596996000000000322e+02
7.488736399625798867e+02,5.596996000000000322e+02
7.490242161250552044e+02,5.596996000000000322e+02
7.491612416993177703e+02,5.596996000000000322e+02
7.493529761904763973e+02,5.596996000000000322e+02
7.494488434360555402e+02,5.596996000000000322e+02
7.495995462395421782e+02,5.596996000000000322e+02
7.497364451727934238e+02,5.596996000000000322e+02
7.499011510132158946e+02,5.596996000000000322e+02
7.500240469095311937e+02,5.596996000000000322e+02
7.501748763540291520e+02,5.596996000000000322e+02
7.503116486462690773e+02,5.596996000000000322e+02
8.071822499999999536e+02,4.569755999999999858e+02
7.505992503830069609e+02,5.596996000000000322e+02
7.507502064685162395e+02,5.596996000000000322e+02
7.508868521197447308e+02,5.596996000000000322e+02
7.510523181409691915e+02,5.596996000000000322e+02
7.511744538564826144e+02,5.596996000000000322e+02
7.513255365830032133e+02,5.596996000000000322e+02
7.514620555932203843e+02,5.596996000000000322e+02
7.516573407231041983e+02,5.596996000000000322e+02
7.517496573299582678e+02,5.596996000000000322e+02
7.519008666974901871e+02,5.596996000000000322e+02
7.520372590666961514e+02,5.596996000000000322e+02
7.522034852687224884e+02,5.596996000000000322e+02
7.523248608034339213e+02,5.596996000000000322e+02
7.524761968119772746e+02,5.596996000000000322e+02
7.526124625401718049e+02,5.596996000000000322e+02
7.528705927208480944e+02,5.596996000000000322e+02
7.529000642769095748e+02,5.596996000000000322e+02
7.530515269264642484e+02,5.596996000000000322e+02
7.531876660136474584e+02,5.596996000000000322e+02
7.533546523964757853e+02,5.596996000000000322e+02
7.534752677503853420e+02,5.596996000000000322e+02
7.536268570409512222e+02,5.596996000000000322e+02
7.537628694871231119e+02,5.596996000000000322e+02
7.539617052557321131e+02,5.596996000000000322e+02
7.540504712238609955e+02,5.596996000000000322e+02
7.542021871554383097e+02,5.596996000000000322e+02
7.543380729605987653e+02,5.596996000000000322e+02
7.545058195242290822e+02,5.596996000000000322e+02
7.546256746973366489e+02,5.596996000000000322e+02
7.547775172699252835e+02,5.596996000000000322e+02
7.549132764340745325e+02,5.596996000000000322e+02
8.066907300000000305e+02,4.329010000000000105e+02
7.552008781708123024e+02,3.988283700000000067e+02
7.553528473844122573e+02,3.988283700000000067e+02
7.554884799075501860e+02,3.988283700000000067e+02
7.556569866519824927e+02,3.988283700000000067e+02
7.557760816442879559e+02,3.988283700000000067e+02
7.559281774988993448e+02,3.988283700000000067e+02
7.560636833810258395e+02,3.988283700000000067e+02
7.562660697883599141e+02,3.988283700000000067e+02
7.563512851177637231e+02,3.988283700000000067e+02
7.565035076133863186e+02,3.988283700000000067e+02
7.566388868545014930e+02,3.988283700000000067e+02
7.568081537797357896e+02,3.988283700000000067e+02
7.569264885912393765e+02,3.988283700000000067e+02
7.570788377278732924e+02,3.988283700000000067e+02
7.572140903279771464e+02,3.988283700000000067e+02
7.574874644169611884e+02,3.988283700000000067e+02
7.575016920647150300e+02,3.988283700000000067e+02
7.576541678423603798e+02,3.988283700000000067e+02
7.577892938014529136e+02,3.988283700000000067e+02
7.579593209074890865e+02,3.988283700000000067e+02
7.580768955381906835e+02,3.988283700000000067e+02
7.582294979568473536e+02,3.988283700000000067e+02
7.583644972749285671e+02,3.988283700000000067e+02
7.585704343209878289e+02,3.988283700000000067e+02
7.586520990116664507e+02,3.988283700000000067e+02
7.588048280713343274e+02,3.988283700000000067e+02
7.589397007484042206e+02,3.988283700000000067e+02
7.591104880352423834e+02,3.988283700000000067e+02
7.592273024851421042e+02,3.988283700000000067e+02
7.593801581858214149e+02,3.988283700000000067e+02
7.595149042218798741e+02,3.988283700000000067e+02
8.045854500000000371e+02,4.184383500000000140e+02
7.598025059586177576e+02,3.988283700000000067e+02
7.599554883003083887e+02,3.988283700000000067e+02
7.600901076953556412e+02,3.988283700000000067e+02
7.602616551629956803e+02,3.988283700000000067e+02
7.603777094320934111e+02,3.988283700000000067e+02
7.605308184147953625e+02,3.988283700000000067e+02
7.606653111688312947e+02,3.988283700000000067e+02
7.608747988536156299e+02,3.988283700000000067e+02
7.609529129055690646e+02,3.988283700000000067e+02
7.611061485292824500e+02,3.988283700000000067e+02
7.612405146423069482e+02,3.988283700000000067e+02
7.614128222907489771e+02,3.988283700000000067e+02
7.615281163790448318e+02,3.988283700000000067e+02
7.616814786437694238e+02,3.988283700000000067e+02
7.618157181157826017e+02,3.988283700000000067e+02
7.621043361130742824e+02,3.988283700000000067e+02
7.621033198525204853e+02,3.988283700000000067e+02
7.622568087582563976e+02,3.988283700000000067e+02
7.623909215892582552e+02,3.988283700000000067e+02
7.625639894185022740e+02,3.988283700000000067e+02
7.626785233259961387e+02,3.988283700000000067e+02
7.628321388727434851e+02,3.988283700000000067e+02
7.629661250627340223e+02,3.988283700000000067e+02
7.631791633862435447e+02,3.988283700000000067e+02
7.632537267994717922e+02,3.988283700000000067e+02
7.634074689872304589e+02,3.988283700000000067e+02
7.635413285362096758e+02,3.988283700000000067e+02
7.637151565462555709e+02,3.988283700000000067e+02
7.638289302729474457e+02,3.988283700000000067e+02
7.639827991017174327e+02,3.988283700000000067e+02
7.641165320096853293e+02,3.988283700000000067e+02
8.025137300000000096e+02,4.116009500000000116e+02
7.644041337464232129e+02,5.470371000000000095e+02
7.645581292162045202e+02,5.470371000000000095e+02
7.646917354831609828e+02,5.470371000000000095e+02
7.648663236740088678e+02,5.470371000000000095e+02
7.649793372198988664e+02,5.470371000000000095e+02
7.651334593306914940e+02,5.470371000000000095e+02
7.652669389566366362e+02,5.470371000000000095e+02
7.654835279188714594e+02,5.470371000000000095e+02
7.655545406933745198e+02,5.470371000000000095e+02
7.657087894451784678e+02,5.470371000000000095e+02
7.658421424301124034e+02,5.470371000000000095e+02
7.660174908017621647e+02,5.470371000000000095e+02
7.661297441668501733e+02,5.470371000000000095e+02
7.662841195596654416e+02,5.470371000000000095e+02
7.664173459035880569e+02,5.470371000000000095e+02
7.667212078091873764e+02,5.470371000000000095e+02
7.667049476403258268e+02,5.470371000000000095e+02
7.668594496741525290e+02,5.470371000000000095e+02
7.669925493770637104e+02,5.470371000000000095e+02
7.671686579295154615e+02,5.470371000000000095e+02
7.672801511138015940e+02,5.470371000000000095e+02
7.674347797886395028e+02,5.470371000000000095e+02
7.675677528505393639e+02,5.470371000000000095e+02
7.677878924514992605e+02,5.470371000000000095e+02
7.678553545872772474e+02,5.470371000000000095e+02
7.680101099031264766e+02,5.470371000000000095e+02
7.681429563240150173e+02,5.470371000000000095e+02
7.683198250572687584e+02,5.470371000000000095e+02
7.684305580607529009e+02,5.470371000000000095e+02
7.685854400176135641e+02,5.470371000000000095e+02
7.687181597974907845e+02,5.470371000000000095e+02
8.010067999999999984e+02,4.091025399999999763e+02
7.690057615342285544e+02,5.470371000000000095e+02
7.691607701321005379e+02,5.470371000000000095e+02
7.692933632709664380e+02,5.470371000000000095e+02
7.694709921850220553e+02,5.470371000000000095e+02
7.695809650077042079e+02,5.470371000000000095e+02
7.697361002465875117e+02,5.470371000000000095e+02
7.698685667444420915e+02,5.470371000000000095e+02
7.700922569841271752e+02,5.470371000000000095e+02
7.701561684811799751e+02,5.470371000000000095e+02
7.703114303610745992e+02,5.470371000000000095e+02
7.704437702179177450e+02,5.470371000000000095e+02
7.706221593127753522e+02,5.470371000000000095e+02
7.707313719546556285e+02,5.470371000000000095e+02
7.708867604755615730e+02,5.470371000000000095e+02
7.710189736913933984e+02,5.470371000000000095e+02
7.713380795053004704e+02,5.470371000000000095e+02
7.713065754281312820e+02,5.470371000000000095e+02
7.714620905900485468e+02,5.470371000000000095e+02
7.715941771648691656e+02,5.470371000000000095e+02
7.717733264405286491e+02,5.470371000000000095e+02
7.718817789016069355e+02,5.470371000000000095e+02
7.720374207045356343e+02,5.470371000000000095e+02
7.721693806383448191e+02,5.470371000000000095e+02
7.723966215167549763e+02,5.470371000000000095e+02
7.724569823750825890e+02,5.470371000000000095e+02
7.726127508190226081e+02,5.470371000000000095e+02
7.727445841118204726e+02,5.470371000000000095e+02
7.729244935682819460e+02,5.470371000000000095e+02
7.730321858485583562e+02,5.470371000000000095e+02
7.731880809335095819e+02,5.470371000000000095e+02
7.733197875852961261e+02,5.470371000000000095e+02
8.000135999999999967e+02,4.085878999999999905e+02
7.736073893220340096e+02,5.470371000000000095e+02
7.737634110479966694e+02,5.470371000000000095e+02
7.738949910587717795e+02,5.470371000000000095e+02
7.740756606960352428e+02,5.470371000000000095e+02
7.741825927955096631e+02,5.470371000000000095e+02
7.743387411624836432e+02,5.470371000000000095e+02
7.744701945322475467e+02,5.470371000000000095e+02
7.747009860493828910e+02,5.470371000000000095e+02
7.747577962689853166e+02,5.470371000000000095e+02
7.749140712769706170e+02,5.470371000000000095e+02
7.750453980057232002e+02,5.470371000000000095e+02
7.752268278237886534e+02,5.470371000000000095e+02
7.753329997424609701e+02,5.470371000000000095e+02
7.754894013914577044e+02,5.470371000000000095e+02
7.756206014791988537e+02,5.470371000000000095e+02
7.759549512014135644e+02,5.470371000000000095e+02
7.759082032159367373e+02,5.470371000000000095e+02
7.760647315059446782e+02,5.470371000000000095e+02
7.761958049526745071e+02,5.470371000000000095e+02
7.763779949515419503e+02,5.470371000000000095e+02
7.764834066894123907e+02,5.470371000000000095e+02
7.766400616204316520e+02,5.470371000000000095e+02
7.767710084261501606e+02,5.470371000000000095e+02
7.770053505820106921e+02,5.470371000000000095e+02
7.770586101628880442e+02,5.470371000000000095e+02
7.772153917349187395e+02,5.470371000000000095e+02
7.773462118996259278e+02,5.470371000000000095e+02
7.775291620792952472e+02,5.470371000000000095e+02
7.776338136363636977e+02,5.470371000000000095e+02
7.777907218494057133e+02,5.470371000000000095e+02
7.779214153731015813e+02,5.470371000000000095e+02
7.982784400000000460e+02,4.128154299999999921e+02
7.782090171098394649e+02,3.801213399999999751e+02
7.783660519638926871e+02,3.801213399999999751e+02
7.784966188465772348e+02,3.801213399999999751e+02
7.786803292070485440e+02,3.801213399999999751e+02
7.787842205833151183e+02,3.801213399999999751e+02
7.789413820783797746e+02,3.801213399999999751e+02
7.790718223200528882e+02,3.801213399999999751e+02
7.793097151146386068e+02,3.801213399999999751e+02
7.793594240567907718e+02,3.801213399999999751e+02
7.795167121928667484e+02,3.801213399999999751e+02
7.796470257935286554e+02,3.801213399999999751e+02
7.798314963348018409e+02,3.801213399999999751e+02
7.799346275302664253e+02,3.801213399999999751e+02
7.800920423073537222e+02,3.801213399999999751e+02
7.802222292670043089e+02,3.801213399999999751e+02
7.805718228975265447e+02,3.801213399999999751e+02
7.805098310037420788e+02,3.801213399999999751e+02
7.806673724218406960e+02,3.801213399999999751e+02
7.807974327404799624e+02,3.801213399999999751e+02
7.809826634625551378e+02,3.801213399999999751e+02
7.810850344772178460e+02,3.801213399999999751e+02
7.812427025363277835e+02,3.801213399999999751e+02
7.813726362139556159e+02,3.801213399999999751e+02
7.816140796472665215e+02,3.801213399999999751e+02
7.816602379506934994e+02,3.801213399999999751e+02
7.818180326508147573e+02,3.801213399999999751e+02
7.819478396874312693e+02,3.801213399999999751e+02
7.821338305903084347e+02,3.801213399999999751e+02
7.822354414241691529e+02,3.801213399999999751e+02
7.823933627653017311e+02,3.801213399999999751e+02
7.825230431609070365e+02,3.801213399999999751e+02
7.964546500000000151e+02,4.293197000000000116e+02
7.828106448976448064e+02,5.247735599999999749e+02
7.829686928797888186e+02,5.247735599999999749e+02
7.830982466343826900e+02,5.247735599999999749e+02
7.832849977180617316e+02,5.247735599999999749e+02
7.833858483711204599e+02,5.247735599999999749e+02
7.835440229942757924e+02,5.247735599999999749e+02
7.836734501078583435e+02,5.247735599999999749e+02
7.839184441798943226e+02,5.247735599999999749e+02
7.839610518445962271e+02,5.247735599999999749e+02
7.841193531087627662e+02,5.247735599999999749e+02
7.842486535813339970e+02,5.247735599999999749e+02
7.844361648458150285e+02,5.247735599999999749e+02
7.845362553180718805e+02,5.247735599999999749e+02
7.846946832232498537e+02,5.247735599999999749e+02
7.848238570548096504e+02,5.247735599999999749e+02
7.851886945936396387e+02,5.247735599999999749e+02
7.851114587915475340e+02,5.247735599999999749e+02
7.852700133377368275e+02,5.247735599999999749e+02
7.853990605282854176e+02,5.247735599999999749e+02
7.855873319735683253e+02,5.247735599999999749e+02
7.856866622650231875e+02,5.247735599999999749e+02
7.858453434522238013e+02,5.247735599999999749e+02
7.859742640017610711e+02,5.247735599999999749e+02
7.862228087125222373e+02,5.247735599999999749e+02
7.862618657384988410e+02,5.247735599999999749e+02
7.864206735667108887e+02,5.247735599999999749e+02
7.865494674752367246e+02,5.247735599999999749e+02
7.867384991013216222e+02,5.247735599999999749e+02
7.868370692119746082e+02,5.247735599999999749e+02
7.869960036811978625e+02,5.247735599999999749e+02
7.871246709487123780e+02,5.247735599999999749e+02
7.979391000000000531e+02,4.617387699999999882e+02
7.874122726854502616e+02,5.247735599999999749e+02
7.875713337956848363e+02,5.247735599999999749e+02
7.876998744221880315e+02,5.247735599999999749e+02
7.878896662290749191e+02,5.247735599999999749e+02
7.879874761589259151e+02,5.247735599999999749e+02
7.881466639101719238e+02,5.247735599999999749e+02
7.882750778956637987e+02,5.247735599999999749e+02
7.885271732451500384e+02,5.247735599999999749e+02
7.885626796324015686e+02,5.247735599999999749e+02
7.887219940246588976e+02,5.247735599999999749e+02
7.888502813691394522e+02,5.247735599999999749e+02
7.890408333568282160e+02,5.247735599999999749e+02
7.891378831058772221e+02,5.247735599999999749e+02
7.892973241391458714e+02,5.247735599999999749e+02
7.894254848426151057e+02,5.247735599999999749e+02
7.898055662897527327e+02,5.247735599999999749e+02
7.897130865793529892e+02,5.247735599999999749e+02
7.898726542536329589e+02,5.247735599999999749e+02
7.900006883160907591e+02,5.247735599999999749e+02
7.901920004845815129e+02,5.247735599999999749e+02
7.902882900528286427e+02,5.247735599999999749e+02
7.904479843681199327e+02,5.247735599999999749e+02
7.905758917895664126e+02,5.247735599999999749e+02
7.908315377777779531e+02,5.247735599999999749e+02
7.908634935263042962e+02,5.247735599999999749e+02
7.910233144826069065e+02,5.247735599999999749e+02
7.911510952630421798e+02,5.247735599999999749e+02
7.913431676123348097e+02,5.247735599999999749e+02
7.914386969997799497e+02,5.247735599999999749e+02
7.915986445970939940e+02,5.247735599999999749e+02
7.917262987365178333e+02,5.247735599999999749e+02
8.038246500000000196e+02,4.901749300000000176e+02
7.920139004732556032e+02,4.293197000000000116e+02
7.921739747115809678e+02,4.293197000000000116e+02
7.923015022099934868e+02,4.293197000000000116e+02
7.924943347400882203e+02,4.293197000000000116e+02
7.925891039467313703e+02,4.293197000000000116e+02
7.927493048260679416e+02,4.293197000000000116e+02
7.928767056834691402e+02,4.293197000000000116e+02
7.931359023104057542e+02,4.293197000000000116e+02
7.931643074202070238e+02,4.293197000000000116e+02
7.933246349405550291e+02,4.293197000000000116e+02
7.934519091569447937e+02,4.293197000000000116e+02
7.936455018678415172e+02,4.293197000000000116e+02
7.937395108936826773e+02,4.293197000000000116e+02
7.938999650550420029e+02,4.293197000000000116e+02
7.940271126304205609e+02,4.293197000000000116e+02
7.944224379858658267e+02,4.293197000000000116e+02
7.943147143671583308e+02,4.293197000000000116e+02
7.944752951695289767e+02,4.293197000000000116e+02
7.946023161038962144e+02,4.293197000000000116e+02
7.947966689955948141e+02,4.293197000000000116e+02
7.948899178406339843e+02,4.293197000000000116e+02
7.950506252840159505e+02,4.293197000000000116e+02
7.951775195773718679e+02,4.293197000000000116e+02
7.954402668430336689e+02,4.293197000000000116e+02
7.954651213141097514e+02,4.293197000000000116e+02
7.956259553985030379e+02,4.293197000000000116e+02
7.957527230508475213e+02,4.293197000000000116e+02
7.959478361233481110e+02,4.293197000000000116e+02
7.960403247875854049e+02,4.293197000000000116e+02
7.962012855129900117e+02,4.293197000000000116e+02
7.963279265243231748e+02,4.293197000000000116e+02
8.221385500000000093e+02,5.243045700000000124e+02
7.966155282610610584e+02,4.293197000000000116e+02
7.967766156274769855e+02,4.293197000000000116e+02
7.969031299977989420e+02,4.293197000000000116e+02
7.970990032511014078e+02,3.686052199999999743e+02
7.971907317345367119e+02,3.686052199999999743e+02
7.973519457419640730e+02,3.686052199999999743e+02
7.974783334712745955e+02,3.686052199999999743e+02
7.977446313756615837e+02,3.686052199999999743e+02
7.977659352080124791e+02,3.686052199999999743e+02
7.979272758564510468e+02,4.617387699999999882e+02
7.980535369447502489e+02,4.617387699999999882e+02
7.982501703788547047e+02,4.128154299999999921e+02
7.983411386814881325e+02,4.128154299999999921e+02
7.985026059709380206e+02,4.128154299999999921e+02
7.986287404182259024e+02,4.128154299999999921e+02
7.990393096819789207e+02,4.128154299999999921e+02
7.989163421549637860e+02,4.128154299999999921e+02
7.990779360854251081e+02,4.128154299999999921e+02
7.992039438917016696e+02,4.128154299999999921e+02
7.994013375066080016e+02,4.128154299999999921e+02
7.994915456284394395e+02,4.128154299999999921e+02
7.996532661999120819e+02,4.128154299999999921e+02
7.997791473651773231e+02,4.128154299999999921e+02
8.000489959082893847e+02,4.085878999999999905e+02
8.000667491019150930e+02,4.085878999999999905e+02
8.002285963143990557e+02,4.085878999999999905e+02
8.003543508386529766e+02,4.085878999999999905e+02
8.005525046343612985e+02,4.091025399999999763e+02
8.006419525753908601e+02,4.091025399999999763e+02
8.008039264288861432e+02,4.091025399999999763e+02
8.009295543121286300e+02,4.091025399999999763e+02
8.272085600000000341e+02,5.303127399999999625e+02
8.012171560488665136e+02,4.116009500000000116e+02
8.013792565433731170e+02,4.116009500000000116e+02
8.015047577856042835e+02,4.116009500000000116e+02
8.017036717621145954e+02,4.116009500000000116e+02
8.017923595223421671e+02,4.116009500000000116e+02
8.019545866578600908e+02,4.116009500000000116e+02
8.020799612590800507e+02,4.116009500000000116e+02
8.023533604409172995e+02,4.116009500000000116e+02
8.023675629958178206e+02,4.116009500000000116e+02
8.025299167723471783e+02,4.116009500000000116e+02
8.026551647325557042e+02,4.116009500000000116e+02
8.028548388898678922e+02,4.116009500000000116e+02
8.029427664692934741e+02,4.116009500000000116e+02
8.031052468868341521e+02,4.116009500000000116e+02
8.032303682060313577e+02,4.116009500000000116e+02
8.036561813780919010e+02,4.901749300000000176e+02
8.035179699427692412e+02,4.901749300000000176e+02
8.036805770013211259e+02,4.901749300000000176e+02
8.038055716795070111e+02,4.901749300000000176e+02
8.040060060176211891e+02,4.839510500000000093e+02
8.040931734162448947e+02,4.839510500000000093e+02
8.042559071158082133e+02,4.839510500000000093e+02
8.043807751529826646e+02,4.839510500000000093e+02
8.046577249735451005e+02,4.184383500000000140e+02
8.046683768897205482e+02,4.184383500000000140e+02
8.048312372302951871e+02,4.184383500000000140e+02
8.049559786264584318e+02,4.184383500000000140e+02
8.051571731453744860e+02,4.184383500000000140e+02
8.052435803631962017e+02,4.184383500000000140e+02
8.054065673447821609e+02,4.184383500000000140e+02
8.055311820999340853e+02,4.184383500000000140e+02
8.272085600000000341e+02,5.303127399999999625e+02
8.058187838366718552e+02,4.329010000000000105e+02
8.059818974592692484e+02,4.329010000000000105e+02
8.061063855734097388e+02,4.329010000000000105e+02
8.063083402731277829e+02,4.329010000000000105e+02
8.063939873101476223e+02,4.329010000000000105e+02
8.065572275737562222e+02,4.329010000000000105e+02
8.066815890468853922e+02,4.329010000000000105e+02
8.069620895061730153e+02,4.569755999999999858e+02
8.069691907836232758e+02,4.569755999999999858e+02
8.071325576882431960e+02,4.569755999999999858e+02
8.072567925203610457e+02,4.569755999999999858e+02
8.074595074008810798e+02,4.569755999999999858e+02
8.075443942570989293e+02,4.569755999999999858e+02
8.077078878027302835e+02,4.569755999999999858e+02
8.078319959938368129e+02,4.569755999999999858e+02
8.082730530742049950e+02,4.569755999999999858e+02
8.081195977305745828e+02,4.569755999999999858e+02
8.082832179172172573e+02,4.569755999999999858e+02
8.084071994673124664e+02,4.569755999999999858e+02
8.086106745286343767e+02,4.569755999999999858e+02
8.086948012040502363e+02,4.569755999999999858e+02
8.088585480317042311e+02,4.569755999999999858e+02
8.089824029407881198e+02,4.569755999999999858e+02
8.092664540388008163e+02,4.569755999999999858e+02
8.092700046775260034e+02,4.569755999999999858e+02
8.094338781461912049e+02,4.569755999999999858e+02
8.095576064142637733e+02,4.569755999999999858e+02
8.097618416563876735e+02,4.569755999999999858e+02
8.098452081510016569e+02,4.569755999999999858e+02
8.100092082606782924e+02,4.569755999999999858e+02
8.101328098877394268e+02,4.569755999999999858e+02
8.482016999999999598e+02,1.891275599999999883e+02
8.104204116244773104e+02,4.569755999999999858e+02
8.105845383751652662e+02,4.569755999999999858e+02
8.107080133612151940e+02,4.569755999999999858e+02
8.109130087841409704e+02,4.569755999999999858e+02
8.109956150979529639e+02,4.569755999999999858e+02
8.111598684896522400e+02,4.569755999999999858e+02
8.112832168346908475e+02,4.569755999999999858e+02
8.115708185714287310e+02,4.569755999999999858e+02
8.115708185714286174e+02,4.569755999999999858e+02
8.117351986041393275e+02,4.569755999999999858e+02
8.118584203081665009e+02,4.569755999999999858e+02
8.120641759118943810e+02,4.569755999999999858e+02
8.121460220449043845e+02,4.569755999999999858e+02
8.123105287186263013e+02,4.569755999999999858e+02
8.124336237816421544e+02,4.569755999999999858e+02
8.128899247703180890e+02,4.569755999999999858e+02
8.127212255183800380e+02,4.569755999999999858e+02
8.128858588331132751e+02,4.569755999999999858e+02
8.130088272551178079e+02,4.569755999999999858e+02
8.132153430396476779e+02,4.569755999999999858e+02
8.132964289918556915e+02,4.569755999999999858e+02
8.134611889476003626e+02,4.569755999999999858e+02
8.135840307285935751e+02,4.569755999999999858e+02
8.138751831040566458e+02,4.569755999999999858e+02
8.138716324653313450e+02,4.569755999999999858e+02
8.140365190620873364e+02,4.569755999999999858e+02
8.141592342020692286e+02,4.569755999999999858e+02
8.143665101674009748e+02,4.569755999999999858e+02
8.144468359388069985e+02,4.569755999999999858e+02
8.146118491765743101e+02,4.569755999999999858e+02
8.147344376755448820e+02,4.569755999999999858e+02
8.482016999999999598e+02,1.891275599999999883e+02
8.150220394122827656e+02,5.243045700000000124e+02
8.151871792910613976e+02,5.243045700000000124e+02
8.153096411490205355e+02,5.243045700000000124e+02
8.155176772951542716e+02,5.243045700000000124e+02
8.155972428857584191e+02,5.243045700000000124e+02
8.157625094055483714e+02,5.243045700000000124e+02
8.158848446224963027e+02,5.243045700000000124e+02
8.161795476366844468e+02,5.243045700000000124e+02
8.161724463592340726e+02,5.243045700000000124e+02
8.163378395200353452e+02,5.243045700000000124e+02
8.164600480959719562e+02,5.243045700000000124e+02
8.166688444229075685e+02,5.243045700000000124e+02
8.167476498327097261e+02,5.243045700000000124e+02
8.169131696345224327e+02,5.243045700000000124e+02
8.170352515694476097e+02,5.243045700000000124e+02
8.175067964664311830e+02,5.243045700000000124e+02
8.173228533061854932e+02,5.243045700000000124e+02
8.174884997490094065e+02,5.243045700000000124e+02
8.176104550429232631e+02,5.243045700000000124e+02
8.178200115506608654e+02,5.243045700000000124e+02
8.178980567796611467e+02,5.243045700000000124e+02
8.180638298634963803e+02,5.243045700000000124e+02
8.181856585163989166e+02,5.243045700000000124e+02
8.184839121693123616e+02,5.243045700000000124e+02
8.184732602531368002e+02,5.243045700000000124e+02
8.186391599779834678e+02,5.243045700000000124e+02
8.187608619898746838e+02,5.243045700000000124e+02
8.189711786784141623e+02,5.243045700000000124e+02
8.190484637266124537e+02,5.243045700000000124e+02
8.192144900924704416e+02,5.243045700000000124e+02
8.193360654633503373e+02,5.243045700000000124e+02
8.514808299999999690e+02,2.315997299999999939e+02
8.196236672000881072e+02,5.243045700000000124e+02
8.197898202069574154e+02,5.243045700000000124e+02
8.199112689368259907e+02,5.243045700000000124e+02
8.201223458061674592e+02,5.243045700000000124e+02
8.201988706735638743e+02,5.243045700000000124e+02
8.203651503214445029e+02,5.243045700000000124e+02
8.204864724103016442e+02,5.243045700000000124e+02
8.207882767019401626e+02,5.243045700000000124e+02
8.207740741470395278e+02,5.243045700000000124e+02
8.209404804359314767e+02,5.243045700000000124e+02
8.210616758837772977e+02,5.243045700000000124e+02
8.212735129339207560e+02,5.243045700000000124e+02
8.213492776205151813e+02,5.243045700000000124e+02
8.215158105504184505e+02,5.243045700000000124e+02
8.216368793572530649e+02,5.243045700000000124e+02
8.221236681625442770e+02,5.243045700000000124e+02
8.219244810939908348e+02,5.243045700000000124e+02
8.220911406649055380e+02,5.243045700000000124e+02
8.222120828307287184e+02,5.243045700000000124e+02
8.224246800616740529e+02,5.243045700000000124e+02
8.224996845674664883e+02,5.243045700000000124e+02
8.226664707793925118e+02,5.243045700000000124e+02
8.227872863042043718e+02,5.243045700000000124e+02
8.230926412345680774e+02,5.243045700000000124e+02
8.230748880409422554e+02,5.243045700000000124e+02
8.232418008938794856e+02,5.243045700000000124e+02
8.233624897776800253e+02,5.243045700000000124e+02
8.235758471894273498e+02,5.243045700000000124e+02
8.236500915144179089e+02,5.243045700000000124e+02
8.238171310083664594e+02,5.243045700000000124e+02
8.239376932511556788e+02,5.243045700000000124e+02
8.612716000000000349e+02,3.061734599999999773e+02
8.242252949878935624e+02,5.303127399999999625e+02
8.243924611228535468e+02,5.303127399999999625e+02
8.245128967246314460e+02,5.303127399999999625e+02
8.247270143171806467e+02,5.303127399999999625e+02
8.248004984613692159e+02,5.303127399999999625e+02
8.249677912373405206e+02,5.303127399999999625e+02
8.250881001981070995e+02,5.303127399999999625e+02
8.253970057671958784e+02,5.303127399999999625e+02
8.253757019348448694e+02,5.303127399999999625e+02
8.255431213518274944e+02,5.303127399999999625e+02
8.256633036715827529e+02,5.303127399999999625e+02
8.258781814449339436e+02,5.303127399999999625e+02
8.259509054083206365e+02,5.303127399999999625e+02
8.261184514663145819e+02,5.303127399999999625e+02
8.262385071450584064e+02,5.303127399999999625e+02
8.267405398586573710e+02,5.303127399999999625e+02
8.265261088817962900e+02,5.303127399999999625e+02
8.266937815808015557e+02,5.303127399999999625e+02
8.268137106185340599e+02,5.303127399999999625e+02
8.270293485726872404e+02,5.303127399999999625e+02
8.271013123552719435e+02,5.303127399999999625e+02
8.272691116952885295e+02,5.303127399999999625e+02
8.273889140920098271e+02,5.303127399999999625e+02
8.277013702998237932e+02,5.303127399999999625e+02
8.276765158287475970e+02,5.303127399999999625e+02
8.278444418097756170e+02,5.303127399999999625e+02
8.279641175654854806e+02,5.303127399999999625e+02
8.281805157004405373e+02,5.303127399999999625e+02
8.282517193022232505e+02,5.303127399999999625e+02
8.284197719242625908e+02,5.303127399999999625e+02
8.285393210389611340e+02,5.303127399999999625e+02
8.791916499999999814e+02,4.014798599999999738e+02
8.288269227756990176e+02,5.303127399999999625e+02
8.289951020387495646e+02,5.303127399999999625e+02
8.291145245124367875e+02,5.303127399999999625e+02
8.293316828281939479e+02,5.303127399999999625e+02
8.294021262491746711e+02,5.303127399999999625e+02
8.295704321532366521e+02,5.303127399999999625e+02
8.296897279859124410e+02,5.303127399999999625e+02
8.300057348324517079e+02,5.303127399999999625e+02
8.299773297226503246e+02,5.303127399999999625e+02
8.301457622677236259e+02,5.303127399999999625e+02
8.302649314593882082e+02,5.303127399999999625e+02
8.304828499559472448e+02,5.303127399999999625e+02
8.305525331961259781e+02,5.303127399999999625e+02
8.307210923822105997e+02,5.303127399999999625e+02
8.308401349328638616e+02,5.303127399999999625e+02
8.313574115547703514e+02,5.303127399999999625e+02
8.311277366696016315e+02,5.303127399999999625e+02
8.312964224966976872e+02,5.303127399999999625e+02
8.314153384063395151e+02,5.303127399999999625e+02
8.316340170837005417e+02,5.303127399999999625e+02
8.317029401430773987e+02,5.303127399999999625e+02
8.318717526111846610e+02,5.303127399999999625e+02
8.319905418798151686e+02,5.303127399999999625e+02
8.323100993650795090e+02,5.303127399999999625e+02
8.322781436165530522e+02,5.303127399999999625e+02
8.324470827256716348e+02,5.303127399999999625e+02
8.325657453532908221e+02,5.303127399999999625e+02
8.327851842114538385e+02,5.303127399999999625e+02
8.328533470900287057e+02,5.303127399999999625e+02
8.330224128401587222e+02,5.303127399999999625e+02
8.331409488267665893e+02,5.303127399999999625e+02
8.791916499999999814e+02,4.014798599999999738e+02
8.334285505635043592e+02,5.091890999999999963e+02
8.335977429546456960e+02,5.091890999999999963e+02
8.337161523002422427e+02,5.091890999999999963e+02
8.339363513392071354e+02,5.091890999999999963e+02
8.340037540369800126e+02,5.091890999999999963e+02
8.341730730691326698e+02,5.091890999999999963e+02
8.342913557737178962e+02,5.091890999999999963e+02
8.346144638977074237e+02,5.091890999999999963e+02
8.345789575104557798e+02,5.091890999999999963e+02
8.347484031836197573e+02,5.091890999999999963e+02
8.348665592471935497e+02,5.091890999999999963e+02
8.350875184669604323e+02,5.091890999999999963e+02
8.351541609839314333e+02,5.091890999999999963e+02
8.353237332981067311e+02,5.091890999999999963e+02
8.354417627206693169e+02,5.091890999999999963e+02
8.359742832508834454e+02,5.091890999999999963e+02
8.357293644574070868e+02,5.091890999999999963e+02
8.358990634125937049e+02,5.091890999999999963e+02
8.360169661941449704e+02,5.091890999999999963e+02
8.362386855947137292e+02,5.091890999999999963e+02
8.363045679308827403e+02,5.091890999999999963e+02
8.364743935270807924e+02,5.091890999999999963e+02
8.365921696676206238e+02,5.091890999999999963e+02
8.369188284303352248e+02,5.091890999999999963e+02
8.368797714043585074e+02,5.091890999999999963e+02
8.370497236415677662e+02,5.091890999999999963e+02
8.371673731410962773e+02,5.091890999999999963e+02
8.373898527224670261e+02,5.091890999999999963e+02
8.374549748778341609e+02,5.091890999999999963e+02
8.376250537560547400e+02,5.091890999999999963e+02
8.377425766145719308e+02,5.091890999999999963e+02
9.696622300000000223e+02,4.050337999999999852e+02
8.380301783513098144e+02,5.091890999999999963e+02
8.382003838705417138e+02,5.091890999999999963e+02
8.383177800880476980e+02,5.091890999999999963e+02
8.385410198502203230e+02,5.091890999999999963e+02
8.386053818247854679e+02,5.091890999999999963e+02
8.387757139850288013e+02,5.091890999999999963e+02
8.388929835615233515e+02,5.091890999999999963e+02
8.392231929629631395e+02,5.091890999999999963e+02
8.391805852982611214e+02,5.091890999999999963e+02
8.393510440995157751e+02,5.091890999999999963e+02
8.394681870349990049e+02,5.091890999999999963e+02
8.396921869779736198e+02,5.091890999999999963e+02
8.397557887717368885e+02,5.091890999999999963e+02
8.399263742140027489e+02,5.091890999999999963e+02
8.400433905084746584e+02,5.091890999999999963e+02
8.405911549469965394e+02,5.091890999999999963e+02
8.403309922452125420e+02,5.091890999999999963e+02
8.405017043284898364e+02,5.091890999999999963e+02
8.406185939819503119e+02,5.091890999999999963e+02
8.408433541057269167e+02,5.091890999999999963e+02
8.409061957186881955e+02,5.091890999999999963e+02
8.410770344429768102e+02,5.091890999999999963e+02
8.411937974554260791e+02,5.091890999999999963e+02
8.415275574955910542e+02,5.091890999999999963e+02
8.414813991921638490e+02,5.091890999999999963e+02
8.416523645574637840e+02,5.091890999999999963e+02
8.417690009289017326e+02,5.091890999999999963e+02
8.419945212334802136e+02,5.091890999999999963e+02
8.420566026656395024e+02,5.091890999999999963e+02
8.422276946719508715e+02,5.091890999999999963e+02
8.423442044023773860e+02,5.091890999999999963e+02
9.407191000000000258e+02,4.152465799999999945e+02
8.426318061391152696e+02,5.091890999999999963e+02
8.428030247864378453e+02,5.091890999999999963e+02
8.429194078758530395e+02,5.091890999999999963e+02
8.431456883612335105e+02,5.091890999999999963e+02
8.432070096125909231e+02,5.091890999999999963e+02
8.433783549009248190e+02,5.091890999999999963e+02
8.434946113493286930e+02,5.091890999999999963e+02
8.438319220282188553e+02,5.091890999999999963e+02
8.437822130860665766e+02,5.091890999999999963e+02
8.439536850154119065e+02,5.091890999999999963e+02
8.440698148228044602e+02,5.091890999999999963e+02
8.442968554889868074e+02,5.091890999999999963e+02
8.443574165595422301e+02,5.091890999999999963e+02
8.445290151298988803e+02,5.091890999999999963e+02
8.446450182962801136e+02,5.091890999999999963e+02
8.452080266431096334e+02,5.251644000000000005e+02
8.449326200330178835e+02,5.251644000000000005e+02
8.451043452443858541e+02,5.251644000000000005e+02
8.452202217697557671e+02,5.251644000000000005e+02
8.454480226167401042e+02,5.251644000000000005e+02
8.455078235064936507e+02,5.251644000000000005e+02
8.456796753588729416e+02,5.251644000000000005e+02
8.457954252432314206e+02,5.251644000000000005e+02
8.461362865608467700e+02,5.251644000000000005e+02
8.460830269799693042e+02,5.251644000000000005e+02
8.462550054733599154e+02,5.251644000000000005e+02
8.463706287167070741e+02,5.251644000000000005e+02
8.465991897444934011e+02,5.251644000000000005e+02
8.466582304534449577e+02,5.251644000000000005e+02
8.468303355878468892e+02,5.251644000000000005e+02
8.469458321901828413e+02,5.251644000000000005e+02
9.040837999999999965e+02,4.379782700000000091e+02
8.472334339269206112e+02,1.891275599999999883e+02
8.474056657023339767e+02,1.891275599999999883e+02
8.475210356636584947e+02,1.891275599999999883e+02
8.477503568722466980e+02,1.891275599999999883e+02
8.478086374003962646e+02,1.891275599999999883e+02
8.479809958168209505e+02,1.891275599999999883e+02
8.480962391371341482e+02,1.891275599999999883e+02
8.484406510934745711e+02,1.891275599999999883e+02
8.483838408738720318e+02,1.891275599999999883e+02
8.485563259313079243e+02,1.891275599999999883e+02
8.486714426106098017e+02,1.891275599999999883e+02
8.489015240000001086e+02,1.891275599999999883e+02
8.489590443473476853e+02,1.891275599999999883e+02
8.491316560457950118e+02,1.891275599999999883e+02
8.492466460840854552e+02,1.891275599999999883e+02
8.498248983392227274e+02,1.891275599999999883e+02
8.495342478208233388e+02,1.891275599999999883e+02
8.497069861602819856e+02,1.891275599999999883e+02
8.498218495575612224e+02,1.891275599999999883e+02
8.500526911277534055e+02,1.891275599999999883e+02
8.501094512942989923e+02,1.891275599999999883e+02
8.502823162747689594e+02,1.891275599999999883e+02
8.503970530310368758e+02,1.891275599999999883e+02
8.507450156261024858e+02,2.315997299999999939e+02
8.506846547677746457e+02,2.315997299999999939e+02
8.508576463892560469e+02,2.315997299999999939e+02
8.509722565045125293e+02,2.315997299999999939e+02
8.512038582555067023e+02,2.315997299999999939e+02
8.512598582412504129e+02,2.315997299999999939e+02
8.514329765037430207e+02,2.315997299999999939e+02
8.515474599779881828e+02,2.315997299999999939e+02
8.771820999999999913e+02,4.592805200000000241e+02
8.518350617147260664e+02,5.372203399999999647e+02
8.520083066182299945e+02,5.372203399999999647e+02
8.521226634514638363e+02,5.372203399999999647e+02
8.523550253832599992e+02,5.372203399999999647e+02
8.524102651882017199e+02,5.372203399999999647e+02
8.525836367327170819e+02,5.372203399999999647e+02
8.526978669249396035e+02,5.372203399999999647e+02
8.530493801587302869e+02,5.372203399999999647e+02
8.529854686616773733e+02,5.372203399999999647e+02
8.531589668472040557e+02,5.372203399999999647e+02
8.532730703984152569e+02,5.372203399999999647e+02
8.535061925110132961e+02,5.372203399999999647e+02
8.535606721351531405e+02,5.372203399999999647e+02
8.537342969616910295e+02,5.372203399999999647e+02
8.538482738718909104e+02,5.372203399999999647e+02
8.544417700353358214e+02,5.372203399999999647e+02
8.541358756086287940e+02,5.372203399999999647e+02
8.543096270761780033e+02,5.372203399999999647e+02
8.544234773453665639e+02,5.372203399999999647e+02
8.546573596387665930e+02,5.372203399999999647e+02
8.547110790821044475e+02,5.372203399999999647e+02
8.548849571906650908e+02,5.372203399999999647e+02
8.549986808188423311e+02,5.372203399999999647e+02
8.553537446913582016e+02,5.372203399999999647e+02
8.552862825555801010e+02,5.372203399999999647e+02
8.554602873051520646e+02,5.372203399999999647e+02
8.555738842923179845e+02,5.372203399999999647e+02
8.558085267665198899e+02,5.372203399999999647e+02
8.558614860290557544e+02,5.372203399999999647e+02
8.560356174196390384e+02,5.372203399999999647e+02
8.561490877657936380e+02,5.372203399999999647e+02
8.589425700000000461e+02,4.814531200000000126e+02
8.564366895025315216e+02,4.814531200000000126e+02
8.566109475341261259e+02,4.814531200000000126e+02
8.567242912392692915e+02,4.814531200000000126e+02
8.569596938942731867e+02,4.814531200000000126e+02
8.570118929760071751e+02,4.814531200000000126e+02
8.571862776486130997e+02,4.814531200000000126e+02
8.572994947127449450e+02,4.814531200000000126e+02
8.576581092239861164e+02,4.814531200000000126e+02
8.575870964494828286e+02,4.814531200000000126e+02
8.577616077631000735e+02,4.814531200000000126e+02
8.578746981862207122e+02,4.814531200000000126e+02
8.581108610220264836e+02,4.814531200000000126e+02
8.581622999229584821e+02,4.814531200000000126e+02
8.583369378775871610e+02,4.814531200000000126e+02
8.584499016596963656e+02,4.814531200000000126e+02
8.590586417314488017e+02,4.814531200000000126e+02
8.587375033964341355e+02,4.814531200000000126e+02
8.589122679920741348e+02,4.814531200000000126e+02
8.590251051331720191e+02,4.814531200000000126e+02
8.592620281497797805e+02,4.814531200000000126e+02
8.593127068699099027e+02,4.814531200000000126e+02
8.594875981065611086e+02,4.814531200000000126e+02
8.596003086066476726e+02,4.814531200000000126e+02
8.599624737566139174e+02,4.814531200000000126e+02
8.598879103433855562e+02,4.814531200000000126e+02
8.600629282210481961e+02,4.814531200000000126e+02
8.601755120801233261e+02,4.814531200000000126e+02
8.604131952775330774e+02,4.814531200000000126e+02
8.604631138168612097e+02,4.814531200000000126e+02
8.606382583355351699e+02,4.814531200000000126e+02
8.607507155535990933e+02,4.814531200000000126e+02
8.444238000000000284e+02,5.091890999999999963e+02
8.610383172903368632e+02,3.061734599999999773e+02
8.612135884500221437e+02,3.061734599999999773e+02
8.613259190270747467e+02,3.061734599999999773e+02
8.615643624052863743e+02,6.397707500000000209e+02
8.616135207638125166e+02,6.397707500000000209e+02
8.617889185645092311e+02,6.397707500000000209e+02
8.619011225005504002e+02,6.397707500000000209e+02
8.622668382892418322e+02,6.397707500000000209e+02
8.621887242372882838e+02,6.397707500000000209e+02
8.623642486789962049e+02,6.397707500000000209e+02
8.624763259740260537e+02,6.397707500000000209e+02
8.627155295330396712e+02,6.397707500000000209e+02
8.627639277107639373e+02,6.397707500000000209e+02
8.629395787934831787e+02,6.397707500000000209e+02
8.630515294475017072e+02,6.397707500000000209e+02
8.636755134275618957e+02,6.751431999999999789e+02
8.633391311842395908e+02,6.751431999999999789e+02
8.635149089079702662e+02,6.751431999999999789e+02
8.636267329209774744e+02,6.751431999999999789e+02
8.638666966607929680e+02,6.751431999999999789e+02
8.639143346577152442e+02,6.751431999999999789e+02
8.640902390224572400e+02,6.751431999999999789e+02
8.642019363944531278e+02,6.751431999999999789e+02
8.645712028218696332e+02,6.751431999999999789e+02
8.644895381311908977e+02,6.751431999999999789e+02
8.646655691369442138e+02,6.751431999999999789e+02
8.647771398679287813e+02,6.751431999999999789e+02
8.650178637885462649e+02,6.751431999999999789e+02
8.650647416046666649e+02,6.751431999999999789e+02
8.652408992514313013e+02,6.751431999999999789e+02
8.653523433414044348e+02,6.751431999999999789e+02
8.448808999999999969e+02,5.251644000000000005e+02
8.656399450781423184e+02,6.828871000000000322e+02
8.658162293659182751e+02,6.828871000000000322e+02
8.659275468148800883e+02,6.828871000000000322e+02
8.661690309162996755e+02,6.828871000000000322e+02
8.662151485516179719e+02,6.828871000000000322e+02
8.663915594804052489e+02,6.828871000000000322e+02
8.665027502883558554e+02,6.828871000000000322e+02
8.668755673544975480e+02,6.828871000000000322e+02
8.667903520250936253e+02,6.828871000000000322e+02
8.669668895948923364e+02,6.828871000000000322e+02
8.670779537618315089e+02,6.828871000000000322e+02
8.673201980440529724e+02,6.828871000000000322e+02
8.673655554985692788e+02,6.828871000000000322e+02
8.675422197093793102e+02,6.828871000000000322e+02
8.676531572353071624e+02,6.828871000000000322e+02
8.682923851236749897e+02,6.828871000000000322e+02
8.679407589720450460e+02,6.828871000000000322e+02
8.681175498238662840e+02,6.828871000000000322e+02
8.682283607087828159e+02,6.828871000000000322e+02
8.684713651718062692e+02,6.828871000000000322e+02
8.685159624455206995e+02,6.828871000000000322e+02
8.686928799383532578e+02,6.828871000000000322e+02
8.688035641822584694e+02,6.828871000000000322e+02
8.691799318871253490e+02,6.828871000000000322e+02
8.690911659189963530e+02,6.828871000000000322e+02
8.692682100528403453e+02,6.828871000000000322e+02
8.693787676557342365e+02,6.828871000000000322e+02
8.696225322995595661e+02,6.828871000000000322e+02
8.696663693924720064e+02,6.828871000000000322e+02
8.698435401673273191e+02,6.828871000000000322e+02
8.699539711292098900e+02,6.828871000000000322e+02
8.560588000000000193e+02,5.372203399999999647e+02
8.702415728659476599e+02,6.828871000000000322e+02
8.704188702818142929e+02,6.828871000000000322e+02
8.705291746026855435e+02,6.828871000000000322e+02
8.707736994273128630e+02,6.828871000000000322e+02
8.708167763394234271e+02,6.828871000000000322e+02
8.709942003963013804e+02,6.828871000000000322e+02
8.711043780761611970e+02,6.828871000000000322e+02
8.714842964197532638e+02,6.828871000000000322e+02
8.713919798128990806e+02,6.828871000000000322e+02
8.715695305107883541e+02,6.828871000000000322e+02
8.716795815496368505e+02,6.828871000000000322e+02
8.719248665550661599e+02,6.828871000000000322e+02
8.719671832863747341e+02,6.828871000000000322e+02
8.721448606252753279e+02,6.828871000000000322e+02
8.722547850231126176e+02,6.828871000000000322e+02
8.729092568197880837e+02,6.828871000000000322e+02
8.725423867598503875e+02,6.828871000000000322e+02
8.727201907397624154e+02,6.828871000000000322e+02
8.728299884965882711e+02,6.828871000000000322e+02
8.730760336828194568e+02,6.828871000000000322e+02
8.731175902333261547e+02,6.828871000000000322e+02
8.732955208542493892e+02,6.828871000000000322e+02
8.734051919700639246e+02,6.828871000000000322e+02
8.737886609523811785e+02,6.828871000000000322e+02
8.736927937068018082e+02,6.828871000000000322e+02
8.738708509687363630e+02,6.828871000000000322e+02
8.739803954435395781e+02,6.828871000000000322e+02
8.742272008105727537e+02,6.828871000000000322e+02
8.742679971802774617e+02,6.828871000000000322e+02
8.744461810832234505e+02,6.828871000000000322e+02
8.745555989170153453e+02,6.828871000000000322e+02
8.890567999999999529e+02,5.437585400000000391e+02
8.748432006537531151e+02,6.126135000000000446e+02
8.750215111977104243e+02,6.126135000000000446e+02
8.751308023904909987e+02,6.126135000000000446e+02
8.753783679383260505e+02,6.126135000000000446e+02
8.754184041272287686e+02,6.126135000000000446e+02
8.755968413121973981e+02,6.126135000000000446e+02
8.757060058639666522e+02,6.126135000000000446e+02
8.760930254850089796e+02,6.126135000000000446e+02
8.759936076007045358e+02,6.126135000000000446e+02
8.761721714266844856e+02,6.126135000000000446e+02
8.762812093374423057e+02,6.126135000000000446e+02
8.765295350660793474e+02,6.126135000000000446e+02
8.765688110741801893e+02,6.126135000000000446e+02
8.767475015411714594e+02,6.126135000000000446e+02
8.768564128109179592e+02,6.126135000000000446e+02
8.775261285159011777e+02,4.592805200000000241e+02
8.771440145476558428e+02,4.592805200000000241e+02
8.773228316556584332e+02,4.592805200000000241e+02
8.774316162843937263e+02,4.592805200000000241e+02
8.776807021938326443e+02,4.592805200000000241e+02
8.777192180211314962e+02,4.592805200000000241e+02
8.778981617701455207e+02,4.592805200000000241e+02
8.780068197578693798e+02,4.592805200000000241e+02
8.783973900176368943e+02,4.014798599999999738e+02
8.782944214946071497e+02,4.014798599999999738e+02
8.784734918846324945e+02,4.014798599999999738e+02
8.785820232313450333e+02,4.014798599999999738e+02
8.788318693215859412e+02,4.014798599999999738e+02
8.788696249680829169e+02,4.014798599999999738e+02
8.790488219991194683e+02,4.014798599999999738e+02
8.791572267048206868e+02,4.014798599999999738e+02
9.253446999999999889e+02,5.329488499999999931e+02
8.794448284415585704e+02,6.858416999999999462e+02
8.796241521136065558e+02,6.858416999999999462e+02
8.797324301782963403e+02,6.858416999999999462e+02
8.799830364493392381e+02,6.858416999999999462e+02
8.800200319150342239e+02,6.858416999999999462e+02
8.801994822280935296e+02,6.858416999999999462e+02
8.803076336517721074e+02,6.858416999999999462e+02
8.807017545502646954e+02,6.858416999999999462e+02
8.805952353885098773e+02,6.858416999999999462e+02
8.807748123425805034e+02,6.858416999999999462e+02
8.808828371252477609e+02,6.858416999999999462e+02
8.811342035770925349e+02,6.858416999999999462e+02
8.811704388619855308e+02,6.858416999999999462e+02
8.813501424570675908e+02,6.858416999999999462e+02
8.814580405987234144e+02,6.858416999999999462e+02
8.821430002120142717e+02,6.858416999999999462e+02
8.817456423354612980e+02,6.858416999999999462e+02
8.819254725715545646e+02,6.858416999999999462e+02
8.820332440721990679e+02,6.858416999999999462e+02
8.822853707048458318e+02,6.858416999999999462e+02
8.823208458089369515e+02,6.858416999999999462e+02
8.825008026860415384e+02,6.858416999999999462e+02
8.826084475456747214e+02,6.858416999999999462e+02
8.830061190828926101e+02,6.858416999999999462e+02
8.828960492824126050e+02,6.858416999999999462e+02
8.830761328005285122e+02,6.858416999999999462e+02
8.831836510191504885e+02,6.858416999999999462e+02
8.834365378325991287e+02,6.858416999999999462e+02
8.834712527558882584e+02,6.858416999999999462e+02
8.836514629150155997e+02,6.858416999999999462e+02
8.837588544926261420e+02,6.858416999999999462e+02
9.546958600000000388e+02,5.148619400000000041e+02
8.840464562293639119e+02,6.858416999999999462e+02
8.842267930295025735e+02,6.858416999999999462e+02
8.843340579661017955e+02,6.858416999999999462e+02
8.845877049603524256e+02,6.858416999999999462e+02
8.846216597028396791e+02,6.858416999999999462e+02
8.848021231439895473e+02,6.858416999999999462e+02
8.849092614395774490e+02,6.858416999999999462e+02
8.853104836155204111e+02,6.858416999999999462e+02
8.851968631763153326e+02,6.858416999999999462e+02
8.853774532584766348e+02,6.858416999999999462e+02
8.854844649130531025e+02,6.858416999999999462e+02
8.857388720881058362e+02,6.858416999999999462e+02
8.857720666497909860e+02,6.858416999999999462e+02
8.859527833729636086e+02,6.858416999999999462e+02
8.860596683865288696e+02,6.858416999999999462e+02
8.867598719081272520e+02,5.437585400000000391e+02
8.863472701232666395e+02,5.437585400000000391e+02
8.865281134874505824e+02,5.437585400000000391e+02
8.866348718600045231e+02,5.437585400000000391e+02
8.868900392158591330e+02,5.437585400000000391e+02
8.869224735967422930e+02,5.437585400000000391e+02
8.871034436019376699e+02,5.437585400000000391e+02
8.872100753334801766e+02,5.437585400000000391e+02
8.876148481481483259e+02,5.437585400000000391e+02
8.874976770702180602e+02,5.437585400000000391e+02
8.876787737164246437e+02,5.437585400000000391e+02
8.877852788069558301e+02,5.437585400000000391e+02
8.880412063436124299e+02,5.437585400000000391e+02
8.880728805436937137e+02,5.437585400000000391e+02
8.882541038309116175e+02,5.437585400000000391e+02
8.883604822804314836e+02,5.437585400000000391e+02
9.743269999999999982e+02,4.928110399999999913e+02
8.886480840171693671e+02,5.437585400000000391e+02
8.888294339453987050e+02,5.437585400000000391e+02
8.889356857539072507e+02,5.437585400000000391e+02
8.891923734713657268e+02,5.437585400000000391e+02
8.892232874906450206e+02,5.437585400000000391e+02
8.894047640598856788e+02,5.437585400000000391e+02
8.895108892273829042e+02,5.437585400000000391e+02
8.899192126807762406e+02,5.437585400000000391e+02
8.897984909641206741e+02,5.437585400000000391e+02
8.899800941743726526e+02,5.437585400000000391e+02
8.900860927008585577e+02,5.437585400000000391e+02
8.903435405991190237e+02,5.437585400000000391e+02
8.903736944375964413e+02,5.437585400000000391e+02
8.905554242888597400e+02,5.437585400000000391e+02
8.906612961743342112e+02,5.437585400000000391e+02
8.913767436042403460e+02,5.437585400000000391e+02
8.909488979110720948e+02,5.437585400000000391e+02
8.911307544033467138e+02,5.437585400000000391e+02
8.912364996478098647e+02,5.437585400000000391e+02
8.914947077268723206e+02,5.437585400000000391e+02
8.915241013845477482e+02,5.437585400000000391e+02
8.917060845178336876e+02,5.437585400000000391e+02
8.918117031212856318e+02,5.437585400000000391e+02
8.922235772134040417e+02,5.437585400000000391e+02
8.920993048580234017e+02,5.437585400000000391e+02
8.922814146323207751e+02,5.437585400000000391e+02
8.923869065947612853e+02,5.437585400000000391e+02
8.926458748546256174e+02,5.437585400000000391e+02
8.926745083314991689e+02,5.437585400000000391e+02
8.928567447468077489e+02,5.437585400000000391e+02
8.929621100682369388e+02,5.437585400000000391e+02
9.898692600000000539e+02,4.647441400000000158e+02
8.932497118049748224e+02,5.822940700000000334e+02
8.934320748612947227e+02,5.822940700000000334e+02
8.935373135417125923e+02,5.822940700000000334e+02
8.937970419823789143e+02,5.822940700000000334e+02
8.938249152784504759e+02,5.822940700000000334e+02
8.940074049757818102e+02,5.822940700000000334e+02
8.941125170151883594e+02,5.822940700000000334e+02
8.945279417460319564e+02,5.822940700000000334e+02
8.944001187519261293e+02,5.822940700000000334e+02
8.945827350902687840e+02,5.822940700000000334e+02
8.946877204886640129e+02,5.822940700000000334e+02
8.949482091101322112e+02,5.822940700000000334e+02
8.949753222254017828e+02,5.822940700000000334e+02
8.951580652047557578e+02,5.822940700000000334e+02
8.952629239621396664e+02,5.822940700000000334e+02
8.959936153003534400e+02,5.822940700000000334e+02
8.955505256988775500e+02,5.822940700000000334e+02
8.957333953192428453e+02,5.822940700000000334e+02
8.958381274356153199e+02,5.822940700000000334e+02
8.960993762378855081e+02,5.822940700000000334e+02
8.961257291723532035e+02,5.822940700000000334e+02
8.963087254337298191e+02,5.822940700000000334e+02
8.964133309090909734e+02,5.822940700000000334e+02
8.968323062786597575e+02,5.822940700000000334e+02
8.967009326458288569e+02,5.822940700000000334e+02
8.968840555482167929e+02,5.822940700000000334e+02
8.969885343825667405e+02,5.822940700000000334e+02
8.972505433656388050e+02,5.822940700000000334e+02
8.972761361193045104e+02,5.822940700000000334e+02
8.974593856627037667e+02,5.822940700000000334e+02
8.975637378560423940e+02,5.822940700000000334e+02
9.959864499999999907e+02,4.399874300000000176e+02
8.978513395927801639e+02,5.822940700000000334e+02
8.980347157771908542e+02,5.822940700000000334e+02
8.981389413295180475e+02,5.822940700000000334e+02
8.984017104933921019e+02,6.820988999999999578e+02
8.984265430662559311e+02,6.820988999999999578e+02
8.986100458916778280e+02,6.820988999999999578e+02
8.987141448029937010e+02,6.820988999999999578e+02
8.991366708112876722e+02,6.820988999999999578e+02
8.990017465397315846e+02,6.820988999999999578e+02
8.991853760061648018e+02,6.820988999999999578e+02
8.992893482764693545e+02,6.820988999999999578e+02
8.995528776211453987e+02,6.820988999999999578e+02
8.995769500132072380e+02,6.820988999999999578e+02
8.997607061206518893e+02,6.820988999999999578e+02
8.998645517499451216e+02,6.820988999999999578e+02
9.006104869964665340e+02,6.820988999999999578e+02
9.001521534866828915e+02,6.820988999999999578e+02
9.003360362351388630e+02,6.820988999999999578e+02
9.004397552234207751e+02,6.820988999999999578e+02
9.007040447488986956e+02,6.820988999999999578e+02
9.007273569601585450e+02,6.820988999999999578e+02
9.009113663496258368e+02,6.820988999999999578e+02
9.010149586968964286e+02,6.820988999999999578e+02
9.014410353439154733e+02,6.820988999999999578e+02
9.013025604336343122e+02,6.820988999999999578e+02
9.014866964641129243e+02,6.820988999999999578e+02
9.015901621703720821e+02,6.820988999999999578e+02
9.018552118766519925e+02,6.820988999999999578e+02
9.018777639071099657e+02,6.820988999999999578e+02
9.020620265785998981e+02,6.820988999999999578e+02
9.021653656438477356e+02,6.820988999999999578e+02
9.957083999999999833e+02,4.240328400000000215e+02
9.024529673805856191e+02,4.379782700000000091e+02
9.026373566930868719e+02,4.379782700000000091e+02
9.027405691173235027e+02,4.379782700000000091e+02
9.030063790044054031e+02,4.379782700000000091e+02
9.030281708540612726e+02,4.379782700000000091e+02
9.032126868075739594e+02,4.379782700000000091e+02
9.033157725907991562e+02,4.379782700000000091e+02
9.037453998765433880e+02,4.379782700000000091e+02
9.036033743275369261e+02,4.379782700000000091e+02
9.037880169220609332e+02,4.379782700000000091e+02
9.038909760642748097e+02,4.379782700000000091e+02
9.041575461321586999e+02,4.379782700000000091e+02
9.041785778010126933e+02,4.379782700000000091e+02
9.043633470365479070e+02,4.379782700000000091e+02
9.044661795377504632e+02,4.379782700000000091e+02
9.052273586925796280e+02,4.379782700000000091e+02
9.047537812744883468e+02,4.379782700000000091e+02
9.049386771510349945e+02,4.379782700000000091e+02
9.050413830112261167e+02,4.379782700000000091e+02
9.053087132599119968e+02,4.379782700000000091e+02
9.053289847479640002e+02,4.379782700000000091e+02
9.055140072655219683e+02,4.379782700000000091e+02
9.056165864847018838e+02,4.379782700000000091e+02
9.060497644091713028e+02,4.379782700000000091e+02
9.059041882214396537e+02,4.379782700000000091e+02
9.060893373800089421e+02,4.379782700000000091e+02
9.061917899581775373e+02,4.379782700000000091e+02
9.064598803876652937e+02,4.379782700000000091e+02
9.064793916949153072e+02,4.379782700000000091e+02
9.066646674944960296e+02,4.379782700000000091e+02
9.067669934316531908e+02,4.379782700000000091e+02
9.936278999999999542e+02,4.165139199999999846e+02
9.070545951683910744e+02,4.379782700000000091e+02
9.072399976089830034e+02,4.379782700000000091e+02
9.073421969051288443e+02,4.379782700000000091e+02
9.076110475154185906e+02,4.379782700000000091e+02
9.076297986418667278e+02,4.379782700000000091e+02
9.078153277234699772e+02,4.379782700000000091e+02
9.079174003786044977e+02,4.379782700000000091e+02
9.083541289417991038e+02,4.379782700000000091e+02
9.082050021153423813e+02,4.379782700000000091e+02
9.083906578379570647e+02,4.379782700000000091e+02
9.084926038520802649e+02,4.379782700000000091e+02
9.087622146431718875e+02,4.379782700000000091e+02
9.087802055888180348e+02,4.379782700000000091e+02
9.089659879524440385e+02,4.379782700000000091e+02
9.090678073255559184e+02,4.379782700000000091e+02
9.098442303886927220e+02,4.379782700000000091e+02
9.093554090622936883e+02,4.379782700000000091e+02
9.095413180669310123e+02,4.379782700000000091e+02
9.096430107990315719e+02,4.379782700000000091e+02
9.099133817709251844e+02,4.379782700000000091e+02
9.099306125357694555e+02,4.379782700000000091e+02
9.101166481814180997e+02,4.379782700000000091e+02
9.102182142725072254e+02,4.379782700000000091e+02
9.106584934744270186e+02,4.379782700000000091e+02
9.105058160092451089e+02,4.379782700000000091e+02
9.106919782959050735e+02,4.379782700000000091e+02
9.107934177459829925e+02,4.379782700000000091e+02
9.110645488986784812e+02,4.379782700000000091e+02
9.110810194827207624e+02,4.379782700000000091e+02
9.112673084103920473e+02,4.379782700000000091e+02
9.113686212194586460e+02,4.379782700000000091e+02
9.926020499999999629e+02,4.147138699999999858e+02
9.116562229561964159e+02,6.705021000000000413e+02
9.118426385248791348e+02,6.705021000000000413e+02
9.119438246929342995e+02,6.705021000000000413e+02
9.122157160264317781e+02,6.705021000000000413e+02
9.122314264296721831e+02,6.705021000000000413e+02
9.124179686393661086e+02,6.705021000000000413e+02
9.125190281664099530e+02,6.705021000000000413e+02
9.129628580070548196e+02,6.705021000000000413e+02
9.128066299031478366e+02,6.705021000000000413e+02
9.129932987538530824e+02,6.705021000000000413e+02
9.130942316398856065e+02,6.705021000000000413e+02
9.133668831541850750e+02,6.705021000000000413e+02
9.133818333766234900e+02,6.705021000000000413e+02
9.135686288683400562e+02,6.705021000000000413e+02
9.136694351133613736e+02,6.705021000000000413e+02
9.144611020848057024e+02,6.705021000000000413e+02
9.139570368500991435e+02,6.705021000000000413e+02
9.141439589828271437e+02,6.705021000000000413e+02
9.142446385868370271e+02,6.705021000000000413e+02
9.145180502819383719e+02,6.705021000000000413e+02
9.145322403235747970e+02,6.705021000000000413e+02
9.147192890973141175e+02,6.705021000000000413e+02
9.148198420603126806e+02,6.705021000000000413e+02
9.152672225396827344e+02,6.705021000000000413e+02
9.151074437970505642e+02,6.705021000000000413e+02
9.152946192118010913e+02,6.705021000000000413e+02
9.153950455337883341e+02,6.705021000000000413e+02
9.156692174096916688e+02,6.705021000000000413e+02
9.156826472705262177e+02,6.705021000000000413e+02
9.158699493262881788e+02,6.705021000000000413e+02
9.159702490072639876e+02,6.705021000000000413e+02
9.904746000000000095e+02,4.148073699999999917e+02
9.162578507440018711e+02,6.705021000000000413e+02
9.164452794407751526e+02,6.705021000000000413e+02
9.165454524807397547e+02,6.705021000000000413e+02
9.168203845374449656e+02,6.705021000000000413e+02
9.168330542174775246e+02,6.705021000000000413e+02
9.170206095552621264e+02,6.705021000000000413e+02
9.171206559542154082e+02,6.705021000000000413e+02
9.175715870723105354e+02,6.705021000000000413e+02
9.174082576909531781e+02,6.705021000000000413e+02
9.175959396697492139e+02,6.705021000000000413e+02
9.176958594276910617e+02,6.705021000000000413e+02
9.179715516651982625e+02,6.705021000000000413e+02
9.179834611644289453e+02,6.705021000000000413e+02
9.181712697842361877e+02,6.705021000000000413e+02
9.182710629011667152e+02,6.705021000000000413e+02
9.190779737809187964e+02,6.705021000000000413e+02
9.185586646379045987e+02,6.705021000000000413e+02
9.187465998987231615e+02,6.705021000000000413e+02
9.188462663746423686e+02,6.705021000000000413e+02
9.191227187929515594e+02,6.705021000000000413e+02
9.191338681113802522e+02,6.705021000000000413e+02
9.193219300132102489e+02,6.705021000000000413e+02
9.194214698481181358e+02,6.705021000000000413e+02
9.198759516049384501e+02,6.705021000000000413e+02
9.197090715848559057e+02,6.705021000000000413e+02
9.198972601276972227e+02,6.705021000000000413e+02
9.199966733215937893e+02,6.705021000000000413e+02
9.202738859207048563e+02,6.705021000000000413e+02
9.202842750583315592e+02,6.705021000000000413e+02
9.204725902421841965e+02,6.705021000000000413e+02
9.205718767950694428e+02,6.705021000000000413e+02
9.859668000000000347e+02,4.236838399999999751e+02
9.208594785318073264e+02,5.329488499999999931e+02
9.210479203566712840e+02,5.329488499999999931e+02
9.211470802685450963e+02,5.329488499999999931e+02
9.214250530484581532e+02,5.329488499999999931e+02
9.214346820052829798e+02,5.329488499999999931e+02
9.216232504711582578e+02,5.329488499999999931e+02
9.217222837420207497e+02,5.329488499999999931e+02
9.221803161375663649e+02,5.329488499999999931e+02
9.220098854787586333e+02,5.329488499999999931e+02
9.221985805856452316e+02,5.329488499999999931e+02
9.222974872154965169e+02,5.329488499999999931e+02
9.225762201762115637e+02,5.329488499999999931e+02
9.225850889522342868e+02,5.329488499999999931e+02
9.227739107001323191e+02,5.329488499999999931e+02
9.228726906889721704e+02,5.329488499999999931e+02
9.236948454770318904e+02,5.329488499999999931e+02
9.231602924257099403e+02,5.329488499999999931e+02
9.233492408146192929e+02,5.329488499999999931e+02
9.234478941624478239e+02,5.329488499999999931e+02
9.237273873039648606e+02,5.329488499999999931e+02
9.237354958991857075e+02,5.329488499999999931e+02
9.239245709291062667e+02,5.329488499999999931e+02
9.240230976359234774e+02,5.329488499999999931e+02
9.244846806701941659e+02,5.329488499999999931e+02
9.243106993726613609e+02,5.329488499999999931e+02
9.244999010435933542e+02,5.329488499999999931e+02
9.245983011093991308e+02,5.329488499999999931e+02
9.248785544317181575e+02,5.329488499999999931e+02
9.248859028461370144e+02,5.329488499999999931e+02
9.250752311580803280e+02,5.329488499999999931e+02
9.251735045828748980e+02,5.329488499999999931e+02
9.809981699999999591e+02,4.494085699999999974e+02
9.254611063196126679e+02,5.329488499999999931e+02
9.256505612725673018e+02,5.329488499999999931e+02
9.257487080563505515e+02,5.329488499999999931e+02
9.260297215594714544e+02,5.329488499999999931e+02
9.260363097930883214e+02,5.329488499999999931e+02
9.262258913870543893e+02,5.329488499999999931e+02
9.263239115298262050e+02,5.329488499999999931e+02
9.267890452028220807e+02,5.329488499999999931e+02
9.266115132665640886e+02,5.329488499999999931e+02
9.268012215015413631e+02,5.329488499999999931e+02
9.268991150033018585e+02,5.329488499999999931e+02
9.271808886872247513e+02,5.329488499999999931e+02
9.271867167400397420e+02,5.329488499999999931e+02
9.273765516160283369e+02,5.329488499999999931e+02
9.274743184767775119e+02,5.329488499999999931e+02
9.283117171731449844e+02,5.458075000000000045e+02
9.277619202135153955e+02,5.458075000000000045e+02
9.279518817305153107e+02,5.458075000000000045e+02
9.280495219502532791e+02,5.458075000000000045e+02
9.283320558149780481e+02,5.458075000000000045e+02
9.283371236869910490e+02,5.458075000000000045e+02
9.285272118450023981e+02,5.458075000000000045e+02
9.286247254237289326e+02,5.458075000000000045e+02
9.290934097354498817e+02,5.458075000000000045e+02
9.289123271604667025e+02,5.458075000000000045e+02
9.291025419594893719e+02,5.458075000000000045e+02
9.291999288972045861e+02,5.458075000000000045e+02
9.294832229427313450e+02,5.458075000000000045e+02
9.294875306339424696e+02,5.458075000000000045e+02
9.296778720739763457e+02,5.458075000000000045e+02
9.297751323706802395e+02,5.458075000000000045e+02
9.760348999999999933e+02,4.873702400000000239e+02
9.300627341074181231e+02,6.520267300000000432e+02
9.302532021884634332e+02,6.520267300000000432e+02
9.303503358441560067e+02,6.520267300000000432e+02
9.306343900704846419e+02,6.520267300000000432e+02
9.306379375808937766e+02,6.520267300000000432e+02
9.308285323029504070e+02,6.520267300000000432e+02
9.309255393176316602e+02,6.520267300000000432e+02
9.313977742680777965e+02,6.520267300000000432e+02
9.312131410543694301e+02,6.520267300000000432e+02
9.314038624174373808e+02,6.520267300000000432e+02
9.315007427911073137e+02,6.520267300000000432e+02
9.317855571982379388e+02,6.520267300000000432e+02
9.317883445278451973e+02,6.520267300000000432e+02
9.319791925319244683e+02,6.520267300000000432e+02
9.320759462645829672e+02,6.520267300000000432e+02
9.329285888692580784e+02,6.520267300000000432e+02
9.323635480013208507e+02,6.520267300000000432e+02
9.325545226464114421e+02,6.520267300000000432e+02
9.326511497380586206e+02,6.520267300000000432e+02
9.329367243259912357e+02,6.520267300000000432e+02
9.329387514747965042e+02,6.520267300000000432e+02
9.331298527608984159e+02,6.520267300000000432e+02
9.332263532115343878e+02,6.520267300000000432e+02
9.337021388007055975e+02,6.520267300000000432e+02
9.335139549482721577e+02,6.520267300000000432e+02
9.337051828753855034e+02,6.520267300000000432e+02
9.338015566850100413e+02,6.520267300000000432e+02
9.340878914537445326e+02,6.520267300000000432e+02
9.340891584217478112e+02,6.520267300000000432e+02
9.342805129898724772e+02,6.520267300000000432e+02
9.343767601584856948e+02,6.520267300000000432e+02
9.719140599999999495e+02,5.276141400000000203e+02
9.346643618952235784e+02,6.520267300000000432e+02
9.348558431043594510e+02,6.520267300000000432e+02
9.349519636319613483e+02,6.520267300000000432e+02
9.352390585814978294e+02,6.520267300000000432e+02
9.352395653686992318e+02,6.520267300000000432e+02
9.354311732188465385e+02,6.520267300000000432e+02
9.355271671054370017e+02,6.520267300000000432e+02
9.360065033333335123e+02,6.520267300000000432e+02
9.358147688421748853e+02,6.520267300000000432e+02
9.360065033333335123e+02,6.520267300000000432e+02
9.361023705789127689e+02,6.520267300000000432e+02
9.363902257092511263e+02,6.520267300000000432e+02
9.363899723156505388e+02,6.520267300000000432e+02
9.365818334478204861e+02,6.520267300000000432e+02
9.366775740523884224e+02,6.520267300000000432e+02
9.375454605653711724e+02,6.520267300000000432e+02
9.369651757891261923e+02,6.520267300000000432e+02
9.371571635623075736e+02,6.520267300000000432e+02
9.372527775258640759e+02,6.520267300000000432e+02
9.375413928370044232e+02,6.520267300000000432e+02
9.375403792626019595e+02,6.520267300000000432e+02
9.377324936767945474e+02,6.520267300000000432e+02
9.378279809993397294e+02,6.520267300000000432e+02
9.383108678659614270e+02,6.520267300000000432e+02
9.381155827360776129e+02,6.520267300000000432e+02
9.383078237912815212e+02,6.520267300000000432e+02
9.384031844728153828e+02,6.520267300000000432e+02
9.386925599647577201e+02,6.520267300000000432e+02
9.386907862095532664e+02,6.520267300000000432e+02
9.388831539057686086e+02,6.520267300000000432e+02
9.389783879462911500e+02,6.520267300000000432e+02
9.666441700000000310e+02,5.685168499999999767e+02
9.392659896830289199e+02,4.152465799999999945e+02
9.394584840202555824e+02,4.152465799999999945e+02
9.395535914197668035e+02,4.152465799999999945e+02
9.398437270925111306e+02,4.152465799999999945e+02
9.398411931565045734e+02,4.152465799999999945e+02
9.400338141347425562e+02,4.152465799999999945e+02
9.401287948932424570e+02,4.152465799999999945e+02
9.406152323985892281e+02,4.152465799999999945e+02
9.404163966299803405e+02,4.152465799999999945e+02
9.406091442492296437e+02,4.152465799999999945e+02
9.407039983667181104e+02,4.152465799999999945e+02
9.409948942202644275e+02,4.152465799999999945e+02
9.409916001034559940e+02,4.152465799999999945e+02
9.411844743637166175e+02,4.152465799999999945e+02
9.412792018401937639e+02,4.152465799999999945e+02
9.421623322614841527e+02,4.152465799999999945e+02
9.415668035769316475e+02,4.152465799999999945e+02
9.417598044782035913e+02,4.152465799999999945e+02
9.418544053136695311e+02,4.152465799999999945e+02
9.421460613480177244e+02,4.152465799999999945e+02
9.421420070504073010e+02,4.152465799999999945e+02
9.423351345926905651e+02,4.152465799999999945e+02
9.424296087871451846e+02,4.152465799999999945e+02
9.429195969312171428e+02,4.152465799999999945e+02
9.427172105238829545e+02,4.152465799999999945e+02
9.429104647071776526e+02,4.152465799999999945e+02
9.430048122606208381e+02,4.152465799999999945e+02
9.432972284757710213e+02,4.152465799999999945e+02
9.432924139973587216e+02,4.152465799999999945e+02
9.434857948216646264e+02,4.152465799999999945e+02
9.435800157340964915e+02,4.152465799999999945e+02
9.587310999999999694e+02,6.050238000000000511e+02
9.438676174708343751e+02,6.338707000000000562e+02
9.440611249361516002e+02,6.338707000000000562e+02
9.441552192075721450e+02,6.338707000000000562e+02
9.444483956035243182e+02,6.338707000000000562e+02
9.444428209443100286e+02,6.338707000000000562e+02
9.446364550506386877e+02,6.338707000000000562e+02
9.447304226810479122e+02,6.338707000000000562e+02
9.452239614638449439e+02,6.338707000000000562e+02
9.450180244177856821e+02,6.338707000000000562e+02
9.452117851651256615e+02,6.338707000000000562e+02
9.453056261545235657e+02,6.338707000000000562e+02
9.455995627312776151e+02,6.338707000000000562e+02
9.455932278912613356e+02,6.338707000000000562e+02
9.457871152796126353e+02,6.338707000000000562e+02
9.458808296279992192e+02,6.338707000000000562e+02
9.467792039575972467e+02,6.338707000000000562e+02
9.461684313647371027e+02,6.338707000000000562e+02
9.463624453940997228e+02,6.338707000000000562e+02
9.464560331014748726e+02,6.338707000000000562e+02
9.467507298590309119e+02,6.338707000000000562e+02
9.467436348382127562e+02,6.338707000000000562e+02
9.469377755085866966e+02,6.338707000000000562e+02
9.470312365749505261e+02,6.338707000000000562e+02
9.475283259964728586e+02,6.338707000000000562e+02
9.473188383116884097e+02,6.338707000000000562e+02
9.475131056230736704e+02,6.338707000000000562e+02
9.476064400484262933e+02,6.338707000000000562e+02
9.479018969867842088e+02,6.338707000000000562e+02
9.478940417851640632e+02,6.338707000000000562e+02
9.480884357375607578e+02,6.338707000000000562e+02
9.481816435219019468e+02,6.338707000000000562e+02
9.477998000000000047e+02,6.338707000000000562e+02
9.484692452586397167e+02,5.148619400000000041e+02
9.486637658520477316e+02,5.148619400000000041e+02
9.487568469953776003e+02,5.148619400000000041e+02
9.490530641145375057e+02,5.148619400000000041e+02
9.490444487321154838e+02,5.148619400000000041e+02
9.492390959665347054e+02,5.148619400000000041e+02
9.493320504688532537e+02,5.148619400000000041e+02
9.498326905291006597e+02,5.148619400000000041e+02
9.496196522055911373e+02,5.148619400000000041e+02
9.498144260810217929e+02,5.148619400000000041e+02
9.499072539423290209e+02,5.148619400000000041e+02
9.502042312422908026e+02,5.148619400000000041e+02
9.501948556790667908e+02,5.148619400000000041e+02
9.503897561955087667e+02,5.148619400000000041e+02
9.504824574158046744e+02,5.148619400000000041e+02
9.513960756537103407e+02,5.148619400000000041e+02
9.507700591525424443e+02,5.148619400000000041e+02
9.509650863099957405e+02,5.148619400000000041e+02
9.510576608892803279e+02,5.148619400000000041e+02
9.513553983700440995e+02,5.148619400000000041e+02
9.513452626260182114e+02,5.148619400000000041e+02
9.515404164244828280e+02,5.148619400000000041e+02
9.516328643627559813e+02,5.148619400000000041e+02
9.521370550617285744e+02,5.148619400000000041e+02
9.519204660994938649e+02,5.148619400000000041e+02
9.521157465389698018e+02,5.148619400000000041e+02
9.522080678362316348e+02,5.148619400000000041e+02
9.525065654977973963e+02,5.148619400000000041e+02
9.524956695729695184e+02,5.148619400000000041e+02
9.526910766534567756e+02,5.148619400000000041e+02
9.527832713097074020e+02,5.148619400000000041e+02
9.360818000000000438e+02,6.520267300000000432e+02
9.530708730464451719e+02,5.148619400000000041e+02
9.532664067679438631e+02,5.148619400000000041e+02
9.533584747831830555e+02,5.148619400000000041e+02
9.536577326255506932e+02,5.148619400000000041e+02
9.536460765199208254e+02,5.148619400000000041e+02
9.538417368824308369e+02,5.148619400000000041e+02
9.539336782566587090e+02,5.148619400000000041e+02
9.544414195943564891e+02,5.148619400000000041e+02
9.542212799933965925e+02,5.148619400000000041e+02
9.544170669969178107e+02,5.148619400000000041e+02
9.545088817301343624e+02,5.148619400000000041e+02
9.548088997533039901e+02,5.148619400000000041e+02
9.547964834668722460e+02,5.148619400000000041e+02
9.549923971114048982e+02,5.148619400000000041e+02
9.550840852036100159e+02,5.148619400000000041e+02
9.560129473498234347e+02,5.148619400000000041e+02
9.553716869403478995e+02,5.148619400000000041e+02
9.555677272258918720e+02,5.148619400000000041e+02
9.556592886770857831e+02,5.148619400000000041e+02
9.559600668810572870e+02,5.148619400000000041e+02
9.559468904138235530e+02,5.148619400000000041e+02
9.561430573403788458e+02,5.148619400000000041e+02
9.562344921505614366e+02,5.148619400000000041e+02
9.567457841269842902e+02,5.148619400000000041e+02
9.565220938872992065e+02,5.148619400000000041e+02
9.567183874548658196e+02,5.148619400000000041e+02
9.568096956240370901e+02,5.148619400000000041e+02
9.571112340088105839e+02,5.148619400000000041e+02
9.570972973607749736e+02,5.148619400000000041e+02
9.572937175693529070e+02,5.148619400000000041e+02
9.573848990975127435e+02,5.148619400000000041e+02
9.178368000000000393e+02,6.705021000000000413e+02
9.576725008342506271e+02,6.050238000000000511e+02
9.578690476838398808e+02,6.050238000000000511e+02
9.579601025709883970e+02,6.050238000000000511e+02
9.582624011365638808e+02,6.050238000000000511e+02
9.582477043077262806e+02,6.050238000000000511e+02
9.584443777983268546e+02,6.050238000000000511e+02
9.585353060444641642e+02,6.050238000000000511e+02
9.590501486596122049e+02,6.050238000000000511e+02
9.588229077812019341e+02,6.050238000000000511e+02
9.590197079128139421e+02,6.050238000000000511e+02
9.591105095179398177e+02,6.050238000000000511e+02
9.594135682643172913e+02,6.050238000000000511e+02
9.593981112546775876e+02,6.050238000000000511e+02
9.595950380273009159e+02,6.050238000000000511e+02
9.596857129914154712e+02,6.050238000000000511e+02
9.606298190459365287e+02,5.123376500000000533e+02
9.599733147281533547e+02,5.123376500000000533e+02
9.601703681417878897e+02,5.123376500000000533e+02
9.602609164648911246e+02,5.123376500000000533e+02
9.605647353920705882e+02,5.123376500000000533e+02
9.605485182016290082e+02,5.123376500000000533e+02
9.607456982562749772e+02,5.123376500000000533e+02
9.608361199383667781e+02,5.123376500000000533e+02
9.613545131922400060e+02,5.123376500000000533e+02
9.611237216751046617e+02,5.123376500000000533e+02
9.613210283707619510e+02,5.123376500000000533e+02
9.614113234118425453e+02,5.123376500000000533e+02
9.617159025198238851e+02,5.123376500000000533e+02
9.616989251485803152e+02,5.123376500000000533e+02
9.618963584852489248e+02,5.123376500000000533e+02
9.619865268853181988e+02,5.123376500000000533e+02
8.989516999999999598e+02,6.820988999999999578e+02
9.622741286220559687e+02,5.685168499999999767e+02
9.624716885997360123e+02,5.685168499999999767e+02
9.625617303587938522e+02,5.685168499999999767e+02
9.628670696475771820e+02,5.685168499999999767e+02
9.628493320955317358e+02,5.685168499999999767e+02
9.630470187142229861e+02,5.685168499999999767e+02
9.631369338322695057e+02,5.685168499999999767e+02
9.636588777248679207e+02,5.685168499999999767e+02
9.634245355690073893e+02,5.685168499999999767e+02
9.636223488287099599e+02,5.685168499999999767e+02
9.637121373057451592e+02,5.685168499999999767e+02
9.640182367753304788e+02,5.685168499999999767e+02
9.639997390424830428e+02,5.685168499999999767e+02
9.641976789431970474e+02,5.685168499999999767e+02
9.642873407792209264e+02,5.685168499999999767e+02
9.652466907420495090e+02,5.685168499999999767e+02
9.645749425159586963e+02,5.685168499999999767e+02
9.647730090576840212e+02,5.685168499999999767e+02
9.648625442526965799e+02,5.685168499999999767e+02
9.651694039030837757e+02,5.685168499999999767e+02
9.651501459894343498e+02,5.685168499999999767e+02
9.653483391721709950e+02,5.685168499999999767e+02
9.654377477261722333e+02,5.685168499999999767e+02
9.659632422574958355e+02,5.685168499999999767e+02
9.657253494629101169e+02,5.685168499999999767e+02
9.659236692866580825e+02,5.685168499999999767e+02
9.660129511996478868e+02,5.685168499999999767e+02
9.663205710308370726e+02,5.685168499999999767e+02
9.663005529363857704e+02,5.685168499999999767e+02
9.664989994011450563e+02,5.685168499999999767e+02
9.665881546731235403e+02,5.685168499999999767e+02
8.843917000000000144e+02,6.858416999999999462e+02
9.668757564098614239e+02,4.050337999999999852e+02
9.670743295156320301e+02,4.050337999999999852e+02
9.671633581465993075e+02,4.050337999999999852e+02
9.674717381585903695e+02,4.050337999999999852e+02
9.674509598833370774e+02,4.050337999999999852e+02
9.676496596301191175e+02,4.050337999999999852e+02
9.677385616200749610e+02,4.050337999999999852e+02
9.682676067901236365e+02,4.050337999999999852e+02
9.680261633568128445e+02,4.050337999999999852e+02
9.682249897446060913e+02,4.050337999999999852e+02
9.683137650935506144e+02,4.050337999999999852e+02
9.686229052863436664e+02,4.050337999999999852e+02
9.686013668302884980e+02,4.050337999999999852e+02
9.688003198590930651e+02,4.050337999999999852e+02
9.688889685670262679e+02,4.050337999999999852e+02
9.698635624381626030e+02,4.050337999999999852e+02
9.691765703037641515e+02,4.050337999999999852e+02
9.693756499735801526e+02,4.050337999999999852e+02
9.694641720405020351e+02,4.050337999999999852e+02
9.697740724140969633e+02,4.050337999999999852e+02
9.697517737772398050e+02,4.050337999999999852e+02
9.699509800880671264e+02,4.050337999999999852e+02
9.700393755139776886e+02,4.050337999999999852e+02
9.705719713227515513e+02,4.050337999999999852e+02
9.703269772507154585e+02,4.050337999999999852e+02
9.705263102025541002e+02,4.050337999999999852e+02
9.706145789874533421e+02,4.050337999999999852e+02
9.709252395418502601e+02,4.050337999999999852e+02
9.709021807241912256e+02,4.050337999999999852e+02
9.711016403170410740e+02,4.050337999999999852e+02
9.711897824609289955e+02,4.050337999999999852e+02
8.714257000000000062e+02,6.828871000000000322e+02
9.714773841976668791e+02,5.276141400000000203e+02
9.716769704315281615e+02,5.276141400000000203e+02
9.717649859344046490e+02,5.276141400000000203e+02
9.720764066696035570e+02,5.276141400000000203e+02
9.720525876711425326e+02,5.276141400000000203e+02
9.722523005460151353e+02,5.276141400000000203e+02
9.723401894078804162e+02,5.276141400000000203e+02
9.728763358553793523e+02,5.276141400000000203e+02
9.726277911446181861e+02,5.276141400000000203e+02
9.728276306605021091e+02,5.276141400000000203e+02
9.729153928813560697e+02,5.276141400000000203e+02
9.732275737973568539e+02,5.276141400000000203e+02
9.732029946180938396e+02,5.276141400000000203e+02
9.734029607749891966e+02,5.276141400000000203e+02
9.734905963548317231e+02,5.276141400000000203e+02
9.744804341342756970e+02,4.928110399999999913e+02
9.737781980915696067e+02,4.928110399999999913e+02
9.739782908894761704e+02,4.928110399999999913e+02
9.740657998283073766e+02,4.928110399999999913e+02
9.743787409251101508e+02,4.928110399999999913e+02
9.743534015650452602e+02,4.928110399999999913e+02
9.745536210039631442e+02,4.928110399999999913e+02
9.746410033017830301e+02,4.928110399999999913e+02
9.751807003880072671e+02,4.928110399999999913e+02
9.749286050385209137e+02,4.928110399999999913e+02
9.751289511184502317e+02,4.928110399999999913e+02
9.752162067752587973e+02,4.928110399999999913e+02
9.755299080528634477e+02,4.928110399999999913e+02
9.755038085119965672e+02,4.928110399999999913e+02
9.757042812329372055e+02,4.928110399999999913e+02
9.757914102487344508e+02,4.928110399999999913e+02
8.639502599999999575e+02,6.751431999999999789e+02
9.760790119854722207e+02,4.873702400000000239e+02
9.762796113474241793e+02,4.873702400000000239e+02
9.763666137222101042e+02,4.873702400000000239e+02
9.766810751806168582e+02,4.873702400000000239e+02
9.766542154589479878e+02,4.873702400000000239e+02
9.768549414619112667e+02,4.873702400000000239e+02
9.769418171956857577e+02,4.873702400000000239e+02
9.774850649206350681e+02,4.873702400000000239e+02
9.772294189324236413e+02,4.873702400000000239e+02
9.774302715763982405e+02,4.873702400000000239e+02
9.775170206691614112e+02,4.873702400000000239e+02
9.778322423083701551e+02,4.873702400000000239e+02
9.778046224058992948e+02,4.873702400000000239e+02
9.780056016908852143e+02,4.873702400000000239e+02
9.780922241426371784e+02,4.873702400000000239e+02
9.790973058303887910e+02,4.494085699999999974e+02
9.783798258793749483e+02,4.494085699999999974e+02
9.785809318053723018e+02,4.494085699999999974e+02
9.786674276161128319e+02,4.494085699999999974e+02
9.789834094361234520e+02,4.494085699999999974e+02
9.789550293528506018e+02,4.494085699999999974e+02
9.791562619198592756e+02,4.494085699999999974e+02
9.792426310895884853e+02,4.494085699999999974e+02
9.797894294532629829e+02,4.494085699999999974e+02
9.795302328263263689e+02,4.494085699999999974e+02
9.797315920343462494e+02,4.494085699999999974e+02
9.798178345630641388e+02,4.494085699999999974e+02
9.801345765638767489e+02,4.494085699999999974e+02
9.801054362998020224e+02,4.494085699999999974e+02
9.803069221488333369e+02,4.494085699999999974e+02
9.803930380365397923e+02,4.494085699999999974e+02
8.616973000000000411e+02,6.397707500000000209e+02
9.806806397732776759e+02,4.494085699999999974e+02
9.808822522633203107e+02,4.494085699999999974e+02
9.809682415100155595e+02,4.494085699999999974e+02
9.812857436916300458e+02,4.494085699999999974e+02
9.812558432467533294e+02,4.494085699999999974e+02
9.814575823778072845e+02,4.494085699999999974e+02
9.815434449834912130e+02,4.494085699999999974e+02
9.820937939858908976e+02,4.494085699999999974e+02
9.818310467202289828e+02,4.494085699999999974e+02
9.820329124922943720e+02,4.494085699999999974e+02
9.821186484569668664e+02,4.494085699999999974e+02
9.824369108193833426e+02,4.494085699999999974e+02
9.824062501937047500e+02,4.494085699999999974e+02
9.826082426067813458e+02,4.494085699999999974e+02
9.826938519304425199e+02,4.494085699999999974e+02
9.837141775265018850e+02,4.236838399999999751e+02
9.829814536671804035e+02,4.236838399999999751e+02
9.831835727212683196e+02,4.236838399999999751e+02
9.832690554039181734e+02,4.236838399999999751e+02
9.835880779471366395e+02,4.236838399999999751e+02
9.835566571406560570e+02,4.236838399999999751e+02
9.837589028357554071e+02,4.236838399999999751e+02
9.838442588773939406e+02,4.236838399999999751e+02
9.843981585185186987e+02,4.236838399999999751e+02
9.841318606141317105e+02,4.236838399999999751e+02
9.843342329502423809e+02,4.236838399999999751e+02
9.844194623508695940e+02,4.236838399999999751e+02
9.847392450748899364e+02,4.236838399999999751e+02
9.847070640876073639e+02,4.236838399999999751e+02
9.849095630647293547e+02,4.236838399999999751e+02
9.849946658243452475e+02,4.236838399999999751e+02
8.750852700000000368e+02,6.126135000000000446e+02
9.852822675610831311e+02,4.236838399999999751e+02
9.854848931792163285e+02,4.236838399999999751e+02
9.855698692978209010e+02,4.236838399999999751e+02
9.858904122026432333e+02,4.236838399999999751e+02
9.858574710345587846e+02,4.236838399999999751e+02
9.860602232937034159e+02,4.236838399999999751e+02
9.861450727712965545e+02,4.236838399999999751e+02
9.867025230511466134e+02,4.236838399999999751e+02
9.864326745080344381e+02,4.236838399999999751e+02
9.866355534081903897e+02,4.236838399999999751e+02
9.867202762447723217e+02,4.236838399999999751e+02
9.870415793303965302e+02,4.236838399999999751e+02
9.870078779815100916e+02,4.236838399999999751e+02
9.872108835226773635e+02,4.236838399999999751e+02
9.872954797182479751e+02,4.236838399999999751e+02
9.883310492226149790e+02,4.647441400000000158e+02
9.875830814549858587e+02,4.647441400000000158e+02
9.877862136371644510e+02,4.647441400000000158e+02
9.878706831917236286e+02,4.647441400000000158e+02
9.881927464581498270e+02,4.647441400000000158e+02
9.881582849284615122e+02,4.647441400000000158e+02
9.883615437516514248e+02,4.647441400000000158e+02
9.884458866651992821e+02,4.647441400000000158e+02
9.890068875837744145e+02,4.647441400000000158e+02
9.887334884019371657e+02,4.647441400000000158e+02
9.889368738661383986e+02,4.647441400000000158e+02
9.890210901386750493e+02,4.647441400000000158e+02
9.893439135859031239e+02,4.647441400000000158e+02
9.893086918754128192e+02,4.647441400000000158e+02
9.895122039806254861e+02,4.647441400000000158e+02
9.895962936121507028e+02,4.647441400000000158e+02
8.976825000000000045e+02,5.822940700000000334e+02
9.898838953488884727e+02,4.647441400000000158e+02
9.900875340951124599e+02,4.647441400000000158e+02
9.901714970856263562e+02,4.647441400000000158e+02
9.904950807136564208e+02,4.148073699999999917e+02
9.904590988223642398e+02,4.148073699999999917e+02
9.906628642095994337e+02,4.148073699999999917e+02
9.907467005591020097e+02,4.148073699999999917e+02
9.913112521164023292e+02,4.148073699999999917e+02
9.910343022958398933e+02,4.148073699999999917e+02
9.912381943240865212e+02,4.148073699999999917e+02
9.913219040325776632e+02,4.148073699999999917e+02
9.916462478414097177e+02,4.148073699999999917e+02
9.916095057693155468e+02,4.148073699999999917e+02
9.918135244385734950e+02,4.148073699999999917e+02
9.918971075060534304e+02,4.148073699999999917e+02
9.929479209187279594e+02,4.147138699999999858e+02
9.921847092427912003e+02,4.147138699999999858e+02
9.923888545530604688e+02,4.147138699999999858e+02
9.924723109795290839e+02,4.147138699999999858e+02
9.927974149691630146e+02,4.147138699999999858e+02
9.927599127162668537e+02,4.147138699999999858e+02
9.929641846675475563e+02,4.147138699999999858e+02
9.930475144530047373e+02,4.147138699999999858e+02
9.936156166490301302e+02,4.165139199999999846e+02
9.933351161897426209e+02,4.165139199999999846e+02
9.935395147820345301e+02,4.165139199999999846e+02
9.936227179264803908e+02,4.165139199999999846e+02
9.939485820969163115e+02,4.165139199999999846e+02
9.939103196632182744e+02,4.165139199999999846e+02
9.941148448965215039e+02,4.165139199999999846e+02
9.941979213999560443e+02,4.165139199999999846e+02
9.295019999999999527e+02,5.458075000000000045e+02
9.944855231366939279e+02,4.240328400000000215e+02
9.946901750110085914e+02,4.240328400000000215e+02
9.947731248734318115e+02,4.240328400000000215e+02
9.950997492246696083e+02,4.240328400000000215e+02
9.950607266101695814e+02,4.240328400000000215e+02
9.952655051254955652e+02,4.240328400000000215e+02
9.953483283469074649e+02,4.240328400000000215e+02
9.959199811816580450e+02,4.399874300000000176e+02
9.956359300836452348e+02,4.240328400000000215e+02
9.958408352399825390e+02,4.399874300000000176e+02
9.959235318203831184e+02,4.399874300000000176e+02
9.962509163524230189e+02,4.399874300000000176e+02
9.962111335571210020e+02,4.399874300000000176e+02
9.964161653544696264e+02,4.399874300000000176e+02
9.964987352938587719e+02,4.399874300000000176e+02
9.975647926148410534e+02,4.767429200000000264e+02
9.967863370305966555e+02,4.767429200000000264e+02
9.969914954689566002e+02,4.767429200000000264e+02
9.970739387673344254e+02,4.767429200000000264e+02
9.974020834801763158e+02,4.767429200000000264e+02
9.973615405040723090e+02,4.767429200000000264e+02
9.975668255834435740e+02,4.767429200000000264e+02
9.976491422408101926e+02,4.767429200000000264e+02
9.982243457142859597e+02,4.767429200000000264e+02
9.979367439775479625e+02,4.767429200000000264e+02
9.981421556979306615e+02,4.767429200000000264e+02
9.982243457142858460e+02,4.767429200000000264e+02
9.985532506079296127e+02,4.767429200000000264e+02
9.985119474510236159e+02,4.767429200000000264e+02
9.987174858124176353e+02,4.767429200000000264e+02
9.987995491877614995e+02,4.767429200000000264e+02
9.617440000000000282e+02,5.123376500000000533e+02
9.990871509244993831e+02,4.767429200000000264e+02
9.992928159269046091e+02,4.767429200000000264e+02
9.993747526612371530e+02,4.767429200000000264e+02
9.997044177356829096e+02,4.767429200000000264e+02
9.996623543979750366e+02,4.767429200000000264e+02
9.998681460413916966e+02,4.767429200000000264e+02
9.999499561347128065e+02,4.767429200000000264e+02
1.000528710246913761e+03,4.767429200000000264e+02
1.000237557871450690e+03,4.767429200000000264e+02
1.000443476155878670e+03,4.767429200000000264e+02
1.000525159608188574e+03,4.767429200000000264e+02
1.000855584863436206e+03,4.767429200000000264e+02
1.000812761344926344e+03,4.767429200000000264e+02
1.001018806270365644e+03,4.767429200000000264e+02
1.001100363081664227e+03,4.767429200000000264e+02
1.002181664310954147e+03,4.767429200000000264e+02
1.001387964818401997e+03,4.767429200000000264e+02
1.001594136384852618e+03,4.767429200000000264e+02
1.001675566555139881e+03,4.767429200000000264e+02
1.002006751991189503e+03,4.767429200000000264e+02
1.001963168291877764e+03,4.767429200000000264e+02
1.002169466499339705e+03,4.767429200000000264e+02
1.002250770028615534e+03,4.767429200000000264e+02
1.002833074779541676e+03,4.767429200000000264e+02
1.002538371765353418e+03,4.767429200000000264e+02
1.002744796613826679e+03,4.767429200000000264e+02
1.002825973502091188e+03,4.767429200000000264e+02
1.003157919118942800e+03,4.767429200000000264e+02
1.003113575238829071e+03,4.767429200000000264e+02
1.003320126728313653e+03,4.767429200000000264e+02
1.003401176975566955e+03,4.767429200000000264e+02
9.973377699999999777e+02,4.767429200000000264e+02
1.003688778712304725e+03,4.767429200000000264e+02
1.003895456842800741e+03,4.767429200000000264e+02
1.003976380449042608e+03,4.767429200000000264e+02
1.004309086246696097e+03,4.767429200000000264e+02
1.004263982185780378e+03,4.767429200000000264e+02
1.004470786957287714e+03,4.767429200000000264e+02
1.004551583922518262e+03,4.767429200000000264e+02
1.005137439312169477e+03,4.767429200000000264e+02
1.004839185659256145e+03,4.767429200000000264e+02
1.005046117071774688e+03,4.767429200000000264e+02
1.005126787395993915e+03,4.767429200000000264e+02
1.005460253374449394e+03,4.767429200000000264e+02
1.005414389132731799e+03,4.767429200000000264e+02
1.005621447186261776e+03,4.767429200000000264e+02
1.005701990869469682e+03,4.767429200000000264e+02
1.006798536007067241e+03,4.767429200000000264e+02
1.005989592606207452e+03,4.767429200000000264e+02
1.006196777300748749e+03,4.767429200000000264e+02
1.006277194342945336e+03,4.767429200000000264e+02
1.006611420502202691e+03,4.767429200000000264e+02
1.006564796079683106e+03,4.767429200000000264e+02
1.006772107415235723e+03,4.767429200000000264e+02
1.006852397816420989e+03,4.767429200000000264e+02
1.007441803844797391e+03,4.767429200000000264e+02
1.007139999553158873e+03,4.767429200000000264e+02
1.007347437529722811e+03,4.767429200000000264e+02
1.007427601289896643e+03,4.767429200000000264e+02
1.007762587629955988e+03,4.767429200000000264e+02
1.007715203026634526e+03,4.767429200000000264e+02
1.007922767644209785e+03,4.767429200000000264e+02
1.008002804763372296e+03,4.767429200000000264e+02
1.029009800000000041e+03,4.427509800000000268e+02
1.008290406500110180e+03,4.767429200000000264e+02
1.008498097758696758e+03,4.767429200000000264e+02
1.008578008236848063e+03,4.767429200000000264e+02
1.008913754757709285e+03,4.767429200000000264e+02
1.008865609973585833e+03,4.767429200000000264e+02
1.009073427873183846e+03,4.767429200000000264e+02
1.009153211710323717e+03,4.767429200000000264e+02
1.009746168377425192e+03,4.767429200000000264e+02
1.009440813447061487e+03,4.767429200000000264e+02
1.009648757987670820e+03,4.767429200000000264e+02
1.009728415183799370e+03,4.767429200000000264e+02
1.010064921885462581e+03,4.767429200000000264e+02
1.010016016920537254e+03,4.767429200000000264e+02
1.010224088102157793e+03,4.767429200000000264e+02
1.010303618657275024e+03,4.767429200000000264e+02
1.011415407703180335e+03,4.767429200000000264e+02
1.010591220394012907e+03,4.767429200000000264e+02
1.010799418216644881e+03,4.767429200000000264e+02
1.010878822130750677e+03,4.767429200000000264e+02
1.011216089013215878e+03,4.767429200000000264e+02
1.011166423867488561e+03,4.767429200000000264e+02
1.011374748331131855e+03,4.767429200000000264e+02
1.011454025604226445e+03,4.767429200000000264e+02
1.012050532910053107e+03,4.767429200000000264e+02
1.011741627340964214e+03,4.767429200000000264e+02
1.011950078445618828e+03,4.767429200000000264e+02
1.012029229077702098e+03,4.767429200000000264e+02
1.012367256140969175e+03,4.767429200000000264e+02
1.012316830814439868e+03,4.767429200000000264e+02
1.012525408560105916e+03,4.767429200000000264e+02
1.012604432551177752e+03,4.767429200000000264e+02
1.056194300000000112e+03,4.111490499999999884e+02
1.012892034287915635e+03,4.427509800000000268e+02
1.013100738674592890e+03,4.427509800000000268e+02
1.013179636024653405e+03,4.427509800000000268e+02
1.013518423268722586e+03,4.427509800000000268e+02
1.013467237761391289e+03,4.427509800000000268e+02
1.013676068789079864e+03,4.427509800000000268e+02
1.013754839498129058e+03,4.427509800000000268e+02
1.014354897442681022e+03,4.427509800000000268e+02
1.014042441234866942e+03,4.427509800000000268e+02
1.014251398903566951e+03,4.427509800000000268e+02
1.014330042971604826e+03,4.427509800000000268e+02
1.014669590396475883e+03,4.427509800000000268e+02
1.014617644708342596e+03,4.427509800000000268e+02
1.014826729018053925e+03,4.427509800000000268e+02
1.014905246445080479e+03,4.427509800000000268e+02
1.016032279399293429e+03,4.427509800000000268e+02
1.015192848181818249e+03,4.427509800000000268e+02
1.015402059132540899e+03,4.427509800000000268e+02
1.015480449918556133e+03,4.427509800000000268e+02
1.015820757524229180e+03,4.427509800000000268e+02
1.015768051655294016e+03,4.427509800000000268e+02
1.015977389247027872e+03,4.427509800000000268e+02
1.016055653392031786e+03,4.427509800000000268e+02
1.016659261975308823e+03,4.427509800000000268e+02
1.016343255128769670e+03,4.427509800000000268e+02
1.016552719361514960e+03,4.427509800000000268e+02
1.016630856865507440e+03,4.427509800000000268e+02
1.016971924651982476e+03,4.427509800000000268e+02
1.016918458602245323e+03,4.427509800000000268e+02
1.017128049476001934e+03,4.427509800000000268e+02
1.017206060338983207e+03,4.427509800000000268e+02
1.074455799999999954e+03,3.866093799999999874e+02
1.017493662075720977e+03,4.427509800000000268e+02
1.017703379590488908e+03,4.427509800000000268e+02
1.017781263812458860e+03,4.427509800000000268e+02
1.018123091779735773e+03,4.427509800000000268e+02
1.018068865549196630e+03,4.427509800000000268e+02
1.018278709704975995e+03,4.427509800000000268e+02
1.018356467285934514e+03,4.427509800000000268e+02
1.018963626507936738e+03,4.427509800000000268e+02
1.018644069022672397e+03,4.427509800000000268e+02
1.018854039819462969e+03,4.427509800000000268e+02
1.018931670759410167e+03,4.427509800000000268e+02
1.019274258907489070e+03,4.427509800000000268e+02
1.019219272496148051e+03,4.427509800000000268e+02
1.019429369933949943e+03,4.427509800000000268e+02
1.019506874232885821e+03,4.427509800000000268e+02
1.020649151095406410e+03,4.427509800000000268e+02
1.019794475969623704e+03,4.427509800000000268e+02
1.020004700048437030e+03,4.427509800000000268e+02
1.020082077706361588e+03,4.427509800000000268e+02
1.020425426035242367e+03,4.427509800000000268e+02
1.020369679443099358e+03,4.427509800000000268e+02
1.020580030162924004e+03,4.427509800000000268e+02
1.020657281179837241e+03,4.427509800000000268e+02
1.021267991040564539e+03,4.427509800000000268e+02
1.020944882916575011e+03,4.427509800000000268e+02
1.021155360277410978e+03,4.427509800000000268e+02
1.021232484653312895e+03,4.427509800000000268e+02
1.021576593162995664e+03,4.427509800000000268e+02
1.021520086390050778e+03,4.427509800000000268e+02
1.021730690391898065e+03,4.427509800000000268e+02
1.021807688126788548e+03,4.427509800000000268e+02
1.084371000000000095e+03,3.717763699999999858e+02
1.022095289863526432e+03,4.427509800000000268e+02
1.022306020506385039e+03,4.427509800000000268e+02
1.022382891600264202e+03,4.427509800000000268e+02
1.022727760290748961e+03,4.427509800000000268e+02
1.022670493337002085e+03,4.427509800000000268e+02
1.022881350620872013e+03,4.427509800000000268e+02
1.022958095073739969e+03,4.427509800000000268e+02
1.023572355573192453e+03,4.427509800000000268e+02
1.023245696810477739e+03,4.427509800000000268e+02
1.023456680735359100e+03,4.427509800000000268e+02
1.023533298547215622e+03,4.427509800000000268e+02
1.023878927418502258e+03,4.427509800000000268e+02
1.023820900283953392e+03,4.427509800000000268e+02
1.024032010849846074e+03,4.427509800000000268e+02
1.024108502020691276e+03,4.427509800000000268e+02
1.025266022791519390e+03,4.427509800000000268e+02
1.024396103757429046e+03,4.427509800000000268e+02
1.024607340964332934e+03,4.427509800000000268e+02
1.024683705494166816e+03,4.427509800000000268e+02
1.025030094546255441e+03,4.427509800000000268e+02
1.024971307230904813e+03,4.427509800000000268e+02
1.025182671078820022e+03,4.427509800000000268e+02
1.025258908967642583e+03,4.427509800000000268e+02
1.025876720105820141e+03,4.427509800000000268e+02
1.025546510704380353e+03,4.427509800000000268e+02
1.025758001193307109e+03,4.427509800000000268e+02
1.025834112441118350e+03,4.427509800000000268e+02
1.026181261674008738e+03,4.427509800000000268e+02
1.026121714177856120e+03,4.427509800000000268e+02
1.026333331307793969e+03,4.427509800000000268e+02
1.026409315914593890e+03,4.427509800000000268e+02
1.089981700000000046e+03,3.616211000000000126e+02
1.026696917651331887e+03,4.427509800000000268e+02
1.026908661422281057e+03,4.427509800000000268e+02
1.026984519388069657e+03,4.427509800000000268e+02
1.027332428801762035e+03,4.427509800000000268e+02
1.027272121124807427e+03,4.427509800000000268e+02
1.027483991536768144e+03,4.427509800000000268e+02
1.027559722861545197e+03,4.427509800000000268e+02
1.028181084638448056e+03,4.427509800000000268e+02
1.027847324598283194e+03,4.427509800000000268e+02
1.028059321651255004e+03,4.427509800000000268e+02
1.028134926335020964e+03,4.427509800000000268e+02
1.028483595929515332e+03,4.427509800000000268e+02
1.028422528071758734e+03,4.427509800000000268e+02
1.028634651765742092e+03,4.427509800000000268e+02
1.028710129808496731e+03,4.427509800000000268e+02
1.029882894487632484e+03,4.427509800000000268e+02
1.028997731545234501e+03,4.427509800000000268e+02
1.029209981880229179e+03,4.427509800000000268e+02
1.029285333281972271e+03,4.427509800000000268e+02
1.029634763057268628e+03,4.427509800000000268e+02
1.029572935018710268e+03,4.427509800000000268e+02
1.029785311994716039e+03,4.427509800000000268e+02
1.029860536755448038e+03,4.427509800000000268e+02
1.030485449171075970e+03,6.771391599999999471e+02
1.030148138492185808e+03,6.771391599999999471e+02
1.030360642109203127e+03,6.771391599999999471e+02
1.030435740228923578e+03,6.771391599999999471e+02
1.030785930185021925e+03,6.771391599999999471e+02
1.030723341965661575e+03,6.771391599999999471e+02
1.030935972223690214e+03,6.771391599999999471e+02
1.031010943702399345e+03,6.771391599999999471e+02
1.090122900000000072e+03,3.586360000000000241e+02
1.031298545439137115e+03,6.729402999999999793e+02
1.031511302338177074e+03,6.729402999999999793e+02
1.031586147175875112e+03,6.729402999999999793e+02
1.031937097312775222e+03,6.789721700000000055e+02
1.031873748912612882e+03,6.789721700000000055e+02
1.032086632452664162e+03,6.789721700000000055e+02
1.032161350649350652e+03,6.789721700000000055e+02
1.032789813703703885e+03,6.795813000000000557e+02
1.032448952386088649e+03,6.795813000000000557e+02
1.032661962567151249e+03,6.795813000000000557e+02
1.032736554122826419e+03,6.795813000000000557e+02
1.033088264440528746e+03,6.795813000000000557e+02
1.033024155859564189e+03,6.795813000000000557e+02
1.033237292681638110e+03,6.795813000000000557e+02
1.033311757596301959e+03,6.795813000000000557e+02
1.034499766183745578e+03,6.795813000000000557e+02
1.033599359333039956e+03,6.795813000000000557e+02
1.033812622796125197e+03,6.795813000000000557e+02
1.033886961069777726e+03,6.795813000000000557e+02
1.034239431568282043e+03,6.795813000000000557e+02
1.034174562806515496e+03,6.795813000000000557e+02
1.034387952910612285e+03,6.795813000000000557e+02
1.034462164543253493e+03,6.795813000000000557e+02
1.035094178236331800e+03,6.795813000000000557e+02
1.034749766279991263e+03,6.795813000000000557e+02
1.034963283025099145e+03,6.795813000000000557e+02
1.035037368016729033e+03,6.795813000000000557e+02
1.035390598696035340e+03,6.795813000000000557e+02
1.035324969753467030e+03,6.795813000000000557e+02
1.035538613139586232e+03,6.795813000000000557e+02
1.035612571490204800e+03,6.795813000000000557e+02
1.088832400000000007e+03,3.593486300000000142e+02
1.035900173226942570e+03,6.596620000000000346e+02
1.036113943254073320e+03,6.596620000000000346e+02
1.036187774963680340e+03,6.596620000000000346e+02
1.036541765823788637e+03,6.596620000000000346e+02
1.036475376700418337e+03,6.596620000000000346e+02
1.036689273368560180e+03,6.596620000000000346e+02
1.036762978437156107e+03,6.596620000000000346e+02
1.037398542768959487e+03,6.782916000000000167e+02
1.037050580173893877e+03,6.782916000000000167e+02
1.037264603483047267e+03,6.782916000000000167e+02
1.037338181910631874e+03,6.782916000000000167e+02
1.037692932951541934e+03,6.782916000000000167e+02
1.037625783647369644e+03,6.782916000000000167e+02
1.037839933597534355e+03,6.782916000000000167e+02
1.037913385384107414e+03,6.782916000000000167e+02
1.039116637879858672e+03,6.782916000000000167e+02
1.038200987120845411e+03,6.782916000000000167e+02
1.038415263712021215e+03,6.782916000000000167e+02
1.038488588857583181e+03,6.782916000000000167e+02
1.038844100079295231e+03,6.782916000000000167e+02
1.038776190594320951e+03,6.782916000000000167e+02
1.038990593826508302e+03,6.782916000000000167e+02
1.039063792331058721e+03,6.782916000000000167e+02
1.039702907301587402e+03,6.782916000000000167e+02
1.039351394067796718e+03,6.782916000000000167e+02
1.039565923940995390e+03,6.782916000000000167e+02
1.039638995804534488e+03,6.782916000000000167e+02
1.039995267207048528e+03,6.782916000000000167e+02
1.039926597541272258e+03,6.782916000000000167e+02
1.040141254055482250e+03,6.782916000000000167e+02
1.040214199278010256e+03,6.782916000000000167e+02
1.084637300000000096e+03,3.692845500000000243e+02
1.040501801014748025e+03,6.482259500000000116e+02
1.040716584169969337e+03,6.482259500000000116e+02
1.040789402751485795e+03,6.482259500000000116e+02
1.041146434334801825e+03,6.482259500000000116e+02
1.041077004488223793e+03,6.482259500000000116e+02
1.041291914284456425e+03,6.482259500000000116e+02
1.041364606224961562e+03,6.482259500000000116e+02
1.042007271834215317e+03,6.482259500000000116e+02
1.041652207961699332e+03,6.482259500000000116e+02
1.041867244398943285e+03,6.482259500000000116e+02
1.041939809698437102e+03,6.482259500000000116e+02
1.042297601462555122e+03,6.482259500000000116e+02
1.042227411435175100e+03,6.482259500000000116e+02
1.042442574513430372e+03,6.482259500000000116e+02
1.042515013171912869e+03,6.482259500000000116e+02
1.043733509575971766e+03,6.482259500000000116e+02
1.042802614908650639e+03,6.482259500000000116e+02
1.043017904627917460e+03,6.482259500000000116e+02
1.043090216645388637e+03,6.482259500000000116e+02
1.043448768590308418e+03,6.482259500000000116e+02
1.043377818382126407e+03,6.482259500000000116e+02
1.043593234742404320e+03,6.482259500000000116e+02
1.043665420118864176e+03,6.482259500000000116e+02
1.044311636366843231e+03,6.482259500000000116e+02
1.043953021855602174e+03,6.482259500000000116e+02
1.044168564856891408e+03,6.482259500000000116e+02
1.044240623592339944e+03,6.482259500000000116e+02
1.044599935718061715e+03,6.482259500000000116e+02
1.044528225329077713e+03,6.482259500000000116e+02
1.044743894971378268e+03,6.482259500000000116e+02
1.044815827065815711e+03,6.482259500000000116e+02
1.071235699999999952e+03,3.971802999999999884e+02
1.045103428802553481e+03,6.741284000000000560e+02
1.045319225085865355e+03,6.741284000000000560e+02
1.045391030539291251e+03,6.741284000000000560e+02
1.045751102845815012e+03,6.741284000000000560e+02
1.045678632276029020e+03,6.741284000000000560e+02
1.045894555200352443e+03,6.741284000000000560e+02
1.045966234012767018e+03,6.741284000000000560e+02
1.046616000899471146e+03,6.741284000000000560e+02
1.046253835749504788e+03,6.741284000000000560e+02
1.046469885314839303e+03,6.741284000000000560e+02
1.046541437486242557e+03,6.741284000000000560e+02
1.046902269973568309e+03,6.741284000000000560e+02
1.046829039222980555e+03,6.741284000000000560e+02
1.047045215429326390e+03,6.741284000000000560e+02
1.047116640959718325e+03,6.741284000000000560e+02
1.048350381272084860e+03,4.814776600000000144e+02
1.047404242696456095e+03,4.814776600000000144e+02
1.047620545543813478e+03,4.814776600000000144e+02
1.047691844433194092e+03,4.814776600000000144e+02
1.048053437101321606e+03,4.814776600000000144e+02
1.047979446169931862e+03,4.814776600000000144e+02
1.048195875658300338e+03,4.814776600000000144e+02
1.048267047906669632e+03,4.814776600000000144e+02
1.048920365432098833e+03,4.601610000000000014e+02
1.048554649643407402e+03,4.814776600000000144e+02
1.048771205772787425e+03,4.601610000000000014e+02
1.048842251380145399e+03,4.601610000000000014e+02
1.049204604229074903e+03,4.601610000000000014e+02
1.049129853116883169e+03,4.601610000000000014e+02
1.049346535887274513e+03,4.601610000000000014e+02
1.049417454853620939e+03,4.601610000000000014e+02
1.057214999999999918e+03,4.308560800000000199e+02
1.049705056590358936e+03,4.938094500000000266e+02
1.049921866001761373e+03,4.938094500000000266e+02
1.049992658327096706e+03,4.938094500000000266e+02
1.050355771356828200e+03,4.938094500000000266e+02
1.050280260063834476e+03,4.938094500000000266e+02
1.050497196116248460e+03,4.938094500000000266e+02
1.050567861800572473e+03,4.938094500000000266e+02
1.051224729964726748e+03,4.938094500000000266e+02
1.050855463537310243e+03,4.938094500000000266e+02
1.051072526230735548e+03,4.938094500000000266e+02
1.051143065274048013e+03,4.938094500000000266e+02
1.051506938484581497e+03,4.938094500000000266e+02
1.051430667010785783e+03,4.938094500000000266e+02
1.051647856345222408e+03,4.938094500000000266e+02
1.051718268747523780e+03,4.938094500000000266e+02
1.052967252968197954e+03,6.324494600000000446e+02
1.052005870484261550e+03,6.324494600000000446e+02
1.052223186459709495e+03,6.324494600000000446e+02
1.052293472220999320e+03,6.324494600000000446e+02
1.052658105612334793e+03,6.324494600000000446e+02
1.052581073957737317e+03,6.324494600000000446e+02
1.052798516574196583e+03,6.324494600000000446e+02
1.052868675694475087e+03,6.324494600000000446e+02
1.053529094497354663e+03,6.324494600000000446e+02
1.053156277431212857e+03,6.324494600000000446e+02
1.053373846688683443e+03,6.324494600000000446e+02
1.053443879167950854e+03,6.324494600000000446e+02
1.053809272740088090e+03,6.324494600000000446e+02
1.053731480904688624e+03,6.324494600000000446e+02
1.053949176803170531e+03,6.324494600000000446e+02
1.054019082641426394e+03,6.324494600000000446e+02
1.049398599999999988e+03,4.601610000000000014e+02
1.054306684378164164e+03,4.111490499999999884e+02
1.054524506917657618e+03,4.111490499999999884e+02
1.054594286114902161e+03,4.111490499999999884e+02
1.054960439867841387e+03,4.111490499999999884e+02
1.054881887851639931e+03,4.111490499999999884e+02
1.055099837032144478e+03,4.111490499999999884e+02
1.055169489588377701e+03,4.111490499999999884e+02
1.055833459029982578e+03,4.111490499999999884e+02
1.055457091325115698e+03,4.111490499999999884e+02
1.055675167146631566e+03,4.111490499999999884e+02
1.055744693061853468e+03,4.111490499999999884e+02
1.056111606995594684e+03,4.111490499999999884e+02
1.056032294798591238e+03,4.111490499999999884e+02
1.056250497261118653e+03,4.111490499999999884e+02
1.056319896535329235e+03,4.111490499999999884e+02
1.057584124664311048e+03,6.642381599999999935e+02
1.056607498272067005e+03,4.996242700000000241e+02
1.056825827375605513e+03,4.996242700000000241e+02
1.056895100008804775e+03,4.996242700000000241e+02
1.057262774123347981e+03,6.642381599999999935e+02
1.057182701745542545e+03,4.308560800000000199e+02
1.057401157490092601e+03,6.642381599999999935e+02
1.057470303482280542e+03,6.642381599999999935e+02
1.058137823562610265e+03,6.642381599999999935e+02
1.057757905219018312e+03,6.642381599999999935e+02
1.057976487604579688e+03,6.642381599999999935e+02
1.058045506955756082e+03,6.642381599999999935e+02
1.058413941251101278e+03,6.642381599999999935e+02
1.058333108692494079e+03,6.642381599999999935e+02
1.058551817719066548e+03,6.642381599999999935e+02
1.058620710429231849e+03,6.642381599999999935e+02
1.048136600000000044e+03,4.814776600000000144e+02
1.058908312165969619e+03,6.642381599999999935e+02
1.059127147833553636e+03,6.642381599999999935e+02
1.059195913902707616e+03,6.642381599999999935e+02
1.059565108378854575e+03,6.642381599999999935e+02
1.059483515639445386e+03,6.642381599999999935e+02
1.059702477948040723e+03,6.642381599999999935e+02
1.059771117376183156e+03,6.642381599999999935e+02
1.060442188095238180e+03,6.642381599999999935e+02
1.060058719112920926e+03,6.642381599999999935e+02
1.060277808062527583e+03,6.642381599999999935e+02
1.060346320849658923e+03,6.642381599999999935e+02
1.060716275506607872e+03,6.642381599999999935e+02
1.060633922586396693e+03,6.642381599999999935e+02
1.060853138177014671e+03,6.642381599999999935e+02
1.060921524323134463e+03,6.642381599999999935e+02
1.062200996360424142e+03,6.642381599999999935e+02
1.061209126059872460e+03,6.642381599999999935e+02
1.061428468291501758e+03,6.642381599999999935e+02
1.061496727796610230e+03,6.642381599999999935e+02
1.061867442634361169e+03,6.642381599999999935e+02
1.061784329533348000e+03,6.642381599999999935e+02
1.062003798405988618e+03,6.642381599999999935e+02
1.062071931270085997e+03,6.642381599999999935e+02
1.062746552627866095e+03,6.642381599999999935e+02
1.062359533006823767e+03,6.642381599999999935e+02
1.062579128520475706e+03,6.642381599999999935e+02
1.062647134743561537e+03,6.642381599999999935e+02
1.063018609762114465e+03,6.642381599999999935e+02
1.062934736480299534e+03,6.642381599999999935e+02
1.063154458634962793e+03,6.642381599999999935e+02
1.063222338217037304e+03,6.642381599999999935e+02
1.050702099999999973e+03,4.938094500000000266e+02
1.063509939953775074e+03,6.161684599999999818e+02
1.063729788749449654e+03,6.161684599999999818e+02
1.063797541690512844e+03,6.161684599999999818e+02
1.064169776889867762e+03,6.161684599999999818e+02
1.064085143427250841e+03,6.161684599999999818e+02
1.064305118863936741e+03,6.161684599999999818e+02
1.064372745163988611e+03,6.161684599999999818e+02
1.065050917160494009e+03,6.161684599999999818e+02
1.064660346900726381e+03,6.161684599999999818e+02
1.064880448978423829e+03,6.161684599999999818e+02
1.064947948637464378e+03,6.161684599999999818e+02
1.065320944017621059e+03,6.161684599999999818e+02
1.065235550374202148e+03,6.161684599999999818e+02
1.065455779092910689e+03,6.161684599999999818e+02
1.065523152110939918e+03,6.161684599999999818e+02
1.066817868056537236e+03,6.161684599999999818e+02
1.065810753847677915e+03,6.161684599999999818e+02
1.066031109207397776e+03,6.161684599999999818e+02
1.066098355584415685e+03,6.161684599999999818e+02
1.066472111145374356e+03,6.161684599999999818e+02
1.066385957321153455e+03,6.161684599999999818e+02
1.066606439321884864e+03,6.161684599999999818e+02
1.066673559057891225e+03,6.161684599999999818e+02
1.067355281693121924e+03,6.161684599999999818e+02
1.066961160794629222e+03,6.161684599999999818e+02
1.067181769436371724e+03,6.161684599999999818e+02
1.067248762531366992e+03,6.161684599999999818e+02
1.067623278273127653e+03,6.161684599999999818e+02
1.067536364268104762e+03,6.161684599999999818e+02
1.067757099550858811e+03,6.161684599999999818e+02
1.067823966004842760e+03,6.161684599999999818e+02
1.057026900000000069e+03,4.996242700000000241e+02
1.068111567741580529e+03,6.488252999999999702e+02
1.068332429665345899e+03,6.488252999999999702e+02
1.068399169478318299e+03,6.488252999999999702e+02
1.068774445400880950e+03,6.488252999999999702e+02
1.068686771215056297e+03,6.488252999999999702e+02
1.068907759779832759e+03,6.488252999999999702e+02
1.068974372951794066e+03,6.488252999999999702e+02
1.069659646225749611e+03,6.488252999999999702e+02
1.069261974688531836e+03,6.488252999999999702e+02
1.069483089894319846e+03,6.488252999999999702e+02
1.069549576425269606e+03,6.488252999999999702e+02
1.069925612528634474e+03,6.488252999999999702e+02
1.069837178162007604e+03,6.488252999999999702e+02
1.070058420008806934e+03,6.488252999999999702e+02
1.070124779898745373e+03,6.488252999999999702e+02
1.071434739752650330e+03,3.971802999999999884e+02
1.070412381635483143e+03,6.488252999999999702e+02
1.070633750123293794e+03,6.488252999999999702e+02
1.070699983372221141e+03,6.488252999999999702e+02
1.071076779656387771e+03,3.971802999999999884e+02
1.070987585108958910e+03,3.971802999999999884e+02
1.071209080237780881e+03,3.971802999999999884e+02
1.071275186845696680e+03,3.971802999999999884e+02
1.071964010758377526e+03,3.971802999999999884e+02
1.071562788582434678e+03,3.971802999999999884e+02
1.071784410352267969e+03,3.971802999999999884e+02
1.071850390319172448e+03,3.971802999999999884e+02
1.072227946784141068e+03,3.971802999999999884e+02
1.072137992055910217e+03,3.971802999999999884e+02
1.072359740466754829e+03,3.971802999999999884e+02
1.072425593792647987e+03,3.971802999999999884e+02
1.076999399999999923e+03,5.027691699999999742e+02
1.072713195529385985e+03,3.866093799999999874e+02
1.072935070581241916e+03,3.866093799999999874e+02
1.073000797266123755e+03,3.866093799999999874e+02
1.073379113911894365e+03,3.866093799999999874e+02
1.073288399002861524e+03,3.866093799999999874e+02
1.073510400695729004e+03,3.866093799999999874e+02
1.073576000739599522e+03,3.866093799999999874e+02
1.074268375291005441e+03,3.866093799999999874e+02
1.073863602476337292e+03,3.866093799999999874e+02
1.074085730810215864e+03,3.866093799999999874e+02
1.074151204213075061e+03,3.866093799999999874e+02
1.074530281039647662e+03,3.866093799999999874e+02
1.074438805949813059e+03,3.866093799999999874e+02
1.074661060924702952e+03,3.866093799999999874e+02
1.074726407686550829e+03,3.866093799999999874e+02
1.076051611448763197e+03,6.422641599999999471e+02
1.075014009423288599e+03,6.422641599999999471e+02
1.075236391039189812e+03,6.422641599999999471e+02
1.075301611160026368e+03,6.422641599999999471e+02
1.075681448167400958e+03,6.422641599999999471e+02
1.075589212896764366e+03,6.422641599999999471e+02
1.075811721153676899e+03,6.422641599999999471e+02
1.075876814633502136e+03,6.422641599999999471e+02
1.076572739823633356e+03,5.027691699999999742e+02
1.076164416370239906e+03,6.422641599999999471e+02
1.076387051268163987e+03,5.027691699999999742e+02
1.076452018106977903e+03,5.027691699999999742e+02
1.076832615295154255e+03,5.027691699999999742e+02
1.076739619843715673e+03,5.027691699999999742e+02
1.076962381382650847e+03,5.027691699999999742e+02
1.077027221580453443e+03,5.027691699999999742e+02
1.097743300000000090e+03,4.938152000000000044e+02
1.077314823317191440e+03,5.027691699999999742e+02
1.077537711497137934e+03,5.027691699999999742e+02
1.077602425053929210e+03,5.027691699999999742e+02
1.077983782422907552e+03,5.027691699999999742e+02
1.077890026790666980e+03,5.027691699999999742e+02
1.078113041611625022e+03,5.027691699999999742e+02
1.078177628527404750e+03,5.027691699999999742e+02
1.078877104356261270e+03,5.027691699999999742e+02
1.078465230264142747e+03,5.027691699999999742e+02
1.078688371726111882e+03,5.027691699999999742e+02
1.078752832000880517e+03,5.027691699999999742e+02
1.079134949550660849e+03,5.027691699999999742e+02
1.079040433737618287e+03,5.027691699999999742e+02
1.079263701840598969e+03,5.027691699999999742e+02
1.079328035474356284e+03,5.027691699999999742e+02
1.080668483144876291e+03,5.027691699999999742e+02
1.079615637211094054e+03,5.027691699999999742e+02
1.079839031955086057e+03,5.027691699999999742e+02
1.079903238947831824e+03,5.027691699999999742e+02
1.080286116678414146e+03,5.027691699999999742e+02
1.080190840684569821e+03,5.027691699999999742e+02
1.080414362069572917e+03,5.027691699999999742e+02
1.080478442421307591e+03,5.027691699999999742e+02
1.081181468888888958e+03,5.027691699999999742e+02
1.080766044158045361e+03,5.027691699999999742e+02
1.080989692184060004e+03,5.027691699999999742e+02
1.081053645894783131e+03,5.027691699999999742e+02
1.081437283806167443e+03,5.027691699999999742e+02
1.081341247631521128e+03,5.027691699999999742e+02
1.081565022298547092e+03,5.027691699999999742e+02
1.081628849368258898e+03,5.027691699999999742e+02
1.116429399999999987e+03,4.760973000000000184e+02
1.081916451104996668e+03,3.717763699999999858e+02
1.082140352413033952e+03,3.717763699999999858e+02
1.082204052841734665e+03,3.717763699999999858e+02
1.082588450933920740e+03,3.717763699999999858e+02
1.082491654578472435e+03,3.717763699999999858e+02
1.082715682527521039e+03,3.717763699999999858e+02
1.082779256315210205e+03,3.717763699999999858e+02
1.083485833421516872e+03,3.717763699999999858e+02
1.083066858051948202e+03,3.717763699999999858e+02
1.083291012642008127e+03,3.717763699999999858e+02
1.083354459788685972e+03,3.717763699999999858e+02
1.083739618061674037e+03,3.717763699999999858e+02
1.083642061525423742e+03,3.717763699999999858e+02
1.083866342756494987e+03,3.717763699999999858e+02
1.083929663262161739e+03,3.717763699999999858e+02
1.085285354840989385e+03,3.692845500000000243e+02
1.084217264998899509e+03,3.717763699999999858e+02
1.084441672870982075e+03,3.717763699999999858e+02
1.084504866735637279e+03,3.717763699999999858e+02
1.084890785189427334e+03,3.692845500000000243e+02
1.084792468472375049e+03,3.692845500000000243e+02
1.085017002985469162e+03,3.692845500000000243e+02
1.085080070209113046e+03,3.692845500000000243e+02
1.085790197954144787e+03,6.081509999999999536e+02
1.085367671945850816e+03,3.692845500000000243e+02
1.085592333099956022e+03,6.081509999999999536e+02
1.085655273682588586e+03,6.081509999999999536e+02
1.086041952317180630e+03,6.081509999999999536e+02
1.085942875419326583e+03,6.081509999999999536e+02
1.086167663214443110e+03,6.081509999999999536e+02
1.086230477156064353e+03,6.081509999999999536e+02
1.129315599999999904e+03,4.565316199999999753e+02
1.086518078892802123e+03,5.943293499999999767e+02
1.086742993328930197e+03,5.943293499999999767e+02
1.086805680629540120e+03,5.943293499999999767e+02
1.087193119444933927e+03,5.943293499999999767e+02
1.087093282366277890e+03,5.943293499999999767e+02
1.087318323443417057e+03,5.943293499999999767e+02
1.087380884103015660e+03,5.943293499999999767e+02
1.088094562486772702e+03,3.593486300000000142e+02
1.087668485839753430e+03,3.593486300000000142e+02
1.087893653557904145e+03,3.593486300000000142e+02
1.087956087576491427e+03,3.593486300000000142e+02
1.088344286572687224e+03,3.593486300000000142e+02
1.088243689313229197e+03,3.593486300000000142e+02
1.088468983672391232e+03,3.593486300000000142e+02
1.088531291049966967e+03,3.593486300000000142e+02
1.089902226537102479e+03,3.616211000000000126e+02
1.088818892786704964e+03,3.593486300000000142e+02
1.089044313786878092e+03,3.593486300000000142e+02
1.089106494523442734e+03,3.593486300000000142e+02
1.089495453700440521e+03,3.616211000000000126e+02
1.089394096260180504e+03,3.616211000000000126e+02
1.089619643901365180e+03,3.616211000000000126e+02
1.089681697996918274e+03,3.616211000000000126e+02
1.090398927019400389e+03,3.586360000000000241e+02
1.089969299733656271e+03,3.616211000000000126e+02
1.090194974015852040e+03,3.586360000000000241e+02
1.090256901470394041e+03,3.586360000000000241e+02
1.090646620828193818e+03,3.586360000000000241e+02
1.090544503207131811e+03,3.586360000000000241e+02
1.090770304130339127e+03,3.586360000000000241e+02
1.090832104943869581e+03,3.586360000000000241e+02
1.144525100000000066e+03,4.256940999999999917e+02
1.091119706680607578e+03,5.834098000000000184e+02
1.091345634244826215e+03,5.834098000000000184e+02
1.091407308417345348e+03,5.834098000000000184e+02
1.091797787955947115e+03,5.834098000000000184e+02
1.091694910154083118e+03,5.834098000000000184e+02
1.091920964359313075e+03,5.834098000000000184e+02
1.091982511890821115e+03,5.834098000000000184e+02
1.092703291552028304e+03,5.834098000000000184e+02
1.092270113627558885e+03,5.834098000000000184e+02
1.092496294473800162e+03,5.834098000000000184e+02
1.092557715364296655e+03,5.834098000000000184e+02
1.092948955083700412e+03,5.834098000000000184e+02
1.092845317101034652e+03,5.834098000000000184e+02
1.093071624588287250e+03,5.834098000000000184e+02
1.093132918837772422e+03,5.834098000000000184e+02
1.094519098233215573e+03,5.834098000000000184e+02
1.093420520574510192e+03,5.834098000000000184e+02
1.093646954702774110e+03,5.834098000000000184e+02
1.093708122311248189e+03,5.834098000000000184e+02
1.094100122211453709e+03,5.834098000000000184e+02
1.093995724047985959e+03,5.834098000000000184e+02
1.094222284817261198e+03,5.834098000000000184e+02
1.094283325784723729e+03,5.834098000000000184e+02
1.095007656084656219e+03,5.834098000000000184e+02
1.094570927521461499e+03,5.834098000000000184e+02
1.094797614931748285e+03,5.834098000000000184e+02
1.094858529258199496e+03,5.834098000000000184e+02
1.095251289339207005e+03,5.834098000000000184e+02
1.095146130994937266e+03,5.834098000000000184e+02
1.095372945046235145e+03,5.834098000000000184e+02
1.095433732731675036e+03,5.834098000000000184e+02
1.148483400000000074e+03,4.119945000000000164e+02
1.095721334468413033e+03,4.938152000000000044e+02
1.095948275160722233e+03,4.938152000000000044e+02
1.096008936205150803e+03,4.938152000000000044e+02
1.096402456466960302e+03,4.938152000000000044e+02
1.096296537941888573e+03,4.938152000000000044e+02
1.096523605275209320e+03,4.938152000000000044e+02
1.096584139678626570e+03,4.938152000000000044e+02
1.097312020617284134e+03,4.938152000000000044e+02
1.096871741415364340e+03,4.938152000000000044e+02
1.097098935389696180e+03,4.938152000000000044e+02
1.097159343152102110e+03,4.938152000000000044e+02
1.097553623594713599e+03,4.938152000000000044e+02
1.097446944888839880e+03,4.938152000000000044e+02
1.097674265504183268e+03,4.938152000000000044e+02
1.097734546625577877e+03,4.938152000000000044e+02
1.099135969929328667e+03,5.477568400000000111e+02
1.098022148362315647e+03,5.477568400000000111e+02
1.098249595618670355e+03,5.477568400000000111e+02
1.098309750099053417e+03,5.477568400000000111e+02
1.098704790722466896e+03,5.477568400000000111e+02
1.098597351835791414e+03,5.477568400000000111e+02
1.098824925733157215e+03,5.477568400000000111e+02
1.098884953572529184e+03,5.477568400000000111e+02
1.099616385149911821e+03,5.477568400000000111e+02
1.099172555309266954e+03,5.477568400000000111e+02
1.099400255847644303e+03,5.477568400000000111e+02
1.099460157046004952e+03,5.477568400000000111e+02
1.099855957850220193e+03,5.477568400000000111e+02
1.099747758782742721e+03,5.477568400000000111e+02
1.099975585962131390e+03,5.477568400000000111e+02
1.100035360519480491e+03,5.477568400000000111e+02
1.148603900000000067e+03,4.042814999999999941e+02
1.100322962256218261e+03,5.744433599999999842e+02
1.100550916076618250e+03,5.744433599999999842e+02
1.100610563992956259e+03,5.744433599999999842e+02
1.101007124977973490e+03,5.744433599999999842e+02
1.100898165729694028e+03,5.744433599999999842e+02
1.101126246191105338e+03,5.744433599999999842e+02
1.101185767466431798e+03,5.744433599999999842e+02
1.101920749682539736e+03,5.744433599999999842e+02
1.101473369203169796e+03,5.744433599999999842e+02
1.101701576305592425e+03,5.744433599999999842e+02
1.101760970939907565e+03,5.744433599999999842e+02
1.102158292105726787e+03,5.744433599999999842e+02
1.102048572676645335e+03,5.744433599999999842e+02
1.102276906420079285e+03,5.744433599999999842e+02
1.102336174413383333e+03,5.744433599999999842e+02
1.103752841625441761e+03,5.744433599999999842e+02
1.102623776150121103e+03,5.744433599999999842e+02
1.102852236534566373e+03,5.744433599999999842e+02
1.102911377886858872e+03,5.744433599999999842e+02
1.103309459233480084e+03,5.744433599999999842e+02
1.103198979623596642e+03,5.744433599999999842e+02
1.103427566649053460e+03,5.744433599999999842e+02
1.103486581360334640e+03,5.744433599999999842e+02
1.104225114215167650e+03,5.744433599999999842e+02
1.103774183097072410e+03,5.744433599999999842e+02
1.104002896763540321e+03,5.744433599999999842e+02
1.104061784833810179e+03,5.744433599999999842e+02
1.104460626361233381e+03,5.744433599999999842e+02
1.104349386570548177e+03,5.744433599999999842e+02
1.104578226878027408e+03,5.744433599999999842e+02
1.104636988307285947e+03,5.744433599999999842e+02
1.147858199999999897e+03,4.019311500000000024e+02
1.104924590044023716e+03,5.744433599999999842e+02
1.105153556992514496e+03,5.744433599999999842e+02
1.105212191780761714e+03,5.744433599999999842e+02
1.105611793488986677e+03,5.744433599999999842e+02
1.105499793517499484e+03,5.744433599999999842e+02
1.105728887107001356e+03,5.744433599999999842e+02
1.105787395254237254e+03,5.744433599999999842e+02
1.106529478747795565e+03,5.744433599999999842e+02
1.106074996990975023e+03,5.744433599999999842e+02
1.106304217221488443e+03,5.744433599999999842e+02
1.106362598727713021e+03,5.744433599999999842e+02
1.106762960616739974e+03,5.744433599999999842e+02
1.106650200464450791e+03,5.744433599999999842e+02
1.106879547335975531e+03,5.744433599999999842e+02
1.106937802201188561e+03,5.744433599999999842e+02
1.108369713321554855e+03,5.119477499999999850e+02
1.107225403937926558e+03,5.119477499999999850e+02
1.107454877450462391e+03,5.119477499999999850e+02
1.107513005674664328e+03,5.119477499999999850e+02
1.107914127744493271e+03,5.119477499999999850e+02
1.107800607411402098e+03,5.119477499999999850e+02
1.108030207564949478e+03,5.119477499999999850e+02
1.108088209148140095e+03,5.119477499999999850e+02
1.108833843280423480e+03,5.119477499999999850e+02
1.108375810884877865e+03,5.119477499999999850e+02
1.108605537679436566e+03,5.119477499999999850e+02
1.108663412621615635e+03,5.119477499999999850e+02
1.109065294872246568e+03,5.119477499999999850e+02
1.108951014358353405e+03,5.119477499999999850e+02
1.109180867793923426e+03,5.119477499999999850e+02
1.109238616095091402e+03,5.119477499999999850e+02
1.146518800000000056e+03,4.020003699999999753e+02
1.109526217831829172e+03,4.760973000000000184e+02
1.109756197908410513e+03,4.760973000000000184e+02
1.109813819568566942e+03,4.760973000000000184e+02
1.110216461999999865e+03,4.760973000000000184e+02
1.110101421305304939e+03,4.760973000000000184e+02
1.110331528022897601e+03,4.760973000000000184e+02
1.110389023042042709e+03,4.760973000000000184e+02
1.111138207813051167e+03,4.760973000000000184e+02
1.110676624778780479e+03,4.760973000000000184e+02
1.110906858137384461e+03,4.760973000000000184e+02
1.110964226515518476e+03,4.760973000000000184e+02
1.111367629127753162e+03,4.760973000000000184e+02
1.111251828252256246e+03,4.760973000000000184e+02
1.111482188251871548e+03,4.760973000000000184e+02
1.111539429988994016e+03,4.760973000000000184e+02
1.112986585017667721e+03,4.760973000000000184e+02
1.111827031725732013e+03,4.760973000000000184e+02
1.112057518366358408e+03,4.760973000000000184e+02
1.112114633462469783e+03,4.760973000000000184e+02
1.112518796255506459e+03,4.760973000000000184e+02
1.112402235199207553e+03,4.760973000000000184e+02
1.112632848480845496e+03,4.760973000000000184e+02
1.112689836935945323e+03,4.760973000000000184e+02
1.113442572345679082e+03,4.760973000000000184e+02
1.112977438672683320e+03,4.760973000000000184e+02
1.113208178595332583e+03,4.760973000000000184e+02
1.113265040409421090e+03,4.760973000000000184e+02
1.113669963383259756e+03,4.760973000000000184e+02
1.113552642146158860e+03,4.760973000000000184e+02
1.113783508709819444e+03,4.760973000000000184e+02
1.113840243882896857e+03,4.760973000000000184e+02
1.142967799999999897e+03,4.099974399999999832e+02
1.114127845619634627e+03,4.760973000000000184e+02
1.114358838824306531e+03,4.760973000000000184e+02
1.114415447356372397e+03,4.760973000000000184e+02
1.114821130511013052e+03,4.760973000000000184e+02
1.114703049093110394e+03,4.760973000000000184e+02
1.114934168938793619e+03,4.760973000000000184e+02
1.114990650829848164e+03,4.760973000000000184e+02
1.115746936878306997e+03,4.760973000000000184e+02
1.115278252566585934e+03,4.760973000000000184e+02
1.115509499053280479e+03,4.760973000000000184e+02
1.115565854303323704e+03,4.760973000000000184e+02
1.115972297638766577e+03,4.760973000000000184e+02
1.115853456040061701e+03,4.760973000000000184e+02
1.116084829167767566e+03,4.760973000000000184e+02
1.116141057776799471e+03,4.760973000000000184e+02
1.117603456713780815e+03,4.760973000000000184e+02
1.116428659513537241e+03,4.760973000000000184e+02
1.116660159282254654e+03,4.760973000000000184e+02
1.116716261250275238e+03,4.760973000000000184e+02
1.117123464766519874e+03,4.760973000000000184e+02
1.117003862987013008e+03,4.760973000000000184e+02
1.117235489396741514e+03,4.760973000000000184e+02
1.117291464723750778e+03,4.760973000000000184e+02
1.118051301410934911e+03,4.760973000000000184e+02
1.117579066460488775e+03,4.760973000000000184e+02
1.117810819511228601e+03,4.760973000000000184e+02
1.117866668197226545e+03,4.760973000000000184e+02
1.118274631894273170e+03,4.760973000000000184e+02
1.118154269933964315e+03,4.760973000000000184e+02
1.118386149625715689e+03,4.760973000000000184e+02
1.118441871670702085e+03,4.760973000000000184e+02
1.134016000000000076e+03,4.352957799999999793e+02
1.118729473407440082e+03,4.747761199999999917e+02
1.118961479740202549e+03,4.747761199999999917e+02
1.119017075144177852e+03,4.747761199999999917e+02
1.119425799022026467e+03,4.747761199999999917e+02
1.119304676880915622e+03,4.747761199999999917e+02
1.119536809854689636e+03,4.747761199999999917e+02
1.119592278617653619e+03,4.747761199999999917e+02
1.120355665943562599e+03,4.747761199999999917e+02
1.119879880354391389e+03,4.747761199999999917e+02
1.120112139969176724e+03,4.747761199999999917e+02
1.120167482091129159e+03,4.747761199999999917e+02
1.120576966149779764e+03,4.747761199999999917e+02
1.120455083827867156e+03,4.747761199999999917e+02
1.120687470083663584e+03,4.747761199999999917e+02
1.120742685564604926e+03,4.747761199999999917e+02
1.122220328409893909e+03,5.563287400000000389e+02
1.121030287301342696e+03,4.747761199999999917e+02
1.121262800198150671e+03,4.747761199999999917e+02
1.121317889038080466e+03,4.747761199999999917e+02
1.121728133277533061e+03,4.747761199999999917e+02
1.121605490774818463e+03,4.747761199999999917e+02
1.121838130312637759e+03,5.563287400000000389e+02
1.121893092511556233e+03,5.563287400000000389e+02
1.122660030476190514e+03,5.563287400000000389e+02
1.122180694248294003e+03,5.563287400000000389e+02
1.122413460427124619e+03,5.563287400000000389e+02
1.122468295985032000e+03,5.563287400000000389e+02
1.122879300405286358e+03,5.563287400000000389e+02
1.122755897721769770e+03,5.563287400000000389e+02
1.122988790541611706e+03,5.563287400000000389e+02
1.123043499458507540e+03,5.563287400000000389e+02
1.121739100000000008e+03,4.747761199999999917e+02
1.123331101195245537e+03,4.565316199999999753e+02
1.123564120656098794e+03,4.565316199999999753e+02
1.123618702931983307e+03,4.565316199999999753e+02
1.124030467533039655e+03,4.565316199999999753e+02
1.123906304668721077e+03,4.565316199999999753e+02
1.124139450770585654e+03,4.565316199999999753e+02
1.124193906405458847e+03,4.565316199999999753e+02
1.124964395008818428e+03,4.565316199999999753e+02
1.124481508142196844e+03,4.565316199999999753e+02
1.124714780885072742e+03,4.565316199999999753e+02
1.124769109878934614e+03,4.565316199999999753e+02
1.125181634660792952e+03,4.565316199999999753e+02
1.125056711615672384e+03,4.565316199999999753e+02
1.125290110999559829e+03,4.565316199999999753e+02
1.125344313352410381e+03,4.565316199999999753e+02
1.126837200106007003e+03,4.565316199999999753e+02
1.125631915089148151e+03,4.565316199999999753e+02
1.125865441114046689e+03,4.565316199999999753e+02
1.125919516825885921e+03,4.565316199999999753e+02
1.126332801788546249e+03,4.565316199999999753e+02
1.126207118562623918e+03,4.565316199999999753e+02
1.126440771228533777e+03,4.565316199999999753e+02
1.126494720299361688e+03,4.565316199999999753e+02
1.127268759541446343e+03,4.565316199999999753e+02
1.126782322036099458e+03,4.565316199999999753e+02
1.127016101343020864e+03,4.565316199999999753e+02
1.127069923772837228e+03,4.565316199999999753e+02
1.127483968916299546e+03,4.565316199999999753e+02
1.127357525509575225e+03,4.565316199999999753e+02
1.127591431457507724e+03,4.565316199999999753e+02
1.127645127246312995e+03,4.565316199999999753e+02
1.108895500000000084e+03,5.119477499999999850e+02
1.127932728983050765e+03,4.565316199999999753e+02
1.128166761571994812e+03,4.565316199999999753e+02
1.128220330719788763e+03,4.565316199999999753e+02
1.128635136044052842e+03,4.565316199999999753e+02
1.128507932456526532e+03,4.565316199999999753e+02
1.128742091686481899e+03,4.565316199999999753e+02
1.128795534193264302e+03,4.565316199999999753e+02
1.129573124074074258e+03,4.565316199999999753e+02
1.129083135930002300e+03,4.565316199999999753e+02
1.129317421800968759e+03,4.565316199999999753e+02
1.129370737666740069e+03,4.565316199999999753e+02
1.129786303171806139e+03,4.565316199999999753e+02
1.129658339403477839e+03,4.565316199999999753e+02
1.129892751915455847e+03,4.565316199999999753e+02
1.129945941140215837e+03,4.565316199999999753e+02
1.131454071802120097e+03,4.565316199999999753e+02
1.130233542876953607e+03,4.565316199999999753e+02
1.130468082029942934e+03,4.565316199999999753e+02
1.130521144613691376e+03,4.565316199999999753e+02
1.130937470299559436e+03,4.565316199999999753e+02
1.130808746350429146e+03,4.565316199999999753e+02
1.131043412144429794e+03,4.565316199999999753e+02
1.131096348087167144e+03,4.565316199999999753e+02
1.131877488606701945e+03,4.565316199999999753e+02
1.131383949823904914e+03,4.565316199999999753e+02
1.131618742258916882e+03,4.565316199999999753e+02
1.131671551560642683e+03,4.565316199999999753e+02
1.132088637427312733e+03,4.565316199999999753e+02
1.131959153297380681e+03,4.565316199999999753e+02
1.132194072373403969e+03,4.565316199999999753e+02
1.132246755034118451e+03,4.565316199999999753e+02
1.099684600000000046e+03,5.477568400000000111e+02
1.132534356770856220e+03,4.352957799999999793e+02
1.132769402487890829e+03,4.352957799999999793e+02
1.132821958507594218e+03,4.352957799999999793e+02
1.133239804555066030e+03,4.352957799999999793e+02
1.133109560244331988e+03,4.352957799999999793e+02
1.133344732602377917e+03,4.352957799999999793e+02
1.133397161981069758e+03,4.352957799999999793e+02
1.134181853139329860e+03,4.352957799999999793e+02
1.133684763717807527e+03,4.352957799999999793e+02
1.133920062716865004e+03,4.352957799999999793e+02
1.133972365454545525e+03,4.352957799999999793e+02
1.134390971682819327e+03,4.352957799999999793e+02
1.134259967191283295e+03,4.352957799999999793e+02
1.134495392831351865e+03,4.352957799999999793e+02
1.134547568928021064e+03,4.352957799999999793e+02
1.136070943498233191e+03,5.387385000000000446e+02
1.134835170664759062e+03,5.387385000000000446e+02
1.135070722945838952e+03,5.387385000000000446e+02
1.135122772401496832e+03,5.387385000000000446e+02
1.135542138810572624e+03,5.387385000000000446e+02
1.135410374138234602e+03,5.387385000000000446e+02
1.135646053060326039e+03,5.387385000000000446e+02
1.135697975874972599e+03,5.387385000000000446e+02
1.136486217671957775e+03,5.387385000000000446e+02
1.135985577611710369e+03,5.387385000000000446e+02
1.136221383174812900e+03,5.387385000000000446e+02
1.136273179348448139e+03,5.387385000000000446e+02
1.136693305938325921e+03,5.387385000000000446e+02
1.136560781085185909e+03,5.387385000000000446e+02
1.136796713289299987e+03,5.387385000000000446e+02
1.136848382821923906e+03,5.387385000000000446e+02
1.091780199999999923e+03,5.834098000000000184e+02
1.137135984558661676e+03,5.387385000000000446e+02
1.137372043403787075e+03,5.387385000000000446e+02
1.137423586295399446e+03,5.387385000000000446e+02
1.137844473066079217e+03,5.387385000000000446e+02
1.137711188032137443e+03,5.387385000000000446e+02
1.137947373518273935e+03,5.387385000000000446e+02
1.137998789768875213e+03,5.387385000000000446e+02
1.138790582204585689e+03,5.387385000000000446e+02
1.138286391505612983e+03,5.387385000000000446e+02
1.138522703632761022e+03,5.387385000000000446e+02
1.138573993242350980e+03,5.387385000000000446e+02
1.138995640193832514e+03,5.387385000000000446e+02
1.138861594979088750e+03,5.387385000000000446e+02
1.139098033747248110e+03,5.387385000000000446e+02
1.139149196715826520e+03,5.387385000000000446e+02
1.140687815194346285e+03,4.099974399999999832e+02
1.139436798452564290e+03,4.099974399999999832e+02
1.139673363861734970e+03,4.099974399999999832e+02
1.139724400189302287e+03,4.099974399999999832e+02
1.140146807321585811e+03,4.099974399999999832e+02
1.140012001926040057e+03,4.099974399999999832e+02
1.140248693976222057e+03,4.099974399999999832e+02
1.140299603662777827e+03,4.099974399999999832e+02
1.141094946737213604e+03,4.099974399999999832e+02
1.140587205399515824e+03,4.099974399999999832e+02
1.140824024090708917e+03,4.099974399999999832e+02
1.140874807136253594e+03,4.099974399999999832e+02
1.141297974449339108e+03,4.099974399999999832e+02
1.141162408872991364e+03,4.099974399999999832e+02
1.141399354205196005e+03,4.099974399999999832e+02
1.141450010609729361e+03,4.099974399999999832e+02
1.086289700000000039e+03,6.081509999999999536e+02
1.141737612346467131e+03,4.099974399999999832e+02
1.141974684319683092e+03,4.099974399999999832e+02
1.142025214083204901e+03,4.099974399999999832e+02
1.142449141577092405e+03,4.099974399999999832e+02
1.142312815819942671e+03,4.099974399999999832e+02
1.142550014434169952e+03,4.099974399999999832e+02
1.142600417556680668e+03,4.099974399999999832e+02
1.143399311269841292e+03,4.099974399999999832e+02
1.142888019293418438e+03,4.099974399999999832e+02
1.143125344548657040e+03,4.099974399999999832e+02
1.143175621030156208e+03,4.099974399999999832e+02
1.143600308704845702e+03,4.099974399999999832e+02
1.143463222766894205e+03,4.099974399999999832e+02
1.143700674663144127e+03,4.099974399999999832e+02
1.143750824503631975e+03,4.099974399999999832e+02
1.145304686890459379e+03,4.256940999999999917e+02
1.144038426240369745e+03,4.256940999999999917e+02
1.144276004777630988e+03,4.256940999999999917e+02
1.144326027977107742e+03,4.256940999999999917e+02
1.144751475832598999e+03,4.256940999999999917e+02
1.144613629713845512e+03,4.256940999999999917e+02
1.144851334892118075e+03,4.256940999999999917e+02
1.144901231450583282e+03,4.256940999999999917e+02
1.145703675802469206e+03,4.256940999999999917e+02
1.145188833187321052e+03,4.256940999999999917e+02
1.145426665006605162e+03,4.256940999999999917e+02
1.145476434924059049e+03,4.256940999999999917e+02
1.145902642960352296e+03,4.256940999999999917e+02
1.145764036660796819e+03,4.256940999999999917e+02
1.146001995121092023e+03,4.256940999999999917e+02
1.146051638397534589e+03,4.256940999999999917e+02
1.075627700000000004e+03,6.422641599999999471e+02
1.146339240134272586e+03,4.020003699999999753e+02
1.146577325235579110e+03,4.020003699999999753e+02
1.146626841871010356e+03,4.020003699999999753e+02
1.147053810088105593e+03,4.020003699999999753e+02
1.146914443607748126e+03,4.020003699999999753e+02
1.147152655350066198e+03,4.020003699999999753e+02
1.147202045344486123e+03,4.020003699999999753e+02
1.148008040335097121e+03,4.019311500000000024e+02
1.147489647081223893e+03,4.019311500000000024e+02
1.147727985464553058e+03,4.019311500000000024e+02
1.147777248817961663e+03,4.019311500000000024e+02
1.148204977215858889e+03,4.019311500000000024e+02
1.148064850554699660e+03,4.019311500000000024e+02
1.148303315579040145e+03,4.019311500000000024e+02
1.148352452291437430e+03,4.019311500000000024e+02
1.149921558586572473e+03,4.042814999999999941e+02
1.148640054028175200e+03,4.042814999999999941e+02
1.148878645693527233e+03,4.042814999999999941e+02
1.148927655764912970e+03,4.042814999999999941e+02
1.149356144343612186e+03,4.042814999999999941e+02
1.149215257501650967e+03,4.042814999999999941e+02
1.149453975808014093e+03,4.042814999999999941e+02
1.149502859238388737e+03,4.042814999999999941e+02
1.150312404867725036e+03,4.042814999999999941e+02
1.149790460975126507e+03,4.042814999999999941e+02
1.150029305922501180e+03,4.042814999999999941e+02
1.150078062711864504e+03,4.042814999999999941e+02
1.150507311471365483e+03,4.042814999999999941e+02
1.150365664448602274e+03,4.042814999999999941e+02
1.150604636036988268e+03,4.042814999999999941e+02
1.150653266185340044e+03,4.042814999999999941e+02
1.070264200000000073e+03,6.488252999999999702e+02
1.150940867922078041e+03,5.204507999999999583e+02
1.151179966151475128e+03,5.204507999999999583e+02
1.151228469658815811e+03,5.204507999999999583e+02
1.151658478599119007e+03,5.204507999999999583e+02
1.151516071395553581e+03,5.204507999999999583e+02
1.151755296265962215e+03,5.204507999999999583e+02
1.151803673132291351e+03,5.204507999999999583e+02
1.152616769400352950e+03,5.204507999999999583e+02
1.152091274869029348e+03,5.204507999999999583e+02
1.152330626380449303e+03,5.204507999999999583e+02
1.152378876605767118e+03,5.204507999999999583e+02
1.152809645726872304e+03,5.204507999999999583e+02
1.152666478342504888e+03,5.204507999999999583e+02
1.152905956494936163e+03,5.204507999999999583e+02
1.152954080079242885e+03,5.204507999999999583e+02
1.154538430282685567e+03,5.204507999999999583e+02
1.153241681815980655e+03,5.204507999999999583e+02
1.153481286609423250e+03,5.204507999999999583e+02
1.153529283552718425e+03,5.204507999999999583e+02
1.153960812854625601e+03,5.204507999999999583e+02
1.153816885289456422e+03,5.204507999999999583e+02
1.154056616723910338e+03,5.204507999999999583e+02
1.154104487026194192e+03,5.204507999999999583e+02
1.154921133932980638e+03,5.204507999999999583e+02
1.154392088762931962e+03,5.204507999999999583e+02
1.154631946838397198e+03,5.204507999999999583e+02
1.154679690499669732e+03,5.204507999999999583e+02
1.155111979982378898e+03,5.204507999999999583e+02
1.154967292236407729e+03,5.204507999999999583e+02
1.155207276952884285e+03,5.204507999999999583e+02
1.155254893973145499e+03,5.204507999999999583e+02
1.057292400000000043e+03,6.642381599999999935e+02
1.155542495709883269e+03,5.204507999999999583e+02
1.155782607067371373e+03,5.204507999999999583e+02
1.155830097446621266e+03,5.204507999999999583e+02
1.156263147110132195e+03,5.204507999999999583e+02
1.156117699183359036e+03,5.204507999999999583e+02
1.156357937181858233e+03,5.204507999999999583e+02
1.156405300920096806e+03,5.204507999999999583e+02
1.157225498465608553e+03,5.204507999999999583e+02
1.156692902656834804e+03,5.204507999999999583e+02
1.156933267296345321e+03,5.204507999999999583e+02
1.156980504393572573e+03,5.204507999999999583e+02
1.157414314237885492e+03,5.204507999999999583e+02
1.157268106130310343e+03,5.204507999999999583e+02
1.157508597410832408e+03,5.204507999999999583e+02
1.157555707867048113e+03,5.204507999999999583e+02
1.159155301978798661e+03,5.204507999999999583e+02
1.157843309603786111e+03,5.204507999999999583e+02
1.158083927525319268e+03,5.204507999999999583e+02
1.158130911340523880e+03,5.204507999999999583e+02
1.158565481365638789e+03,5.204507999999999583e+02
1.158418513077261650e+03,5.204507999999999583e+02
1.158659257639806356e+03,5.204507999999999583e+02
1.158706114813999648e+03,5.204507999999999583e+02
1.159529862998236467e+03,5.204507999999999583e+02
1.158993716550737417e+03,5.204507999999999583e+02
1.159234587754293443e+03,5.204507999999999583e+02
1.159281318287475187e+03,5.204507999999999583e+02
1.159716648493392086e+03,5.204507999999999583e+02
1.159568920024213185e+03,5.204507999999999583e+02
1.159809917868780303e+03,5.204507999999999583e+02
1.159856521760950955e+03,5.204507999999999583e+02
1.046041600000000017e+03,6.741284000000000560e+02
1.160144123497688724e+03,5.204507999999999583e+02
1.160385247983267391e+03,5.204507999999999583e+02
1.160431725234426494e+03,5.204507999999999583e+02
1.160867815621145382e+03,5.204507999999999583e+02
1.160719326971164492e+03,5.204507999999999583e+02
1.160960578097754478e+03,5.204507999999999583e+02
1.161006928707902262e+03,5.204507999999999583e+02
1.161834227530864382e+03,5.204507999999999583e+02
1.161294530444640031e+03,5.204507999999999583e+02
1.161535908212241338e+03,5.204507999999999583e+02
1.161582132181378029e+03,5.204507999999999583e+02
1.162018982748898679e+03,5.204507999999999583e+02
1.161869733918115799e+03,5.204507999999999583e+02
1.162111238326728426e+03,5.204507999999999583e+02
1.162157335654853568e+03,5.204507999999999583e+02
1.163772173674911755e+03,5.204507999999999583e+02
1.162444937391591566e+03,5.204507999999999583e+02
1.162686568441215513e+03,5.204507999999999583e+02
1.162732539128329336e+03,5.204507999999999583e+02
1.163170149876651976e+03,5.204507999999999583e+02
1.163020140865067106e+03,5.204507999999999583e+02
1.163261898555702373e+03,5.204507999999999583e+02
1.163307742601804875e+03,5.204507999999999583e+02
1.164138592063492069e+03,5.204507999999999583e+02
1.163595344338542873e+03,5.204507999999999583e+02
1.163837228670189461e+03,5.204507999999999583e+02
1.163882946075280643e+03,5.204507999999999583e+02
1.164321317004405273e+03,5.204507999999999583e+02
1.164170547812018413e+03,5.204507999999999583e+02
1.164412558784676548e+03,5.204507999999999583e+02
1.164458149548756410e+03,5.204507999999999583e+02
1.037994599999999991e+03,6.782916000000000167e+02
1.164745751285494180e+03,5.010201400000000262e+02
1.164987888899163408e+03,5.010201400000000262e+02
1.165033353022231950e+03,5.010201400000000262e+02
1.165472484132158570e+03,5.010201400000000262e+02
1.165320954758969947e+03,5.010201400000000262e+02
1.165563219013650496e+03,5.010201400000000262e+02
1.165608556495707717e+03,5.010201400000000262e+02
1.166442956596119984e+03,5.010201400000000262e+02
1.165896158232445487e+03,5.010201400000000262e+02
1.166138549128137583e+03,5.010201400000000262e+02
1.166183759969183257e+03,5.010201400000000262e+02
1.166623651259911867e+03,5.010201400000000262e+02
1.166471361705921254e+03,5.010201400000000262e+02
1.166713879242624444e+03,5.010201400000000262e+02
1.166758963442659024e+03,5.010201400000000262e+02
1.168389045371024622e+03,5.010201400000000262e+02
1.167046565179396794e+03,5.010201400000000262e+02
1.167289209357111531e+03,5.010201400000000262e+02
1.167334166916134791e+03,5.010201400000000262e+02
1.167774818387665164e+03,5.010201400000000262e+02
1.167621768652872561e+03,5.010201400000000262e+02
1.167864539471598619e+03,5.010201400000000262e+02
1.167909370389610331e+03,5.010201400000000262e+02
1.168747321128747899e+03,5.010201400000000262e+02
1.168196972126348328e+03,5.010201400000000262e+02
1.168439869586085479e+03,5.010201400000000262e+02
1.168484573863086098e+03,5.010201400000000262e+02
1.168925985515418461e+03,5.010201400000000262e+02
1.168772175599823868e+03,5.010201400000000262e+02
1.169015199700572566e+03,5.010201400000000262e+02
1.169059777336561865e+03,5.010201400000000262e+02
1.033706799999999930e+03,6.795813000000000557e+02
1.169347379073299635e+03,5.010201400000000262e+02
1.169590529815059654e+03,5.010201400000000262e+02
1.169634980810037405e+03,5.010201400000000262e+02
1.170077152643171758e+03,5.010201400000000262e+02
1.169922582546775175e+03,5.010201400000000262e+02
1.170165859929546514e+03,5.010201400000000262e+02
1.170210184283513172e+03,5.010201400000000262e+02
1.171051685661375814e+03,5.010201400000000262e+02
1.170497786020250942e+03,5.010201400000000262e+02
1.170741190044033601e+03,5.010201400000000262e+02
1.170785387756988712e+03,5.010201400000000262e+02
1.171228319770925054e+03,5.010201400000000262e+02
1.171072989493726709e+03,5.010201400000000262e+02
1.171316520158520461e+03,5.010201400000000262e+02
1.171360591230464479e+03,5.010201400000000262e+02
1.173005917067137716e+03,5.010201400000000262e+02
1.171648192967202249e+03,5.010201400000000262e+02
1.171891850273007549e+03,5.010201400000000262e+02
1.171935794703940246e+03,5.010201400000000262e+02
1.172379486898678351e+03,5.010201400000000262e+02
1.172223396440678016e+03,5.010201400000000262e+02
1.172467180387494636e+03,5.010201400000000262e+02
1.172510998177415786e+03,5.010201400000000262e+02
1.173356050194003728e+03,5.010201400000000262e+02
1.172798599914153556e+03,5.010201400000000262e+02
1.173042510501981496e+03,5.010201400000000262e+02
1.173086201650891553e+03,5.010201400000000262e+02
1.173530654026431648e+03,5.010201400000000262e+02
1.173373803387629323e+03,5.010201400000000262e+02
1.173617840616468584e+03,5.010201400000000262e+02
1.173661405124367093e+03,5.010201400000000262e+02
1.031799199999999928e+03,6.789721700000000055e+02
1.173949006861105090e+03,5.010201400000000262e+02
1.174193170730955671e+03,5.010201400000000262e+02
1.174236608597842860e+03,5.010201400000000262e+02
1.174681821154184945e+03,5.010201400000000262e+02
1.174524210334580630e+03,5.010201400000000262e+02
1.174768500845442531e+03,5.010201400000000262e+02
1.174811812071318627e+03,5.010201400000000262e+02
1.175660414726631416e+03,5.010201400000000262e+02
1.175099413808056397e+03,5.010201400000000262e+02
1.175343830959929619e+03,5.010201400000000262e+02
1.175387015544794167e+03,5.010201400000000262e+02
1.175832988281938242e+03,5.010201400000000262e+02
1.175674617281531937e+03,5.010201400000000262e+02
1.175919161074416706e+03,5.010201400000000262e+02
1.175962219018269934e+03,5.010201400000000262e+02
1.177622788763250810e+03,5.010201400000000262e+02
1.176249820755007704e+03,5.010201400000000262e+02
1.176494491188903567e+03,5.010201400000000262e+02
1.176537422491745474e+03,5.010201400000000262e+02
1.176984155409691539e+03,5.010201400000000262e+02
1.176825024228483471e+03,5.010201400000000262e+02
1.177069821303390654e+03,5.010201400000000262e+02
1.177112625965221241e+03,5.010201400000000262e+02
1.177964779259259331e+03,5.010201400000000262e+02
1.177400227701959011e+03,5.010201400000000262e+02
1.177645151417877742e+03,5.010201400000000262e+02
1.177687829438697008e+03,5.010201400000000262e+02
1.178135322537444836e+03,5.010201400000000262e+02
1.177975431175434778e+03,5.010201400000000262e+02
1.178220481532364602e+03,5.010201400000000262e+02
1.178263032912172548e+03,5.010201400000000262e+02
1.030768000000000029e+03,6.771391599999999471e+02
1.178550634648910318e+03,5.010201400000000262e+02
1.178795811646851689e+03,5.010201400000000262e+02
1.178838236385648315e+03,5.010201400000000262e+02
1.179286489665198133e+03,5.010201400000000262e+02
1.179125838122386085e+03,5.010201400000000262e+02
1.179371141761338777e+03,5.010201400000000262e+02
1.179413439859123855e+03,5.010201400000000262e+02
1.180269143791887245e+03,5.010201400000000262e+02
1.179701041595861852e+03,5.010201400000000262e+02
1.179946471875825637e+03,5.010201400000000262e+02
1.179988643332599622e+03,5.010201400000000262e+02
1.180437656792951429e+03,5.010201400000000262e+02
1.180276245069337392e+03,5.010201400000000262e+02
1.180521801990312724e+03,5.010201400000000262e+02
1.180563846806075389e+03,5.010201400000000262e+02
1.182239660459363904e+03,5.010201400000000262e+02
1.180851448542813159e+03,5.010201400000000262e+02
1.181097132104799812e+03,5.010201400000000262e+02
1.181139050279550929e+03,5.010201400000000262e+02
1.181588823920704726e+03,5.010201400000000262e+02
1.181426652016288699e+03,5.010201400000000262e+02
1.181672462219286672e+03,5.010201400000000262e+02
1.181714253753026696e+03,5.010201400000000262e+02
1.182573508324515160e+03,5.010201400000000262e+02
1.182001855489764466e+03,5.010201400000000262e+02
1.182247792333773759e+03,5.010201400000000262e+02
1.182289457226502236e+03,5.010201400000000262e+02
1.182739991048458023e+03,5.010201400000000262e+02
1.182577058963240233e+03,5.010201400000000262e+02
1.182823122448260847e+03,5.010201400000000262e+02
1.182864660699978003e+03,5.010201400000000262e+02
1.031466799999999921e+03,6.729402999999999793e+02
1.183152262436715773e+03,4.804040499999999838e+02
1.183398452562747707e+03,4.804040499999999838e+02
1.183439864173453770e+03,4.804040499999999838e+02
1.183891158176211320e+03,4.804040499999999838e+02
1.183727465910191540e+03,4.804040499999999838e+02
1.183973782677234794e+03,4.804040499999999838e+02
1.184015067646929310e+03,4.804040499999999838e+02
1.184877872857143075e+03,4.804040499999999838e+02
1.184302669383667080e+03,4.804040499999999838e+02
1.184549112791721882e+03,4.804040499999999838e+02
1.184590271120405077e+03,4.804040499999999838e+02
1.185042325303964617e+03,4.804040499999999838e+02
1.184877872857142847e+03,4.804040499999999838e+02
1.185124442906208742e+03,4.804040499999999838e+02
1.185165474593880617e+03,4.804040499999999838e+02
1.186856532155476998e+03,4.804040499999999838e+02
1.185453076330618615e+03,4.804040499999999838e+02
1.185699773020695829e+03,4.804040499999999838e+02
1.185740678067356384e+03,4.804040499999999838e+02
1.186193492431717914e+03,4.804040499999999838e+02
1.186028279804094154e+03,4.804040499999999838e+02
1.186275103135182917e+03,4.804040499999999838e+02
1.186315881540832152e+03,4.804040499999999838e+02
1.187182237389770762e+03,4.804040499999999838e+02
1.186603483277569921e+03,4.804040499999999838e+02
1.186850433249669777e+03,4.804040499999999838e+02
1.186891085014307691e+03,4.804040499999999838e+02
1.187344659559471211e+03,4.804040499999999838e+02
1.187178686751045689e+03,4.804040499999999838e+02
1.187425763364156865e+03,4.804040499999999838e+02
1.187466288487783459e+03,4.804040499999999838e+02
1.035959000000000060e+03,6.596620000000000346e+02
1.187753890224521228e+03,4.804040499999999838e+02
1.188001093478643952e+03,4.804040499999999838e+02
1.188041491961258998e+03,4.804040499999999838e+02
1.188495826687224508e+03,4.804040499999999838e+02
1.188329093697996996e+03,4.804040499999999838e+02
1.188576423593130812e+03,4.804040499999999838e+02
1.188616695434734766e+03,4.804040499999999838e+02
1.189486601922398677e+03,4.804040499999999838e+02
1.188904297171472535e+03,4.804040499999999838e+02
1.189151753707617900e+03,4.804040499999999838e+02
1.189191898908210533e+03,4.804040499999999838e+02
1.189646993814978032e+03,4.804040499999999838e+02
1.189479500644948303e+03,4.804040499999999838e+02
1.189727083822104987e+03,4.804040499999999838e+02
1.189767102381686072e+03,4.804040499999999838e+02
1.191473403851590092e+03,4.804040499999999838e+02
1.190054704118424070e+03,4.804040499999999838e+02
1.190302413936591847e+03,4.804040499999999838e+02
1.190342305855161840e+03,4.804040499999999838e+02
1.190798160942731329e+03,4.804040499999999838e+02
1.190629907591899610e+03,4.804040499999999838e+02
1.190877744051078935e+03,4.804040499999999838e+02
1.190917509328637379e+03,4.804040499999999838e+02
1.191790966455026592e+03,4.804040499999999838e+02
1.191205111065375377e+03,4.804040499999999838e+02
1.191453074165566022e+03,4.804040499999999838e+02
1.191492712802113147e+03,4.804040499999999838e+02
1.191949328070484626e+03,4.804040499999999838e+02
1.191780314538850917e+03,4.804040499999999838e+02
1.192028404280052882e+03,4.804040499999999838e+02
1.192067916275588914e+03,4.804040499999999838e+02
1.042304300000000012e+03,6.482259500000000116e+02
1.192355518012326684e+03,4.804040499999999838e+02
1.192603734394539970e+03,4.804040499999999838e+02
1.192643119749064454e+03,4.804040499999999838e+02
1.193100495198237923e+03,4.804040499999999838e+02
1.192930721485802451e+03,4.804040499999999838e+02
1.193179064509027057e+03,4.804040499999999838e+02
1.193218323222540221e+03,4.804040499999999838e+02
1.194095330987654506e+03,4.804040499999999838e+02
1.193505924959277991e+03,4.804040499999999838e+02
1.193754394623513917e+03,4.804040499999999838e+02
1.193793526696015761e+03,4.804040499999999838e+02
1.194251662325991219e+03,4.804040499999999838e+02
1.194081128432753758e+03,4.804040499999999838e+02
1.194329724738001005e+03,4.804040499999999838e+02
1.194368730169491528e+03,4.804040499999999838e+02
1.196090275547703186e+03,4.804040499999999838e+02
1.194656331906229298e+03,4.804040499999999838e+02
1.194905054852488092e+03,4.804040499999999838e+02
1.194943933642967295e+03,4.804040499999999838e+02
1.195402829453744516e+03,4.804040499999999838e+02
1.195231535379705065e+03,4.804040499999999838e+02
1.195480384966974952e+03,4.804040499999999838e+02
1.195519137116442835e+03,4.804040499999999838e+02
1.196399695520282194e+03,4.804040499999999838e+02
1.195806738853180832e+03,4.804040499999999838e+02
1.196055715081462040e+03,4.804040499999999838e+02
1.196094340589918602e+03,4.804040499999999838e+02
1.196553996581497813e+03,4.804040499999999838e+02
1.196381942326656372e+03,4.804040499999999838e+02
1.196631045195949127e+03,4.804040499999999838e+02
1.196669544063394142e+03,4.804040499999999838e+02
1.053815000000000055e+03,6.324494600000000446e+02
1.196957145800132139e+03,4.804040499999999838e+02
1.197206375310435988e+03,4.804040499999999838e+02
1.197244747536869909e+03,4.804040499999999838e+02
1.197705163709251110e+03,4.804040499999999838e+02
1.197532349273607679e+03,4.804040499999999838e+02
1.197781705424923075e+03,4.804040499999999838e+02
1.197819951010345676e+03,4.804040499999999838e+02
1.198704060052910108e+03,4.804040499999999838e+02
1.198107552747083446e+03,4.804040499999999838e+02
1.198357035539410163e+03,4.804040499999999838e+02
1.198395154483821216e+03,4.804040499999999838e+02
1.198856330837004407e+03,4.804040499999999838e+02
1.198682756220559213e+03,4.804040499999999838e+02
1.198932365653897023e+03,4.804040499999999838e+02
1.198970357957296983e+03,4.804040499999999838e+02
1.200707147243816280e+03,4.804040499999999838e+02
1.199257959694034753e+03,4.804040499999999838e+02
1.199507695768384110e+03,4.804040499999999838e+02
1.199545561430772523e+03,4.804040499999999838e+02
1.200007497964757704e+03,4.804040499999999838e+02
1.199833163167510520e+03,4.804040499999999838e+02
1.200083025882870970e+03,4.804040499999999838e+02
1.200120764904248290e+03,4.804040499999999838e+02
1.201008424585538023e+03,4.804040499999999838e+02
1.200408366640986060e+03,4.804040499999999838e+02
1.200658355997358058e+03,4.804040499999999838e+02
1.200695968377724057e+03,4.804040499999999838e+02
1.201158665092511001e+03,4.804040499999999838e+02
1.200983570114461827e+03,4.804040499999999838e+02
1.201233686111845145e+03,4.804040499999999838e+02
1.201271171851199597e+03,4.804040499999999838e+02
1.067619999999999891e+03,6.161684599999999818e+02
1.201558773587937594e+03,5.221991000000000440e+02
1.201809016226332005e+03,5.221991000000000440e+02
1.201846375324675364e+03,5.221991000000000440e+02
1.202309832220264298e+03,5.221991000000000440e+02
1.202133977061413134e+03,5.221991000000000440e+02
1.202384346340819093e+03,5.221991000000000440e+02
1.202421578798150904e+03,5.221991000000000440e+02
1.203312789118165938e+03,5.221991000000000440e+02
1.202709180534888901e+03,5.221991000000000440e+02
1.202959676455306180e+03,5.221991000000000440e+02
1.202996782271626671e+03,5.221991000000000440e+02
1.203460999348017594e+03,5.221991000000000440e+02
1.203284384008364441e+03,5.221991000000000440e+02
1.203535006569793040e+03,5.221991000000000440e+02
1.203571985745102438e+03,5.221991000000000440e+02
1.205324018939929374e+03,5.221991000000000440e+02
1.203859587481840208e+03,5.221991000000000440e+02
1.204110336684280128e+03,5.221991000000000440e+02
1.204147189218577978e+03,5.221991000000000440e+02
1.204612166475770891e+03,5.221991000000000440e+02
1.204434790955315975e+03,5.221991000000000440e+02
1.204685666798767215e+03,5.221991000000000440e+02
1.204722392692053745e+03,5.221991000000000440e+02
1.205617153650793853e+03,5.221991000000000440e+02
1.205009994428791515e+03,5.221991000000000440e+02
1.205260996913254075e+03,5.221991000000000440e+02
1.205297596165529512e+03,5.221991000000000440e+02
1.205763333603524188e+03,5.221991000000000440e+02
1.205585197902267282e+03,5.221991000000000440e+02
1.205836327027741163e+03,5.221991000000000440e+02
1.205872799639005052e+03,5.221991000000000440e+02
1.086855800000000045e+03,5.943293499999999767e+02
1.206160401375742822e+03,5.221991000000000440e+02
1.206411657142228250e+03,5.221991000000000440e+02
1.206448003112480819e+03,5.221991000000000440e+02
1.206914500731277485e+03,5.221991000000000440e+02
1.206735604849218589e+03,5.221991000000000440e+02
1.206986987256715111e+03,5.221991000000000440e+02
1.207023206585956359e+03,5.221991000000000440e+02
1.207921518183421540e+03,5.221991000000000440e+02
1.207310808322694356e+03,5.221991000000000440e+02
1.207562317371202198e+03,5.221991000000000440e+02
1.207598410059432126e+03,5.221991000000000440e+02
1.208065667859030782e+03,5.221991000000000440e+02
1.207886011796169896e+03,5.221991000000000440e+02
1.208137647485689286e+03,5.221991000000000440e+02
1.208173613532907893e+03,5.221991000000000440e+02
1.209940890636042468e+03,5.221991000000000440e+02
1.208461215269645663e+03,5.221991000000000440e+02
1.208712977600176146e+03,5.221991000000000440e+02
1.208748817006383433e+03,5.221991000000000440e+02
1.209216834986784079e+03,5.221991000000000440e+02
1.209036418743121203e+03,5.221991000000000440e+02
1.209288307714663233e+03,5.221991000000000440e+02
1.209324020479859200e+03,5.221991000000000440e+02
1.210225882716049455e+03,5.221991000000000440e+02
1.209611622216596970e+03,5.221991000000000440e+02
1.209863637829150321e+03,5.221991000000000440e+02
1.209899223953334740e+03,5.221991000000000440e+02
1.210368002114537376e+03,5.221991000000000440e+02
1.210186825690072737e+03,5.221991000000000440e+02
1.210438967943637181e+03,5.221991000000000440e+02
1.210474427426810507e+03,5.221991000000000440e+02
1.105358899999999949e+03,5.744433599999999842e+02
1.210762029163548277e+03,5.221991000000000440e+02
1.211014298058124268e+03,5.221991000000000440e+02
1.211049630900286274e+03,5.221991000000000440e+02
1.211519169242290673e+03,5.221991000000000440e+02
1.211337232637024044e+03,5.221991000000000440e+02
1.211589628172611356e+03,5.221991000000000440e+02
1.211624834373761814e+03,5.221991000000000440e+02
1.212530247248677369e+03,5.221991000000000440e+02
1.211912436110499584e+03,5.221991000000000440e+02
1.212164958287098216e+03,5.221991000000000440e+02
1.212200037847237581e+03,5.221991000000000440e+02
1.212670336370043970e+03,5.221991000000000440e+02
1.212487639583975351e+03,5.221991000000000440e+02
1.212740288401585303e+03,5.221991000000000440e+02
1.212775241320713121e+03,5.221991000000000440e+02
1.214557762332155562e+03,4.956250000000000000e+02
1.213062843057451119e+03,5.221991000000000440e+02
1.213315618516072391e+03,5.221991000000000440e+02
1.213350444794188888e+03,5.221991000000000440e+02
1.213821503497797266e+03,5.221991000000000440e+02
1.213638046530926658e+03,5.221991000000000440e+02
1.213890948630559251e+03,5.221991000000000440e+02
1.213925648267664656e+03,5.221991000000000440e+02
1.214834611781305284e+03,4.956250000000000000e+02
1.214213250004402425e+03,5.221991000000000440e+02
1.214466278745046338e+03,4.956250000000000000e+02
1.214500851741140195e+03,4.956250000000000000e+02
1.214972670625550563e+03,4.956250000000000000e+02
1.214788453477877965e+03,4.956250000000000000e+02
1.215041608859533426e+03,4.956250000000000000e+02
1.215076055214615963e+03,4.956250000000000000e+02
1.121759399999999914e+03,5.563287400000000389e+02
1.215363656951353732e+03,4.596915300000000002e+02
1.215616938974020286e+03,4.596915300000000002e+02
1.215651258688091502e+03,4.596915300000000002e+02
1.216123837753303860e+03,5.403774399999999787e+02
1.215938860424829500e+03,5.403774399999999787e+02
1.216192269088507373e+03,5.403774399999999787e+02
1.216226462161567270e+03,5.403774399999999787e+02
1.217138976313933199e+03,5.403774399999999787e+02
1.216514063898305039e+03,5.403774399999999787e+02
1.216767599202994461e+03,5.403774399999999787e+02
1.216801665635043037e+03,5.403774399999999787e+02
1.217275004881057157e+03,5.403774399999999787e+02
1.217089267371780807e+03,5.403774399999999787e+02
1.217342929317481321e+03,5.403774399999999787e+02
1.217376869108518576e+03,5.403774399999999787e+02
1.219174634028268656e+03,4.717244999999999777e+02
1.217664470845256346e+03,4.717244999999999777e+02
1.217918259431968409e+03,4.717244999999999777e+02
1.217952072581994344e+03,4.717244999999999777e+02
1.218426172008810454e+03,4.717244999999999777e+02
1.218239674318732114e+03,4.717244999999999777e+02
1.218493589546455496e+03,4.717244999999999777e+02
1.218527276055469883e+03,4.717244999999999777e+02
1.219443340846560886e+03,4.717244999999999777e+02
1.218814877792207881e+03,4.717244999999999777e+02
1.219068919660942356e+03,4.717244999999999777e+02
1.219102479528945651e+03,4.717244999999999777e+02
1.219577339136563751e+03,4.717244999999999777e+02
1.219390081265683420e+03,4.717244999999999777e+02
1.219644249775429444e+03,4.717244999999999777e+02
1.219677683002421418e+03,4.717244999999999777e+02
1.137871599999999944e+03,5.387385000000000446e+02
1.219965284739159188e+03,4.717244999999999777e+02
1.220219579889916531e+03,4.717244999999999777e+02
1.220252886475896958e+03,4.717244999999999777e+02
1.220728506264317048e+03,4.717244999999999777e+02
1.220540488212634727e+03,4.717244999999999777e+02
1.220794910004403391e+03,4.717244999999999777e+02
1.220828089949372725e+03,4.717244999999999777e+02
1.221747705379188801e+03,4.717244999999999777e+02
1.221115691686110495e+03,4.717244999999999777e+02
1.221370240118890479e+03,4.717244999999999777e+02
1.221403293422848265e+03,4.717244999999999777e+02
1.221879673392070345e+03,4.717244999999999777e+02
1.221690895159586262e+03,4.717244999999999777e+02
1.221945570233377566e+03,4.717244999999999777e+02
1.221978496896324032e+03,4.717244999999999777e+02
1.223791505724381523e+03,5.565510000000000446e+02
1.222266098633061802e+03,5.565510000000000446e+02
1.222520900347864426e+03,5.565510000000000446e+02
1.222553700369799799e+03,5.565510000000000446e+02
1.223030840519823641e+03,5.565510000000000446e+02
1.222841302106537569e+03,5.565510000000000446e+02
1.223096230462351514e+03,5.565510000000000446e+02
1.223128903843275339e+03,5.565510000000000446e+02
1.224052069911816716e+03,5.565510000000000446e+02
1.223416505580013109e+03,5.565510000000000446e+02
1.223671560576838601e+03,5.565510000000000446e+02
1.223704107316751106e+03,5.565510000000000446e+02
1.224182007647576938e+03,5.565510000000000446e+02
1.223991709053488876e+03,5.565510000000000446e+02
1.224246890691325461e+03,5.565510000000000446e+02
1.224279310790226646e+03,5.565510000000000446e+02
1.155018199999999979e+03,5.204507999999999583e+02
1.224566912526964643e+03,5.565510000000000446e+02
1.224822220805812549e+03,5.565510000000000446e+02
1.224854514263702413e+03,5.565510000000000446e+02
1.225333174775330463e+03,5.565510000000000446e+02
1.225142116000440183e+03,5.565510000000000446e+02
1.225397550920299636e+03,5.565510000000000446e+02
1.225429717737178180e+03,5.565510000000000446e+02
1.226356434444444631e+03,5.565510000000000446e+02
1.225717319473915950e+03,5.565510000000000446e+02
1.225972881034786496e+03,5.565510000000000446e+02
1.226004921210653720e+03,5.565510000000000446e+02
1.226484341903083759e+03,5.565510000000000446e+02
1.226292522947391717e+03,5.565510000000000446e+02
1.226548211149273584e+03,5.565510000000000446e+02
1.226580124684129487e+03,5.565510000000000446e+02
1.228408377420494617e+03,5.565510000000000446e+02
1.226867726420867257e+03,5.565510000000000446e+02
1.227123541263760671e+03,5.565510000000000446e+02
1.227155328157605027e+03,5.565510000000000446e+02
1.227635509030837056e+03,5.565510000000000446e+02
1.227442929894343024e+03,5.565510000000000446e+02
1.227698871378247532e+03,5.565510000000000446e+02
1.227730531631080794e+03,5.565510000000000446e+02
1.228660798977072318e+03,5.565510000000000446e+02
1.228018133367818564e+03,5.565510000000000446e+02
1.228274201492734619e+03,5.565510000000000446e+02
1.228305735104556561e+03,5.565510000000000446e+02
1.228786676158590353e+03,5.565510000000000446e+02
1.228593336841294331e+03,5.565510000000000446e+02
1.228849531607221479e+03,5.565510000000000446e+02
1.228880938578032101e+03,5.565510000000000446e+02
1.173930800000000090e+03,5.010201400000000262e+02
1.229168540314770098e+03,4.398030999999999722e+02
1.229424861721708567e+03,4.398030999999999722e+02
1.229456142051507868e+03,4.398030999999999722e+02
1.229937843286343650e+03,4.398030999999999722e+02
1.229743743788245638e+03,4.398030999999999722e+02
1.230000191836195654e+03,4.398030999999999722e+02
1.230031345524983408e+03,4.398030999999999722e+02
1.230965163509700233e+03,4.398030999999999722e+02
1.230318947261721405e+03,4.398030999999999722e+02
1.230575521950682514e+03,4.398030999999999722e+02
1.230606548998459175e+03,4.398030999999999722e+02
1.231089010414096947e+03,4.398030999999999722e+02
1.230894150735196945e+03,4.398030999999999722e+02
1.231150852065169602e+03,4.398030999999999722e+02
1.231181752471934942e+03,4.398030999999999722e+02
1.233025249116607711e+03,4.398030999999999722e+02
1.231469354208672712e+03,4.398030999999999722e+02
1.231726182179656689e+03,4.398030999999999722e+02
1.231756955945410482e+03,4.398030999999999722e+02
1.232240177541850244e+03,4.398030999999999722e+02
1.232044557682148479e+03,4.398030999999999722e+02
1.232301512294143549e+03,4.398030999999999722e+02
1.232332159418886249e+03,4.398030999999999722e+02
1.233269528042328147e+03,4.398030999999999722e+02
1.232619761155624019e+03,4.398030999999999722e+02
1.232876842408630637e+03,4.398030999999999722e+02
1.232907362892361789e+03,4.398030999999999722e+02
1.233391344669603541e+03,4.398030999999999722e+02
1.233194964629099786e+03,4.398030999999999722e+02
1.233452172523117724e+03,4.398030999999999722e+02
1.233482566365837556e+03,4.398030999999999722e+02
1.194543499999999995e+03,4.804040499999999838e+02
1.233770168102575326e+03,4.398030999999999722e+02
1.234027502637604584e+03,4.398030999999999722e+02
1.234057769839313323e+03,4.398030999999999722e+02
1.234542511797356838e+03,4.398030999999999722e+02
1.234345371576051093e+03,4.398030999999999722e+02
1.234602832752091672e+03,4.398030999999999722e+02
1.234632973312788863e+03,4.398030999999999722e+02
1.235573892574956062e+03,5.697149699999999939e+02
1.234920575049526860e+03,5.697149699999999939e+02
1.235178162866578759e+03,5.697149699999999939e+02
1.235208176786264630e+03,5.697149699999999939e+02
1.235693678925110135e+03,5.697149699999999939e+02
1.235495778523002400e+03,5.697149699999999939e+02
1.235753492981065619e+03,5.697149699999999939e+02
1.235783380259740170e+03,5.697149699999999939e+02
1.237642120812720805e+03,4.344068599999999947e+02
1.236070981996478167e+03,4.344068599999999947e+02
1.236328823095552707e+03,4.344068599999999947e+02
1.236358583733215937e+03,4.344068599999999947e+02
1.236844846052863431e+03,4.344068599999999947e+02
1.236646185469953707e+03,4.344068599999999947e+02
1.236904153210039794e+03,4.344068599999999947e+02
1.236933787206691704e+03,4.344068599999999947e+02
1.237878257107583977e+03,4.344068599999999947e+02
1.237221388943429474e+03,4.344068599999999947e+02
1.237479483324526655e+03,4.344068599999999947e+02
1.237508990680167244e+03,4.344068599999999947e+02
1.237996013180616728e+03,4.344068599999999947e+02
1.237796592416905241e+03,4.344068599999999947e+02
1.238054813439013742e+03,4.344068599999999947e+02
1.238084194153643011e+03,4.344068599999999947e+02
1.215380200000000059e+03,4.596915300000000002e+02
1.238371795890380781e+03,4.203726800000000026e+02
1.238630143553500830e+03,4.203726800000000026e+02
1.238659397627118551e+03,4.203726800000000026e+02
1.239147180308370025e+03,4.203726800000000026e+02
1.238946999363856548e+03,4.203726800000000026e+02
1.239205473667987690e+03,4.203726800000000026e+02
1.239234601100594318e+03,4.203726800000000026e+02
1.240182621640211664e+03,4.203726800000000026e+02
1.239522202837332088e+03,4.203726800000000026e+02
1.239780803782474777e+03,4.203726800000000026e+02
1.239809804574070085e+03,4.203726800000000026e+02
1.240298347436123322e+03,4.203726800000000026e+02
1.240097406310807855e+03,4.203726800000000026e+02
1.240356133896961865e+03,4.203726800000000026e+02
1.240385008047545625e+03,4.203726800000000026e+02
1.242258992508833899e+03,4.203726800000000026e+02
1.240672609784283623e+03,4.203726800000000026e+02
1.240931464011448725e+03,4.203726800000000026e+02
1.240960211521021392e+03,4.203726800000000026e+02
1.241449514563876619e+03,4.203726800000000026e+02
1.241247813257759162e+03,4.203726800000000026e+02
1.241506794125935812e+03,4.203726800000000026e+02
1.241535414994496932e+03,4.203726800000000026e+02
1.242486986172839579e+03,4.203726800000000026e+02
1.241823016731234929e+03,4.203726800000000026e+02
1.242082124240422900e+03,4.203726800000000026e+02
1.242110618467972699e+03,4.203726800000000026e+02
1.242600681691629916e+03,4.203726800000000026e+02
1.242398220204710469e+03,4.203726800000000026e+02
1.242657454354909760e+03,4.203726800000000026e+02
1.242685821941448467e+03,4.203726800000000026e+02
1.234598099999999931e+03,4.398030999999999722e+02
1.242973423678186236e+03,4.203726800000000026e+02
1.243232784469396847e+03,4.203726800000000026e+02
1.243261025414924006e+03,4.203726800000000026e+02
1.243751848819383213e+03,4.203726800000000026e+02
1.243548627151662004e+03,4.203726800000000026e+02
1.243808114583883935e+03,4.203726800000000026e+02
1.243836228888399773e+03,4.203726800000000026e+02
1.244791350705467494e+03,4.203726800000000026e+02
1.244123830625137543e+03,4.203726800000000026e+02
1.244383444698370795e+03,4.203726800000000026e+02
1.244411432361875541e+03,4.203726800000000026e+02
1.244903015947136510e+03,4.203726800000000026e+02
1.244699034098613311e+03,4.203726800000000026e+02
1.244958774812857882e+03,4.203726800000000026e+02
1.244986635835351080e+03,4.203726800000000026e+02
1.246875864204946993e+03,4.203726800000000026e+02
1.245274237572088850e+03,4.203726800000000026e+02
1.245534104927344970e+03,4.203726800000000026e+02
1.245561839308826848e+03,4.203726800000000026e+02
1.246054183074889806e+03,4.203726800000000026e+02
1.245849441045564618e+03,4.203726800000000026e+02
1.246109435041831830e+03,4.203726800000000026e+02
1.246137042782302387e+03,4.203726800000000026e+02
1.247095715238095408e+03,4.203726800000000026e+02
1.246424644519040385e+03,4.203726800000000026e+02
1.246684765156318917e+03,4.203726800000000026e+02
1.246712246255778155e+03,4.203726800000000026e+02
1.247205350202643103e+03,4.203726800000000026e+02
1.246999847992515924e+03,4.203726800000000026e+02
1.247260095270806005e+03,4.203726800000000026e+02
1.247287449729253922e+03,4.203726800000000026e+02
1.247484099999999899e+03,4.246899399999999787e+02
1.247575051465991692e+03,4.246899399999999787e+02
1.247835425385292865e+03,4.246899399999999787e+02
1.247862653202729462e+03,4.246899399999999787e+02
1.248356517330396400e+03,4.246899399999999787e+02
1.248150254939467231e+03,4.246899399999999787e+02
1.248410755499779953e+03,4.246899399999999787e+02
1.248437856676205229e+03,4.246899399999999787e+02
1.249400079770723323e+03,4.246899399999999787e+02
1.248725458412942999e+03,4.246899399999999787e+02
1.248986085614267040e+03,4.246899399999999787e+02
1.249013060149680769e+03,4.246899399999999787e+02
1.249507684458149697e+03,4.246899399999999787e+02
1.249300661886418766e+03,4.246899399999999787e+02
1.249561415728753900e+03,4.246899399999999787e+02
1.249588263623156536e+03,4.246899399999999787e+02
1.251492735901060087e+03,4.107481700000000160e+02
1.249875865359894306e+03,4.107481700000000160e+02
1.250136745843240988e+03,4.107481700000000160e+02
1.250163467096632303e+03,4.107481700000000160e+02
1.250658851585902994e+03,4.107481700000000160e+02
1.250451068833370073e+03,4.107481700000000160e+02
1.250712075957728075e+03,4.107481700000000160e+02
1.250738670570107843e+03,4.107481700000000160e+02
1.251704444303351011e+03,4.107481700000000160e+02
1.251026272306845613e+03,4.107481700000000160e+02
1.251287406072214935e+03,4.107481700000000160e+02
1.251313874043583610e+03,4.107481700000000160e+02
1.251810018713656291e+03,4.107481700000000160e+02
1.251601475780321380e+03,4.107481700000000160e+02
1.251862736186702023e+03,4.107481700000000160e+02
1.251889077517059150e+03,4.107481700000000160e+02
1.253217000000000098e+03,4.163227499999999850e+02
1.252176679253797147e+03,4.107481700000000160e+02
1.252438066301189110e+03,4.107481700000000160e+02
1.252464280990534917e+03,4.107481700000000160e+02
1.252961185841409588e+03,4.107481700000000160e+02
1.252751882727272687e+03,4.107481700000000160e+02
1.253013396415675970e+03,4.107481700000000160e+02
1.253039484464010684e+03,4.107481700000000160e+02
1.254008808835978925e+03,4.163227499999999850e+02
1.253327086200748454e+03,4.163227499999999850e+02
1.253588726530163058e+03,4.163227499999999850e+02
1.253614687937486224e+03,4.163227499999999850e+02
1.254112352969162885e+03,4.163227499999999850e+02
1.253902289674223994e+03,4.163227499999999850e+02
1.254164056644650145e+03,4.163227499999999850e+02
1.254189891410961991e+03,4.163227499999999850e+02
1.256109607597173181e+03,4.118838999999999828e+02
1.254477493147699761e+03,4.094763199999999870e+02
1.254739386759137005e+03,4.094763199999999870e+02
1.254765094884437531e+03,4.094763199999999870e+02
1.255263520096916182e+03,4.101628400000000170e+02
1.255052696621175528e+03,4.094763199999999870e+02
1.255314716873624093e+03,4.101628400000000170e+02
1.255340298357913298e+03,4.101628400000000170e+02
1.256313173368606840e+03,4.118838999999999828e+02
1.255627900094651068e+03,4.101628400000000170e+02
1.255890046988111180e+03,4.118838999999999828e+02
1.255915501831389065e+03,4.118838999999999828e+02
1.256414687224669478e+03,4.118838999999999828e+02
1.256203103568126835e+03,4.118838999999999828e+02
1.256465377102598040e+03,4.118838999999999828e+02
1.256490705304864605e+03,4.118838999999999828e+02
1.255714199999999892e+03,4.118838999999999828e+02
1.256778307041602375e+03,5.833980999999999995e+02
1.257040707217085128e+03,5.833980999999999995e+02
1.257065908778340372e+03,5.833980999999999995e+02
1.257565854352422775e+03,5.833980999999999995e+02
1.257353510515078142e+03,5.833980999999999995e+02
1.257616037331572215e+03,5.833980999999999995e+02
1.257641112251815912e+03,5.833980999999999995e+02
1.258617537901234755e+03,5.833980999999999995e+02
1.257928713988553909e+03,5.833980999999999995e+02
1.258191367446059076e+03,5.833980999999999995e+02
1.258216315725291679e+03,5.833980999999999995e+02
1.258717021480176072e+03,5.833980999999999995e+02
1.258503917462029449e+03,5.833980999999999995e+02
1.258766697560546163e+03,5.833980999999999995e+02
1.258791519198767446e+03,5.833980999999999995e+02
1.260726479293286275e+03,5.833980999999999995e+02
1.259079120935505216e+03,5.833980999999999995e+02
1.259342027675033023e+03,5.833980999999999995e+02
1.259366722672242986e+03,5.833980999999999995e+02
1.259868188607929369e+03,5.833980999999999995e+02
1.259654324408980756e+03,5.833980999999999995e+02
1.259917357789520111e+03,5.833980999999999995e+02
1.259941926145718753e+03,5.833980999999999995e+02
1.260921902433862670e+03,5.833980999999999995e+02
1.260229527882456523e+03,5.833980999999999995e+02
1.260492687904007198e+03,5.833980999999999995e+02
1.260517129619194293e+03,5.833980999999999995e+02
1.261019355735682666e+03,5.833980999999999995e+02
1.260804731355932290e+03,5.833980999999999995e+02
1.261068018018494058e+03,5.833980999999999995e+02
1.261092333092670060e+03,5.833980999999999995e+02
1.255569099999999935e+03,4.101628400000000170e+02
1.261379934829407830e+03,5.833980999999999995e+02
1.261643348132981146e+03,5.833980999999999995e+02
1.261667536566145827e+03,5.833980999999999995e+02
1.262170522863435963e+03,5.833980999999999995e+02
1.261955138302883597e+03,5.833980999999999995e+02
1.262218678247468233e+03,5.833980999999999995e+02
1.262242740039621367e+03,5.833980999999999995e+02
1.263226266966490357e+03,5.833980999999999995e+02
1.262530341776359364e+03,5.833980999999999995e+02
1.262794008361955093e+03,5.833980999999999995e+02
1.262817943513097134e+03,5.833980999999999995e+02
1.263321689991189487e+03,5.833980999999999995e+02
1.263105545249834904e+03,5.833980999999999995e+02
1.263369338476442181e+03,5.833980999999999995e+02
1.263393146986572674e+03,5.833980999999999995e+02
1.265343350989399369e+03,5.833980999999999995e+02
1.263680748723310671e+03,5.833980999999999995e+02
1.263944668590929268e+03,5.833980999999999995e+02
1.263968350460048441e+03,5.833980999999999995e+02
1.264472857118942784e+03,5.833980999999999995e+02
1.264255952196786211e+03,5.833980999999999995e+02
1.264519998705416128e+03,5.833980999999999995e+02
1.264543553933524208e+03,5.833980999999999995e+02
1.265530631499118272e+03,5.833980999999999995e+02
1.264831155670261978e+03,5.833980999999999995e+02
1.265095328819903216e+03,5.833980999999999995e+02
1.265118757406999748e+03,5.833980999999999995e+02
1.265624024246696081e+03,5.833980999999999995e+02
1.265406359143737745e+03,5.833980999999999995e+02
1.265670658934390303e+03,5.833980999999999995e+02
1.265693960880475515e+03,5.833980999999999995e+02
1.254917799999999943e+03,4.094763199999999870e+02
1.265981562617213285e+03,5.833980999999999995e+02
1.266245989048877163e+03,5.833980999999999995e+02
1.266269164353951055e+03,5.833980999999999995e+02
1.266775191374449378e+03,5.833980999999999995e+02
1.266556766090689052e+03,5.833980999999999995e+02
1.266821319163364251e+03,5.833980999999999995e+02
1.266844367827426822e+03,5.833980999999999995e+02
1.267834996031746186e+03,5.833980999999999995e+02
1.267131969564164592e+03,5.833980999999999995e+02
1.267396649277851338e+03,5.833980999999999995e+02
1.267419571300902589e+03,5.833980999999999995e+02
1.267926358502202675e+03,5.833980999999999995e+02
1.267707173037640359e+03,5.833980999999999995e+02
1.267971979392338199e+03,5.833980999999999995e+02
1.267994774774378129e+03,5.833980999999999995e+02
1.269960222685512463e+03,5.833980999999999995e+02
1.268282376511116126e+03,5.833980999999999995e+02
1.268547309506825286e+03,5.833980999999999995e+02
1.268569978247853896e+03,5.833980999999999995e+02
1.269077525629955971e+03,5.833980999999999995e+02
1.268857579984591666e+03,5.833980999999999995e+02
1.269122639621312373e+03,5.833980999999999995e+02
1.269145181721329436e+03,5.833980999999999995e+02
1.270139360564374101e+03,5.833980999999999995e+02
1.269432783458067433e+03,5.833980999999999995e+02
1.269697969735799234e+03,5.833980999999999995e+02
1.269720385194805203e+03,5.833980999999999995e+02
1.270228692757709268e+03,5.833980999999999995e+02
1.270007986931542973e+03,5.833980999999999995e+02
1.270273299850286321e+03,5.833980999999999995e+02
1.270295588668280971e+03,5.833980999999999995e+02
1.253138699999999972e+03,4.107481700000000160e+02
1.270583190405018740e+03,2.913054200000000264e+02
1.270848629964773409e+03,2.913054200000000264e+02
1.270870792141756510e+03,2.913054200000000264e+02
1.271379859885462565e+03,2.913054200000000264e+02
1.271158393878494508e+03,2.913054200000000264e+02
1.271423960079260269e+03,2.913054200000000264e+02
1.271445995615232277e+03,2.913054200000000264e+02
1.272443725097001789e+03,2.913054200000000264e+02
1.271733597351970047e+03,2.913054200000000264e+02
1.271999290193747356e+03,2.913054200000000264e+02
1.272021199088707817e+03,2.913054200000000264e+02
1.272531027013215862e+03,2.913054200000000264e+02
1.272308800825445815e+03,2.913054200000000264e+02
1.272574620308234444e+03,2.913054200000000264e+02
1.272596402562183584e+03,2.913054200000000264e+02
1.274577094381625329e+03,2.913054200000000264e+02
1.272884004298921354e+03,2.913054200000000264e+02
1.273149950422721304e+03,2.913054200000000264e+02
1.273171606035659352e+03,2.913054200000000264e+02
1.273682194140969159e+03,2.913054200000000264e+02
1.273459207772397122e+03,2.913054200000000264e+02
1.273725280537208391e+03,2.913054200000000264e+02
1.273746809509134891e+03,2.913054200000000264e+02
1.274748089629629703e+03,2.913054200000000264e+02
1.274034411245872889e+03,2.913054200000000264e+02
1.274300610651695479e+03,2.913054200000000264e+02
1.274322012982610659e+03,2.913054200000000264e+02
1.274833361268722456e+03,2.913054200000000264e+02
1.274609614719348428e+03,2.913054200000000264e+02
1.274875940766182339e+03,2.913054200000000264e+02
1.274897216456086198e+03,2.913054200000000264e+02
1.246473999999999933e+03,4.203726800000000026e+02
1.275184818192824196e+03,2.913054200000000264e+02
1.275451270880669426e+03,2.913054200000000264e+02
1.275472419929561966e+03,2.913054200000000264e+02
1.275984528396475753e+03,2.913054200000000264e+02
1.275760021666299735e+03,2.913054200000000264e+02
1.276026600995156514e+03,2.913054200000000264e+02
1.276047623403037733e+03,2.913054200000000264e+02
1.277052454162257618e+03,2.913054200000000264e+02
1.276335225139775503e+03,2.913054200000000264e+02
1.276601931109643374e+03,2.913054200000000264e+02
1.276622826876513273e+03,2.913054200000000264e+02
1.277135695524229050e+03,2.913054200000000264e+02
1.276910428613251270e+03,2.913054200000000264e+02
1.277177261224130461e+03,2.913054200000000264e+02
1.277198030349989040e+03,2.913054200000000264e+02
1.279193966077738423e+03,2.913054200000000264e+02
1.277485632086726810e+03,2.913054200000000264e+02
1.277752591338617549e+03,2.913054200000000264e+02
1.277773233823464579e+03,2.913054200000000264e+02
1.278286862651982347e+03,2.913054200000000264e+02
1.278060835560202577e+03,2.913054200000000264e+02
1.278327921453104409e+03,2.913054200000000264e+02
1.278348437296940347e+03,2.913054200000000264e+02
1.279356818694885533e+03,2.913054200000000264e+02
1.278636039033678117e+03,2.913054200000000264e+02
1.278903251567591496e+03,2.913054200000000264e+02
1.278923640770416114e+03,2.913054200000000264e+02
1.279438029779735643e+03,2.913054200000000264e+02
1.279211242507153884e+03,2.913054200000000264e+02
1.279478581682078584e+03,2.913054200000000264e+02
1.279498844243891654e+03,2.913054200000000264e+02
1.237609300000000076e+03,4.344068599999999947e+02
1.279786445980629651e+03,2.913054200000000264e+02
1.280053911796565444e+03,2.913054200000000264e+02
1.280074047717367421e+03,2.913054200000000264e+02
1.280589196907488940e+03,2.913054200000000264e+02
1.280361649454105191e+03,2.913054200000000264e+02
1.280629241911052532e+03,2.913054200000000264e+02
1.280649251190842961e+03,2.913054200000000264e+02
1.281661183227513447e+03,2.913054200000000264e+02
1.280936852927580958e+03,2.913054200000000264e+02
1.281204572025539619e+03,2.913054200000000264e+02
1.281224454664318728e+03,2.913054200000000264e+02
1.281740364035242237e+03,2.913054200000000264e+02
1.281512056401056498e+03,2.913054200000000264e+02
1.281779902140026479e+03,2.913054200000000264e+02
1.281799658137794495e+03,2.913054200000000264e+02
1.283810837773851517e+03,2.984134500000000116e+02
1.282087259874532265e+03,2.984134500000000116e+02
1.282355232254513567e+03,2.984134500000000116e+02
1.282374861611270035e+03,2.984134500000000116e+02
1.282891531162995534e+03,2.984134500000000116e+02
1.282662463348008032e+03,2.984134500000000116e+02
1.282930562369000654e+03,2.984134500000000116e+02
1.282950065084745802e+03,2.984134500000000116e+02
1.283965547760141135e+03,2.984134500000000116e+02
1.283237666821483572e+03,2.984134500000000116e+02
1.283505892483487514e+03,2.984134500000000116e+02
1.283525268558221569e+03,2.984134500000000116e+02
1.284042698290748831e+03,2.984134500000000116e+02
1.283812870294959339e+03,2.984134500000000116e+02
1.284081222597974602e+03,2.984134500000000116e+02
1.284100472031697109e+03,2.984134500000000116e+02
1.220394000000000005e+03,4.717244999999999777e+02
1.284388073768434879e+03,5.862884500000000116e+02
1.284656552712461689e+03,5.862884500000000116e+02
1.284675675505172876e+03,5.862884500000000116e+02
1.285193865418502128e+03,5.862884500000000116e+02
1.284963277241910646e+03,5.862884500000000116e+02
1.285231882826948549e+03,5.862884500000000116e+02
1.285250878978648416e+03,5.862884500000000116e+02
1.286269912292769050e+03,5.862884500000000116e+02
1.285538480715386413e+03,5.862884500000000116e+02
1.285807212941435637e+03,5.862884500000000116e+02
1.285826082452124183e+03,5.862884500000000116e+02
1.286345032546255425e+03,5.862884500000000116e+02
1.286113684188861953e+03,5.862884500000000116e+02
1.286382543055922724e+03,5.862884500000000116e+02
1.286401285925599950e+03,5.862884500000000116e+02
1.288427709469964611e+03,5.862884500000000116e+02
1.286688887662337720e+03,5.862884500000000116e+02
1.286957873170409584e+03,5.862884500000000116e+02
1.286976489399075490e+03,5.862884500000000116e+02
1.287496199674008722e+03,5.862884500000000116e+02
1.287264091135813260e+03,5.862884500000000116e+02
1.287533203284896672e+03,5.862884500000000116e+02
1.287551692872551257e+03,5.862884500000000116e+02
1.288574276825396964e+03,5.862884500000000116e+02
1.287839294609289027e+03,5.862884500000000116e+02
1.288108533399383532e+03,5.862884500000000116e+02
1.288126896346026797e+03,5.862884500000000116e+02
1.288647366801762018e+03,5.862884500000000116e+02
1.288414498082764794e+03,5.862884500000000116e+02
1.288683863513870619e+03,5.862884500000000116e+02
1.288702099819502564e+03,5.862884500000000116e+02
1.214664099999999962e+03,4.956250000000000000e+02
1.288989701556240334e+03,3.126295200000000136e+02
1.289259193628357707e+03,3.126295200000000136e+02
1.289277303292978331e+03,3.126295200000000136e+02
1.289798533929515315e+03,3.126295200000000136e+02
1.289564905029716101e+03,3.126295200000000136e+02
1.289834523742844567e+03,3.126295200000000136e+02
1.289852506766453871e+03,3.126295200000000136e+02
1.290878641358024879e+03,3.126295200000000136e+02
1.290140108503191641e+03,3.126295200000000136e+02
1.290409853857331655e+03,3.126295200000000136e+02
1.290427710239929638e+03,3.126295200000000136e+02
1.290949701057268612e+03,3.126295200000000136e+02
1.290715311976667408e+03,3.126295200000000136e+02
1.290985183971818742e+03,3.126295200000000136e+02
1.291002913713405178e+03,3.126295200000000136e+02
1.293044581166077705e+03,3.126295200000000136e+02
1.291290515450143175e+03,3.126295200000000136e+02
1.291560514086305602e+03,3.126295200000000136e+02
1.291578117186880945e+03,3.126295200000000136e+02
1.292100868185021909e+03,3.126295200000000136e+02
1.291865718923618715e+03,3.126295200000000136e+02
1.292135844200792690e+03,3.126295200000000136e+02
1.292153320660356712e+03,3.126295200000000136e+02
1.293183005890652794e+03,3.126295200000000136e+02
1.292440922397094482e+03,3.126295200000000136e+02
1.292711174315279777e+03,3.126295200000000136e+02
1.292728524133832252e+03,3.126295200000000136e+02
1.293252035312775206e+03,3.126295200000000136e+02
1.293016125870570022e+03,3.126295200000000136e+02
1.293286504429766637e+03,3.126295200000000136e+02
1.293303727607308019e+03,3.126295200000000136e+02
1.213962199999999939e+03,5.221991000000000440e+02
1.293591329344045789e+03,3.126295200000000136e+02
1.293861834544253725e+03,3.126295200000000136e+02
1.293878931080783559e+03,3.126295200000000136e+02
1.294403202440528503e+03,3.126295200000000136e+02
1.294166532817521556e+03,3.126295200000000136e+02
1.294437164658740812e+03,3.126295200000000136e+02
1.294454134554259326e+03,3.126295200000000136e+02
1.295487370423280481e+03,3.126295200000000136e+02
1.294741736290997096e+03,3.126295200000000136e+02
1.295012494773227672e+03,3.126295200000000136e+02
1.295029338027735093e+03,3.126295200000000136e+02
1.295554369568281800e+03,3.126295200000000136e+02
1.295316939764472863e+03,3.126295200000000136e+02
1.295587824887714760e+03,3.126295200000000136e+02
1.295604541501210633e+03,3.126295200000000136e+02
1.297661452862190799e+03,3.126295200000000136e+02
1.295892143237948403e+03,3.126295200000000136e+02
1.296163155002201847e+03,3.126295200000000136e+02
1.296179744974686400e+03,3.126295200000000136e+02
1.296705536696035097e+03,3.126295200000000136e+02
1.296467346711424170e+03,3.126295200000000136e+02
1.296738485116688707e+03,3.126295200000000136e+02
1.296754948448161940e+03,3.126295200000000136e+02
1.297791734955908396e+03,3.126295200000000136e+02
1.297042550184899937e+03,3.126295200000000136e+02
1.297313815231175795e+03,3.126295200000000136e+02
1.297330151921637707e+03,3.126295200000000136e+02
1.297856703823788393e+03,3.126295200000000136e+02
1.297617753658375477e+03,3.126295200000000136e+02
1.297889145345662882e+03,3.126295200000000136e+02
1.297905355395113475e+03,3.126295200000000136e+02
1.216710199999999986e+03,5.403774399999999787e+02
1.298192957131851244e+03,5.811536999999999580e+02
1.298464475460149743e+03,5.811536999999999580e+02
1.298480558868589014e+03,5.811536999999999580e+02
1.299007870951541918e+03,5.811536999999999580e+02
1.298768160605326784e+03,5.811536999999999580e+02
1.299039805574636830e+03,5.811536999999999580e+02
1.299055762342064781e+03,5.811536999999999580e+02
1.300096099488536311e+03,5.811536999999999580e+02
1.299343364078802551e+03,5.811536999999999580e+02
1.299615135689123917e+03,5.811536999999999580e+02
1.299630965815540321e+03,5.811536999999999580e+02
1.300159038079295215e+03,5.811536999999999580e+02
1.299918567552278319e+03,5.811536999999999580e+02
1.300190465803610778e+03,5.811536999999999580e+02
1.300206169289016088e+03,5.811536999999999580e+02
1.302278324558303893e+03,5.811536999999999580e+02
1.300493771025753858e+03,5.811536999999999580e+02
1.300765795918097865e+03,5.811536999999999580e+02
1.300781372762491856e+03,5.811536999999999580e+02
1.301310205207048512e+03,5.811536999999999580e+02
1.301068974499229626e+03,5.811536999999999580e+02
1.301341126032584953e+03,5.811536999999999580e+02
1.301356576235967395e+03,5.811536999999999580e+02
1.302400464021164225e+03,5.811536999999999580e+02
1.301644177972705393e+03,5.811536999999999580e+02
1.301916456147071813e+03,5.811536999999999580e+02
1.301931779709443163e+03,5.811536999999999580e+02
1.302461372334801808e+03,5.811536999999999580e+02
1.302219381446180932e+03,5.811536999999999580e+02
1.302491786261558900e+03,5.811536999999999580e+02
1.302506983182918702e+03,5.811536999999999580e+02
1.224344700000000103e+03,5.565510000000000446e+02
1.302794584919656700e+03,5.811536999999999580e+02
1.303067116376045988e+03,5.811536999999999580e+02
1.303082186656394470e+03,5.811536999999999580e+02
1.303612539462555105e+03,5.811536999999999580e+02
1.303369788393132239e+03,5.811536999999999580e+02
1.303642446490532848e+03,5.811536999999999580e+02
1.303657390129870237e+03,5.811536999999999580e+02
1.304704828553791913e+03,5.811536999999999580e+02
1.303944991866608007e+03,5.811536999999999580e+02
1.304217776605019935e+03,5.811536999999999580e+02
1.304232593603345777e+03,5.811536999999999580e+02
1.304763706590308402e+03,5.811536999999999580e+02
1.304520195340083774e+03,5.811536999999999580e+02
1.304793106719507023e+03,5.811536999999999580e+02
1.304807797076821544e+03,5.811536999999999580e+02
1.306895196254416987e+03,5.811536999999999580e+02
1.305095398813559314e+03,5.811536999999999580e+02
1.305368436833993883e+03,5.811536999999999580e+02
1.305383000550297083e+03,5.811536999999999580e+02
1.305914873718061699e+03,5.811536999999999580e+02
1.305670602287035081e+03,5.811536999999999580e+02
1.305943766948480970e+03,5.811536999999999580e+02
1.305958204023772851e+03,5.811536999999999580e+02
1.307009193086419828e+03,5.811536999999999580e+02
1.306245805760510621e+03,5.811536999999999580e+02
1.306519097062968058e+03,5.811536999999999580e+02
1.306533407497248618e+03,5.811536999999999580e+02
1.307066040845814996e+03,5.811536999999999580e+02
1.306821009233986388e+03,5.811536999999999580e+02
1.307094427177454918e+03,5.811536999999999580e+02
1.307108610970724158e+03,5.811536999999999580e+02
1.234857400000000098e+03,5.697149699999999939e+02
1.307396212707462155e+03,5.811536999999999580e+02
1.307669757291942005e+03,5.811536999999999580e+02
1.307683814444199925e+03,5.811536999999999580e+02
1.308217207973568293e+03,5.811536999999999580e+02
1.307971416180937695e+03,5.811536999999999580e+02
1.308245087406429093e+03,5.811536999999999580e+02
1.308259017917675465e+03,5.811536999999999580e+02
1.309313557619047742e+03,5.811536999999999580e+02
1.308546619654413462e+03,5.811536999999999580e+02
1.308820417520915953e+03,5.811536999999999580e+02
1.308834221391151232e+03,5.811536999999999580e+02
1.309368375101321590e+03,5.811536999999999580e+02
1.309121823127889002e+03,5.811536999999999580e+02
1.309395747635403040e+03,5.811536999999999580e+02
1.309409424864626999e+03,5.811536999999999580e+02
1.311512067950530081e+03,5.811536999999999580e+02
1.309697026601364769e+03,5.811536999999999580e+02
1.309971077749890128e+03,5.811536999999999580e+02
1.309984628338102539e+03,5.811536999999999580e+02
1.310519542229074887e+03,5.811536999999999580e+02
1.310272230074840536e+03,5.811536999999999580e+02
1.310546407864376988e+03,5.811536999999999580e+02
1.310559831811578306e+03,5.811536999999999580e+02
1.311617922151675657e+03,5.811536999999999580e+02
1.310847433548316076e+03,5.811536999999999580e+02
1.311121737978864076e+03,5.811536999999999580e+02
1.311135035285053846e+03,5.811536999999999580e+02
1.311670709356828183e+03,5.811536999999999580e+02
1.311422637021791843e+03,5.811536999999999580e+02
1.311697068093351163e+03,5.811536999999999580e+02
1.311710238758529613e+03,5.811536999999999580e+02
1.259623800000000074e+03,5.833980999999999995e+02
1.311997840495267383e+03,5.751810000000000400e+02
1.312272398207838023e+03,5.751810000000000400e+02
1.312285442232005380e+03,5.751810000000000400e+02
1.312821876484581480e+03,5.751810000000000400e+02
1.312573043968743150e+03,5.751810000000000400e+02
1.312847728322325111e+03,5.751810000000000400e+02
1.312860645705480920e+03,5.751810000000000400e+02
1.313922286684303572e+03,5.751810000000000400e+02
1.313148247442218917e+03,5.751810000000000400e+02
1.313423058436812198e+03,5.751810000000000400e+02
1.313435849178956687e+03,5.751810000000000400e+02
1.313973043612334777e+03,5.751810000000000400e+02
1.313723450915694457e+03,5.751810000000000400e+02
1.313998388551299058e+03,5.751810000000000400e+02
1.314011052652432227e+03,5.751810000000000400e+02
1.316128939646643175e+03,5.751810000000000400e+02
1.314298654389170224e+03,5.751810000000000400e+02
1.314573718665786146e+03,5.751810000000000400e+02
1.314586256125907994e+03,5.751810000000000400e+02
1.315124210740088074e+03,5.751810000000000400e+02
1.314873857862645764e+03,5.751810000000000400e+02
1.315149048780273233e+03,5.751810000000000400e+02
1.315161459599383761e+03,5.751810000000000400e+02
1.316226651216931259e+03,5.751810000000000400e+02
1.315449061336121531e+03,5.751810000000000400e+02
1.315724378894760093e+03,5.751810000000000400e+02
1.315736663072859301e+03,5.751810000000000400e+02
1.316275377867841371e+03,5.751810000000000400e+02
1.316024264809597298e+03,5.751810000000000400e+02
1.316299709009247181e+03,5.751810000000000400e+02
1.316311866546335068e+03,5.751810000000000400e+02
1.285814000000000078e+03,5.862884500000000116e+02
1.316599468283072838e+03,5.751810000000000400e+02
1.316875039123734041e+03,5.751810000000000400e+02
1.316887070019810608e+03,5.751810000000000400e+02
1.317426544995594668e+03,5.751810000000000400e+02
1.317174671756548605e+03,5.751810000000000400e+02
1.317450369238221128e+03,5.751810000000000400e+02
1.317462273493286375e+03,5.751810000000000400e+02
1.318531015749559174e+03,5.751810000000000400e+02
1.317749875230024145e+03,5.751810000000000400e+02
1.318025699352708216e+03,5.751810000000000400e+02
1.318037476966762142e+03,5.751810000000000400e+02
1.318577712123347965e+03,5.751810000000000400e+02
1.318325078703499912e+03,5.751810000000000400e+02
1.318601029467195076e+03,5.751810000000000400e+02
1.318612680440237682e+03,5.751810000000000400e+02
1.320745811342756269e+03,5.751810000000000400e+02
1.318900282176975679e+03,5.751810000000000400e+02
1.319176359581682163e+03,5.751810000000000400e+02
1.319187883913713449e+03,5.751810000000000400e+02
1.319728879251101262e+03,5.751810000000000400e+02
1.319475485650451219e+03,5.751810000000000400e+02
1.319751689696169251e+03,5.751810000000000400e+02
1.319763087387189216e+03,5.751810000000000400e+02
1.320835380282187089e+03,5.751810000000000400e+02
1.320050689123926986e+03,5.751810000000000400e+02
1.320327019810656111e+03,5.751810000000000400e+02
1.320338290860664756e+03,5.751810000000000400e+02
1.320880046378854558e+03,5.751810000000000400e+02
1.320625892597402526e+03,5.751810000000000400e+02
1.320902349925143199e+03,5.751810000000000400e+02
1.320913494334140523e+03,5.751810000000000400e+02
1.308148899999999912e+03,5.811536999999999580e+02
1.321201096070878293e+03,5.751810000000000400e+02
1.321477680039630286e+03,5.751810000000000400e+02
1.321488697807616063e+03,5.751810000000000400e+02
1.322031213506607855e+03,5.751810000000000400e+02
1.321776299544354060e+03,5.751810000000000400e+02
1.322053010154117146e+03,5.751810000000000400e+02
1.322063901281091830e+03,5.751810000000000400e+02
1.323139744814815003e+03,5.751810000000000400e+02
1.322351503017829600e+03,5.751810000000000400e+02
1.322628340268604234e+03,5.751810000000000400e+02
1.322639104754567597e+03,5.751810000000000400e+02
1.323182380634361152e+03,5.751810000000000400e+02
1.322926706491305367e+03,5.751810000000000400e+02
1.323203670383091321e+03,5.751810000000000400e+02
1.323214308228043137e+03,5.751810000000000400e+02
1.325362683038869363e+03,5.751810000000000400e+02
1.323501909964780907e+03,5.751810000000000400e+02
1.323779000497578181e+03,5.751810000000000400e+02
1.323789511701518904e+03,5.751810000000000400e+02
1.324333547762114449e+03,5.751810000000000400e+02
1.324077113438256674e+03,5.751810000000000400e+02
1.324354330612065269e+03,5.751810000000000400e+02
1.324364715174994444e+03,5.751810000000000400e+02
1.325444109347442918e+03,5.751810000000000400e+02
1.324652316911732441e+03,5.751810000000000400e+02
1.324929660726552356e+03,5.751810000000000400e+02
1.324939918648470211e+03,5.751810000000000400e+02
1.325484714889867746e+03,5.751810000000000400e+02
1.325227520385207981e+03,5.751810000000000400e+02
1.325504990841039216e+03,5.751810000000000400e+02
1.325515122121945979e+03,5.751810000000000400e+02
1.322487200000000030e+03,5.751810000000000400e+02
1.325802723858683748e+03,5.657440000000000282e+02
1.326080320955526304e+03,5.657440000000000282e+02
1.326090325595421518e+03,5.657440000000000282e+02
1.326635882017621043e+03,5.657440000000000282e+02
1.326377927332159288e+03,5.657440000000000282e+02
1.326655651070013391e+03,5.657440000000000282e+02
1.326665529068897285e+03,5.657440000000000282e+02
1.327748473880070605e+03,5.657440000000000282e+02
1.326953130805635055e+03,5.657440000000000282e+02
1.327230981184500251e+03,5.657440000000000282e+02
1.327240732542372825e+03,5.657440000000000282e+02
1.327787049145374340e+03,5.657440000000000282e+02
1.327528334279110823e+03,5.657440000000000282e+02
1.327806311298987339e+03,5.657440000000000282e+02
1.327815936015848592e+03,5.657440000000000282e+02
1.329979554734982230e+03,5.657440000000000282e+02
1.328103537752586362e+03,5.657440000000000282e+02
1.328381641413474426e+03,5.657440000000000282e+02
1.328391139489324360e+03,5.657440000000000282e+02
1.328938216273127637e+03,5.657440000000000282e+02
1.328678741226062129e+03,5.657440000000000282e+02
1.328956971527961286e+03,5.657440000000000282e+02
1.328966342962799899e+03,5.657440000000000282e+02
1.330052838412698520e+03,5.657440000000000282e+02
1.329253944699537669e+03,5.657440000000000282e+02
1.329532301642448374e+03,5.657440000000000282e+02
1.329541546436275667e+03,5.657440000000000282e+02
1.330089383400880934e+03,5.657440000000000282e+02
1.329829148173013436e+03,5.657440000000000282e+02
1.330107631756935461e+03,5.657440000000000282e+02
1.330116749909751206e+03,5.657440000000000282e+02
1.334378300000000081e+03,5.657440000000000282e+02
1.330404351646489204e+03,5.657440000000000282e+02
1.330682961871422322e+03,5.657440000000000282e+02
1.330691953383226974e+03,5.657440000000000282e+02
1.331240550528634230e+03,5.657440000000000282e+02
1.330979555119964743e+03,5.657440000000000282e+02
1.331258291985909409e+03,5.657440000000000282e+02
1.331267156856702741e+03,5.657440000000000282e+02
1.332357202945326435e+03,5.657440000000000282e+02
1.331554758593440511e+03,5.657440000000000282e+02
1.331833622100396497e+03,5.657440000000000282e+02
1.331842360330178280e+03,5.657440000000000282e+02
1.332391717656387527e+03,5.657440000000000282e+02
1.332129962066916050e+03,5.657440000000000282e+02
1.332408952214883357e+03,5.657440000000000282e+02
1.332417563803654048e+03,5.657440000000000282e+02
1.334596426431095324e+03,5.657440000000000282e+02
1.332705165540391818e+03,5.657440000000000282e+02
1.332984282329370444e+03,5.657440000000000282e+02
1.332992767277129587e+03,5.657440000000000282e+02
1.333542884784140824e+03,5.657440000000000282e+02
1.333280369013867585e+03,5.657440000000000282e+02
1.333559612443857532e+03,5.657440000000000282e+02
1.333567970750605355e+03,5.657440000000000282e+02
1.334661567477954350e+03,5.657440000000000282e+02
1.333855572487343125e+03,5.657440000000000282e+02
1.334134942558344392e+03,5.657440000000000282e+02
1.334143174224081122e+03,5.657440000000000282e+02
1.334694051911894121e+03,5.657440000000000282e+02
1.334430775960818892e+03,5.657440000000000282e+02
1.334710272672831479e+03,5.657440000000000282e+02
1.334718377697556662e+03,5.657440000000000282e+02
1.360627099999999928e+03,5.443125999999999749e+02
1.335005979434294431e+03,5.657440000000000282e+02
1.335285602787318567e+03,5.657440000000000282e+02
1.335293581171032429e+03,5.657440000000000282e+02
1.335845219039647418e+03,5.657440000000000282e+02
1.335581182907770199e+03,5.657440000000000282e+02
1.335860932901805427e+03,5.657440000000000282e+02
1.335868784644507969e+03,5.657440000000000282e+02
1.336965932010582037e+03,5.657440000000000282e+02
1.336156386381245966e+03,5.657440000000000282e+02
1.336436263016292514e+03,5.657440000000000282e+02
1.336443988117983736e+03,5.657440000000000282e+02
1.336996386167400942e+03,5.657440000000000282e+02
1.336731589854721506e+03,5.657440000000000282e+02
1.337011593130779602e+03,5.657440000000000282e+02
1.337019191591459503e+03,5.657440000000000282e+02
1.339213298127208418e+03,5.657440000000000282e+02
1.337306793328197273e+03,5.657440000000000282e+02
1.337586923245266462e+03,5.657440000000000282e+02
1.337594395064935043e+03,5.657440000000000282e+02
1.338147553295154239e+03,5.657440000000000282e+02
1.337881996801672813e+03,5.657440000000000282e+02
1.338162253359753549e+03,5.657440000000000282e+02
1.338169598538410810e+03,5.657440000000000282e+02
1.339270296543209952e+03,5.657440000000000282e+02
1.338457200275148580e+03,5.657440000000000282e+02
1.338737583474240637e+03,5.657440000000000282e+02
1.338744802011886350e+03,5.657440000000000282e+02
1.339298720422907536e+03,5.657440000000000282e+02
1.339032403748624347e+03,5.657440000000000282e+02
1.339312913588727497e+03,5.657440000000000282e+02
1.339320005485362117e+03,5.657440000000000282e+02
1.371531400000000076e+03,5.374207999999999856e+02
1.339607607222099887e+03,5.657440000000000282e+02
1.339888243703214584e+03,5.657440000000000282e+02
1.339895208958837884e+03,5.657440000000000282e+02
1.340449887550660833e+03,5.657440000000000282e+02
1.340182810695575654e+03,5.657440000000000282e+02
1.340463573817701672e+03,5.657440000000000282e+02
1.340470412432313424e+03,5.657440000000000282e+02
1.341574661075837867e+03,5.657440000000000282e+02
1.340758014169051421e+03,5.657440000000000282e+02
1.341038903932188532e+03,5.657440000000000282e+02
1.341045615905789191e+03,5.657440000000000282e+02
1.341601054678414130e+03,5.657440000000000282e+02
1.341333217642526961e+03,5.657440000000000282e+02
1.341614234046675620e+03,5.657440000000000282e+02
1.341620819379264731e+03,5.657440000000000282e+02
1.343830169823321512e+03,5.657440000000000282e+02
1.341908421116002728e+03,5.657440000000000282e+02
1.342189564161162707e+03,5.657440000000000282e+02
1.342196022852740498e+03,5.657440000000000282e+02
1.342752221806167427e+03,5.657440000000000282e+02
1.342483624589478268e+03,5.657440000000000282e+02
1.342764894275649567e+03,5.657440000000000282e+02
1.342771226326216265e+03,5.657440000000000282e+02
1.343879025608465781e+03,5.657440000000000282e+02
1.343058828062954035e+03,5.657440000000000282e+02
1.343340224390136655e+03,5.657440000000000282e+02
1.343346429799691805e+03,5.657440000000000282e+02
1.343903388933920724e+03,5.657440000000000282e+02
1.343634031536429802e+03,5.657440000000000282e+02
1.343915554504623742e+03,5.657440000000000282e+02
1.343921633273167572e+03,5.657440000000000282e+02
1.371531400000000076e+03,5.374207999999999856e+02
1.344209235009905342e+03,5.443125999999999749e+02
1.344490884619110602e+03,5.443125999999999749e+02
1.344496836746643112e+03,5.443125999999999749e+02
1.345054556061674020e+03,5.443125999999999749e+02
1.344784438483381109e+03,5.443125999999999749e+02
1.345066214733597690e+03,5.443125999999999749e+02
1.345072040220118879e+03,5.443125999999999749e+02
1.346183390141093696e+03,5.443125999999999749e+02
1.345359641956856649e+03,5.443125999999999749e+02
1.345641544848084777e+03,5.443125999999999749e+02
1.345647243693594646e+03,5.443125999999999749e+02
1.346205723189427317e+03,5.443125999999999749e+02
1.345934845430332416e+03,5.443125999999999749e+02
1.346216874962571637e+03,5.443125999999999749e+02
1.346222447167070186e+03,5.443125999999999749e+02
1.348447041519434606e+03,5.443125999999999749e+02
1.346510048903808183e+03,5.443125999999999749e+02
1.346792205077058725e+03,5.443125999999999749e+02
1.346797650640545953e+03,5.443125999999999749e+02
1.347356890317180614e+03,5.443125999999999749e+02
1.347085252377283723e+03,5.443125999999999749e+02
1.347367535191545585e+03,5.443125999999999749e+02
1.347372854114021493e+03,5.443125999999999749e+02
1.348487754673721383e+03,5.443125999999999749e+02
1.347660455850759490e+03,5.443125999999999749e+02
1.347942865306032672e+03,5.443125999999999749e+02
1.347948057587497260e+03,5.443125999999999749e+02
1.348508057444933911e+03,5.443125999999999749e+02
1.348235659324235030e+03,5.443125999999999749e+02
1.348518195420519760e+03,5.443125999999999749e+02
1.348523261060973027e+03,5.443125999999999749e+02
1.291557399999999916e+03,3.126295200000000136e+02
1.348810862797710797e+03,5.443125999999999749e+02
1.349093525535006620e+03,5.443125999999999749e+02
1.349098464534448567e+03,5.443125999999999749e+02
1.349659224572687208e+03,5.443125999999999749e+02
1.349386066271186564e+03,5.443125999999999749e+02
1.349668855649493707e+03,5.443125999999999749e+02
1.349673668007924334e+03,5.443125999999999749e+02
1.350792119206349298e+03,5.443125999999999749e+02
1.349961269744662104e+03,5.443125999999999749e+02
1.350244185763980795e+03,5.443125999999999749e+02
1.350248871481399874e+03,5.443125999999999749e+02
1.350810391700440505e+03,5.443125999999999749e+02
1.350536473218137871e+03,5.443125999999999749e+02
1.350819515878467655e+03,5.443125999999999749e+02
1.350824074954875641e+03,5.443125999999999749e+02
1.353063913215547700e+03,5.443125999999999749e+02
1.351111676691613411e+03,5.443125999999999749e+02
1.351394845992954743e+03,5.443125999999999749e+02
1.351399278428351408e+03,5.443125999999999749e+02
1.351961558828193802e+03,5.443125999999999749e+02
1.351686880165089178e+03,5.443125999999999749e+02
1.351970176107441830e+03,5.443125999999999749e+02
1.351974481901826948e+03,5.443125999999999749e+02
1.353096483738977213e+03,5.443125999999999749e+02
1.352262083638564945e+03,5.443125999999999749e+02
1.352545506221928690e+03,5.443125999999999749e+02
1.352549685375302715e+03,5.443125999999999749e+02
1.353112725955947099e+03,5.443125999999999749e+02
1.352837287112040485e+03,5.443125999999999749e+02
1.353120836336415778e+03,5.443125999999999749e+02
1.353124888848778255e+03,5.443125999999999749e+02
1.280310999999999922e+03,2.913054200000000264e+02
1.353412490585516252e+03,5.443125999999999749e+02
1.353696166450902865e+03,5.443125999999999749e+02
1.353700092322254022e+03,5.443125999999999749e+02
1.354263893083700395e+03,5.443125999999999749e+02
1.353987694058991792e+03,5.443125999999999749e+02
1.354271496565389725e+03,5.443125999999999749e+02
1.354275295795729789e+03,5.443125999999999749e+02
1.355400848271605128e+03,5.443125999999999749e+02
1.354562897532467559e+03,5.443125999999999749e+02
1.354846826679876813e+03,5.443125999999999749e+02
1.354850499269205329e+03,5.443125999999999749e+02
1.355415060211453692e+03,5.443125999999999749e+02
1.355138101005943327e+03,5.443125999999999749e+02
1.355422156794363900e+03,5.443125999999999749e+02
1.355425702742681096e+03,5.443125999999999749e+02
1.357680784911660794e+03,5.443125999999999749e+02
1.355713304479418866e+03,5.443125999999999749e+02
1.355997486908850760e+03,5.443125999999999749e+02
1.356000906216156636e+03,5.443125999999999749e+02
1.356566227339206989e+03,5.443125999999999749e+02
1.356288507952894633e+03,5.443125999999999749e+02
1.356572817023337848e+03,5.443125999999999749e+02
1.356576109689632403e+03,5.443125999999999749e+02
1.357705212804233042e+03,5.443125999999999749e+02
1.356863711426370173e+03,5.443125999999999749e+02
1.357148147137824935e+03,5.443125999999999749e+02
1.357151313163108171e+03,5.443125999999999749e+02
1.357717394466960286e+03,5.443125999999999749e+02
1.357438914899845940e+03,5.443125999999999749e+02
1.357723477252311795e+03,5.443125999999999749e+02
1.357726516636583710e+03,5.443125999999999749e+02
1.284059799999999996e+03,2.984134500000000116e+02
1.358014118373321708e+03,5.443125999999999749e+02
1.358298807366798883e+03,5.443125999999999749e+02
1.358301720110059478e+03,5.443125999999999749e+02
1.358868561594713583e+03,5.443125999999999749e+02
1.358589321846797247e+03,5.443125999999999749e+02
1.358874137481285970e+03,5.443125999999999749e+02
1.358876923583535245e+03,5.443125999999999749e+02
1.360009577336860730e+03,5.443125999999999749e+02
1.359164525320273015e+03,5.443125999999999749e+02
1.359449467595772830e+03,5.443125999999999749e+02
1.359452127057010784e+03,5.443125999999999749e+02
1.360019728722466880e+03,5.443125999999999749e+02
1.359739728793748554e+03,5.443125999999999749e+02
1.360024797710259918e+03,5.443125999999999749e+02
1.360027330530486552e+03,5.443125999999999749e+02
1.362297656607773888e+03,5.443125999999999749e+02
1.360314932267224322e+03,5.443125999999999749e+02
1.360600127824747005e+03,5.443125999999999749e+02
1.360602534003962091e+03,5.443125999999999749e+02
1.361170895850220177e+03,5.443125999999999749e+02
1.360890135740700089e+03,5.443125999999999749e+02
1.361175457939233866e+03,5.443125999999999749e+02
1.361177737477437859e+03,5.443125999999999749e+02
1.362313941869488644e+03,5.443125999999999749e+02
1.361465339214175629e+03,5.443125999999999749e+02
1.361750788053720953e+03,5.443125999999999749e+02
1.361752940950913626e+03,5.443125999999999749e+02
1.362322062977973474e+03,5.443125999999999749e+02
1.362040542687651396e+03,5.443125999999999749e+02
1.362326118168208041e+03,5.443125999999999749e+02
1.362328144424389166e+03,5.443125999999999749e+02
1.284059799999999996e+03,2.984134500000000116e+02
1.362615746161126935e+03,5.374207999999999856e+02
1.362901448282694901e+03,5.374207999999999856e+02
1.362903347897864933e+03,5.374207999999999856e+02
1.363473230105726770e+03,5.374207999999999856e+02
1.363190949634602703e+03,5.374207999999999856e+02
1.363476778397181988e+03,5.374207999999999856e+02
1.363478551371340473e+03,5.374207999999999856e+02
1.364618306402116559e+03,5.374207999999999856e+02
1.363766153108078470e+03,5.374207999999999856e+02
1.364052108511669076e+03,5.374207999999999856e+02
1.364053754844816240e+03,5.374207999999999856e+02
1.364624397233480067e+03,5.374207999999999856e+02
1.364341356581554010e+03,5.374207999999999856e+02
1.364627438626155936e+03,5.374207999999999856e+02
1.364628958318292007e+03,5.374207999999999856e+02
1.366914528303886982e+03,5.374207999999999856e+02
1.364916560055029777e+03,5.374207999999999856e+02
1.365202768740643023e+03,5.374207999999999856e+02
1.365204161791767547e+03,5.374207999999999856e+02
1.365775564361233364e+03,5.374207999999999856e+02
1.365491763528505317e+03,5.374207999999999856e+02
1.365778098855130111e+03,5.374207999999999856e+02
1.365779365265243314e+03,5.374207999999999856e+02
1.366922670934744474e+03,5.374207999999999856e+02
1.366066967001981084e+03,5.374207999999999856e+02
1.366353428969616971e+03,5.374207999999999856e+02
1.366354568738718854e+03,5.374207999999999856e+02
1.366926731488986661e+03,5.374207999999999856e+02
1.366642170475456851e+03,5.374207999999999856e+02
1.366928759084104058e+03,5.374207999999999856e+02
1.366929772212194621e+03,5.374207999999999856e+02
1.284059799999999996e+03,2.984134500000000116e+02
1.367217373948932391e+03,5.374207999999999856e+02
1.367504089198591146e+03,5.374207999999999856e+02
1.367504975685670388e+03,5.374207999999999856e+02
1.368077898616739958e+03,5.374207999999999856e+02
1.367792577422408158e+03,5.374207999999999856e+02
1.368079419313078006e+03,5.374207999999999856e+02
1.368080179159145928e+03,5.374207999999999856e+02
1.369227035467372389e+03,5.374207999999999856e+02
1.368367780895883698e+03,5.374207999999999856e+02
1.368654749427565093e+03,5.374207999999999856e+02
1.368655382632621695e+03,5.374207999999999856e+02
1.369229065744493255e+03,5.374207999999999856e+02
1.368942984369359465e+03,5.374207999999999856e+02
1.369230079542052181e+03,5.374207999999999856e+02
1.369230586106097235e+03,5.374207999999999856e+02
1.371531400000000076e+03,5.374207999999999856e+02
1.369518187842835232e+03,5.374207999999999856e+02
1.369805409656539041e+03,5.374207999999999856e+02
1.369805789579573002e+03,5.374207999999999856e+02
1.370380232872246552e+03,5.374207999999999856e+02
1.370093391316310772e+03,5.374207999999999856e+02
1.370380739771026128e+03,5.374207999999999856e+02
1.370380993053048769e+03,5.374207999999999856e+02
1.371531400000000076e+03,5.374207999999999856e+02
1.370668594789786539e+03,5.374207999999999856e+02
1.370956069885513216e+03,5.374207999999999856e+02
1.370956196526524309e+03,5.374207999999999856e+02
1.371531400000000076e+03,5.374207999999999856e+02
1.371243798263262079e+03,5.374207999999999856e+02
1.371531400000000076e+03,5.374207999999999856e+02
1.371531400000000076e+03,5.374207999999999856e+02
1.284059799999999996e+03,2.984134500000000116e+02
