2.039114700000000084e+02,3.286225600000000213e+02
2.039114700000000084e+02,3.286225600000000213e+02
2.057405790668740337e+02,3.286225600000000213e+02
2.039114700000000084e+02,3.286225600000000213e+02
2.075696881337480590e+02,3.205847200000000043e+02
2.075753862928349065e+02,3.205847200000000043e+02
2.093987972006220843e+02,3.205847200000000043e+02
3.708571200000000090e+02,2.895284399999999891e+02
2.112279062674961096e+02,3.205847200000000043e+02
2.112393025856698046e+02,3.205847200000000043e+02
2.130570153343701350e+02,3.205847200000000043e+02
2.112622020625000232e+02,3.205847200000000043e+02
2.148861244012441887e+02,3.205847200000000043e+02
2.149032188785046742e+02,3.205847200000000043e+02
2.167152334681182140e+02,3.205847200000000043e+02
3.708571200000000090e+02,2.895284399999999891e+02
2.185443425349922393e+02,3.205847200000000043e+02
2.185671351713395723e+02,3.205847200000000043e+02
2.203734516018662646e+02,3.205847200000000043e+02
2.186129341250000095e+02,3.205847200000000043e+02
2.222025606687402899e+02,3.205847200000000043e+02
2.222310514641744703e+02,3.205847200000000043e+02
2.240316697356143152e+02,3.205847200000000043e+02
3.695114399999999932e+02,3.385658000000000243e+02
2.258607788024883405e+02,3.205847200000000043e+02
2.258949677570093684e+02,3.205847200000000043e+02
2.276898878693623658e+02,3.205847200000000043e+02
2.259636661874999959e+02,3.205847200000000043e+02
2.295189969362363911e+02,3.205847200000000043e+02
2.295588840498442380e+02,3.205847200000000043e+02
2.313481060031104448e+02,3.205847200000000043e+02
3.724668599999999969e+02,3.992228999999999814e+02
2.331772150699844701e+02,2.892039800000000014e+02
2.332228003426791361e+02,2.892039800000000014e+02
2.350063241368584954e+02,2.892039800000000014e+02
2.333143982500000106e+02,2.892039800000000014e+02
2.368354332037325207e+02,2.892039800000000014e+02
2.368867166355140341e+02,2.892039800000000014e+02
2.386645422706065460e+02,2.892039800000000014e+02
3.814818399999999770e+02,4.793629000000000246e+02
2.404936513374805713e+02,2.892039800000000014e+02
2.405506329283489322e+02,2.892039800000000014e+02
2.423227604043545966e+02,2.892039800000000014e+02
2.406651303125000254e+02,2.892039800000000014e+02
2.441518694712286219e+02,2.892039800000000014e+02
2.442145492211838018e+02,2.892039800000000014e+02
2.459809785381026472e+02,2.892039800000000014e+02
3.943987399999999752e+02,5.570280999999999949e+02
2.478100876049766725e+02,2.892039800000000014e+02
2.478784655140186999e+02,2.892039800000000014e+02
2.496391966718506978e+02,2.892039800000000014e+02
2.480158623750000118e+02,2.892039800000000014e+02
2.514683057387247516e+02,2.892039800000000014e+02
2.515423818068535979e+02,2.892039800000000014e+02
2.532974148055987769e+02,2.892039800000000014e+02
4.058996999999999957e+02,6.181227000000000089e+02
2.551265238724728022e+02,2.892039800000000014e+02
2.552062980996884960e+02,2.892039800000000014e+02
2.569556329393468559e+02,2.892039800000000014e+02
2.553665944374999981e+02,2.892039800000000014e+02
2.587847420062208812e+02,2.892039800000000014e+02
2.588702143925233941e+02,2.892039800000000014e+02
2.606138510730949065e+02,2.892039800000000014e+02
4.106916800000000194e+02,6.467823499999999513e+02
2.624429601399689318e+02,2.892039800000000014e+02
2.625341306853582637e+02,2.892039800000000014e+02
2.642720692068429571e+02,2.892039800000000014e+02
2.627173265000000129e+02,2.892039800000000014e+02
2.661011782737169824e+02,2.892039800000000014e+02
2.661980469781931333e+02,2.892039800000000014e+02
2.679302873405910077e+02,2.892039800000000014e+02
4.108441199999999753e+02,6.475951999999999771e+02
2.697593964074650330e+02,2.892039800000000014e+02
2.698619632710280598e+02,2.892039800000000014e+02
2.715885054743390583e+02,2.892039800000000014e+02
2.700680585625000276e+02,2.892039800000000014e+02
2.734176145412130836e+02,2.892039800000000014e+02
2.735258795638629294e+02,2.892039800000000014e+02
2.752467236080871089e+02,2.892039800000000014e+02
4.108441199999999753e+02,6.475951999999999771e+02
2.770758326749611342e+02,2.892039800000000014e+02
2.771897958566978559e+02,2.892039800000000014e+02
2.789049417418351595e+02,2.892039800000000014e+02
2.774187906250000424e+02,2.892039800000000014e+02
2.807340508087091848e+02,2.892039800000000014e+02
2.808537121495327256e+02,2.892039800000000014e+02
2.825631598755832101e+02,2.892039800000000014e+02
2.039114700000000084e+02,3.286225600000000213e+02
2.843922689424572354e+02,2.892039800000000014e+02
2.845176284423675952e+02,2.892039800000000014e+02
2.862213780093312607e+02,2.892039800000000014e+02
2.847695226875000003e+02,2.892039800000000014e+02
2.880504870762052860e+02,2.892039800000000014e+02
2.881815447352025217e+02,2.892039800000000014e+02
2.898795961430793113e+02,2.892039800000000014e+02
2.100291100000000029e+02,3.205847200000000043e+02
2.917087052099533366e+02,2.565997300000000223e+02
2.918454610280373913e+02,2.565997300000000223e+02
2.935378142768273619e+02,2.565997300000000223e+02
2.921202547500000151e+02,2.565997300000000223e+02
2.953669233437013872e+02,2.565997300000000223e+02
2.955093773208723178e+02,2.565997300000000223e+02
2.971960324105754125e+02,2.565997300000000223e+02
2.520411000000000001e+02,2.892039800000000014e+02
2.990251414774494947e+02,2.565997300000000223e+02
2.991732936137071874e+02,2.565997300000000223e+02
3.008542505443235200e+02,2.565997300000000223e+02
2.994709868125000298e+02,2.565997300000000223e+02
3.026833596111975453e+02,2.565997300000000223e+02
3.028372099065420571e+02,2.565997300000000223e+02
3.045124686780715706e+02,2.565997300000000223e+02
3.206721000000000004e+02,2.565997300000000223e+02
3.063415777449455959e+02,2.565997300000000223e+02
3.065011261993769835e+02,2.565997300000000223e+02
3.081706868118196212e+02,2.565997300000000223e+02
3.068217188749999877e+02,2.565997300000000223e+02
3.099997958786936465e+02,2.565997300000000223e+02
3.101650424922118532e+02,2.565997300000000223e+02
3.118289049455676718e+02,2.565997300000000223e+02
4.038404800000000137e+02,2.283715799999999945e+02
3.136580140124416971e+02,2.565997300000000223e+02
3.138289587850467797e+02,2.565997300000000223e+02
3.154871230793157224e+02,2.565997300000000223e+02
3.141724509375000025e+02,2.565997300000000223e+02
3.173162321461897477e+02,2.565997300000000223e+02
3.174928750778816493e+02,2.565997300000000223e+02
3.191453412130637730e+02,2.565997300000000223e+02
4.797794799999999782e+02,2.091892100000000028e+02
3.209744502799377983e+02,2.565997300000000223e+02
3.211567913707165189e+02,2.565997300000000223e+02
3.228035593468118236e+02,2.565997300000000223e+02
3.215231830000000173e+02,2.565997300000000223e+02
3.246326684136858489e+02,2.565997300000000223e+02
3.248207076635514454e+02,2.565997300000000223e+02
3.264617774805599311e+02,2.565997300000000223e+02
5.285955999999999904e+02,2.027084999999999866e+02
3.282908865474339564e+02,2.565997300000000223e+02
3.284846239563863151e+02,2.565997300000000223e+02
3.301199956143079817e+02,2.565997300000000223e+02
3.288739150625000320e+02,2.565997300000000223e+02
3.319491046811820070e+02,2.565997300000000223e+02
3.321485402492212415e+02,2.565997300000000223e+02
3.337782137480560323e+02,2.565997300000000223e+02
5.431543599999999969e+02,2.033063999999999965e+02
3.356073228149300576e+02,2.565997300000000223e+02
3.358124565420561112e+02,2.565997300000000223e+02
3.374364318818040829e+02,2.565997300000000223e+02
3.362246471250000468e+02,2.565997300000000223e+02
3.392655409486781082e+02,2.565997300000000223e+02
3.394763728348909808e+02,2.565997300000000223e+02
3.410946500155521335e+02,2.565997300000000223e+02
5.437744000000000142e+02,2.124163800000000037e+02
3.429237590824261588e+02,2.565997300000000223e+02
3.431402891277258504e+02,2.565997300000000223e+02
3.447528681493001841e+02,2.565997300000000223e+02
3.435753791875000047e+02,2.565997300000000223e+02
3.465819772161742094e+02,2.565997300000000223e+02
3.468042054205607769e+02,2.565997300000000223e+02
3.484110862830482347e+02,2.565997300000000223e+02
5.258899000000000115e+02,2.419639899999999955e+02
3.502401953499222600e+02,3.385658000000000243e+02
3.504681217133957034e+02,3.385658000000000243e+02
3.520693044167962853e+02,3.385658000000000243e+02
3.509261112500000195e+02,3.385658000000000243e+02
3.538984134836703106e+02,3.385658000000000243e+02
3.541320380062305730e+02,3.385658000000000243e+02
3.557275225505443359e+02,3.385658000000000243e+02
4.897300399999999740e+02,2.922332799999999793e+02
3.575566316174183612e+02,3.385658000000000243e+02
3.577959542990654427e+02,3.385658000000000243e+02
3.593857406842923865e+02,3.385658000000000243e+02
3.582768433125000342e+02,3.385658000000000243e+02
3.612148497511664118e+02,3.385658000000000243e+02
3.614598705919003123e+02,3.385658000000000243e+02
3.630439588180404371e+02,3.385658000000000243e+02
4.613904400000000123e+02,3.377046000000000276e+02
3.648730678849144624e+02,3.385658000000000243e+02
3.651237868847352388e+02,3.385658000000000243e+02
3.667021769517884877e+02,3.385658000000000243e+02
3.656275753749999922e+02,3.385658000000000243e+02
3.685312860186625130e+02,3.385658000000000243e+02
3.687877031775701084e+02,3.385658000000000243e+02
3.703603950855365383e+02,2.895284399999999891e+02
4.339340799999999945e+02,3.897387699999999882e+02
3.721895041524105636e+02,3.992228999999999814e+02
3.724516194704050349e+02,3.992228999999999814e+02
3.740186132192845889e+02,3.992228999999999814e+02
3.729783074375000069e+02,3.992228999999999814e+02
3.758477222861586711e+02,3.992228999999999814e+02
3.761155357632399046e+02,3.992228999999999814e+02
3.776768313530326964e+02,3.992228999999999814e+02
4.322690999999999804e+02,4.046373300000000199e+02
3.795059404199067217e+02,4.793629000000000246e+02
3.797794520560747742e+02,4.793629000000000246e+02
3.813350494867807470e+02,4.793629000000000246e+02
3.803290395000000217e+02,4.793629000000000246e+02
3.831641585536547723e+02,4.793629000000000246e+02
3.834433683489097007e+02,4.793629000000000246e+02
3.849932676205287976e+02,6.517196000000000140e+02
4.400667399999999816e+02,4.202493999999999801e+02
3.868223766874028229e+02,6.582572999999999865e+02
3.871072846417445703e+02,6.582572999999999865e+02
3.886514857542768482e+02,6.582572999999999865e+02
3.876797715625000365e+02,6.582572999999999865e+02
3.904805948211508735e+02,6.240288000000000466e+02
3.907712009345794968e+02,6.240288000000000466e+02
3.923097038880248988e+02,6.240288000000000466e+02
4.645577999999999861e+02,4.380292999999999779e+02
3.941388129548989809e+02,5.570280999999999949e+02
3.944351172274143664e+02,5.570280999999999949e+02
3.959679220217730062e+02,5.570280999999999949e+02
3.950305036250000512e+02,5.570280999999999949e+02
3.977970310886470315e+02,6.138321499999999560e+02
3.980990335202492361e+02,6.138321499999999560e+02
3.996261401555210568e+02,6.138321499999999560e+02
5.096137699999999882e+02,4.483692599999999970e+02
4.014552492223950821e+02,2.283715799999999945e+02
4.017629498130841057e+02,2.283715799999999945e+02
4.032843582892691074e+02,2.283715799999999945e+02
4.023812356875000091e+02,2.283715799999999945e+02
4.051134673561431327e+02,6.181227000000000089e+02
4.054268661059190322e+02,6.181227000000000089e+02
4.069425764230171580e+02,6.596262000000000398e+02
5.542306499999999687e+02,4.518105499999999779e+02
4.087716854898911834e+02,6.467823499999999513e+02
4.090907823987539587e+02,6.467823499999999513e+02
4.106007945567652087e+02,6.467823499999999513e+02
4.097319677500000239e+02,6.467823499999999513e+02
4.124299036236392340e+02,6.475951999999999771e+02
4.127546986915888283e+02,6.475951999999999771e+02
4.142590126905132593e+02,6.475951999999999771e+02
5.852275399999999763e+02,4.545311300000000188e+02
4.160881217573872846e+02,6.475951999999999771e+02
4.164186149844236979e+02,6.475951999999999771e+02
4.179172308242613099e+02,6.475951999999999771e+02
4.170826998125000387e+02,6.475951999999999771e+02
4.197463398911353352e+02,6.475951999999999771e+02
4.200825312772585676e+02,6.475951999999999771e+02
4.215754489580093605e+02,6.475951999999999771e+02
6.002400000000000091e+02,4.572702600000000075e+02
4.234045580248833858e+02,4.046373300000000199e+02
4.237464475700934941e+02,4.046373300000000199e+02
4.252336670917574111e+02,4.046373300000000199e+02
4.244334318749999966e+02,4.046373300000000199e+02
4.270627761586314364e+02,4.046373300000000199e+02
4.274103638629284205e+02,4.046373300000000199e+02
4.288918852255054617e+02,4.046373300000000199e+02
6.046304000000000087e+02,4.590986300000000142e+02
4.307209942923794870e+02,4.046373300000000199e+02
4.310742801557632902e+02,4.046373300000000199e+02
4.325501033592535123e+02,4.046373300000000199e+02
4.317841639375000113e+02,4.046373300000000199e+02
4.343792124261275376e+02,3.897387699999999882e+02
4.347381964485981598e+02,3.897387699999999882e+02
4.362083214930015629e+02,3.897387699999999882e+02
5.996645999999999503e+02,4.777615999999999872e+02
4.380374305598755882e+02,4.202493999999999801e+02
4.384021127414330294e+02,4.202493999999999801e+02
4.398665396267496135e+02,4.202493999999999801e+02
4.391348960000000261e+02,4.202493999999999801e+02
4.416956486936236388e+02,6.484794000000000551e+02
4.420660290342679559e+02,6.484794000000000551e+02
4.435247577604976641e+02,6.484794000000000551e+02
5.802567999999999984e+02,5.081489300000000071e+02
4.453538668273716894e+02,6.484794000000000551e+02
4.457299453271028824e+02,6.484794000000000551e+02
4.471829758942457715e+02,6.484794000000000551e+02
4.464856280625000409e+02,6.484794000000000551e+02
4.490120849611197968e+02,6.484794000000000551e+02
4.493938616199377520e+02,6.484794000000000551e+02
4.508411940279938221e+02,6.484794000000000551e+02
5.373715999999999440e+02,5.631712599999999611e+02
4.526703030948678474e+02,3.377046000000000276e+02
4.530577779127726217e+02,3.377046000000000276e+02
4.544994121617418728e+02,3.377046000000000276e+02
4.538363601250000556e+02,3.377046000000000276e+02
4.563285212286158981e+02,3.377046000000000276e+02
4.567216942056074913e+02,3.377046000000000276e+02
4.581576302954899234e+02,3.377046000000000276e+02
4.867071500000000128e+02,6.159393300000000409e+02
4.599867393623639487e+02,3.377046000000000276e+02
4.603856104984424178e+02,3.377046000000000276e+02
4.618158484292379740e+02,3.377046000000000276e+02
4.611870921875000136e+02,3.377046000000000276e+02
4.636449574961119993e+02,4.380292999999999779e+02
4.640495267912772874e+02,4.380292999999999779e+02
4.654740665629860246e+02,4.380292999999999779e+02
4.405289999999999964e+02,6.484794000000000551e+02
4.673031756298600499e+02,4.380292999999999779e+02
4.677134430841122139e+02,4.380292999999999779e+02
4.691322846967340752e+02,4.380292999999999779e+02
4.685378242500000283e+02,4.380292999999999779e+02
4.709613937636081005e+02,4.380292999999999779e+02
4.713773593769470835e+02,4.380292999999999779e+02
4.727905028304821258e+02,4.380292999999999779e+02
4.070692399999999793e+02,6.596262000000000398e+02
4.746196118973562079e+02,2.091892100000000028e+02
4.750412756697819532e+02,2.091892100000000028e+02
4.764487209642302332e+02,2.091892100000000028e+02
4.758885563125000431e+02,2.091892100000000028e+02
4.782778300311042585e+02,2.091892100000000028e+02
4.787051919626168797e+02,2.091892100000000028e+02
4.801069390979782838e+02,2.091892100000000028e+02
3.881635699999999929e+02,6.582572999999999865e+02
4.819360481648523091e+02,2.091892100000000028e+02
4.823691082554517493e+02,2.091892100000000028e+02
4.837651572317263344e+02,2.091892100000000028e+02
4.832392883750000010e+02,2.091892100000000028e+02
4.855942662986003597e+02,6.159393300000000409e+02
4.860330245482866189e+02,6.159393300000000409e+02
4.874233753654743850e+02,6.159393300000000409e+02
3.859324599999999919e+02,6.517196000000000140e+02
4.892524844323484103e+02,2.922332799999999793e+02
4.896969408411215454e+02,2.922332799999999793e+02
4.910815934992224356e+02,2.922332799999999793e+02
4.905900204375000158e+02,2.922332799999999793e+02
4.929107025660964609e+02,2.922332799999999793e+02
4.933608571339564151e+02,2.922332799999999793e+02
4.947398116329704862e+02,2.922332799999999793e+02
3.931086700000000178e+02,6.240288000000000466e+02
4.965689206998445115e+02,2.922332799999999793e+02
4.970247734267913415e+02,2.922332799999999793e+02
4.983980297667185368e+02,2.922332799999999793e+02
4.979407525000000305e+02,2.922332799999999793e+02
5.002271388335925622e+02,2.922332799999999793e+02
5.006886897196262112e+02,2.922332799999999793e+02
5.020562479004665875e+02,2.922332799999999793e+02
3.973485000000000014e+02,6.138321499999999560e+02
5.038853569673406128e+02,4.483692599999999970e+02
5.043526060124610808e+02,4.483692599999999970e+02
5.057144660342146381e+02,4.483692599999999970e+02
5.052914845625000453e+02,4.483692599999999970e+02
5.075435751010886634e+02,4.483692599999999970e+02
5.080165223052960073e+02,4.483692599999999970e+02
5.093726841679626887e+02,4.483692599999999970e+02
3.973485000000000014e+02,6.138321499999999560e+02
5.112017932348367708e+02,4.483692599999999970e+02
5.116804385981308769e+02,4.483692599999999970e+02
5.130309023017107393e+02,4.483692599999999970e+02
5.126422166250000600e+02,4.483692599999999970e+02
5.148600113685847646e+02,4.483692599999999970e+02
5.153443548909658602e+02,4.483692599999999970e+02
5.166891204354587899e+02,4.483692599999999970e+02
7.807237000000000080e+02,4.734485999999999990e+02
5.185182295023328152e+02,2.419639899999999955e+02
5.190082711838006162e+02,2.419639899999999955e+02
5.203473385692068405e+02,2.419639899999999955e+02
5.199929486875000748e+02,2.419639899999999955e+02
5.221764476360808658e+02,2.419639899999999955e+02
5.226721874766355995e+02,2.419639899999999955e+02
5.240055567029548911e+02,2.419639899999999955e+02
7.646236999999999853e+02,4.677247300000000223e+02
5.258346657698289164e+02,2.419639899999999955e+02
5.263361037694704692e+02,2.419639899999999955e+02
5.276637748367029417e+02,2.027084999999999866e+02
5.273436807499999759e+02,2.027084999999999866e+02
5.294928839035769670e+02,2.027084999999999866e+02
5.300000200623053388e+02,2.027084999999999866e+02
5.313219929704509923e+02,2.027084999999999866e+02
7.411935999999999467e+02,4.702381599999999935e+02
5.331511020373250176e+02,5.631712599999999611e+02
5.336639363551402084e+02,5.631712599999999611e+02
5.349802111041990429e+02,5.631712599999999611e+02
5.346944128125001043e+02,5.631712599999999611e+02
5.368093201710730682e+02,5.631712599999999611e+02
5.373278526479750781e+02,5.631712599999999611e+02
5.386384292379470935e+02,5.631712599999999611e+02
7.168052400000000262e+02,4.845794700000000148e+02
5.404675383048211188e+02,2.033063999999999965e+02
5.409917689408100614e+02,2.033063999999999965e+02
5.422966473716951441e+02,2.033063999999999965e+02
5.420451448750000054e+02,2.033063999999999965e+02
5.441257564385691694e+02,2.124163800000000037e+02
5.446556852336449310e+02,2.124163800000000037e+02
5.459548655054431947e+02,2.124163800000000037e+02
6.967812000000000126e+02,5.029498300000000199e+02
5.477839745723173337e+02,4.518105499999999779e+02
5.483196015264798007e+02,4.518105499999999779e+02
5.496130836391913590e+02,4.518105499999999779e+02
5.493958769375000202e+02,4.518105499999999779e+02
5.514421927060653843e+02,4.518105499999999779e+02
5.519835178193146703e+02,4.518105499999999779e+02
5.532713017729394096e+02,4.518105499999999779e+02
6.827452399999999670e+02,5.172936999999999443e+02
5.551004108398134349e+02,4.518105499999999779e+02
5.556474341121495399e+02,4.518105499999999779e+02
5.569295199066874602e+02,4.518105499999999779e+02
5.567466090000000349e+02,4.518105499999999779e+02
5.587586289735614855e+02,4.518105499999999779e+02
5.593113504049845233e+02,4.518105499999999779e+02
5.605877380404355108e+02,4.518105499999999779e+02
6.750028700000000299e+02,5.309931599999999889e+02
5.624168471073095361e+02,4.518105499999999779e+02
5.629752666978193929e+02,4.518105499999999779e+02
5.642459561741835614e+02,4.518105499999999779e+02
5.640973410625000497e+02,4.518105499999999779e+02
5.660750652410575867e+02,4.518105499999999779e+02
5.666391829906542625e+02,4.518105499999999779e+02
5.679041743079316120e+02,4.518105499999999779e+02
6.754577000000000453e+02,5.377757599999999911e+02
5.697332833748056373e+02,5.081489300000000071e+02
5.703030992834891322e+02,5.081489300000000071e+02
5.715623924416796626e+02,5.081489300000000071e+02
5.714480731250000645e+02,5.081489300000000071e+02
5.733915015085536879e+02,5.081489300000000071e+02
5.739670155763240018e+02,5.081489300000000071e+02
5.752206105754277132e+02,5.081489300000000071e+02
6.908896499999999605e+02,5.445325000000000273e+02
5.770497196423017385e+02,5.081489300000000071e+02
5.776309318691589851e+02,5.081489300000000071e+02
5.788788287091757638e+02,5.081489300000000071e+02
5.787988051874999655e+02,5.081489300000000071e+02
5.807079377760497891e+02,5.081489300000000071e+02
5.812948481619937411e+02,5.081489300000000071e+02
5.825370468429239281e+02,5.081489300000000071e+02
7.285082999999999629e+02,5.458830600000000004e+02
5.843661559097979534e+02,4.545311300000000188e+02
5.849587644548287244e+02,4.545311300000000188e+02
5.861952649766719787e+02,4.545311300000000188e+02
5.861495372500000940e+02,4.545311300000000188e+02
5.880243740435460040e+02,4.545311300000000188e+02
5.886226807476635940e+02,4.545311300000000188e+02
5.898534831104200293e+02,4.545311300000000188e+02
7.676417999999999893e+02,5.321722399999999880e+02
5.916825921772940546e+02,4.777615999999999872e+02
5.922865970404984637e+02,4.777615999999999872e+02
5.935117012441680799e+02,4.777615999999999872e+02
5.935002693124999951e+02,4.777615999999999872e+02
5.953408103110421052e+02,4.777615999999999872e+02
5.959505133333334470e+02,4.777615999999999872e+02
5.971699193779161305e+02,4.777615999999999872e+02
7.934369000000000369e+02,5.128189999999999600e+02
5.989990284447901558e+02,4.777615999999999872e+02
5.996144296261682030e+02,4.777615999999999872e+02
6.008281375116641811e+02,4.572702600000000075e+02
6.008510013750000098e+02,4.572702600000000075e+02
6.026572465785382064e+02,4.590986300000000142e+02
6.032783459190031863e+02,4.590986300000000142e+02
6.044863556454122318e+02,4.590986300000000142e+02
8.054032999999999447e+02,4.962160600000000272e+02
6.063154647122862571e+02,4.590986300000000142e+02
6.069422622118380559e+02,4.590986300000000142e+02
6.081445737791602824e+02,4.590986300000000142e+02
6.082017334375000246e+02,4.590986300000000142e+02
6.099736828460343077e+02,4.590986300000000142e+02
6.106061785046729256e+02,4.590986300000000142e+02
6.118027919129083330e+02,4.590986300000000142e+02
8.112744000000000142e+02,4.782407200000000103e+02
6.136319009797823583e+02,4.590986300000000142e+02
6.142700947975079089e+02,4.590986300000000142e+02
6.154610100466563836e+02,4.590986300000000142e+02
6.155524655000000394e+02,4.590986300000000142e+02
6.172901191135304089e+02,4.590986300000000142e+02
6.179340110903426648e+02,4.590986300000000142e+02
6.191192281804044342e+02,4.590986300000000142e+02
8.054487000000000307e+02,4.709902299999999968e+02
6.209483372472784595e+02,4.590986300000000142e+02
6.215979273831776482e+02,4.590986300000000142e+02
6.227774463141524848e+02,4.590986300000000142e+02
6.229031975625000541e+02,4.590986300000000142e+02
6.246065553810265101e+02,4.590986300000000142e+02
6.252618436760125178e+02,4.590986300000000142e+02
6.264356644479005354e+02,4.590986300000000142e+02
7.744538000000000011e+02,4.732717299999999909e+02
6.282647735147745607e+02,4.590986300000000142e+02
6.289257599688473874e+02,4.590986300000000142e+02
6.300938825816485860e+02,4.590986300000000142e+02
6.302539296250000689e+02,4.590986300000000142e+02
6.319229916485226113e+02,4.590986300000000142e+02
6.325896762616823708e+02,4.590986300000000142e+02
6.337521007153966366e+02,4.590986300000000142e+02
7.449887999999999693e+02,4.906770000000000209e+02
6.355812097822706619e+02,4.590986300000000142e+02
6.362535925545171267e+02,4.590986300000000142e+02
6.374103188491446872e+02,4.590986300000000142e+02
6.376046616875000836e+02,4.590986300000000142e+02
6.392394279160187125e+02,4.590986300000000142e+02
6.399175088473521100e+02,4.590986300000000142e+02
6.410685369828927378e+02,4.590986300000000142e+02
7.287264999999999873e+02,5.074094200000000114e+02
6.428976460497667631e+02,5.309931599999999889e+02
6.435814251401869797e+02,5.309931599999999889e+02
6.447267551166407884e+02,5.309931599999999889e+02
6.449553937499999847e+02,5.309931599999999889e+02
6.465558641835148137e+02,5.309931599999999889e+02
6.472453414330218493e+02,5.309931599999999889e+02
6.483849732503888390e+02,5.309931599999999889e+02
7.182898000000000138e+02,5.319272499999999582e+02
6.502140823172628643e+02,5.309931599999999889e+02
6.509092577258568326e+02,5.309931599999999889e+02
6.520431913841368896e+02,5.309931599999999889e+02
6.523061258125001132e+02,5.309931599999999889e+02
6.538723004510109149e+02,5.309931599999999889e+02
6.545731740186915886e+02,5.309931599999999889e+02
6.557014095178849402e+02,5.309931599999999889e+02
7.181771999999999707e+02,5.407630599999999959e+02
6.575305185847589655e+02,5.309931599999999889e+02
6.582370903115265719e+02,5.309931599999999889e+02
6.593596276516329908e+02,5.309931599999999889e+02
6.596568578750000142e+02,5.309931599999999889e+02
6.611887367185070161e+02,5.309931599999999889e+02
6.619010066043614415e+02,5.309931599999999889e+02
6.630178457853810414e+02,5.309931599999999889e+02
7.347386500000000069e+02,5.445288000000000466e+02
6.648469548522550667e+02,5.309931599999999889e+02
6.655649228971963112e+02,5.309931599999999889e+02
6.666760639191290920e+02,5.309931599999999889e+02
6.670075899375000290e+02,5.309931599999999889e+02
6.685051729860031173e+02,5.309931599999999889e+02
6.692288391900312945e+02,5.309931599999999889e+02
6.703342820528771426e+02,5.309931599999999889e+02
7.347386500000000069e+02,5.445288000000000466e+02
6.721633911197511679e+02,5.309931599999999889e+02
6.728927554828660504e+02,5.309931599999999889e+02
6.739925001866251932e+02,5.309931599999999889e+02
6.743583220000000438e+02,5.309931599999999889e+02
6.758216092534992185e+02,5.377757599999999911e+02
6.765566717757010338e+02,5.377757599999999911e+02
6.776507183203732438e+02,5.377757599999999911e+02
8.546996500000000196e+02,5.072116700000000264e+02
6.794798273872472691e+02,5.172936999999999443e+02
6.802205880685359034e+02,5.172936999999999443e+02
6.813089364541212944e+02,5.172936999999999443e+02
6.817090540625000585e+02,5.172936999999999443e+02
6.831380455209953197e+02,5.172936999999999443e+02
6.838845043613707730e+02,5.172936999999999443e+02
6.849671545878693451e+02,5.172936999999999443e+02
8.751929300000000467e+02,5.001036399999999844e+02
6.867962636547433704e+02,5.445325000000000273e+02
6.875484206542057564e+02,5.445325000000000273e+02
6.886253727216173957e+02,5.445325000000000273e+02
6.890597861250000733e+02,5.445325000000000273e+02
6.904544817884915346e+02,5.445325000000000273e+02
6.912123369470405123e+02,5.445325000000000273e+02
6.922835908553655599e+02,5.445325000000000273e+02
9.098753000000000384e+02,4.801346399999999903e+02
6.941126999222395852e+02,5.029498300000000199e+02
6.948762532398754956e+02,5.029498300000000199e+02
6.959418089891136106e+02,5.029498300000000199e+02
6.964105181874999744e+02,5.029498300000000199e+02
6.977709180559876359e+02,5.029498300000000199e+02
6.985401695327103653e+02,5.029498300000000199e+02
6.996000271228616612e+02,5.029498300000000199e+02
9.181880499999999756e+02,4.743305700000000229e+02
7.014291361897356865e+02,5.029498300000000199e+02
7.022040858255452349e+02,5.029498300000000199e+02
7.032582452566097118e+02,5.029498300000000199e+02
7.037612502500001028e+02,5.029498300000000199e+02
7.050873543234837371e+02,5.029498300000000199e+02
7.058680021183801045e+02,5.029498300000000199e+02
7.069164633903577624e+02,5.029498300000000199e+02
9.176236000000000104e+02,4.724612999999999943e+02
7.087455724572317877e+02,4.845794700000000148e+02
7.095319184112149742e+02,4.845794700000000148e+02
7.105746815241058130e+02,4.845794700000000148e+02
7.111119823125000039e+02,4.845794700000000148e+02
7.124037905909798383e+02,4.845794700000000148e+02
7.131958347040499575e+02,4.845794700000000148e+02
7.142328996578538636e+02,4.845794700000000148e+02
9.042134399999999914e+02,4.727137500000000045e+02
7.160620087247278889e+02,4.845794700000000148e+02
7.168597509968848271e+02,4.845794700000000148e+02
7.178911177916019142e+02,5.407630599999999959e+02
7.184627143750000187e+02,5.319272499999999582e+02
7.197202268584759395e+02,5.319272499999999582e+02
7.205236672897196968e+02,5.319272499999999582e+02
7.215493359253499648e+02,5.319272499999999582e+02
8.786475000000000364e+02,4.879683800000000247e+02
7.233784449922239901e+02,5.458830600000000004e+02
7.241875835825545664e+02,5.458830600000000004e+02
7.252075540590980154e+02,5.458830600000000004e+02
7.258134464375000334e+02,5.458830600000000004e+02
7.270366631259720407e+02,5.458830600000000004e+02
7.278514998753894361e+02,5.458830600000000004e+02
7.288657721928460660e+02,5.074094200000000114e+02
8.577120999999999640e+02,5.063112800000000107e+02
7.306948812597200913e+02,5.445288000000000466e+02
7.315154161682244194e+02,5.445288000000000466e+02
7.325239903265941166e+02,5.445288000000000466e+02
7.331641785000000482e+02,5.445288000000000466e+02
7.343530993934681419e+02,5.445288000000000466e+02
7.351793324610592890e+02,5.445288000000000466e+02
7.361822084603421672e+02,5.445288000000000466e+02
8.436711000000000240e+02,5.217619600000000446e+02
7.380113175272161925e+02,4.702381599999999935e+02
7.388432487538941587e+02,4.702381599999999935e+02
7.398404265940902178e+02,4.702381599999999935e+02
7.405149105625000630e+02,4.702381599999999935e+02
7.416695356609642431e+02,4.702381599999999935e+02
7.425071650467290283e+02,4.702381599999999935e+02
7.434986447278382684e+02,4.702381599999999935e+02
8.389803500000000440e+02,5.306207000000000562e+02
7.453277537947124074e+02,4.906770000000000209e+02
7.461710813395638979e+02,4.906770000000000209e+02
7.471568628615864327e+02,4.906770000000000209e+02
7.478656426250000777e+02,4.906770000000000209e+02
7.489859719284604580e+02,4.906770000000000209e+02
7.498349976323988813e+02,4.906770000000000209e+02
7.508150809953344833e+02,4.906770000000000209e+02
8.410237399999999752e+02,5.325478500000000395e+02
7.526441900622085086e+02,4.677247300000000223e+02
7.534989139252337509e+02,4.677247300000000223e+02
7.544732991290825339e+02,4.677247300000000223e+02
7.552163746875000925e+02,4.677247300000000223e+02
7.563024081959565592e+02,4.677247300000000223e+02
7.571628302180686205e+02,4.677247300000000223e+02
7.581315172628305845e+02,4.677247300000000223e+02
8.626562999999999874e+02,5.265978999999999814e+02
7.599606263297046098e+02,4.677247300000000223e+02
7.608267465109034902e+02,4.677247300000000223e+02
7.617897353965786351e+02,4.677247300000000223e+02
7.625671067499999936e+02,4.677247300000000223e+02
7.636188444634526604e+02,4.677247300000000223e+02
7.644906628037383598e+02,4.677247300000000223e+02
7.654479535303266857e+02,4.677247300000000223e+02
8.948575399999999718e+02,5.066161999999999921e+02
7.672770625972007110e+02,5.321722399999999880e+02
7.681545790965732294e+02,5.321722399999999880e+02
7.691061716640747363e+02,5.321722399999999880e+02
7.699178388125000083e+02,5.321722399999999880e+02
7.709352807309487616e+02,5.321722399999999880e+02
7.718184953894082128e+02,5.321722399999999880e+02
7.727643897978227869e+02,5.321722399999999880e+02
9.262418000000000120e+02,4.824850000000000136e+02
7.745934988646968122e+02,4.732717299999999909e+02
7.754824116822430824e+02,4.732717299999999909e+02
7.764226079315708375e+02,4.732717299999999909e+02
7.772685708750000231e+02,4.732717299999999909e+02
7.782517169984448628e+02,4.734485999999999990e+02
7.791463279750779520e+02,4.734485999999999990e+02
7.800808260653188881e+02,4.734485999999999990e+02
9.449068999999999505e+02,4.673767000000000280e+02
7.819099351321929134e+02,4.734485999999999990e+02
7.828102442679128217e+02,4.734485999999999990e+02
7.837390441990669387e+02,4.734485999999999990e+02
7.846193029375000378e+02,4.734485999999999990e+02
7.855681532659409640e+02,4.734485999999999990e+02
7.864741605607476913e+02,4.734485999999999990e+02
7.873972623328149893e+02,4.734485999999999990e+02
9.536576499999999896e+02,4.629159000000000219e+02
7.892263713996890147e+02,5.128189999999999600e+02
7.901380768535826746e+02,5.128189999999999600e+02
7.910554804665630400e+02,5.128189999999999600e+02
7.919700350000000526e+02,5.128189999999999600e+02
7.928845895334370653e+02,5.128189999999999600e+02
7.938019931464175443e+02,5.128189999999999600e+02
7.947136986003110906e+02,5.128189999999999600e+02
9.565887500000000045e+02,4.712579299999999876e+02
7.965428076671851159e+02,5.128189999999999600e+02
7.974659094392524139e+02,5.128189999999999600e+02
7.983719167340591412e+02,5.128189999999999600e+02
7.993207670625000674e+02,5.128189999999999600e+02
8.002010258009331665e+02,5.128189999999999600e+02
8.011298257320872835e+02,5.128189999999999600e+02
8.020301348678071918e+02,5.128189999999999600e+02
9.521147499999999582e+02,5.057652600000000120e+02
8.038592439346812171e+02,4.962160600000000272e+02
8.047937420249221532e+02,4.962160600000000272e+02
8.056883530015552424e+02,4.709902299999999968e+02
8.066714991250000821e+02,4.709902299999999968e+02
8.075174620684292677e+02,4.709902299999999968e+02
8.084576583177571365e+02,4.709902299999999968e+02
8.093465711353032930e+02,4.709902299999999968e+02
9.416412000000000262e+02,5.454388400000000274e+02
8.111756802021773183e+02,4.782407200000000103e+02
8.121215746105920061e+02,4.782407200000000103e+02
8.130047892690513436e+02,4.782407200000000103e+02
8.140222311875000969e+02,4.782407200000000103e+02
8.148338983359253689e+02,4.782407200000000103e+02
8.157854909034268758e+02,4.782407200000000103e+02
8.166630074027995079e+02,4.782407200000000103e+02
9.294214500000000498e+02,5.888336000000000467e+02
8.184921164696735332e+02,4.782407200000000103e+02
8.194494071962617454e+02,4.782407200000000103e+02
8.203212255365475585e+02,4.782407200000000103e+02
8.213729632500001117e+02,4.782407200000000103e+02
8.221503346034215838e+02,4.782407200000000103e+02
8.231133234890966150e+02,4.782407200000000103e+02
8.239794436702956091e+02,4.782407200000000103e+02
9.161824299999999539e+02,6.218854000000000042e+02
8.258085527371696344e+02,6.163318000000000438e+02
8.267772397819315984e+02,6.163318000000000438e+02
8.276376618040436597e+02,6.163318000000000438e+02
8.287236953125000127e+02,6.163318000000000438e+02
8.294667708709176850e+02,6.163318000000000438e+02
8.304411560747664680e+02,6.163318000000000438e+02
8.312958799377917103e+02,6.163318000000000438e+02
9.030154400000000123e+02,6.440710400000000391e+02
8.331249890046657356e+02,6.163318000000000438e+02
8.341050723676013376e+02,6.163318000000000438e+02
8.349540980715397609e+02,6.163318000000000438e+02
8.360744273750000275e+02,6.163318000000000438e+02
8.367832071384137862e+02,6.163318000000000438e+02
8.377689886604362073e+02,5.306207000000000562e+02
8.386123162052878115e+02,5.306207000000000562e+02
8.925367400000000089e+02,6.530600600000000213e+02
8.404414252721618368e+02,5.951041000000000167e+02
8.414329049532710769e+02,5.325478500000000395e+02
8.422705343390358621e+02,6.480140400000000227e+02
8.434251594375000423e+02,5.217619600000000446e+02
8.440996434059098874e+02,5.217619600000000446e+02
8.450968212461059466e+02,5.217619600000000446e+02
8.459287524727839127e+02,5.217619600000000446e+02
8.709693999999999505e+02,6.604096700000000055e+02
8.477578615396579380e+02,6.573207999999999629e+02
8.487607375389409299e+02,6.573207999999999629e+02
8.495869706065319633e+02,6.573207999999999629e+02
8.507758915000000570e+02,6.573207999999999629e+02
8.514160796734059886e+02,6.573207999999999629e+02
8.524246538317757995e+02,6.573207999999999629e+02
8.532451887402800139e+02,6.573207999999999629e+02
8.523625500000000557e+02,6.573207999999999629e+02
8.550742978071540392e+02,5.072116700000000264e+02
8.560885701246106692e+02,5.072116700000000264e+02
8.569034068740280645e+02,5.063112800000000107e+02
8.581266235625000718e+02,5.063112800000000107e+02
8.587325159409020898e+02,5.063112800000000107e+02
8.597524864174455388e+02,5.063112800000000107e+02
8.605616250077761151e+02,5.063112800000000107e+02
8.421453000000000202e+02,6.480140400000000227e+02
8.623907340746501404e+02,5.265978999999999814e+02
8.634164027102804084e+02,5.265978999999999814e+02
8.642198431415241657e+02,5.265978999999999814e+02
8.654773556250000865e+02,5.265978999999999814e+02
8.660489522083981910e+02,5.265978999999999814e+02
8.670803190031153918e+02,5.265978999999999814e+02
8.678780612752722163e+02,5.265978999999999814e+02
8.345352000000000317e+02,6.163318000000000438e+02
8.697071703421462416e+02,6.604096700000000055e+02
8.707442352959502614e+02,6.604096700000000055e+02
8.715362794090202669e+02,6.604096700000000055e+02
8.728280876875001013e+02,6.604096700000000055e+02
8.733653884758942922e+02,6.604096700000000055e+02
8.744081515887851310e+02,5.001036399999999844e+02
8.751944975427683175e+02,5.001036399999999844e+02
8.402433499999999640e+02,5.951041000000000167e+02
8.770236066096423428e+02,4.879683800000000247e+02
8.780720678816200007e+02,4.879683800000000247e+02
8.788527156765163681e+02,4.879683800000000247e+02
8.801788197500000024e+02,4.879683800000000247e+02
8.806818247433903935e+02,4.879683800000000247e+02
8.817359841744548703e+02,4.879683800000000247e+02
8.825109338102644188e+02,4.879683800000000247e+02
8.620762999999999465e+02,5.683316700000000310e+02
8.843400428771384441e+02,6.530600600000000213e+02
8.853999004672898536e+02,6.530600600000000213e+02
8.861691519440124694e+02,6.530600600000000213e+02
8.875295518125000171e+02,6.530600600000000213e+02
8.879982610108864947e+02,6.530600600000000213e+02
8.890638167601247233e+02,6.530600600000000213e+02
8.898273700777606336e+02,6.530600600000000213e+02
8.980273999999999432e+02,5.382101999999999862e+02
8.916564791446346590e+02,6.530600600000000213e+02
8.927277330529595929e+02,6.530600600000000213e+02
8.934855882115086843e+02,6.530600600000000213e+02
8.948802838750000319e+02,5.066161999999999921e+02
8.953146972783827096e+02,5.066161999999999921e+02
8.963916493457944625e+02,5.066161999999999921e+02
8.971438063452567349e+02,5.066161999999999921e+02
9.371675999999999931e+02,5.106890999999999963e+02
8.989729154121307602e+02,5.382101999999999862e+02
9.000555656386293322e+02,5.382101999999999862e+02
9.008020244790047855e+02,5.382101999999999862e+02
9.022310159375000467e+02,6.440710400000000391e+02
9.026311335458788108e+02,6.440710400000000391e+02
9.037194819314643155e+02,4.727137500000000045e+02
9.044602426127528361e+02,4.727137500000000045e+02
9.677409699999999475e+02,4.893750000000000000e+02
9.062893516796268614e+02,4.801346399999999903e+02
9.073833982242991851e+02,4.801346399999999903e+02
9.081184607465008867e+02,4.801346399999999903e+02
9.095817480000000614e+02,4.801346399999999903e+02
9.099475698133749120e+02,4.801346399999999903e+02
9.110473145171340548e+02,4.801346399999999903e+02
9.117766788802489373e+02,4.801346399999999903e+02
9.677409699999999475e+02,4.893750000000000000e+02
9.136057879471229626e+02,6.218854000000000042e+02
9.147112308099689244e+02,6.218854000000000042e+02
9.154348970139969879e+02,6.218854000000000042e+02
9.169324800625000762e+02,4.724612999999999943e+02
9.172640060808710132e+02,4.724612999999999943e+02
9.183751471028037940e+02,4.743305700000000229e+02
9.190931151477450385e+02,4.743305700000000229e+02
1.010149049999999988e+03,4.352429200000000264e+02
9.209222242146190638e+02,4.824850000000000136e+02
9.220390633956387774e+02,4.824850000000000136e+02
9.227513332814930891e+02,4.824850000000000136e+02
9.242832121250000910e+02,4.824850000000000136e+02
9.245804423483671144e+02,4.824850000000000136e+02
9.257029796884736470e+02,4.824850000000000136e+02
9.264095514152411397e+02,4.824850000000000136e+02
1.010149049999999988e+03,4.352429200000000264e+02
9.282386604821151650e+02,5.888336000000000467e+02
9.293668959813085166e+02,5.888336000000000467e+02
9.300677695489891903e+02,5.888336000000000467e+02
9.316339441875001057e+02,5.888336000000000467e+02
9.318968786158632156e+02,5.888336000000000467e+02
9.330308122741433863e+02,5.888336000000000467e+02
9.337259876827372409e+02,5.888336000000000467e+02
1.010149049999999988e+03,4.352429200000000264e+02
9.355550967496112662e+02,5.106890999999999963e+02
9.366947285669782559e+02,5.106890999999999963e+02
9.373842058164852915e+02,5.106890999999999963e+02
9.389846762500001205e+02,5.106890999999999963e+02
9.392133148833593168e+02,5.106890999999999963e+02
9.403586448598131255e+02,5.454388400000000274e+02
9.410424239502333421e+02,5.454388400000000274e+02
9.939403999999999542e+02,4.743356999999999744e+02
9.428715330171073674e+02,4.673767000000000280e+02
9.440225611526481089e+02,4.673767000000000280e+02
9.447006420839813927e+02,4.673767000000000280e+02
9.463354083125000216e+02,4.673767000000000280e+02
9.465297511508554180e+02,4.673767000000000280e+02
9.476864774454829785e+02,4.673767000000000280e+02
9.483588602177294433e+02,4.673767000000000280e+02
9.874073499999999513e+02,5.014317599999999970e+02
9.501879692846034686e+02,5.057652600000000120e+02
9.513503937383178481e+02,5.057652600000000120e+02
9.520170783514774939e+02,5.057652600000000120e+02
9.536861403750000363e+02,4.629159000000000219e+02
9.538461874183515192e+02,4.629159000000000219e+02
9.550143100311527178e+02,4.629159000000000219e+02
9.556752964852255445e+02,4.629159000000000219e+02
9.846573499999999513e+02,5.200336999999999534e+02
9.575044055520995698e+02,4.712579299999999876e+02
9.586782263239875874e+02,4.712579299999999876e+02
9.593335146189735951e+02,4.712579299999999876e+02
9.610368724375000511e+02,4.712579299999999876e+02
9.611626236858477341e+02,4.712579299999999876e+02
9.623421426168225707e+02,4.712579299999999876e+02
9.629917327527217594e+02,4.712579299999999876e+02
9.862644000000000233e+02,5.269501000000000204e+02
9.648208418195957847e+02,4.893750000000000000e+02
9.660060589096574404e+02,4.893750000000000000e+02
9.666499508864698100e+02,4.893750000000000000e+02
9.683876045000000659e+02,4.893750000000000000e+02
9.684790599533438353e+02,4.893750000000000000e+02
9.696699752024923100e+02,4.893750000000000000e+02
9.703081690202178606e+02,4.893750000000000000e+02
9.905789999999999509e+02,5.285357699999999568e+02
9.721372780870918859e+02,4.893750000000000000e+02
9.733338914953271797e+02,4.893750000000000000e+02
9.739663871539659112e+02,4.893750000000000000e+02
9.757383365625000806e+02,4.893750000000000000e+02
9.757954962208399365e+02,4.893750000000000000e+02
9.769978077881620493e+02,4.893750000000000000e+02
9.776246052877139618e+02,4.893750000000000000e+02
1.001719500000000039e+03,5.227002999999999702e+02
9.794537143545879871e+02,5.200336999999999534e+02
9.806617240809970326e+02,5.200336999999999534e+02
9.812828234214620124e+02,5.200336999999999534e+02
9.830890686250000954e+02,5.200336999999999534e+02
9.831119324883360377e+02,5.200336999999999534e+02
9.843256403738319023e+02,5.200336999999999534e+02
9.849410415552100631e+02,5.200336999999999534e+02
1.021731300000000033e+03,5.035812999999999988e+02
9.867701506220840884e+02,5.269501000000000204e+02
9.879895566666667719e+02,5.014317599999999970e+02
9.885992596889581137e+02,5.014317599999999970e+02
9.904398006875001101e+02,5.285357699999999568e+02
9.904283687558321390e+02,5.285357699999999568e+02
9.916534729595016415e+02,5.285357699999999568e+02
9.922574778227061643e+02,5.285357699999999568e+02
1.036098799999999983e+03,4.841047399999999925e+02
9.940865868895801896e+02,4.743356999999999744e+02
9.953173892523365112e+02,4.743356999999999744e+02
9.959156959564542149e+02,4.743356999999999744e+02
9.977905327500000112e+02,4.743356999999999744e+02
9.977448050233282402e+02,4.743356999999999744e+02
9.989813055451714945e+02,4.743356999999999744e+02
9.995739140902022655e+02,4.743356999999999744e+02
1.046095600000000104e+03,4.664146700000000010e+02
1.001403023157076291e+03,5.227002999999999702e+02
1.002645221838006364e+03,5.227002999999999702e+02
1.003232132223950316e+03,5.227002999999999702e+02
1.005141264812500026e+03,5.227002999999999702e+02
1.005061241290824341e+03,5.227002999999999702e+02
1.006309138130841234e+03,5.227002999999999702e+02
1.006890350357698367e+03,5.227002999999999702e+02
1.052758199999999988e+03,4.582127699999999777e+02
1.008719459424572392e+03,4.352429200000000264e+02
1.009973054423676103e+03,4.352429200000000264e+02
1.010548568491446417e+03,4.352429200000000264e+02
1.012491996875000041e+03,4.352429200000000264e+02
1.012377677558320443e+03,4.352429200000000264e+02
1.013636970716510973e+03,4.352429200000000264e+02
1.014206786625194468e+03,4.352429200000000264e+02
1.056890000000000100e+03,4.594600800000000049e+02
1.016035895692068493e+03,5.035812999999999988e+02
1.017300887009345843e+03,5.035812999999999988e+02
1.017865004758942518e+03,5.035812999999999988e+02
1.019842728937500056e+03,5.035812999999999988e+02
1.019694113825816544e+03,5.035812999999999988e+02
1.020964803302180826e+03,5.035812999999999988e+02
1.021523222892690569e+03,5.035812999999999988e+02
1.063043799999999919e+03,4.871956799999999816e+02
1.023352331959564594e+03,5.035812999999999988e+02
1.024628719595015809e+03,5.035812999999999988e+02
1.025181441026438733e+03,5.035812999999999988e+02
1.027193461000000070e+03,5.035812999999999988e+02
1.027010550093312759e+03,5.035812999999999988e+02
1.028292635887850565e+03,5.035812999999999988e+02
1.028839659160186784e+03,5.035812999999999988e+02
1.067759999999999991e+03,5.199501999999999953e+02
1.030668768227060809e+03,4.841047399999999925e+02
1.031956552180685321e+03,4.841047399999999925e+02
1.032497877293934835e+03,4.841047399999999925e+02
1.034544193062500199e+03,4.841047399999999925e+02
1.034326986360808860e+03,4.841047399999999925e+02
1.035620468473520305e+03,4.841047399999999925e+02
1.036156095427682885e+03,4.841047399999999925e+02
1.070800500000000056e+03,5.329845000000000255e+02
1.037985204494556911e+03,4.664146700000000010e+02
1.039284384766355288e+03,4.664146700000000010e+02
1.039814313561430936e+03,4.664146700000000010e+02
1.041894925125000100e+03,4.664146700000000010e+02
1.041643422628304961e+03,4.664146700000000010e+02
1.042948301059190271e+03,4.664146700000000010e+02
1.043472531695178986e+03,4.664146700000000010e+02
1.074740800000000036e+03,5.381470000000000482e+02
1.045301640762053012e+03,4.664146700000000010e+02
1.046612217352025027e+03,4.664146700000000010e+02
1.047130749828927037e+03,4.664146700000000010e+02
1.049245657187500001e+03,4.664146700000000010e+02
1.048959858895801062e+03,4.664146700000000010e+02
1.050276133644859783e+03,4.664146700000000010e+02
1.050788967962675088e+03,4.664146700000000010e+02
1.087282999999999902e+03,5.378862000000000307e+02
1.052618077029549113e+03,4.582127699999999777e+02
1.053940049937694766e+03,4.582127699999999777e+02
1.054447186096423138e+03,4.582127699999999777e+02
1.056596389250000129e+03,4.594600800000000049e+02
1.056276295163297164e+03,4.594600800000000049e+02
1.057603966230529750e+03,4.594600800000000049e+02
1.058105404230171189e+03,4.594600800000000049e+02
1.093122000000000071e+03,5.365323499999999513e+02
1.059934513297045214e+03,4.871956799999999816e+02
1.061267882523364733e+03,4.871956799999999816e+02
1.061763622363919239e+03,4.871956799999999816e+02
1.063947121312500030e+03,4.871956799999999816e+02
1.063592731430793265e+03,4.871956799999999816e+02
1.064931798816199489e+03,4.871956799999999816e+02
1.065421840497667290e+03,4.871956799999999816e+02
1.093122000000000071e+03,5.365323499999999513e+02
1.067250949564541315e+03,5.199501999999999953e+02
1.068595715109034245e+03,5.199501999999999953e+02
1.069080058631415341e+03,5.199501999999999953e+02
1.071297853375000159e+03,5.329845000000000255e+02
1.070909167698289366e+03,5.329845000000000255e+02
1.072259631401869228e+03,5.329845000000000255e+02
1.072738276765163391e+03,5.329845000000000255e+02
1.171596399999999903e+03,4.361314699999999789e+02
1.074567385832037417e+03,5.381470000000000482e+02
1.075923547694704212e+03,5.381470000000000482e+02
1.076396494898911442e+03,5.381470000000000482e+02
1.078648585437500060e+03,5.381470000000000482e+02
1.078225603965785467e+03,5.381470000000000482e+02
1.079587463987539195e+03,5.381470000000000482e+02
1.080054713032659492e+03,5.381470000000000482e+02
1.171596399999999903e+03,4.361314699999999789e+02
1.081883822099533518e+03,5.378862000000000307e+02
1.083251380280373951e+03,5.378862000000000307e+02
1.083712931166407543e+03,5.378862000000000307e+02
1.085999317499999961e+03,5.378862000000000307e+02
1.085542040233281568e+03,5.378862000000000307e+02
1.086915296573208707e+03,5.378862000000000307e+02
1.087371149300155594e+03,5.378862000000000307e+02
1.153550999999999931e+03,4.451532000000000266e+02
1.089200258367029619e+03,5.365323499999999513e+02
1.090579212866043690e+03,5.365323499999999513e+02
1.091029367433903644e+03,5.365323499999999513e+02
1.093350049562500089e+03,5.365323499999999513e+02
1.092858476500777670e+03,5.365323499999999513e+02
1.094243129158878673e+03,5.365323499999999513e+02
1.094687585567651695e+03,5.365323499999999513e+02
1.136535300000000007e+03,4.587705000000000268e+02
1.096516694634525720e+03,5.365323499999999513e+02
1.097907045451713657e+03,5.365323499999999513e+02
1.098345803701399745e+03,5.365323499999999513e+02
1.100700781625000218e+03,5.365323499999999513e+02
1.100174912768273771e+03,5.365323499999999513e+02
1.101570961744548413e+03,5.365323499999999513e+02
1.102004021835147796e+03,5.365323499999999513e+02
1.125775799999999890e+03,4.704302999999999884e+02
1.103833130902021821e+03,4.810394299999999816e+02
1.105234878037383169e+03,4.810394299999999816e+02
1.105662239968895847e+03,4.810394299999999816e+02
1.108051513687500119e+03,4.810394299999999816e+02
1.107491349035769872e+03,4.810394299999999816e+02
1.108898794330218152e+03,4.810394299999999816e+02
1.109320458102643897e+03,4.810394299999999816e+02
1.120023300000000063e+03,4.810394299999999816e+02
1.111149567169517923e+03,4.810394299999999816e+02
1.112562710623053135e+03,4.810394299999999816e+02
1.112978676236391948e+03,4.810394299999999816e+02
1.115402245750000020e+03,4.810394299999999816e+02
1.114807785303265973e+03,4.810394299999999816e+02
1.116226626915888119e+03,4.810394299999999816e+02
1.116636894370139999e+03,4.810394299999999816e+02
1.120810400000000072e+03,4.862386500000000069e+02
1.118466003437014024e+03,4.810394299999999816e+02
1.119890543208722875e+03,4.810394299999999816e+02
1.120295112503888049e+03,4.810394299999999816e+02
1.122752977812499921e+03,4.862386500000000069e+02
1.122124221570762074e+03,4.862386500000000069e+02
1.123554459501557631e+03,4.862386500000000069e+02
1.123953330637636100e+03,4.862386500000000069e+02
1.126983300000000099e+03,4.880572500000000105e+02
1.125782439704510125e+03,4.704302999999999884e+02
1.127218375794392614e+03,4.880572500000000105e+02
1.127611548771384150e+03,4.880572500000000105e+02
1.130103709875000050e+03,4.880572500000000105e+02
1.129440657838258176e+03,4.880572500000000105e+02
1.130882292087227597e+03,4.880572500000000105e+02
1.131269766905132201e+03,4.880572500000000105e+02
1.141560400000000072e+03,4.853443599999999947e+02
1.133098875972006226e+03,4.587705000000000268e+02
1.134546208380062581e+03,4.587705000000000268e+02
1.134927985038880252e+03,4.587705000000000268e+02
1.137454441937500178e+03,4.587705000000000268e+02
1.136757094105754277e+03,4.587705000000000268e+02
1.138210124672897336e+03,4.587705000000000268e+02
1.138586203172628302e+03,4.587705000000000268e+02
1.154434600000000046e+03,4.775146500000000174e+02
1.140415312239502327e+03,4.853443599999999947e+02
1.141874040965732092e+03,4.853443599999999947e+02
1.142244421306376353e+03,4.853443599999999947e+02
1.144805174000000079e+03,4.853443599999999947e+02
1.144073530373250378e+03,4.853443599999999947e+02
1.145537957258567076e+03,4.853443599999999947e+02
1.145902639440124403e+03,4.853443599999999947e+02
1.165802100000000110e+03,4.713589000000000055e+02
1.147731748506998429e+03,4.451532000000000266e+02
1.149201873551402059e+03,4.451532000000000266e+02
1.149560857573872454e+03,4.451532000000000266e+02
1.152155906062499980e+03,4.451532000000000266e+02
1.151389966640746479e+03,4.451532000000000266e+02
1.152865789844237042e+03,4.451532000000000266e+02
1.153219075707620505e+03,4.451532000000000266e+02
1.173156300000000101e+03,4.705445599999999899e+02
1.155048184774494530e+03,4.775146500000000174e+02
1.156529706137071798e+03,4.775146500000000174e+02
1.156877293841368555e+03,4.775146500000000174e+02
1.159506638125000109e+03,4.775146500000000174e+02
1.158706402908242580e+03,4.775146500000000174e+02
1.160193622429906554e+03,4.775146500000000174e+02
1.160535511975116606e+03,4.775146500000000174e+02
1.177711999999999989e+03,4.763229999999999791e+02
1.162364621041990631e+03,4.713589000000000055e+02
1.163857538722741538e+03,4.713589000000000055e+02
1.164193730108864656e+03,4.713589000000000055e+02
1.166857370187500237e+03,4.713589000000000055e+02
1.166022839175738682e+03,4.713589000000000055e+02
1.167521455015576521e+03,4.713589000000000055e+02
1.167851948242612707e+03,4.713589000000000055e+02
1.183414199999999937e+03,4.939271200000000022e+02
1.169681057309486732e+03,4.361314699999999789e+02
1.171185371308411504e+03,4.361314699999999789e+02
1.171510166376360758e+03,4.361314699999999789e+02
1.174208102250000138e+03,4.705445599999999899e+02
1.173339275443234783e+03,4.705445599999999899e+02
1.174849287601246260e+03,4.705445599999999899e+02
1.175168384510108808e+03,4.705445599999999899e+02
1.185905899999999974e+03,5.057728299999999990e+02
1.176997493576983061e+03,4.763229999999999791e+02
1.178513203894081016e+03,4.763229999999999791e+02
1.178826602643857086e+03,4.763229999999999791e+02
1.181558834312500039e+03,3.873835399999999822e+02
1.180655711710731111e+03,3.873835399999999822e+02
1.182177120186916000e+03,3.873835399999999822e+02
1.182484820777605137e+03,3.873835399999999822e+02
1.187617299999999886e+03,5.081002199999999789e+02
1.184313929844479162e+03,4.108285000000000196e+02
1.185841036479750983e+03,5.057728299999999990e+02
1.186143038911353187e+03,5.057728299999999990e+02
1.188909566374999940e+03,5.081002199999999789e+02
1.187972147978227213e+03,5.081002199999999789e+02
1.189504952772585739e+03,5.081002199999999789e+02
1.189801257045101238e+03,5.081002199999999789e+02
1.188091100000000097e+03,5.081002199999999789e+02
1.191630366111975263e+03,5.081002199999999789e+02
1.193168869065420722e+03,5.081002199999999789e+02
1.193459475178849289e+03,5.081002199999999789e+02
1.196260298437500069e+03,5.081002199999999789e+02
1.195288584245723314e+03,5.081002199999999789e+02
1.196832785358255478e+03,5.081002199999999789e+02
1.197117693312597339e+03,5.081002199999999789e+02
1.188091100000000097e+03,5.081002199999999789e+02
1.198946802379471364e+03,5.081002199999999789e+02
1.200496701651090461e+03,5.081002199999999789e+02
1.200775911446345390e+03,5.081002199999999789e+02
1.203611030500000197e+03,5.081002199999999789e+02
1.202605020513219415e+03,5.081002199999999789e+02
1.204160617943925445e+03,5.081002199999999789e+02
1.204434129580093440e+03,5.081002199999999789e+02
1.186591599999999971e+03,3.188489999999999895e+02
1.206263238646967466e+03,5.081002199999999789e+02
1.207824534236760201e+03,5.081002199999999789e+02
1.208092347713841491e+03,5.081002199999999789e+02
1.210961762562500098e+03,5.081002199999999789e+02
1.209921456780715516e+03,5.081002199999999789e+02
1.211488450529595184e+03,5.081002199999999789e+02
1.211750565847589542e+03,5.081002199999999789e+02
1.184644000000000005e+03,3.280804400000000101e+02
1.213579674914463567e+03,4.818087199999999939e+02
1.215152366822429940e+03,4.818087199999999939e+02
1.215408783981337592e+03,4.818087199999999939e+02
1.218312494624999999e+03,4.818087199999999939e+02
1.217237893048211617e+03,4.818087199999999939e+02
1.218816283115264923e+03,4.818087199999999939e+02
1.219067002115085643e+03,4.818087199999999939e+02
1.180365600000000086e+03,3.607003199999999765e+02
1.220896111181959668e+03,4.818087199999999939e+02
1.222480199408099907e+03,4.818087199999999939e+02
1.222725220248833693e+03,4.818087199999999939e+02
1.225663226687500128e+03,4.818087199999999939e+02
1.224554329315707719e+03,4.818087199999999939e+02
1.226144115700934663e+03,4.818087199999999939e+02
1.226383438382581744e+03,4.818087199999999939e+02
1.180491199999999935e+03,3.873835399999999822e+02
1.228212547449455769e+03,4.818087199999999939e+02
1.229808031993769646e+03,4.818087199999999939e+02
1.230041656516329795e+03,4.818087199999999939e+02
1.233013958750000029e+03,4.818087199999999939e+02
1.231870765583203820e+03,4.818087199999999939e+02
1.233471948286604402e+03,4.818087199999999939e+02
1.233699874650077845e+03,4.818087199999999939e+02
1.184222800000000007e+03,4.108285000000000196e+02
1.235528983716951871e+03,4.841105999999999767e+02
1.237135864579439385e+03,4.857440199999999777e+02
1.237358092783825896e+03,4.857440199999999777e+02
1.240364690812500157e+03,4.875904499999999757e+02
1.239187201850699921e+03,4.645901000000000067e+02
1.240799780872274368e+03,4.875904499999999757e+02
1.241016310917573946e+03,4.875904499999999757e+02
1.185566299999999956e+03,4.164934000000000083e+02
1.242845419984447972e+03,4.399730200000000195e+02
1.244463697165109124e+03,4.399730200000000195e+02
1.244674529051321997e+03,4.399730200000000195e+02
1.247715422875000058e+03,4.290234399999999937e+02
1.246503638118196022e+03,4.290234399999999937e+02
1.248127613457944108e+03,4.290234399999999937e+02
1.248332747185070048e+03,4.290234399999999937e+02
1.185591899999999896e+03,4.165843499999999722e+02
1.250161856251944073e+03,4.858315400000000182e+02
1.251791529750778864e+03,4.858315400000000182e+02
1.251990965318818098e+03,4.858315400000000182e+02
1.255066154937500187e+03,4.801414800000000014e+02
1.253820074385692124e+03,4.801414800000000014e+02
1.255455446043613847e+03,4.801414800000000014e+02
1.255649183452566149e+03,4.801414800000000014e+02
1.185591899999999896e+03,4.165843499999999722e+02
1.257478292519440174e+03,4.708006599999999935e+02
1.259119362336448830e+03,4.708006599999999935e+02
1.259307401586314199e+03,4.708006599999999935e+02
1.262416887000000088e+03,4.708006599999999935e+02
1.261136510653188225e+03,4.708006599999999935e+02
1.262783278629283586e+03,4.708006599999999935e+02
1.262965619720062250e+03,4.708006599999999935e+02
1.247071899999999914e+03,4.290234399999999937e+02
1.264794728786936275e+03,4.708006599999999935e+02
1.266447194922118570e+03,4.708006599999999935e+02
1.266623837853810301e+03,4.708006599999999935e+02
1.269767619062499989e+03,4.708006599999999935e+02
1.268452946920684326e+03,4.708006599999999935e+02
1.270111111214953326e+03,4.708006599999999935e+02
1.270282055987558351e+03,4.708006599999999935e+02
1.244607899999999972e+03,4.399730200000000195e+02
1.272111165054432377e+03,4.626335399999999822e+02
1.273775027507788309e+03,4.626335399999999822e+02
1.273940274121306402e+03,4.626335399999999822e+02
1.277118351125000117e+03,4.626335399999999822e+02
1.275769383188180427e+03,4.626335399999999822e+02
1.277438943800623292e+03,4.626335399999999822e+02
1.277598492255054452e+03,4.626335399999999822e+02
1.239736000000000104e+03,4.645901000000000067e+02
1.279427601321928478e+03,4.626335399999999822e+02
1.281102860093458048e+03,4.626335399999999822e+02
1.281256710388802503e+03,4.626335399999999822e+02
1.284469083187500019e+03,4.626335399999999822e+02
1.283085819455676528e+03,4.626335399999999822e+02
1.284766776386293031e+03,4.626335399999999822e+02
1.284914928522550781e+03,4.626335399999999822e+02
1.236624600000000100e+03,4.765893599999999992e+02
1.286744037589424806e+03,4.626335399999999822e+02
1.288430692679127787e+03,4.626335399999999822e+02
1.288573146656298832e+03,4.626335399999999822e+02
1.291819815250000147e+03,4.626335399999999822e+02
1.290402255723172857e+03,4.626335399999999822e+02
1.292094608971962771e+03,4.626335399999999822e+02
1.292231364790046882e+03,4.626335399999999822e+02
1.235223500000000058e+03,4.818087199999999939e+02
1.294060473856920908e+03,4.626335399999999822e+02
1.295758525264797754e+03,4.626335399999999822e+02
1.295889582923794933e+03,4.626335399999999822e+02
1.299170547312500048e+03,4.626335399999999822e+02
1.297718691990668958e+03,4.626335399999999822e+02
1.299422441557632510e+03,4.626335399999999822e+02
1.299547801057542983e+03,4.626335399999999822e+02
1.235460700000000088e+03,4.841105999999999767e+02
1.301376910124417009e+03,4.564812000000000012e+02
1.303086357850467493e+03,4.564812000000000012e+02
1.303206019191291034e+03,4.564812000000000012e+02
1.306521279375000177e+03,4.564812000000000012e+02
1.305035128258165059e+03,4.564812000000000012e+02
1.306750274143302249e+03,4.564812000000000012e+02
1.306864237325039085e+03,4.564812000000000012e+02
1.236913600000000088e+03,4.857440199999999777e+02
1.308693346391913110e+03,4.564812000000000012e+02
1.310414190436137233e+03,4.564812000000000012e+02
1.310522455458787135e+03,4.564812000000000012e+02
1.313872011437500078e+03,4.564812000000000012e+02
1.312351564525661161e+03,4.564812000000000012e+02
1.314078106728971989e+03,4.564812000000000012e+02
1.314180673592535186e+03,4.564812000000000012e+02
1.240823200000000043e+03,4.875904499999999757e+02
1.316009782659409211e+03,4.564812000000000012e+02
1.317742023021806972e+03,4.564812000000000012e+02
1.317838891726283236e+03,4.564812000000000012e+02
1.321222743499999979e+03,4.564812000000000012e+02
1.319668000793157262e+03,4.564812000000000012e+02
1.321405939314641955e+03,4.564812000000000012e+02
1.321497109860031287e+03,4.564812000000000012e+02
1.245546399999999949e+03,4.876646700000000010e+02
1.323326218926905312e+03,4.564812000000000012e+02
1.325069855607476711e+03,4.564812000000000012e+02
1.325155327993779338e+03,4.564812000000000012e+02
1.328573475562500107e+03,4.564812000000000012e+02
1.326984437060653363e+03,4.564812000000000012e+02
1.328733771900311694e+03,4.564812000000000012e+02
1.328813546127527388e+03,4.564812000000000012e+02
1.250229000000000042e+03,4.858315400000000182e+02
1.330642655194401414e+03,4.523036999999999921e+02
1.332397688193146450e+03,4.523036999999999921e+02
1.332471764261275439e+03,4.523036999999999921e+02
1.335924207625000008e+03,4.523036999999999921e+02
1.334300873328149464e+03,4.523036999999999921e+02
1.336061604485981434e+03,4.523036999999999921e+02
1.336129982395023490e+03,4.523036999999999921e+02
1.254880900000000111e+03,4.801414800000000014e+02
1.337959091461897515e+03,4.523036999999999921e+02
1.339725520778816417e+03,4.523036999999999921e+02
1.339788200528771540e+03,4.523036999999999921e+02
1.343274939687500137e+03,4.523036999999999921e+02
1.341617309595645565e+03,4.523036999999999921e+02
1.343389437071651173e+03,4.523036999999999921e+02
1.343446418662519591e+03,4.523036999999999921e+02
1.266144000000000005e+03,4.708006599999999935e+02
1.345275527729393616e+03,4.523036999999999921e+02
1.347053353364486156e+03,4.523036999999999921e+02
1.347104636796267641e+03,4.523036999999999921e+02
1.350625671750000038e+03,4.523036999999999921e+02
1.348933745863141667e+03,4.523036999999999921e+02
1.350717269657320912e+03,4.523036999999999921e+02
1.350762854930015692e+03,4.523036999999999921e+02
1.284696999999999889e+03,4.626335399999999822e+02
1.352591963996889717e+03,4.523036999999999921e+02
1.354381185950155896e+03,4.523036999999999921e+02
1.354421073063763743e+03,4.523036999999999921e+02
1.357976403812500166e+03,4.523036999999999921e+02
1.356250182130637768e+03,4.523036999999999921e+02
1.358045102242990879e+03,4.523036999999999921e+02
1.358079291197511793e+03,4.523036999999999921e+02
1.315398599999999988e+03,4.564812000000000012e+02
1.359908400264385818e+03,4.523036999999999921e+02
1.361709018535825635e+03,4.523036999999999921e+02
1.361737509331259844e+03,4.523036999999999921e+02
1.365327135875000067e+03,4.523036999999999921e+02
1.363566618398133869e+03,4.523036999999999921e+02
1.365372934828660618e+03,4.523036999999999921e+02
1.365395727465007894e+03,4.523036999999999921e+02
1.354318199999999933e+03,4.523036999999999921e+02
1.367224836531881920e+03,4.521245000000000118e+02
1.369036851121495374e+03,4.521245000000000118e+02
1.369053945598755945e+03,4.521245000000000118e+02
1.372677867937500196e+03,4.521245000000000118e+02
1.370883054665629970e+03,4.521245000000000118e+02
1.372700767414330357e+03,4.521245000000000118e+02
1.372712163732503996e+03,4.521245000000000118e+02
1.380028600000000097e+03,4.521245000000000118e+02
1.374541272799378021e+03,4.521245000000000118e+02
1.376364683707165341e+03,4.521245000000000118e+02
1.376370381866252046e+03,4.521245000000000118e+02
1.380028600000000097e+03,4.521245000000000118e+02
1.378199490933126071e+03,4.521245000000000118e+02
1.380028600000000097e+03,4.521245000000000118e+02
1.380028600000000097e+03,4.521245000000000118e+02
1.380028600000000097e+03,4.521245000000000118e+02
