1.839179800000000000e+02,2.584307999999999765e+02
1.839179800000000000e+02,2.584307999999999765e+02
1.843888522531452452e+02,2.584307999999999765e+02
1.839179800000000000e+02,2.584307999999999765e+02
1.848597245062905188e+02,2.584307999999999765e+02
1.848600836765827751e+02,2.584307999999999765e+02
1.853305967594357639e+02,2.584307999999999765e+02
1.839179800000000000e+02,2.584307999999999765e+02
1.858014690125810091e+02,2.584307999999999765e+02
1.858021873531655217e+02,2.584307999999999765e+02
1.862723412657262543e+02,2.584307999999999765e+02
1.858036256793893131e+02,2.584307999999999765e+02
1.867432135188715279e+02,2.584307999999999765e+02
1.867442910297482968e+02,2.584307999999999765e+02
1.872140857720167730e+02,2.584307999999999765e+02
1.839179800000000000e+02,2.584307999999999765e+02
1.876849580251620182e+02,2.584307999999999765e+02
1.876863947063310434e+02,2.584307999999999765e+02
1.881558302783072918e+02,2.584307999999999765e+02
1.876892713587786261e+02,2.584307999999999765e+02
1.886267025314525370e+02,2.584307999999999765e+02
1.886284983829138184e+02,2.584307999999999765e+02
1.890975747845977821e+02,2.584307999999999765e+02
1.876950378593272148e+02,2.584307999999999765e+02
1.895684470377430557e+02,2.584307999999999765e+02
1.895706020594965651e+02,2.584307999999999765e+02
1.900393192908883009e+02,2.584307999999999765e+02
1.895749170381679392e+02,2.584307999999999765e+02
1.905101915440335461e+02,2.584307999999999765e+02
1.905127057360793401e+02,2.584307999999999765e+02
1.909810637971787912e+02,2.584307999999999765e+02
3.708571200000000090e+02,3.072984599999999773e+02
1.914519360503240648e+02,2.392300999999999931e+02
1.914548094126620867e+02,2.392300999999999931e+02
1.919228083034693100e+02,2.392300999999999931e+02
1.914605627175572522e+02,2.392300999999999931e+02
1.923936805566145551e+02,2.392300999999999931e+02
1.923969130892448618e+02,2.392300999999999931e+02
1.928645528097598287e+02,2.392300999999999931e+02
1.914720957186544297e+02,2.392300999999999931e+02
1.933354250629050739e+02,2.392300999999999931e+02
1.933390167658276084e+02,2.392300999999999931e+02
1.938062973160503191e+02,2.392300999999999931e+02
1.933462083969465652e+02,2.392300999999999931e+02
1.942771695691955642e+02,2.392300999999999931e+02
1.942811204424103835e+02,2.392300999999999931e+02
1.947480418223408378e+02,2.392300999999999931e+02
1.914952678527607475e+02,2.392300999999999931e+02
1.952189140754860830e+02,2.392300999999999931e+02
1.952232241189931301e+02,2.392300999999999931e+02
1.956897863286313282e+02,2.392300999999999931e+02
1.952318540763358783e+02,2.392300999999999931e+02
1.961606585817766017e+02,2.392300999999999931e+02
1.961653277955759052e+02,2.392300999999999931e+02
1.966315308349218469e+02,2.392300999999999931e+02
1.952491535779816445e+02,2.392300999999999931e+02
1.971024030880670921e+02,2.392300999999999931e+02
1.971074314721586518e+02,2.392300999999999931e+02
1.975732753412123657e+02,2.392300999999999931e+02
1.971174997557251913e+02,2.392300999999999931e+02
1.980441475943576108e+02,2.392300999999999931e+02
1.980495351487414268e+02,2.392300999999999931e+02
1.985150198475028560e+02,2.392300999999999931e+02
3.687852199999999812e+02,3.433048000000000002e+02
1.989858921006481296e+02,2.392300999999999931e+02
1.989916388253241735e+02,2.392300999999999931e+02
1.994567643537933748e+02,2.392300999999999931e+02
1.990031454351145044e+02,2.392300999999999931e+02
1.999276366069386199e+02,2.392300999999999931e+02
1.999337425019069485e+02,2.392300999999999931e+02
2.003985088600838651e+02,2.392300999999999931e+02
1.990262114373088593e+02,2.392300999999999931e+02
2.008693811132291387e+02,2.392300999999999931e+02
2.008758461784896951e+02,2.392300999999999931e+02
2.013402533663743839e+02,2.392300999999999931e+02
2.008887911145038174e+02,2.392300999999999931e+02
2.018111256195196290e+02,2.392300999999999931e+02
2.018179498550724702e+02,2.392300999999999931e+02
2.022819978726649026e+02,2.392300999999999931e+02
1.990725557055214665e+02,2.392300999999999931e+02
2.027528701258101478e+02,2.392300999999999931e+02
2.027600535316552168e+02,2.392300999999999931e+02
2.032237423789553930e+02,2.392300999999999931e+02
2.027744367938931305e+02,2.392300999999999931e+02
2.036946146321006381e+02,2.392300999999999931e+02
2.037021572082379919e+02,2.392300999999999931e+02
2.041654868852459117e+02,2.392300999999999931e+02
2.028032692966360742e+02,2.392300999999999931e+02
2.046363591383911569e+02,2.392300999999999931e+02
2.046442608848207385e+02,2.392300999999999931e+02
2.051072313915364020e+02,2.392300999999999931e+02
2.046600824732824435e+02,2.392300999999999931e+02
2.055781036446816756e+02,2.392300999999999931e+02
2.055863645614035136e+02,2.392300999999999931e+02
2.060489758978269208e+02,2.392300999999999931e+02
3.716505999999999972e+02,3.899780299999999897e+02
2.065198481509721660e+02,2.392300999999999931e+02
2.065284682379862602e+02,2.392300999999999931e+02
2.069907204041174396e+02,2.392300999999999931e+02
2.065457281526717566e+02,2.392300999999999931e+02
2.074615926572626847e+02,2.392300999999999931e+02
2.074705719145690352e+02,2.392300999999999931e+02
2.079324649104079299e+02,2.392300999999999931e+02
2.065803271559632890e+02,2.392300999999999931e+02
2.084033371635532035e+02,2.392300999999999931e+02
2.084126755911518103e+02,2.392300999999999931e+02
2.088742094166984486e+02,2.392300999999999931e+02
2.084313738320610696e+02,2.392300999999999931e+02
2.093450816698436938e+02,2.392300999999999931e+02
2.093547792677345569e+02,2.392300999999999931e+02
2.098159539229889390e+02,2.392300999999999931e+02
2.066498435582822140e+02,2.392300999999999931e+02
2.102868261761342126e+02,2.392300999999999931e+02
2.102968829443173036e+02,2.392300999999999931e+02
2.107576984292794577e+02,2.392300999999999931e+02
2.103170195114503827e+02,2.392300999999999931e+02
2.112285706824247029e+02,2.392300999999999931e+02
2.112389866209000786e+02,2.392300999999999931e+02
2.116994429355699481e+02,2.392300999999999931e+02
2.103573850152905322e+02,2.392300999999999931e+02
2.121703151887152217e+02,2.392300999999999931e+02
2.121810902974828537e+02,2.392300999999999931e+02
2.126411874418604668e+02,2.392300999999999931e+02
2.122026651908396957e+02,2.392300999999999931e+02
2.131120596950057120e+02,2.392300999999999931e+02
2.131231939740656003e+02,2.392300999999999931e+02
2.135829319481509856e+02,2.392300999999999931e+02
3.763492400000000089e+02,4.422857700000000136e+02
2.140538042012962308e+02,2.043134799999999984e+02
2.140652976506483753e+02,2.043134799999999984e+02
2.145246764544414759e+02,2.043134799999999984e+02
2.140883108702290087e+02,2.043134799999999984e+02
2.149955487075867495e+02,2.043134799999999984e+02
2.150074013272311220e+02,2.043134799999999984e+02
2.154664209607319947e+02,2.043134799999999984e+02
2.141344428746177471e+02,2.043134799999999984e+02
2.159372932138772399e+02,2.043134799999999984e+02
2.159495050038138970e+02,2.043134799999999984e+02
2.164081654670225134e+02,2.043134799999999984e+02
2.159739565496183218e+02,2.043134799999999984e+02
2.168790377201677586e+02,2.043134799999999984e+02
2.168916086803966436e+02,2.043134799999999984e+02
2.173499099733130038e+02,2.043134799999999984e+02
2.142271314110429330e+02,2.043134799999999984e+02
2.178207822264582774e+02,2.043134799999999984e+02
2.178337123569794187e+02,2.043134799999999984e+02
2.182916544796035225e+02,2.043134799999999984e+02
2.178596022290076348e+02,2.043134799999999984e+02
2.187625267327487677e+02,2.043134799999999984e+02
2.187758160335621653e+02,2.043134799999999984e+02
2.192333989858940129e+02,2.043134799999999984e+02
2.179115007339449619e+02,2.043134799999999984e+02
2.197042712390392580e+02,2.043134799999999984e+02
2.197179197101449404e+02,2.043134799999999984e+02
2.201751434921845316e+02,2.043134799999999984e+02
2.197452479083969479e+02,2.043134799999999984e+02
2.206460157453297768e+02,2.043134799999999984e+02
2.206600233867276870e+02,2.043134799999999984e+02
2.211168879984750220e+02,2.043134799999999984e+02
3.844791999999999916e+02,4.878952600000000075e+02
2.215877602516202955e+02,2.043134799999999984e+02
2.216021270633104621e+02,2.043134799999999984e+02
2.220586325047655407e+02,2.043134799999999984e+02
2.216308935877862609e+02,2.043134799999999984e+02
2.225295047579107859e+02,2.043134799999999984e+02
2.225442307398932087e+02,2.043134799999999984e+02
2.230003770110560595e+02,2.043134799999999984e+02
2.216885585932721767e+02,2.043134799999999984e+02
2.234712492642013046e+02,2.043134799999999984e+02
2.234863344164759837e+02,2.043134799999999984e+02
2.239421215173465498e+02,2.043134799999999984e+02
2.235165392671755740e+02,2.043134799999999984e+02
2.244129937704918234e+02,2.043134799999999984e+02
2.244284380930587304e+02,2.043134799999999984e+02
2.248838660236370686e+02,2.043134799999999984e+02
2.218044192638036805e+02,2.043134799999999984e+02
2.253547382767823137e+02,2.043134799999999984e+02
2.253705417696415054e+02,2.043134799999999984e+02
2.258256105299275873e+02,2.043134799999999984e+02
2.254021849465648870e+02,2.043134799999999984e+02
2.262964827830728325e+02,2.043134799999999984e+02
2.263126454462242805e+02,2.043134799999999984e+02
2.267673550362180777e+02,2.043134799999999984e+02
2.254656164525993916e+02,2.043134799999999984e+02
2.272382272893633228e+02,2.043134799999999984e+02
2.272547491228070271e+02,2.043134799999999984e+02
2.277090995425085680e+02,2.043134799999999984e+02
2.272878306259542001e+02,2.043134799999999984e+02
2.281799717956538416e+02,2.043134799999999984e+02
2.281968527993897737e+02,2.043134799999999984e+02
2.286508440487990867e+02,2.043134799999999984e+02
3.937830799999999840e+02,5.226557599999999866e+02
2.291217163019443319e+02,2.043134799999999984e+02
2.291389564759725488e+02,2.043134799999999984e+02
2.295925885550896055e+02,2.043134799999999984e+02
2.291734763053435131e+02,2.043134799999999984e+02
2.300634608082348507e+02,2.043134799999999984e+02
2.300810601525553238e+02,2.043134799999999984e+02
2.305343330613800958e+02,2.043134799999999984e+02
2.292426743119266064e+02,2.043134799999999984e+02
2.310052053145253694e+02,2.043134799999999984e+02
2.310231638291380705e+02,2.043134799999999984e+02
2.314760775676706146e+02,2.043134799999999984e+02
2.310591219847328261e+02,2.043134799999999984e+02
2.319469498208158598e+02,2.043134799999999984e+02
2.319652675057208171e+02,2.043134799999999984e+02
2.324178220739611334e+02,2.043134799999999984e+02
2.293817071165644279e+02,2.043134799999999984e+02
2.328886943271063785e+02,2.043134799999999984e+02
2.329073711823035921e+02,2.043134799999999984e+02
2.333595665802516237e+02,2.043134799999999984e+02
2.329447676641221392e+02,2.043134799999999984e+02
2.338304388333968973e+02,2.043134799999999984e+02
2.338494748588863672e+02,2.043134799999999984e+02
2.343013110865421424e+02,2.043134799999999984e+02
2.330197321712538212e+02,2.043134799999999984e+02
2.347721833396873876e+02,2.043134799999999984e+02
2.347915785354691138e+02,2.043134799999999984e+02
2.352430555928326328e+02,2.043134799999999984e+02
2.348304133435114522e+02,2.043134799999999984e+02
2.357139278459779064e+02,2.043134799999999984e+02
2.357336822120518605e+02,2.043134799999999984e+02
2.361848000991231515e+02,2.043134799999999984e+02
4.045363500000000272e+02,5.574708000000000538e+02
2.366556723522683967e+02,2.043134799999999984e+02
2.366757858886346355e+02,2.043134799999999984e+02
2.371265446054136419e+02,2.043134799999999984e+02
2.367160590229007653e+02,2.043134799999999984e+02
2.375974168585589155e+02,2.043134799999999984e+02
2.376178895652174106e+02,2.043134799999999984e+02
2.380682891117041606e+02,2.043134799999999984e+02
2.367967900305810360e+02,2.043134799999999984e+02
2.385391613648494058e+02,2.043134799999999984e+02
2.385599932418001572e+02,2.043134799999999984e+02
2.390100336179946794e+02,2.043134799999999984e+02
2.386017047022900783e+02,2.043134799999999984e+02
2.394809058711399246e+02,2.043134799999999984e+02
2.395020969183829322e+02,2.043134799999999984e+02
2.399517781242851697e+02,2.043134799999999984e+02
2.369589949693251469e+02,2.043134799999999984e+02
2.404226503774304433e+02,2.043134799999999984e+02
2.404442005949656789e+02,2.043134799999999984e+02
2.408935226305756885e+02,2.043134799999999984e+02
2.404873503816793914e+02,2.043134799999999984e+02
2.413643948837209336e+02,2.043134799999999984e+02
2.413863042715484539e+02,2.043134799999999984e+02
2.418352671368662072e+02,2.043134799999999984e+02
2.405738478899082793e+02,2.043134799999999984e+02
2.423061393900114524e+02,2.043134799999999984e+02
2.423284079481312006e+02,2.043134799999999984e+02
2.427770116431566976e+02,2.043134799999999984e+02
2.423729960610687044e+02,2.043134799999999984e+02
2.432478838963019712e+02,2.043134799999999984e+02
2.432705116247139756e+02,2.043134799999999984e+02
2.437187561494472163e+02,2.043134799999999984e+02
4.088447600000000079e+02,5.702953999999999724e+02
2.441896284025924615e+02,2.043134799999999984e+02
2.442126153012967222e+02,2.043134799999999984e+02
2.446605006557377067e+02,2.043134799999999984e+02
2.442586417404580175e+02,2.043134799999999984e+02
2.451313729088829518e+02,2.043134799999999984e+02
2.451547189778794973e+02,2.043134799999999984e+02
2.456022451620282254e+02,2.043134799999999984e+02
2.443509057492354941e+02,2.043134799999999984e+02
2.460731174151734706e+02,2.043134799999999984e+02
2.460968226544622439e+02,2.043134799999999984e+02
2.465439896683187158e+02,2.043134799999999984e+02
2.461442874198473305e+02,2.043134799999999984e+02
2.470148619214639893e+02,2.043134799999999984e+02
2.470389263310450190e+02,2.043134799999999984e+02
2.474857341746092345e+02,2.043134799999999984e+02
2.445362828220858944e+02,2.043134799999999984e+02
2.479566064277544797e+02,2.043134799999999984e+02
2.479810300076277940e+02,2.043134799999999984e+02
2.484274786808997533e+02,2.043134799999999984e+02
2.480299330992366436e+02,2.043134799999999984e+02
2.488983509340449984e+02,2.043134799999999984e+02
2.489231336842105407e+02,2.043134799999999984e+02
2.493692231871902436e+02,2.043134799999999984e+02
2.481279636085627089e+02,2.043134799999999984e+02
2.498400954403355172e+02,2.043134799999999984e+02
2.498652373607932873e+02,2.043134799999999984e+02
2.503109676934807624e+02,2.043134799999999984e+02
2.499155787786259566e+02,2.043134799999999984e+02
2.507818399466260075e+02,2.043134799999999984e+02
2.508073410373760623e+02,2.043134799999999984e+02
2.512527121997712811e+02,2.043134799999999984e+02
4.088447600000000079e+02,5.702953999999999724e+02
2.517235844529165263e+02,2.043134799999999984e+02
2.517494447139588374e+02,2.043134799999999984e+02
2.521944567060617715e+02,2.043134799999999984e+02
2.518012244580152696e+02,2.043134799999999984e+02
2.526653289592070450e+02,2.043134799999999984e+02
2.526915483905415840e+02,2.043134799999999984e+02
2.531362012123522618e+02,2.043134799999999984e+02
2.519050214678899238e+02,2.043134799999999984e+02
2.536070734654975354e+02,2.043134799999999984e+02
2.536336520671243306e+02,2.043134799999999984e+02
2.540779457186427805e+02,2.043134799999999984e+02
2.536868701374045827e+02,2.043134799999999984e+02
2.545488179717880257e+02,2.043134799999999984e+02
2.545757557437071057e+02,2.043134799999999984e+02
2.550196902249332993e+02,2.043134799999999984e+02
2.521135706748466419e+02,2.043134799999999984e+02
2.554905624780785445e+02,2.043134799999999984e+02
2.555178594202898807e+02,2.043134799999999984e+02
2.559614347312237896e+02,2.043134799999999984e+02
2.555725158167938957e+02,2.043134799999999984e+02
2.564323069843690632e+02,2.043134799999999984e+02
2.564599630968726274e+02,2.043134799999999984e+02
2.569031792375143368e+02,2.043134799999999984e+02
2.556820793272171386e+02,2.043134799999999984e+02
2.573740514906595536e+02,2.043134799999999984e+02
2.574020667734553740e+02,2.043134799999999984e+02
2.578449237438048272e+02,2.043134799999999984e+02
2.574581614961832088e+02,2.043134799999999984e+02
2.583157959969501007e+02,2.043134799999999984e+02
2.583441704500381775e+02,2.043134799999999984e+02
2.587866682500953175e+02,2.043134799999999984e+02
1.839179800000000000e+02,2.584307999999999765e+02
2.592575405032405911e+02,1.826875000000000000e+02
2.592862741266209241e+02,1.826875000000000000e+02
2.597284127563858647e+02,1.826875000000000000e+02
2.593438071755725218e+02,1.826875000000000000e+02
2.601992850095310814e+02,1.826875000000000000e+02
2.602283778032036707e+02,1.826875000000000000e+02
2.606701572626763550e+02,1.826875000000000000e+02
2.594591371865443534e+02,1.826875000000000000e+02
2.611410295158215717e+02,1.826875000000000000e+02
2.611704814797864174e+02,1.826875000000000000e+02
2.616119017689668453e+02,1.826875000000000000e+02
2.612294528549618349e+02,1.826875000000000000e+02
2.620827740221121189e+02,1.826875000000000000e+02
2.621125851563691640e+02,1.826875000000000000e+02
2.625536462752573357e+02,1.826875000000000000e+02
2.596908585276073609e+02,1.826875000000000000e+02
2.630245185284026093e+02,1.826875000000000000e+02
2.630546888329519675e+02,1.826875000000000000e+02
2.634953907815478260e+02,1.826875000000000000e+02
2.631150985343511479e+02,1.826875000000000000e+02
2.639662630346930996e+02,1.826875000000000000e+02
2.639967925095347141e+02,1.826875000000000000e+02
2.644371352878383732e+02,1.826875000000000000e+02
2.632361950458715683e+02,1.826875000000000000e+02
2.649080075409835899e+02,1.826875000000000000e+02
2.649388961861174607e+02,1.826875000000000000e+02
2.653788797941288635e+02,1.826875000000000000e+02
2.650007442137404610e+02,1.826875000000000000e+02
2.658497520472741371e+02,1.826875000000000000e+02
2.658809998627002642e+02,1.826875000000000000e+02
2.663206243004193539e+02,1.826875000000000000e+02
1.916926300000000083e+02,2.392300999999999931e+02
2.667914965535646274e+02,1.826875000000000000e+02
2.668231035392830108e+02,1.826875000000000000e+02
2.672623688067099010e+02,1.826875000000000000e+02
2.668863898931297740e+02,1.826875000000000000e+02
2.677332410598551178e+02,1.826875000000000000e+02
2.677652072158657575e+02,1.826875000000000000e+02
2.682041133130003914e+02,1.826875000000000000e+02
2.670132529051987831e+02,1.826875000000000000e+02
2.686749855661456650e+02,1.826875000000000000e+02
2.687073108924485041e+02,1.826875000000000000e+02
2.691458578192908817e+02,1.826875000000000000e+02
2.687720355725190871e+02,1.826875000000000000e+02
2.696167300724361553e+02,1.826875000000000000e+02
2.696494145690313076e+02,1.826875000000000000e+02
2.700876023255814289e+02,1.826875000000000000e+02
2.672681463803680799e+02,1.826875000000000000e+02
2.705584745787266456e+02,1.826875000000000000e+02
2.705915182456140542e+02,1.826875000000000000e+02
2.710293468318719192e+02,1.826875000000000000e+02
2.706576812519084001e+02,1.826875000000000000e+02
2.715002190850171928e+02,1.826875000000000000e+02
2.715336219221968008e+02,1.826875000000000000e+02
2.719710913381624096e+02,1.826875000000000000e+02
2.707903107645259979e+02,1.826875000000000000e+02
2.724419635913076831e+02,1.826875000000000000e+02
2.724757255987796043e+02,1.826875000000000000e+02
2.729128358444529567e+02,1.826875000000000000e+02
2.725433269312977131e+02,1.826875000000000000e+02
2.733837080975981735e+02,1.826875000000000000e+02
2.734178292753623509e+02,1.826875000000000000e+02
2.738545803507434471e+02,1.826875000000000000e+02
2.316861900000000105e+02,2.043134799999999984e+02
2.743254526038887207e+02,1.826875000000000000e+02
2.743599329519450976e+02,1.826875000000000000e+02
2.747963248570339374e+02,1.826875000000000000e+02
2.744289726106870262e+02,1.826875000000000000e+02
2.752671971101792110e+02,1.826875000000000000e+02
2.753020366285278442e+02,1.826875000000000000e+02
2.757380693633244846e+02,1.826875000000000000e+02
2.745673686238532127e+02,1.826875000000000000e+02
2.762089416164697013e+02,1.826875000000000000e+02
2.762441403051105908e+02,1.826875000000000000e+02
2.766798138696149749e+02,1.826875000000000000e+02
2.763146182900763392e+02,1.826875000000000000e+02
2.771506861227602485e+02,1.826875000000000000e+02
2.771862439816933943e+02,1.826875000000000000e+02
2.776215583759054653e+02,1.826875000000000000e+02
2.748454342331288558e+02,1.826875000000000000e+02
2.780924306290507388e+02,1.826875000000000000e+02
2.781283476582761409e+02,1.826875000000000000e+02
2.785633028821959556e+02,1.826875000000000000e+02
2.782002639694656523e+02,1.826875000000000000e+02
2.790341751353412292e+02,1.826875000000000000e+02
2.790704513348588875e+02,1.826875000000000000e+02
2.795050473884865028e+02,1.826875000000000000e+02
2.783444264831804276e+02,1.826875000000000000e+02
2.799759196416317195e+02,1.826875000000000000e+02
2.800125550114416910e+02,1.826875000000000000e+02
2.804467918947769931e+02,1.826875000000000000e+02
2.800859096488549653e+02,1.826875000000000000e+02
2.809176641479222098e+02,1.826875000000000000e+02
2.809546586880244377e+02,1.826875000000000000e+02
2.813885364010674834e+02,1.826875000000000000e+02
2.871787699999999859e+02,1.826875000000000000e+02
2.818594086542127570e+02,1.826875000000000000e+02
2.818967623646071843e+02,1.826875000000000000e+02
2.823302809073579738e+02,1.826875000000000000e+02
2.819715553282442784e+02,1.826875000000000000e+02
2.828011531605032474e+02,1.826875000000000000e+02
2.828388660411899309e+02,1.826875000000000000e+02
2.832720254136485210e+02,1.826875000000000000e+02
2.821214843425076424e+02,1.826875000000000000e+02
2.837428976667937377e+02,1.826875000000000000e+02
2.837809697177726775e+02,1.826875000000000000e+02
2.842137699199390113e+02,1.826875000000000000e+02
2.838572010076335914e+02,1.826875000000000000e+02
2.846846421730842849e+02,1.826875000000000000e+02
2.847230733943554810e+02,1.826875000000000000e+02
2.851555144262295016e+02,1.826875000000000000e+02
2.824227220858895748e+02,1.826875000000000000e+02
2.856263866793747752e+02,1.826875000000000000e+02
2.856651770709382276e+02,1.826875000000000000e+02
2.860972589325200488e+02,1.826875000000000000e+02
2.857428466870229045e+02,1.826875000000000000e+02
2.865681311856652655e+02,1.826875000000000000e+02
2.866072807475209743e+02,1.826875000000000000e+02
2.870390034388105391e+02,1.826875000000000000e+02
2.858985422018348572e+02,1.826875000000000000e+02
2.875098756919558127e+02,1.826875000000000000e+02
2.875493844241037777e+02,1.826875000000000000e+02
2.879807479451010295e+02,1.826875000000000000e+02
2.876284923664122175e+02,1.826875000000000000e+02
2.884516201982463031e+02,1.826875000000000000e+02
2.884914881006865244e+02,1.826875000000000000e+02
2.889224924513915767e+02,1.826875000000000000e+02
3.516736500000000092e+02,1.648072500000000105e+02
2.893933647045367934e+02,1.826875000000000000e+02
2.894335917772692710e+02,1.826875000000000000e+02
2.898642369576820670e+02,1.826875000000000000e+02
2.895141380458015306e+02,1.826875000000000000e+02
2.903351092108273406e+02,1.826875000000000000e+02
2.903756954538520176e+02,1.826875000000000000e+02
2.908059814639725573e+02,1.826875000000000000e+02
2.896756000611620721e+02,1.826875000000000000e+02
2.912768537171178309e+02,1.826875000000000000e+02
2.913177991304347643e+02,1.826875000000000000e+02
2.917477259702631045e+02,1.826875000000000000e+02
2.913997837251908436e+02,1.826875000000000000e+02
2.922185982234083212e+02,1.826875000000000000e+02
2.922599028070175677e+02,1.826875000000000000e+02
2.926894704765535948e+02,1.826875000000000000e+02
2.900000099386503507e+02,1.826875000000000000e+02
2.931603427296988684e+02,1.826875000000000000e+02
2.932020064836003144e+02,1.826875000000000000e+02
2.936312149828440852e+02,1.826875000000000000e+02
2.932854294045801566e+02,1.826875000000000000e+02
2.941020872359893588e+02,1.826875000000000000e+02
2.941441101601831178e+02,1.826875000000000000e+02
2.945729594891346323e+02,1.826875000000000000e+02
2.934526579204892869e+02,1.826875000000000000e+02
2.950438317422798491e+02,1.826875000000000000e+02
2.950862138367658645e+02,1.826875000000000000e+02
2.955147039954251227e+02,1.826875000000000000e+02
2.951710750839694697e+02,1.826875000000000000e+02
2.959855762485703394e+02,1.826875000000000000e+02
2.960283175133486111e+02,1.826875000000000000e+02
2.964564485017156130e+02,1.826875000000000000e+02
4.098890999999999849e+02,1.550644499999999937e+02
2.969273207548608298e+02,1.826875000000000000e+02
2.969704211899313577e+02,1.826875000000000000e+02
2.973981930080061034e+02,1.826875000000000000e+02
2.970567207633587827e+02,1.826875000000000000e+02
2.978690652611513769e+02,1.826875000000000000e+02
2.979125248665141044e+02,1.826875000000000000e+02
2.983399375142965937e+02,1.826875000000000000e+02
2.972297157798165017e+02,1.826875000000000000e+02
2.988108097674418673e+02,1.826875000000000000e+02
2.988546285430969078e+02,1.826875000000000000e+02
2.992816820205871409e+02,1.826875000000000000e+02
2.989423664427480958e+02,1.826875000000000000e+02
2.997525542737323576e+02,1.826875000000000000e+02
2.997967322196796545e+02,1.826875000000000000e+02
3.002234265268776312e+02,1.826875000000000000e+02
2.975772977914110697e+02,1.826875000000000000e+02
3.006942987800229048e+02,1.826875000000000000e+02
3.007388358962624011e+02,1.826875000000000000e+02
3.011651710331681215e+02,1.826875000000000000e+02
3.008280121221374088e+02,1.826875000000000000e+02
3.016360432863133951e+02,1.826875000000000000e+02
3.016809395728452046e+02,1.826875000000000000e+02
3.021069155394586687e+02,1.826875000000000000e+02
3.010067736391437165e+02,1.826875000000000000e+02
3.025777877926038855e+02,1.826875000000000000e+02
3.026230432494279512e+02,1.826875000000000000e+02
3.030486600457491591e+02,1.826875000000000000e+02
3.027136578015267219e+02,1.826875000000000000e+02
3.035195322988944326e+02,1.826875000000000000e+02
3.035651469260106978e+02,1.826875000000000000e+02
3.039904045520396494e+02,1.826875000000000000e+02
4.461732200000000148e+02,1.594211400000000083e+02
3.044612768051849230e+02,1.826875000000000000e+02
3.045072506025934445e+02,1.826875000000000000e+02
3.049321490583301966e+02,1.826875000000000000e+02
3.045993034809160349e+02,1.826875000000000000e+02
3.054030213114754133e+02,1.826875000000000000e+02
3.054493542791761911e+02,1.826875000000000000e+02
3.058738935646206869e+02,1.826875000000000000e+02
3.047838314984709314e+02,1.826875000000000000e+02
3.063447658177659605e+02,1.826875000000000000e+02
3.063914579557589946e+02,1.826875000000000000e+02
3.068156380709111772e+02,1.826875000000000000e+02
3.064849491603053480e+02,1.826875000000000000e+02
3.072865103240564508e+02,1.826875000000000000e+02
3.073335616323417412e+02,1.826875000000000000e+02
3.077573825772017244e+02,1.826875000000000000e+02
3.051545856441717888e+02,1.826875000000000000e+02
3.082282548303469412e+02,1.826875000000000000e+02
3.082756653089244878e+02,1.826875000000000000e+02
3.086991270834922148e+02,1.826875000000000000e+02
3.083705948396946610e+02,1.826875000000000000e+02
3.091699993366374883e+02,1.826875000000000000e+02
3.092177689855072913e+02,1.826875000000000000e+02
3.096408715897827051e+02,1.826875000000000000e+02
3.085608893577981462e+02,1.826875000000000000e+02
3.101117438429279787e+02,1.826875000000000000e+02
3.101598726620900379e+02,1.826875000000000000e+02
3.105826160960732523e+02,1.826875000000000000e+02
3.102562405190839740e+02,1.826875000000000000e+02
3.110534883492184690e+02,1.826875000000000000e+02
3.111019763386727845e+02,1.826875000000000000e+02
3.115243606023637426e+02,1.826875000000000000e+02
4.642405400000000100e+02,1.687031299999999874e+02
3.119952328555090162e+02,1.826875000000000000e+02
3.120440800152555312e+02,1.826875000000000000e+02
3.124661051086542329e+02,1.826875000000000000e+02
3.121418861984733439e+02,1.826875000000000000e+02
3.129369773617994497e+02,1.826875000000000000e+02
3.129861836918382778e+02,1.826875000000000000e+02
3.134078496149447801e+02,1.826875000000000000e+02
3.123379472171253610e+02,1.826875000000000000e+02
3.138787218680899969e+02,1.826875000000000000e+02
3.139282873684210813e+02,1.826875000000000000e+02
3.143495941212352136e+02,1.826875000000000000e+02
3.140275318778626570e+02,1.826875000000000000e+02
3.148204663743805440e+02,1.826875000000000000e+02
3.148703910450038279e+02,1.826875000000000000e+02
3.152913386275257608e+02,1.826875000000000000e+02
3.127318734969325078e+02,1.826875000000000000e+02
3.157622108806709775e+02,1.826875000000000000e+02
3.158124947215866314e+02,1.826875000000000000e+02
3.162330831338162511e+02,1.826875000000000000e+02
3.159131775572519700e+02,1.826875000000000000e+02
3.167039553869615247e+02,1.826875000000000000e+02
3.167545983981693780e+02,1.826875000000000000e+02
3.171748276401067415e+02,1.826875000000000000e+02
3.161150050764525758e+02,1.826875000000000000e+02
3.176456998932520150e+02,1.826875000000000000e+02
3.176967020747521246e+02,1.826875000000000000e+02
3.181165721463972886e+02,1.826875000000000000e+02
3.177988232366412831e+02,1.826875000000000000e+02
3.185874443995425054e+02,1.826875000000000000e+02
3.186388057513348713e+02,1.826875000000000000e+02
3.190583166526877790e+02,1.826875000000000000e+02
4.708947800000000257e+02,1.848254399999999862e+02
3.195291889058330526e+02,3.653885500000000093e+02
3.195809094279176179e+02,3.653885500000000093e+02
3.200000611589782693e+02,3.653885500000000093e+02
3.196844689160305961e+02,3.653885500000000093e+02
3.204709334121235429e+02,3.653885500000000093e+02
3.205230131045003645e+02,3.653885500000000093e+02
3.209418056652688165e+02,3.653885500000000093e+02
3.198920629357797907e+02,3.653885500000000093e+02
3.214126779184140332e+02,3.653885500000000093e+02
3.214651167810831680e+02,3.653885500000000093e+02
3.218835501715593068e+02,3.653885500000000093e+02
3.215701145954199092e+02,3.653885500000000093e+02
3.223544224247045804e+02,3.653885500000000093e+02
3.224072204576659146e+02,3.653885500000000093e+02
3.228252946778497972e+02,3.653885500000000093e+02
3.203091613496932268e+02,3.653885500000000093e+02
3.232961669309950707e+02,3.653885500000000093e+02
3.233493241342487181e+02,3.653885500000000093e+02
3.237670391841403443e+02,3.653885500000000093e+02
3.234557602748092222e+02,3.653885500000000093e+02
3.242379114372855611e+02,3.653885500000000093e+02
3.242914278108314647e+02,3.653885500000000093e+02
3.247087836904308347e+02,3.653885500000000093e+02
3.236691207951070055e+02,3.653885500000000093e+02
3.251796559435761083e+02,3.653885500000000093e+02
3.252335314874142114e+02,3.653885500000000093e+02
3.256505281967213250e+02,3.653885500000000093e+02
3.253414059541985353e+02,3.653885500000000093e+02
3.261214004498665986e+02,3.653885500000000093e+02
3.261756351639969580e+02,3.653885500000000093e+02
3.265922727030118722e+02,3.653885500000000093e+02
4.616746200000000044e+02,2.194543500000000051e+02
3.270631449561570889e+02,3.653885500000000093e+02
3.271177388405797046e+02,3.653885500000000093e+02
3.275340172093023625e+02,3.653885500000000093e+02
3.272270516335878483e+02,3.653885500000000093e+02
3.280048894624476361e+02,3.653885500000000093e+02
3.280598425171624513e+02,3.653885500000000093e+02
3.284757617155928529e+02,3.653885500000000093e+02
3.274461786544342772e+02,3.653885500000000093e+02
3.289466339687380696e+02,3.653885500000000093e+02
3.290019461937452547e+02,3.653885500000000093e+02
3.294175062218834000e+02,3.653885500000000093e+02
3.291126973129771613e+02,3.653885500000000093e+02
3.298883784750286168e+02,3.653885500000000093e+02
3.299440498703280582e+02,3.653885500000000093e+02
3.303592507281738335e+02,3.653885500000000093e+02
3.278864492024540027e+02,3.653885500000000093e+02
3.308301229813191640e+02,3.653885500000000093e+02
3.308861535469108048e+02,3.653885500000000093e+02
3.313009952344643807e+02,3.653885500000000093e+02
3.309983429923664744e+02,3.653885500000000093e+02
3.317718674876095974e+02,3.653885500000000093e+02
3.318282572234935515e+02,3.653885500000000093e+02
3.322427397407549279e+02,3.653885500000000093e+02
3.312232365137614920e+02,3.653885500000000093e+02
3.327136119939001446e+02,3.653885500000000093e+02
3.327703609000762981e+02,3.653885500000000093e+02
3.331844842470453614e+02,3.653885500000000093e+02
3.328839886717557874e+02,3.653885500000000093e+02
3.336553565001906350e+02,3.653885500000000093e+02
3.337124645766590447e+02,3.653885500000000093e+02
3.341262287533359086e+02,3.653885500000000093e+02
4.425117799999999875e+02,2.464644800000000089e+02
3.345971010064811253e+02,3.653885500000000093e+02
3.346545682532417914e+02,3.653885500000000093e+02
3.350679732596263989e+02,3.653885500000000093e+02
3.347696343511451005e+02,3.653885500000000093e+02
3.355388455127716725e+02,3.653885500000000093e+02
3.355966719298245948e+02,3.653885500000000093e+02
3.360097177659168892e+02,3.653885500000000093e+02
3.350002943730887068e+02,3.653885500000000093e+02
3.364805900190621628e+02,3.653885500000000093e+02
3.365387756064073415e+02,3.653885500000000093e+02
3.369514622722074364e+02,3.653885500000000093e+02
3.366552800305344135e+02,3.653885500000000093e+02
3.374223345253526531e+02,3.653885500000000093e+02
3.374808792829901449e+02,3.653885500000000093e+02
3.378932067784979267e+02,3.653885500000000093e+02
3.354637370552147217e+02,3.653885500000000093e+02
3.383640790316432003e+02,3.653885500000000093e+02
3.384229829595728916e+02,3.653885500000000093e+02
3.388349512847884171e+02,3.653885500000000093e+02
3.385409257099237266e+02,3.653885500000000093e+02
3.393058235379336907e+02,3.653885500000000093e+02
3.393650866361556382e+02,3.653885500000000093e+02
3.397766957910789642e+02,3.653885500000000093e+02
3.387773522324159217e+02,3.653885500000000093e+02
3.402475680442241810e+02,3.653885500000000093e+02
3.403071903127383848e+02,3.653885500000000093e+02
3.407184402973694546e+02,3.653885500000000093e+02
3.404265713893130396e+02,3.653885500000000093e+02
3.411893125505147282e+02,3.653885500000000093e+02
3.412492939893211314e+02,3.653885500000000093e+02
3.416601848036599449e+02,3.653885500000000093e+02
4.135869799999999827e+02,2.847970000000000255e+02
3.421310570568052185e+02,3.653885500000000093e+02
3.421913976659038781e+02,3.653885500000000093e+02
3.426019293099504921e+02,3.653885500000000093e+02
3.423122170687023527e+02,3.653885500000000093e+02
3.430728015630957088e+02,3.653885500000000093e+02
3.431335013424866816e+02,3.653885500000000093e+02
3.435436738162409824e+02,3.653885500000000093e+02
3.425544100917431365e+02,3.653885500000000093e+02
3.440145460693862560e+02,3.618609599999999773e+02
3.440756050190694282e+02,3.618609599999999773e+02
3.444854183225314728e+02,3.618609599999999773e+02
3.441978627480916657e+02,3.618609599999999773e+02
3.449562905756767464e+02,3.618609599999999773e+02
3.450177086956522317e+02,3.618609599999999773e+02
3.454271628288220199e+02,3.618609599999999773e+02
3.430410249079754976e+02,3.653885500000000093e+02
3.458980350819672367e+02,3.618609599999999773e+02
3.459598123722349783e+02,3.618609599999999773e+02
3.463689073351124534e+02,3.618609599999999773e+02
3.460835084274809788e+02,3.618609599999999773e+02
3.468397795882577839e+02,3.618609599999999773e+02
3.469019160488177249e+02,3.618609599999999773e+02
3.473106518414030006e+02,3.618609599999999773e+02
3.463314679510703513e+02,3.618609599999999773e+02
3.477815240945482174e+02,3.664300499999999943e+02
3.478440197254004715e+02,3.664300499999999943e+02
3.482523963476935478e+02,3.664300499999999943e+02
3.479691541068702918e+02,3.664300499999999943e+02
3.487232686008387645e+02,3.664300499999999943e+02
3.487861234019832182e+02,3.664300499999999943e+02
3.491941408539839813e+02,3.664300499999999943e+02
3.828020300000000020e+02,3.195506599999999935e+02
3.496650131071292549e+02,1.648072500000000105e+02
3.497282270785659648e+02,1.648072500000000105e+02
3.501358853602745285e+02,1.648072500000000105e+02
3.498547997862596048e+02,1.648072500000000105e+02
3.506067576134197452e+02,1.648072500000000105e+02
3.506703307551487683e+02,1.648072500000000105e+02
3.510776298665650188e+02,1.648072500000000105e+02
3.501085258103975661e+02,1.648072500000000105e+02
3.515485021197102924e+02,1.648072500000000105e+02
3.516124344317315149e+02,1.648072500000000105e+02
3.520193743728555091e+02,1.648072500000000105e+02
3.517404454656489179e+02,1.648072500000000105e+02
3.524902466260007827e+02,1.648072500000000105e+02
3.525545381083143184e+02,1.648072500000000105e+02
3.529611188791460563e+02,1.648072500000000105e+02
3.506183127607362167e+02,1.648072500000000105e+02
3.534319911322912731e+02,1.648072500000000105e+02
3.534966417848970650e+02,1.648072500000000105e+02
3.539028633854365467e+02,1.648072500000000105e+02
3.536260911450382309e+02,1.648072500000000105e+02
3.543737356385818202e+02,1.648072500000000105e+02
3.544387454614798116e+02,1.648072500000000105e+02
3.548446078917270370e+02,1.648072500000000105e+02
3.538855836697247810e+02,1.648072500000000105e+02
3.553154801448723106e+02,1.648072500000000105e+02
3.553808491380625583e+02,1.648072500000000105e+02
3.557863523980175842e+02,1.648072500000000105e+02
3.555117368244275440e+02,1.648072500000000105e+02
3.562572246511628009e+02,1.648072500000000105e+02
3.563229528146453049e+02,1.648072500000000105e+02
3.567280969043080745e+02,1.648072500000000105e+02
3.591914400000000001e+02,3.462669700000000148e+02
3.571989691574533481e+02,5.795278299999999945e+02
3.572650564912281084e+02,5.795278299999999945e+02
3.576698414105985648e+02,5.795278299999999945e+02
3.573973825038168570e+02,5.795278299999999945e+02
3.581407136637438384e+02,5.795278299999999945e+02
3.582071601678108550e+02,5.795278299999999945e+02
3.586115859168891120e+02,5.795278299999999945e+02
3.576626415290519958e+02,5.795278299999999945e+02
3.590824581700343288e+02,3.462669700000000148e+02
3.591492638443936585e+02,3.462669700000000148e+02
3.595533304231796023e+02,3.462669700000000148e+02
3.592830281832061701e+02,3.462669700000000148e+02
3.600242026763248759e+02,3.462669700000000148e+02
3.600913675209764051e+02,3.462669700000000148e+02
3.604950749294700927e+02,3.462669700000000148e+02
3.581956006134969357e+02,5.795278299999999945e+02
3.609659471826153663e+02,5.877632999999999583e+02
3.610334711975591517e+02,5.877632999999999583e+02
3.614368194357606399e+02,5.877632999999999583e+02
3.611686738625954831e+02,5.877632999999999583e+02
3.619076916889058566e+02,5.877632999999999583e+02
3.619755748741418984e+02,5.877632999999999583e+02
3.623785639420511302e+02,5.877632999999999583e+02
3.614396993883792106e+02,5.877632999999999583e+02
3.628494361951964038e+02,5.877632999999999583e+02
3.629176785507246450e+02,5.877632999999999583e+02
3.633203084483416205e+02,5.877632999999999583e+02
3.630543195419847962e+02,5.877632999999999583e+02
3.637911807014868373e+02,5.516368400000000065e+02
3.638597822273073916e+02,5.516368400000000065e+02
3.642620529546321677e+02,5.516368400000000065e+02
3.443006599999999935e+02,3.618609599999999773e+02
3.647329252077773845e+02,5.516368400000000065e+02
3.648018859038901951e+02,5.516368400000000065e+02
3.652037974609226012e+02,5.516368400000000065e+02
3.649399652213741092e+02,5.516368400000000065e+02
3.656746697140679316e+02,5.516368400000000065e+02
3.657439895804729417e+02,5.516368400000000065e+02
3.661455419672131484e+02,5.516368400000000065e+02
3.652167572477064255e+02,5.516368400000000065e+02
3.666164142203583651e+02,5.516368400000000065e+02
3.666860932570557452e+02,5.516368400000000065e+02
3.670872864735036387e+02,5.516368400000000065e+02
3.668256109007634223e+02,5.516368400000000065e+02
3.675581587266489123e+02,5.516368400000000065e+02
3.676281969336384918e+02,5.516368400000000065e+02
3.680290309797941291e+02,5.516368400000000065e+02
3.657728884662576547e+02,5.516368400000000065e+02
3.684999032329394026e+02,3.433048000000000002e+02
3.685703006102212385e+02,3.433048000000000002e+02
3.689707754860846762e+02,3.433048000000000002e+02
3.687112565801527353e+02,3.433048000000000002e+02
3.694416477392298930e+02,3.433048000000000002e+02
3.695124042868039851e+02,3.433048000000000002e+02
3.699125199923751666e+02,3.433048000000000002e+02
3.689938151070336971e+02,3.433048000000000002e+02
3.703833922455204402e+02,3.072984599999999773e+02
3.704545079633867317e+02,3.072984599999999773e+02
3.708542644986656569e+02,3.072984599999999773e+02
3.705969022595420483e+02,3.072984599999999773e+02
3.713251367518109305e+02,3.899780299999999897e+02
3.713966116399694783e+02,3.899780299999999897e+02
3.717960090049562041e+02,3.899780299999999897e+02
3.418665799999999990e+02,3.653885500000000093e+02
3.722668812581014208e+02,3.899780299999999897e+02
3.723387153165522818e+02,3.899780299999999897e+02
3.727377535112466944e+02,3.899780299999999897e+02
3.724825479389313614e+02,3.899780299999999897e+02
3.732086257643919680e+02,3.899780299999999897e+02
3.732808189931350284e+02,3.899780299999999897e+02
3.736794980175371848e+02,3.899780299999999897e+02
3.727708729663609120e+02,3.899780299999999897e+02
3.741503702706824583e+02,3.899780299999999897e+02
3.742229226697178319e+02,3.899780299999999897e+02
3.746212425238277319e+02,3.899780299999999897e+02
3.743681936183206744e+02,3.899780299999999897e+02
3.750921147769729487e+02,5.925080600000000004e+02
3.751650263463005786e+02,5.925080600000000004e+02
3.755629870301182223e+02,5.925080600000000004e+02
3.733501763190184306e+02,3.899780299999999897e+02
3.760338592832634959e+02,4.422857700000000136e+02
3.761071300228833252e+02,4.422857700000000136e+02
3.765047315364087126e+02,4.422857700000000136e+02
3.762538392977099875e+02,4.422857700000000136e+02
3.769756037895539862e+02,4.422857700000000136e+02
3.770492336994660718e+02,4.422857700000000136e+02
3.774464760426992598e+02,4.422857700000000136e+02
3.765479308256881268e+02,4.422857700000000136e+02
3.779173482958444765e+02,4.422857700000000136e+02
3.779913373760488184e+02,4.422857700000000136e+02
3.783882205489897501e+02,4.422857700000000136e+02
3.781394849770993005e+02,4.422857700000000136e+02
3.788590928021350237e+02,4.422857700000000136e+02
3.789334410526316219e+02,4.422857700000000136e+02
3.793299650552802404e+02,4.422857700000000136e+02
3.495183700000000044e+02,3.664300499999999943e+02
3.798008373084255140e+02,3.195506599999999935e+02
3.798755447292143685e+02,3.195506599999999935e+02
3.802717095615707876e+02,3.195506599999999935e+02
3.800251306564886136e+02,3.195506599999999935e+02
3.807425818147160044e+02,3.195506599999999935e+02
3.808176484057971720e+02,3.195506599999999935e+02
3.812134540678612211e+02,3.195506599999999935e+02
3.803249886850153416e+02,3.195506599999999935e+02
3.816843263210065516e+02,3.195506599999999935e+02
3.817597520823799186e+02,3.195506599999999935e+02
3.821551985741517683e+02,3.195506599999999935e+02
3.819107763358779266e+02,3.195506599999999935e+02
3.826260708272969850e+02,3.195506599999999935e+02
3.827018557589626653e+02,3.195506599999999935e+02
3.830969430804423155e+02,3.195506599999999935e+02
3.809274641717791496e+02,3.195506599999999935e+02
3.835678153335875322e+02,4.878952600000000075e+02
3.836439594355454119e+02,4.878952600000000075e+02
3.840386875867327490e+02,4.878952600000000075e+02
3.837964220152672397e+02,4.878952600000000075e+02
3.845095598398780226e+02,4.878952600000000075e+02
3.845860631121281585e+02,4.878952600000000075e+02
3.849804320930232961e+02,4.878952600000000075e+02
3.841020465443425564e+02,4.878952600000000075e+02
3.854513043461685129e+02,4.878952600000000075e+02
3.855281667887109052e+02,4.878952600000000075e+02
3.859221765993137865e+02,4.878952600000000075e+02
3.856820676946565527e+02,4.878952600000000075e+02
3.863930488524590601e+02,4.878952600000000075e+02
3.864702704652937086e+02,4.878952600000000075e+02
3.868639211056042768e+02,4.878952600000000075e+02
3.943217500000000086e+02,3.601013199999999870e+02
3.873347933587495504e+02,4.878952600000000075e+02
3.874123741418764553e+02,4.878952600000000075e+02
3.878056656118948240e+02,4.878952600000000075e+02
3.875677133740458657e+02,4.878952600000000075e+02
3.882765378650400407e+02,4.878952600000000075e+02
3.883544778184592587e+02,4.878952600000000075e+02
3.887474101181853143e+02,4.878952600000000075e+02
3.878791044036697713e+02,4.878952600000000075e+02
3.892182823713305879e+02,4.878952600000000075e+02
3.892965814950420054e+02,4.878952600000000075e+02
3.896891546244758047e+02,4.878952600000000075e+02
3.894533590534351788e+02,4.878952600000000075e+02
3.901600268776210783e+02,4.878952600000000075e+02
3.902386851716247520e+02,4.878952600000000075e+02
3.906308991307663518e+02,4.878952600000000075e+02
3.885047520245399255e+02,4.878952600000000075e+02
3.911017713839115686e+02,5.226557599999999866e+02
3.911807888482074986e+02,5.226557599999999866e+02
3.915726436370568422e+02,5.226557599999999866e+02
3.913390047328244918e+02,5.226557599999999866e+02
3.920435158902021158e+02,5.226557599999999866e+02
3.921228925247902453e+02,5.226557599999999866e+02
3.925143881433473325e+02,5.226557599999999866e+02
3.916561622629969861e+02,5.226557599999999866e+02
3.929852603964926061e+02,5.226557599999999866e+02
3.930649962013729919e+02,5.226557599999999866e+02
3.934561326496378797e+02,5.226557599999999866e+02
3.932246504122138049e+02,5.226557599999999866e+02
3.939270049027830964e+02,5.226557599999999866e+02
3.940070998779557954e+02,5.226557599999999866e+02
3.943978771559283700e+02,3.601013199999999870e+02
4.577223999999999933e+02,3.561661399999999844e+02
3.948687494090736436e+02,3.601013199999999870e+02
3.949492035545385420e+02,3.601013199999999870e+02
3.953396216622188604e+02,3.601013199999999870e+02
3.951102960916031179e+02,3.601013199999999870e+02
3.958104939153641340e+02,3.601013199999999870e+02
3.958913072311213455e+02,3.601013199999999870e+02
3.962813661685094075e+02,3.601013199999999870e+02
3.954332201223242009e+02,3.601013199999999870e+02
3.967522384216546243e+02,3.601013199999999870e+02
3.968334109077040921e+02,3.601013199999999870e+02
3.972231106747998410e+02,3.601013199999999870e+02
3.969959417709924310e+02,3.601013199999999870e+02
3.976939829279451715e+02,3.601013199999999870e+02
3.977755145842868387e+02,3.601013199999999870e+02
3.981648551810903882e+02,3.601013199999999870e+02
3.960820398773006445e+02,3.601013199999999870e+02
3.986357274342356050e+02,3.601013199999999870e+02
3.987176182608695854e+02,3.601013199999999870e+02
3.991065996873809354e+02,3.601013199999999870e+02
3.988815874503817440e+02,3.601013199999999870e+02
3.995774719405261521e+02,3.601013199999999870e+02
3.996597219374523320e+02,3.601013199999999870e+02
4.000483441936713689e+02,3.601013199999999870e+02
3.992102779816514158e+02,3.601013199999999870e+02
4.005192164468166993e+02,3.601013199999999870e+02
4.006018256140350786e+02,3.601013199999999870e+02
4.009900886999619161e+02,3.601013199999999870e+02
4.007672331297710571e+02,3.601013199999999870e+02
4.014609609531071328e+02,3.601013199999999870e+02
4.015439292906178821e+02,3.601013199999999870e+02
4.019318332062524064e+02,3.601013199999999870e+02
5.303020599999999831e+02,3.594053999999999860e+02
4.024027054593976800e+02,5.574708000000000538e+02
4.024860329672006856e+02,5.574708000000000538e+02
4.028735777125428967e+02,5.574708000000000538e+02
4.026528788091603701e+02,5.574708000000000538e+02
4.033444499656881703e+02,5.574708000000000538e+02
4.034281366437834322e+02,5.574708000000000538e+02
4.038153222188334439e+02,5.574708000000000538e+02
4.029873358409786306e+02,5.574708000000000538e+02
4.042861944719786607e+02,5.574708000000000538e+02
4.043702403203661788e+02,5.574708000000000538e+02
4.047570667251239342e+02,5.928045700000000124e+02
4.045385244885496832e+02,5.574708000000000538e+02
4.052279389782692078e+02,5.928045700000000124e+02
4.053123439969489255e+02,5.928045700000000124e+02
4.056988112314144246e+02,5.928045700000000124e+02
4.036593277300613636e+02,5.574708000000000538e+02
4.061696834845596982e+02,5.928045700000000124e+02
4.062544476735316721e+02,5.928045700000000124e+02
4.066405557377049718e+02,5.928045700000000124e+02
4.064241701679389962e+02,5.928045700000000124e+02
4.071114279908501885e+02,5.928045700000000124e+02
4.071965513501144187e+02,5.928045700000000124e+02
4.075823002439954621e+02,5.928045700000000124e+02
4.067643937003058454e+02,5.928045700000000124e+02
4.080531724971407357e+02,5.702953999999999724e+02
4.081386550266972222e+02,5.702953999999999724e+02
4.085240447502859524e+02,5.702953999999999724e+02
4.083098158473283092e+02,5.702953999999999724e+02
4.089949170034312260e+02,5.702953999999999724e+02
4.090807587032799688e+02,5.702953999999999724e+02
4.094657892565764996e+02,5.702953999999999724e+02
5.885174600000000282e+02,3.764714399999999728e+02
4.099366615097217164e+02,1.550644499999999937e+02
4.100228623798627723e+02,1.550644499999999937e+02
4.104075337628669899e+02,1.550644499999999937e+02
4.101954615267176223e+02,1.550644499999999937e+02
4.108784060160122635e+02,1.550644499999999937e+02
4.109649660564455189e+02,1.550644499999999937e+02
4.113492782691574803e+02,1.550644499999999937e+02
4.105414515596330602e+02,1.550644499999999937e+02
4.118201505223027539e+02,1.550644499999999937e+02
4.119070697330282655e+02,1.550644499999999937e+02
4.122910227754480275e+02,1.550644499999999937e+02
4.120811072061069353e+02,1.550644499999999937e+02
4.127618950285932442e+02,2.847970000000000255e+02
4.128491734096110122e+02,2.847970000000000255e+02
4.132327672817385178e+02,2.847970000000000255e+02
4.112366155828220826e+02,1.550644499999999937e+02
4.137036395348837914e+02,2.847970000000000255e+02
4.137912770861937588e+02,2.847970000000000255e+02
4.141745117880290081e+02,2.847970000000000255e+02
4.139667528854962484e+02,2.847970000000000255e+02
4.146453840411742249e+02,2.847970000000000255e+02
4.147333807627765054e+02,2.847970000000000255e+02
4.151162562943195553e+02,2.847970000000000255e+02
4.143185094189602751e+02,2.847970000000000255e+02
4.155871285474647721e+02,2.847970000000000255e+02
4.156754844393593089e+02,2.847970000000000255e+02
4.160580008006099888e+02,2.847970000000000255e+02
4.158523985648855614e+02,2.847970000000000255e+02
4.165288730537553192e+02,2.847970000000000255e+02
4.166175881159420555e+02,2.847970000000000255e+02
4.169997453069005360e+02,2.847970000000000255e+02
6.264888300000000072e+02,4.006841999999999757e+02
4.174706175600457527e+02,2.847970000000000255e+02
4.175596917925248590e+02,2.847970000000000255e+02
4.179414898131910832e+02,2.847970000000000255e+02
4.177380442442748745e+02,2.847970000000000255e+02
4.184123620663362999e+02,2.847970000000000255e+02
4.185017954691076056e+02,2.847970000000000255e+02
4.188832343194815166e+02,2.847970000000000255e+02
4.180955672782874899e+02,2.847970000000000255e+02
4.193541065726267902e+02,2.847970000000000255e+02
4.194438991456903523e+02,2.847970000000000255e+02
4.198249788257720638e+02,2.847970000000000255e+02
4.196236899236641875e+02,2.847970000000000255e+02
4.202958510789172806e+02,2.847970000000000255e+02
4.203860028222730989e+02,2.847970000000000255e+02
4.207667233320625542e+02,2.847970000000000255e+02
4.188139034355828016e+02,2.847970000000000255e+02
4.212375955852078278e+02,2.847970000000000255e+02
4.213281064988558455e+02,2.847970000000000255e+02
4.217084678383530445e+02,2.847970000000000255e+02
4.215093356030535006e+02,2.847970000000000255e+02
4.221793400914983181e+02,2.847970000000000255e+02
4.222702101754385922e+02,2.847970000000000255e+02
4.226502123446435917e+02,2.847970000000000255e+02
4.218726251376147047e+02,2.847970000000000255e+02
4.231210845977888084e+02,2.847970000000000255e+02
4.232123138520213956e+02,2.847970000000000255e+02
4.235919568509340820e+02,2.847970000000000255e+02
4.233949812824428136e+02,2.847970000000000255e+02
4.240628291040793556e+02,2.847970000000000255e+02
4.241544175286041423e+02,2.847970000000000255e+02
4.245337013572245723e+02,2.847970000000000255e+02
6.522461499999999432e+02,4.368681599999999889e+02
4.250045736103698459e+02,2.847970000000000255e+02
4.250965212051869457e+02,2.847970000000000255e+02
4.254754458635151195e+02,2.847970000000000255e+02
4.252806269618321267e+02,2.847970000000000255e+02
4.259463181166603363e+02,2.847970000000000255e+02
4.260386248817696924e+02,2.847970000000000255e+02
4.264171903698056099e+02,2.847970000000000255e+02
4.256496829969419196e+02,2.847970000000000255e+02
4.268880626229508835e+02,2.847970000000000255e+02
4.269807285583524390e+02,2.847970000000000255e+02
4.273589348760961002e+02,2.847970000000000255e+02
4.271662726412214397e+02,2.847970000000000255e+02
4.278298071292413738e+02,2.847970000000000255e+02
4.279228322349351856e+02,2.847970000000000255e+02
4.283006793823866474e+02,2.847970000000000255e+02
4.263911912883435775e+02,2.847970000000000255e+02
4.287715516355318641e+02,2.847970000000000255e+02
4.288649359115179323e+02,2.847970000000000255e+02
4.292424238886771377e+02,2.847970000000000255e+02
4.290519183206107527e+02,2.847970000000000255e+02
4.297132961418224113e+02,2.847970000000000255e+02
4.298070395881007357e+02,2.847970000000000255e+02
4.301841683949676280e+02,2.847970000000000255e+02
4.294267408562691344e+02,2.847970000000000255e+02
4.306550406481129016e+02,2.847970000000000255e+02
4.307491432646834824e+02,2.847970000000000255e+02
4.311259129012581752e+02,2.847970000000000255e+02
4.309375640000000658e+02,2.847970000000000255e+02
4.315967851544033920e+02,2.847970000000000255e+02
4.316912469412662858e+02,2.847970000000000255e+02
4.320676574075486087e+02,2.847970000000000255e+02
6.539510000000000218e+02,4.723466799999999921e+02
4.325385296606939391e+02,2.464644800000000089e+02
4.326333506178490325e+02,2.464644800000000089e+02
4.330094019138391559e+02,2.464644800000000089e+02
4.328232096793893788e+02,2.464644800000000089e+02
4.334802741669843726e+02,2.464644800000000089e+02
4.335754542944317791e+02,2.464644800000000089e+02
4.339511464201297031e+02,2.464644800000000089e+02
4.332037987155963492e+02,2.464644800000000089e+02
4.344220186732749198e+02,2.464644800000000089e+02
4.345175579710145257e+02,2.464644800000000089e+02
4.348928909264201366e+02,2.464644800000000089e+02
4.347088553587786919e+02,2.464644800000000089e+02
4.353637631795654670e+02,2.464644800000000089e+02
4.354596616475972723e+02,2.464644800000000089e+02
4.358346354327106837e+02,2.464644800000000089e+02
4.339684791411043534e+02,2.464644800000000089e+02
4.363055076858559005e+02,2.464644800000000089e+02
4.364017653241800190e+02,2.464644800000000089e+02
4.367763799390011741e+02,2.464644800000000089e+02
4.365945010381680049e+02,2.464644800000000089e+02
4.372472521921464477e+02,2.464644800000000089e+02
4.373438690007628225e+02,2.464644800000000089e+02
4.377181244452916644e+02,2.464644800000000089e+02
4.369808565749235640e+02,2.464644800000000089e+02
4.381889966984369380e+02,2.464644800000000089e+02
4.382859726773455691e+02,2.464644800000000089e+02
4.386598689515822116e+02,2.464644800000000089e+02
4.384801467175573180e+02,2.464644800000000089e+02
4.391307412047274283e+02,2.464644800000000089e+02
4.392280763539283726e+02,2.464644800000000089e+02
4.396016134578727019e+02,2.464644800000000089e+02
6.406135000000000446e+02,4.976360000000000241e+02
4.400724857110179755e+02,2.464644800000000089e+02
4.401701800305111192e+02,2.464644800000000089e+02
4.405433579641631923e+02,2.464644800000000089e+02
4.403657923969466310e+02,2.464644800000000089e+02
4.410142302173084659e+02,2.464644800000000089e+02
4.411122837070938658e+02,2.464644800000000089e+02
4.414851024704537394e+02,2.464644800000000089e+02
4.407579144342507789e+02,2.464644800000000089e+02
4.419559747235989562e+02,2.464644800000000089e+02
4.420543873836766124e+02,2.464644800000000089e+02
4.424268469767442298e+02,2.464644800000000089e+02
4.422514380763359441e+02,2.464644800000000089e+02
4.428977192298895034e+02,2.464644800000000089e+02
4.429964910602593591e+02,2.464644800000000089e+02
4.433685914830347201e+02,2.464644800000000089e+02
4.415457669938650724e+02,2.464644800000000089e+02
4.438394637361799937e+02,1.594211400000000083e+02
4.439385947368421625e+02,1.594211400000000083e+02
4.443103359893252673e+02,1.594211400000000083e+02
4.441370837557252571e+02,1.594211400000000083e+02
4.447812082424704840e+02,1.594211400000000083e+02
4.448806984134249092e+02,1.594211400000000083e+02
4.452520804956157576e+02,1.594211400000000083e+02
4.445349722935779937e+02,1.594211400000000083e+02
4.457229527487610312e+02,1.594211400000000083e+02
4.458228020900076558e+02,1.594211400000000083e+02
4.461938250019062480e+02,1.594211400000000083e+02
4.460227294351145702e+02,1.594211400000000083e+02
4.466646972550515216e+02,1.594211400000000083e+02
4.467649057665904024e+02,1.594211400000000083e+02
4.471355695081967383e+02,1.594211400000000083e+02
5.866816000000000031e+02,5.354912000000000489e+02
4.476064417613420119e+02,5.836779999999999973e+02
4.477070094431732059e+02,5.836779999999999973e+02
4.480773140144872855e+02,5.836779999999999973e+02
4.479083751145038832e+02,5.836779999999999973e+02
4.485481862676325022e+02,5.836779999999999973e+02
4.486491131197559525e+02,5.836779999999999973e+02
4.490190585207777758e+02,5.836779999999999973e+02
4.483120301529052085e+02,5.836779999999999973e+02
4.494899307739230494e+02,5.836779999999999973e+02
4.495912167963386992e+02,5.836779999999999973e+02
4.499608030270682661e+02,5.836779999999999973e+02
4.497940207938931962e+02,5.836779999999999973e+02
4.504316752802135397e+02,5.836779999999999973e+02
4.505333204729215026e+02,5.836779999999999973e+02
4.509025475333588133e+02,5.836779999999999973e+02
4.491230548466257915e+02,5.836779999999999973e+02
4.513734197865040301e+02,5.836779999999999973e+02
4.514754241495042493e+02,5.836779999999999973e+02
4.518442920396493037e+02,5.836779999999999973e+02
4.516796664732825093e+02,5.836779999999999973e+02
4.523151642927945772e+02,5.836779999999999973e+02
4.524175278260869959e+02,5.836779999999999973e+02
4.527860365459397940e+02,5.836779999999999973e+02
4.520890880122324234e+02,5.836779999999999973e+02
4.532569087990850676e+02,5.836779999999999973e+02
4.533596315026697425e+02,5.836779999999999973e+02
4.537277810522303412e+02,5.836779999999999973e+02
4.535653121526718223e+02,5.836779999999999973e+02
4.541986533053755579e+02,5.836779999999999973e+02
4.543017351792525460e+02,5.836779999999999973e+02
4.546695255585208315e+02,5.836779999999999973e+02
5.199717000000000553e+02,5.630619000000000369e+02
4.551403978116661051e+02,3.561661399999999844e+02
4.552438388558352926e+02,3.561661399999999844e+02
4.556112700648113218e+02,3.561661399999999844e+02
4.554509578320611354e+02,3.561661399999999844e+02
4.560821423179565954e+02,3.561661399999999844e+02
4.561859425324180393e+02,3.561661399999999844e+02
4.565530145711018122e+02,3.561661399999999844e+02
4.558661458715596382e+02,3.561661399999999844e+02
4.570238868242470858e+02,3.561661399999999844e+02
4.571280462090007859e+02,3.561661399999999844e+02
4.574947590773923594e+02,3.561661399999999844e+02
4.573366035114504484e+02,3.561661399999999844e+02
4.579656313305375761e+02,3.561661399999999844e+02
4.580701498855835894e+02,3.561661399999999844e+02
4.584365035836828497e+02,3.561661399999999844e+02
4.567003426993865105e+02,3.561661399999999844e+02
4.589073758368281233e+02,3.561661399999999844e+02
4.590122535621663360e+02,3.561661399999999844e+02
4.593782480899733400e+02,3.561661399999999844e+02
4.592222491908397615e+02,3.561661399999999844e+02
4.598491203431186136e+02,3.561661399999999844e+02
4.599543572387490826e+02,3.561661399999999844e+02
4.603199925962638872e+02,3.561661399999999844e+02
4.596432037308868530e+02,3.561661399999999844e+02
4.607908648494091040e+02,2.194543500000000051e+02
4.608964609153318293e+02,2.194543500000000051e+02
4.612617371025543775e+02,2.194543500000000051e+02
4.611078948702290745e+02,2.194543500000000051e+02
4.617326093556996511e+02,2.194543500000000051e+02
4.618385645919146327e+02,2.194543500000000051e+02
4.622034816088448679e+02,2.194543500000000051e+02
4.513015700000000265e+02,5.836779999999999973e+02
4.626743538619901415e+02,1.687031299999999874e+02
4.627806682684973794e+02,1.687031299999999874e+02
4.631452261151354151e+02,1.687031299999999874e+02
4.629935405496183876e+02,1.687031299999999874e+02
4.636160983682806318e+02,1.687031299999999874e+02
4.637227719450801260e+02,1.687031299999999874e+02
4.640869706214259054e+02,1.687031299999999874e+02
4.634202615902140678e+02,1.687031299999999874e+02
4.645578428745711221e+02,1.687031299999999874e+02
4.646648756216628726e+02,1.687031299999999874e+02
4.650287151277163957e+02,1.687031299999999874e+02
4.648791862290077006e+02,1.687031299999999874e+02
4.654995873808616693e+02,1.687031299999999874e+02
4.656069792982456761e+02,1.687031299999999874e+02
4.659704596340068861e+02,1.687031299999999874e+02
4.642776305521472864e+02,1.687031299999999874e+02
4.664413318871521597e+02,1.687031299999999874e+02
4.665490829748284227e+02,1.687031299999999874e+02
4.669122041402974332e+02,1.687031299999999874e+02
4.667648319083970136e+02,1.687031299999999874e+02
4.673830763934426500e+02,1.687031299999999874e+02
4.674911866514111694e+02,1.687031299999999874e+02
4.678539486465879236e+02,1.687031299999999874e+02
4.671973194495413395e+02,1.687031299999999874e+02
4.683248208997331972e+02,1.687031299999999874e+02
4.684332903279939160e+02,1.687031299999999874e+02
4.687956931528784139e+02,1.687031299999999874e+02
4.686504775877863267e+02,1.687031299999999874e+02
4.692665654060236875e+02,1.687031299999999874e+02
4.693753940045767195e+02,1.687031299999999874e+02
4.697374376591689611e+02,1.687031299999999874e+02
4.048433499999999867e+02,5.928045700000000124e+02
4.702083099123141778e+02,1.848254399999999862e+02
4.703174976811594661e+02,1.848254399999999862e+02
4.706791821654594514e+02,1.848254399999999862e+02
4.705361232671756397e+02,1.848254399999999862e+02
4.711500544186047250e+02,1.848254399999999862e+02
4.712596013577422127e+02,1.848254399999999862e+02
4.716209266717499418e+02,1.848254399999999862e+02
4.709743773088685543e+02,1.848254399999999862e+02
4.720917989248952154e+02,1.848254399999999862e+02
4.722017050343249593e+02,1.848254399999999862e+02
4.725626711780404321e+02,1.848254399999999862e+02
4.724217689465649528e+02,1.848254399999999862e+02
4.730335434311857057e+02,1.848254399999999862e+02
4.731438087109077628e+02,1.848254399999999862e+02
4.735044156843309793e+02,1.848254399999999862e+02
4.718549184049080054e+02,1.848254399999999862e+02
4.739752879374761960e+02,1.848254399999999862e+02
4.740859123874905094e+02,1.848254399999999862e+02
4.744461601906214696e+02,1.848254399999999862e+02
4.743074146259542658e+02,1.848254399999999862e+02
4.749170324437667432e+02,1.848254399999999862e+02
4.750280160640732561e+02,1.848254399999999862e+02
4.753879046969119599e+02,1.848254399999999862e+02
4.747514351681957692e+02,1.848254399999999862e+02
4.758587769500572335e+02,1.848254399999999862e+02
4.759701197406560595e+02,1.848254399999999862e+02
4.763296492032025071e+02,1.848254399999999862e+02
4.761930603053435789e+02,1.848254399999999862e+02
4.768005214563477239e+02,1.848254399999999862e+02
4.769122234172388062e+02,1.848254399999999862e+02
4.772713937094929975e+02,1.848254399999999862e+02
3.756871300000000247e+02,5.925080600000000004e+02
4.777422659626382710e+02,1.848254399999999862e+02
4.778543270938215528e+02,1.848254399999999862e+02
4.782131382157834878e+02,1.848254399999999862e+02
4.780787059847328919e+02,1.848254399999999862e+02
4.786840104689287614e+02,1.848254399999999862e+02
4.787964307704042994e+02,1.848254399999999862e+02
4.791548827220740350e+02,1.848254399999999862e+02
4.785284930275229840e+02,1.848254399999999862e+02
4.796257549752192517e+02,1.848254399999999862e+02
4.797385344469871029e+02,1.848254399999999862e+02
4.800966272283645253e+02,1.848254399999999862e+02
4.799643516641222050e+02,1.848254399999999862e+02
4.805674994815097989e+02,1.848254399999999862e+02
4.806806381235698495e+02,1.848254399999999862e+02
4.810383717346550156e+02,1.848254399999999862e+02
4.794322062576687244e+02,1.848254399999999862e+02
4.815092439878002892e+02,1.848254399999999862e+02
4.816227418001525962e+02,1.848254399999999862e+02
4.819801162409455060e+02,1.848254399999999862e+02
4.818499973435115180e+02,1.848254399999999862e+02
4.824509884940907796e+02,1.848254399999999862e+02
4.825648454767353428e+02,1.848254399999999862e+02
4.829218607472360532e+02,1.848254399999999862e+02
4.823055508868501988e+02,1.848254399999999862e+02
4.833927330003812699e+02,1.848254399999999862e+02
4.835069491533181463e+02,1.848254399999999862e+02
4.838636052535265435e+02,1.848254399999999862e+02
4.837356430229008311e+02,1.848254399999999862e+02
4.843344775066718171e+02,1.848254399999999862e+02
4.844490528299008929e+02,1.848254399999999862e+02
4.848053497598170338e+02,1.848254399999999862e+02
3.632962299999999800e+02,5.877632999999999583e+02
4.852762220129623074e+02,1.848254399999999862e+02
4.853911565064836395e+02,1.848254399999999862e+02
4.857470942661075810e+02,1.848254399999999862e+02
4.856212887022901441e+02,1.848254399999999862e+02
4.862179665192527978e+02,1.848254399999999862e+02
4.863332601830663862e+02,1.848254399999999862e+02
4.866888387723980713e+02,1.848254399999999862e+02
4.860826087461774137e+02,1.848254399999999862e+02
4.871597110255433449e+02,1.848254399999999862e+02
4.872753638596491896e+02,1.848254399999999862e+02
4.876305832786885617e+02,1.848254399999999862e+02
4.875069343816794571e+02,1.848254399999999862e+02
4.881014555318338353e+02,1.848254399999999862e+02
4.882174675362319363e+02,1.848254399999999862e+02
4.885723277849791089e+02,1.848254399999999862e+02
4.870094941104294435e+02,1.848254399999999862e+02
4.890432000381243256e+02,1.848254399999999862e+02
4.891595712128146829e+02,1.848254399999999862e+02
4.895140722912695992e+02,1.848254399999999862e+02
4.893925800610687702e+02,1.848254399999999862e+02
4.899849445444148159e+02,1.848254399999999862e+02
4.901016748893974295e+02,1.848254399999999862e+02
4.904558167975600895e+02,1.848254399999999862e+02
4.898596666055046285e+02,1.848254399999999862e+02
4.909266890507053631e+02,1.848254399999999862e+02
4.910437785659802330e+02,1.848254399999999862e+02
4.913975613038505799e+02,1.848254399999999862e+02
4.912782257404580832e+02,1.848254399999999862e+02
4.918684335569958535e+02,1.848254399999999862e+02
4.919858822425629796e+02,1.848254399999999862e+02
4.923393058101411270e+02,1.848254399999999862e+02
3.585863299999999754e+02,5.795278299999999945e+02
4.928101780632863438e+02,1.848254399999999862e+02
4.929279859191457263e+02,1.848254399999999862e+02
4.932810503164316174e+02,1.848254399999999862e+02
4.931638714198473963e+02,1.848254399999999862e+02
4.937519225695768910e+02,1.848254399999999862e+02
4.938700895957284729e+02,1.848254399999999862e+02
4.942227948227221077e+02,1.848254399999999862e+02
4.936367244648318433e+02,1.848254399999999862e+02
4.946936670758673813e+02,1.848254399999999862e+02
4.948121932723112764e+02,1.848254399999999862e+02
4.951645393290126549e+02,1.848254399999999862e+02
4.950495170992367093e+02,1.848254399999999862e+02
4.956354115821578716e+02,1.848254399999999862e+02
4.957542969488940230e+02,1.848254399999999862e+02
4.961062838353031452e+02,1.848254399999999862e+02
4.945867819631902194e+02,1.848254399999999862e+02
4.965771560884484188e+02,1.848254399999999862e+02
4.966964006254767696e+02,1.848254399999999862e+02
4.970480283415936356e+02,1.848254399999999862e+02
4.969351627786260224e+02,1.848254399999999862e+02
4.975189005947389091e+02,1.848254399999999862e+02
4.976385043020595731e+02,1.848254399999999862e+02
4.979897728478841827e+02,1.848254399999999862e+02
4.974137823241590581e+02,1.848254399999999862e+02
4.984606451010293995e+02,1.848254399999999862e+02
4.985806079786423197e+02,1.848254399999999862e+02
4.989315173541746731e+02,1.848254399999999862e+02
4.988208084580153354e+02,1.848254399999999862e+02
4.994023896073198898e+02,1.848254399999999862e+02
4.995227116552250664e+02,1.848254399999999862e+02
4.998732618604651634e+02,1.848254399999999862e+02
3.638593999999999937e+02,5.516368400000000065e+02
5.003441341136104370e+02,5.630619000000000369e+02
5.004648153318078130e+02,5.630619000000000369e+02
5.008150063667556537e+02,5.630619000000000369e+02
5.007064541374046485e+02,5.630619000000000369e+02
5.012858786199009273e+02,5.630619000000000369e+02
5.014069190083906165e+02,5.630619000000000369e+02
5.017567508730462009e+02,5.630619000000000369e+02
5.011908401834862730e+02,5.630619000000000369e+02
5.022276231261914177e+02,5.630619000000000369e+02
5.023490226849733631e+02,5.630619000000000369e+02
5.026984953793366913e+02,5.630619000000000369e+02
5.025920998167939615e+02,5.630619000000000369e+02
5.031693676324819648e+02,5.630619000000000369e+02
5.032911263615561097e+02,5.630619000000000369e+02
5.036402398856271816e+02,5.630619000000000369e+02
5.021640698159509384e+02,5.630619000000000369e+02
5.041111121387724552e+02,5.630619000000000369e+02
5.042332300381388563e+02,5.630619000000000369e+02
5.045819843919177288e+02,5.630619000000000369e+02
5.044777454961832746e+02,5.630619000000000369e+02
5.050528566450629455e+02,5.630619000000000369e+02
5.051753337147216598e+02,5.630619000000000369e+02
5.055237288982082191e+02,5.630619000000000369e+02
5.049678980428134878e+02,5.630619000000000369e+02
5.059946011513534927e+02,5.630619000000000369e+02
5.061174373913044064e+02,5.630619000000000369e+02
5.064654734044987094e+02,5.630619000000000369e+02
5.063633911755725876e+02,5.630619000000000369e+02
5.069363456576439830e+02,5.630619000000000369e+02
5.070595410678871531e+02,5.630619000000000369e+02
5.074072179107891998e+02,5.630619000000000369e+02
3.638593999999999937e+02,5.516368400000000065e+02
5.078780901639344734e+02,5.630619000000000369e+02
5.080016447444698997e+02,5.630619000000000369e+02
5.083489624170797470e+02,5.630619000000000369e+02
5.082490368549619006e+02,5.630619000000000369e+02
5.088198346702249637e+02,5.630619000000000369e+02
5.089437484210527032e+02,5.630619000000000369e+02
5.092907069233702373e+02,5.630619000000000369e+02
5.087449559021407026e+02,5.630619000000000369e+02
5.097615791765155109e+02,5.630619000000000369e+02
5.098858520976354498e+02,5.630619000000000369e+02
5.102324514296607276e+02,5.630619000000000369e+02
5.101346825343512137e+02,5.630619000000000369e+02
5.107033236828060012e+02,5.630619000000000369e+02
5.108279557742181964e+02,5.630619000000000369e+02
5.111741959359512748e+02,5.630619000000000369e+02
5.097413576687116574e+02,5.630619000000000369e+02
5.116450681890964916e+02,5.630619000000000369e+02
5.117700594508009431e+02,5.630619000000000369e+02
5.121159404422417083e+02,5.630619000000000369e+02
5.120203282137405267e+02,5.630619000000000369e+02
5.125868126953870387e+02,5.630619000000000369e+02
5.127121631273837465e+02,5.630619000000000369e+02
5.130576849485322555e+02,5.630619000000000369e+02
5.125220137614678606e+02,5.630619000000000369e+02
5.135285572016775859e+02,5.630619000000000369e+02
5.136542668039664932e+02,5.630619000000000369e+02
5.139994294548228027e+02,5.630619000000000369e+02
5.139059738931298398e+02,5.630619000000000369e+02
5.144703017079680194e+02,5.630619000000000369e+02
5.145963704805492398e+02,5.630619000000000369e+02
5.149411739611132361e+02,5.630619000000000369e+02
8.182115000000000009e+02,4.654520299999999793e+02
5.154120462142584529e+02,5.630619000000000369e+02
5.155384741571319864e+02,5.630619000000000369e+02
5.158829184674037833e+02,5.630619000000000369e+02
5.157916195725191528e+02,5.630619000000000369e+02
5.163537907205491138e+02,5.630619000000000369e+02
5.164805778337147331e+02,5.630619000000000369e+02
5.168246629736943305e+02,5.630619000000000369e+02
5.162990716207950754e+02,5.630619000000000369e+02
5.172955352268395472e+02,5.630619000000000369e+02
5.174226815102974797e+02,5.630619000000000369e+02
5.177664074799847640e+02,5.630619000000000369e+02
5.176772652519084659e+02,5.630619000000000369e+02
5.182372797331299807e+02,5.630619000000000369e+02
5.183647851868802263e+02,5.630619000000000369e+02
5.187081519862753112e+02,5.630619000000000369e+02
5.173186455214724901e+02,5.630619000000000369e+02
5.191790242394206416e+02,5.630619000000000369e+02
5.193068888634629729e+02,5.630619000000000369e+02
5.196498964925658584e+02,5.630619000000000369e+02
5.195629109312977789e+02,5.630619000000000369e+02
5.201207687457110751e+02,5.630619000000000369e+02
5.202489925400458333e+02,5.630619000000000369e+02
5.205916409988562918e+02,5.630619000000000369e+02
5.200761294801222903e+02,5.630619000000000369e+02
5.210625132520015086e+02,5.630619000000000369e+02
5.211910962166285799e+02,5.630619000000000369e+02
5.215333855051468390e+02,5.630619000000000369e+02
5.214485566106870920e+02,5.630619000000000369e+02
5.220042577582921695e+02,5.630619000000000369e+02
5.221331998932113265e+02,5.630619000000000369e+02
5.224751300114373862e+02,5.630619000000000369e+02
8.053979500000000371e+02,4.582392600000000016e+02
5.229460022645826029e+02,5.630619000000000369e+02
5.230753035697941868e+02,5.630619000000000369e+02
5.234168745177278197e+02,5.630619000000000369e+02
5.233342022900764050e+02,5.630619000000000369e+02
5.238877467708730364e+02,5.630619000000000369e+02
5.240174072463769335e+02,5.630619000000000369e+02
5.243586190240183669e+02,5.630619000000000369e+02
5.238531873394495051e+02,5.630619000000000369e+02
5.248294912771635836e+02,5.630619000000000369e+02
5.249595109229596801e+02,5.630619000000000369e+02
5.253003635303089141e+02,5.630619000000000369e+02
5.252198479694657181e+02,5.630619000000000369e+02
5.257712357834541308e+02,5.630619000000000369e+02
5.259016145995424267e+02,5.630619000000000369e+02
5.262421080365993475e+02,5.630619000000000369e+02
5.248959333742332092e+02,5.630619000000000369e+02
5.267129802897445643e+02,3.594053999999999860e+02
5.268437182761251734e+02,3.594053999999999860e+02
5.271838525428898947e+02,3.594053999999999860e+02
5.271054936488550311e+02,3.594053999999999860e+02
5.276547247960351115e+02,3.594053999999999860e+02
5.277858219527079200e+02,3.594053999999999860e+02
5.281255970491804419e+02,3.594053999999999860e+02
5.276302451987767199e+02,3.594053999999999860e+02
5.285964693023256586e+02,3.594053999999999860e+02
5.287279256292906666e+02,3.594053999999999860e+02
5.290673415554708754e+02,3.594053999999999860e+02
5.289911393282443441e+02,3.594053999999999860e+02
5.295382138086160921e+02,3.594053999999999860e+02
5.296700293058734133e+02,3.594053999999999860e+02
5.300090860617614226e+02,3.594053999999999860e+02
7.630796000000000276e+02,4.432395000000000209e+02
5.304799583149066393e+02,3.594053999999999860e+02
5.306121329824561599e+02,3.594053999999999860e+02
5.309508305680519697e+02,3.594053999999999860e+02
5.308767850076336572e+02,3.594053999999999860e+02
5.314217028211971865e+02,3.594053999999999860e+02
5.315542366590389065e+02,3.594053999999999860e+02
5.318925750743424032e+02,3.594053999999999860e+02
5.314073030581039347e+02,3.594053999999999860e+02
5.323634473274876200e+02,3.594053999999999860e+02
5.324963403356216531e+02,3.594053999999999860e+02
5.328343195806328367e+02,3.594053999999999860e+02
5.327624306870229702e+02,3.594053999999999860e+02
5.333051918337781672e+02,3.594053999999999860e+02
5.334384440122043998e+02,3.594053999999999860e+02
5.337760640869234976e+02,3.594053999999999860e+02
5.324732212269939282e+02,3.594053999999999860e+02
5.342469363400687143e+02,3.594053999999999860e+02
5.343805476887872601e+02,3.594053999999999860e+02
5.347178085932139311e+02,3.594053999999999860e+02
5.346480763664122833e+02,3.594053999999999860e+02
5.351886808463591478e+02,3.594053999999999860e+02
5.353226513653700067e+02,3.594053999999999860e+02
5.356595530995043646e+02,3.594053999999999860e+02
5.351843609174311496e+02,3.594053999999999860e+02
5.361304253526496950e+02,3.594053999999999860e+02
5.362647550419527533e+02,3.594053999999999860e+02
5.366012976057950254e+02,3.594053999999999860e+02
5.365337220458015963e+02,3.594053999999999860e+02
5.370721698589402422e+02,3.594053999999999860e+02
5.372068587185355000e+02,3.594053999999999860e+02
5.375430421120854589e+02,3.594053999999999860e+02
7.181921399999999949e+02,4.498525399999999763e+02
5.380139143652306757e+02,3.594053999999999860e+02
5.381489623951183603e+02,3.594053999999999860e+02
5.384847866183758924e+02,3.594053999999999860e+02
5.384193677251909094e+02,3.594053999999999860e+02
5.389556588715212229e+02,3.594053999999999860e+02
5.390910660717011069e+02,3.594053999999999860e+02
5.394265311246665533e+02,3.594053999999999860e+02
5.389614187767583644e+02,3.594053999999999860e+02
5.398974033778117700e+02,3.594053999999999860e+02
5.400331697482838536e+02,3.594053999999999860e+02
5.403682756309569868e+02,3.594053999999999860e+02
5.403050134045802224e+02,3.594053999999999860e+02
5.408391478841022035e+02,3.594053999999999860e+02
5.409752734248666002e+02,3.594053999999999860e+02
5.413100201372474203e+02,3.594053999999999860e+02
5.400505090797546472e+02,3.594053999999999860e+02
5.417808923903927507e+02,3.594053999999999860e+02
5.419173771014493468e+02,3.594053999999999860e+02
5.422517646435379675e+02,3.594053999999999860e+02
5.421906590839695355e+02,3.594053999999999860e+02
5.427226368966832979e+02,3.594053999999999860e+02
5.428594807780320934e+02,3.594053999999999860e+02
5.431935091498285146e+02,3.594053999999999860e+02
5.427384766360855792e+02,3.594053999999999860e+02
5.436643814029737314e+02,3.594053999999999860e+02
5.438015844546148401e+02,3.594053999999999860e+02
5.441352536561189481e+02,3.594053999999999860e+02
5.440763047633588485e+02,3.594053999999999860e+02
5.446061259092642786e+02,3.594053999999999860e+02
5.447436881311975867e+02,3.594053999999999860e+02
5.450769981624094953e+02,3.594053999999999860e+02
6.784472700000000032e+02,4.687042200000000207e+02
5.455478704155548257e+02,3.594053999999999860e+02
5.456857918077803333e+02,3.594053999999999860e+02
5.460187426687000425e+02,3.594053999999999860e+02
5.459619504427481615e+02,3.594053999999999860e+02
5.464896149218452592e+02,3.594053999999999860e+02
5.466278954843630800e+02,3.594053999999999860e+02
5.469604871749904760e+02,3.594053999999999860e+02
5.465155344954127941e+02,3.594053999999999860e+02
5.474313594281358064e+02,3.594053999999999860e+02
5.475699991609458266e+02,3.594053999999999860e+02
5.479022316812810232e+02,3.594053999999999860e+02
5.478475961221374746e+02,3.594053999999999860e+02
5.483731039344263536e+02,3.594053999999999860e+02
5.485121028375286869e+02,3.594053999999999860e+02
5.488439761875715703e+02,3.594053999999999860e+02
5.476277969325153663e+02,3.594053999999999860e+02
5.493148484407167871e+02,3.594053999999999860e+02
5.494542065141114335e+02,3.594053999999999860e+02
5.497857206938620038e+02,3.594053999999999860e+02
5.497332418015267876e+02,3.594053999999999860e+02
5.502565929470072206e+02,3.594053999999999860e+02
5.503963101906941802e+02,3.594053999999999860e+02
5.507274652001525510e+02,3.594053999999999860e+02
5.502925923547401226e+02,3.594053999999999860e+02
5.511983374532978814e+02,3.594053999999999860e+02
5.513384138672769268e+02,3.594053999999999860e+02
5.516692097064430982e+02,3.594053999999999860e+02
5.516188874809161007e+02,3.594053999999999860e+02
5.521400819595883149e+02,3.594053999999999860e+02
5.522805175438597871e+02,3.594053999999999860e+02
5.526109542127335317e+02,3.594053999999999860e+02
6.559303999999999633e+02,4.856118200000000229e+02
5.530818264658787484e+02,3.594053999999999860e+02
5.532226212204425337e+02,3.594053999999999860e+02
5.535526987190240789e+02,3.594053999999999860e+02
5.535045331603054137e+02,3.594053999999999860e+02
5.540235709721694093e+02,3.594053999999999860e+02
5.541647248970252804e+02,3.594053999999999860e+02
5.544944432253146260e+02,3.594053999999999860e+02
5.540696502140673374e+02,3.594053999999999860e+02
5.549653154784598428e+02,3.594053999999999860e+02
5.551068285736080270e+02,3.594053999999999860e+02
5.554361877316050595e+02,3.594053999999999860e+02
5.553901788396947268e+02,3.594053999999999860e+02
5.559070599847502763e+02,3.594053999999999860e+02
5.560489322501907736e+02,3.594053999999999860e+02
5.563779322378956067e+02,3.594053999999999860e+02
5.552050847852760853e+02,3.594053999999999860e+02
5.568488044910409371e+02,3.594053999999999860e+02
5.569910359267735203e+02,3.594053999999999860e+02
5.573196767441861539e+02,3.594053999999999860e+02
5.572758245190840398e+02,3.594053999999999860e+02
5.577905489973313706e+02,3.594053999999999860e+02
5.579331396033562669e+02,3.594053999999999860e+02
5.582614212504765874e+02,3.594053999999999860e+02
5.578467080733945522e+02,3.594053999999999860e+02
5.587322935036218041e+02,3.594053999999999860e+02
5.588752432799390135e+02,3.594053999999999860e+02
5.592031657567671346e+02,3.594053999999999860e+02
5.591614701984733529e+02,3.594053999999999860e+02
5.596740380099123513e+02,3.594053999999999860e+02
5.598173469565217601e+02,3.594053999999999860e+02
5.601449102630576817e+02,3.594053999999999860e+02
6.446389000000000351e+02,4.957758799999999724e+02
5.606157825162028985e+02,5.354912000000000489e+02
5.607594506331045068e+02,5.354912000000000489e+02
5.610866547693481152e+02,5.354912000000000489e+02
5.610471158778626659e+02,5.354912000000000489e+02
5.615575270224933320e+02,5.354912000000000489e+02
5.617015543096872534e+02,5.354912000000000489e+02
5.620283992756386624e+02,5.354912000000000489e+02
5.616237659327217671e+02,5.354912000000000489e+02
5.624992715287838791e+02,5.354912000000000489e+02
5.626436579862700000e+02,5.354912000000000489e+02
5.629701437819292096e+02,5.354912000000000489e+02
5.629327615572519790e+02,5.354912000000000489e+02
5.634410160350744263e+02,5.354912000000000489e+02
5.635857616628528604e+02,5.354912000000000489e+02
5.639118882882196431e+02,5.354912000000000489e+02
5.627823726380368043e+02,5.354912000000000489e+02
5.643827605413648598e+02,5.354912000000000489e+02
5.645278653394356070e+02,5.354912000000000489e+02
5.648536327945101903e+02,5.354912000000000489e+02
5.648184072366412920e+02,5.354912000000000489e+02
5.653245050476554070e+02,5.354912000000000489e+02
5.654699690160183536e+02,5.354912000000000489e+02
5.657953773008007374e+02,5.354912000000000489e+02
5.654008237920489819e+02,5.354912000000000489e+02
5.662662495539459542e+02,5.354912000000000489e+02
5.664120726926011002e+02,5.354912000000000489e+02
5.667371218070911709e+02,5.354912000000000489e+02
5.667040529160306050e+02,5.354912000000000489e+02
5.672079940602363877e+02,5.354912000000000489e+02
5.673541763691839606e+02,5.354912000000000489e+02
5.676788663133816044e+02,5.354912000000000489e+02
6.401248000000000502e+02,5.035988800000000083e+02
5.681497385665269348e+02,5.354912000000000489e+02
5.682962800457667072e+02,5.354912000000000489e+02
5.686206108196722653e+02,5.354912000000000489e+02
5.685896985954199181e+02,5.354912000000000489e+02
5.690914830728174820e+02,5.354912000000000489e+02
5.692383837223494538e+02,5.354912000000000489e+02
5.695623553259626988e+02,5.354912000000000489e+02
5.691778816513761967e+02,5.354912000000000489e+02
5.700332275791079155e+02,5.354912000000000489e+02
5.701804873989322004e+02,5.354912000000000489e+02
5.705040998322531323e+02,5.354912000000000489e+02
5.704753442748092311e+02,5.354912000000000489e+02
5.709749720853984627e+02,5.354912000000000489e+02
5.711225910755149471e+02,5.354912000000000489e+02
5.714458443385437931e+02,5.354912000000000489e+02
5.703596604907975234e+02,5.354912000000000489e+02
5.719167165916890099e+02,5.354912000000000489e+02
5.720646947520976937e+02,5.354912000000000489e+02
5.723875888448342266e+02,5.354912000000000489e+02
5.723609899541985442e+02,5.354912000000000489e+02
5.728584610979794434e+02,5.354912000000000489e+02
5.730067984286804403e+02,5.354912000000000489e+02
5.733293333511246601e+02,5.354912000000000489e+02
5.729549395107034115e+02,5.354912000000000489e+02
5.738002056042699905e+02,5.354912000000000489e+02
5.739489021052631870e+02,5.354912000000000489e+02
5.742710778574153210e+02,5.354912000000000489e+02
5.742466356335878572e+02,5.354912000000000489e+02
5.747419501105605377e+02,5.354912000000000489e+02
5.748910057818459336e+02,5.354912000000000489e+02
5.752128223637057545e+02,5.354912000000000489e+02
6.437409999999999854e+02,5.129627699999999777e+02
5.756836946168509712e+02,5.354912000000000489e+02
5.758331094584286802e+02,5.354912000000000489e+02
5.761545668699961880e+02,5.354912000000000489e+02
5.761322813129771703e+02,5.354912000000000489e+02
5.766254391231415184e+02,5.354912000000000489e+02
5.767752131350114269e+02,5.354912000000000489e+02
5.770963113762867351e+02,5.354912000000000489e+02
5.767319973700306264e+02,5.354912000000000489e+02
5.775671836294320656e+02,5.354912000000000489e+02
5.777173168115942872e+02,5.354912000000000489e+02
5.780380558825772823e+02,5.354912000000000489e+02
5.780179269923664833e+02,5.354912000000000489e+02
5.785089281357224991e+02,5.354912000000000489e+02
5.786594204881770338e+02,5.354912000000000489e+02
5.789798003888677158e+02,5.354912000000000489e+02
5.779369483435582424e+02,5.354912000000000489e+02
5.794506726420130462e+02,5.354912000000000489e+02
5.796015241647597804e+02,5.354912000000000489e+02
5.799215448951582630e+02,5.354912000000000489e+02
5.799035726717557964e+02,5.354912000000000489e+02
5.803924171483035934e+02,5.354912000000000489e+02
5.805436278413425271e+02,5.354912000000000489e+02
5.808632894014488102e+02,5.354912000000000489e+02
5.805090552293578412e+02,5.354912000000000489e+02
5.813341616545940269e+02,5.354912000000000489e+02
5.814857315179253874e+02,5.354912000000000489e+02
5.818050339077392437e+02,5.354912000000000489e+02
5.817892183511451094e+02,5.354912000000000489e+02
5.822759061608845741e+02,5.354912000000000489e+02
5.824278351945081340e+02,5.354912000000000489e+02
5.827467784140297908e+02,5.354912000000000489e+02
6.847496999999999616e+02,5.311993400000000065e+02
5.832176506671751213e+02,5.354912000000000489e+02
5.833699388710908806e+02,5.354912000000000489e+02
5.836885229203203380e+02,5.354912000000000489e+02
5.836748640305344225e+02,5.354912000000000489e+02
5.841593951734655548e+02,5.354912000000000489e+02
5.843120425476736273e+02,5.354912000000000489e+02
5.846302674266107715e+02,5.354912000000000489e+02
5.842861130886850560e+02,5.354912000000000489e+02
5.851011396797559883e+02,5.354912000000000489e+02
5.852541462242563739e+02,5.354912000000000489e+02
5.855720119329013187e+02,5.354912000000000489e+02
5.855605097099237355e+02,5.354912000000000489e+02
5.860428841860466491e+02,5.354912000000000489e+02
5.861962499008391205e+02,5.354912000000000489e+02
5.865137564391918659e+02,5.354912000000000489e+02
5.855142361963190751e+02,5.354912000000000489e+02
5.869846286923370826e+02,3.764714399999999728e+02
5.871383535774218672e+02,3.764714399999999728e+02
5.874555009454822994e+02,3.764714399999999728e+02
5.874461553893130485e+02,3.764714399999999728e+02
5.879263731986275161e+02,3.764714399999999728e+02
5.880804572540046138e+02,3.764714399999999728e+02
5.883972454517728465e+02,3.764714399999999728e+02
5.880631709480122709e+02,3.764714399999999728e+02
5.888681177049181770e+02,3.764714399999999728e+02
5.890225609305873604e+02,3.764714399999999728e+02
5.893389899580633937e+02,3.764714399999999728e+02
5.893318010687023616e+02,3.764714399999999728e+02
5.898098622112086105e+02,3.764714399999999728e+02
5.899646646071701070e+02,3.764714399999999728e+02
5.902807344643538272e+02,3.764714399999999728e+02
7.404548999999999523e+02,5.403535000000000537e+02
5.907516067174990440e+02,3.764714399999999728e+02
5.909067682837528537e+02,3.764714399999999728e+02
5.912224789706443744e+02,3.764714399999999728e+02
5.912174467480916746e+02,3.764714399999999728e+02
5.916933512237897048e+02,3.764714399999999728e+02
5.918488719603356003e+02,3.764714399999999728e+02
5.921642234769349216e+02,3.764714399999999728e+02
5.918402288073394857e+02,3.764714399999999728e+02
5.926350957300801383e+02,3.764714399999999728e+02
5.927909756369184606e+02,3.764714399999999728e+02
5.931059679832253551e+02,3.764714399999999728e+02
5.931030924274809877e+02,3.764714399999999728e+02
5.935768402363705718e+02,3.764714399999999728e+02
5.937330793135012073e+02,3.764714399999999728e+02
5.940477124895159022e+02,3.764714399999999728e+02
5.930915240490797942e+02,3.764714399999999728e+02
5.945185847426611190e+02,3.764714399999999728e+02
5.946751829900839539e+02,3.764714399999999728e+02
5.949894569958064494e+02,3.764714399999999728e+02
5.949887381068703007e+02,3.764714399999999728e+02
5.954603292489516662e+02,3.764714399999999728e+02
5.956172866666668142e+02,3.764714399999999728e+02
5.959312015020968829e+02,3.764714399999999728e+02
5.956172866666667005e+02,3.764714399999999728e+02
5.964020737552420997e+02,3.764714399999999728e+02
5.965593903432495608e+02,3.764714399999999728e+02
5.968729460083874301e+02,3.764714399999999728e+02
5.968743837862596138e+02,3.764714399999999728e+02
5.973438182615326468e+02,3.764714399999999728e+02
5.975014940198323075e+02,3.764714399999999728e+02
5.978146905146779773e+02,3.764714399999999728e+02
7.911100500000000011e+02,5.301959000000000515e+02
5.982855627678231940e+02,3.764714399999999728e+02
5.984435976964150541e+02,3.764714399999999728e+02
5.987564350209684108e+02,3.764714399999999728e+02
5.987600294656489268e+02,3.764714399999999728e+02
5.992273072741136275e+02,3.764714399999999728e+02
5.993857013729978007e+02,3.764714399999999728e+02
5.996981795272589579e+02,3.764714399999999728e+02
5.993943445259939153e+02,3.764714399999999728e+02
6.001690517804041747e+02,3.764714399999999728e+02
6.003278050495805473e+02,3.764714399999999728e+02
6.006399240335495051e+02,3.764714399999999728e+02
6.006456751450382399e+02,3.764714399999999728e+02
6.011107962866947219e+02,3.764714399999999728e+02
6.012699087261632940e+02,3.764714399999999728e+02
6.015816685398399386e+02,3.764714399999999728e+02
6.006688119018405132e+02,3.764714399999999728e+02
6.020525407929851553e+02,3.764714399999999728e+02
6.022120124027460406e+02,3.764714399999999728e+02
6.025234130461303721e+02,3.764714399999999728e+02
6.025313208244275529e+02,3.764714399999999728e+02
6.029942852992757025e+02,3.764714399999999728e+02
6.031541160793287872e+02,3.764714399999999728e+02
6.034651575524210330e+02,3.764714399999999728e+02
6.031714023853211302e+02,3.764714399999999728e+02
6.039360298055662497e+02,3.764714399999999728e+02
6.040962197559115339e+02,3.764714399999999728e+02
6.044069020587114665e+02,3.764714399999999728e+02
6.044169665038168660e+02,3.764714399999999728e+02
6.048777743118566832e+02,3.764714399999999728e+02
6.050383234324942805e+02,3.764714399999999728e+02
6.053486465650018999e+02,3.764714399999999728e+02
8.113184999999999718e+02,5.153020999999999958e+02
6.058195188181472304e+02,4.006841999999999757e+02
6.059804271090770271e+02,4.006841999999999757e+02
6.062903910712925608e+02,4.006841999999999757e+02
6.063026121832061790e+02,4.006841999999999757e+02
6.067612633244377776e+02,4.006841999999999757e+02
6.069225307856598874e+02,4.006841999999999757e+02
6.072321355775829943e+02,4.006841999999999757e+02
6.069484602446483450e+02,4.006841999999999757e+02
6.077030078307282110e+02,4.006841999999999757e+02
6.078646344622426341e+02,4.006841999999999757e+02
6.081738800838734278e+02,4.006841999999999757e+02
6.081882578625954920e+02,4.006841999999999757e+02
6.086447523370187582e+02,4.006841999999999757e+02
6.088067381388253807e+02,4.006841999999999757e+02
6.091156245901640887e+02,4.006841999999999757e+02
6.082460997546013459e+02,4.006841999999999757e+02
6.095864968433093054e+02,4.006841999999999757e+02
6.097488418154081273e+02,4.006841999999999757e+02
6.100573690964545222e+02,4.006841999999999757e+02
6.100739035419848051e+02,4.006841999999999757e+02
6.105282413495997389e+02,4.006841999999999757e+02
6.106909454919909876e+02,4.006841999999999757e+02
6.109991136027449556e+02,4.006841999999999757e+02
6.107255181039755598e+02,4.006841999999999757e+02
6.114699858558902861e+02,4.006841999999999757e+02
6.116330491685737343e+02,4.006841999999999757e+02
6.119408581090355028e+02,4.006841999999999757e+02
6.119595492213741181e+02,4.006841999999999757e+02
6.124117303621808333e+02,4.006841999999999757e+02
6.125751528451564809e+02,4.006841999999999757e+02
6.128826026153260500e+02,4.006841999999999757e+02
8.244695400000000518e+02,4.889742400000000089e+02
6.133534748684712667e+02,4.006841999999999757e+02
6.135172565217392275e+02,4.006841999999999757e+02
6.138243471216164835e+02,4.006841999999999757e+02
6.138451949007634312e+02,4.006841999999999757e+02
6.142952193747618139e+02,4.006841999999999757e+02
6.144593601983219742e+02,4.006841999999999757e+02
6.147660916279070307e+02,4.006841999999999757e+02
6.145025759633027747e+02,4.006841999999999757e+02
6.152369638810523611e+02,4.006841999999999757e+02
6.154014638749047208e+02,4.006841999999999757e+02
6.157078361341975778e+02,4.006841999999999757e+02
6.157308405801527442e+02,4.006841999999999757e+02
6.161787083873427946e+02,4.006841999999999757e+02
6.163435675514874674e+02,4.006841999999999757e+02
6.166495806404880113e+02,4.006841999999999757e+02
6.158233876073620650e+02,4.006841999999999757e+02
6.171204528936333418e+02,4.006841999999999757e+02
6.172856712280702141e+02,4.006841999999999757e+02
6.175913251467785585e+02,4.006841999999999757e+02
6.176164862595420573e+02,4.006841999999999757e+02
6.180621973999238890e+02,4.006841999999999757e+02
6.182277749046529607e+02,4.006841999999999757e+02
6.185330696530691057e+02,4.006841999999999757e+02
6.182796338226299895e+02,4.006841999999999757e+02
6.190039419062143224e+02,4.006841999999999757e+02
6.191698785812357073e+02,4.006841999999999757e+02
6.194748141593595392e+02,4.006841999999999757e+02
6.195021319389313703e+02,4.006841999999999757e+02
6.199456864125047559e+02,4.006841999999999757e+02
6.201119822578184539e+02,4.006841999999999757e+02
6.204165586656500864e+02,4.006841999999999757e+02
8.226472999999999729e+02,4.680051300000000083e+02
6.208874309187954168e+02,4.006841999999999757e+02
6.210540859344013143e+02,4.006841999999999757e+02
6.213583031719406335e+02,4.006841999999999757e+02
6.213877776183206834e+02,4.006841999999999757e+02
6.218291754250858503e+02,4.006841999999999757e+02
6.219961896109840609e+02,4.006841999999999757e+02
6.223000476782310670e+02,4.006841999999999757e+02
6.220566916819572043e+02,4.006841999999999757e+02
6.227709199313762838e+02,4.006841999999999757e+02
6.229382932875668075e+02,4.006841999999999757e+02
6.232417921845216142e+02,4.006841999999999757e+02
6.232734232977099964e+02,4.006841999999999757e+02
6.237126644376669447e+02,4.006841999999999757e+02
6.238803969641495542e+02,4.006841999999999757e+02
6.241835366908121614e+02,4.006841999999999757e+02
6.234006754601227840e+02,4.006841999999999757e+02
6.246544089439573781e+02,4.006841999999999757e+02
6.248225006407324145e+02,4.006841999999999757e+02
6.251252811971025949e+02,4.006841999999999757e+02
6.251590689770993094e+02,4.006841999999999757e+02
6.255961534502478116e+02,4.006841999999999757e+02
6.257646043173151611e+02,4.006841999999999757e+02
6.260670257033931421e+02,4.006841999999999757e+02
6.258337495412844191e+02,4.006841999999999757e+02
6.265378979565384725e+02,4.006841999999999757e+02
6.267067079938979077e+02,4.006841999999999757e+02
6.270087702096836892e+02,4.006841999999999757e+02
6.270447146564886225e+02,4.006841999999999757e+02
6.274796424628289060e+02,4.006841999999999757e+02
6.276488116704806544e+02,4.006841999999999757e+02
6.279505147159741227e+02,4.006841999999999757e+02
8.089134500000000116e+02,4.541799300000000130e+02
6.284213869691193395e+02,4.006841999999999757e+02
6.285909153470634010e+02,4.006841999999999757e+02
6.288922592222646699e+02,4.006841999999999757e+02
6.289303603358779355e+02,4.006841999999999757e+02
6.293631314754098867e+02,4.006841999999999757e+02
6.295330190236461476e+02,4.006841999999999757e+02
6.298340037285552171e+02,4.006841999999999757e+02
6.296108074006117477e+02,4.006841999999999757e+02
6.303048759817004338e+02,4.006841999999999757e+02
6.304751227002288942e+02,4.006841999999999757e+02
6.307757482348456506e+02,4.006841999999999757e+02
6.308160060152672486e+02,4.006841999999999757e+02
6.312466204879908673e+02,4.006841999999999757e+02
6.314172263768116409e+02,4.006841999999999757e+02
6.317174927411361978e+02,4.006841999999999757e+02
6.309779633128835030e+02,4.006841999999999757e+02
6.321883649942814145e+02,4.006841999999999757e+02
6.323593300533943875e+02,4.006841999999999757e+02
6.326592372474267449e+02,4.006841999999999757e+02
6.327016516946565616e+02,4.006841999999999757e+02
6.331301095005719617e+02,4.006841999999999757e+02
6.333014337299771341e+02,4.006841999999999757e+02
6.336009817537171784e+02,4.006841999999999757e+02
6.333878652599389625e+02,4.006841999999999757e+02
6.340718540068623952e+02,4.006841999999999757e+02
6.342435374065598808e+02,4.006841999999999757e+02
6.345427262600077256e+02,4.006841999999999757e+02
6.345872973740458747e+02,4.006841999999999757e+02
6.350135985131529424e+02,4.006841999999999757e+02
6.351856410831426274e+02,4.006841999999999757e+02
6.354844707662982728e+02,4.006841999999999757e+02
7.815443999999999960e+02,4.402247300000000223e+02
6.359553430194434895e+02,5.035988800000000083e+02
6.361277447597254877e+02,5.035988800000000083e+02
6.364262152725887063e+02,5.035988800000000083e+02
6.364729430534351877e+02,5.035988800000000083e+02
6.368970875257339230e+02,5.035988800000000083e+02
6.370698484363082343e+02,5.035988800000000083e+02
6.373679597788791398e+02,5.035988800000000083e+02
6.371649231192661773e+02,5.035988800000000083e+02
6.378388320320244702e+02,5.035988800000000083e+02
6.380119521128909810e+02,5.035988800000000083e+02
6.383097042851698006e+02,5.035988800000000083e+02
6.383585887328245008e+02,5.035988800000000083e+02
6.387805765383150174e+02,5.035988800000000083e+02
6.389540557894737276e+02,5.035988800000000083e+02
6.392514487914602341e+02,5.035988800000000083e+02
6.385552511656442221e+02,5.035988800000000083e+02
6.397223210446054509e+02,5.035988800000000083e+02
6.398961594660565879e+02,5.035988800000000083e+02
6.401931932977506676e+02,5.035988800000000083e+02
6.402442344122138138e+02,5.035988800000000083e+02
6.406640655508959981e+02,4.976360000000000241e+02
6.408382631426393345e+02,4.976360000000000241e+02
6.411349378040413285e+02,4.976360000000000241e+02
6.409419809785933921e+02,4.976360000000000241e+02
6.416058100571865452e+02,4.976360000000000241e+02
6.417803668192220812e+02,4.976360000000000241e+02
6.420766823103317620e+02,4.976360000000000241e+02
6.421298800916031269e+02,4.976360000000000241e+02
6.425475545634769787e+02,4.976360000000000241e+02
6.427224704958048278e+02,4.976360000000000241e+02
6.430184268166221955e+02,4.976360000000000241e+02
7.563064000000000533e+02,4.380043999999999755e+02
6.434892990697675259e+02,5.129627699999999777e+02
6.436645741723875744e+02,5.129627699999999777e+02
6.439601713229128563e+02,5.129627699999999777e+02
6.440155257709924399e+02,5.129627699999999777e+02
6.444310435760580731e+02,4.957758799999999724e+02
6.446066778489703211e+02,4.957758799999999724e+02
6.449019158292032898e+02,4.957758799999999724e+02
6.447190388379206070e+02,4.957758799999999724e+02
6.453727880823485066e+02,4.957758799999999724e+02
6.455487815255530677e+02,4.957758799999999724e+02
6.458436603354937233e+02,4.957758799999999724e+02
6.459011714503817529e+02,4.957758799999999724e+02
6.463145325886390538e+02,4.957758799999999724e+02
6.464908852021358143e+02,4.957758799999999724e+02
6.467854048417842705e+02,4.957758799999999724e+02
6.461325390184049411e+02,4.957758799999999724e+02
6.472562770949296009e+02,4.957758799999999724e+02
6.474329888787185610e+02,4.957758799999999724e+02
6.477271493480748177e+02,4.957758799999999724e+02
6.477868171297710660e+02,4.957758799999999724e+02
6.481980216012200344e+02,4.957758799999999724e+02
6.483750925553013076e+02,4.957758799999999724e+02
6.486688938543652512e+02,4.957758799999999724e+02
6.484960966972478218e+02,4.957758799999999724e+02
6.491397661075105816e+02,4.957758799999999724e+02
6.493171962318840542e+02,4.957758799999999724e+02
6.496106383606557984e+02,4.957758799999999724e+02
6.496724628091603790e+02,4.957758799999999724e+02
6.500815106138011288e+02,4.957758799999999724e+02
6.502592999084669145e+02,4.957758799999999724e+02
6.505523828669463455e+02,4.957758799999999724e+02
7.316672999999999547e+02,4.436871300000000247e+02
6.510232551200915623e+02,4.368681599999999889e+02
6.512014035850496612e+02,4.368681599999999889e+02
6.514941273732367790e+02,4.368681599999999889e+02
6.515581084885496921e+02,4.368681599999999889e+02
6.519649996263821095e+02,4.368681599999999889e+02
6.521435072616324078e+02,4.368681599999999889e+02
6.524358718795273262e+02,4.368681599999999889e+02
6.522731545565750366e+02,4.368681599999999889e+02
6.529067441326726566e+02,4.723466799999999921e+02
6.530856109382151544e+02,4.723466799999999921e+02
6.533776163858178734e+02,4.723466799999999921e+02
6.534437541679390051e+02,4.723466799999999921e+02
6.538484886389630901e+02,4.723466799999999921e+02
6.540277146147980147e+02,4.723466799999999921e+02
6.543193608921083069e+02,4.723466799999999921e+02
6.537098268711656601e+02,4.723466799999999921e+02
6.547902331452535236e+02,4.856118200000000229e+02
6.549698182913807614e+02,4.856118200000000229e+02
6.552611053983988540e+02,4.856118200000000229e+02
6.553293998473283182e+02,4.856118200000000229e+02
6.557319776515441845e+02,4.856118200000000229e+02
6.559119219679635080e+02,4.856118200000000229e+02
6.562028499046894012e+02,4.856118200000000229e+02
6.560502124159022515e+02,4.856118200000000229e+02
6.566737221578346180e+02,4.856118200000000229e+02
6.568540256445462546e+02,4.856118200000000229e+02
6.571445944109798347e+02,4.856118200000000229e+02
6.572150455267176312e+02,4.856118200000000229e+02
6.576154666641250515e+02,4.856118200000000229e+02
6.577961293211290013e+02,4.856118200000000229e+02
6.580863389172703819e+02,4.856118200000000229e+02
7.172818600000000515e+02,4.540391799999999876e+02
6.585572111704157123e+02,4.856118200000000229e+02
6.587382329977117479e+02,4.856118200000000229e+02
6.590280834235609291e+02,4.856118200000000229e+02
6.591006912061069443e+02,4.856118200000000229e+02
6.594989556767061458e+02,4.856118200000000229e+02
6.596803366742944945e+02,4.856118200000000229e+02
6.599698279298513626e+02,4.856118200000000229e+02
6.598272702752294663e+02,4.856118200000000229e+02
6.604407001829965793e+02,4.856118200000000229e+02
6.606224403508772411e+02,4.856118200000000229e+02
6.609115724361419097e+02,4.856118200000000229e+02
6.609863368854962573e+02,4.856118200000000229e+02
6.613824446892872402e+02,4.856118200000000229e+02
6.615645440274599878e+02,4.856118200000000229e+02
6.618533169424324569e+02,4.856118200000000229e+02
6.612871147239263792e+02,4.856118200000000229e+02
6.623241891955776737e+02,4.856118200000000229e+02
6.625066477040427344e+02,4.856118200000000229e+02
6.627950614487228904e+02,4.856118200000000229e+02
6.628719825648855704e+02,4.856118200000000229e+02
6.632659337018681072e+02,4.856118200000000229e+02
6.634487513806254810e+02,4.856118200000000229e+02
6.637368059550134376e+02,4.856118200000000229e+02
6.636043281345566811e+02,4.856118200000000229e+02
6.642076782081586543e+02,4.856118200000000229e+02
6.643908550572082277e+02,4.856118200000000229e+02
6.646785504613039848e+02,4.856118200000000229e+02
6.647576282442748834e+02,4.856118200000000229e+02
6.651494227144492015e+02,4.856118200000000229e+02
6.653329587337910880e+02,4.856118200000000229e+02
6.656202949675944183e+02,4.856118200000000229e+02
7.097468000000000075e+02,4.672291299999999978e+02
6.660911672207396350e+02,4.687042200000000207e+02
6.662750624103738346e+02,4.687042200000000207e+02
6.665620394738849654e+02,4.687042200000000207e+02
6.666432739236641964e+02,4.687042200000000207e+02
6.670329117270301822e+02,4.687042200000000207e+02
6.672171660869565812e+02,4.687042200000000207e+02
6.675037839801755126e+02,4.687042200000000207e+02
6.673813859938838959e+02,4.687042200000000207e+02
6.679746562333207294e+02,4.687042200000000207e+02
6.681592697635394416e+02,4.687042200000000207e+02
6.684455284864659461e+02,4.687042200000000207e+02
6.685289196030535095e+02,4.687042200000000207e+02
6.689164007396111629e+02,4.687042200000000207e+02
6.691013734401221882e+02,4.687042200000000207e+02
6.693872729927564933e+02,4.687042200000000207e+02
6.688644025766870982e+02,4.687042200000000207e+02
6.698581452459017100e+02,4.687042200000000207e+02
6.700434771167049348e+02,4.687042200000000207e+02
6.703290174990470405e+02,4.687042200000000207e+02
6.704145652824428225e+02,4.687042200000000207e+02
6.707998897521922572e+02,4.687042200000000207e+02
6.709855807932876814e+02,4.687042200000000207e+02
6.712707620053374740e+02,4.687042200000000207e+02
6.711584438532111108e+02,4.687042200000000207e+02
6.717416342584826907e+02,4.687042200000000207e+02
6.719276844698704281e+02,4.687042200000000207e+02
6.722125065116279075e+02,4.687042200000000207e+02
6.723002109618321356e+02,4.687042200000000207e+02
6.726833787647732379e+02,4.687042200000000207e+02
6.728697881464531747e+02,4.687042200000000207e+02
6.731542510179185683e+02,4.687042200000000207e+02
7.097468000000000075e+02,4.672291299999999978e+02
6.736251232710637851e+02,4.687042200000000207e+02
6.738118918230359213e+02,4.687042200000000207e+02
6.740959955242090018e+02,4.687042200000000207e+02
6.741858566412214486e+02,4.687042200000000207e+02
6.745668677773542186e+02,4.687042200000000207e+02
6.747539954996186680e+02,4.687042200000000207e+02
6.750377400304994353e+02,4.687042200000000207e+02
6.749355017125383256e+02,4.687042200000000207e+02
6.755086122836447657e+02,4.687042200000000207e+02
6.756960991762014146e+02,4.687042200000000207e+02
6.759794845367900962e+02,4.687042200000000207e+02
6.760715023206107617e+02,4.687042200000000207e+02
6.764503567899353129e+02,4.687042200000000207e+02
6.766382028527841612e+02,4.687042200000000207e+02
6.769212290430805297e+02,4.687042200000000207e+02
6.764416904294478172e+02,4.687042200000000207e+02
6.773921012962257464e+02,4.687042200000000207e+02
6.775803065293669079e+02,4.687042200000000207e+02
6.778629735493709632e+02,4.687042200000000207e+02
6.779571480000000747e+02,4.687042200000000207e+02
6.783338458025162936e+02,4.687042200000000207e+02
6.785224102059496545e+02,4.687042200000000207e+02
6.788047180556616240e+02,4.687042200000000207e+02
6.787125595718655404e+02,4.687042200000000207e+02
6.792755903088068408e+02,4.687042200000000207e+02
6.794645138825325148e+02,4.687042200000000207e+02
6.797464625619520575e+02,4.687042200000000207e+02
6.798427936793893878e+02,4.687042200000000207e+02
6.802173348150972743e+02,4.687042200000000207e+02
6.804066175591152614e+02,4.687042200000000207e+02
6.806882070682424910e+02,4.687042200000000207e+02
9.921548999999999978e+02,4.690061000000000035e+02
6.811590793213878214e+02,5.311993400000000065e+02
6.813487212356980081e+02,5.311993400000000065e+02
6.816299515745330382e+02,5.311993400000000065e+02
6.817284393587787008e+02,5.311993400000000065e+02
6.821008238276783686e+02,5.311993400000000065e+02
6.822908249122807547e+02,5.311993400000000065e+02
6.825716960808235854e+02,5.311993400000000065e+02
6.824896174311927552e+02,5.311993400000000065e+02
6.830425683339688021e+02,5.311993400000000065e+02
6.832329285888636150e+02,5.311993400000000065e+02
6.835134405871140189e+02,5.311993400000000065e+02
6.836140850381680139e+02,5.311993400000000065e+02
6.839843128402593493e+02,5.311993400000000065e+02
6.841750322654463616e+02,5.311993400000000065e+02
6.844551850934045660e+02,5.311993400000000065e+02
6.840189782822086499e+02,5.311993400000000065e+02
6.849260573465498965e+02,5.311993400000000065e+02
6.851171359420291083e+02,5.311993400000000065e+02
6.853969295996951132e+02,5.311993400000000065e+02
6.854997307175573269e+02,5.311993400000000065e+02
6.858678018528403300e+02,5.311993400000000065e+02
6.860592396186118549e+02,5.311993400000000065e+02
6.863386741059855467e+02,5.311993400000000065e+02
6.862666752905199701e+02,5.311993400000000065e+02
6.868095463591308771e+02,5.311993400000000065e+02
6.870013432951946015e+02,5.311993400000000065e+02
6.872804186122760939e+02,5.311993400000000065e+02
6.873853763969466399e+02,5.311993400000000065e+02
6.877512908654214243e+02,5.311993400000000065e+02
6.879434469717773482e+02,5.311993400000000065e+02
6.882221631185666411e+02,5.311993400000000065e+02
9.735465000000000373e+02,4.701086399999999799e+02
6.886930353717118578e+02,5.311993400000000065e+02
6.888855506483600948e+02,5.311993400000000065e+02
6.891639076248570746e+02,5.311993400000000065e+02
6.892710220763359530e+02,5.311993400000000065e+02
6.896347798780022913e+02,5.311993400000000065e+02
6.898276543249428414e+02,5.311993400000000065e+02
6.901056521311476217e+02,5.311993400000000065e+02
6.900437331498471849e+02,5.311993400000000065e+02
6.905765243842929522e+02,5.311993400000000065e+02
6.907697580015255880e+02,5.311993400000000065e+02
6.910473966374381689e+02,5.311993400000000065e+02
6.911566677557252660e+02,5.311993400000000065e+02
6.915182688905833857e+02,5.311993400000000065e+02
6.917118616781083347e+02,5.311993400000000065e+02
6.919891411437286024e+02,5.311993400000000065e+02
6.915962661349693690e+02,5.311993400000000065e+02
6.924600133968738191e+02,5.311993400000000065e+02
6.926539653546910813e+02,5.311993400000000065e+02
6.929308856500191496e+02,5.311993400000000065e+02
6.930423134351145791e+02,5.311993400000000065e+02
6.934017579031644800e+02,5.311993400000000065e+02
6.935960690312739416e+02,5.311993400000000065e+02
6.938726301563096968e+02,5.311993400000000065e+02
6.938207910091743997e+02,5.311993400000000065e+02
6.943435024094549135e+02,5.311993400000000065e+02
6.945381727078566882e+02,5.311993400000000065e+02
6.948143746626001303e+02,5.311993400000000065e+02
6.949279591145038921e+02,5.311993400000000065e+02
6.952852469157453470e+02,5.311993400000000065e+02
6.954802763844394349e+02,5.311993400000000065e+02
6.957561191688906774e+02,5.311993400000000065e+02
9.413327600000000075e+02,4.771363499999999931e+02
6.962269914220360079e+02,4.672291299999999978e+02
6.964223800610222952e+02,4.672291299999999978e+02
6.966978636751812246e+02,4.672291299999999978e+02
6.968136047938933189e+02,4.672291299999999978e+02
6.971687359283264414e+02,4.672291299999999978e+02
6.973644837376050418e+02,4.672291299999999978e+02
6.976396081814716581e+02,4.672291299999999978e+02
6.975978488685016146e+02,4.672291299999999978e+02
6.981104804346168748e+02,4.672291299999999978e+02
6.983065874141877885e+02,4.672291299999999978e+02
6.985813526877620916e+02,4.672291299999999978e+02
6.986992504732825182e+02,4.672291299999999978e+02
6.990522249409075357e+02,4.672291299999999978e+02
6.992486910907705351e+02,4.672291299999999978e+02
6.995230971940527525e+02,4.672291299999999978e+02
6.991735539877302017e+02,4.672291299999999978e+02
6.999939694471979692e+02,4.672291299999999978e+02
7.001907947673532817e+02,4.672291299999999978e+02
7.004648417003431859e+02,4.672291299999999978e+02
7.005848961526719449e+02,4.672291299999999978e+02
7.009357139534884027e+02,4.672291299999999978e+02
7.011328984439360283e+02,4.672291299999999978e+02
7.014065862066336194e+02,4.672291299999999978e+02
7.013749067278288294e+02,4.672291299999999978e+02
7.018774584597790636e+02,4.672291299999999978e+02
7.020750021205187750e+02,4.672291299999999978e+02
7.023483307129242803e+02,4.672291299999999978e+02
7.024705418320611443e+02,4.672291299999999978e+02
7.028192029660694971e+02,4.672291299999999978e+02
7.030171057971015216e+02,4.672291299999999978e+02
7.032900752192147138e+02,4.672291299999999978e+02
9.199396000000000413e+02,4.881727300000000014e+02
7.037609474723599305e+02,4.672291299999999978e+02
7.039592094736842682e+02,4.672291299999999978e+02
7.042318197255051473e+02,4.672291299999999978e+02
7.043561875114505710e+02,4.672291299999999978e+02
7.047026919786505914e+02,4.672291299999999978e+02
7.049013131502670149e+02,4.672291299999999978e+02
7.051735642317958082e+02,4.672291299999999978e+02
7.051519645871560442e+02,4.672291299999999978e+02
7.056444364849410249e+02,4.672291299999999978e+02
7.058434168268497615e+02,4.672291299999999978e+02
7.061153087380862416e+02,4.672291299999999978e+02
7.062418331908397704e+02,4.672291299999999978e+02
7.065861809912314584e+02,4.672291299999999978e+02
7.067855205034325081e+02,4.672291299999999978e+02
7.070570532443766751e+02,4.672291299999999978e+02
7.067508418404909207e+02,4.672291299999999978e+02
7.075279254975221193e+02,4.672291299999999978e+02
7.077276241800152548e+02,4.672291299999999978e+02
7.079987977506673360e+02,4.672291299999999978e+02
7.081274788702291971e+02,4.672291299999999978e+02
7.084696700038125527e+02,4.672291299999999978e+02
7.086697278565980014e+02,4.672291299999999978e+02
7.089405422569577695e+02,4.672291299999999978e+02
7.089290224464832590e+02,4.672291299999999978e+02
7.094114145101029862e+02,4.672291299999999978e+02
7.096118315331807480e+02,4.672291299999999978e+02
7.098822867632482030e+02,4.672291299999999978e+02
7.100131245496183965e+02,4.672291299999999978e+02
7.103531590163934197e+02,4.672291299999999978e+02
7.105539352097637220e+02,4.672291299999999978e+02
7.108240312695388639e+02,4.672291299999999978e+02
9.053206000000000131e+02,4.967645299999999793e+02
7.112949035226840806e+02,4.540391799999999876e+02
7.114960388863464686e+02,4.540391799999999876e+02
7.117657757758292973e+02,4.540391799999999876e+02
7.118987702290078232e+02,4.540391799999999876e+02
7.122366480289745141e+02,4.540391799999999876e+02
7.124381425629292153e+02,4.540391799999999876e+02
7.127075202821197308e+02,4.540391799999999876e+02
7.127060803058104739e+02,4.540391799999999876e+02
7.131783925352649476e+02,4.540391799999999876e+02
7.133802462395119619e+02,4.540391799999999876e+02
7.136492647884103917e+02,4.540391799999999876e+02
7.137844159083970226e+02,4.540391799999999876e+02
7.141201370415556084e+02,4.540391799999999876e+02
7.143223499160947085e+02,4.540391799999999876e+02
7.145910092947008252e+02,4.540391799999999876e+02
7.143281296932516398e+02,4.540391799999999876e+02
7.150618815478460419e+02,4.540391799999999876e+02
7.152644535926774552e+02,4.540391799999999876e+02
7.155327538009912587e+02,4.540391799999999876e+02
7.156700615877864493e+02,4.540391799999999876e+02
7.160036260541364754e+02,4.540391799999999876e+02
7.162065572692602018e+02,4.540391799999999876e+02
7.164744983072819196e+02,4.540391799999999876e+02
7.164831381651376887e+02,4.540391799999999876e+02
7.169453705604271363e+02,4.540391799999999876e+02
7.171486609458429484e+02,4.540391799999999876e+02
7.174162428135723530e+02,4.540391799999999876e+02
7.175557072671756487e+02,4.540391799999999876e+02
7.178871150667175698e+02,4.498525399999999763e+02
7.180907646224256951e+02,4.498525399999999763e+02
7.183579873198627865e+02,4.498525399999999763e+02
8.979090599999999540e+02,5.017217999999999734e+02
7.188288595730080033e+02,4.498525399999999763e+02
7.190328682990084417e+02,4.498525399999999763e+02
7.192997318261534474e+02,4.498525399999999763e+02
7.194413529465650754e+02,4.498525399999999763e+02
7.197706040792986641e+02,4.498525399999999763e+02
7.199749719755911883e+02,4.498525399999999763e+02
7.202414763324438809e+02,4.498525399999999763e+02
7.202601960244649035e+02,4.498525399999999763e+02
7.207123485855890976e+02,4.498525399999999763e+02
7.209170756521739349e+02,4.498525399999999763e+02
7.211832208387343144e+02,4.498525399999999763e+02
7.213269986259542748e+02,4.498525399999999763e+02
7.216540930918795311e+02,4.498525399999999763e+02
7.218591793287566816e+02,4.498525399999999763e+02
7.221249653450249752e+02,4.498525399999999763e+02
7.219054175460123588e+02,4.498525399999999763e+02
7.225958375981701920e+02,4.498525399999999763e+02
7.228012830053394282e+02,4.498525399999999763e+02
7.230667098513154087e+02,4.498525399999999763e+02
7.232126443053437015e+02,4.498525399999999763e+02
7.235375821044606255e+02,4.498525399999999763e+02
7.237433866819221748e+02,4.498525399999999763e+02
7.240084543576058422e+02,4.498525399999999763e+02
7.240372538837921184e+02,4.498525399999999763e+02
7.244793266107510590e+02,4.498525399999999763e+02
7.246854903585051488e+02,4.498525399999999763e+02
7.249501988638965031e+02,4.498525399999999763e+02
7.250982899847329008e+02,4.498525399999999763e+02
7.254210711170417198e+02,4.498525399999999763e+02
7.256275940350878955e+02,4.498525399999999763e+02
7.258919433701869366e+02,4.498525399999999763e+02
8.957070300000000316e+02,5.036392799999999852e+02
7.263628156233321533e+02,4.436871300000000247e+02
7.265696977116706421e+02,4.436871300000000247e+02
7.268336878764773701e+02,4.436871300000000247e+02
7.269839356641223276e+02,4.436871300000000247e+02
7.273045601296225868e+02,4.436871300000000247e+02
7.275118013882533887e+02,4.436871300000000247e+02
7.277754323827678036e+02,4.436871300000000247e+02
7.278143117431193332e+02,4.436871300000000247e+02
7.282463046359132477e+02,4.436871300000000247e+02
7.284539050648361354e+02,4.436871300000000247e+02
7.287171768890584644e+02,4.436871300000000247e+02
7.288695813435115269e+02,4.436871300000000247e+02
7.291880491422036812e+02,4.436871300000000247e+02
7.293960087414188820e+02,4.436871300000000247e+02
7.296589213953488979e+02,4.436871300000000247e+02
7.294827053987730778e+02,4.436871300000000247e+02
7.301297936484941147e+02,4.436871300000000247e+02
7.303381124180016286e+02,4.436871300000000247e+02
7.306006659016393314e+02,4.436871300000000247e+02
7.307552270229009537e+02,4.436871300000000247e+02
7.310715381547847755e+02,4.436871300000000247e+02
7.312802160945843752e+02,4.436871300000000247e+02
7.315424104079299923e+02,4.436871300000000247e+02
7.315913696024465480e+02,4.436871300000000247e+02
7.320132826610752090e+02,4.436871300000000247e+02
7.322223197711671219e+02,4.436871300000000247e+02
7.324841549142204258e+02,4.436871300000000247e+02
7.326408727022901530e+02,4.436871300000000247e+02
7.329550271673656425e+02,4.436871300000000247e+02
7.331644234477498685e+02,4.436871300000000247e+02
7.334258994205108593e+02,4.436871300000000247e+02
8.977969399999999496e+02,5.036576999999999771e+02
7.338967716736563034e+02,5.403535000000000537e+02
7.341065271243326151e+02,5.403535000000000537e+02
7.343676439268015201e+02,5.403535000000000537e+02
7.345265183816795798e+02,5.403535000000000537e+02
7.348385161799467369e+02,5.403535000000000537e+02
7.350486308009153618e+02,5.403535000000000537e+02
7.353093884330919536e+02,5.403535000000000537e+02
7.353684274617737628e+02,5.403535000000000537e+02
7.357802606862371704e+02,5.403535000000000537e+02
7.359907344774981084e+02,5.403535000000000537e+02
7.362511329393823871e+02,5.403535000000000537e+02
7.364121640610687791e+02,5.403535000000000537e+02
7.367220051925278312e+02,5.403535000000000537e+02
7.369328381540808550e+02,5.403535000000000537e+02
7.371928774456730480e+02,5.403535000000000537e+02
7.370599932515337969e+02,5.403535000000000537e+02
7.376637496988182647e+02,5.403535000000000537e+02
7.378749418306636016e+02,5.403535000000000537e+02
7.381346219519634815e+02,5.403535000000000537e+02
7.382978097404582059e+02,5.403535000000000537e+02
7.386054942051086982e+02,5.403535000000000537e+02
7.388170455072465757e+02,5.403535000000000537e+02
7.390763664582539150e+02,5.403535000000000537e+02
7.391454853211009777e+02,5.403535000000000537e+02
7.395472387113993591e+02,5.403535000000000537e+02
7.397591491838293223e+02,5.403535000000000537e+02
7.400181109645445758e+02,5.403535000000000537e+02
7.401834554198474052e+02,5.403535000000000537e+02
7.404889832176897926e+02,5.403535000000000537e+02
7.407012528604120689e+02,5.403535000000000537e+02
7.409598554708350093e+02,5.403535000000000537e+02
9.111331000000000131e+02,4.987641600000000039e+02
7.414307277239802261e+02,5.403535000000000537e+02
7.416433565369948155e+02,5.403535000000000537e+02
7.419015999771254428e+02,5.403535000000000537e+02
7.420691010992368319e+02,5.403535000000000537e+02
7.423724722302708869e+02,5.403535000000000537e+02
7.425854602135775622e+02,5.403535000000000537e+02
7.428433444834161037e+02,5.403535000000000537e+02
7.429225431804281925e+02,5.403535000000000537e+02
7.433142167365613204e+02,5.403535000000000537e+02
7.435275638901603088e+02,5.403535000000000537e+02
7.437850889897065372e+02,5.403535000000000537e+02
7.439547467786260313e+02,5.403535000000000537e+02
7.442559612428517539e+02,5.403535000000000537e+02
7.444696675667430554e+02,5.403535000000000537e+02
7.447268334959969707e+02,5.403535000000000537e+02
7.446372811042945159e+02,5.403535000000000537e+02
7.451977057491421874e+02,5.403535000000000537e+02
7.454117712433258021e+02,5.403535000000000537e+02
7.456685780022876315e+02,5.403535000000000537e+02
7.458403924580154580e+02,5.403535000000000537e+02
7.461394502554328483e+02,5.403535000000000537e+02
7.463538749199085487e+02,5.403535000000000537e+02
7.466103225085780650e+02,5.403535000000000537e+02
7.466996010397554073e+02,5.403535000000000537e+02
7.470811947617232818e+02,5.403535000000000537e+02
7.472959785964912953e+02,5.403535000000000537e+02
7.475520670148684985e+02,5.403535000000000537e+02
7.477260381374046574e+02,5.403535000000000537e+02
7.480229392680137153e+02,5.403535000000000537e+02
7.482380822730740420e+02,5.403535000000000537e+02
7.484938115211591594e+02,5.403535000000000537e+02
9.320847999999999729e+02,4.804665499999999838e+02
7.489646837743043761e+02,4.380043999999999755e+02
7.491801859496567886e+02,4.380043999999999755e+02
7.494355560274495929e+02,4.380043999999999755e+02
7.496116838167940841e+02,4.380043999999999755e+02
7.499064282805948096e+02,4.380043999999999755e+02
7.501222896262395352e+02,4.380043999999999755e+02
7.503773005337400264e+02,4.380043999999999755e+02
7.504766588990826222e+02,4.380043999999999755e+02
7.508481727868852431e+02,4.380043999999999755e+02
7.510643933028222818e+02,4.380043999999999755e+02
7.513190450400306872e+02,4.380043999999999755e+02
7.514973294961832835e+02,4.380043999999999755e+02
7.517899172931759040e+02,4.380043999999999755e+02
7.520064969794050285e+02,4.380043999999999755e+02
7.522607895463211207e+02,4.380043999999999755e+02
7.522145689570552349e+02,4.380043999999999755e+02
7.527316617994663375e+02,4.380043999999999755e+02
7.529486006559877751e+02,4.380043999999999755e+02
7.532025340526115542e+02,4.380043999999999755e+02
7.533829751755727102e+02,4.380043999999999755e+02
7.536734063057567710e+02,4.380043999999999755e+02
7.538907043325707491e+02,4.380043999999999755e+02
7.541442785589022151e+02,4.380043999999999755e+02
7.542537167584098370e+02,4.380043999999999755e+02
7.546151508120474318e+02,4.380043999999999755e+02
7.548328080091534957e+02,4.380043999999999755e+02
7.550860230651926486e+02,4.380043999999999755e+02
7.552686208549619096e+02,4.380043999999999755e+02
7.555568953183378653e+02,4.380043999999999755e+02
7.557749116857362424e+02,4.380043999999999755e+02
7.560277675714830821e+02,4.380043999999999755e+02
9.521665000000000418e+02,4.603198199999999929e+02
7.564986398246282988e+02,4.380043999999999755e+02
7.567170153623189890e+02,4.380043999999999755e+02
7.569695120777737429e+02,4.380043999999999755e+02
7.571542665343513363e+02,4.380043999999999755e+02
7.574403843309189597e+02,4.380043999999999755e+02
7.576591190389017356e+02,4.380043999999999755e+02
7.579112565840641764e+02,4.380043999999999755e+02
7.580307746177370518e+02,4.380043999999999755e+02
7.583821288372093932e+02,4.432395000000000209e+02
7.586012227154844823e+02,4.432395000000000209e+02
7.588530010903546099e+02,4.432395000000000209e+02
7.590399122137405357e+02,4.432395000000000209e+02
7.593238733434998267e+02,4.432395000000000209e+02
7.595433263920672289e+02,4.432395000000000209e+02
7.597947455966452708e+02,4.432395000000000209e+02
7.597918568098159540e+02,4.432395000000000209e+02
7.602656178497904875e+02,4.432395000000000209e+02
7.604854300686499755e+02,4.432395000000000209e+02
7.607364901029357043e+02,4.432395000000000209e+02
7.609255578931299624e+02,4.432395000000000209e+02
7.612073623560809210e+02,4.432395000000000209e+02
7.614275337452327221e+02,4.432395000000000209e+02
7.616782346092261378e+02,4.432395000000000209e+02
7.618078324770642666e+02,4.432395000000000209e+02
7.621491068623713545e+02,4.432395000000000209e+02
7.623696374218154688e+02,4.432395000000000209e+02
7.626199791155165713e+02,4.432395000000000209e+02
7.628112035725191618e+02,4.432395000000000209e+02
7.630908513686620154e+02,4.432395000000000209e+02
7.633117410983982154e+02,4.432395000000000209e+02
7.635617236218072321e+02,4.432395000000000209e+02
9.627604999999999791e+02,4.496602800000000002e+02
7.640325958749524489e+02,4.432395000000000209e+02
7.642538447749809620e+02,4.432395000000000209e+02
7.645034681280976656e+02,4.432395000000000209e+02
7.646968492519085885e+02,4.432395000000000209e+02
7.649743403812428824e+02,4.432395000000000209e+02
7.651959484515637087e+02,4.432395000000000209e+02
7.654452126343880991e+02,4.432395000000000209e+02
7.655848903363914815e+02,4.432395000000000209e+02
7.659160848875335432e+02,4.432395000000000209e+02
7.661380521281464553e+02,4.432395000000000209e+02
7.663869571406787600e+02,4.432395000000000209e+02
7.665824949312977878e+02,4.432395000000000209e+02
7.668578293938239767e+02,4.432395000000000209e+02
7.670801558047292019e+02,4.432395000000000209e+02
7.673287016469691935e+02,4.432395000000000209e+02
7.673691446625766730e+02,4.432395000000000209e+02
7.677995739001144102e+02,4.432395000000000209e+02
7.680222594813121759e+02,4.432395000000000209e+02
7.682704461532596270e+02,4.432395000000000209e+02
7.684681406106872146e+02,4.432395000000000209e+02
7.687413184064050711e+02,4.432395000000000209e+02
7.689643631578949226e+02,4.432395000000000209e+02
7.692121906595502878e+02,4.432395000000000209e+02
7.693619481957186963e+02,4.432395000000000209e+02
7.696830629126955046e+02,4.432395000000000209e+02
7.699064668344776692e+02,4.432395000000000209e+02
7.701539351658407213e+02,4.432395000000000209e+02
7.703537862900764139e+02,4.432395000000000209e+02
7.706248074189859381e+02,4.432395000000000209e+02
7.708485705110604158e+02,4.432395000000000209e+02
7.710956796721311548e+02,4.432395000000000209e+02
9.674786400000000413e+02,4.451802999999999884e+02
7.715665519252765989e+02,4.402247300000000223e+02
7.717906741876431624e+02,4.402247300000000223e+02
7.720374241784218157e+02,4.402247300000000223e+02
7.722394319694658407e+02,4.402247300000000223e+02
7.725082964315670324e+02,4.402247300000000223e+02
7.727327778642259091e+02,4.402247300000000223e+02
7.729791686847122492e+02,4.402247300000000223e+02
7.731390060550459111e+02,4.402247300000000223e+02
7.734500409378574659e+02,4.402247300000000223e+02
7.736748815408086557e+02,4.402247300000000223e+02
7.739209131910026827e+02,4.402247300000000223e+02
7.741250776488550400e+02,4.402247300000000223e+02
7.743917854441481268e+02,4.402247300000000223e+02
7.746169852173914023e+02,4.402247300000000223e+02
7.748626576972933435e+02,4.402247300000000223e+02
7.749464325153373920e+02,4.402247300000000223e+02
7.753335299504385603e+02,4.402247300000000223e+02
7.755590888939741490e+02,4.402247300000000223e+02
7.758044022035837770e+02,4.402247300000000223e+02
7.760107233282444668e+02,4.402247300000000223e+02
7.762752744567289938e+02,4.402247300000000223e+02
7.765011925705568956e+02,4.402247300000000223e+02
7.767461467098742105e+02,4.402247300000000223e+02
7.769160639143731260e+02,4.402247300000000223e+02
7.772170189630196546e+02,4.402247300000000223e+02
7.774432962471396422e+02,4.402247300000000223e+02
7.776878912161648714e+02,4.402247300000000223e+02
7.778963690076336661e+02,4.402247300000000223e+02
7.781587634693100881e+02,4.402247300000000223e+02
7.783853999237223888e+02,4.402247300000000223e+02
7.786296357224553049e+02,4.402247300000000223e+02
9.703301999999999907e+02,4.496999500000000012e+02
7.791005079756005216e+02,4.402247300000000223e+02
7.793275036003051355e+02,4.402247300000000223e+02
7.795713802287457383e+02,4.402247300000000223e+02
7.797820146870230928e+02,4.402247300000000223e+02
7.800422524818909551e+02,4.402247300000000223e+02
7.802696072768878821e+02,4.402247300000000223e+02
7.805131247350363992e+02,4.402247300000000223e+02
7.806931217737003408e+02,4.402247300000000223e+02
7.809839969881816160e+02,4.402247300000000223e+02
7.812117109534706287e+02,4.402247300000000223e+02
7.814548692413268327e+02,4.402247300000000223e+02
7.816676603664122922e+02,4.402247300000000223e+02
7.819257414944720495e+02,4.402247300000000223e+02
7.821538146300533754e+02,4.402247300000000223e+02
7.823966137476172662e+02,4.402247300000000223e+02
7.825237203680981111e+02,4.402247300000000223e+02
7.828674860007624829e+02,4.402247300000000223e+02
7.830959183066363494e+02,4.402247300000000223e+02
7.833383582539079271e+02,4.402247300000000223e+02
7.835533060458017189e+02,4.402247300000000223e+02
7.838092305070531438e+02,4.402247300000000223e+02
7.840380219832190960e+02,4.402247300000000223e+02
7.842801027601983606e+02,4.402247300000000223e+02
7.844701796330275556e+02,4.402247300000000223e+02
7.847509750133435773e+02,4.402247300000000223e+02
7.849801256598018426e+02,4.402247300000000223e+02
7.852218472664887940e+02,4.402247300000000223e+02
7.854389517251909183e+02,4.402247300000000223e+02
7.856927195196340108e+02,4.402247300000000223e+02
7.859222293363845893e+02,4.402247300000000223e+02
7.861635917727794549e+02,4.402247300000000223e+02
9.726612499999999955e+02,4.804991499999999860e+02
7.866344640259246717e+02,5.301959000000000515e+02
7.868643330129673359e+02,5.301959000000000515e+02
7.871053362790698884e+02,5.301959000000000515e+02
7.873245974045803450e+02,5.301959000000000515e+02
7.875762085322151052e+02,5.301959000000000515e+02
7.878064366895500825e+02,5.301959000000000515e+02
7.880470807853603219e+02,5.301959000000000515e+02
7.882472374923547704e+02,5.301959000000000515e+02
7.885179530385055386e+02,5.301959000000000515e+02
7.887485403661328291e+02,5.301959000000000515e+02
7.889888252916509828e+02,5.301959000000000515e+02
7.892102430839695444e+02,5.301959000000000515e+02
7.894596975447961995e+02,5.301959000000000515e+02
7.896906440427155758e+02,5.301959000000000515e+02
7.899305697979414163e+02,5.301959000000000515e+02
7.901010082208588301e+02,5.301959000000000515e+02
7.904014420510866330e+02,5.301959000000000515e+02
7.906327477192983224e+02,5.301959000000000515e+02
7.908723143042318497e+02,5.301959000000000515e+02
7.910958887633589711e+02,5.301959000000000515e+02
7.913431865573770665e+02,5.301959000000000515e+02
7.915748513958810690e+02,5.301959000000000515e+02
7.918140588105225106e+02,5.301959000000000515e+02
7.920242953516819853e+02,5.301959000000000515e+02
7.922849310636677274e+02,5.301959000000000515e+02
7.925169550724638157e+02,5.301959000000000515e+02
7.927558033168129441e+02,5.301959000000000515e+02
7.929815344427481705e+02,5.301959000000000515e+02
7.932266755699581608e+02,5.301959000000000515e+02
7.934590587490465623e+02,5.301959000000000515e+02
7.936975478231033776e+02,5.301959000000000515e+02
9.694280999999999722e+02,5.205025600000000168e+02
7.941684200762485943e+02,5.301959000000000515e+02
7.944011624256293089e+02,5.301959000000000515e+02
7.946392923293940385e+02,5.301959000000000515e+02
7.948671801221375972e+02,5.301959000000000515e+02
7.951101645825392552e+02,5.301959000000000515e+02
7.953432661022120556e+02,5.301959000000000515e+02
7.955810368356844720e+02,5.301959000000000515e+02
7.958013532110092001e+02,5.301959000000000515e+02
7.960519090888296887e+02,5.301959000000000515e+02
7.962853697787948022e+02,5.301959000000000515e+02
7.965227813419749054e+02,5.301959000000000515e+02
7.967528258015267966e+02,5.301959000000000515e+02
7.969936535951201222e+02,5.301959000000000515e+02
7.972274734553777762e+02,5.301959000000000515e+02
7.974645258482653389e+02,5.301959000000000515e+02
7.976782960736197765e+02,5.301959000000000515e+02
7.979353981014107831e+02,5.301959000000000515e+02
7.981695771319605228e+02,5.301959000000000515e+02
7.984062703545559998e+02,5.301959000000000515e+02
7.986384714809162233e+02,5.301959000000000515e+02
7.988771426077012165e+02,5.301959000000000515e+02
7.991116808085432694e+02,5.301959000000000515e+02
7.993480148608464333e+02,5.301959000000000515e+02
7.995784110703364149e+02,5.301959000000000515e+02
7.998188871139916500e+02,5.301959000000000515e+02
8.000537844851260161e+02,5.301959000000000515e+02
8.002897593671368668e+02,5.301959000000000515e+02
8.005241171603054227e+02,5.301959000000000515e+02
8.007606316202823109e+02,5.301959000000000515e+02
8.009958881617087627e+02,5.301959000000000515e+02
8.012315038734275277e+02,5.301959000000000515e+02
9.627626999999999953e+02,5.578899999999999864e+02
8.017023761265727444e+02,4.582392600000000016e+02
8.019379918382915093e+02,4.582392600000000016e+02
8.021732483797179611e+02,4.582392600000000016e+02
8.024097628396948494e+02,4.582392600000000016e+02
8.026441206328631779e+02,4.582392600000000016e+02
8.028800955148742560e+02,4.582392600000000016e+02
8.031149928860083946e+02,4.582392600000000016e+02
8.033554689296636298e+02,4.582392600000000016e+02
8.035858651391538388e+02,4.582392600000000016e+02
8.038221991914570026e+02,4.582392600000000016e+02
8.040567373922990555e+02,4.582392600000000016e+02
8.042954085190840487e+02,4.582392600000000016e+02
8.045276096454442722e+02,4.582392600000000016e+02
8.047643028680397492e+02,4.582392600000000016e+02
8.049984818985894890e+02,4.582392600000000016e+02
8.052555839263804955e+02,4.582392600000000016e+02
8.054693541517347057e+02,4.582392600000000016e+02
8.057064065446224959e+02,4.582392600000000016e+02
8.059402264048799225e+02,4.582392600000000016e+02
8.061810541984734755e+02,4.582392600000000016e+02
8.064110986580253666e+02,4.582392600000000016e+02
8.066485102212052425e+02,4.582392600000000016e+02
8.068819709111705833e+02,4.582392600000000016e+02
8.071325267889908446e+02,4.582392600000000016e+02
8.073528431643158001e+02,4.582392600000000016e+02
8.075906138977879891e+02,4.582392600000000016e+02
8.078237154174610168e+02,4.582392600000000016e+02
8.080666998778626748e+02,4.541799300000000130e+02
8.082945876706062336e+02,4.541799300000000130e+02
8.085327175743707357e+02,4.541799300000000130e+02
8.087654599237514503e+02,4.541799300000000130e+02
9.544029000000000451e+02,5.916702999999999975e+02
8.092363321768968945e+02,5.153020999999999958e+02
8.094748212509534824e+02,5.153020999999999958e+02
8.097072044300421112e+02,5.153020999999999958e+02
8.099523455572521016e+02,5.153020999999999958e+02
8.101780766831873279e+02,5.153020999999999958e+02
8.104169249275362290e+02,5.153020999999999958e+02
8.106489489363325447e+02,5.153020999999999958e+02
8.109095846483180594e+02,5.153020999999999958e+02
8.111198211894777614e+02,5.153020999999999958e+02
8.113590286041192030e+02,5.153020999999999958e+02
8.115906934426229782e+02,5.153020999999999958e+02
8.118379912366413009e+02,5.153020999999999958e+02
8.120615656957684223e+02,5.153020999999999958e+02
8.123011322807019496e+02,5.153020999999999958e+02
8.125324379489136390e+02,5.153020999999999958e+02
8.128328717791412146e+02,5.153020999999999958e+02
8.130033102020588558e+02,5.153020999999999958e+02
8.132432359572846963e+02,5.153020999999999958e+02
8.134741824552040725e+02,5.153020999999999958e+02
8.137236369160307277e+02,5.153020999999999958e+02
8.139450547083492893e+02,5.153020999999999958e+02
8.141853396338674429e+02,5.153020999999999958e+02
8.144159269614945060e+02,5.153020999999999958e+02
8.146866425076452742e+02,5.153020999999999958e+02
8.148867992146397228e+02,5.153020999999999958e+02
8.151274433104501895e+02,5.153020999999999958e+02
8.153576714677851669e+02,5.153020999999999958e+02
8.156092825954199270e+02,5.153020999999999958e+02
8.158285437209303836e+02,5.153020999999999958e+02
8.160695469870329362e+02,5.153020999999999958e+02
8.162994159740756004e+02,5.153020999999999958e+02
9.449850000000000136e+02,6.170718000000000529e+02
8.167702882272208171e+02,4.654520299999999793e+02
8.170116506636156828e+02,4.654520299999999793e+02
8.172411604803660339e+02,4.654520299999999793e+02
8.174949282748093538e+02,4.654520299999999793e+02
8.177120327335112506e+02,4.654520299999999793e+02
8.179537543401984294e+02,4.654520299999999793e+02
8.181829049866566947e+02,4.654520299999999793e+02
8.184637003669724891e+02,4.654520299999999793e+02
8.186537772398019115e+02,4.654520299999999793e+02
8.188958580167811760e+02,4.654520299999999793e+02
8.191246494929471282e+02,4.654520299999999793e+02
8.193805739541985531e+02,4.654520299999999793e+02
8.195955217460923450e+02,4.654520299999999793e+02
8.198379616933639227e+02,4.654520299999999793e+02
8.200663939992375617e+02,4.654520299999999793e+02
8.204101596319019336e+02,4.654520299999999793e+02
8.205372662523827785e+02,4.654520299999999793e+02
8.207800653699466693e+02,4.654520299999999793e+02
8.210081385055282226e+02,4.654520299999999793e+02
8.212662196335879798e+02,4.654520299999999793e+02
8.214790107586734393e+02,4.654520299999999793e+02
8.217221690465294159e+02,4.654520299999999793e+02
8.219498830118186561e+02,4.654520299999999793e+02
8.222407582262997039e+02,4.680051300000000083e+02
8.224207552649638728e+02,4.680051300000000083e+02
8.226642727231121626e+02,4.680051300000000083e+02
8.228916275181090896e+02,4.680051300000000083e+02
8.231518653129771792e+02,4.680051300000000083e+02
8.233624997712543063e+02,4.680051300000000083e+02
8.236063763996949092e+02,4.680051300000000083e+02
8.238333720243997504e+02,4.680051300000000083e+02
9.355492600000000039e+02,6.336950699999999870e+02
8.243042442775449672e+02,4.889742400000000089e+02
8.245484800762776558e+02,4.889742400000000089e+02
8.247751165306901839e+02,4.889742400000000089e+02
8.250375109923666059e+02,4.889742400000000089e+02
8.252459887838354007e+02,4.889742400000000089e+02
8.254905837528604025e+02,4.889742400000000089e+02
8.257168610369806174e+02,4.889742400000000089e+02
8.260178160856269187e+02,4.889742400000000089e+02
8.261877332901258342e+02,4.889742400000000089e+02
8.264326874294433765e+02,4.889742400000000089e+02
8.266586055432712783e+02,4.889742400000000089e+02
8.269231566717558053e+02,4.889742400000000089e+02
8.271294777964164950e+02,4.889742400000000089e+02
8.273747911060261231e+02,4.889742400000000089e+02
8.276003500495617118e+02,4.889742400000000089e+02
8.279874474846626526e+02,4.889742400000000089e+02
8.280712223027069285e+02,4.889742400000000089e+02
8.283168947826088697e+02,4.889742400000000089e+02
8.285420945558521453e+02,4.889742400000000089e+02
8.288088023511452320e+02,4.889742400000000089e+02
8.290129668089973620e+02,4.889742400000000089e+02
8.292589984591916163e+02,4.889742400000000089e+02
8.294838390621428061e+02,4.889742400000000089e+02
8.297948739449541335e+02,4.889742400000000089e+02
8.299547113152880229e+02,4.889742400000000089e+02
8.302011021357743630e+02,4.889742400000000089e+02
8.304255835684332396e+02,4.889742400000000089e+02
8.306944480305344314e+02,4.889742400000000089e+02
8.308964558215784564e+02,4.889742400000000089e+02
8.311432058123571096e+02,4.889742400000000089e+02
8.313673280747236731e+02,4.889742400000000089e+02
9.200195999999999685e+02,6.508301999999999907e+02
8.318382003278688899e+02,6.166000000000000227e+02
8.320853094889398562e+02,6.166000000000000227e+02
8.323090725810141066e+02,6.166000000000000227e+02
8.325800937099238581e+02,6.166000000000000227e+02
8.327799448341595507e+02,6.166000000000000227e+02
8.330274131655226029e+02,6.166000000000000227e+02
8.332508170873047675e+02,6.166000000000000227e+02
8.335719318042813484e+02,6.166000000000000227e+02
8.337216893404499842e+02,6.166000000000000227e+02
8.339695168421053495e+02,6.166000000000000227e+02
8.341925615935952010e+02,6.166000000000000227e+02
8.344657393893130575e+02,6.166000000000000227e+02
8.346634338467404177e+02,6.166000000000000227e+02
8.349116205186880961e+02,6.166000000000000227e+02
8.351343060998856345e+02,6.166000000000000227e+02
8.355647353374233717e+02,6.166000000000000227e+02
8.356051783530310786e+02,6.166000000000000227e+02
8.358537241952708428e+02,6.166000000000000227e+02
8.360760506061762953e+02,6.166000000000000227e+02
8.363513850687024842e+02,6.166000000000000227e+02
8.365469228593215121e+02,6.166000000000000227e+02
8.367958278718535894e+02,6.166000000000000227e+02
8.370177951124667288e+02,6.166000000000000227e+02
8.373489896636085632e+02,5.971427999999999656e+02
8.374886673656119456e+02,5.971427999999999656e+02
8.377379315484363360e+02,5.971427999999999656e+02
8.379595396187571623e+02,5.971427999999999656e+02
8.382370307480916836e+02,5.971427999999999656e+02
8.384304118719026064e+02,5.971427999999999656e+02
8.386800352250190826e+02,5.971427999999999656e+02
8.389012841250478232e+02,5.971427999999999656e+02
8.971665000000000418e+02,6.620035400000000436e+02
8.393721563781930399e+02,6.380517599999999447e+02
8.396221389016018293e+02,6.380517599999999447e+02
8.398430286313382567e+02,6.380517599999999447e+02
8.401226764274811103e+02,6.380517599999999447e+02
8.403139008844834734e+02,6.380517599999999447e+02
8.405642425781848033e+02,6.380517599999999447e+02
8.407847731376286902e+02,6.380517599999999447e+02
8.411260475229357780e+02,6.380517599999999447e+02
8.412556453907741343e+02,6.380517599999999447e+02
8.415063462547675499e+02,6.380517599999999447e+02
8.417265176439193510e+02,6.380517599999999447e+02
8.420083221068703097e+02,6.380517599999999447e+02
8.421973898970645678e+02,6.380517599999999447e+02
8.424484499313502965e+02,6.380517599999999447e+02
8.426682621502097845e+02,6.380517599999999447e+02
8.431420231901840907e+02,6.380517599999999447e+02
8.431391344033550013e+02,6.380517599999999447e+02
8.433905536079330432e+02,6.380517599999999447e+02
8.436100066565002180e+02,6.380517599999999447e+02
8.438939677862597364e+02,6.380517599999999447e+02
8.440808789096456621e+02,6.380517599999999447e+02
8.443326572845157898e+02,6.380517599999999447e+02
8.445517511627908789e+02,6.380517599999999447e+02
8.449031053822629929e+02,6.380517599999999447e+02
8.450226234159360956e+02,6.380517599999999447e+02
8.452747609610985364e+02,6.380517599999999447e+02
8.454934956690813124e+02,6.380517599999999447e+02
8.457796134656489357e+02,6.380517599999999447e+02
8.459643679222265291e+02,6.380517599999999447e+02
8.462168646376812831e+02,6.380517599999999447e+02
8.464352401753717459e+02,6.380517599999999447e+02
8.772922399999999925e+02,6.644768000000000256e+02
8.469061124285169626e+02,6.498916000000000395e+02
8.471589683142640297e+02,6.498916000000000395e+02
8.473769846816624067e+02,6.498916000000000395e+02
8.476652591450383625e+02,6.498916000000000395e+02
8.478478569348076235e+02,6.498916000000000395e+02
8.481010719908467763e+02,6.498916000000000395e+02
8.483187291879528402e+02,6.498916000000000395e+02
8.486801632415902077e+02,6.498916000000000395e+02
8.487896014410980570e+02,6.498916000000000395e+02
8.490431756674295229e+02,6.498916000000000395e+02
8.492604736942432737e+02,6.498916000000000395e+02
8.495509048244275618e+02,6.498916000000000395e+02
8.497313459473884905e+02,6.498916000000000395e+02
8.499852793440122696e+02,6.498916000000000395e+02
8.502022182005339346e+02,6.498916000000000395e+02
8.507193110429448097e+02,6.498916000000000395e+02
8.506730904536791513e+02,6.498916000000000395e+02
8.509273830205950162e+02,6.498916000000000395e+02
8.511439627068243681e+02,6.498916000000000395e+02
8.514365505038169886e+02,6.498916000000000395e+02
8.516148349599695848e+02,6.498916000000000395e+02
8.518694866971777628e+02,6.498916000000000395e+02
8.520857072131148016e+02,6.498916000000000395e+02
8.524572211009174225e+02,6.498916000000000395e+02
8.525565794662600183e+02,6.498916000000000395e+02
8.528115903737605095e+02,6.498916000000000395e+02
8.530274517194054624e+02,6.498916000000000395e+02
8.533221961832061879e+02,6.498916000000000395e+02
8.534983239725506792e+02,6.498916000000000395e+02
8.537536940503432561e+02,6.498916000000000395e+02
8.539691962256958959e+02,6.498916000000000395e+02
8.617431000000000267e+02,6.595174600000000282e+02
8.544400684788411127e+02,5.769598399999999856e+02
8.546957977269260027e+02,5.769598399999999856e+02
8.549109407319863294e+02,5.769598399999999856e+02
8.552078418625956147e+02,5.769598399999999856e+02
8.553818129851315462e+02,5.769598399999999856e+02
8.556379014035089767e+02,5.769598399999999856e+02
8.558526852382769903e+02,5.769598399999999856e+02
8.562342789602446373e+02,5.769598399999999856e+02
8.563235574914222070e+02,5.769598399999999856e+02
8.565800050800917234e+02,5.769598399999999856e+02
8.567944297445674238e+02,5.769598399999999856e+02
8.570934875419848140e+02,5.769598399999999856e+02
8.572653019977126405e+02,5.769598399999999856e+02
8.575221087566744700e+02,5.769598399999999856e+02
8.577361742508578573e+02,5.769598399999999856e+02
8.582965988957055288e+02,5.769598399999999856e+02
8.582070465040030740e+02,5.769598399999999856e+02
8.584642124332572166e+02,5.769598399999999856e+02
8.586779187571485181e+02,5.769598399999999856e+02
8.589791332213742407e+02,5.769598399999999856e+02
8.591487910102937349e+02,5.769598399999999856e+02
8.594063161098399632e+02,5.769598399999999856e+02
8.596196632634389516e+02,5.769598399999999856e+02
8.600113368195718522e+02,5.769598399999999856e+02
8.600905355165841684e+02,5.769598399999999856e+02
8.603484197864227099e+02,5.769598399999999856e+02
8.605614077697293851e+02,5.769598399999999856e+02
8.608647789007634401e+02,5.769598399999999856e+02
8.610322800228746019e+02,5.769598399999999856e+02
8.612905234630054565e+02,5.769598399999999856e+02
8.615031522760200460e+02,5.769598399999999856e+02
8.487859999999999445e+02,6.498916000000000395e+02
8.619740245291652627e+02,6.595174600000000282e+02
8.622326271395882031e+02,6.595174600000000282e+02
8.624448967823104795e+02,6.595174600000000282e+02
8.627504245801528668e+02,6.595174600000000282e+02
8.629157690354556962e+02,6.595174600000000282e+02
8.631747308161709498e+02,6.595174600000000282e+02
8.633866412886009130e+02,6.595174600000000282e+02
8.637883946788990670e+02,6.595174600000000282e+02
8.638575135417461297e+02,6.595174600000000282e+02
8.641168344927536964e+02,6.595174600000000282e+02
8.643283857948913464e+02,6.595174600000000282e+02
8.646360702595420662e+02,6.595174600000000282e+02
8.647992580480367906e+02,6.595174600000000282e+02
8.650589381693364430e+02,6.595174600000000282e+02
8.652701303011820073e+02,6.595174600000000282e+02
8.658738867484662478e+02,6.595174600000000282e+02
8.657410025543272241e+02,6.595174600000000282e+02
8.660010418459191897e+02,6.595174600000000282e+02
8.662118748074724408e+02,6.595174600000000282e+02
8.665217159389314929e+02,6.595174600000000282e+02
8.666827470606176576e+02,6.595174600000000282e+02
8.669431455225019363e+02,6.595174600000000282e+02
8.671536193137628743e+02,6.595174600000000282e+02
8.675654525382262818e+02,6.595174600000000282e+02
8.676244915669083184e+02,6.595174600000000282e+02
8.678852491990846829e+02,6.595174600000000282e+02
8.680953638200535352e+02,6.595174600000000282e+02
8.684073616183206923e+02,6.595174600000000282e+02
8.685662360731987519e+02,6.595174600000000282e+02
8.688273528756674295e+02,6.595174600000000282e+02
8.690371083263439687e+02,6.595174600000000282e+02
8.406885399999999890e+02,6.380517599999999447e+02
8.695079805794891854e+02,6.644768000000000256e+02
8.697694565522504035e+02,6.644768000000000256e+02
8.699788528326344021e+02,6.644768000000000256e+02
8.702930072977101190e+02,6.644768000000000256e+02
8.704497250857798463e+02,6.644768000000000256e+02
8.707115602288331502e+02,6.644768000000000256e+02
8.709205973389250630e+02,6.644768000000000256e+02
8.713425103975534967e+02,6.644768000000000256e+02
8.713914695920702798e+02,6.644768000000000256e+02
8.716536639054158968e+02,6.644768000000000256e+02
8.718623418452154965e+02,6.644768000000000256e+02
8.721786529770993184e+02,6.644768000000000256e+02
8.723332140983607133e+02,6.644768000000000256e+02
8.725957675819986434e+02,6.644768000000000256e+02
8.728040863515059300e+02,6.644768000000000256e+02
8.734511746012269668e+02,6.644768000000000256e+02
8.732749586046513741e+02,6.644768000000000256e+02
8.735378712585813901e+02,6.644768000000000256e+02
8.737458308577965909e+02,6.644768000000000256e+02
8.740642986564887451e+02,6.644768000000000256e+02
8.742167031109418076e+02,6.644768000000000256e+02
8.744799749351641367e+02,6.644768000000000256e+02
8.746875753640870244e+02,6.644768000000000256e+02
8.751195682568807115e+02,6.644768000000000256e+02
8.751584476172322411e+02,6.644768000000000256e+02
8.754220786117468833e+02,6.644768000000000256e+02
8.756293198703774578e+02,6.644768000000000256e+02
8.759499443358779445e+02,6.644768000000000256e+02
8.761001921235229020e+02,6.644768000000000256e+02
8.763641822883296300e+02,6.644768000000000256e+02
8.765710643766681187e+02,6.644768000000000256e+02
8.342063000000000557e+02,6.166000000000000227e+02
8.770419366298133355e+02,6.644768000000000256e+02
8.773062859649123766e+02,6.644768000000000256e+02
8.775128088829585522e+02,6.644768000000000256e+02
8.778355900152673712e+02,6.644768000000000256e+02
8.779836811361037689e+02,6.644768000000000256e+02
8.782483896414951232e+02,6.644768000000000256e+02
8.784545533892489857e+02,6.644768000000000256e+02
8.788966261162079263e+02,6.644768000000000256e+02
8.789254256423944298e+02,6.644768000000000256e+02
8.791904933180778698e+02,6.644768000000000256e+02
8.793962978955396466e+02,6.644768000000000256e+02
8.797212356946565706e+02,6.644768000000000256e+02
8.798671701486848633e+02,6.644768000000000256e+02
8.801325969946606165e+02,6.644768000000000256e+02
8.803380424018300801e+02,6.644768000000000256e+02
8.810284624539876859e+02,6.644768000000000256e+02
8.808089146549752968e+02,6.644768000000000256e+02
8.810747006712433631e+02,6.644768000000000256e+02
8.812797869081205135e+02,6.644768000000000256e+02
8.816068813740459973e+02,6.644768000000000256e+02
8.817506591612657303e+02,6.644768000000000256e+02
8.820168043478261097e+02,6.644768000000000256e+02
8.822215314144111744e+02,6.644768000000000256e+02
8.826736839755351411e+02,6.644768000000000256e+02
8.826924036675563912e+02,6.644768000000000256e+02
8.829589080244088564e+02,6.644768000000000256e+02
8.831632759207016079e+02,6.644768000000000256e+02
8.834925270534351966e+02,6.644768000000000256e+02
8.836341481738468246e+02,6.644768000000000256e+02
8.839010117009918304e+02,6.644768000000000256e+02
8.841050204269920414e+02,6.644768000000000256e+02
8.380968599999999924e+02,5.971427999999999656e+02
8.845758926801372581e+02,5.542888000000000375e+02
8.848431153775745770e+02,5.542888000000000375e+02
8.850467649332827023e+02,5.542888000000000375e+02
8.853781727328246234e+02,5.542888000000000375e+02
8.855176371864279190e+02,5.542888000000000375e+02
8.857852190541573236e+02,5.542888000000000375e+02
8.859885094395731358e+02,5.542888000000000375e+02
8.864507418348623560e+02,5.542888000000000375e+02
8.864593816927183525e+02,5.542888000000000375e+02
8.867273227307400703e+02,5.542888000000000375e+02
8.869302539458635692e+02,5.542888000000000375e+02
8.872638184122138227e+02,5.542888000000000375e+02
8.874011261990087860e+02,5.542888000000000375e+02
8.876694264073228169e+02,5.542888000000000375e+02
8.878719984521542301e+02,5.542888000000000375e+02
8.886057503067486323e+02,5.542888000000000375e+02
8.883428707052994469e+02,5.542888000000000375e+02
8.886115300839055635e+02,5.542888000000000375e+02
8.888137429584446636e+02,5.542888000000000375e+02
8.891494640916032495e+02,5.542888000000000375e+02
8.892846152115898803e+02,5.542888000000000375e+02
8.895536337604883101e+02,5.542888000000000375e+02
8.897554874647350971e+02,5.542888000000000375e+02
8.902277996941895708e+02,5.542888000000000375e+02
8.902263597178803138e+02,5.542888000000000375e+02
8.904957374370710568e+02,5.542888000000000375e+02
8.906972319710257580e+02,5.542888000000000375e+02
8.910351097709924488e+02,5.542888000000000375e+02
8.911681042241709747e+02,5.542888000000000375e+02
8.914378411136538034e+02,5.542888000000000375e+02
8.916389764773161914e+02,5.542888000000000375e+02
8.549309700000000021e+02,5.769598399999999856e+02
8.921098487304614082e+02,5.036392799999999852e+02
8.923799447902365500e+02,5.036392799999999852e+02
8.925807209836066249e+02,5.036392799999999852e+02
8.929207554503818756e+02,5.036392799999999852e+02
8.930515932367518417e+02,5.036392799999999852e+02
8.933220484668192967e+02,5.036392799999999852e+02
8.935224654898972858e+02,5.036392799999999852e+02
8.940048575535167856e+02,5.036392799999999852e+02
8.939933377430425026e+02,5.036392799999999852e+02
8.942641521434020433e+02,5.036392799999999852e+02
8.944642099961877193e+02,5.036392799999999852e+02
8.948064011297710749e+02,5.036392799999999852e+02
8.949350822493329360e+02,5.036392799999999852e+02
8.952062558199847899e+02,5.036392799999999852e+02
8.954059545024781528e+02,5.036392799999999852e+02
8.961830381595093513e+02,5.036392799999999852e+02
8.958768267556233695e+02,5.036392799999999852e+02
8.961483594965675366e+02,5.036392799999999852e+02
8.963476990087688137e+02,5.036392799999999852e+02
8.966920468091605017e+02,6.620035400000000436e+02
8.968185712619140304e+02,6.620035400000000436e+02
8.970904631731502832e+02,6.620035400000000436e+02
8.972894435150592471e+02,6.620035400000000436e+02
8.977819154128440005e+02,5.036576999999999771e+02
8.977603157682044639e+02,5.036576999999999771e+02
8.980325668497330298e+02,5.017217999999999734e+02
8.982311880213496806e+02,5.017217999999999734e+02
8.985776924885497010e+02,5.017217999999999734e+02
8.987020602744948974e+02,5.017217999999999734e+02
8.989746705263160038e+02,5.017217999999999734e+02
8.991729325276401141e+02,5.017217999999999734e+02
8.879147299999999632e+02,5.542888000000000375e+02
8.996438047807855583e+02,4.967645299999999793e+02
8.999167742028987504e+02,4.967645299999999793e+02
9.001146770339307750e+02,4.967645299999999793e+02
9.004633381679391277e+02,4.967645299999999793e+02
9.005855492870759917e+02,4.967645299999999793e+02
9.008588778794814971e+02,4.967645299999999793e+02
9.010564215402212085e+02,4.967645299999999793e+02
9.015589732721712153e+02,4.967645299999999793e+02
9.015272937933664252e+02,4.967645299999999793e+02
9.018009815560642437e+02,4.967645299999999793e+02
9.019981660465116420e+02,4.967645299999999793e+02
9.023489838473283271e+02,4.967645299999999793e+02
9.024690382996570861e+02,4.967645299999999793e+02
9.027430852326469903e+02,4.967645299999999793e+02
9.029399105528023028e+02,4.967645299999999793e+02
9.037603260122700704e+02,4.967645299999999793e+02
9.034107828059475196e+02,4.967645299999999793e+02
9.036851889092297370e+02,4.967645299999999793e+02
9.038816550590927363e+02,4.967645299999999793e+02
9.042346295267177538e+02,4.967645299999999793e+02
9.043525273122379531e+02,4.967645299999999793e+02
9.046272925858124836e+02,4.967645299999999793e+02
9.048233995653831698e+02,4.967645299999999793e+02
9.053360311314984301e+02,4.967645299999999793e+02
9.052942718185286139e+02,4.967645299999999793e+02
9.055693962623952302e+02,4.967645299999999793e+02
9.057651440716738307e+02,4.967645299999999793e+02
9.061202752061069532e+02,4.967645299999999793e+02
9.062360163248190474e+02,4.967645299999999793e+02
9.065114999389779769e+02,4.967645299999999793e+02
9.067068885779642642e+02,4.967645299999999793e+02
9.193313000000000557e+02,5.409205299999999852e+02
9.071777608311094809e+02,4.987641600000000039e+02
9.074536036155607235e+02,4.987641600000000039e+02
9.076486330842546977e+02,4.987641600000000039e+02
9.080059208854963799e+02,4.987641600000000039e+02
9.081195053374001418e+02,4.987641600000000039e+02
9.083957072921434701e+02,4.987641600000000039e+02
9.085903775905453585e+02,4.987641600000000039e+02
9.091130889908256449e+02,4.987641600000000039e+02
9.090612498436905753e+02,4.987641600000000039e+02
9.093378109687262167e+02,4.987641600000000039e+02
9.095321220968357920e+02,4.987641600000000039e+02
9.098915665648855793e+02,4.987641600000000039e+02
9.100029943499810088e+02,4.987641600000000039e+02
9.102799146453089634e+02,4.987641600000000039e+02
9.104738666031262255e+02,4.987641600000000039e+02
9.113376138650307894e+02,4.987641600000000039e+02
9.109447388562716696e+02,4.987641600000000039e+02
9.112220183218917100e+02,4.987641600000000039e+02
9.114156111094168864e+02,4.987641600000000039e+02
9.117772122442750060e+02,4.987641600000000039e+02
9.118864833625621031e+02,4.987641600000000039e+02
9.121641219984744566e+02,4.987641600000000039e+02
9.123573556157073199e+02,4.987641600000000039e+02
9.128901468501530871e+02,4.987641600000000039e+02
9.128282278688525366e+02,4.987641600000000039e+02
9.131062256750574306e+02,4.987641600000000039e+02
9.132991001219977534e+02,4.987641600000000039e+02
9.136628579236642054e+02,4.987641600000000039e+02
9.137699723751431975e+02,4.987641600000000039e+02
9.140483293516401773e+02,4.987641600000000039e+02
9.142408446282884142e+02,4.987641600000000039e+02
9.511693000000000211e+02,5.336690700000000334e+02
9.147117168814336310e+02,5.409205299999999852e+02
9.149904330282229239e+02,5.409205299999999852e+02
9.151825891345788477e+02,5.409205299999999852e+02
9.155485036030536321e+02,5.409205299999999852e+02
9.156534613877240645e+02,5.409205299999999852e+02
9.159325367048056705e+02,5.409205299999999852e+02
9.161243336408692812e+02,5.409205299999999852e+02
9.166672047094803020e+02,5.409205299999999852e+02
9.165952058940144980e+02,5.409205299999999852e+02
9.168746403813884172e+02,5.409205299999999852e+02
9.170660781471599421e+02,5.409205299999999852e+02
9.174341492824428315e+02,5.409205299999999852e+02
9.175369504003051588e+02,5.409205299999999852e+02
9.178167440579711638e+02,5.409205299999999852e+02
9.180078226534503756e+02,5.409205299999999852e+02
9.189149017177915084e+02,5.409205299999999852e+02
9.184786949065955923e+02,5.409205299999999852e+02
9.187588477345539104e+02,5.409205299999999852e+02
9.189495671597408091e+02,5.409205299999999852e+02
9.193197949618322582e+02,5.409205299999999852e+02
9.194204394128860258e+02,5.409205299999999852e+02
9.197009514111366570e+02,4.881727300000000014e+02
9.198913116660314699e+02,4.881727300000000014e+02
9.204442625688075168e+02,6.508301999999999907e+02
9.203621839191766867e+02,6.508301999999999907e+02
9.206430550877194037e+02,6.508301999999999907e+02
9.208330561723219034e+02,6.508301999999999907e+02
9.212054406412214576e+02,6.508301999999999907e+02
9.213039284254671202e+02,6.508301999999999907e+02
9.215851587643021503e+02,6.508301999999999907e+02
9.217748006786123369e+02,6.508301999999999907e+02
9.758728999999999587e+02,5.290659000000000560e+02
9.222456729317575537e+02,4.804665499999999838e+02
9.225272624408848969e+02,4.804665499999999838e+02
9.227165451849029978e+02,4.804665499999999838e+02
9.230910863206108843e+02,4.804665499999999838e+02
9.231874174380482145e+02,4.804665499999999838e+02
9.234693661174676436e+02,4.804665499999999838e+02
9.236582896911934313e+02,4.804665499999999838e+02
9.242213204281347316e+02,4.804665499999999838e+02
9.241291619443386480e+02,4.804665499999999838e+02
9.244114697940503902e+02,4.804665499999999838e+02
9.246000341974838648e+02,4.804665499999999838e+02
9.249767320000000836e+02,4.804665499999999838e+02
9.250709064506290815e+02,4.804665499999999838e+02
9.253535734706331368e+02,4.804665499999999838e+02
9.255417787037745256e+02,4.804665499999999838e+02
9.264921895705522275e+02,4.804665499999999838e+02
9.260126509569197424e+02,4.804665499999999838e+02
9.262956771472158835e+02,4.804665499999999838e+02
9.264835232100649591e+02,4.804665499999999838e+02
9.268623776793895104e+02,4.804665499999999838e+02
9.269543954632101759e+02,4.804665499999999838e+02
9.272377808237986301e+02,4.804665499999999838e+02
9.274252677163553926e+02,4.804665499999999838e+02
9.279983782874619465e+02,4.804665499999999838e+02
9.278961399695006094e+02,4.804665499999999838e+02
9.281798845003816041e+02,4.804665499999999838e+02
9.283670122226460535e+02,4.804665499999999838e+02
9.287480233587787097e+02,4.804665499999999838e+02
9.288378844757912702e+02,4.804665499999999838e+02
9.291219881769643507e+02,4.804665499999999838e+02
9.293087567289364870e+02,4.804665499999999838e+02
9.978804999999999836e+02,5.227469499999999698e+02
9.297796289820817037e+02,4.804665499999999838e+02
9.300640918535470973e+02,4.804665499999999838e+02
9.302505012352269205e+02,4.804665499999999838e+02
9.306336690381681365e+02,4.804665499999999838e+02
9.307213734883721372e+02,4.804665499999999838e+02
9.310061955301298440e+02,4.804665499999999838e+02
9.311922457415175813e+02,4.804665499999999838e+02
9.317754361467891613e+02,4.804665499999999838e+02
9.316631179946627981e+02,4.804665499999999838e+02
9.319482992067125906e+02,4.804665499999999838e+02
9.321339902478080148e+02,4.804665499999999838e+02
9.325193147175573358e+02,4.804665499999999838e+02
9.326048625009532316e+02,4.804665499999999838e+02
9.328904028832953372e+02,4.804665499999999838e+02
9.330757347540984483e+02,4.804665499999999838e+02
9.340694774233129465e+02,6.336950699999999870e+02
9.335466070072436651e+02,6.336950699999999870e+02
9.338325065598780839e+02,6.336950699999999870e+02
9.340174792603888818e+02,6.336950699999999870e+02
9.344049603969467626e+02,6.336950699999999870e+02
9.344883515135343259e+02,6.336950699999999870e+02
9.347746102364608305e+02,6.336950699999999870e+02
9.349592237666795427e+02,6.336950699999999870e+02
9.355524940061163761e+02,6.336950699999999870e+02
9.354300960198247594e+02,6.336950699999999870e+02
9.357167139130435771e+02,6.336950699999999870e+02
9.359009682729699762e+02,6.336950699999999870e+02
9.362906060763359619e+02,6.336950699999999870e+02
9.363718405261151929e+02,6.336950699999999870e+02
9.366588175896263238e+02,6.336950699999999870e+02
9.368427127792604097e+02,6.336950699999999870e+02
1.014859600000000000e+03,5.144900999999999840e+02
9.373135850324058538e+02,4.771363499999999931e+02
9.376009212662090704e+02,4.771363499999999931e+02
9.377844572855510705e+02,4.771363499999999931e+02
9.381762517557253886e+02,4.771363499999999931e+02
9.382553295386962873e+02,4.771363499999999931e+02
9.385430249427918170e+02,4.771363499999999931e+02
9.387262017918415040e+02,4.771363499999999931e+02
9.393295518654435909e+02,4.771363499999999931e+02
9.391970740449867208e+02,4.771363499999999931e+02
9.394851286193745636e+02,4.771363499999999931e+02
9.396679462981319375e+02,4.771363499999999931e+02
9.400618974351145880e+02,4.771363499999999931e+02
9.401388185512773816e+02,4.771363499999999931e+02
9.404272322959573103e+02,4.771363499999999931e+02
9.406096908044225984e+02,4.771363499999999931e+02
9.416467652760736655e+02,4.771363499999999931e+02
9.410805630575678151e+02,4.771363499999999931e+02
9.413693359725400569e+02,4.771363499999999931e+02
9.415514353107130319e+02,4.771363499999999931e+02
9.419475431145040147e+02,4.771363499999999931e+02
9.420223075638582486e+02,4.771363499999999931e+02
9.423114396491230309e+02,4.771363499999999931e+02
9.424931798170034654e+02,4.771363499999999931e+02
9.431066097247708058e+02,4.771363499999999931e+02
9.429640520701489095e+02,4.771363499999999931e+02
9.432535433257057775e+02,4.771363499999999931e+02
9.434349243232941262e+02,4.771363499999999931e+02
9.438331887938932141e+02,4.771363499999999931e+02
9.439057965764393430e+02,4.771363499999999931e+02
9.441956470022885242e+02,4.771363499999999931e+02
9.443766688295845597e+02,4.771363499999999931e+02
1.027780500000000075e+03,5.035113499999999931e+02
9.448475410827297765e+02,6.170718000000000529e+02
9.451377506788712708e+02,6.170718000000000529e+02
9.453184133358749932e+02,6.170718000000000529e+02
9.457188344732826408e+02,6.170718000000000529e+02
9.457892855890204373e+02,6.170718000000000529e+02
9.460798543554540174e+02,6.170718000000000529e+02
9.462601578421656541e+02,6.170718000000000529e+02
9.468836675840980206e+02,6.170718000000000529e+02
9.467310300953108708e+02,6.170718000000000529e+02
9.470219580320367641e+02,6.170718000000000529e+02
9.472019023484560876e+02,6.170718000000000529e+02
9.476044801526718402e+02,6.170718000000000529e+02
9.476727746016013043e+02,6.170718000000000529e+02
9.479640617086195107e+02,6.170718000000000529e+02
9.481436468547465211e+02,6.170718000000000529e+02
9.492240531288343846e+02,5.336690700000000334e+02
9.486145191078919652e+02,5.336690700000000334e+02
9.489061653852022573e+02,5.336690700000000334e+02
9.490853913610371819e+02,5.336690700000000334e+02
9.494901258320612669e+02,5.336690700000000334e+02
9.495562636141823987e+02,5.336690700000000334e+02
9.498482690617850039e+02,5.336690700000000334e+02
9.500271358673276154e+02,5.336690700000000334e+02
9.506607254434252354e+02,5.336690700000000334e+02
9.504980081204728322e+02,5.336690700000000334e+02
9.507903727383677506e+02,5.336690700000000334e+02
9.509688803736180489e+02,5.336690700000000334e+02
9.513757715114504663e+02,5.336690700000000334e+02
9.514397526267632657e+02,5.336690700000000334e+02
9.517324764149504972e+02,5.336690700000000334e+02
9.519106248799087098e+02,5.336690700000000334e+02
1.033701700000000073e+03,4.901158399999999915e+02
9.523814971330539265e+02,4.603198199999999929e+02
9.526745800915332438e+02,4.603198199999999929e+02
9.528523693861991433e+02,4.603198199999999929e+02
9.532614171908398930e+02,4.603198199999999929e+02
9.533232416393443600e+02,4.603198199999999929e+02
9.536166837681159905e+02,4.603198199999999929e+02
9.537941138924895768e+02,4.603198199999999929e+02
9.544377833027524503e+02,5.916702999999999975e+02
9.542649861456347935e+02,5.916702999999999975e+02
9.545587874446987371e+02,5.916702999999999975e+02
9.547358583987802376e+02,5.916702999999999975e+02
9.551470628702290924e+02,5.916702999999999975e+02
9.552067306519254544e+02,5.916702999999999975e+02
9.555008911212814837e+02,5.916702999999999975e+02
9.556776029050706711e+02,5.916702999999999975e+02
9.568013409815951036e+02,5.916702999999999975e+02
9.561484751582158879e+02,5.916702999999999975e+02
9.564429947978644577e+02,5.916702999999999975e+02
9.566193474113611046e+02,5.916702999999999975e+02
9.570327085496185191e+02,5.916702999999999975e+02
9.570902196645063214e+02,5.916702999999999975e+02
9.573850984744472044e+02,5.916702999999999975e+02
9.575610919176517655e+02,5.916702999999999975e+02
9.582148411620796651e+02,5.916702999999999975e+02
9.580319641707969822e+02,5.916702999999999975e+02
9.583272021510299510e+02,5.916702999999999975e+02
9.585028364239421990e+02,5.916702999999999975e+02
9.589183542290077185e+02,5.916702999999999975e+02
9.589737086770874157e+02,5.916702999999999975e+02
9.592693058276126976e+02,5.916702999999999975e+02
9.594445809302326325e+02,5.916702999999999975e+02
1.044137999999999920e+03,4.681175499999999943e+02
9.599154531833778492e+02,4.496602800000000002e+02
9.602114095041954442e+02,4.496602800000000002e+02
9.603863254365232933e+02,4.496602800000000002e+02
9.608039999083971452e+02,4.496602800000000002e+02
9.608571976896685101e+02,4.496602800000000002e+02
9.611535131807781909e+02,4.496602800000000002e+02
9.613280699428137268e+02,4.496602800000000002e+02
9.619918990214068799e+02,4.496602800000000002e+02
9.617989421959589436e+02,4.496602800000000002e+02
9.620956168573609375e+02,4.496602800000000002e+02
9.622698144491041603e+02,4.496602800000000002e+02
9.626896455877863445e+02,4.496602800000000002e+02
9.627406867022493770e+02,4.496602800000000002e+02
9.630377205339436841e+02,5.578899999999999864e+02
9.632115589553948212e+02,5.578899999999999864e+02
9.643786288343558226e+02,5.578899999999999864e+02
9.636824312085400379e+02,5.578899999999999864e+02
9.639798242105264308e+02,5.578899999999999864e+02
9.641533034616852547e+02,5.578899999999999864e+02
9.645752912671757713e+02,5.578899999999999864e+02
9.646241757148304714e+02,5.578899999999999864e+02
9.649219278871091774e+02,5.578899999999999864e+02
9.650950479679756882e+02,5.578899999999999864e+02
9.657689568807340947e+02,5.578899999999999864e+02
9.655659202211209049e+02,5.578899999999999864e+02
9.658640315636919240e+02,5.578899999999999864e+02
9.660367924742663490e+02,5.578899999999999864e+02
9.664609369465649706e+02,5.578899999999999864e+02
9.665076647274115658e+02,5.578899999999999864e+02
9.668061352402746707e+02,5.578899999999999864e+02
9.669785369805567825e+02,5.578899999999999864e+02
1.044137999999999920e+03,4.681175499999999943e+02
9.674494092337019993e+02,4.451802999999999884e+02
9.677482389168574173e+02,4.451802999999999884e+02
9.679202814868472160e+02,4.451802999999999884e+02
9.683465826259543974e+02,4.451802999999999884e+02
9.683911537399924327e+02,4.451802999999999884e+02
9.686903425934401639e+02,4.451802999999999884e+02
9.688620259931376495e+02,4.451802999999999884e+02
9.695460147400613096e+02,5.205025600000000168e+02
9.693328982462830936e+02,5.205025600000000168e+02
9.696324462700229105e+02,5.205025600000000168e+02
9.698037704994283104e+02,5.205025600000000168e+02
9.702322283053435967e+02,4.496999500000000012e+02
9.702746427525735271e+02,4.496999500000000012e+02
9.705745499466056572e+02,4.496999500000000012e+02
9.707455150057187439e+02,4.496999500000000012e+02
9.719559166871165417e+02,4.804991499999999860e+02
9.712163872588639606e+02,4.804991499999999860e+02
9.715166536231886312e+02,4.804991499999999860e+02
9.716872595120091773e+02,4.804991499999999860e+02
9.721178739847330235e+02,4.804991499999999860e+02
9.721581317651546215e+02,4.804991499999999860e+02
9.724587572997713778e+02,4.804991499999999860e+02
9.726290040182998382e+02,4.804991499999999860e+02
9.733230725993885244e+02,4.701086399999999799e+02
9.730998762714450550e+02,4.701086399999999799e+02
9.734008609763541244e+02,4.701086399999999799e+02
9.735707485245902717e+02,4.701086399999999799e+02
9.740035196641222228e+02,4.701086399999999799e+02
9.740416207777354884e+02,4.701086399999999799e+02
9.743429646529368711e+02,4.701086399999999799e+02
9.745124930308807052e+02,4.701086399999999799e+02
1.061132399999999961e+03,4.165843499999999722e+02
9.749833652840261493e+02,5.290659000000000560e+02
9.752850683295196177e+02,5.290659000000000560e+02
9.754542375371713661e+02,5.290659000000000560e+02
9.758891653435116496e+02,5.290659000000000560e+02
9.759251097903165828e+02,5.290659000000000560e+02
9.762271720061023643e+02,5.290659000000000560e+02
9.763959820434617995e+02,5.290659000000000560e+02
9.771001304587157392e+02,5.290659000000000560e+02
9.768668542966070163e+02,5.290659000000000560e+02
9.771692756826851110e+02,5.290659000000000560e+02
9.773377265497522330e+02,5.290659000000000560e+02
9.777748110229008489e+02,5.290659000000000560e+02
9.778085988028976772e+02,5.290659000000000560e+02
9.781113793592678576e+02,5.290659000000000560e+02
9.782794710560428939e+02,5.290659000000000560e+02
9.795332045398772607e+02,5.290659000000000560e+02
9.787503433091881107e+02,5.290659000000000560e+02
9.790534830358506042e+02,5.290659000000000560e+02
9.792212155623333274e+02,5.290659000000000560e+02
9.796604567022902756e+02,5.290659000000000560e+02
9.796920878154785441e+02,5.290659000000000560e+02
9.799955867124333508e+02,5.290659000000000560e+02
9.801629600686237609e+02,5.290659000000000560e+02
9.808771883180429541e+02,5.290659000000000560e+02
9.806338323217692050e+02,5.290659000000000560e+02
9.809376903890160975e+02,5.290659000000000560e+02
9.811047045749144218e+02,5.290659000000000560e+02
9.815461023816794750e+02,5.290659000000000560e+02
9.815755768280596385e+02,5.290659000000000560e+02
9.818797940655988441e+02,5.290659000000000560e+02
9.820464490812048552e+02,5.290659000000000560e+02
1.061132399999999961e+03,4.165843499999999722e+02
9.825173213343500720e+02,4.690061000000000035e+02
9.828218977421815907e+02,4.690061000000000035e+02
9.829881935874952887e+02,4.690061000000000035e+02
9.834317480610689017e+02,4.690061000000000035e+02
9.834590658406407329e+02,4.690061000000000035e+02
9.837640014187643374e+02,4.690061000000000035e+02
9.839299380937859496e+02,4.690061000000000035e+02
9.846542461773701689e+02,4.690061000000000035e+02
9.844008103469311664e+02,4.690061000000000035e+02
9.847061050953470840e+02,4.690061000000000035e+02
9.848716826000763831e+02,4.690061000000000035e+02
9.853173937404581011e+02,4.690061000000000035e+02
9.853425548532215998e+02,4.690061000000000035e+02
9.856482087719300580e+02,4.690061000000000035e+02
9.858134271063668166e+02,4.690061000000000035e+02
9.871104923926382071e+02,4.690061000000000035e+02
9.862842993595120333e+02,4.690061000000000035e+02
9.865903124485128046e+02,4.690061000000000035e+02
9.867551716126574775e+02,4.690061000000000035e+02
9.872030394198475278e+02,4.690061000000000035e+02
9.872260438658026942e+02,4.690061000000000035e+02
9.875324161250955513e+02,4.690061000000000035e+02
9.876969161189479109e+02,4.690061000000000035e+02
9.884313040366973837e+02,4.690061000000000035e+02
9.881677883720931277e+02,4.690061000000000035e+02
9.884745198016782979e+02,4.690061000000000035e+02
9.886386606252383444e+02,4.690061000000000035e+02
9.890886850992367272e+02,4.690061000000000035e+02
9.891095328783835612e+02,4.690061000000000035e+02
9.894166234782610445e+02,4.690061000000000035e+02
9.895804051315290053e+02,4.690061000000000035e+02
1.060253400000000056e+03,4.254389600000000087e+02
9.900512773846742220e+02,4.690061000000000035e+02
9.903587271548437911e+02,4.690061000000000035e+02
9.905221496378194388e+02,4.690061000000000035e+02
9.909743307786261539e+02,4.690061000000000035e+02
9.909930218909646555e+02,4.690061000000000035e+02
9.913008308314265378e+02,4.690061000000000035e+02
9.914638941441098723e+02,4.690061000000000035e+02
9.922083618960245985e+02,4.690061000000000035e+02
9.919347663972550890e+02,4.690061000000000035e+02
9.922429345080092844e+02,4.690061000000000035e+02
9.924056386504005332e+02,4.690061000000000035e+02
9.928599764580153533e+02,4.690061000000000035e+02
9.928765109035457499e+02,4.690061000000000035e+02
9.931850381845920310e+02,4.690061000000000035e+02
9.933473831566909666e+02,4.690061000000000035e+02
9.946877802453989261e+02,4.690061000000000035e+02
9.938182554098361834e+02,4.690061000000000035e+02
9.941271418611747777e+02,4.690061000000000035e+02
9.942891276629814001e+02,4.690061000000000035e+02
9.947456221374047800e+02,4.690061000000000035e+02
9.947599999161266169e+02,4.690061000000000035e+02
9.950692455377575243e+02,4.690061000000000035e+02
9.952308721692720610e+02,4.690061000000000035e+02
9.959854197553518134e+02,4.690061000000000035e+02
9.957017444224172777e+02,4.690061000000000035e+02
9.960113492143402709e+02,4.690061000000000035e+02
9.961726166755624945e+02,4.690061000000000035e+02
9.966312678167939794e+02,4.690061000000000035e+02
9.966434889287077112e+02,4.690061000000000035e+02
9.969534528909230175e+02,4.690061000000000035e+02
9.971143611818529280e+02,4.690061000000000035e+02
1.056489700000000084e+03,4.493392299999999864e+02
9.975852334349981447e+02,5.227469499999999698e+02
9.978955565675057642e+02,5.227469499999999698e+02
9.980561056881435888e+02,5.227469499999999698e+02
9.985169134961834061e+02,5.227469499999999698e+02
9.985269779412888056e+02,5.227469499999999698e+02
9.988376602440885108e+02,5.227469499999999698e+02
9.989978501944340223e+02,5.227469499999999698e+02
9.997624776146790282e+02,5.227469499999999698e+02
9.994687224475792391e+02,5.227469499999999698e+02
9.997797639206712574e+02,5.227469499999999698e+02
9.999395947007244558e+02,5.227469499999999698e+02
1.000402559175572605e+03,5.227469499999999698e+02
1.000410466953869673e+03,5.227469499999999698e+02
1.000721867597254231e+03,5.227469499999999698e+02
1.000881339207015117e+03,5.227469499999999698e+02
1.002265068098159645e+03,5.227469499999999698e+02
1.001352211460160333e+03,5.227469499999999698e+02
1.001663971273836978e+03,5.227469499999999698e+02
1.001823083713305550e+03,5.227469499999999698e+02
1.002288204854962032e+03,5.227469499999999698e+02
1.002293955966450767e+03,5.227469499999999698e+02
1.002606074950419725e+03,5.227469499999999698e+02
1.002764828219595984e+03,5.227469499999999698e+02
1.003539535474006243e+03,5.227469499999999698e+02
1.003235700472741200e+03,5.227469499999999698e+02
1.003548178627002471e+03,5.227469499999999698e+02
1.003706572725886417e+03,5.227469499999999698e+02
1.004173850534351232e+03,5.227469499999999698e+02
1.004177444979031861e+03,5.227469499999999698e+02
1.004490282303585218e+03,5.227469499999999698e+02
1.004648317232177078e+03,5.227469499999999698e+02
1.052030600000000049e+03,4.796614999999999895e+02
1.005119189485322295e+03,5.144900999999999840e+02
1.005432385980167965e+03,5.144900999999999840e+02
1.005590061738467512e+03,5.144900999999999840e+02
1.006059496213740658e+03,5.144900999999999840e+02
1.006060933991612728e+03,5.144900999999999840e+02
1.006374489656750711e+03,5.144900999999999840e+02
1.006531806244757945e+03,5.144900999999999840e+02
1.007316593333333458e+03,5.144900999999999840e+02
1.007002678497903389e+03,5.144900999999999840e+02
1.007316593333333458e+03,5.144900999999999840e+02
1.007473550751048606e+03,5.144900999999999840e+02
1.007945141893129858e+03,5.144900999999999840e+02
1.007944423004193823e+03,5.144900999999999840e+02
1.008258697009916204e+03,5.144900999999999840e+02
1.008415295257339039e+03,5.144900999999999840e+02
1.009842355950920364e+03,5.144900999999999840e+02
1.008886167510484256e+03,5.144900999999999840e+02
1.009200800686498951e+03,5.144900999999999840e+02
1.009357039763629473e+03,5.144900999999999840e+02
1.009830787572519284e+03,5.144900999999999840e+02
1.009827912016774917e+03,5.144900999999999840e+02
1.010142904363081698e+03,5.144900999999999840e+02
1.010298784269920134e+03,5.144900999999999840e+02
1.011093651192660673e+03,5.144900999999999840e+02
1.010769656523065350e+03,5.144900999999999840e+02
1.011085008039664444e+03,5.144900999999999840e+02
1.011240528776210567e+03,5.144900999999999840e+02
1.011716433251908484e+03,5.144900999999999840e+02
1.011711401029355784e+03,5.144900999999999840e+02
1.012027111716247191e+03,5.144900999999999840e+02
1.012182273282501001e+03,5.144900999999999840e+02
1.050135999999999967e+03,5.010007299999999759e+02
1.012653145535646445e+03,5.144900999999999840e+02
1.012969215392829938e+03,5.144900999999999840e+02
1.013124017788791662e+03,5.144900999999999840e+02
1.013602078931297910e+03,5.144900999999999840e+02
1.013594890041936878e+03,5.144900999999999840e+02
1.013911319069412684e+03,5.144900999999999840e+02
1.014065762295082095e+03,5.144900999999999840e+02
1.014870709051987888e+03,5.144900999999999840e+02
1.014536634548227312e+03,5.144900999999999840e+02
1.014853422745995658e+03,5.144900999999999840e+02
1.015007506801372529e+03,5.144900999999999840e+02
1.015487724610687110e+03,5.144900999999999840e+02
1.015478379054517973e+03,5.144900999999999840e+02
1.015795526422578405e+03,5.144900999999999840e+02
1.015949251307663189e+03,5.144900999999999840e+02
1.017419643803681083e+03,5.144900999999999840e+02
1.016420123560808406e+03,5.144900999999999840e+02
1.016737630099161152e+03,5.144900999999999840e+02
1.016890995813953623e+03,5.144900999999999840e+02
1.017373370290076537e+03,5.144900999999999840e+02
1.017361868067098840e+03,5.144900999999999840e+02
1.017679733775743898e+03,5.144900999999999840e+02
1.017832740320244056e+03,5.144900999999999840e+02
1.018647766911315102e+03,5.144900999999999840e+02
1.018303612573389501e+03,5.144900999999999840e+02
1.018621837452326645e+03,5.144900999999999840e+02
1.018774484826534717e+03,5.144900999999999840e+02
1.019259015969465736e+03,5.144900999999999840e+02
1.019245357079679934e+03,5.144900999999999840e+02
1.019563941128909391e+03,5.144900999999999840e+02
1.019716229332825151e+03,5.144900999999999840e+02
1.051948200000000043e+03,5.145429699999999684e+02
1.020187101585970368e+03,5.035113499999999931e+02
1.020506044805492138e+03,5.035113499999999931e+02
1.020657973839115584e+03,5.035113499999999931e+02
1.021144661648855163e+03,5.035113499999999931e+02
1.021128846092260801e+03,5.035113499999999931e+02
1.021448148482074885e+03,5.035113499999999931e+02
1.021599718345406245e+03,5.035113499999999931e+02
1.022424824770642317e+03,5.035113499999999931e+02
1.022070590598551462e+03,5.035113499999999931e+02
1.022390252158657631e+03,5.035113499999999931e+02
1.022541462851696679e+03,5.035113499999999931e+02
1.023030307328244362e+03,5.035113499999999931e+02
1.023012335104841895e+03,5.035113499999999931e+02
1.023332355835240378e+03,5.035113499999999931e+02
1.023483207357987112e+03,5.035113499999999931e+02
1.024996931656441802e+03,5.035113499999999931e+02
1.023954079611132329e+03,5.035113499999999931e+02
1.024274459511823125e+03,5.035113499999999931e+02
1.024424951864277773e+03,5.035113499999999931e+02
1.024915953007633789e+03,5.035113499999999931e+02
1.024895824117422990e+03,5.035113499999999931e+02
1.025216563188405871e+03,5.035113499999999931e+02
1.025366696370568206e+03,5.035113499999999931e+02
1.026201882629969532e+03,5.035113499999999931e+02
1.025837568623713423e+03,5.035113499999999931e+02
1.026158666864988618e+03,5.035113499999999931e+02
1.026308440876858640e+03,5.035113499999999931e+02
1.026801598687022988e+03,5.035113499999999931e+02
1.026779313130003857e+03,5.035113499999999931e+02
1.027100770541571364e+03,5.035113499999999931e+02
1.027250185383149301e+03,5.035113499999999931e+02
1.054051999999999907e+03,5.169362999999999602e+02
1.027721057636294518e+03,5.035113499999999931e+02
1.028042874218154111e+03,5.035113499999999931e+02
1.028191929889439734e+03,5.035113499999999931e+02
1.028687244366412415e+03,5.035113499999999931e+02
1.028662802142584951e+03,5.035113499999999931e+02
1.028984977894737085e+03,5.035113499999999931e+02
1.029133674395730168e+03,5.035113499999999931e+02
1.029978940489296747e+03,5.035113499999999931e+02
1.029604546648875385e+03,5.035113499999999931e+02
1.029927081571319832e+03,5.035113499999999931e+02
1.030075418902020829e+03,5.035113499999999931e+02
1.030572890045801614e+03,5.035113499999999931e+02
1.030546291155166045e+03,5.035113499999999931e+02
1.030869185247902578e+03,5.035113499999999931e+02
1.031017163408311262e+03,5.035113499999999931e+02
1.032574219509202521e+03,4.901158399999999915e+02
1.031488035661456479e+03,4.901158399999999915e+02
1.031811288924485325e+03,4.901158399999999915e+02
1.031958907914601696e+03,4.901158399999999915e+02
1.032458535725191041e+03,4.901158399999999915e+02
1.032429780167746912e+03,4.901158399999999915e+02
1.032753392601068072e+03,4.901158399999999915e+02
1.032900652420892357e+03,4.901158399999999915e+02
1.033755998348623962e+03,4.901158399999999915e+02
1.033371524674037573e+03,4.901158399999999915e+02
1.033695496277650818e+03,4.901158399999999915e+02
1.033842396927182790e+03,4.901158399999999915e+02
1.034344181404580240e+03,4.901158399999999915e+02
1.034313269180328007e+03,4.901158399999999915e+02
1.034637599954233565e+03,4.901158399999999915e+02
1.034784141433473224e+03,4.901158399999999915e+02
1.062749399999999923e+03,5.088426499999999919e+02
1.035255013686618440e+03,4.681175499999999943e+02
1.035579703630816311e+03,4.681175499999999943e+02
1.035725885939763884e+03,4.681175499999999943e+02
1.036229827083969667e+03,4.681175499999999943e+02
1.036196758192909101e+03,4.681175499999999943e+02
1.036521807307399058e+03,4.681175499999999943e+02
1.036667630446054318e+03,4.681175499999999943e+02
1.037533056207951176e+03,4.681175499999999943e+02
1.037138502699199535e+03,4.681175499999999943e+02
1.037463910983981805e+03,4.681175499999999943e+02
1.037609374952344751e+03,4.681175499999999943e+02
1.038115472763358866e+03,4.681175499999999943e+02
1.038080247205489968e+03,4.681175499999999943e+02
1.038406014660564551e+03,4.681175499999999943e+02
1.038551119458635185e+03,4.681175499999999943e+02
1.040151507361963240e+03,4.681175499999999943e+02
1.039021991711780629e+03,4.681175499999999943e+02
1.039348118337147298e+03,4.681175499999999943e+02
1.039492863964925846e+03,4.681175499999999943e+02
1.040001118442748293e+03,4.681175499999999943e+02
1.039963736218071062e+03,4.681175499999999943e+02
1.040290222013730045e+03,4.681175499999999943e+02
1.040434608471216279e+03,4.681175499999999943e+02
1.041310114067278391e+03,4.681175499999999943e+02
1.040905480724361496e+03,4.681175499999999943e+02
1.041232325690312791e+03,4.681175499999999943e+02
1.041376352977506713e+03,4.681175499999999943e+02
1.041886764122137492e+03,4.681175499999999943e+02
1.041847225230652157e+03,4.681175499999999943e+02
1.042174429366895538e+03,4.681175499999999943e+02
1.042318097483797374e+03,4.681175499999999943e+02
1.079473600000000033e+03,4.770484599999999773e+02
1.042788969736942590e+03,4.681175499999999943e+02
1.043116533043478285e+03,4.681175499999999943e+02
1.043259841990087807e+03,4.681175499999999943e+02
1.043772409801526919e+03,4.681175499999999943e+02
1.043730714243233024e+03,4.681175499999999943e+02
1.044058636720061259e+03,4.681175499999999943e+02
1.044201586496378241e+03,4.681175499999999943e+02
1.045087171926605606e+03,4.681175499999999943e+02
1.044672458749523685e+03,4.681175499999999943e+02
1.045000740396644005e+03,4.681175499999999943e+02
1.045143331002668901e+03,4.681175499999999943e+02
1.045658055480916119e+03,4.681175499999999943e+02
1.045614203255814118e+03,4.681175499999999943e+02
1.045942844073226752e+03,4.681175499999999943e+02
1.046085075508959335e+03,4.681175499999999943e+02
1.047728795214723959e+03,5.010007299999999759e+02
1.046555947762104552e+03,5.010007299999999759e+02
1.046884947749809498e+03,5.010007299999999759e+02
1.047026820015249768e+03,5.010007299999999759e+02
1.047543701160305545e+03,5.010007299999999759e+02
1.047497692268395213e+03,5.010007299999999759e+02
1.047827051426392245e+03,5.010007299999999759e+02
1.047968564521540429e+03,5.010007299999999759e+02
1.048864229785932821e+03,5.010007299999999759e+02
1.048439436774685646e+03,5.010007299999999759e+02
1.048769155102974992e+03,5.010007299999999759e+02
1.048910309027830863e+03,5.010007299999999759e+02
1.049429346839694745e+03,5.010007299999999759e+02
1.049381181280976080e+03,5.010007299999999759e+02
1.049711258779557738e+03,5.010007299999999759e+02
1.049852053534121296e+03,5.010007299999999759e+02
1.083825800000000072e+03,4.583999000000000024e+02
1.050322925787266740e+03,5.010007299999999759e+02
1.050653362456140485e+03,5.010007299999999759e+02
1.050793798040411957e+03,5.010007299999999759e+02
1.051314992519084171e+03,5.145429699999999684e+02
1.051264670293557174e+03,5.145429699999999684e+02
1.051595466132723232e+03,5.145429699999999684e+02
1.051735542546702391e+03,5.145429699999999684e+02
1.052641287645260036e+03,4.796614999999999895e+02
1.052206414799847607e+03,4.796614999999999895e+02
1.052537569809305978e+03,4.796614999999999895e+02
1.052677287052992824e+03,4.796614999999999895e+02
1.053200638198473371e+03,4.796614999999999895e+02
1.053148159306138268e+03,4.796614999999999895e+02
1.053479673485888725e+03,4.796614999999999895e+02
1.053619031559283485e+03,4.796614999999999895e+02
1.055306083067484678e+03,4.493392299999999864e+02
1.054089903812428702e+03,5.169362999999999602e+02
1.054421777162471471e+03,5.169362999999999602e+02
1.054560776065573918e+03,5.169362999999999602e+02
1.055086283877862797e+03,4.493392299999999864e+02
1.055031648318719135e+03,4.493392299999999864e+02
1.055363880839054218e+03,4.493392299999999864e+02
1.055502520571864352e+03,4.493392299999999864e+02
1.056418345504587251e+03,4.493392299999999864e+02
1.055973392825009569e+03,4.493392299999999864e+02
1.056305984515636965e+03,4.493392299999999864e+02
1.056444265078155013e+03,4.493392299999999864e+02
1.056971929557251997e+03,4.493392299999999864e+02
1.056915137331300230e+03,4.493392299999999864e+02
1.057248088192219711e+03,4.493392299999999864e+02
1.057386009584445446e+03,4.493392299999999864e+02
1.087164800000000014e+03,4.524363999999999919e+02
1.057856881837590663e+03,4.254389600000000087e+02
1.058190191868802685e+03,4.254389600000000087e+02
1.058327754090735880e+03,4.254389600000000087e+02
1.058857575236641424e+03,4.254389600000000087e+02
1.058798626343881097e+03,4.254389600000000087e+02
1.059132295545385432e+03,4.254389600000000087e+02
1.059269498597026541e+03,4.254389600000000087e+02
1.060195403363914465e+03,4.254389600000000087e+02
1.059740370850171757e+03,4.254389600000000087e+02
1.060074399221968179e+03,4.254389600000000087e+02
1.060211243103316974e+03,4.254389600000000087e+02
1.060743220916030623e+03,4.165843499999999722e+02
1.060682115356462191e+03,4.165843499999999722e+02
1.061016502898550925e+03,4.165843499999999722e+02
1.061152987609607408e+03,4.165843499999999722e+02
1.062883370920245397e+03,5.088426499999999919e+02
1.061623859862752624e+03,5.088426499999999919e+02
1.061958606575133672e+03,5.088426499999999919e+02
1.062094732115898069e+03,5.088426499999999919e+02
1.062628866595420050e+03,5.088426499999999919e+02
1.062565604369043285e+03,5.088426499999999919e+02
1.062900710251716418e+03,5.088426499999999919e+02
1.063036476622188502e+03,5.088426499999999919e+02
1.063972461223241680e+03,5.088426499999999919e+02
1.063507348875333719e+03,5.088426499999999919e+02
1.063842813928299165e+03,5.088426499999999919e+02
1.063978221128478935e+03,5.088426499999999919e+02
1.064514512274809249e+03,5.088426499999999919e+02
1.064449093381624152e+03,5.088426499999999919e+02
1.064784917604881912e+03,5.088426499999999919e+02
1.064919965634769596e+03,5.088426499999999919e+02
1.094328999999999951e+03,4.480341799999999921e+02
1.065390837887914813e+03,5.088426499999999919e+02
1.065727021281464658e+03,5.088426499999999919e+02
1.065861710141060030e+03,5.088426499999999919e+02
1.066400157954198676e+03,5.088426499999999919e+02
1.066332582394205247e+03,5.088426499999999919e+02
1.066669124958047405e+03,5.088426499999999919e+02
1.066803454647350463e+03,5.088426499999999919e+02
1.067749519082568895e+03,5.088426499999999919e+02
1.067274326900495680e+03,5.088426499999999919e+02
1.067611228634630152e+03,5.088426499999999919e+02
1.067745199153641124e+03,5.088426499999999919e+02
1.068285803633587875e+03,5.088426499999999919e+02
1.068216071406786341e+03,5.088426499999999919e+02
1.068553332311212898e+03,5.088426499999999919e+02
1.068686943659931558e+03,5.088426499999999919e+02
1.070460658773006116e+03,5.088426499999999919e+02
1.069157815913076774e+03,5.088426499999999919e+02
1.069495435987795645e+03,5.088426499999999919e+02
1.069628688166221991e+03,5.088426499999999919e+02
1.070171449312977302e+03,5.088426499999999919e+02
1.070099560419367208e+03,5.088426499999999919e+02
1.070437539664378392e+03,5.088426499999999919e+02
1.070570432672512652e+03,5.088426499999999919e+02
1.071526576941896110e+03,5.088426499999999919e+02
1.071041304925657869e+03,5.088426499999999919e+02
1.071379643340961138e+03,5.088426499999999919e+02
1.071512177178803086e+03,5.088426499999999919e+02
1.072057094992366501e+03,5.088426499999999919e+02
1.071983049431948302e+03,5.088426499999999919e+02
1.072321747017543885e+03,5.088426499999999919e+02
1.072453921685093519e+03,5.088426499999999919e+02
1.104533699999999953e+03,4.483009000000000128e+02
1.072924793938238736e+03,4.770484599999999773e+02
1.073263850694126859e+03,4.770484599999999773e+02
1.073395666191383953e+03,4.770484599999999773e+02
1.073942740671755928e+03,4.770484599999999773e+02
1.073866538444529397e+03,4.770484599999999773e+02
1.074205954370709605e+03,4.770484599999999773e+02
1.074337410697674613e+03,4.770484599999999773e+02
1.075303634801223325e+03,4.770484599999999773e+02
1.074808282950819830e+03,4.770484599999999773e+02
1.075148058047292352e+03,4.770484599999999773e+02
1.075279155203965047e+03,4.770484599999999773e+02
1.075828386351145127e+03,4.770484599999999773e+02
1.075750027457110264e+03,4.770484599999999773e+02
1.076090161723875099e+03,4.770484599999999773e+02
1.076220899710255480e+03,4.770484599999999773e+02
1.078037946625766835e+03,4.770484599999999773e+02
1.076691771963400925e+03,4.770484599999999773e+02
1.077032265400457845e+03,4.770484599999999773e+02
1.077162644216546141e+03,4.770484599999999773e+02
1.077714032030534554e+03,4.770484599999999773e+02
1.077633516469691358e+03,4.770484599999999773e+02
1.077974369077040592e+03,4.770484599999999773e+02
1.078104388722836575e+03,4.770484599999999773e+02
1.079080692660550540e+03,4.770484599999999773e+02
1.078575260975981791e+03,4.770484599999999773e+02
1.078916472753623339e+03,4.770484599999999773e+02
1.079046133229127008e+03,4.770484599999999773e+02
1.079599677709923753e+03,4.770484599999999773e+02
1.079517005482272452e+03,4.770484599999999773e+02
1.079858576430206085e+03,4.770484599999999773e+02
1.079987877735417669e+03,4.770484599999999773e+02
1.114352300000000014e+03,4.540539600000000178e+02
1.080458749988562886e+03,4.583999000000000024e+02
1.080800680106788832e+03,4.583999000000000024e+02
1.080929622241708103e+03,4.583999000000000024e+02
1.081485323389313180e+03,4.583999000000000024e+02
1.081400494494853319e+03,4.583999000000000024e+02
1.081742783783371578e+03,4.583999000000000024e+02
1.081871366747998536e+03,4.583999000000000024e+02
1.082857750519877754e+03,4.583999000000000024e+02
1.082342239001143980e+03,4.583999000000000024e+02
1.082684887459954325e+03,4.583999000000000024e+02
1.082813111254289197e+03,4.583999000000000024e+02
1.083370969068702379e+03,4.583999000000000024e+02
1.083283983507434414e+03,4.583999000000000024e+02
1.083626991136537072e+03,4.583999000000000024e+02
1.083754855760579630e+03,4.583999000000000024e+02
1.085615234478527782e+03,4.524363999999999919e+02
1.084225728013724847e+03,4.524363999999999919e+02
1.084569094813119818e+03,4.524363999999999919e+02
1.084696600266870064e+03,4.524363999999999919e+02
1.085256614748091806e+03,4.524363999999999919e+02
1.085167472520015508e+03,4.524363999999999919e+02
1.085511198489702565e+03,4.524363999999999919e+02
1.085638344773160725e+03,4.524363999999999919e+02
1.086634808379204969e+03,4.524363999999999919e+02
1.086109217026305942e+03,4.524363999999999919e+02
1.086453302166285312e+03,4.524363999999999919e+02
1.086580089279451158e+03,4.524363999999999919e+02
1.087142260427481006e+03,4.524363999999999919e+02
1.087050961532596375e+03,4.524363999999999919e+02
1.087395405842868286e+03,4.524363999999999919e+02
1.087521833785741592e+03,4.524363999999999919e+02
1.123140400000000000e+03,4.735656700000000114e+02
1.087992706038886809e+03,4.480341799999999921e+02
1.088337509519451032e+03,4.480341799999999921e+02
1.088463578292032253e+03,4.480341799999999921e+02
1.089027906106870432e+03,4.480341799999999921e+02
1.088934450545177469e+03,4.480341799999999921e+02
1.089279613196033779e+03,4.480341799999999921e+02
1.089405322798322686e+03,4.480341799999999921e+02
1.090411866238532184e+03,4.480341799999999921e+02
1.089876195051467903e+03,4.480341799999999921e+02
1.090221716872616526e+03,4.480341799999999921e+02
1.090347067304613120e+03,4.480341799999999921e+02
1.090913551786259632e+03,4.480341799999999921e+02
1.090817939557758336e+03,4.480341799999999921e+02
1.091163820549199272e+03,4.480341799999999921e+02
1.091288811810903780e+03,4.480341799999999921e+02
1.093192522331288501e+03,4.480341799999999921e+02
1.091759684064048997e+03,4.480341799999999921e+02
1.092105924225782019e+03,4.480341799999999921e+02
1.092230556317194214e+03,4.480341799999999921e+02
1.092799197465649058e+03,4.480341799999999921e+02
1.092701428570339431e+03,4.480341799999999921e+02
1.093048027902364765e+03,4.480341799999999921e+02
1.093172300823484647e+03,4.480341799999999921e+02
1.094188924097859399e+03,4.480341799999999921e+02
1.093643173076629864e+03,4.480341799999999921e+02
1.093990131578947512e+03,4.480341799999999921e+02
1.094114045329775308e+03,4.480341799999999921e+02
1.094684843145038258e+03,4.480341799999999921e+02
1.094584917582920525e+03,4.480341799999999921e+02
1.094932235255530259e+03,4.480341799999999921e+02
1.095055789836065742e+03,4.480341799999999921e+02
1.125611499999999978e+03,4.979249300000000176e+02
1.095526662089210959e+03,4.483009000000000128e+02
1.095874338932113005e+03,4.483009000000000128e+02
1.095997534342356175e+03,4.483009000000000128e+02
1.096570488824427684e+03,4.483009000000000128e+02
1.096468406595501392e+03,4.483009000000000128e+02
1.096816442608695752e+03,4.483009000000000128e+02
1.096939278848646836e+03,4.483009000000000128e+02
1.097965981957186614e+03,4.483009000000000128e+02
1.097410151101792053e+03,4.483009000000000128e+02
1.097758546285278499e+03,4.483009000000000128e+02
1.097881023354937270e+03,4.483009000000000128e+02
1.098456134503816884e+03,4.483009000000000128e+02
1.098351895608082486e+03,4.483009000000000128e+02
1.098700649961861245e+03,4.483009000000000128e+02
1.098822767861227703e+03,4.483009000000000128e+02
1.100769810184049220e+03,4.483009000000000128e+02
1.099293640114372920e+03,4.483009000000000128e+02
1.099642753638443992e+03,4.483009000000000128e+02
1.099764512367518364e+03,4.483009000000000128e+02
1.100341780183206311e+03,4.483009000000000128e+02
1.100235384620663581e+03,4.483009000000000128e+02
1.100584857315026738e+03,4.483009000000000128e+02
1.100706256873808798e+03,4.483009000000000128e+02
1.101743039816513829e+03,4.483009000000000128e+02
1.101177129126954014e+03,4.483009000000000128e+02
1.101526960991609712e+03,4.483009000000000128e+02
1.101648001380099231e+03,4.483009000000000128e+02
1.102227425862595510e+03,4.483009000000000128e+02
1.102118873633244448e+03,4.483009000000000128e+02
1.102469064668192459e+03,4.483009000000000128e+02
1.102589745886389892e+03,4.483009000000000128e+02
1.124144900000000007e+03,5.226548000000000229e+02
1.103060618139535109e+03,4.483009000000000128e+02
1.103411168344775206e+03,4.483009000000000128e+02
1.103531490392680325e+03,4.483009000000000128e+02
1.104113071541984937e+03,4.483009000000000128e+02
1.104002362645825542e+03,4.483009000000000128e+02
1.104353272021357952e+03,4.483009000000000128e+02
1.104473234898970759e+03,4.483009000000000128e+02
1.105520097675841043e+03,4.483009000000000128e+02
1.104944107152115976e+03,4.483009000000000128e+02
1.105295375697940699e+03,4.483009000000000128e+02
1.105414979405261192e+03,4.483009000000000128e+02
1.105998717221374136e+03,4.483009000000000128e+02
1.105885851658406636e+03,4.483009000000000128e+02
1.106237479374523446e+03,4.483009000000000128e+02
1.106356723911551853e+03,4.483009000000000128e+02
1.108347098036809939e+03,4.483009000000000128e+02
1.106827596164697070e+03,4.483009000000000128e+02
1.107179583051106192e+03,4.483009000000000128e+02
1.107298468417842287e+03,4.483009000000000128e+02
1.107884362900763563e+03,4.483009000000000128e+02
1.107769340670987503e+03,4.483009000000000128e+02
1.108121686727688939e+03,4.483009000000000128e+02
1.108240212924132720e+03,4.483009000000000128e+02
1.109297155535168258e+03,4.483009000000000128e+02
1.108711085177278164e+03,4.483009000000000128e+02
1.109063790404271685e+03,4.483009000000000128e+02
1.109181957430423381e+03,4.483009000000000128e+02
1.109770008580152762e+03,4.483009000000000128e+02
1.109652829683568598e+03,4.483009000000000128e+02
1.110005894080854432e+03,4.483009000000000128e+02
1.110123701936713815e+03,4.483009000000000128e+02
1.123458300000000008e+03,5.390610400000000482e+02
1.110594574189859031e+03,4.540539600000000178e+02
1.110947997757437179e+03,4.540539600000000178e+02
1.111065446443004248e+03,4.540539600000000178e+02
1.111655654259542189e+03,4.540539600000000178e+02
1.111536318696149692e+03,4.540539600000000178e+02
1.111890101434019925e+03,4.540539600000000178e+02
1.112007190949294909e+03,4.540539600000000178e+02
1.113074213394495473e+03,4.540539600000000178e+02
1.112478063202440126e+03,4.540539600000000178e+02
1.112832205110602672e+03,4.540539600000000178e+02
1.112948935455585342e+03,4.540539600000000178e+02
1.113541299938931388e+03,4.540539600000000178e+02
1.113419807708730559e+03,4.540539600000000178e+02
1.113774308787185419e+03,4.540539600000000178e+02
1.113890679961875776e+03,4.540539600000000178e+02
1.115924385889570658e+03,4.540539600000000178e+02
1.114361552215021220e+03,4.540539600000000178e+02
1.114716412463768165e+03,4.540539600000000178e+02
1.114832424468166437e+03,4.540539600000000178e+02
1.115426945618320815e+03,4.540539600000000178e+02
1.115303296721311654e+03,4.540539600000000178e+02
1.115658516140350912e+03,4.540539600000000178e+02
1.115774168974456870e+03,4.540539600000000178e+02
1.116851271253822688e+03,4.540539600000000178e+02
1.116245041227602087e+03,4.540539600000000178e+02
1.116600619816933886e+03,4.540539600000000178e+02
1.116715913480747304e+03,4.540539600000000178e+02
1.117312591297710014e+03,4.540539600000000178e+02
1.117186785733892748e+03,4.540539600000000178e+02
1.117542723493516633e+03,4.540539600000000178e+02
1.117657657987037965e+03,4.540539600000000178e+02
1.123612000000000080e+03,5.418632999999999811e+02
1.118128530240183181e+03,4.735656700000000114e+02
1.118484827170099379e+03,4.735656700000000114e+02
1.118599402493328398e+03,4.735656700000000114e+02
1.119198236977099441e+03,4.735656700000000114e+02
1.119070274746473615e+03,4.735656700000000114e+02
1.119426930846682126e+03,4.735656700000000114e+02
1.119541146999618832e+03,4.735656700000000114e+02
1.120628329113149903e+03,4.735656700000000114e+02
1.120012019252764276e+03,4.735656700000000114e+02
1.120369034523264872e+03,4.735656700000000114e+02
1.120482891505909492e+03,4.735656700000000114e+02
1.121083882656488640e+03,4.735656700000000114e+02
1.120953763759054709e+03,4.735656700000000114e+02
1.121311138199847619e+03,4.735656700000000114e+02
1.121424636012199926e+03,4.735656700000000114e+02
1.123501673742331377e+03,5.390610400000000482e+02
1.121895508265345143e+03,4.735656700000000114e+02
1.122253241876430366e+03,4.735656700000000114e+02
1.122366380518490359e+03,4.735656700000000114e+02
1.122969528335878067e+03,4.735656700000000114e+02
1.122837252771635576e+03,4.735656700000000114e+02
1.123195345553013112e+03,4.735656700000000114e+02
1.123308125024781020e+03,4.735656700000000114e+02
1.124405386972477118e+03,5.226548000000000229e+02
1.123778997277926237e+03,5.418632999999999811e+02
1.124137449229595859e+03,5.226548000000000229e+02
1.124249869531071454e+03,5.226548000000000229e+02
1.124855174015267266e+03,5.226548000000000229e+02
1.124720741784216671e+03,5.226548000000000229e+02
1.125079552906178606e+03,5.226548000000000229e+02
1.125191614037361887e+03,5.226548000000000229e+02
1.123612000000000080e+03,5.418632999999999811e+02
1.125662486290507104e+03,4.979249300000000176e+02
1.126021656582761352e+03,4.979249300000000176e+02
1.126133358543652548e+03,4.979249300000000176e+02
1.126740819694656693e+03,4.979249300000000176e+02
1.126604230796797765e+03,4.979249300000000176e+02
1.126963760259344099e+03,4.979249300000000176e+02
1.127075103049942982e+03,4.979249300000000176e+02
1.128182444831804332e+03,4.979249300000000176e+02
1.127545975303088198e+03,4.979249300000000176e+02
1.127905863935926845e+03,4.979249300000000176e+02
1.128016847556233415e+03,4.979249300000000176e+02
1.128626465374045893e+03,4.979249300000000176e+02
1.128487719809378632e+03,4.979249300000000176e+02
1.128847967612509592e+03,4.979249300000000176e+02
1.128958592062524076e+03,4.979249300000000176e+02
1.131078961595092096e+03,4.979249300000000176e+02
1.129429464315669293e+03,4.979249300000000176e+02
1.129790071289092339e+03,4.979249300000000176e+02
1.129900336568814510e+03,4.979249300000000176e+02
1.130512111053435319e+03,4.979249300000000176e+02
1.130371208821959726e+03,4.979249300000000176e+02
1.130732174965675313e+03,4.979249300000000176e+02
1.130842081075104943e+03,4.979249300000000176e+02
1.131959502691131547e+03,4.979249300000000176e+02
1.131312953328250160e+03,4.979249300000000176e+02
1.131674278642258059e+03,4.979249300000000176e+02
1.131783825581395604e+03,4.979249300000000176e+02
1.132397756732824519e+03,4.979249300000000176e+02
1.132254697834540821e+03,4.979249300000000176e+02
1.132616382318840806e+03,4.979249300000000176e+02
1.132725570087686037e+03,4.979249300000000176e+02
1.260067600000000084e+03,4.476820000000000164e+02
1.133196442340831254e+03,4.979249300000000176e+02
1.133558485995423553e+03,4.979249300000000176e+02
1.133667314593976471e+03,4.979249300000000176e+02
1.134283402412213945e+03,4.979249300000000176e+02
1.134138186847121688e+03,4.979249300000000176e+02
1.134500589672006299e+03,4.979249300000000176e+02
1.134609059100267132e+03,4.979249300000000176e+02
1.135736560550458762e+03,4.979249300000000176e+02
1.135079931353412348e+03,4.979249300000000176e+02
1.135442693348589046e+03,4.979249300000000176e+02
1.135550803606557565e+03,4.979249300000000176e+02
1.136169048091603145e+03,4.979249300000000176e+02
1.136021675859702782e+03,4.979249300000000176e+02
1.136384797025171792e+03,4.979249300000000176e+02
1.136492548112847999e+03,4.979249300000000176e+02
1.138656249447852815e+03,4.979249300000000176e+02
1.136963420365993215e+03,4.979249300000000176e+02
1.137326900701754539e+03,4.979249300000000176e+02
1.137434292619138660e+03,4.979249300000000176e+02
1.138054693770992571e+03,4.979249300000000176e+02
1.137905164872283876e+03,4.979249300000000176e+02
1.138269004378337286e+03,4.979249300000000176e+02
1.138376037125429093e+03,4.979249300000000176e+02
1.139513618409785977e+03,4.979249300000000176e+02
1.138846909378574310e+03,4.979249300000000176e+02
1.139211108054920032e+03,4.979249300000000176e+02
1.139317781631719527e+03,4.979249300000000176e+02
1.139940339450381771e+03,4.979249300000000176e+02
1.139788653884864743e+03,4.979249300000000176e+02
1.140153211731502779e+03,4.979249300000000176e+02
1.140259526138009960e+03,4.979249300000000176e+02
1.260067600000000084e+03,4.476820000000000164e+02
1.140730398391155404e+03,5.127385000000000446e+02
1.141095315408085526e+03,5.127385000000000446e+02
1.141201270644300621e+03,5.127385000000000446e+02
1.141825985129771198e+03,5.127385000000000446e+02
1.141672142897445838e+03,5.127385000000000446e+02
1.142037419084668272e+03,5.127385000000000446e+02
1.142143015150591054e+03,5.127385000000000446e+02
1.143290676269113192e+03,5.127385000000000446e+02
1.142613887403736271e+03,5.127385000000000446e+02
1.142979522761251019e+03,5.127385000000000446e+02
1.143084759656881488e+03,5.127385000000000446e+02
1.143711630809160397e+03,5.127385000000000446e+02
1.143555631910026932e+03,5.127385000000000446e+02
1.143921626437833766e+03,5.127385000000000446e+02
1.144026504163172149e+03,5.127385000000000446e+02
1.146233537300613534e+03,5.127385000000000446e+02
1.144497376416317366e+03,5.127385000000000446e+02
1.144863730114416512e+03,5.127385000000000446e+02
1.144968248669462582e+03,5.127385000000000446e+02
1.145597276488549824e+03,5.127385000000000446e+02
1.145439120922607799e+03,5.127385000000000446e+02
1.145805833790999486e+03,5.127385000000000446e+02
1.145909993175753016e+03,5.127385000000000446e+02
1.147067734128440406e+03,5.127385000000000446e+02
1.146380865428898460e+03,5.127385000000000446e+02
1.146747937467582233e+03,5.127385000000000446e+02
1.146851737682043677e+03,5.127385000000000446e+02
1.147482922167939023e+03,5.127385000000000446e+02
1.147322609935188893e+03,5.127385000000000446e+02
1.147690041144164979e+03,5.127385000000000446e+02
1.147793482188334110e+03,5.127385000000000446e+02
1.260067600000000084e+03,4.476820000000000164e+02
1.148264354441479327e+03,5.127385000000000446e+02
1.148632144820747726e+03,5.127385000000000446e+02
1.148735226694624544e+03,5.127385000000000446e+02
1.149368567847328450e+03,5.127385000000000446e+02
1.149206098947769988e+03,5.127385000000000446e+02
1.149574248497330473e+03,5.127385000000000446e+02
1.149676971200915204e+03,5.127385000000000446e+02
1.150844791987767621e+03,5.127385000000000446e+02
1.150147843454060421e+03,5.127385000000000446e+02
1.150516352173913219e+03,5.127385000000000446e+02
1.150618715707205638e+03,5.127385000000000446e+02
1.151254213526717649e+03,5.127385000000000446e+02
1.151089587960350855e+03,5.127385000000000446e+02
1.151458455850495966e+03,5.127385000000000446e+02
1.151560460213496071e+03,5.127385000000000446e+02
1.153810825153374253e+03,5.127385000000000446e+02
1.152031332466641516e+03,5.127385000000000446e+02
1.152400559527078713e+03,5.127385000000000446e+02
1.152502204719786732e+03,5.127385000000000446e+02
1.153139859206107076e+03,5.127385000000000446e+02
1.152973076972931949e+03,5.127385000000000446e+02
1.153342663203661459e+03,5.127385000000000446e+02
1.153443949226077166e+03,5.127385000000000446e+02
1.154621849847094836e+03,5.127385000000000446e+02
1.153914821479222383e+03,5.127385000000000446e+02
1.154284766880244206e+03,5.127385000000000446e+02
1.154385693732367599e+03,5.127385000000000446e+02
1.155025504885496275e+03,5.127385000000000446e+02
1.154856565985513043e+03,5.127385000000000446e+02
1.155226870556826952e+03,5.127385000000000446e+02
1.155327438238658260e+03,5.127385000000000446e+02
1.226053799999999910e+03,4.564206500000000233e+02
1.155798310491803477e+03,5.127385000000000446e+02
1.156168974233409699e+03,5.127385000000000446e+02
1.156269182744948694e+03,5.127385000000000446e+02
1.156911150564885702e+03,5.127385000000000446e+02
1.156740054998093910e+03,5.127385000000000446e+02
1.157111077909992446e+03,5.127385000000000446e+02
1.157210927251239127e+03,5.127385000000000446e+02
1.158398907706422051e+03,5.127385000000000446e+02
1.157681799504384344e+03,5.127385000000000446e+02
1.158053181586575192e+03,5.127385000000000446e+02
1.158152671757529788e+03,5.127385000000000446e+02
1.158796796244274901e+03,5.127385000000000446e+02
1.158623544010675005e+03,5.127385000000000446e+02
1.158995285263157939e+03,5.127385000000000446e+02
1.159094416263820222e+03,5.127385000000000446e+02
1.161388113006134972e+03,5.127385000000000446e+02
1.159565288516965438e+03,5.127385000000000446e+02
1.159937388939740913e+03,5.127385000000000446e+02
1.160036160770110655e+03,5.127385000000000446e+02
1.160682441923664328e+03,5.127385000000000446e+02
1.160507033023255872e+03,5.127385000000000446e+02
1.160879492616323660e+03,5.127385000000000446e+02
1.160977905276401316e+03,5.127385000000000446e+02
1.162175965565749266e+03,5.127385000000000446e+02
1.161448777529546533e+03,5.127385000000000446e+02
1.161821596292906406e+03,5.127385000000000446e+02
1.161919649782691749e+03,5.127385000000000446e+02
1.162568087603053527e+03,5.127385000000000446e+02
1.162390522035836966e+03,5.127385000000000446e+02
1.162763699969489153e+03,5.127385000000000446e+02
1.162861394288982183e+03,5.127385000000000446e+02
1.206752199999999903e+03,4.682730700000000184e+02
1.163332266542127400e+03,5.127385000000000446e+02
1.163705803646071899e+03,5.127385000000000446e+02
1.163803138795272844e+03,5.127385000000000446e+02
1.164453733282442954e+03,5.143197000000000116e+02
1.164274011048418060e+03,5.143197000000000116e+02
1.164647907322654646e+03,5.143197000000000116e+02
1.164744883301563277e+03,5.143197000000000116e+02
1.165953023425076481e+03,5.054229700000000207e+02
1.165215755554708494e+03,5.054229700000000207e+02
1.165590010999237393e+03,5.054229700000000207e+02
1.165686627807853711e+03,5.054229700000000207e+02
1.166339378961832153e+03,5.054229700000000207e+02
1.166157500060998927e+03,5.054229700000000207e+02
1.166532114675820139e+03,5.054229700000000207e+02
1.166628372314144372e+03,5.054229700000000207e+02
1.168965400858895691e+03,5.054229700000000207e+02
1.167099244567289588e+03,5.054229700000000207e+02
1.167474218352402886e+03,5.054229700000000207e+02
1.167570116820434805e+03,5.054229700000000207e+02
1.168225024641221580e+03,5.054229700000000207e+02
1.168040989073580022e+03,5.054229700000000207e+02
1.168416322028985633e+03,5.054229700000000207e+02
1.168511861326725239e+03,5.054229700000000207e+02
1.169730081284403695e+03,5.054229700000000207e+02
1.168982733579870455e+03,5.054229700000000207e+02
1.169358425705568379e+03,5.054229700000000207e+02
1.169453605833015899e+03,5.054229700000000207e+02
1.170110670320610780e+03,5.054229700000000207e+02
1.169924478086161116e+03,5.054229700000000207e+02
1.170300529382151126e+03,5.054229700000000207e+02
1.170395350339306333e+03,5.054229700000000207e+02
1.188480299999999943e+03,4.845160000000000196e+02
1.170866222592451550e+03,5.132657500000000255e+02
1.171242633058733873e+03,5.132657500000000255e+02
1.171337094845596766e+03,5.132657500000000255e+02
1.171996316000000206e+03,5.132657500000000255e+02
1.171807967098741983e+03,5.132657500000000255e+02
1.172184736735316619e+03,5.132657500000000255e+02
1.172278839351887427e+03,5.132657500000000255e+02
1.173507139143730910e+03,4.979023399999999810e+02
1.172749711605032644e+03,4.979023399999999810e+02
1.173126840411899366e+03,4.979023399999999810e+02
1.173220583858177861e+03,4.979023399999999810e+02
1.173881961679389406e+03,4.979023399999999810e+02
1.173691456111323077e+03,4.979023399999999810e+02
1.174068944088482340e+03,4.979023399999999810e+02
1.174162328364468294e+03,4.979023399999999810e+02
1.176542688711656410e+03,4.979023399999999810e+02
1.174633200617613511e+03,4.979023399999999810e+02
1.175011047765065086e+03,4.979023399999999810e+02
1.175104072870758728e+03,4.979023399999999810e+02
1.175767607358778832e+03,4.979023399999999810e+02
1.175574945123904172e+03,4.979023399999999810e+02
1.175953151441647833e+03,4.979023399999999810e+02
1.176045817377049389e+03,4.979023399999999810e+02
1.177284197003058125e+03,4.979023399999999810e+02
1.176516689630194605e+03,4.979023399999999810e+02
1.176895255118230580e+03,4.979023399999999810e+02
1.176987561883339822e+03,4.979023399999999810e+02
1.177653253038168032e+03,4.979023399999999810e+02
1.177458434136485039e+03,4.979023399999999810e+02
1.177837358794813326e+03,4.979023399999999810e+02
1.177929306389630256e+03,4.979023399999999810e+02
1.174533200000000079e+03,4.979023399999999810e+02
1.178400178642775700e+03,5.029685000000000059e+02
1.178779462471396073e+03,5.029685000000000059e+02
1.178871050895920916e+03,5.029685000000000059e+02
1.179538898717557458e+03,5.029685000000000059e+02
1.179341923149066133e+03,5.029685000000000059e+02
1.179721566147978820e+03,5.029685000000000059e+02
1.179812795402211350e+03,5.029685000000000059e+02
1.181061254862385340e+03,5.029685000000000059e+02
1.180283667655356567e+03,5.029685000000000059e+02
1.180663669824561566e+03,5.029685000000000059e+02
1.180754539908501783e+03,5.029685000000000059e+02
1.181424544396946658e+03,5.029685000000000059e+02
1.181225412161647228e+03,5.029685000000000059e+02
1.181605773501144313e+03,5.029685000000000059e+02
1.181696284414792444e+03,5.029685000000000059e+02
1.184119976564417357e+03,5.029685000000000059e+02
1.182167156667937661e+03,5.029685000000000059e+02
1.182547877177727059e+03,5.029685000000000059e+02
1.182638028921082878e+03,5.029685000000000059e+02
1.183310190076336085e+03,5.029685000000000059e+02
1.183108901174228095e+03,5.029685000000000059e+02
1.183489980854309806e+03,5.029685000000000059e+02
1.183579773427373311e+03,5.029685000000000059e+02
1.184838312721712555e+03,5.029685000000000059e+02
1.184050645680518755e+03,5.029685000000000059e+02
1.184432084530892553e+03,5.029685000000000059e+02
1.184521517933663972e+03,5.029685000000000059e+02
1.185195835755725284e+03,5.029685000000000059e+02
1.184992390186809189e+03,5.029685000000000059e+02
1.185374188207475299e+03,5.029685000000000059e+02
1.185463262439954406e+03,5.029685000000000059e+02
1.167608799999999974e+03,5.054229700000000207e+02
1.185934134693099622e+03,5.029685000000000059e+02
1.186316291884058046e+03,5.029685000000000059e+02
1.186405006946244839e+03,5.029685000000000059e+02
1.187081481435114711e+03,5.029685000000000059e+02
1.186875879199390283e+03,5.029685000000000059e+02
1.187258395560640793e+03,5.029685000000000059e+02
1.187346751452535500e+03,5.029685000000000059e+02
1.188615370581039770e+03,4.845160000000000196e+02
1.187817623705680717e+03,4.845160000000000196e+02
1.188200499237223539e+03,4.845160000000000196e+02
1.188288495958825933e+03,4.845160000000000196e+02
1.188967127114503910e+03,4.845160000000000196e+02
1.188759368211971150e+03,4.845160000000000196e+02
1.189142602913806513e+03,4.845160000000000196e+02
1.189230240465116367e+03,4.845160000000000196e+02
1.191697264417178076e+03,4.845160000000000196e+02
1.189701112718261811e+03,4.845160000000000196e+02
1.190084706590389260e+03,4.845160000000000196e+02
1.190171984971407028e+03,4.845160000000000196e+02
1.190852772793893337e+03,4.845160000000000196e+02
1.190642857224552245e+03,4.845160000000000196e+02
1.191026810266972007e+03,4.845160000000000196e+02
1.191113729477697461e+03,4.845160000000000196e+02
1.192392428440366984e+03,4.845160000000000196e+02
1.191584601730842678e+03,4.845160000000000196e+02
1.191968913943554753e+03,4.845160000000000196e+02
1.192055473983987895e+03,4.845160000000000196e+02
1.192738418473282536e+03,4.845160000000000196e+02
1.192526346237133112e+03,4.845160000000000196e+02
1.192911017620137500e+03,4.845160000000000196e+02
1.192997218490278556e+03,4.845160000000000196e+02
1.164025499999999965e+03,5.127385000000000446e+02
1.193468090743423772e+03,4.889691199999999753e+02
1.193853121296720246e+03,4.889691199999999753e+02
1.193938962996568989e+03,4.889691199999999753e+02
1.194624064152671963e+03,4.889691199999999753e+02
1.194409835249714206e+03,4.889691199999999753e+02
1.194795224973302993e+03,4.889691199999999753e+02
1.194880707502859423e+03,4.889691199999999753e+02
1.196169486299694199e+03,4.889691199999999753e+02
1.195351579756004639e+03,4.889691199999999753e+02
1.195737328649885740e+03,4.889691199999999753e+02
1.195822452009150084e+03,4.889691199999999753e+02
1.196509709832061162e+03,4.889691199999999753e+02
1.196293324262295300e+03,4.889691199999999753e+02
1.196679432326468486e+03,4.889691199999999753e+02
1.196764196515440517e+03,4.889691199999999753e+02
1.199274552269938795e+03,4.889691199999999753e+02
1.197235068768585734e+03,4.889691199999999753e+02
1.197621536003051233e+03,4.889691199999999753e+02
1.197705941021730951e+03,4.889691199999999753e+02
1.198395355511450589e+03,4.889691199999999753e+02
1.198176813274876167e+03,4.889691199999999753e+02
1.198563639679633980e+03,4.889691199999999753e+02
1.198647685528021611e+03,4.889691199999999753e+02
1.199946544159021414e+03,4.889691199999999753e+02
1.199118557781166828e+03,4.889691199999999753e+02
1.199505743356216726e+03,4.889691199999999753e+02
1.199589430034312045e+03,4.889691199999999753e+02
1.200281001190839788e+03,4.889691199999999753e+02
1.200060302287457262e+03,4.889691199999999753e+02
1.200447847032799473e+03,4.889691199999999753e+02
1.200531174540602478e+03,4.889691199999999753e+02
1.164098899999999958e+03,5.143197000000000116e+02
1.201002046793747695e+03,4.682730700000000184e+02
1.201389950709382219e+03,4.682730700000000184e+02
1.201472919046893139e+03,4.682730700000000184e+02
1.202166646870229215e+03,4.682730700000000184e+02
1.201943791300038356e+03,4.682730700000000184e+02
1.202332054385964966e+03,4.682730700000000184e+02
1.202414663553183573e+03,4.682730700000000184e+02
1.203723602018348629e+03,4.682730700000000184e+02
1.202885535806328789e+03,4.682730700000000184e+02
1.203274158062547940e+03,4.682730700000000184e+02
1.203356408059474006e+03,4.682730700000000184e+02
1.204052292549618414e+03,4.682730700000000184e+02
1.203827280312619223e+03,4.682730700000000184e+02
1.204216261739130687e+03,4.682730700000000184e+02
1.204298152565764667e+03,4.682730700000000184e+02
1.206851840122699514e+03,4.682730700000000184e+02
1.204769024818909884e+03,4.682730700000000184e+02
1.205158365415713433e+03,4.682730700000000184e+02
1.205239897072055101e+03,4.682730700000000184e+02
1.205937938229007841e+03,4.682730700000000184e+02
1.205710769325200317e+03,4.682730700000000184e+02
1.206100469092296180e+03,4.682730700000000184e+02
1.206181641578345534e+03,4.682730700000000184e+02
1.207500659877675844e+03,4.682730700000000184e+02
1.206652513831490751e+03,4.682730700000000184e+02
1.207042572768878927e+03,4.682730700000000184e+02
1.207123386084636195e+03,4.682730700000000184e+02
1.207823583908397040e+03,4.682730700000000184e+02
1.207594258337781412e+03,4.682730700000000184e+02
1.207984676445461673e+03,4.682730700000000184e+02
1.208065130590926628e+03,4.682730700000000184e+02
1.171934899999999971e+03,5.132657500000000255e+02
1.208536002844071845e+03,4.825162399999999820e+02
1.208926780122044420e+03,4.825162399999999820e+02
1.209006875097217062e+03,4.825162399999999820e+02
1.209709229587786467e+03,4.825162399999999820e+02
1.209477747350362279e+03,4.825162399999999820e+02
1.209868883798627166e+03,4.825162399999999820e+02
1.209948619603507495e+03,4.825162399999999820e+02
1.211277717737003059e+03,4.825162399999999820e+02
1.210419491856652712e+03,4.825162399999999820e+02
1.210810987475209913e+03,4.825162399999999820e+02
1.210890364109798156e+03,4.825162399999999820e+02
1.211594875267175667e+03,4.825162399999999820e+02
1.211361236362943373e+03,4.825162399999999820e+02
1.211753091151792660e+03,4.825162399999999820e+02
1.211832108616088590e+03,4.825162399999999820e+02
1.214429127975460233e+03,4.825162399999999820e+02
1.212302980869233807e+03,4.825162399999999820e+02
1.212695194828375406e+03,4.825162399999999820e+02
1.212773853122379023e+03,4.825162399999999820e+02
1.213480520946565093e+03,4.825162399999999820e+02
1.213244725375524240e+03,4.825162399999999820e+02
1.213637298504958153e+03,4.825162399999999820e+02
1.213715597628669684e+03,4.825162399999999820e+02
1.215054775596330273e+03,4.825162399999999820e+02
1.214186469881814901e+03,4.825162399999999820e+02
1.214579402181540900e+03,4.825162399999999820e+02
1.214657342134960118e+03,4.825162399999999820e+02
1.215366166625954293e+03,4.825162399999999820e+02
1.215128214388105334e+03,4.825162399999999820e+02
1.215521505858123646e+03,4.825162399999999820e+02
1.215599086641250551e+03,4.825162399999999820e+02
1.186015300000000025e+03,5.029685000000000059e+02
1.216069958894395768e+03,4.840369999999999777e+02
1.216463609534706393e+03,4.840369999999999777e+02
1.216540831147541212e+03,4.840369999999999777e+02
1.217251812305343719e+03,4.840369999999999777e+02
1.217011703400686429e+03,4.840369999999999777e+02
1.217405713211289140e+03,4.840369999999999777e+02
1.217482575653831645e+03,4.840369999999999777e+02
1.218831833455657488e+03,4.840369999999999777e+02
1.217953447906976862e+03,4.840369999999999777e+02
1.218347816887871886e+03,4.840369999999999777e+02
1.218424320160122079e+03,4.840369999999999777e+02
1.219137457984732919e+03,4.840369999999999777e+02
1.218895192413267296e+03,4.840369999999999777e+02
1.219289920564454633e+03,4.840369999999999777e+02
1.219366064666412512e+03,4.840369999999999777e+02
1.222006415828220952e+03,4.840369999999999777e+02
1.219836936919557957e+03,4.840369999999999777e+02
1.220232024241037379e+03,4.840369999999999777e+02
1.220307809172703173e+03,4.840369999999999777e+02
1.221023103664122345e+03,4.840369999999999777e+02
1.220778681425848390e+03,4.840369999999999777e+02
1.221174127917620353e+03,4.840369999999999777e+02
1.221249553678993607e+03,4.840369999999999777e+02
1.222608891314984703e+03,4.840369999999999777e+02
1.221720425932138824e+03,4.840369999999999777e+02
1.222116231594203100e+03,4.840369999999999777e+02
1.222191298185284040e+03,4.840369999999999777e+02
1.222908749343511545e+03,4.840369999999999777e+02
1.222662170438429484e+03,4.840369999999999777e+02
1.223058335270785847e+03,4.840369999999999777e+02
1.223133042691574701e+03,4.840369999999999777e+02
1.199257399999999961e+03,4.889691199999999753e+02
1.223603914944719918e+03,4.564206500000000233e+02
1.224000438947368593e+03,4.564206500000000233e+02
1.224074787197865135e+03,4.564206500000000233e+02
1.224794395022900972e+03,4.564206500000000233e+02
1.224545659451010351e+03,4.564206500000000233e+02
1.224942542623951340e+03,4.564206500000000233e+02
1.225016531704155568e+03,4.564206500000000233e+02
1.226385949174311918e+03,4.564206500000000233e+02
1.225487403957301012e+03,4.564206500000000233e+02
1.225884646300534087e+03,4.564206500000000233e+02
1.225958276210446229e+03,4.564206500000000233e+02
1.226680040702290171e+03,4.564206500000000233e+02
1.226429148463591446e+03,4.564206500000000233e+02
1.226826749977116833e+03,4.564206500000000233e+02
1.226900020716736663e+03,4.564206500000000233e+02
1.229583703680981671e+03,4.981507599999999911e+02
1.227370892969881879e+03,4.981507599999999911e+02
1.227768853653699580e+03,4.981507599999999911e+02
1.227841765223027096e+03,4.981507599999999911e+02
1.228565686381679598e+03,4.981507599999999911e+02
1.228312637476172540e+03,4.981507599999999911e+02
1.228710957330282326e+03,4.981507599999999911e+02
1.228783509729317757e+03,4.981507599999999911e+02
1.230163007033639133e+03,4.981507599999999911e+02
1.229254381982462974e+03,4.981507599999999911e+02
1.229653061006865073e+03,4.981507599999999911e+02
1.229725254235608190e+03,4.981507599999999911e+02
1.230451332061068797e+03,4.981507599999999911e+02
1.230196126488753407e+03,4.981507599999999911e+02
1.230595164683447820e+03,4.981507599999999911e+02
1.230666998741898624e+03,4.981507599999999911e+02
1.209570300000000088e+03,4.825162399999999820e+02
1.231137870995044068e+03,5.231113000000000284e+02
1.231537268360030566e+03,5.231113000000000284e+02
1.231608743248189285e+03,5.231113000000000284e+02
1.232336977740458224e+03,5.231113000000000284e+02
1.232079615501334501e+03,5.231113000000000284e+02
1.232479372036613313e+03,5.231113000000000284e+02
1.232550487754479718e+03,5.231113000000000284e+02
1.233940064892966348e+03,5.231113000000000284e+02
1.233021360007624935e+03,5.231113000000000284e+02
1.233421475713196060e+03,5.231113000000000284e+02
1.233492232260770152e+03,5.231113000000000284e+02
1.234222623419847423e+03,5.231113000000000284e+02
1.233963104513915596e+03,5.231113000000000284e+02
1.234363579389778806e+03,5.231113000000000284e+02
1.234433976767060813e+03,5.231113000000000284e+02
1.237160991533742390e+03,5.231113000000000284e+02
1.234904849020206029e+03,5.231113000000000284e+02
1.235305683066361553e+03,5.231113000000000284e+02
1.235375721273351246e+03,5.231113000000000284e+02
1.236108269099236850e+03,5.231113000000000284e+02
1.235846593526496463e+03,5.231113000000000284e+02
1.236247786742944527e+03,5.231113000000000284e+02
1.236317465779641680e+03,5.231113000000000284e+02
1.237717122752293562e+03,5.231113000000000284e+02
1.236788338032786896e+03,5.231113000000000284e+02
1.237189890419527273e+03,5.231113000000000284e+02
1.237259210285932340e+03,5.231113000000000284e+02
1.237993914778626049e+03,5.231113000000000284e+02
1.237730082539077557e+03,5.231113000000000284e+02
1.238131994096110020e+03,5.231113000000000284e+02
1.238200954792222774e+03,5.231113000000000284e+02
1.219737699999999904e+03,4.840369999999999777e+02
1.238671827045367991e+03,5.361082999999999856e+02
1.239074097772692767e+03,5.361082999999999856e+02
1.239142699298513207e+03,5.361082999999999856e+02
1.239879560458015476e+03,5.361082999999999856e+02
1.239613571551658424e+03,5.361082999999999856e+02
1.240016201449275513e+03,5.361082999999999856e+02
1.240084443804803868e+03,5.361082999999999856e+02
1.241494180611620777e+03,5.405485999999999649e+02
1.240555316057949085e+03,5.361082999999999856e+02
1.240958305125858260e+03,5.361082999999999856e+02
1.241026188311094302e+03,5.361082999999999856e+02
1.241765206137404675e+03,5.405485999999999649e+02
1.241497060564239518e+03,5.405485999999999649e+02
1.241900408802441007e+03,5.405485999999999649e+02
1.241967932817384735e+03,5.405485999999999649e+02
1.244738279386503109e+03,5.409748499999999467e+02
1.242438805070529952e+03,5.409748499999999467e+02
1.242842512479023753e+03,5.409748499999999467e+02
1.242909677323675396e+03,5.409748499999999467e+02
1.243650851816794102e+03,5.409748499999999467e+02
1.243380549576820613e+03,5.409748499999999467e+02
1.243784616155606500e+03,5.409748499999999467e+02
1.243851421829965830e+03,5.409748499999999467e+02
1.245271238470947992e+03,5.409748499999999467e+02
1.244322294083111046e+03,5.409748499999999467e+02
1.244726719832189247e+03,5.409748499999999467e+02
1.244793166336256263e+03,5.409748499999999467e+02
1.245536497496183301e+03,5.409748499999999467e+02
1.245264038589401480e+03,5.409748499999999467e+02
1.245668823508771993e+03,5.409748499999999467e+02
1.245734910842546924e+03,5.409748499999999467e+02
1.229653399999999920e+03,4.981507599999999911e+02
1.246205783095692141e+03,3.899421399999999949e+02
1.246610927185354740e+03,3.899421399999999949e+02
1.246676655348837357e+03,3.899421399999999949e+02
1.247422143175572728e+03,3.899421399999999949e+02
1.247147527601982574e+03,3.899421399999999949e+02
1.247553030861937486e+03,3.899421399999999949e+02
1.247618399855127791e+03,3.899421399999999949e+02
1.249048296330275207e+03,3.899421399999999949e+02
1.248089272108273008e+03,3.899421399999999949e+02
1.248495134538520233e+03,3.899421399999999949e+02
1.248560144361418452e+03,3.899421399999999949e+02
1.249307788854961927e+03,3.899421399999999949e+02
1.249031016614563669e+03,3.899421399999999949e+02
1.249437238215102980e+03,3.899421399999999949e+02
1.249501888867708885e+03,3.899421399999999949e+02
1.252315567239263828e+03,3.899421399999999949e+02
1.249972761120854102e+03,3.899421399999999949e+02
1.250379341891685954e+03,3.899421399999999949e+02
1.250443633373999319e+03,3.899421399999999949e+02
1.251193434534351354e+03,3.899421399999999949e+02
1.250914505627144536e+03,3.899421399999999949e+02
1.251321445568268700e+03,3.899421399999999949e+02
1.251385377880289980e+03,3.899421399999999949e+02
1.252825354189602422e+03,3.899421399999999949e+02
1.251856250133435196e+03,3.899421399999999949e+02
1.252263549244851447e+03,3.899421399999999949e+02
1.252327122386580413e+03,3.899421399999999949e+02
1.253079080213740554e+03,3.899421399999999949e+02
1.252797994639725630e+03,3.899421399999999949e+02
1.253205652921434194e+03,3.899421399999999949e+02
1.253268866892870847e+03,3.899421399999999949e+02
1.237828500000000076e+03,5.231113000000000284e+02
1.253739739146016063e+03,3.899421399999999949e+02
1.254147756598016940e+03,3.899421399999999949e+02
1.254210611399161280e+03,3.899421399999999949e+02
1.254964725893129980e+03,3.552776999999999816e+02
1.254681483652306724e+03,3.552776999999999816e+02
1.255089860274599687e+03,3.552776999999999816e+02
1.255152355905451941e+03,3.552776999999999816e+02
1.256602412048929637e+03,4.337631799999999771e+02
1.255623228158597158e+03,4.337631799999999771e+02
1.256031963951182433e+03,4.337631799999999771e+02
1.256094100411742374e+03,4.337631799999999771e+02
1.256850371572519180e+03,4.337631799999999771e+02
1.256564972664887591e+03,4.337631799999999771e+02
1.256974067627765180e+03,4.337631799999999771e+02
1.257035844918032808e+03,4.337631799999999771e+02
1.259892855092024547e+03,4.476820000000000164e+02
1.257506717171178252e+03,4.547900399999999763e+02
1.257916171304347927e+03,4.547900399999999763e+02
1.257977589424323469e+03,4.547900399999999763e+02
1.258736017251908606e+03,4.476820000000000164e+02
1.258448461677468686e+03,4.476820000000000164e+02
1.258858274980930673e+03,4.476820000000000164e+02
1.258919333930613902e+03,4.476820000000000164e+02
1.260379469908256851e+03,4.476820000000000164e+02
1.259390206183759119e+03,4.476820000000000164e+02
1.259800378657513420e+03,4.476820000000000164e+02
1.259861078436904336e+03,4.476820000000000164e+02
1.260621662931297806e+03,4.476820000000000164e+02
1.260331950690049780e+03,4.476820000000000164e+02
1.260742482334096167e+03,4.476820000000000164e+02
1.260802822943194997e+03,4.476820000000000164e+02
1.240630900000000111e+03,5.361082999999999856e+02
1.261273695196340213e+03,4.476820000000000164e+02
1.261684586010678913e+03,4.476820000000000164e+02
1.261744567449485430e+03,4.476820000000000164e+02
1.262507308610687232e+03,4.476820000000000164e+02
1.262215439702630647e+03,4.476820000000000164e+02
1.262626689687261660e+03,4.476820000000000164e+02
1.262686311955775864e+03,4.476820000000000164e+02
1.264156527767584066e+03,4.476820000000000164e+02
1.263157184208921308e+03,4.476820000000000164e+02
1.263568793363844406e+03,4.476820000000000164e+02
1.263628056462066525e+03,4.476820000000000164e+02
1.264392954290076432e+03,4.476820000000000164e+02
1.264098928715211741e+03,4.476820000000000164e+02
1.264510897040427153e+03,4.476820000000000164e+02
1.264569800968356958e+03,4.476820000000000164e+02
1.267470142944785266e+03,4.476820000000000164e+02
1.265040673221502175e+03,4.476820000000000164e+02
1.265453000717010127e+03,4.476820000000000164e+02
1.265511545474647392e+03,4.476820000000000164e+02
1.266278599969465859e+03,4.476820000000000164e+02
1.265982417727792836e+03,4.476820000000000164e+02
1.266395104393592874e+03,4.476820000000000164e+02
1.266453289980938052e+03,4.476820000000000164e+02
1.267933585626911281e+03,4.476820000000000164e+02
1.266924162234083269e+03,4.476820000000000164e+02
1.267337208070175620e+03,4.476820000000000164e+02
1.267395034487228486e+03,4.476820000000000164e+02
1.268164245648855058e+03,4.476820000000000164e+02
1.267865906740373703e+03,4.476820000000000164e+02
1.268279311746758367e+03,4.476820000000000164e+02
1.268336778993518919e+03,4.476820000000000164e+02
1.241953600000000051e+03,5.405485999999999649e+02
1.268807651246664363e+03,4.476820000000000164e+02
1.269221415423341114e+03,4.476820000000000164e+02
1.269278523499809580e+03,4.476820000000000164e+02
1.270049891328244485e+03,4.476820000000000164e+02
1.269749395752954797e+03,4.476820000000000164e+02
1.270163519099923860e+03,4.476820000000000164e+02
1.270220268006100014e+03,4.476820000000000164e+02
1.271710643486238496e+03,4.476820000000000164e+02
1.270691140259245230e+03,4.476820000000000164e+02
1.271105622776506607e+03,4.476820000000000164e+02
1.271162012512390447e+03,4.476820000000000164e+02
1.271935537007633684e+03,4.476820000000000164e+02
1.271632884765535664e+03,4.476820000000000164e+02
1.272047726453089354e+03,4.476820000000000164e+02
1.272103757018681108e+03,4.476820000000000164e+02
1.275047430797545985e+03,4.476820000000000164e+02
1.272574629271826325e+03,4.476820000000000164e+02
1.272989830129672100e+03,4.476820000000000164e+02
1.273045501524971542e+03,4.476820000000000164e+02
1.273821182687023111e+03,4.476820000000000164e+02
1.273516373778116758e+03,4.476820000000000164e+02
1.273931933806254847e+03,4.476820000000000164e+02
1.273987246031261975e+03,4.476820000000000164e+02
1.275487701345565711e+03,4.476820000000000164e+02
1.274458118284407192e+03,4.476820000000000164e+02
1.274874037482837593e+03,4.476820000000000164e+02
1.274928990537552636e+03,4.476820000000000164e+02
1.275706828366412310e+03,4.476820000000000164e+02
1.275399862790697853e+03,4.476820000000000164e+02
1.275816141159420340e+03,4.476820000000000164e+02
1.275870735043843069e+03,4.476820000000000164e+02
1.242073499999999967e+03,5.409748499999999467e+02
1.276341607296988286e+03,5.589093000000000302e+02
1.276758244836003087e+03,5.589093000000000302e+02
1.276812479550133503e+03,5.589093000000000302e+02
1.277592474045801737e+03,5.589093000000000302e+02
1.277283351803278720e+03,5.589093000000000302e+02
1.277700348512585833e+03,5.589093000000000302e+02
1.277754224056424164e+03,5.589093000000000302e+02
1.279264759204892925e+03,5.589093000000000302e+02
1.278225096309569381e+03,5.589093000000000302e+02
1.278642452189168580e+03,5.589093000000000302e+02
1.278695968562714597e+03,5.589093000000000302e+02
1.279478119725190936e+03,5.589093000000000302e+02
1.279166840815859814e+03,5.589093000000000302e+02
1.279584555865751554e+03,5.589093000000000302e+02
1.279637713069005031e+03,5.589093000000000302e+02
1.282624718650306704e+03,5.589093000000000302e+02
1.280108585322150248e+03,5.589093000000000302e+02
1.280526659542334301e+03,5.589093000000000302e+02
1.280579457575295692e+03,5.589093000000000302e+02
1.281363765404580363e+03,5.589093000000000302e+02
1.281050329828440908e+03,5.589093000000000302e+02
1.281468763218917047e+03,5.589093000000000302e+02
1.281521202081586125e+03,5.589093000000000302e+02
1.283041817064220140e+03,5.589093000000000302e+02
1.281992074334731342e+03,5.589093000000000302e+02
1.282410866895499794e+03,5.589093000000000302e+02
1.282462946587876559e+03,5.589093000000000302e+02
1.283249411083969562e+03,5.589093000000000302e+02
1.282933818841021775e+03,5.589093000000000302e+02
1.283352970572082540e+03,5.589093000000000302e+02
1.283404691094167219e+03,5.589093000000000302e+02
1.242073499999999967e+03,5.409748499999999467e+02
1.283875563347312436e+03,5.589093000000000302e+02
1.284295074248665287e+03,5.589093000000000302e+02
1.284346435600457653e+03,5.589093000000000302e+02
1.285135056763358989e+03,5.589093000000000302e+02
1.284817307853602870e+03,5.589093000000000302e+02
1.285237177925248034e+03,5.589093000000000302e+02
1.285288180106748086e+03,5.589093000000000302e+02
1.286818874923547355e+03,5.589093000000000302e+02
1.285759052359893303e+03,5.589093000000000302e+02
1.286179281601830780e+03,5.589093000000000302e+02
1.286229924613038520e+03,5.589093000000000302e+02
1.287020702442748188e+03,5.589093000000000302e+02
1.286700796866183964e+03,5.589093000000000302e+02
1.287121385278413527e+03,5.589093000000000302e+02
1.287171669119329181e+03,5.589093000000000302e+02
1.290202006503067423e+03,5.589093000000000302e+02
1.287642541372474398e+03,5.589093000000000302e+02
1.288063488954996274e+03,5.589093000000000302e+02
1.288113413625619614e+03,5.589093000000000302e+02
1.288906348122137615e+03,5.589093000000000302e+02
1.288584285878764831e+03,5.589093000000000302e+02
1.289005592631579020e+03,5.589093000000000302e+02
1.289055158131910048e+03,5.589093000000000302e+02
1.290595932782874570e+03,5.589093000000000302e+02
1.289526030385055492e+03,5.589093000000000302e+02
1.289947696308161767e+03,5.589093000000000302e+02
1.289996902638200709e+03,5.589093000000000302e+02
1.290791993801526814e+03,5.589093000000000302e+02
1.290467774891345925e+03,5.589093000000000302e+02
1.290889799984744513e+03,5.589093000000000302e+02
1.290938647144491142e+03,5.589093000000000302e+02
1.255069300000000112e+03,3.552776999999999816e+02
1.291409519397636359e+03,5.589093000000000302e+02
1.291831903661327260e+03,5.589093000000000302e+02
1.291880391650781576e+03,5.589093000000000302e+02
1.292677639480916241e+03,5.589093000000000302e+02
1.292351263903927020e+03,5.589093000000000302e+02
1.292774007337910007e+03,5.589093000000000302e+02
1.292822136157072237e+03,5.589093000000000302e+02
1.294372990642201785e+03,5.336037599999999657e+02
1.293293008410217453e+03,5.491435500000000047e+02
1.293716111014492981e+03,5.491435500000000047e+02
1.293763880663362670e+03,5.491435500000000047e+02
1.294563285160305441e+03,5.336037599999999657e+02
1.294234752916507887e+03,5.336037599999999657e+02
1.294658214691075727e+03,5.336037599999999657e+02
1.294705625169653104e+03,5.336037599999999657e+02
1.297779294355828142e+03,5.564128399999999601e+02
1.295176497422798548e+03,5.336037599999999657e+02
1.295600318367658474e+03,5.336037599999999657e+02
1.295647369675943764e+03,5.336037599999999657e+02
1.296448930839694867e+03,5.564128399999999601e+02
1.296118241929088981e+03,5.564128399999999601e+02
1.296542422044241221e+03,5.564128399999999601e+02
1.296589114182234198e+03,5.564128399999999601e+02
1.298150048501529000e+03,5.564128399999999601e+02
1.297059986435379415e+03,5.564128399999999601e+02
1.297484525720823967e+03,5.564128399999999601e+02
1.297530858688524631e+03,5.564128399999999601e+02
1.298334576519084067e+03,5.564128399999999601e+02
1.298001730941670075e+03,5.564128399999999601e+02
1.298426629397406714e+03,5.564128399999999601e+02
1.298472603194815292e+03,5.564128399999999601e+02
1.254284900000000107e+03,3.899421399999999949e+02
1.298943475447960509e+03,5.021227999999999838e+02
1.299368733073989461e+03,5.021227999999999838e+02
1.299414347701105726e+03,5.021227999999999838e+02
1.300220222198473493e+03,5.021227999999999838e+02
1.299885219954250942e+03,5.021227999999999838e+02
1.300310836750572207e+03,5.021227999999999838e+02
1.300356092207396159e+03,5.021227999999999838e+02
1.301927106360856214e+03,5.021227999999999838e+02
1.300826964460541603e+03,5.021227999999999838e+02
1.301252940427154954e+03,5.021227999999999838e+02
1.301297836713686820e+03,5.021227999999999838e+02
1.302105867877862693e+03,5.021227999999999838e+02
1.301768708966832037e+03,5.021227999999999838e+02
1.302195044103737700e+03,5.021227999999999838e+02
1.302239581219977254e+03,5.021227999999999838e+02
1.305356582208589089e+03,4.574555700000000229e+02
1.302710453473122470e+03,4.574555700000000229e+02
1.303137147780320447e+03,4.574555700000000229e+02
1.303181325726267687e+03,4.574555700000000229e+02
1.303991513557252119e+03,4.574555700000000229e+02
1.303652197979412904e+03,4.574555700000000229e+02
1.304079251456903194e+03,4.574555700000000229e+02
1.304123070232558348e+03,4.574555700000000229e+02
1.305704164220183429e+03,4.574555700000000229e+02
1.304593942485703565e+03,4.574555700000000229e+02
1.305021355133485940e+03,4.574555700000000229e+02
1.305064814738848781e+03,4.574555700000000229e+02
1.305877159236641319e+03,4.574555700000000229e+02
1.305535686991993998e+03,4.574555700000000229e+02
1.305963458810068687e+03,4.574555700000000229e+02
1.306006559245139215e+03,4.574555700000000229e+02
1.256384800000000041e+03,4.337631799999999771e+02
1.306477431498284432e+03,4.574555700000000229e+02
1.306905562486651434e+03,4.574555700000000229e+02
1.306948303751429876e+03,4.574555700000000229e+02
1.307762804916030746e+03,4.574555700000000229e+02
1.307419176004575093e+03,4.574555700000000229e+02
1.307847666163234180e+03,4.574555700000000229e+02
1.307890048257720309e+03,4.574555700000000229e+02
1.309481222079510644e+03,5.360025600000000168e+02
1.308360920510865526e+03,4.574555700000000229e+02
1.308789769839817154e+03,5.360025600000000168e+02
1.308831792764010743e+03,5.360025600000000168e+02
1.309648450595419945e+03,5.360025600000000168e+02
1.309302665017155960e+03,5.360025600000000168e+02
1.309731873516399901e+03,5.360025600000000168e+02
1.309773537270301404e+03,5.360025600000000168e+02
1.312933870061349808e+03,5.360025600000000168e+02
1.310244409523446620e+03,5.360025600000000168e+02
1.310673977192982647e+03,5.360025600000000168e+02
1.310715281776591837e+03,5.360025600000000168e+02
1.311534096274809372e+03,5.360025600000000168e+02
1.311186154029737054e+03,5.360025600000000168e+02
1.311616080869565394e+03,5.360025600000000168e+02
1.311657026282882271e+03,5.360025600000000168e+02
1.313258279938838086e+03,5.360025600000000168e+02
1.312127898536027487e+03,5.360025600000000168e+02
1.312558184546148141e+03,5.360025600000000168e+02
1.312598770789172931e+03,5.360025600000000168e+02
1.313419741954198571e+03,5.360025600000000168e+02
1.313069643042318148e+03,5.360025600000000168e+02
1.313500288222730887e+03,5.360025600000000168e+02
1.313540515295463365e+03,5.360025600000000168e+02
1.257568500000000085e+03,4.547900399999999763e+02
1.314011387548608582e+03,5.360025600000000168e+02
1.314442391899313634e+03,5.360025600000000168e+02
1.314482259801753798e+03,5.360025600000000168e+02
1.315305387633587998e+03,5.360025600000000168e+02
1.314953132054899015e+03,5.360025600000000168e+02
1.315384495575896381e+03,5.360025600000000168e+02
1.315424004308044459e+03,5.360025600000000168e+02
1.317035337798165301e+03,5.360025600000000168e+02
1.315894876561189676e+03,5.360025600000000168e+02
1.316326599252479127e+03,5.360025600000000168e+02
1.316365748814334893e+03,5.360025600000000168e+02
1.317191033312977197e+03,5.360025600000000168e+02
1.316836621067480110e+03,5.360025600000000168e+02
1.317268702929061874e+03,5.360025600000000168e+02
1.317307493320625326e+03,5.360025600000000168e+02
1.320511157914110527e+03,5.360025600000000168e+02
1.317778365573770543e+03,5.360025600000000168e+02
1.318210806605644621e+03,5.360025600000000168e+02
1.318249237826915987e+03,5.360025600000000168e+02
1.319076678992366624e+03,5.360025600000000168e+02
1.318720110080061204e+03,5.360025600000000168e+02
1.319152910282227367e+03,5.360025600000000168e+02
1.319190982333206421e+03,5.360025600000000168e+02
1.320812395657492516e+03,5.360025600000000168e+02
1.319661854586351637e+03,5.360025600000000168e+02
1.320095013958810114e+03,5.360025600000000168e+02
1.320132726839496854e+03,5.360025600000000168e+02
1.320962324671755823e+03,5.360025600000000168e+02
1.320603599092642071e+03,5.360025600000000168e+02
1.321037117635392860e+03,5.360025600000000168e+02
1.321074471345787288e+03,5.360025600000000168e+02
1.257568500000000085e+03,4.547900399999999763e+02
1.321545343598932732e+03,4.979406700000000114e+02
1.321979221311975607e+03,4.979406700000000114e+02
1.322016215852077949e+03,4.979406700000000114e+02
1.322847970351145250e+03,4.979406700000000114e+02
1.322487088105223165e+03,4.979406700000000114e+02
1.322921324988558581e+03,4.979406700000000114e+02
1.322957960358368382e+03,4.979406700000000114e+02
1.324589453516819731e+03,4.979406700000000114e+02
1.323428832611513599e+03,4.979406700000000114e+02
1.323863428665141328e+03,4.979406700000000114e+02
1.323899704864658815e+03,4.979406700000000114e+02
1.324733616030534449e+03,4.979406700000000114e+02
1.324370577117804260e+03,4.979406700000000114e+02
1.324805532341724074e+03,4.979406700000000114e+02
1.324841449370949476e+03,4.979406700000000114e+02
1.328088445766871246e+03,4.979406700000000114e+02
1.325312321624094693e+03,4.979406700000000114e+02
1.325747636018306821e+03,4.979406700000000114e+02
1.325783193877239910e+03,4.979406700000000114e+02
1.326619261709923876e+03,4.979406700000000114e+02
1.326254066130385127e+03,4.979406700000000114e+02
1.326689739694889568e+03,4.979406700000000114e+02
1.326724938383530343e+03,4.979406700000000114e+02
1.328366511376146946e+03,4.979406700000000114e+02
1.327195810636675787e+03,4.979406700000000114e+02
1.327631843371472314e+03,4.979406700000000114e+02
1.327666682889821004e+03,4.979406700000000114e+02
1.328504907389313075e+03,4.979406700000000114e+02
1.328137555142966221e+03,4.979406700000000114e+02
1.328573947048055061e+03,4.979406700000000114e+02
1.328608427396111438e+03,4.979406700000000114e+02
1.308051999999999907e+03,4.574555700000000229e+02
1.329079299649256654e+03,4.979406700000000114e+02
1.329516050724637807e+03,4.979406700000000114e+02
1.329550171902401871e+03,4.979406700000000114e+02
1.330390553068702502e+03,4.979406700000000114e+02
1.330021044155547315e+03,4.979406700000000114e+02
1.330458154401220554e+03,4.979406700000000114e+02
1.330491916408692532e+03,4.979406700000000114e+02
1.332143569235474160e+03,4.979406700000000114e+02
1.330962788661837749e+03,4.979406700000000114e+02
1.331400258077803301e+03,4.979406700000000114e+02
1.331433660914982966e+03,4.979406700000000114e+02
1.332276198748091701e+03,4.979406700000000114e+02
1.331904533168128182e+03,4.979406700000000114e+02
1.332342361754386047e+03,4.979406700000000114e+02
1.332375405421273399e+03,4.979406700000000114e+02
1.335665733619631965e+03,4.979406700000000114e+02
1.332846277674418843e+03,4.979406700000000114e+02
1.333284465430968794e+03,4.979406700000000114e+02
1.333317149927564060e+03,4.979406700000000114e+02
1.334161844427481128e+03,4.979406700000000114e+02
1.333788022180709277e+03,4.979406700000000114e+02
1.334226569107551541e+03,4.979406700000000114e+02
1.334258894433854493e+03,4.979406700000000114e+02
1.335920627094801375e+03,4.979406700000000114e+02
1.334729766686999710e+03,4.979406700000000114e+02
1.335168672784134287e+03,4.979406700000000114e+02
1.335200638940144927e+03,4.979406700000000114e+02
1.336047490106870328e+03,4.979406700000000114e+02
1.335671511193290371e+03,4.979406700000000114e+02
1.336110776460717034e+03,4.979406700000000114e+02
1.336142383446435588e+03,4.979406700000000114e+02
1.308051999999999907e+03,4.574555700000000229e+02
1.336613255699580805e+03,4.979406700000000114e+02
1.337052880137299780e+03,4.979406700000000114e+02
1.337084127952726021e+03,4.979406700000000114e+02
1.337933135786259754e+03,4.979406700000000114e+02
1.337555000205871238e+03,4.979406700000000114e+02
1.337994983813882754e+03,4.979406700000000114e+02
1.338025872459016455e+03,4.979406700000000114e+02
1.339697684954128590e+03,4.979406700000000114e+02
1.338496744712161671e+03,4.979406700000000114e+02
1.338937087490465501e+03,4.979406700000000114e+02
1.338967616965307116e+03,4.979406700000000114e+02
1.339818781465648954e+03,4.979406700000000114e+02
1.339438489218452332e+03,4.979406700000000114e+02
1.339879191167048248e+03,4.979406700000000114e+02
1.339909361471597549e+03,4.979406700000000114e+02
1.343243021472392684e+03,4.979406700000000114e+02
1.340380233724742766e+03,4.979406700000000114e+02
1.340821294843630994e+03,4.979406700000000114e+02
1.340851105977887983e+03,4.979406700000000114e+02
1.341704427145038380e+03,4.979406700000000114e+02
1.341321978231033199e+03,4.979406700000000114e+02
1.341763398520213741e+03,4.979406700000000114e+02
1.341792850484178643e+03,4.979406700000000114e+02
1.343474742813455805e+03,4.979406700000000114e+02
1.342263722737323860e+03,4.979406700000000114e+02
1.342705502196796488e+03,4.979406700000000114e+02
1.342734594990469077e+03,4.979406700000000114e+02
1.343590072824427580e+03,4.979406700000000114e+02
1.343205467243614294e+03,4.979406700000000114e+02
1.343647605873379234e+03,4.979406700000000114e+02
1.343676339496759510e+03,4.979406700000000114e+02
1.299081500000000005e+03,5.021227999999999838e+02
1.344147211749904727e+03,4.730872800000000211e+02
1.344589709549961981e+03,4.730872800000000211e+02
1.344618084003050171e+03,4.730872800000000211e+02
1.345475718503817006e+03,4.730872800000000211e+02
1.345088956256195388e+03,4.730872800000000211e+02
1.345531813226544728e+03,4.730872800000000211e+02
1.345559828509340605e+03,4.730872800000000211e+02
1.347251800672783020e+03,4.730872800000000211e+02
1.346030700762485822e+03,4.730872800000000211e+02
1.346473916903127474e+03,4.730872800000000211e+02
1.346501573015631038e+03,4.730872800000000211e+02
1.347361364183206206e+03,4.730872800000000211e+02
1.346972445268776255e+03,4.730872800000000211e+02
1.347416020579710221e+03,4.730872800000000211e+02
1.347443317521921699e+03,4.730872800000000211e+02
1.350820309325153403e+03,4.730872800000000211e+02
1.347914189775066916e+03,4.730872800000000211e+02
1.348358124256292967e+03,4.730872800000000211e+02
1.348385062028212133e+03,4.730872800000000211e+02
1.349247009862595633e+03,4.730872800000000211e+02
1.348855934281357349e+03,4.730872800000000211e+02
1.349300227932875714e+03,4.730872800000000211e+02
1.349326806534502566e+03,4.730872800000000211e+02
1.351028858532110235e+03,4.730872800000000211e+02
1.349797678787647783e+03,4.730872800000000211e+02
1.350242331609458461e+03,4.730872800000000211e+02
1.350268551040793227e+03,4.730872800000000211e+02
1.351132655541984832e+03,4.730872800000000211e+02
1.350739423293938444e+03,4.730872800000000211e+02
1.351184435286041207e+03,4.730872800000000211e+02
1.351210295547083660e+03,4.730872800000000211e+02
1.295093299999999999e+03,5.336037599999999657e+02
1.351681167800228877e+03,4.730872800000000211e+02
1.352126538962624181e+03,4.730872800000000211e+02
1.352152040053374094e+03,4.730872800000000211e+02
1.353018301221374259e+03,4.730872800000000211e+02
1.352622912306519311e+03,4.730872800000000211e+02
1.353068642639206928e+03,4.730872800000000211e+02
1.353093784559664755e+03,4.730872800000000211e+02
1.354805916391437449e+03,4.730872800000000211e+02
1.353564656812809972e+03,4.730872800000000211e+02
1.354010746315789675e+03,4.730872800000000211e+02
1.354035529065955188e+03,4.730872800000000211e+02
1.354903946900763458e+03,4.730872800000000211e+02
1.354506401319100405e+03,4.730872800000000211e+02
1.354952849992372421e+03,4.730872800000000211e+02
1.354977273572245622e+03,4.730872800000000211e+02
1.358397597177914122e+03,4.730872800000000211e+02
1.355448145825390839e+03,4.730872800000000211e+02
1.355894953668955168e+03,4.730872800000000211e+02
1.355919018078536055e+03,4.730872800000000211e+02
1.356789592580152885e+03,4.730872800000000211e+02
1.356389890331681499e+03,4.730872800000000211e+02
1.356837057345537914e+03,4.730872800000000211e+02
1.356860762584826716e+03,4.730872800000000211e+02
1.358582974250764664e+03,4.730872800000000211e+02
1.357331634837971933e+03,4.730872800000000211e+02
1.357779161022120661e+03,4.730872800000000211e+02
1.357802507091117150e+03,4.730872800000000211e+02
1.358675238259542084e+03,4.730872800000000211e+02
1.358273379344262366e+03,4.730872800000000211e+02
1.358721264698703408e+03,4.730872800000000211e+02
1.358744251597407583e+03,4.730872800000000211e+02
1.293282600000000002e+03,5.491435500000000047e+02
1.359215123850553027e+03,4.730872800000000211e+02
1.359663368375286154e+03,4.730872800000000211e+02
1.359685996103698244e+03,4.730872800000000211e+02
1.360560883938931511e+03,4.730872800000000211e+02
1.360156868356843461e+03,4.730872800000000211e+02
1.360605472051868901e+03,4.730872800000000211e+02
1.360627740609988678e+03,4.730872800000000211e+02
1.362360032110091879e+03,4.730872800000000211e+02
1.361098612863133894e+03,4.730872800000000211e+02
1.361547575728451648e+03,4.730872800000000211e+02
1.361569485116279111e+03,4.730872800000000211e+02
1.362446529618320710e+03,4.730872800000000211e+02
1.362040357369424555e+03,4.730872800000000211e+02
1.362489679405034394e+03,4.730872800000000211e+02
1.362511229622569772e+03,4.730872800000000211e+02
1.365974885030674841e+03,4.730872800000000211e+02
1.362982101875714989e+03,4.730872800000000211e+02
1.363431783081617141e+03,4.730872800000000211e+02
1.363452974128860205e+03,4.730872800000000211e+02
1.364332175297710137e+03,4.730872800000000211e+02
1.363923846382005422e+03,4.730872800000000211e+02
1.364373886758199887e+03,4.730872800000000211e+02
1.364394718635150639e+03,4.730872800000000211e+02
1.366137089969419094e+03,4.730872800000000211e+02
1.364865590888296083e+03,4.730872800000000211e+02
1.365315990434782634e+03,4.730872800000000211e+02
1.365336463141441300e+03,4.730872800000000211e+02
1.366217820977099336e+03,4.730872800000000211e+02
1.365807335394586516e+03,4.730872800000000211e+02
1.366258094111365608e+03,4.730872800000000211e+02
1.366278207647731733e+03,4.730872800000000211e+02
1.292557099999999991e+03,5.589093000000000302e+02
1.366749079900876950e+03,4.677276600000000144e+02
1.367200197787948355e+03,4.677276600000000144e+02
1.367219952154022167e+03,4.677276600000000144e+02
1.368103466656488763e+03,4.677276600000000144e+02
1.367690824407167611e+03,4.677276600000000144e+02
1.368142301464531101e+03,4.677276600000000144e+02
1.368161696660312828e+03,4.677276600000000144e+02
1.369914147828746309e+03,4.677276600000000144e+02
1.368632568913458044e+03,4.677276600000000144e+02
1.369084405141113848e+03,4.677276600000000144e+02
1.369103441166603261e+03,4.677276600000000144e+02
1.369989112335877962e+03,4.677276600000000144e+02
1.369574313419748478e+03,4.677276600000000144e+02
1.370026508817696595e+03,4.677276600000000144e+02
1.370045185672893695e+03,4.677276600000000144e+02
1.373552172883435560e+03,4.677276600000000144e+02
1.370516057926039139e+03,4.677276600000000144e+02
1.370968612494279341e+03,4.677276600000000144e+02
1.370986930179184355e+03,4.677276600000000144e+02
1.371874758015267389e+03,4.677276600000000144e+02
1.371457802432329572e+03,4.677276600000000144e+02
1.371910716170862088e+03,4.677276600000000144e+02
1.371928674685474789e+03,4.677276600000000144e+02
1.373691205688073524e+03,4.677276600000000144e+02
1.372399546938620006e+03,4.677276600000000144e+02
1.372852819847444835e+03,4.677276600000000144e+02
1.372870419191765222e+03,4.677276600000000144e+02
1.373760403694656588e+03,4.677276600000000144e+02
1.373341291444910439e+03,4.677276600000000144e+02
1.373794923524027581e+03,4.677276600000000144e+02
1.373812163698055883e+03,4.677276600000000144e+02
1.293268299999999954e+03,5.605218499999999722e+02
1.374283035951201100e+03,4.677276600000000144e+02
1.374737027200610328e+03,4.677276600000000144e+02
1.374753908204346317e+03,4.677276600000000144e+02
1.375646049374046015e+03,4.677276600000000144e+02
1.375224780457491534e+03,4.677276600000000144e+02
1.375679130877193074e+03,4.677276600000000144e+02
1.375695652710636750e+03,4.677276600000000144e+02
1.377468263547400738e+03,4.677276600000000144e+02
1.376166524963781967e+03,4.677276600000000144e+02
1.376621234553775821e+03,4.677276600000000144e+02
1.376637397216927411e+03,4.677276600000000144e+02
1.377531695053435215e+03,4.677276600000000144e+02
1.377108269470072628e+03,4.677276600000000144e+02
1.377563338230358568e+03,4.677276600000000144e+02
1.377579141723217845e+03,4.677276600000000144e+02
1.381129460736196279e+03,4.677276600000000144e+02
1.378050013976363061e+03,4.677276600000000144e+02
1.378505441906941314e+03,4.677276600000000144e+02
1.378520886229508278e+03,4.677276600000000144e+02
1.379417340732824641e+03,4.677276600000000144e+02
1.378991758482653495e+03,4.677276600000000144e+02
1.379447545583524061e+03,4.677276600000000144e+02
1.379462630735798939e+03,4.677276600000000144e+02
1.381245321406727953e+03,4.677276600000000144e+02
1.379933502988944156e+03,4.677276600000000144e+02
1.380389649260106808e+03,4.677276600000000144e+02
1.380404375242089372e+03,4.677276600000000144e+02
1.381302986412213841e+03,4.677276600000000144e+02
1.380875247495234589e+03,4.677276600000000144e+02
1.381331752936689782e+03,4.677276600000000144e+02
1.381346119748379806e+03,4.677276600000000144e+02
1.296630499999999984e+03,5.564128399999999601e+02
1.381816992001525023e+03,4.677276600000000144e+02
1.382273856613272528e+03,4.677276600000000144e+02
1.382287864254670467e+03,4.677276600000000144e+02
1.383188632091603267e+03,4.677276600000000144e+02
1.382758736507815684e+03,4.677276600000000144e+02
1.383215960289855275e+03,4.677276600000000144e+02
1.383229608760960900e+03,4.677276600000000144e+02
1.385022379266055168e+03,4.677276600000000144e+02
1.383700481014106117e+03,4.677276600000000144e+02
1.384158063966438021e+03,4.677276600000000144e+02
1.384171353267251334e+03,4.677276600000000144e+02
1.385074277770992467e+03,4.677276600000000144e+02
1.384642225520396551e+03,4.677276600000000144e+02
1.385100167643020768e+03,4.677276600000000144e+02
1.385113097773541995e+03,4.677276600000000144e+02
1.388706748588956998e+03,4.677276600000000144e+02
1.385583970026687211e+03,4.677276600000000144e+02
1.386042271319603515e+03,4.677276600000000144e+02
1.386054842279832428e+03,4.677276600000000144e+02
1.386959923450381893e+03,4.677276600000000144e+02
1.386525714532977645e+03,4.677276600000000144e+02
1.386984374996186261e+03,4.677276600000000144e+02
1.386996586786122862e+03,4.677276600000000144e+02
1.388799437125382383e+03,4.677276600000000144e+02
1.387467459039268078e+03,4.677276600000000144e+02
1.387926478672769008e+03,4.677276600000000144e+02
1.387938331292413523e+03,4.677276600000000144e+02
1.388845569129771093e+03,4.677276600000000144e+02
1.388409203545558739e+03,4.677276600000000144e+02
1.388868582349351755e+03,4.677276600000000144e+02
1.388880075798703956e+03,4.677276600000000144e+02
1.309349699999999984e+03,5.360025600000000168e+02
1.389350948051849173e+03,4.677276600000000144e+02
1.389810686025934501e+03,4.677276600000000144e+02
1.389821820304994390e+03,4.677276600000000144e+02
1.390731214809160520e+03,4.677276600000000144e+02
1.390292692558139606e+03,4.677276600000000144e+02
1.390752789702517248e+03,4.677276600000000144e+02
1.390763564811284823e+03,4.677276600000000144e+02
1.392576494984709598e+03,4.677276600000000144e+02
1.391234437064430267e+03,4.677276600000000144e+02
1.391694893379099994e+03,4.677276600000000144e+02
1.391705309317575484e+03,4.677276600000000144e+02
1.392616860488549719e+03,4.677276600000000144e+02
1.392176181570720701e+03,4.677276600000000144e+02
1.392636997055682741e+03,4.677276600000000144e+02
1.392647053823865917e+03,4.677276600000000144e+02
1.396284036441717717e+03,4.677276600000000144e+02
1.393117926077011134e+03,4.677276600000000144e+02
1.393579100732265488e+03,4.677276600000000144e+02
1.393588798330156351e+03,4.677276600000000144e+02
1.394502506167939146e+03,4.677276600000000144e+02
1.394059670583301795e+03,4.677276600000000144e+02
1.394521204408848234e+03,4.677276600000000144e+02
1.394530542836447012e+03,4.677276600000000144e+02
1.396353552844036813e+03,4.677276600000000144e+02
1.395001415089592228e+03,4.677276600000000144e+02
1.395463308085431208e+03,4.677276600000000144e+02
1.395472287342737445e+03,4.677276600000000144e+02
1.396388151847328345e+03,4.677276600000000144e+02
1.395943159595882662e+03,4.677276600000000144e+02
1.396405411762013955e+03,4.677276600000000144e+02
1.396414031849027879e+03,4.677276600000000144e+02
1.332433099999999968e+03,4.979406700000000114e+02
1.396884904102173323e+03,5.445288000000000466e+02
1.397347515438596702e+03,5.445288000000000466e+02
1.397355776355318540e+03,5.445288000000000466e+02
1.398273797526717772e+03,5.445288000000000466e+02
1.397826648608463756e+03,5.445288000000000466e+02
1.398289619115179448e+03,5.445288000000000466e+02
1.398297520861608973e+03,5.445288000000000466e+02
1.400130610703364027e+03,5.445288000000000466e+02
1.398768393114754190e+03,5.445288000000000466e+02
1.399231722791762195e+03,5.445288000000000466e+02
1.399239265367899407e+03,5.445288000000000466e+02
1.400159443206106971e+03,5.445288000000000466e+02
1.399710137621044851e+03,5.445288000000000466e+02
1.400173826468344942e+03,5.445288000000000466e+02
1.400181009874190067e+03,5.445288000000000466e+02
1.403861324294478663e+03,5.445288000000000466e+02
1.400651882127335284e+03,5.445288000000000466e+02
1.401115930144927688e+03,5.445288000000000466e+02
1.401122754380480501e+03,5.445288000000000466e+02
1.402045088885496398e+03,5.445288000000000466e+02
1.401593626633625718e+03,5.445288000000000466e+02
1.402058033821510435e+03,5.445288000000000466e+02
1.402064498886770934e+03,5.445288000000000466e+02
1.403907668562691242e+03,5.445288000000000466e+02
1.402535371139916379e+03,5.445288000000000466e+02
1.403000137498093181e+03,5.445288000000000466e+02
1.403006243393061595e+03,5.445288000000000466e+02
1.403930734564885597e+03,5.445288000000000466e+02
1.403477115646206812e+03,5.445288000000000466e+02
1.403942241174675928e+03,5.445288000000000466e+02
1.403947987899352029e+03,5.445288000000000466e+02
1.354314000000000078e+03,4.730872800000000211e+02
1.404418860152497246e+03,5.445288000000000466e+02
1.404884344851258675e+03,5.445288000000000466e+02
1.404889732405642462e+03,5.445288000000000466e+02
1.405816380244275024e+03,5.445288000000000466e+02
1.405360604658787906e+03,5.445288000000000466e+02
1.405826448527841421e+03,5.445288000000000466e+02
1.405831476911933123e+03,5.445288000000000466e+02
1.407684726422018457e+03,5.445288000000000466e+02
1.406302349165078340e+03,5.445288000000000466e+02
1.406768552204424168e+03,5.445288000000000466e+02
1.406773221418223557e+03,5.445288000000000466e+02
1.407702025923664223e+03,5.445288000000000466e+02
1.407244093671368773e+03,5.445288000000000466e+02
1.407710655881006915e+03,5.445288000000000466e+02
1.407714965924513990e+03,5.445288000000000466e+02
1.411438612147239382e+03,5.445288000000000466e+02
1.408185838177659207e+03,5.445288000000000466e+02
1.408652759557589661e+03,5.445288000000000466e+02
1.408656710430804651e+03,5.445288000000000466e+02
1.409587671603053650e+03,5.445288000000000466e+02
1.409127582683949868e+03,5.445288000000000466e+02
1.409594863234172408e+03,5.445288000000000466e+02
1.409598454937095084e+03,5.445288000000000466e+02
1.411461784281345672e+03,5.445288000000000466e+02
1.410069327190240301e+03,5.445288000000000466e+02
1.410536966910755382e+03,5.445288000000000466e+02
1.410540199443385518e+03,5.445288000000000466e+02
1.411473317282442849e+03,5.445288000000000466e+02
1.411011071696530735e+03,5.445288000000000466e+02
1.411479070587338128e+03,5.445288000000000466e+02
1.411481943949676179e+03,5.445288000000000466e+02
1.380285399999999981e+03,4.677276600000000144e+02
1.411952816202821396e+03,5.445288000000000466e+02
1.412421174263920875e+03,5.445288000000000466e+02
1.412423688455966612e+03,5.445288000000000466e+02
1.413358962961832276e+03,5.445288000000000466e+02
1.412894560709111829e+03,5.445288000000000466e+02
1.413363277940503622e+03,5.445288000000000466e+02
1.413365432962257046e+03,5.445288000000000466e+02
1.415238842140672887e+03,5.445288000000000466e+02
1.413836305215402263e+03,5.445288000000000466e+02
1.414305381617086368e+03,5.445288000000000466e+02
1.414307177468547707e+03,5.445288000000000466e+02
1.415244608641221475e+03,5.445288000000000466e+02
1.414778049721692923e+03,5.445288000000000466e+02
1.415247485293669115e+03,5.445288000000000466e+02
1.415248921974838140e+03,5.445288000000000466e+02
1.419015900000000101e+03,5.445288000000000466e+02
1.415719794227983357e+03,5.445288000000000466e+02
1.416189588970251862e+03,5.445288000000000466e+02
1.416190666481128574e+03,5.445288000000000466e+02
1.417130254320610902e+03,5.445288000000000466e+02
1.416661538734273790e+03,5.445288000000000466e+02
1.417131692646834608e+03,5.445288000000000466e+02
1.417132410987419235e+03,5.445288000000000466e+02
1.419015900000000101e+03,5.445288000000000466e+02
1.417603283240564451e+03,5.445288000000000466e+02
1.418073796323417355e+03,5.445288000000000466e+02
1.418074155493709668e+03,5.445288000000000466e+02
1.419015900000000101e+03,5.445288000000000466e+02
1.418545027746854885e+03,5.445288000000000466e+02
1.419015900000000101e+03,5.445288000000000466e+02
1.419015900000000101e+03,5.445288000000000466e+02
1.419015900000000101e+03,5.445288000000000466e+02
