1.149404449999999969e+02,5.569678999999999860e+02
1.149404449999999969e+02,5.569678999999999860e+02
1.154158423309674930e+02,5.569678999999999860e+02
1.149404449999999969e+02,5.569678999999999860e+02
1.158912396619350034e+02,5.569678999999999860e+02
1.158915949663677054e+02,5.569678999999999860e+02
1.163666369929024995e+02,5.569678999999999860e+02
1.149404449999999969e+02,5.569678999999999860e+02
1.168420343238699957e+02,5.569678999999999860e+02
1.168427449327354282e+02,5.569678999999999860e+02
1.173174316548375060e+02,5.569678999999999860e+02
1.149404449999999969e+02,5.569678999999999860e+02
1.177928289858050022e+02,5.569678999999999860e+02
1.177938948991031367e+02,5.569678999999999860e+02
1.182682263167724983e+02,5.569678999999999860e+02
1.244773560000000003e+02,5.341227000000000089e+02
1.187436236477400087e+02,5.569678999999999860e+02
1.187450448654708453e+02,5.569678999999999860e+02
1.192190209787075048e+02,5.569678999999999860e+02
1.277877660000000049e+02,5.245330999999999904e+02
1.196944183096750010e+02,5.569678999999999860e+02
1.196961948318385680e+02,5.569678999999999860e+02
1.201698156406425113e+02,5.569678999999999860e+02
1.314105399999999975e+02,5.152808999999999742e+02
1.206452129716100075e+02,5.341227000000000089e+02
1.206473447982062766e+02,5.341227000000000089e+02
1.211206103025775036e+02,5.341227000000000089e+02
1.350575699999999983e+02,5.041614999999999895e+02
1.215960076335450140e+02,5.341227000000000089e+02
1.215984947645739851e+02,5.341227000000000089e+02
1.220714049645125101e+02,5.341227000000000089e+02
1.380870400000000018e+02,4.911485599999999749e+02
1.225468022954800063e+02,5.341227000000000089e+02
1.225496447309417078e+02,5.341227000000000089e+02
1.230221996264475166e+02,5.341227000000000089e+02
1.406631800000000112e+02,4.782307000000000130e+02
1.234975969574150128e+02,5.341227000000000089e+02
1.235007946973094164e+02,5.341227000000000089e+02
1.239729942883825089e+02,5.341227000000000089e+02
1.427672300000000121e+02,4.681041299999999978e+02
1.244483916193500193e+02,5.341227000000000089e+02
1.244519446636771249e+02,5.341227000000000089e+02
1.249237889503175154e+02,5.341227000000000089e+02
1.448688500000000090e+02,4.590631000000000199e+02
1.253991862812850115e+02,5.341227000000000089e+02
1.254030946300448477e+02,5.341227000000000089e+02
1.258745836122525219e+02,5.341227000000000089e+02
1.483418599999999969e+02,4.458113999999999919e+02
1.263499809432200180e+02,5.245330999999999904e+02
1.263542445964125562e+02,5.245330999999999904e+02
1.268253782741875142e+02,5.245330999999999904e+02
1.522359500000000025e+02,4.282718499999999722e+02
1.273007756051550246e+02,5.245330999999999904e+02
1.273053945627802648e+02,5.245330999999999904e+02
1.277761729361225207e+02,5.245330999999999904e+02
1.564436499999999910e+02,4.140490699999999720e+02
1.282515702670900168e+02,5.245330999999999904e+02
1.282565445291479875e+02,5.245330999999999904e+02
1.287269675980575130e+02,5.245330999999999904e+02
1.608125300000000095e+02,4.007205799999999840e+02
1.292023649290250376e+02,5.245330999999999904e+02
1.292076944955156819e+02,5.245330999999999904e+02
1.296777622599925337e+02,5.245330999999999904e+02
1.662474699999999928e+02,3.848242200000000253e+02
1.301531595909600298e+02,5.152808999999999742e+02
1.301588444618834046e+02,5.152808999999999742e+02
1.306285569219275260e+02,5.152808999999999742e+02
1.729669199999999876e+02,3.671514999999999986e+02
1.311039542528950221e+02,5.152808999999999742e+02
1.311099944282511274e+02,5.152808999999999742e+02
1.315793515838625183e+02,5.152808999999999742e+02
1.797232199999999978e+02,3.521302499999999895e+02
1.320547489148300428e+02,5.152808999999999742e+02
1.320611443946188217e+02,5.152808999999999742e+02
1.325301462457975390e+02,5.152808999999999742e+02
1.864658699999999953e+02,3.347183800000000247e+02
1.330055435767650351e+02,5.152808999999999742e+02
1.330122943609865445e+02,5.152808999999999742e+02
1.334809409077325313e+02,5.152808999999999742e+02
1.927218000000000018e+02,3.171431999999999789e+02
1.339563382387000274e+02,5.041614999999999895e+02
1.339634443273542672e+02,5.041614999999999895e+02
1.344317355696675236e+02,5.041614999999999895e+02
1.967778000000000134e+02,3.043895299999999793e+02
1.349071329006350197e+02,5.041614999999999895e+02
1.349145942937219615e+02,5.041614999999999895e+02
1.353825302316025443e+02,5.041614999999999895e+02
2.009301100000000133e+02,2.914726600000000190e+02
1.358579275625700404e+02,5.041614999999999895e+02
1.358657442600896843e+02,5.041614999999999895e+02
1.363333248935375366e+02,5.041614999999999895e+02
2.044576999999999884e+02,2.741764000000000010e+02
1.368087222245050327e+02,4.911485599999999749e+02
1.368168942264574071e+02,4.911485599999999749e+02
1.372841195554725289e+02,4.911485599999999749e+02
2.087170700000000068e+02,2.594747300000000223e+02
1.377595168864400534e+02,4.911485599999999749e+02
1.377680441928251014e+02,4.911485599999999749e+02
1.382349142174075496e+02,4.911485599999999749e+02
2.121299699999999859e+02,2.469826700000000130e+02
1.387103115483750457e+02,4.911485599999999749e+02
1.387191941591928241e+02,4.911485599999999749e+02
1.391857088793425419e+02,4.911485599999999749e+02
2.152581199999999910e+02,2.349731400000000008e+02
1.396611062103100380e+02,4.782307000000000130e+02
1.396703441255605185e+02,4.782307000000000130e+02
1.401365035412775342e+02,4.782307000000000130e+02
2.196804799999999886e+02,2.219163800000000037e+02
1.406119008722450587e+02,4.782307000000000130e+02
1.406214940919282412e+02,4.782307000000000130e+02
1.410872982032125549e+02,4.782307000000000130e+02
2.229584000000000117e+02,2.084857199999999864e+02
1.415626955341800510e+02,4.782307000000000130e+02
1.415726440582959640e+02,4.782307000000000130e+02
1.420380928651475472e+02,4.782307000000000130e+02
2.260158999999999878e+02,1.976158399999999915e+02
1.425134901961150433e+02,4.681041299999999978e+02
1.425237940246636867e+02,4.681041299999999978e+02
1.429888875270825395e+02,4.681041299999999978e+02
2.292158799999999985e+02,1.886829799999999864e+02
1.434642848580500640e+02,4.681041299999999978e+02
1.434749439910313811e+02,4.681041299999999978e+02
1.439396821890175602e+02,4.681041299999999978e+02
2.323332800000000020e+02,1.803956300000000113e+02
1.444150795199850563e+02,4.590631000000000199e+02
1.444260939573991038e+02,4.590631000000000199e+02
1.448904768509525525e+02,4.590631000000000199e+02
2.354927700000000073e+02,1.711540500000000122e+02
1.453658741819200486e+02,4.590631000000000199e+02
1.453772439237667982e+02,4.590631000000000199e+02
1.458412715128875448e+02,4.590631000000000199e+02
2.390416899999999885e+02,1.629833999999999889e+02
1.463166688438550693e+02,4.590631000000000199e+02
1.463283938901345209e+02,4.590631000000000199e+02
1.467920661748225655e+02,4.590631000000000199e+02
2.432927599999999870e+02,1.544888899999999978e+02
1.472674635057900616e+02,4.458113999999999919e+02
1.472795438565022437e+02,4.458113999999999919e+02
1.477428608367575578e+02,4.458113999999999919e+02
2.485724800000000130e+02,1.452789300000000026e+02
1.482182581677250539e+02,4.458113999999999919e+02
1.482306938228699664e+02,4.458113999999999919e+02
1.486936554986925785e+02,4.458113999999999919e+02
2.545148000000000081e+02,1.359361600000000010e+02
1.491690528296600746e+02,4.458113999999999919e+02
1.491818437892376608e+02,4.458113999999999919e+02
1.496444501606275708e+02,4.458113999999999919e+02
2.599831199999999853e+02,1.302127700000000061e+02
1.501198474915950669e+02,4.458113999999999919e+02
1.501329937556053835e+02,4.458113999999999919e+02
1.505952448225625631e+02,4.458113999999999919e+02
2.659521799999999985e+02,1.246569800000000043e+02
1.510706421535300592e+02,4.282718499999999722e+02
1.510841437219730778e+02,4.282718499999999722e+02
1.515460394844975553e+02,4.282718499999999722e+02
2.716845400000000268e+02,1.191178000000000026e+02
1.520214368154650515e+02,4.282718499999999722e+02
1.520352936883408006e+02,4.282718499999999722e+02
1.524968341464325761e+02,4.282718499999999722e+02
2.775799600000000282e+02,1.135773899999999941e+02
1.529722314774000722e+02,4.282718499999999722e+02
1.529864436547085234e+02,4.282718499999999722e+02
1.534476288083675684e+02,4.282718499999999722e+02
2.841460999999999899e+02,1.080421139999999980e+02
1.539230261393350645e+02,4.282718499999999722e+02
1.539375936210762461e+02,4.282718499999999722e+02
1.543984234703025891e+02,4.282718499999999722e+02
2.912718199999999911e+02,1.032530500000000018e+02
1.548738208012700852e+02,4.140490699999999720e+02
1.548887435874439404e+02,4.140490699999999720e+02
1.553492181322375814e+02,4.140490699999999720e+02
2.966283999999999992e+02,1.012556150000000059e+02
1.558246154632050775e+02,4.140490699999999720e+02
1.558398935538116632e+02,4.140490699999999720e+02
1.563000127941725736e+02,4.140490699999999720e+02
3.013613000000000284e+02,1.002772199999999998e+02
1.567754101251400698e+02,4.140490699999999720e+02
1.567910435201793575e+02,4.140490699999999720e+02
1.572508074561075659e+02,4.140490699999999720e+02
3.055234399999999937e+02,1.002772199999999998e+02
1.577262047870750621e+02,4.140490699999999720e+02
1.577421934865470803e+02,4.140490699999999720e+02
1.582016021180425867e+02,4.140490699999999720e+02
3.090931400000000053e+02,1.002772199999999998e+02
1.586769994490100828e+02,4.007205799999999840e+02
1.586933434529148030e+02,4.007205799999999840e+02
1.591523967799775789e+02,4.007205799999999840e+02
3.111014000000000124e+02,1.002772199999999998e+02
1.596277941109450751e+02,4.007205799999999840e+02
1.596444934192824974e+02,4.007205799999999840e+02
1.601031914419125997e+02,4.007205799999999840e+02
3.125195600000000127e+02,1.011657699999999949e+02
1.605785887728800958e+02,4.007205799999999840e+02
1.605956433856502201e+02,4.007205799999999840e+02
1.610539861038475919e+02,4.007205799999999840e+02
3.135822800000000257e+02,1.024211399999999941e+02
1.615293834348150881e+02,4.007205799999999840e+02
1.615467933520179429e+02,4.007205799999999840e+02
1.620047807657825842e+02,4.007205799999999840e+02
3.146089000000000055e+02,1.064378700000000038e+02
1.624801780967500804e+02,4.007205799999999840e+02
1.624979433183856372e+02,4.007205799999999840e+02
1.629555754277175765e+02,4.007205799999999840e+02
3.153751800000000003e+02,1.110271000000000043e+02
1.634309727586851011e+02,4.007205799999999840e+02
1.634490932847533600e+02,4.007205799999999840e+02
1.639063700896525972e+02,4.007205799999999840e+02
3.153751800000000003e+02,1.147147199999999998e+02
1.643817674206200934e+02,3.848242200000000253e+02
1.644002432511210827e+02,3.848242200000000253e+02
1.648571647515875895e+02,3.848242200000000253e+02
3.150333999999999719e+02,1.183740200000000016e+02
1.653325620825550857e+02,3.848242200000000253e+02
1.653513932174887771e+02,3.848242200000000253e+02
1.658079594135226102e+02,3.848242200000000253e+02
3.139871200000000044e+02,1.220936300000000045e+02
1.662833567444901064e+02,3.848242200000000253e+02
1.663025431838564998e+02,3.848242200000000253e+02
1.667587540754576025e+02,3.848242200000000253e+02
3.124517200000000230e+02,1.274178500000000014e+02
1.672341514064250987e+02,3.848242200000000253e+02
1.672536931502241941e+02,3.848242200000000253e+02
1.677095487373925948e+02,3.848242200000000253e+02
3.104369199999999864e+02,1.338801300000000083e+02
1.681849460683600910e+02,3.848242200000000253e+02
1.682048431165919169e+02,3.848242200000000253e+02
1.686603433993275871e+02,3.848242200000000253e+02
3.068412999999999897e+02,1.421237800000000107e+02
1.691357407302951117e+02,3.848242200000000253e+02
1.691559930829596397e+02,3.848242200000000253e+02
1.696111380612626078e+02,3.848242200000000253e+02
3.037372399999999857e+02,1.523142100000000028e+02
1.700865353922301040e+02,3.671514999999999986e+02
1.701071430493273624e+02,3.671514999999999986e+02
1.705619327231976001e+02,3.671514999999999986e+02
3.000319499999999948e+02,1.613142100000000028e+02
1.710373300541650963e+02,3.671514999999999986e+02
1.710582930156950567e+02,3.671514999999999986e+02
1.715127273851326208e+02,3.671514999999999986e+02
2.974969800000000077e+02,1.687133800000000008e+02
1.719881247161001170e+02,3.671514999999999986e+02
1.720094429820627795e+02,3.671514999999999986e+02
1.724635220470676131e+02,3.671514999999999986e+02
2.944374000000000251e+02,1.768535200000000032e+02
1.729389193780351093e+02,3.671514999999999986e+02
1.729605929484304738e+02,3.671514999999999986e+02
1.734143167090026054e+02,3.671514999999999986e+02
2.914707000000000221e+02,1.852618400000000065e+02
1.738897140399701016e+02,3.671514999999999986e+02
1.739117429147981966e+02,3.671514999999999986e+02
1.743651113709375977e+02,3.671514999999999986e+02
2.893895299999999793e+02,1.935387000000000057e+02
1.748405087019051223e+02,3.671514999999999986e+02
1.748628928811659193e+02,3.671514999999999986e+02
1.753159060328726184e+02,3.671514999999999986e+02
2.873102700000000027e+02,2.032282700000000091e+02
1.757913033638401146e+02,3.671514999999999986e+02
1.758140428475336421e+02,3.671514999999999986e+02
1.762667006948076107e+02,3.671514999999999986e+02
2.857380699999999933e+02,2.118618199999999945e+02
1.767420980257751069e+02,3.521302499999999895e+02
1.767651928139013364e+02,3.521302499999999895e+02
1.772174953567426314e+02,3.521302499999999895e+02
2.840241700000000264e+02,2.207691700000000026e+02
1.776928926877101276e+02,3.521302499999999895e+02
1.777163427802690592e+02,3.521302499999999895e+02
1.781682900186776237e+02,3.521302499999999895e+02
2.834849199999999882e+02,2.291159700000000043e+02
1.786436873496451199e+02,3.521302499999999895e+02
1.786674927466367535e+02,3.521302499999999895e+02
1.791190846806126160e+02,3.521302499999999895e+02
2.824427800000000275e+02,2.400544399999999996e+02
1.795944820115801122e+02,3.521302499999999895e+02
1.796186427130044763e+02,3.521302499999999895e+02
1.800698793425476083e+02,3.521302499999999895e+02
2.818860999999999990e+02,2.485062299999999880e+02
1.805452766735151044e+02,3.521302499999999895e+02
1.805697926793721990e+02,3.521302499999999895e+02
1.810206740044826290e+02,3.521302499999999895e+02
2.818860999999999990e+02,2.568754999999999882e+02
1.814960713354501252e+02,3.521302499999999895e+02
1.815209426457399218e+02,3.521302499999999895e+02
1.819714686664176213e+02,3.521302499999999895e+02
2.818860999999999990e+02,2.650662800000000061e+02
1.824468659973851459e+02,3.521302499999999895e+02
1.824720926121076161e+02,3.521302499999999895e+02
1.829222633283526420e+02,3.521302499999999895e+02
2.830827600000000075e+02,2.752991999999999848e+02
1.833976606593201382e+02,3.347183800000000247e+02
1.834232425784753104e+02,3.347183800000000247e+02
1.838730579902876343e+02,3.347183800000000247e+02
2.845250199999999836e+02,2.825253999999999905e+02
1.843484553212551305e+02,3.347183800000000247e+02
1.843743925448430332e+02,3.347183800000000247e+02
1.848238526522226266e+02,3.347183800000000247e+02
2.862311399999999821e+02,2.907597700000000032e+02
1.852992499831901227e+02,3.347183800000000247e+02
1.853255425112107559e+02,3.347183800000000247e+02
1.857746473141576189e+02,3.347183800000000247e+02
2.883233999999999924e+02,2.985885000000000105e+02
1.862500446451251150e+02,3.347183800000000247e+02
1.862766924775784787e+02,3.347183800000000247e+02
1.867254419760926396e+02,3.347183800000000247e+02
2.901438999999999737e+02,3.078358200000000124e+02
1.872008393070601358e+02,3.347183800000000247e+02
1.872278424439462015e+02,3.347183800000000247e+02
1.876762366380276319e+02,3.347183800000000247e+02
2.919806800000000067e+02,3.170625000000000000e+02
1.881516339689951565e+02,3.347183800000000247e+02
1.881789924103138958e+02,3.347183800000000247e+02
1.886270312999626526e+02,3.347183800000000247e+02
2.940584400000000187e+02,3.248067599999999970e+02
1.891024286309301488e+02,3.347183800000000247e+02
1.891301423766815901e+02,3.347183800000000247e+02
1.895778259618976449e+02,3.347183800000000247e+02
2.956353500000000167e+02,3.306315999999999917e+02
1.900532232928651410e+02,3.171431999999999789e+02
1.900812923430493129e+02,3.171431999999999789e+02
1.905286206238326372e+02,3.171431999999999789e+02
2.972931199999999876e+02,3.337973600000000260e+02
1.910040179548001333e+02,3.171431999999999789e+02
1.910324423094170356e+02,3.171431999999999789e+02
1.914794152857676295e+02,3.171431999999999789e+02
2.987771999999999935e+02,3.356386699999999905e+02
1.919548126167351256e+02,3.171431999999999789e+02
1.919835922757847584e+02,3.171431999999999789e+02
1.924302099477026502e+02,3.171431999999999789e+02
3.017771999999999935e+02,3.374469000000000278e+02
1.929056072786701463e+02,3.171431999999999789e+02
1.929347422421524811e+02,3.171431999999999789e+02
1.933810046096376425e+02,3.171431999999999789e+02
3.055118400000000065e+02,3.393438699999999812e+02
1.938564019406051671e+02,3.171431999999999789e+02
1.938858922085201755e+02,3.171431999999999789e+02
1.943317992715726632e+02,3.171431999999999789e+02
3.091622600000000034e+02,3.392845500000000243e+02
1.948071966025401593e+02,3.043895299999999793e+02
1.948370421748878698e+02,3.043895299999999793e+02
1.952825939335076555e+02,3.043895299999999793e+02
3.139883399999999938e+02,3.392845500000000243e+02
1.957579912644751516e+02,3.043895299999999793e+02
1.957881921412555926e+02,3.043895299999999793e+02
1.962333885954426478e+02,3.043895299999999793e+02
3.199037000000000148e+02,3.380910600000000272e+02
1.967087859264101439e+02,3.043895299999999793e+02
1.967393421076233153e+02,3.043895299999999793e+02
1.971841832573776401e+02,3.043895299999999793e+02
3.266793000000000120e+02,3.362318000000000211e+02
1.976595805883451362e+02,3.043895299999999793e+02
1.976904920739910381e+02,3.043895299999999793e+02
1.981349779193126608e+02,3.043895299999999793e+02
3.341950699999999870e+02,3.309597200000000043e+02
1.986103752502801569e+02,3.043895299999999793e+02
1.986416420403587608e+02,3.043895299999999793e+02
1.990857725812476531e+02,3.043895299999999793e+02
3.404751299999999787e+02,3.254167499999999791e+02
1.995611699122151776e+02,2.914726600000000190e+02
1.995927920067264552e+02,2.914726600000000190e+02
2.000365672431826738e+02,2.914726600000000190e+02
3.465380200000000173e+02,3.186440400000000182e+02
2.005119645741501699e+02,2.914726600000000190e+02
2.005439419730941495e+02,2.914726600000000190e+02
2.009873619051176661e+02,2.914726600000000190e+02
3.527447500000000105e+02,3.110626199999999812e+02
2.014627592360851622e+02,2.914726600000000190e+02
2.014950919394618722e+02,2.914726600000000190e+02
2.019381565670526584e+02,2.914726600000000190e+02
3.574028599999999756e+02,3.043558300000000258e+02
2.024135538980201545e+02,2.914726600000000190e+02
2.024462419058295950e+02,2.914726600000000190e+02
2.028889512289876507e+02,2.914726600000000190e+02
3.614731800000000135e+02,2.980406500000000278e+02
2.033643485599551468e+02,2.741764000000000010e+02
2.033973918721973178e+02,2.741764000000000010e+02
2.038397458909226714e+02,2.741764000000000010e+02
3.661363799999999742e+02,2.907328999999999724e+02
2.043151432218901675e+02,2.741764000000000010e+02
2.043485418385650121e+02,2.741764000000000010e+02
2.047905405528576637e+02,2.741764000000000010e+02
3.708907800000000066e+02,2.823605999999999767e+02
2.052659378838251882e+02,2.741764000000000010e+02
2.052996918049327348e+02,2.741764000000000010e+02
2.057413352147926844e+02,2.741764000000000010e+02
3.755485199999999963e+02,2.731068000000000211e+02
2.062167325457601805e+02,2.741764000000000010e+02
2.062508417713004292e+02,2.741764000000000010e+02
2.066921298767276767e+02,2.741764000000000010e+02
3.811938999999999851e+02,2.593011500000000069e+02
2.071675272076951728e+02,2.594747300000000223e+02
2.072019917376681519e+02,2.594747300000000223e+02
2.076429245386626690e+02,2.594747300000000223e+02
3.854756800000000112e+02,2.519920700000000124e+02
2.081183218696301651e+02,2.594747300000000223e+02
2.081531417040358747e+02,2.594747300000000223e+02
2.085937192005976613e+02,2.594747300000000223e+02
3.889404299999999921e+02,2.445956999999999937e+02
2.090691165315651858e+02,2.594747300000000223e+02
2.091042916704035974e+02,2.594747300000000223e+02
2.095445138625326820e+02,2.594747300000000223e+02
3.933774000000000228e+02,2.370576199999999858e+02
2.100199111935001781e+02,2.594747300000000223e+02
2.100554416367712918e+02,2.594747300000000223e+02
2.104953085244677027e+02,2.594747300000000223e+02
3.992950000000000159e+02,2.252152100000000132e+02
2.109707058554351988e+02,2.469826700000000130e+02
2.110065916031390145e+02,2.469826700000000130e+02
2.114461031864026950e+02,2.469826700000000130e+02
4.051735499999999774e+02,2.134234600000000057e+02
2.119215005173701911e+02,2.469826700000000130e+02
2.119577415695067089e+02,2.469826700000000130e+02
2.123968978483376873e+02,2.469826700000000130e+02
4.109296600000000126e+02,2.031915300000000002e+02
2.128722951793051834e+02,2.469826700000000130e+02
2.129088915358744316e+02,2.469826700000000130e+02
2.133476925102726796e+02,2.469826700000000130e+02
4.156415700000000015e+02,1.939271200000000022e+02
2.138230898412401757e+02,2.349731400000000008e+02
2.138600415022421544e+02,2.349731400000000008e+02
2.142984871722076718e+02,2.349731400000000008e+02
4.199732399999999757e+02,1.862273000000000138e+02
2.147738845031751964e+02,2.349731400000000008e+02
2.148111914686098771e+02,2.349731400000000008e+02
2.152492818341426926e+02,2.349731400000000008e+02
4.254981999999999971e+02,1.764062500000000000e+02
2.157246791651101887e+02,2.349731400000000008e+02
2.157623414349775715e+02,2.349731400000000008e+02
2.162000764960777133e+02,2.349731400000000008e+02
4.317158800000000269e+02,1.653537599999999941e+02
2.166754738270452094e+02,2.349731400000000008e+02
2.167134914013452658e+02,2.349731400000000008e+02
2.171508711580127056e+02,2.349731400000000008e+02
4.380033999999999992e+02,1.550656700000000114e+02
2.176262684889802017e+02,2.219163800000000037e+02
2.176646413677129885e+02,2.219163800000000037e+02
2.181016658199476979e+02,2.219163800000000037e+02
4.452225999999999999e+02,1.450964400000000012e+02
2.185770631509151940e+02,2.219163800000000037e+02
2.186157913340807113e+02,2.219163800000000037e+02
2.190524604818826901e+02,2.219163800000000037e+02
4.525028699999999731e+02,1.358524199999999951e+02
2.195278578128501863e+02,2.219163800000000037e+02
2.195669413004484340e+02,2.219163800000000037e+02
2.200032551438176824e+02,2.219163800000000037e+02
4.611123000000000047e+02,1.275679899999999947e+02
2.204786524747852070e+02,2.219163800000000037e+02
2.205180912668161568e+02,2.219163800000000037e+02
2.209540498057527032e+02,2.219163800000000037e+02
4.670764199999999846e+02,1.201197499999999962e+02
2.214294471367201993e+02,2.084857199999999864e+02
2.214692412331838511e+02,2.084857199999999864e+02
2.219048444676877239e+02,2.084857199999999864e+02
4.709041000000000281e+02,1.142308349999999990e+02
2.223802417986552200e+02,2.084857199999999864e+02
2.224203911995515455e+02,2.084857199999999864e+02
2.228556391296227162e+02,2.084857199999999864e+02
4.761153600000000097e+02,1.077841800000000063e+02
2.233310364605902123e+02,2.084857199999999864e+02
2.233715411659192682e+02,2.084857199999999864e+02
2.238064337915577084e+02,2.084857199999999864e+02
4.798980700000000184e+02,1.028067599999999970e+02
2.242818311225252046e+02,2.084857199999999864e+02
2.243226911322869910e+02,2.084857199999999864e+02
2.247572284534927007e+02,2.084857199999999864e+02
4.819913300000000049e+02,9.968164000000000158e+01
2.252326257844601969e+02,1.976158399999999915e+02
2.252738410986547137e+02,1.976158399999999915e+02
2.257080231154276930e+02,1.976158399999999915e+02
4.831863999999999919e+02,9.784997599999999807e+01
2.261834204463952176e+02,1.976158399999999915e+02
2.262249910650224365e+02,1.976158399999999915e+02
2.266588177773627137e+02,1.976158399999999915e+02
4.842216199999999731e+02,9.672326999999999941e+01
2.271342151083302099e+02,1.976158399999999915e+02
2.271761410313901308e+02,1.976158399999999915e+02
2.276096124392977345e+02,1.976158399999999915e+02
4.843201999999999998e+02,9.672326999999999941e+01
2.280850097702652306e+02,1.886829799999999864e+02
2.281272909977578252e+02,1.886829799999999864e+02
2.285604071012327267e+02,1.886829799999999864e+02
4.843201999999999998e+02,9.672326999999999941e+01
2.290358044322002229e+02,1.886829799999999864e+02
2.290784409641255479e+02,1.886829799999999864e+02
2.295112017631677190e+02,1.886829799999999864e+02
4.843201999999999998e+02,9.672326999999999941e+01
2.299865990941352152e+02,1.886829799999999864e+02
2.300295909304932707e+02,1.886829799999999864e+02
2.304619964251027113e+02,1.886829799999999864e+02
4.843201999999999998e+02,9.765967000000000553e+01
2.309373937560702075e+02,1.803956300000000113e+02
2.309807408968609934e+02,1.803956300000000113e+02
2.314127910870377036e+02,1.803956300000000113e+02
4.843201999999999998e+02,9.850024399999999503e+01
2.318881884180052282e+02,1.803956300000000113e+02
2.319318908632286877e+02,1.803956300000000113e+02
2.323635857489727243e+02,1.803956300000000113e+02
4.848199999999999932e+02,1.019443360000000069e+02
2.328389830799402205e+02,1.803956300000000113e+02
2.328830408295964105e+02,1.803956300000000113e+02
2.333143804109077450e+02,1.803956300000000113e+02
4.848199999999999932e+02,1.066212160000000040e+02
2.337897777418752412e+02,1.803956300000000113e+02
2.338341907959641048e+02,1.803956300000000113e+02
2.342651750728427373e+02,1.803956300000000113e+02
4.845908200000000079e+02,1.130499300000000034e+02
2.347405724038102335e+02,1.711540500000000122e+02
2.347853407623318276e+02,1.711540500000000122e+02
2.352159697347777296e+02,1.711540500000000122e+02
4.827761199999999917e+02,1.186104700000000065e+02
2.356913670657452258e+02,1.711540500000000122e+02
2.357364907286995503e+02,1.711540500000000122e+02
2.361667643967127219e+02,1.711540500000000122e+02
4.807064199999999801e+02,1.255637200000000036e+02
2.366421617276802181e+02,1.711540500000000122e+02
2.366876406950672731e+02,1.711540500000000122e+02
2.371175590586477142e+02,1.711540500000000122e+02
4.783218400000000088e+02,1.328564499999999953e+02
2.375929563896152388e+02,1.629833999999999889e+02
2.376387906614349674e+02,1.629833999999999889e+02
2.380683537205827349e+02,1.629833999999999889e+02
4.756768200000000206e+02,1.403100599999999929e+02
2.385437510515502311e+02,1.629833999999999889e+02
2.385899406278026902e+02,1.629833999999999889e+02
2.390191483825177556e+02,1.629833999999999889e+02
4.726193200000000161e+02,1.500472399999999880e+02
2.394945457134852518e+02,1.629833999999999889e+02
2.395410905941703845e+02,1.629833999999999889e+02
2.399699430444527479e+02,1.629833999999999889e+02
4.699414699999999812e+02,1.594614300000000071e+02
2.404453403754202441e+02,1.629833999999999889e+02
2.404922405605381073e+02,1.629833999999999889e+02
2.409207377063877402e+02,1.629833999999999889e+02
4.673455799999999840e+02,1.677329100000000039e+02
2.413961350373552364e+02,1.544888899999999978e+02
2.414433905269058300e+02,1.544888899999999978e+02
2.418715323683227325e+02,1.544888899999999978e+02
4.647042799999999829e+02,1.761622299999999939e+02
2.423469296992902287e+02,1.544888899999999978e+02
2.423945404932735528e+02,1.544888899999999978e+02
2.428223270302577248e+02,1.544888899999999978e+02
4.610667000000000257e+02,1.865014600000000087e+02
2.432977243612252209e+02,1.544888899999999978e+02
2.433456904596412755e+02,1.544888899999999978e+02
2.437731216921927739e+02,1.544888899999999978e+02
4.574549600000000282e+02,1.935676300000000083e+02
2.442485190231602701e+02,1.544888899999999978e+02
2.442968404260089414e+02,1.544888899999999978e+02
2.447239163541277662e+02,1.544888899999999978e+02
4.548453999999999837e+02,2.032882099999999923e+02
2.451993136850952624e+02,1.544888899999999978e+02
2.452479903923766642e+02,1.544888899999999978e+02
2.456747110160627585e+02,1.544888899999999978e+02
4.522220500000000243e+02,2.140310000000000059e+02
2.461501083470302547e+02,1.452789300000000026e+02
2.461991403587443870e+02,1.452789300000000026e+02
2.466255056779977508e+02,1.452789300000000026e+02
4.496028400000000147e+02,2.219516600000000039e+02
2.471009030089652470e+02,1.452789300000000026e+02
2.471502903251121097e+02,1.452789300000000026e+02
2.475763003399327431e+02,1.452789300000000026e+02
4.469937699999999836e+02,2.293200699999999870e+02
2.480516976709002392e+02,1.452789300000000026e+02
2.481014402914798325e+02,1.452789300000000026e+02
2.485270950018677354e+02,1.452789300000000026e+02
4.450108000000000175e+02,2.361586900000000071e+02
2.490024923328352315e+02,1.452789300000000026e+02
2.490525902578475552e+02,1.452789300000000026e+02
2.494778896638027845e+02,1.452789300000000026e+02
4.439823999999999842e+02,2.401309799999999939e+02
2.499532869947702807e+02,1.452789300000000026e+02
2.500037402242152211e+02,1.452789300000000026e+02
2.504286843257377768e+02,1.452789300000000026e+02
4.433335299999999961e+02,2.437896700000000010e+02
2.509040816567052730e+02,1.452789300000000026e+02
2.509548901905829439e+02,1.452789300000000026e+02
2.513794789876727691e+02,1.452789300000000026e+02
4.428337000000000216e+02,2.458570599999999899e+02
2.518548763186402653e+02,1.359361600000000010e+02
2.519060401569506666e+02,1.359361600000000010e+02
2.523302736496077614e+02,1.359361600000000010e+02
4.428337000000000216e+02,2.477156999999999982e+02
2.528056709805752575e+02,1.359361600000000010e+02
2.528571901233183894e+02,1.359361600000000010e+02
2.532810683115427537e+02,1.359361600000000010e+02
4.428337000000000216e+02,2.495748299999999915e+02
2.537564656425102498e+02,1.359361600000000010e+02
2.538083400896861122e+02,1.359361600000000010e+02
2.542318629734777460e+02,1.359361600000000010e+02
4.428337000000000216e+02,2.514224900000000105e+02
2.547072603044452421e+02,1.359361600000000010e+02
2.547594900560537781e+02,1.359361600000000010e+02
2.551826576354127951e+02,1.359361600000000010e+02
4.428337000000000216e+02,2.532793000000000063e+02
2.556580549663802913e+02,1.359361600000000010e+02
2.557106400224215008e+02,1.359361600000000010e+02
2.561334522973477874e+02,1.359361600000000010e+02
4.428337000000000216e+02,2.551181599999999889e+02
2.566088496283152836e+02,1.359361600000000010e+02
2.566617899887892236e+02,1.359361600000000010e+02
2.570842469592827797e+02,1.359361600000000010e+02
4.428337000000000216e+02,2.592112999999999943e+02
2.575596442902502758e+02,1.302127700000000061e+02
2.576129399551569463e+02,1.302127700000000061e+02
2.580350416212177720e+02,1.302127700000000061e+02
4.428337000000000216e+02,2.618505999999999858e+02
2.585104389521852681e+02,1.302127700000000061e+02
2.585640899215246691e+02,1.302127700000000061e+02
2.589858362831527643e+02,1.302127700000000061e+02
4.428337000000000216e+02,2.655572500000000105e+02
2.594612336141202604e+02,1.302127700000000061e+02
2.595152398878923918e+02,1.302127700000000061e+02
2.599366309450877566e+02,1.302127700000000061e+02
4.423338600000000156e+02,2.688878199999999765e+02
2.604120282760552527e+02,1.302127700000000061e+02
2.604663898542600577e+02,1.302127700000000061e+02
2.608874256070228057e+02,1.302127700000000061e+02
4.423338600000000156e+02,2.729289600000000178e+02
2.613628229379903019e+02,1.302127700000000061e+02
2.614175398206277805e+02,1.302127700000000061e+02
2.618382202689577980e+02,1.302127700000000061e+02
4.419800700000000120e+02,2.750527299999999968e+02
2.623136175999252941e+02,1.302127700000000061e+02
2.623686897869955033e+02,1.302127700000000061e+02
2.627890149308927903e+02,1.302127700000000061e+02
4.414518400000000042e+02,2.768802499999999895e+02
2.632644122618602864e+02,1.246569800000000043e+02
2.633198397533632260e+02,1.246569800000000043e+02
2.637398095928277826e+02,1.246569800000000043e+02
4.408343499999999722e+02,2.787845500000000243e+02
2.642152069237952787e+02,1.246569800000000043e+02
2.642709897197309488e+02,1.246569800000000043e+02
2.646906042547627749e+02,1.246569800000000043e+02
4.408343499999999722e+02,2.823697500000000105e+02
2.651660015857302710e+02,1.246569800000000043e+02
2.652221396860986715e+02,1.246569800000000043e+02
2.656413989166977672e+02,1.246569800000000043e+02
4.408343499999999722e+02,2.842486599999999726e+02
2.661167962476652633e+02,1.246569800000000043e+02
2.661732896524663374e+02,1.246569800000000043e+02
2.665921935786328163e+02,1.246569800000000043e+02
4.408343499999999722e+02,2.880214799999999968e+02
2.670675909096003124e+02,1.246569800000000043e+02
2.671244396188340602e+02,1.246569800000000043e+02
2.675429882405678086e+02,1.246569800000000043e+02
4.403344999999999914e+02,2.916495400000000018e+02
2.680183855715353047e+02,1.246569800000000043e+02
2.680755895852017829e+02,1.246569800000000043e+02
2.684937829025028009e+02,1.246569800000000043e+02
4.398346999999999980e+02,2.954001499999999965e+02
2.689691802334702970e+02,1.191178000000000026e+02
2.690267395515695057e+02,1.191178000000000026e+02
2.694445775644377932e+02,1.191178000000000026e+02
4.391462999999999965e+02,2.978600999999999885e+02
2.699199748954052893e+02,1.191178000000000026e+02
2.699778895179372284e+02,1.191178000000000026e+02
2.703953722263727855e+02,1.191178000000000026e+02
4.388349999999999795e+02,3.005851999999999862e+02
2.708707695573402816e+02,1.191178000000000026e+02
2.709290394843049512e+02,1.191178000000000026e+02
2.713461668883077778e+02,1.191178000000000026e+02
4.385667700000000195e+02,3.033327600000000075e+02
2.718215642192752739e+02,1.191178000000000026e+02
2.718801894506726171e+02,1.191178000000000026e+02
2.722969615502428269e+02,1.191178000000000026e+02
4.383351700000000051e+02,3.063659700000000043e+02
2.727723588812103230e+02,1.191178000000000026e+02
2.728313394170403399e+02,1.191178000000000026e+02
2.732477562121778192e+02,1.191178000000000026e+02
4.383351700000000051e+02,3.096730999999999767e+02
2.737231535431453153e+02,1.191178000000000026e+02
2.737824893834080626e+02,1.191178000000000026e+02
2.741985508741128115e+02,1.191178000000000026e+02
4.378353299999999990e+02,3.130611599999999726e+02
2.746739482050803076e+02,1.135773899999999941e+02
2.747336393497757854e+02,1.135773899999999941e+02
2.751493455360478038e+02,1.135773899999999941e+02
4.373354800000000182e+02,3.173261699999999905e+02
2.756247428670152999e+02,1.135773899999999941e+02
2.756847893161435081e+02,1.135773899999999941e+02
2.761001401979827961e+02,1.135773899999999941e+02
4.368356600000000185e+02,3.213985599999999749e+02
2.765755375289502922e+02,1.135773899999999941e+02
2.766359392825112309e+02,1.135773899999999941e+02
2.770509348599177883e+02,1.135773899999999941e+02
4.358249500000000012e+02,3.269042999999999779e+02
2.775263321908852845e+02,1.135773899999999941e+02
2.775870892488788968e+02,1.135773899999999941e+02
2.780017295218528375e+02,1.135773899999999941e+02
4.347862200000000144e+02,3.315550499999999943e+02
2.784771268528203336e+02,1.135773899999999941e+02
2.785382392152466196e+02,1.135773899999999941e+02
2.789525241837878298e+02,1.135773899999999941e+02
4.331623000000000161e+02,3.351522199999999998e+02
2.794279215147553259e+02,1.135773899999999941e+02
2.794893891816143423e+02,1.135773899999999941e+02
2.799033188457228221e+02,1.135773899999999941e+02
4.315808999999999855e+02,3.388518000000000256e+02
2.803787161766903182e+02,2.568754999999999882e+02
2.804405391479820651e+02,2.568754999999999882e+02
2.808541135076578144e+02,2.568754999999999882e+02
4.299330699999999865e+02,3.448062699999999836e+02
2.813295108386253105e+02,2.568754999999999882e+02
2.813916891143497878e+02,2.568754999999999882e+02
2.818049081695928066e+02,2.650662800000000061e+02
4.286316499999999792e+02,3.501598999999999933e+02
2.822803055005603028e+02,2.400544399999999996e+02
2.823428390807175106e+02,2.400544399999999996e+02
2.827557028315277989e+02,2.400544399999999996e+02
4.273570000000000277e+02,3.569897500000000150e+02
2.832311001624952951e+02,2.291159700000000043e+02
2.832939890470851765e+02,2.291159700000000043e+02
2.837064974934628481e+02,2.291159700000000043e+02
4.252736499999999751e+02,3.661734599999999773e+02
2.841818948244303442e+02,1.080421139999999980e+02
2.842451390134528992e+02,1.080421139999999980e+02
2.846572921553978404e+02,2.825253999999999905e+02
4.231915599999999813e+02,3.750402799999999957e+02
2.851326894863653365e+02,2.118618199999999945e+02
2.851962889798206220e+02,2.118618199999999945e+02
2.856080868173328327e+02,2.118618199999999945e+02
4.211342999999999961e+02,3.826663800000000037e+02
2.860834841483003288e+02,2.907597700000000032e+02
2.861474389461883447e+02,2.907597700000000032e+02
2.865588814792678249e+02,2.907597700000000032e+02
4.190704700000000003e+02,3.900037800000000061e+02
2.870342788102353211e+02,2.032282700000000091e+02
2.870985889125560675e+02,2.032282700000000091e+02
2.875096761412028172e+02,2.032282700000000091e+02
4.171852700000000027e+02,3.967059300000000235e+02
2.879850734721703134e+02,2.985885000000000105e+02
2.880497388789237334e+02,2.985885000000000105e+02
2.884604708031378095e+02,2.985885000000000105e+02
4.138969000000000165e+02,4.075081799999999816e+02
2.889358681341053057e+02,1.935387000000000057e+02
2.890008888452914562e+02,1.935387000000000057e+02
2.894112654650728587e+02,1.935387000000000057e+02
4.107804600000000050e+02,4.168106700000000160e+02
2.898866627960403548e+02,3.078358200000000124e+02
2.899520388116591789e+02,3.078358200000000124e+02
2.903620601270078510e+02,3.078358200000000124e+02
4.071573200000000270e+02,4.270261199999999917e+02
2.908374574579753471e+02,1.032530500000000018e+02
2.909031887780269017e+02,1.032530500000000018e+02
2.913128547889428432e+02,1.032530500000000018e+02
4.041716299999999933e+02,4.347683000000000106e+02
2.917882521199103394e+02,3.170625000000000000e+02
2.918543387443946244e+02,3.170625000000000000e+02
2.922636494508778355e+02,3.170625000000000000e+02
4.010790700000000015e+02,4.424157700000000091e+02
2.927390467818453317e+02,3.170625000000000000e+02
2.928054887107623472e+02,3.170625000000000000e+02
2.932144441128128278e+02,3.170625000000000000e+02
3.990035700000000247e+02,4.497945599999999899e+02
2.936898414437803240e+02,3.248067599999999970e+02
2.937566386771300131e+02,3.248067599999999970e+02
2.941652387747478201e+02,3.248067599999999970e+02
3.974159999999999968e+02,4.572155799999999886e+02
2.946406361057153163e+02,1.768535200000000032e+02
2.947077886434977358e+02,1.768535200000000032e+02
2.951160334366828693e+02,1.768535200000000032e+02
3.953324999999999818e+02,4.646227999999999838e+02
2.955914307676503654e+02,3.306315999999999917e+02
2.956589386098654586e+02,3.306315999999999917e+02
2.960668280986178615e+02,3.306315999999999917e+02
3.940529799999999909e+02,4.720027000000000044e+02
2.965422254295853577e+02,1.012556150000000059e+02
2.966100885762331814e+02,1.012556150000000059e+02
2.970176227605528538e+02,3.337973600000000260e+02
3.933498200000000224e+02,4.786036399999999844e+02
2.974930200915203500e+02,1.687133800000000008e+02
2.975612385426009041e+02,1.687133800000000008e+02
2.979684174224878461e+02,1.687133800000000008e+02
3.928499800000000164e+02,4.841208500000000186e+02
2.984438147534553423e+02,3.356386699999999905e+02
2.985123885089686269e+02,3.356386699999999905e+02
2.989192120844228384e+02,3.356386699999999905e+02
3.928499800000000164e+02,4.879360399999999913e+02
2.993946094153903346e+02,1.613142100000000028e+02
2.994635384753362928e+02,1.613142100000000028e+02
2.998700067463578307e+02,1.613142100000000028e+02
3.933498200000000224e+02,4.918802499999999895e+02
3.003454040773253837e+02,1.613142100000000028e+02
3.004146884417040155e+02,1.613142100000000028e+02
3.008208014082928798e+02,1.613142100000000028e+02
3.938346599999999853e+02,4.956078999999999724e+02
3.012961987392603760e+02,1.002772199999999998e+02
3.013658384080717383e+02,1.002772199999999998e+02
3.017715960702278721e+02,3.374469000000000278e+02
3.943847700000000032e+02,4.984520299999999793e+02
3.022469934011953683e+02,3.374469000000000278e+02
3.023169883744394610e+02,3.374469000000000278e+02
3.027223907321628644e+02,3.374469000000000278e+02
3.954226400000000012e+02,5.011227999999999838e+02
3.031977880631303606e+02,1.523142100000000028e+02
3.032681383408071838e+02,1.523142100000000028e+02
3.036731853940978567e+02,1.523142100000000028e+02
3.964594399999999723e+02,5.029657000000000266e+02
3.041485827250653529e+02,1.523142100000000028e+02
3.042192883071749065e+02,1.523142100000000028e+02
3.046239800560328490e+02,1.523142100000000028e+02
3.969239200000000096e+02,5.048137199999999893e+02
3.050993773870003452e+02,3.393438699999999812e+02
3.051704382735425725e+02,3.393438699999999812e+02
3.055747747179678413e+02,1.002772199999999998e+02
3.980254199999999969e+02,5.057495000000000118e+02
3.060501720489353943e+02,1.002772199999999998e+02
3.061215882399102952e+02,1.002772199999999998e+02
3.065255693799028904e+02,1.421237800000000107e+02
3.990719000000000278e+02,5.063232399999999984e+02
3.070009667108703866e+02,1.421237800000000107e+02
3.070727382062780180e+02,1.421237800000000107e+02
3.074763640418378827e+02,1.421237800000000107e+02
4.001135600000000068e+02,5.072116700000000264e+02
3.079517613728053789e+02,1.002772199999999998e+02
3.080238881726457407e+02,1.002772199999999998e+02
3.084271587037728750e+02,1.002772199999999998e+02
4.011410999999999945e+02,5.081002199999999789e+02
3.089025560347403712e+02,1.002772199999999998e+02
3.089750381390134635e+02,1.002772199999999998e+02
3.093779533657078673e+02,3.392845500000000243e+02
4.021812400000000025e+02,5.081002199999999789e+02
3.098533506966753635e+02,1.338801300000000083e+02
3.099261881053811862e+02,1.338801300000000083e+02
3.103287480276428596e+02,1.338801300000000083e+02
4.035806999999999789e+02,5.087525600000000168e+02
3.108041453586103557e+02,1.002772199999999998e+02
3.108773380717488521e+02,1.002772199999999998e+02
3.112795426895778519e+02,1.002772199999999998e+02
4.056592999999999734e+02,5.098772000000000162e+02
3.117549400205454049e+02,1.274178500000000014e+02
3.118284880381165749e+02,1.274178500000000014e+02
3.122303373515129010e+02,1.274178500000000014e+02
4.073014999999999759e+02,5.098772000000000162e+02
3.127057346824803972e+02,1.011657699999999949e+02
3.127796380044842977e+02,1.011657699999999949e+02
3.131811320134478933e+02,1.024211399999999941e+02
4.093582200000000171e+02,5.107657500000000255e+02
3.136565293444153895e+02,1.024211399999999941e+02
3.137307879708520204e+02,1.024211399999999941e+02
3.141319266753828856e+02,3.392845500000000243e+02
4.103905300000000125e+02,5.107657500000000255e+02
3.146073240063503818e+02,1.064378700000000038e+02
3.146819379372197432e+02,1.064378700000000038e+02
3.150827213373178779e+02,1.183740200000000016e+02
4.124264800000000264e+02,5.117277799999999957e+02
3.155581186682853740e+02,1.110271000000000043e+02
3.156330879035874091e+02,1.110271000000000043e+02
3.160335159992528702e+02,1.110271000000000043e+02
4.144653299999999945e+02,5.116541700000000219e+02
3.165089133302203663e+02,1.110271000000000043e+02
3.165842378699551318e+02,1.110271000000000043e+02
3.169843106611878625e+02,1.110271000000000043e+02
4.161578700000000026e+02,5.116541700000000219e+02
3.174597079921554155e+02,1.110271000000000043e+02
3.175353878363228546e+02,1.110271000000000043e+02
3.179351053231229116e+02,1.110271000000000043e+02
4.182408800000000042e+02,5.116541700000000219e+02
3.184105026540904078e+02,3.380910600000000272e+02
3.184865378026905773e+02,3.380910600000000272e+02
3.188858999850579039e+02,3.380910600000000272e+02
4.205611999999999853e+02,5.116541700000000219e+02
3.193612973160254001e+02,3.380910600000000272e+02
3.194376877690583001e+02,3.380910600000000272e+02
3.198366946469928962e+02,3.380910600000000272e+02
4.236198699999999917e+02,5.116541700000000219e+02
3.203120919779603923e+02,3.380910600000000272e+02
3.203888377354260228e+02,3.380910600000000272e+02
3.207874893089278885e+02,3.380910600000000272e+02
4.264454700000000003e+02,5.116541700000000219e+02
3.212628866398953846e+02,3.380910600000000272e+02
3.213399877017936888e+02,3.380910600000000272e+02
3.217382839708628808e+02,3.380910600000000272e+02
4.305451699999999846e+02,5.116541700000000219e+02
3.222136813018303769e+02,3.380910600000000272e+02
3.222911376681614115e+02,3.380910600000000272e+02
3.226890786327978731e+02,3.380910600000000272e+02
4.342991599999999721e+02,5.116541700000000219e+02
3.231644759637654261e+02,3.380910600000000272e+02
3.232422876345291343e+02,3.380910600000000272e+02
3.236398732947329222e+02,3.380910600000000272e+02
4.393059999999999832e+02,5.100652000000000044e+02
3.241152706257004183e+02,3.362318000000000211e+02
3.241934376008968570e+02,3.362318000000000211e+02
3.245906679566679145e+02,3.362318000000000211e+02
4.444679600000000050e+02,5.082083700000000022e+02
3.250660652876354106e+02,3.362318000000000211e+02
3.251445875672645798e+02,3.362318000000000211e+02
3.255414626186029068e+02,3.362318000000000211e+02
4.489157700000000091e+02,5.062859000000000265e+02
3.260168599495704029e+02,3.362318000000000211e+02
3.260957375336323025e+02,3.362318000000000211e+02
3.264922572805378991e+02,3.362318000000000211e+02
4.530711000000000013e+02,5.035507799999999747e+02
3.269676546115053952e+02,3.362318000000000211e+02
3.270468874999999684e+02,3.362318000000000211e+02
3.274430519424728914e+02,3.362318000000000211e+02
4.572354700000000207e+02,5.006311000000000035e+02
3.279184492734403875e+02,3.362318000000000211e+02
3.279980374663676912e+02,3.362318000000000211e+02
3.283938466044078837e+02,3.362318000000000211e+02
4.619336500000000001e+02,4.980573699999999917e+02
3.288692439353754366e+02,3.362318000000000211e+02
3.289491874327354139e+02,3.362318000000000211e+02
3.293446412663429328e+02,3.362318000000000211e+02
4.661274399999999787e+02,4.940606700000000160e+02
3.298200385973104289e+02,3.362318000000000211e+02
3.299003373991031367e+02,3.362318000000000211e+02
3.302954359282779251e+02,3.362318000000000211e+02
4.691110199999999963e+02,4.901712600000000180e+02
3.307708332592454212e+02,3.309597200000000043e+02
3.308514873654708595e+02,3.309597200000000043e+02
3.312462305902129174e+02,3.309597200000000043e+02
4.727591600000000085e+02,4.846412399999999820e+02
3.317216279211804135e+02,3.309597200000000043e+02
3.318026373318385822e+02,3.309597200000000043e+02
3.321970252521479097e+02,3.309597200000000043e+02
4.767467700000000264e+02,4.793250699999999824e+02
3.326724225831154058e+02,3.309597200000000043e+02
3.327537872982062481e+02,3.309597200000000043e+02
3.331478199140829020e+02,3.309597200000000043e+02
4.802915600000000040e+02,4.735018299999999840e+02
3.336232172450503981e+02,3.309597200000000043e+02
3.337049372645739709e+02,3.309597200000000043e+02
3.340986145760178943e+02,3.309597200000000043e+02
4.830200199999999882e+02,4.686517299999999864e+02
3.345740119069854472e+02,3.309597200000000043e+02
3.346560872309416936e+02,3.309597200000000043e+02
3.350494092379529434e+02,3.309597200000000043e+02
4.855858799999999746e+02,4.640907000000000266e+02
3.355248065689204395e+02,3.309597200000000043e+02
3.356072371973094164e+02,3.309597200000000043e+02
3.360002038998879357e+02,3.309597200000000043e+02
4.876188399999999774e+02,4.604769299999999816e+02
3.364756012308554318e+02,3.309597200000000043e+02
3.365583871636771391e+02,3.309597200000000043e+02
3.369509985618229280e+02,3.309597200000000043e+02
4.912552499999999895e+02,4.548736599999999726e+02
3.374263958927904241e+02,3.254167499999999791e+02
3.375095371300448619e+02,3.254167499999999791e+02
3.379017932237579203e+02,3.254167499999999791e+02
4.949286000000000172e+02,4.483716999999999757e+02
3.383771905547254164e+02,3.254167499999999791e+02
3.384606870964125278e+02,3.254167499999999791e+02
3.388525878856929126e+02,3.254167499999999791e+02
4.990982000000000198e+02,4.409599600000000237e+02
3.393279852166604087e+02,3.254167499999999791e+02
3.394118370627802506e+02,3.254167499999999791e+02
3.398033825476279048e+02,3.254167499999999791e+02
5.027627600000000143e+02,4.335573699999999917e+02
3.402787798785954578e+02,3.254167499999999791e+02
3.403629870291479733e+02,3.254167499999999791e+02
3.407541772095629540e+02,3.254167499999999791e+02
5.059900000000000091e+02,4.277158200000000079e+02
3.412295745405304501e+02,3.254167499999999791e+02
3.413141369955156961e+02,3.254167499999999791e+02
3.417049718714979463e+02,3.254167499999999791e+02
5.093531500000000278e+02,4.209537399999999820e+02
3.421803692024654424e+02,3.254167499999999791e+02
3.422652869618834188e+02,3.254167499999999791e+02
3.426557665334329386e+02,3.254167499999999791e+02
5.127069000000000187e+02,4.145018299999999840e+02
3.431311638644004347e+02,3.254167499999999791e+02
3.432164369282511416e+02,3.254167499999999791e+02
3.436065611953679308e+02,3.254167499999999791e+02
5.163282000000000380e+02,4.089828999999999724e+02
3.440819585263354270e+02,3.186440400000000182e+02
3.441675868946188075e+02,3.186440400000000182e+02
3.445573558573029231e+02,3.186440400000000182e+02
5.187766000000000304e+02,4.037873500000000035e+02
3.450327531882704193e+02,3.186440400000000182e+02
3.451187368609865302e+02,3.186440400000000182e+02
3.455081505192379154e+02,3.186440400000000182e+02
5.220737000000000307e+02,3.974533700000000067e+02
3.459835478502054684e+02,3.186440400000000182e+02
3.460698868273542530e+02,3.186440400000000182e+02
3.464589451811729646e+02,3.186440400000000182e+02
5.248760999999999513e+02,3.909501999999999953e+02
3.469343425121404607e+02,3.186440400000000182e+02
3.470210367937219758e+02,3.186440400000000182e+02
3.474097398431079569e+02,3.186440400000000182e+02
5.283899499999999989e+02,3.844487300000000118e+02
3.478851371740754530e+02,3.186440400000000182e+02
3.479721867600896985e+02,3.186440400000000182e+02
3.483605345050429491e+02,3.186440400000000182e+02
5.325960000000000036e+02,3.769721700000000055e+02
3.488359318360104453e+02,3.186440400000000182e+02
3.489233367264573644e+02,3.186440400000000182e+02
3.493113291669779414e+02,3.186440400000000182e+02
5.368005399999999554e+02,3.712741700000000264e+02
3.497867264979454376e+02,3.110626199999999812e+02
3.498744866928250872e+02,3.110626199999999812e+02
3.502621238289129337e+02,3.110626199999999812e+02
5.409600000000000364e+02,3.657287600000000225e+02
3.507375211598804299e+02,3.110626199999999812e+02
3.508256366591928099e+02,3.110626199999999812e+02
3.512129184908479260e+02,3.110626199999999812e+02
5.466639000000000124e+02,3.593321500000000128e+02
3.516883158218154790e+02,3.110626199999999812e+02
3.517767866255605327e+02,3.110626199999999812e+02
3.521637131527829752e+02,3.110626199999999812e+02
5.526189000000000533e+02,3.537639199999999846e+02
3.526391104837504713e+02,3.110626199999999812e+02
3.527279365919282554e+02,3.110626199999999812e+02
3.531145078147179674e+02,3.110626199999999812e+02
5.598672000000000253e+02,3.482420700000000124e+02
3.535899051456854636e+02,3.110626199999999812e+02
3.536790865582959782e+02,3.110626199999999812e+02
3.540653024766529597e+02,3.110626199999999812e+02
5.672607000000000426e+02,3.426956799999999816e+02
3.545406998076204559e+02,3.110626199999999812e+02
3.546302365246636441e+02,3.110626199999999812e+02
3.550160971385879520e+02,3.110626199999999812e+02
5.729690000000000509e+02,3.371404999999999745e+02
3.554914944695554482e+02,3.043558300000000258e+02
3.555813864910313669e+02,3.043558300000000258e+02
3.559668918005229443e+02,3.043558300000000258e+02
5.781510600000000295e+02,3.316135300000000257e+02
3.564422891314904405e+02,3.043558300000000258e+02
3.565325364573990896e+02,3.043558300000000258e+02
3.569176864624579366e+02,3.043558300000000258e+02
5.838173000000000457e+02,3.259221200000000067e+02
3.573930837934254896e+02,3.043558300000000258e+02
3.574836864237668124e+02,3.043558300000000258e+02
3.578684811243929857e+02,3.043558300000000258e+02
5.903760999999999513e+02,3.193918499999999767e+02
3.583438784553604819e+02,3.043558300000000258e+02
3.584348363901345351e+02,3.043558300000000258e+02
3.588192757863279780e+02,3.043558300000000258e+02
5.983379999999999654e+02,3.124606999999999744e+02
3.592946731172954742e+02,3.043558300000000258e+02
3.593859863565022579e+02,3.043558300000000258e+02
3.597700704482629703e+02,3.043558300000000258e+02
6.066307399999999461e+02,3.060162399999999820e+02
3.602454677792304665e+02,2.980406500000000278e+02
3.603371363228699238e+02,2.980406500000000278e+02
3.607208651101979626e+02,2.980406500000000278e+02
6.130176999999999907e+02,3.021216999999999757e+02
3.611962624411654588e+02,2.980406500000000278e+02
3.612882862892376465e+02,2.980406500000000278e+02
3.616716597721329549e+02,2.980406500000000278e+02
6.188339999999999463e+02,2.983725600000000213e+02
3.621470571031004511e+02,2.980406500000000278e+02
3.622394362556053693e+02,2.980406500000000278e+02
3.626224544340680040e+02,2.980406500000000278e+02
6.234750999999999976e+02,2.965475000000000136e+02
3.630978517650355002e+02,2.980406500000000278e+02
3.631905862219730921e+02,2.980406500000000278e+02
3.635732490960029963e+02,2.980406500000000278e+02
6.281343000000000529e+02,2.946989699999999743e+02
3.640486464269704925e+02,2.907328999999999724e+02
3.641417361883408148e+02,2.907328999999999724e+02
3.645240437579379886e+02,2.907328999999999724e+02
6.328034000000000106e+02,2.928462000000000103e+02
3.649994410889054848e+02,2.907328999999999724e+02
3.650928861547085376e+02,2.907328999999999724e+02
3.654748384198729809e+02,2.907328999999999724e+02
6.370474000000000387e+02,2.909601999999999862e+02
3.659502357508404771e+02,2.907328999999999724e+02
3.660440361210762035e+02,2.907328999999999724e+02
3.664256330818079732e+02,2.907328999999999724e+02
6.410923999999999978e+02,2.891627199999999789e+02
3.669010304127754694e+02,2.907328999999999724e+02
3.669951860874439262e+02,2.907328999999999724e+02
3.673764277437429655e+02,2.907328999999999724e+02
6.444909999999999854e+02,2.886399000000000115e+02
3.678518250747104616e+02,2.907328999999999724e+02
3.679463360538116490e+02,2.907328999999999724e+02
3.683272224056780146e+02,2.907328999999999724e+02
6.468070699999999533e+02,2.886399000000000115e+02
3.688026197366455108e+02,2.823605999999999767e+02
3.688974860201793717e+02,2.823605999999999767e+02
3.692780170676130069e+02,2.823605999999999767e+02
6.485683000000000220e+02,2.886399000000000115e+02
3.697534143985805031e+02,2.823605999999999767e+02
3.698486359865470945e+02,2.823605999999999767e+02
3.702288117295479992e+02,2.823605999999999767e+02
6.495775999999999613e+02,2.886399000000000115e+02
3.707042090605154954e+02,2.823605999999999767e+02
3.707997859529148172e+02,2.823605999999999767e+02
3.711796063914829915e+02,2.823605999999999767e+02
6.510022599999999784e+02,2.886399000000000115e+02
3.716550037224504877e+02,2.823605999999999767e+02
3.717509359192825400e+02,2.823605999999999767e+02
3.721304010534179838e+02,2.823605999999999767e+02
6.512658699999999499e+02,2.886399000000000115e+02
3.726057983843855368e+02,2.823605999999999767e+02
3.727020858856502059e+02,2.823605999999999767e+02
3.730811957153530329e+02,2.823605999999999767e+02
6.522427999999999884e+02,2.886399000000000115e+02
3.735565930463205291e+02,2.731068000000000211e+02
3.736532358520179287e+02,2.731068000000000211e+02
3.740319903772880252e+02,2.731068000000000211e+02
6.530153000000000247e+02,2.886399000000000115e+02
3.745073877082555214e+02,2.731068000000000211e+02
3.746043858183856514e+02,2.731068000000000211e+02
3.749827850392230175e+02,2.731068000000000211e+02
6.527653999999999996e+02,2.886399000000000115e+02
3.754581823701905137e+02,2.731068000000000211e+02
3.755555357847533742e+02,2.731068000000000211e+02
3.759335797011580098e+02,2.731068000000000211e+02
6.538708500000000186e+02,2.886399000000000115e+02
3.764089770321255060e+02,2.731068000000000211e+02
3.765066857511210969e+02,2.731068000000000211e+02
3.768843743630930021e+02,2.731068000000000211e+02
6.537649999999999864e+02,2.886399000000000115e+02
3.773597716940604982e+02,2.731068000000000211e+02
3.774578357174888197e+02,2.731068000000000211e+02
3.778351690250279944e+02,2.731068000000000211e+02
6.542649000000000115e+02,2.886399000000000115e+02
3.783105663559955474e+02,2.593011500000000069e+02
3.784089856838564856e+02,2.593011500000000069e+02
3.787859636869630435e+02,2.593011500000000069e+02
6.542649000000000115e+02,2.882502400000000193e+02
3.792613610179305397e+02,2.593011500000000069e+02
3.793601356502242083e+02,2.593011500000000069e+02
3.797367583488980358e+02,2.593011500000000069e+02
6.550146499999999605e+02,2.877514600000000087e+02
3.802121556798655320e+02,2.593011500000000069e+02
3.803112856165919311e+02,2.593011500000000069e+02
3.806875530108330281e+02,2.593011500000000069e+02
6.547646999999999480e+02,2.877514600000000087e+02
3.811629503418005243e+02,2.593011500000000069e+02
3.812624355829596539e+02,2.593011500000000069e+02
3.816383476727680204e+02,2.593011500000000069e+02
6.547646999999999480e+02,2.877514600000000087e+02
3.821137450037355165e+02,2.593011500000000069e+02
3.822135855493273766e+02,2.593011500000000069e+02
3.825891423347030127e+02,2.593011500000000069e+02
6.551415399999999636e+02,2.877514600000000087e+02
3.830645396656705088e+02,2.593011500000000069e+02
3.831647355156950994e+02,2.593011500000000069e+02
3.835399369966380050e+02,2.593011500000000069e+02
6.561763300000000072e+02,2.877514600000000087e+02
3.840153343276055580e+02,2.519920700000000124e+02
3.841158854820627653e+02,2.519920700000000124e+02
3.844907316585730541e+02,2.519920700000000124e+02
6.576648999999999887e+02,2.877514600000000087e+02
3.849661289895405503e+02,2.519920700000000124e+02
3.850670354484304880e+02,2.519920700000000124e+02
3.854415263205080464e+02,2.519920700000000124e+02
6.592572599999999738e+02,2.877514600000000087e+02
3.859169236514755426e+02,2.519920700000000124e+02
3.860181854147982108e+02,2.519920700000000124e+02
3.863923209824430387e+02,2.519920700000000124e+02
6.602980000000000018e+02,2.877514600000000087e+02
3.868677183134105348e+02,2.519920700000000124e+02
3.869693353811659335e+02,2.519920700000000124e+02
3.873431156443780310e+02,2.519920700000000124e+02
6.608379499999999780e+02,2.877514600000000087e+02
3.878185129753455271e+02,2.445956999999999937e+02
3.879204853475336563e+02,2.445956999999999937e+02
3.882939103063130233e+02,2.445956999999999937e+02
6.618753000000000384e+02,2.877514600000000087e+02
3.887693076372805194e+02,2.445956999999999937e+02
3.888716353139013222e+02,2.445956999999999937e+02
3.892447049682480156e+02,2.445956999999999937e+02
6.629193999999999960e+02,2.877514600000000087e+02
3.897201022992155686e+02,2.445956999999999937e+02
3.898227852802690450e+02,2.445956999999999937e+02
3.901954996301830647e+02,2.445956999999999937e+02
6.634420999999999822e+02,2.877514600000000087e+02
3.906708969611505609e+02,2.445956999999999937e+02
3.907739352466367677e+02,2.445956999999999937e+02
3.911462942921180570e+02,2.445956999999999937e+02
6.642616000000000440e+02,2.877514600000000087e+02
3.916216916230855531e+02,4.879360399999999913e+02
3.917250852130044905e+02,4.879360399999999913e+02
3.920970889540530493e+02,4.879360399999999913e+02
6.650224600000000237e+02,2.877514600000000087e+02
3.925724862850205454e+02,4.879360399999999913e+02
3.926762351793722132e+02,4.879360399999999913e+02
3.930478836159880416e+02,4.841208500000000186e+02
6.652613000000000056e+02,2.877514600000000087e+02
3.935232809469555377e+02,4.956078999999999724e+02
3.936273851457399360e+02,4.956078999999999724e+02
3.939986782779230339e+02,4.720027000000000044e+02
6.660724500000000035e+02,2.877514600000000087e+02
3.944740756088905300e+02,4.984520299999999793e+02
3.945785351121076019e+02,4.984520299999999793e+02
3.949494729398580262e+02,4.984520299999999793e+02
6.669873999999999796e+02,2.877514600000000087e+02
3.954248702708255792e+02,5.011227999999999838e+02
3.955296850784753246e+02,5.011227999999999838e+02
3.959002676017930753e+02,5.011227999999999838e+02
6.674060699999999997e+02,2.877514600000000087e+02
3.963756649327605714e+02,5.029657000000000266e+02
3.964808350448430474e+02,5.029657000000000266e+02
3.968510622637280676e+02,5.048137199999999893e+02
6.672605999999999540e+02,2.877514600000000087e+02
3.973264595946955637e+02,4.572155799999999886e+02
3.974319850112107702e+02,4.572155799999999886e+02
3.978018569256630599e+02,5.057495000000000118e+02
6.672605999999999540e+02,2.877514600000000087e+02
3.982772542566305560e+02,5.057495000000000118e+02
3.983831349775784929e+02,5.057495000000000118e+02
3.987526515875980522e+02,4.497945599999999899e+02
6.672605999999999540e+02,2.877514600000000087e+02
3.992280489185655483e+02,2.252152100000000132e+02
3.993342849439462157e+02,2.252152100000000132e+02
3.997034462495330445e+02,2.252152100000000132e+02
6.672605999999999540e+02,2.877514600000000087e+02
4.001788435805005406e+02,5.072116700000000264e+02
4.002854349103138816e+02,5.072116700000000264e+02
4.006542409114680368e+02,5.072116700000000264e+02
6.672605999999999540e+02,2.877514600000000087e+02
4.011296382424355897e+02,5.081002199999999789e+02
4.012365848766816043e+02,5.081002199999999789e+02
4.016050355734030859e+02,5.081002199999999789e+02
6.672605999999999540e+02,2.877514600000000087e+02
4.020804329043705820e+02,5.081002199999999789e+02
4.021877348430493271e+02,5.081002199999999789e+02
4.025558302353380782e+02,5.081002199999999789e+02
6.672605999999999540e+02,2.886399000000000115e+02
4.030312275663055743e+02,5.087525600000000168e+02
4.031388848094170498e+02,5.087525600000000168e+02
4.035066248972730705e+02,5.087525600000000168e+02
6.668553500000000440e+02,2.886399000000000115e+02
4.039820222282405666e+02,4.347683000000000106e+02
4.040900347757847726e+02,4.347683000000000106e+02
4.044574195592080628e+02,4.347683000000000106e+02
6.664287000000000489e+02,2.895284399999999891e+02
4.049328168901755589e+02,2.134234600000000057e+02
4.050411847421524953e+02,2.134234600000000057e+02
4.054082142211430551e+02,2.134234600000000057e+02
6.657611000000000558e+02,2.904168700000000172e+02
4.058836115521105512e+02,5.098772000000000162e+02
4.059923347085201613e+02,5.098772000000000162e+02
4.063590088830780473e+02,5.098772000000000162e+02
6.648586999999999989e+02,2.911325699999999870e+02
4.068344062140456003e+02,4.270261199999999917e+02
4.069434846748878840e+02,4.270261199999999917e+02
4.073098035450130965e+02,5.098772000000000162e+02
6.638264000000000351e+02,2.913054200000000264e+02
4.077852008759805926e+02,5.098772000000000162e+02
4.078946346412556068e+02,5.098772000000000162e+02
4.082605982069480888e+02,5.098772000000000162e+02
6.637617999999999938e+02,2.921939699999999789e+02
4.087359955379155849e+02,5.107657500000000255e+02
4.088457846076233295e+02,5.107657500000000255e+02
4.092113928688830811e+02,5.107657500000000255e+02
6.637617999999999938e+02,2.921939699999999789e+02
4.096867901998505772e+02,5.107657500000000255e+02
4.097969345739910523e+02,5.107657500000000255e+02
4.101621875308180734e+02,5.107657500000000255e+02
6.626640599999999495e+02,2.921939699999999789e+02
4.106375848617855695e+02,4.168106700000000160e+02
4.107480845403587750e+02,4.168106700000000160e+02
4.111129821927530656e+02,2.031915300000000002e+02
6.627621000000000322e+02,2.921939699999999789e+02
4.115883795237205618e+02,5.117277799999999957e+02
4.116992345067264409e+02,5.117277799999999957e+02
4.120637768546880579e+02,5.117277799999999957e+02
6.627621000000000322e+02,2.921939699999999789e+02
4.125391741856556109e+02,5.117277799999999957e+02
4.126503844730941637e+02,5.117277799999999957e+02
4.130145715166231071e+02,5.117277799999999957e+02
6.627621000000000322e+02,2.921939699999999789e+02
4.134899688475906032e+02,4.075081799999999816e+02
4.136015344394618864e+02,4.075081799999999816e+02
4.139653661785580994e+02,4.075081799999999816e+02
6.627621000000000322e+02,2.921939699999999789e+02
4.144407635095255955e+02,5.116541700000000219e+02
4.145526844058296092e+02,5.116541700000000219e+02
4.149161608404930917e+02,5.116541700000000219e+02
6.636316000000000486e+02,2.921939699999999789e+02
4.153915581714605878e+02,1.939271200000000022e+02
4.155038343721973320e+02,1.939271200000000022e+02
4.158669555024280839e+02,1.939271200000000022e+02
6.646707000000000107e+02,2.921939699999999789e+02
4.163423528333955801e+02,5.116541700000000219e+02
4.164549843385650547e+02,5.116541700000000219e+02
4.168177501643630762e+02,5.116541700000000219e+02
6.657112399999999752e+02,2.921939699999999789e+02
4.172931474953305724e+02,3.967059300000000235e+02
4.174061343049327206e+02,3.967059300000000235e+02
4.177685448262980685e+02,3.967059300000000235e+02
6.672351999999999634e+02,2.921939699999999789e+02
4.182439421572656215e+02,5.116541700000000219e+02
4.183572842713004434e+02,5.116541700000000219e+02
4.187193394882331177e+02,3.900037800000000061e+02
6.682848000000000184e+02,2.921939699999999789e+02
4.191947368192006138e+02,3.900037800000000061e+02
4.193084342376681661e+02,3.900037800000000061e+02
4.196701341501681100e+02,1.862273000000000138e+02
6.691976300000000037e+02,2.921939699999999789e+02
4.201455314811356061e+02,1.862273000000000138e+02
4.202595842040358889e+02,1.862273000000000138e+02
4.206209288121031022e+02,5.116541700000000219e+02
6.707441000000000031e+02,2.921939699999999789e+02
4.210963261430705984e+02,3.826663800000000037e+02
4.212107341704036116e+02,3.826663800000000037e+02
4.215717234740380945e+02,3.826663800000000037e+02
6.718648699999999963e+02,2.921939699999999789e+02
4.220471208050055907e+02,3.826663800000000037e+02
4.221618841367712776e+02,3.826663800000000037e+02
4.225225181359730868e+02,3.826663800000000037e+02
6.734597999999999729e+02,2.932610999999999990e+02
4.229979154669405830e+02,3.750402799999999957e+02
4.231130341031390003e+02,3.750402799999999957e+02
4.234733127979081360e+02,5.116541700000000219e+02
6.754519699999999602e+02,2.930824000000000069e+02
4.239487101288756321e+02,5.116541700000000219e+02
4.240641840695067231e+02,5.116541700000000219e+02
4.244241074598431283e+02,5.116541700000000219e+02
6.767711000000000467e+02,2.930824000000000069e+02
4.248995047908106244e+02,3.661734599999999773e+02
4.250153340358744458e+02,3.661734599999999773e+02
4.253749021217781205e+02,3.661734599999999773e+02
6.780404999999999518e+02,2.930824000000000069e+02
4.258502994527456167e+02,1.764062500000000000e+02
4.259664840022421686e+02,1.764062500000000000e+02
4.263256967837131128e+02,5.116541700000000219e+02
6.795597000000000207e+02,2.930824000000000069e+02
4.268010941146806090e+02,3.569897500000000150e+02
4.269176339686098913e+02,3.569897500000000150e+02
4.272764914456481051e+02,3.569897500000000150e+02
6.801645999999999503e+02,2.930824000000000069e+02
4.277518887766156013e+02,3.569897500000000150e+02
4.278687839349775572e+02,3.569897500000000150e+02
4.282272861075830974e+02,3.569897500000000150e+02
6.816567000000000007e+02,2.939709500000000162e+02
4.287026834385505936e+02,3.501598999999999933e+02
4.288199339013452800e+02,3.501598999999999933e+02
4.291780807695181466e+02,3.501598999999999933e+02
6.827142000000000053e+02,2.939709500000000162e+02
4.296534781004856427e+02,3.448062699999999836e+02
4.297710838677130027e+02,3.448062699999999836e+02
4.301288754314531388e+02,3.448062699999999836e+02
6.837536999999999807e+02,2.939709500000000162e+02
4.306042727624206350e+02,5.116541700000000219e+02
4.307222338340807255e+02,5.116541700000000219e+02
4.310796700933881311e+02,5.116541700000000219e+02
6.847900399999999763e+02,2.958102999999999838e+02
4.315550674243556273e+02,3.388518000000000256e+02
4.316733838004484483e+02,1.653537599999999941e+02
4.320304647553231234e+02,1.653537599999999941e+02
6.847549400000000333e+02,2.957479200000000219e+02
4.325058620862906196e+02,3.351522199999999998e+02
4.326245337668161710e+02,3.351522199999999998e+02
4.329812594172581157e+02,3.351522199999999998e+02
6.847549400000000333e+02,2.968632799999999747e+02
4.334566567482256119e+02,3.351522199999999998e+02
4.335756837331838369e+02,3.351522199999999998e+02
4.339320540791931080e+02,3.351522199999999998e+02
6.847549400000000333e+02,2.986777299999999968e+02
4.344074514101606042e+02,5.116541700000000219e+02
4.345268336995515597e+02,5.116541700000000219e+02
4.348828487411281571e+02,3.315550499999999943e+02
6.847549400000000333e+02,2.986074199999999905e+02
4.353582460720956533e+02,3.269042999999999779e+02
4.354779836659192824e+02,3.269042999999999779e+02
4.358336434030631494e+02,3.269042999999999779e+02
6.845234000000000378e+02,2.993020000000000209e+02
4.363090407340306456e+02,3.213985599999999749e+02
4.364291336322870052e+02,3.213985599999999749e+02
4.367844380649981417e+02,3.213985599999999749e+02
6.834831500000000233e+02,2.993020000000000209e+02
4.372598353959656379e+02,3.173261699999999905e+02
4.373802835986547279e+02,3.173261699999999905e+02
4.377352327269331340e+02,3.130611599999999726e+02
6.824439999999999600e+02,2.993020000000000209e+02
4.382106300579006302e+02,3.096730999999999767e+02
4.383314335650224507e+02,3.096730999999999767e+02
4.386860273888681263e+02,3.033327600000000075e+02
6.814072999999999638e+02,2.993020000000000209e+02
4.391614247198356225e+02,2.978600999999999885e+02
4.392825835313901166e+02,5.100652000000000044e+02
4.396368220508031186e+02,2.954001499999999965e+02
6.799818000000000211e+02,2.993020000000000209e+02
4.401122193817706147e+02,2.916495400000000018e+02
4.402337334977578394e+02,2.916495400000000018e+02
4.405876167127381677e+02,2.787845500000000243e+02
6.778954499999999825e+02,2.993020000000000209e+02
4.410630140437056639e+02,2.768802499999999895e+02
4.411848834641255621e+02,2.768802499999999895e+02
4.415384113746731600e+02,2.768802499999999895e+02
6.758487000000000080e+02,2.993020000000000209e+02
4.420138087056406562e+02,2.750527299999999968e+02
4.421360334304932849e+02,2.750527299999999968e+02
4.424892060366081523e+02,2.688878199999999765e+02
6.737391000000000076e+02,2.993020000000000209e+02
4.429646033675756485e+02,2.437896700000000010e+02
4.430871833968610076e+02,2.437896700000000010e+02
4.434400006985431446e+02,2.437896700000000010e+02
6.722087000000000216e+02,2.993020000000000209e+02
4.439153980295106408e+02,2.401309799999999939e+02
4.440383333632287304e+02,2.401309799999999939e+02
4.443907953604781369e+02,5.082083700000000022e+02
6.706728500000000395e+02,2.993020000000000209e+02
4.448661926914456330e+02,2.361586900000000071e+02
4.449894833295963963e+02,2.361586900000000071e+02
4.453415900224131292e+02,1.450964400000000012e+02
6.685737000000000307e+02,3.003560800000000199e+02
4.458169873533806253e+02,1.450964400000000012e+02
4.459406332959641190e+02,1.450964400000000012e+02
4.462923846843481783e+02,1.450964400000000012e+02
6.658631000000000313e+02,3.001904299999999921e+02
4.467677820153156745e+02,2.293200699999999870e+02
4.468917832623318418e+02,2.293200699999999870e+02
4.472431793462831706e+02,2.293200699999999870e+02
6.636517300000000432e+02,3.014402999999999793e+02
4.477185766772506668e+02,2.293200699999999870e+02
4.478429332286995646e+02,2.293200699999999870e+02
4.481939740082181629e+02,2.293200699999999870e+02
6.612999999999999545e+02,3.019673999999999978e+02
4.486693713391856591e+02,5.062859000000000265e+02
4.487940831950672873e+02,5.062859000000000265e+02
4.491447686701531552e+02,5.062859000000000265e+02
6.599773000000000138e+02,3.019673999999999978e+02
4.496201660011206513e+02,2.219516600000000039e+02
4.497452331614350101e+02,2.219516600000000039e+02
4.500955633320881475e+02,2.219516600000000039e+02
6.582296999999999798e+02,3.024417700000000195e+02
4.505709606630556436e+02,2.219516600000000039e+02
4.506963831278026760e+02,2.219516600000000039e+02
4.510463579940231398e+02,2.219516600000000039e+02
6.564034000000000333e+02,3.028559599999999818e+02
4.515217553249906359e+02,2.140310000000000059e+02
4.516475330941703987e+02,2.140310000000000059e+02
4.519971526559581889e+02,2.140310000000000059e+02
6.544665999999999713e+02,3.044535999999999945e+02
4.524725499869256851e+02,1.358524199999999951e+02
4.525986830605381215e+02,1.358524199999999951e+02
4.529479473178931812e+02,5.035507799999999747e+02
6.523863499999999931e+02,3.063025999999999840e+02
4.534233446488606774e+02,5.035507799999999747e+02
4.535498330269058442e+02,5.035507799999999747e+02
4.538987419798281735e+02,5.035507799999999747e+02
6.507839400000000296e+02,3.081870000000000118e+02
4.543741393107956696e+02,2.032882099999999923e+02
4.545009829932735670e+02,2.032882099999999923e+02
4.548495366417631658e+02,2.032882099999999923e+02
6.487264999999999873e+02,3.109239499999999907e+02
4.553249339727306619e+02,2.032882099999999923e+02
4.554521329596412329e+02,2.032882099999999923e+02
4.558003313036981581e+02,2.032882099999999923e+02
6.471423999999999523e+02,3.118518000000000256e+02
4.562757286346656542e+02,5.006311000000000035e+02
4.564032829260089557e+02,5.006311000000000035e+02
4.567511259656331504e+02,5.006311000000000035e+02
6.450461000000000240e+02,3.148006599999999935e+02
4.572265232966006465e+02,5.006311000000000035e+02
4.573544328923766784e+02,1.935676300000000083e+02
4.577019206275681995e+02,1.935676300000000083e+02
6.430043299999999817e+02,3.164182000000000130e+02
4.581773179585356957e+02,1.935676300000000083e+02
4.583055828587444012e+02,1.935676300000000083e+02
4.586527152895031918e+02,1.935676300000000083e+02
6.408880599999999959e+02,3.195263699999999858e+02
4.591281126204706879e+02,1.935676300000000083e+02
4.592567328251121239e+02,1.935676300000000083e+02
4.596035099514381841e+02,1.935676300000000083e+02
6.393520499999999629e+02,3.204797399999999925e+02
4.600789072824056802e+02,1.865014600000000087e+02
4.602078827914798467e+02,1.865014600000000087e+02
4.605543046133731764e+02,1.865014600000000087e+02
6.375149000000000115e+02,3.224030799999999886e+02
4.610297019443406725e+02,1.865014600000000087e+02
4.611590327578475126e+02,1.275679899999999947e+02
4.615050992753081687e+02,1.275679899999999947e+02
6.351771999999999707e+02,3.252354700000000207e+02
4.619804966062756648e+02,4.980573699999999917e+02
4.621101827242152353e+02,4.980573699999999917e+02
4.624558939372431610e+02,4.980573699999999917e+02
6.327643000000000484e+02,3.274423800000000142e+02
4.629312912682106571e+02,4.980573699999999917e+02
4.630613326905829581e+02,4.980573699999999917e+02
4.634066885991782101e+02,4.980573699999999917e+02
6.300203000000000202e+02,3.292911399999999844e+02
4.638820859301457062e+02,1.761622299999999939e+02
4.640124826569506808e+02,1.761622299999999939e+02
4.643574832611132024e+02,1.761622299999999939e+02
6.275308999999999742e+02,3.310594500000000266e+02
4.648328805920806985e+02,1.761622299999999939e+02
4.649636326233184036e+02,1.761622299999999939e+02
4.653082779230481947e+02,1.761622299999999939e+02
6.248778999999999542e+02,3.329731400000000008e+02
4.657836752540156908e+02,4.940606700000000160e+02
4.659147825896861264e+02,4.940606700000000160e+02
4.662590725849831870e+02,4.940606700000000160e+02
6.218172600000000330e+02,3.348172599999999761e+02
4.667344699159506831e+02,1.201197499999999962e+02
4.668659325560537923e+02,1.201197499999999962e+02
4.672098672469181793e+02,1.201197499999999962e+02
6.187817400000000134e+02,3.366159700000000043e+02
4.676852645778856754e+02,1.677329100000000039e+02
4.678170825224215150e+02,1.677329100000000039e+02
4.681606619088531716e+02,1.677329100000000039e+02
6.155316000000000258e+02,3.385417499999999791e+02
4.686360592398206677e+02,4.901712600000000180e+02
4.687682324887892378e+02,4.901712600000000180e+02
4.691114565707882207e+02,4.901712600000000180e+02
6.114190700000000334e+02,3.403862300000000118e+02
4.695868539017557168e+02,1.594614300000000071e+02
4.697193824551569605e+02,1.594614300000000071e+02
4.700622512327232130e+02,1.594614300000000071e+02
6.083869600000000446e+02,3.421827400000000239e+02
4.705376485636907091e+02,1.142308349999999990e+02
4.706705324215246833e+02,1.142308349999999990e+02
4.710130458946582053e+02,1.142308349999999990e+02
6.054482400000000553e+02,3.440225800000000049e+02
4.714884432256257014e+02,1.142308349999999990e+02
4.716216823878924060e+02,1.142308349999999990e+02
4.719638405565931976e+02,1.142308349999999990e+02
6.028202999999999747e+02,3.459140600000000063e+02
4.724392378875606937e+02,1.500472399999999880e+02
4.725728323542600720e+02,1.500472399999999880e+02
4.729146352185281899e+02,4.846412399999999820e+02
6.004637999999999920e+02,3.477660000000000196e+02
4.733900325494956860e+02,4.846412399999999820e+02
4.735239823206277947e+02,4.846412399999999820e+02
4.738654298804631821e+02,4.846412399999999820e+02
5.973393999999999551e+02,3.496173000000000002e+02
4.743408272114306783e+02,1.403100599999999929e+02
4.744751322869955175e+02,1.403100599999999929e+02
4.748162245423982313e+02,1.403100599999999929e+02
5.947228400000000192e+02,3.514638699999999858e+02
4.752916218733657274e+02,1.403100599999999929e+02
4.754262822533632402e+02,1.403100599999999929e+02
4.757670192043332236e+02,1.403100599999999929e+02
5.925090000000000146e+02,3.533016400000000203e+02
4.762424165353007197e+02,1.077841800000000063e+02
4.763774322197309630e+02,1.077841800000000063e+02
4.767178138662682159e+02,4.793250699999999824e+02
5.901322599999999738e+02,3.557556000000000154e+02
4.771932111972357120e+02,4.793250699999999824e+02
4.773285821860986857e+02,4.793250699999999824e+02
4.776686085282032082e+02,4.793250699999999824e+02
5.868898000000000366e+02,3.578822000000000116e+02
4.781440058591707043e+02,1.328564499999999953e+02
4.782797321524663516e+02,1.328564499999999953e+02
4.786194031901382004e+02,1.328564499999999953e+02
5.838727400000000216e+02,3.605080600000000004e+02
4.790948005211056966e+02,1.028067599999999970e+02
4.792308821188340744e+02,1.028067599999999970e+02
4.795701978520731927e+02,1.028067599999999970e+02
5.811385999999999967e+02,3.624746000000000095e+02
4.800455951830406889e+02,4.735018299999999840e+02
4.801820320852017971e+02,4.735018299999999840e+02
4.805209925140082419e+02,1.255637200000000036e+02
5.780244000000000142e+02,3.643198199999999929e+02
4.809963898449757380e+02,1.255637200000000036e+02
4.811331820515695199e+02,1.255637200000000036e+02
4.814717871759432342e+02,1.255637200000000036e+02
5.755270400000000564e+02,3.661738300000000095e+02
4.819471845069107303e+02,9.968164000000000158e+01
4.820843320179372427e+02,9.968164000000000158e+01
4.824225818378782265e+02,9.968164000000000158e+01
5.734388000000000147e+02,3.680298000000000229e+02
4.828979791688457226e+02,1.186104700000000065e+02
4.830354819843049086e+02,4.686517299999999864e+02
4.833733764998132187e+02,9.784997599999999807e+01
5.714080999999999904e+02,3.698347200000000043e+02
4.838487738307807149e+02,9.672326999999999941e+01
4.839866319506726313e+02,9.672326999999999941e+01
4.843241711617482110e+02,9.672326999999999941e+01
5.693372000000000526e+02,3.720797000000000025e+02
4.847995684927157072e+02,1.019443360000000069e+02
4.849377819170403541e+02,1.019443360000000069e+02
4.852749658236832033e+02,4.640907000000000266e+02
5.672177000000000362e+02,3.753360599999999749e+02
4.857503631546507563e+02,4.640907000000000266e+02
4.858889318834080768e+02,4.640907000000000266e+02
4.862257604856182525e+02,4.640907000000000266e+02
5.659678300000000490e+02,3.771806599999999889e+02
4.867011578165857486e+02,4.604769299999999816e+02
4.868400818497757996e+02,4.604769299999999816e+02
4.871765551475532448e+02,4.604769299999999816e+02
5.644258999999999560e+02,3.790329600000000028e+02
4.876519524785207409e+02,4.604769299999999816e+02
4.877912318161435223e+02,4.604769299999999816e+02
4.881273498094882370e+02,4.604769299999999816e+02
5.633949999999999818e+02,3.815753199999999765e+02
4.886027471404557332e+02,4.604769299999999816e+02
4.887423817825111882e+02,4.604769299999999816e+02
4.890781444714232293e+02,4.604769299999999816e+02
5.623799999999999955e+02,3.828213000000000079e+02
4.895535418023907255e+02,4.548736599999999726e+02
4.896935317488789110e+02,4.548736599999999726e+02
4.900289391333582216e+02,4.548736599999999726e+02
5.603258700000000090e+02,3.845713000000000079e+02
4.905043364643257178e+02,4.548736599999999726e+02
4.906446817152466338e+02,4.548736599999999726e+02
4.909797337952932139e+02,4.548736599999999726e+02
5.592714999999999463e+02,3.854868200000000229e+02
4.914551311262607669e+02,4.548736599999999726e+02
4.915958316816143565e+02,4.548736599999999726e+02
4.919305284572282631e+02,4.548736599999999726e+02
5.582298600000000306e+02,3.873814699999999789e+02
4.924059257881957592e+02,4.548736599999999726e+02
4.925469816479820793e+02,4.548736599999999726e+02
4.928813231191632553e+02,4.548736599999999726e+02
5.571897999999999911e+02,3.872638000000000034e+02
4.933567204501307515e+02,4.483716999999999757e+02
4.934981316143498020e+02,4.483716999999999757e+02
4.938321177810982476e+02,4.483716999999999757e+02
5.556452600000000075e+02,3.884218799999999874e+02
4.943075151120657438e+02,4.483716999999999757e+02
4.944492815807174679e+02,4.483716999999999757e+02
4.947829124430332399e+02,4.483716999999999757e+02
5.546174999999999500e+02,3.881522199999999998e+02
4.952583097740007361e+02,4.483716999999999757e+02
4.954004315470851907e+02,4.483716999999999757e+02
4.957337071049682322e+02,4.483716999999999757e+02
5.535729000000000042e+02,3.881522199999999998e+02
4.962091044359357284e+02,4.483716999999999757e+02
4.963515815134529134e+02,4.483716999999999757e+02
4.966845017669032245e+02,4.483716999999999757e+02
5.522729500000000371e+02,3.886188999999999965e+02
4.971598990978707775e+02,4.409599600000000237e+02
4.973027314798206362e+02,4.409599600000000237e+02
4.976352964288382736e+02,4.409599600000000237e+02
5.504945000000000164e+02,3.890407700000000091e+02
4.981106937598057698e+02,4.409599600000000237e+02
4.982538814461883590e+02,4.409599600000000237e+02
4.985860910907732659e+02,4.409599600000000237e+02
5.491164999999999736e+02,3.896473399999999856e+02
4.990614884217407621e+02,4.409599600000000237e+02
4.992050314125560817e+02,4.409599600000000237e+02
4.995368857527082582e+02,4.409599600000000237e+02
5.475389400000000251e+02,3.906050999999999931e+02
5.000122830836757544e+02,4.409599600000000237e+02
5.001561813789237476e+02,4.409599600000000237e+02
5.004876804146432505e+02,4.409599600000000237e+02
5.454652999999999565e+02,3.924482399999999984e+02
5.009630777456107467e+02,4.335573699999999917e+02
5.011073313452914704e+02,4.335573699999999917e+02
5.014384750765782428e+02,4.335573699999999917e+02
5.443414999999999964e+02,3.942991999999999848e+02
5.019138724075457390e+02,4.335573699999999917e+02
5.020584813116591931e+02,4.335573699999999917e+02
5.023892697385132351e+02,4.335573699999999917e+02
5.432998999999999796e+02,3.961506299999999783e+02
5.028646670694807881e+02,4.335573699999999917e+02
5.030096312780269159e+02,4.335573699999999917e+02
5.033400644004482842e+02,4.335573699999999917e+02
5.422699599999999691e+02,3.979814499999999953e+02
5.038154617314157804e+02,4.335573699999999917e+02
5.039607812443946386e+02,4.335573699999999917e+02
5.042908590623832765e+02,4.335573699999999917e+02
5.412237000000000080e+02,3.998412999999999897e+02
5.047662563933507727e+02,4.277158200000000079e+02
5.049119312107623614e+02,4.277158200000000079e+02
5.052416537243182688e+02,4.277158200000000079e+02
5.401783400000000483e+02,4.028076199999999858e+02
5.057170510552857650e+02,4.277158200000000079e+02
5.058630811771300273e+02,4.277158200000000079e+02
5.061924483862532611e+02,4.277158200000000079e+02
5.391355999999999540e+02,4.056264600000000087e+02
5.066678457172207573e+02,4.277158200000000079e+02
5.068142311434977501e+02,4.277158200000000079e+02
5.071432430481882534e+02,4.277158200000000079e+02
5.386537499999999454e+02,4.082277799999999957e+02
5.076186403791557495e+02,4.209537399999999820e+02
5.077653811098654728e+02,4.209537399999999820e+02
5.080940377101232457e+02,4.209537399999999820e+02
5.378028000000000475e+02,4.115962000000000103e+02
5.085694350410907987e+02,4.209537399999999820e+02
5.087165310762331956e+02,4.209537399999999820e+02
5.090448323720582948e+02,4.209537399999999820e+02
5.370281400000000076e+02,4.157842999999999734e+02
5.095202297030257910e+02,4.209537399999999820e+02
5.096676810426009183e+02,4.209537399999999820e+02
5.099956270339932871e+02,4.209537399999999820e+02
5.359886000000000195e+02,4.194800999999999931e+02
5.104710243649607833e+02,4.209537399999999820e+02
5.106188310089685842e+02,4.209537399999999820e+02
5.109464216959282794e+02,4.209537399999999820e+02
5.349493400000000065e+02,4.238048000000000002e+02
5.114218190268957756e+02,4.145018299999999840e+02
5.115699809753363070e+02,4.145018299999999840e+02
5.118972163578632717e+02,4.145018299999999840e+02
5.334117999999999711e+02,4.277527000000000044e+02
5.123726136888307110e+02,4.145018299999999840e+02
5.125211309417039729e+02,4.145018299999999840e+02
5.128480110197982640e+02,4.145018299999999840e+02
5.323721000000000458e+02,4.314489699999999743e+02
5.133234083507657033e+02,4.145018299999999840e+02
5.134722809080717525e+02,4.145018299999999840e+02
5.137988056817332563e+02,4.145018299999999840e+02
5.313340500000000475e+02,4.351392799999999852e+02
5.142742030127008093e+02,4.145018299999999840e+02
5.144234308744394184e+02,4.145018299999999840e+02
5.147496003436682486e+02,4.145018299999999840e+02
5.302939999999999827e+02,4.388370400000000018e+02
5.152249976746358016e+02,4.089828999999999724e+02
5.153745808408071980e+02,4.089828999999999724e+02
5.157003950056032409e+02,4.089828999999999724e+02
5.292505999999999631e+02,4.425462600000000180e+02
5.161757923365707939e+02,4.089828999999999724e+02
5.163257308071748639e+02,4.089828999999999724e+02
5.166511896675382332e+02,4.089828999999999724e+02
5.284123499999999467e+02,4.446378199999999765e+02
5.171265869985057861e+02,4.089828999999999724e+02
5.172768807735425298e+02,4.089828999999999724e+02
5.176019843294732254e+02,4.089828999999999724e+02
5.272142999999999802e+02,4.480088000000000079e+02
5.180773816604407784e+02,4.037873500000000035e+02
5.182280307399103094e+02,4.037873500000000035e+02
5.185527789914082177e+02,4.037873500000000035e+02
5.255951499999999896e+02,4.516120599999999854e+02
5.190281763223757707e+02,4.037873500000000035e+02
5.191791807062779753e+02,4.037873500000000035e+02
5.195035736533432100e+02,4.037873500000000035e+02
5.247311399999999821e+02,4.550597000000000207e+02
5.199789709843107630e+02,4.789986599999999726e+02
5.201303306726457549e+02,4.789986599999999726e+02
5.204543683152783160e+02,4.789986599999999726e+02
5.235970999999999549e+02,4.587176499999999919e+02
5.209297656462457553e+02,4.931772500000000150e+02
5.210814806390134208e+02,4.960314999999999941e+02
5.214051629772133083e+02,4.738726800000000026e+02
5.233075000000000045e+02,4.618869599999999878e+02
5.218805603081807476e+02,4.693566999999999894e+02
5.220326306053810868e+02,3.974533700000000067e+02
5.223559576391483006e+02,4.980287000000000148e+02
5.224772000000000389e+02,4.657384000000000128e+02
5.228313549701157399e+02,4.618869599999999878e+02
5.229837805717488664e+02,4.618869599999999878e+02
5.233067523010832929e+02,4.618869599999999878e+02
5.218079999999999927e+02,4.693566999999999894e+02
5.237821496320507322e+02,4.587176499999999919e+02
5.239349305381165323e+02,4.587176499999999919e+02
5.242575469630182852e+02,5.036916499999999814e+02
5.214388000000000147e+02,4.738726800000000026e+02
5.247329442939857245e+02,4.550597000000000207e+02
5.248860805044843119e+02,3.909501999999999953e+02
5.252083416249532775e+02,3.909501999999999953e+02
5.208083000000000311e+02,4.789986599999999726e+02
5.256837389559208304e+02,5.068580299999999852e+02
5.258372304708519778e+02,5.068580299999999852e+02
5.261591362868882698e+02,5.068580299999999852e+02
5.208083000000000311e+02,4.831591799999999921e+02
5.266345336178558227e+02,5.095959500000000162e+02
5.267883804372197574e+02,5.095959500000000162e+02
5.271099309488232620e+02,4.480088000000000079e+02
5.208083000000000311e+02,4.868650000000000091e+02
5.275853282797908150e+02,5.118801300000000083e+02
5.277395304035874233e+02,5.125426999999999680e+02
5.280607256107582543e+02,5.125426999999999680e+02
5.208083000000000311e+02,4.905543200000000184e+02
5.285361229417258073e+02,4.446378199999999765e+02
5.286906803699550892e+02,4.446378199999999765e+02
5.290115202726932466e+02,5.151095000000000255e+02
5.208083000000000311e+02,4.931772500000000150e+02
5.294869176036607996e+02,4.425462600000000180e+02
5.296418303363228688e+02,4.425462600000000180e+02
5.299623149346282389e+02,4.425462600000000180e+02
5.213081700000000183e+02,4.960314999999999941e+02
5.304377122655957919e+02,5.169815700000000334e+02
5.305929803026905347e+02,5.169815700000000334e+02
5.309131095965632312e+02,5.169815700000000334e+02
5.224739399999999705e+02,4.980287000000000148e+02
5.313885069275307842e+02,4.351392799999999852e+02
5.315441302690583143e+02,4.351392799999999852e+02
5.318639042584983372e+02,5.188321499999999560e+02
5.234990000000000236e+02,5.004442000000000235e+02
5.323393015894657765e+02,4.314489699999999743e+02
5.324952802354259802e+02,3.769721700000000055e+02
5.328146989204333295e+02,3.769721700000000055e+02
5.245666499999999814e+02,5.036916499999999814e+02
5.332900962514007688e+02,4.277527000000000044e+02
5.334464302017936461e+02,4.277527000000000044e+02
5.337654935823683218e+02,5.206752999999999929e+02
5.256077000000000226e+02,5.068580299999999852e+02
5.342408909133357611e+02,5.206752999999999929e+02
5.343975801681614257e+02,5.206752999999999929e+02
5.347162882443033141e+02,4.238048000000000002e+02
5.266480999999999995e+02,5.095959500000000162e+02
5.351916855752707534e+02,4.238048000000000002e+02
5.353487301345290916e+02,4.238048000000000002e+02
5.356670829062383064e+02,4.238048000000000002e+02
5.276195999999999913e+02,5.118801300000000083e+02
5.361424802372057457e+02,4.194800999999999931e+02
5.362998801008968712e+02,5.233819600000000491e+02
5.366178775681732986e+02,5.233819600000000491e+02
5.278060000000000400e+02,5.125426999999999680e+02
5.370932748991408516e+02,4.157842999999999734e+02
5.372510300672645371e+02,4.157842999999999734e+02
5.375686722301082909e+02,4.115962000000000103e+02
5.292500000000000000e+02,5.151095000000000255e+02
5.380440695610758439e+02,4.115962000000000103e+02
5.382021800336323167e+02,4.115962000000000103e+02
5.385194668920432832e+02,4.082277799999999957e+02
5.303031600000000481e+02,5.169815700000000334e+02
5.389948642230108362e+02,5.240932599999999866e+02
5.391533299999999826e+02,4.056264600000000087e+02
5.394702615539782755e+02,4.056264600000000087e+02
5.318441000000000258e+02,5.188321499999999560e+02
5.399456588849458285e+02,4.028076199999999858e+02
5.401044799663676486e+02,4.028076199999999858e+02
5.404210562159132678e+02,4.028076199999999858e+02
5.339570999999999685e+02,5.206752999999999929e+02
5.408964535468808208e+02,3.657287600000000225e+02
5.410556299327354282e+02,3.657287600000000225e+02
5.413718508778482601e+02,3.998412999999999897e+02
5.365027499999999918e+02,5.233819600000000491e+02
5.418472482088158131e+02,3.979814499999999953e+02
5.420067798991030941e+02,3.979814499999999953e+02
5.423226455397833661e+02,3.979814499999999953e+02
5.390990600000000086e+02,5.240932599999999866e+02
5.427980428707508054e+02,5.249818000000000211e+02
5.429579298654708737e+02,5.249818000000000211e+02
5.432734402017183584e+02,5.249818000000000211e+02
5.411841399999999567e+02,5.249818000000000211e+02
5.437488375326857977e+02,3.942991999999999848e+02
5.439090798318385396e+02,3.942991999999999848e+02
5.442242348636533507e+02,3.942991999999999848e+02
5.432685999999999922e+02,5.249818000000000211e+02
5.446996321946207900e+02,5.249818000000000211e+02
5.448602297982062055e+02,5.249818000000000211e+02
5.451750295255883429e+02,5.249818000000000211e+02
5.453529700000000275e+02,5.249818000000000211e+02
5.456504268565557823e+02,3.924482399999999984e+02
5.458113797645739851e+02,3.924482399999999984e+02
5.461258241875233352e+02,3.924482399999999984e+02
5.479316400000000158e+02,5.258702399999999670e+02
5.466012215184907745e+02,3.593321500000000128e+02
5.467625297309416510e+02,3.593321500000000128e+02
5.470766188494583275e+02,3.593321500000000128e+02
5.500121000000000322e+02,5.258702399999999670e+02
5.475520161804257668e+02,3.906050999999999931e+02
5.477136796973094306e+02,3.906050999999999931e+02
5.480274135113933198e+02,5.258702399999999670e+02
5.525834999999999582e+02,5.258702399999999670e+02
5.485028108423608728e+02,3.896473399999999856e+02
5.486648296636770965e+02,3.896473399999999856e+02
5.489782081733283121e+02,3.896473399999999856e+02
5.550743999999999687e+02,5.258702399999999670e+02
5.494536055042958651e+02,5.258702399999999670e+02
5.496159796300447624e+02,5.258702399999999670e+02
5.499290028352633044e+02,5.258702399999999670e+02
5.576730000000000018e+02,5.258702399999999670e+02
5.504044001662308574e+02,3.890407700000000091e+02
5.505671295964125420e+02,3.890407700000000091e+02
5.508797974971982967e+02,3.890407700000000091e+02
5.607102700000000368e+02,5.258702399999999670e+02
5.513551948281658497e+02,3.886188999999999965e+02
5.515182795627802079e+02,3.886188999999999965e+02
5.518305921591332890e+02,3.886188999999999965e+02
5.634620999999999640e+02,5.258702399999999670e+02
5.523059894901008420e+02,3.886188999999999965e+02
5.524694295291479875e+02,5.258702399999999670e+02
5.527813868210682813e+02,3.537639199999999846e+02
5.665466000000000122e+02,5.258702399999999670e+02
5.532567841520358343e+02,3.881522199999999998e+02
5.534205794955156534e+02,3.881522199999999998e+02
5.537321814830033873e+02,3.881522199999999998e+02
5.702087000000000216e+02,5.258702399999999670e+02
5.542075788139708266e+02,3.881522199999999998e+02
5.543717294618834330e+02,3.881522199999999998e+02
5.546829761449383795e+02,3.881522199999999998e+02
5.735574299999999539e+02,5.246413599999999633e+02
5.551583734759058189e+02,5.258702399999999670e+02
5.553228794282510989e+02,5.258702399999999670e+02
5.556337708068733718e+02,3.884218799999999874e+02
5.756985499999999547e+02,5.228421600000000353e+02
5.561091681378408111e+02,3.884218799999999874e+02
5.562740293946187649e+02,3.884218799999999874e+02
5.565845654688083641e+02,3.884218799999999874e+02
5.777904999999999518e+02,5.218713400000000320e+02
5.570599627997758034e+02,3.872638000000000034e+02
5.572251793609865445e+02,3.872638000000000034e+02
5.575353601307433564e+02,5.258702399999999670e+02
5.798705400000000054e+02,5.205393000000000256e+02
5.580107574617107957e+02,3.873814699999999789e+02
5.581763293273542104e+02,3.873814699999999789e+02
5.584861547926783487e+02,3.873814699999999789e+02
5.819446000000000367e+02,5.190677500000000464e+02
5.589615521236457880e+02,3.854868200000000229e+02
5.591274792937219900e+02,3.854868200000000229e+02
5.594369494546133410e+02,3.854868200000000229e+02
5.847645999999999731e+02,5.178737999999999602e+02
5.599123467855808940e+02,3.482420700000000124e+02
5.600786292600896559e+02,3.482420700000000124e+02
5.603877441165483333e+02,3.845713000000000079e+02
5.885001999999999498e+02,5.162662400000000389e+02
5.608631414475158863e+02,5.258702399999999670e+02
5.610297792264573218e+02,5.258702399999999670e+02
5.613385387784833256e+02,5.258702399999999670e+02
5.916723600000000260e+02,5.152082500000000209e+02
5.618139361094508786e+02,3.828213000000000079e+02
5.619809291928251014e+02,3.828213000000000079e+02
5.622893334404183179e+02,3.828213000000000079e+02
5.952485400000000482e+02,5.134523000000000366e+02
5.627647307713858709e+02,3.815753199999999765e+02
5.629320791591927673e+02,3.815753199999999765e+02
5.632401281023533102e+02,3.815753199999999765e+02
5.998843000000000529e+02,5.125426999999999680e+02
5.637155254333208632e+02,5.258702399999999670e+02
5.638832291255605469e+02,5.258702399999999670e+02
5.641909227642883025e+02,3.790329600000000028e+02
6.029823999999999842e+02,5.106467299999999909e+02
5.646663200952558554e+02,3.790329600000000028e+02
5.648343790919282128e+02,3.790329600000000028e+02
5.651417174262234084e+02,3.790329600000000028e+02
6.061858499999999594e+02,5.088087199999999939e+02
5.656171147571908477e+02,3.771806599999999889e+02
5.657855290582959924e+02,3.771806599999999889e+02
5.660925120881584007e+02,3.771806599999999889e+02
6.104071699999999510e+02,5.069326199999999858e+02
5.665679094191258400e+02,5.258702399999999670e+02
5.667366790246636583e+02,5.258702399999999670e+02
5.670433067500933930e+02,3.753360599999999749e+02
6.139070400000000518e+02,5.050620000000000118e+02
5.675187040810608323e+02,3.426956799999999816e+02
5.676878289910313242e+02,3.426956799999999816e+02
5.679941014120283853e+02,3.426956799999999816e+02
6.179474000000000160e+02,5.028631599999999935e+02
5.684694987429958246e+02,3.720797000000000025e+02
5.686389789573991038e+02,3.720797000000000025e+02
5.689448960739633776e+02,3.720797000000000025e+02
6.213214000000000397e+02,4.991744400000000041e+02
5.694202934049308169e+02,3.720797000000000025e+02
5.695901289237667697e+02,3.720797000000000025e+02
5.698956907358983699e+02,3.720797000000000025e+02
6.241772999999999456e+02,4.963688999999999965e+02
5.703710880668658092e+02,5.258702399999999670e+02
5.705412788901345493e+02,5.258702399999999670e+02
5.708464853978333622e+02,5.258702399999999670e+02
6.276172500000000127e+02,4.926902999999999793e+02
5.713218827288009152e+02,3.698347200000000043e+02
5.714924288565022152e+02,3.698347200000000043e+02
5.717972800597683545e+02,3.698347200000000043e+02
6.312745400000000018e+02,4.889954799999999864e+02
5.722726773907359075e+02,3.371404999999999745e+02
5.724435788228698812e+02,3.371404999999999745e+02
5.727480747217033468e+02,3.371404999999999745e+02
6.348677999999999884e+02,4.846481999999999744e+02
5.732234720526708998e+02,3.680298000000000229e+02
5.733947287892376607e+02,3.680298000000000229e+02
5.736988693836383391e+02,5.246413599999999633e+02
6.390909400000000460e+02,4.790180700000000229e+02
5.741742667146058920e+02,5.246413599999999633e+02
5.743458787556053267e+02,5.246413599999999633e+02
5.746496640455733314e+02,5.246413599999999633e+02
6.452569600000000491e+02,4.725711699999999951e+02
5.751250613765408843e+02,3.661738300000000095e+02
5.752970287219731063e+02,3.661738300000000095e+02
5.756004587075083236e+02,3.661738300000000095e+02
6.528796999999999571e+02,4.653504599999999982e+02
5.760758560384758766e+02,5.228421600000000353e+02
5.762481786883407722e+02,5.228421600000000353e+02
5.765512533694434296e+02,5.228421600000000353e+02
6.607486999999999853e+02,4.588487499999999955e+02
5.770266507004108689e+02,5.218713400000000320e+02
5.771993286547084381e+02,5.218713400000000320e+02
5.775020480313784219e+02,5.218713400000000320e+02
6.700541399999999612e+02,4.514972000000000207e+02
5.779774453623458612e+02,3.643198199999999929e+02
5.781504786210762177e+02,3.316135300000000257e+02
5.784528426933134142e+02,3.316135300000000257e+02
6.942500999999999749e+02,4.256934800000000223e+02
5.789282400242808535e+02,5.205393000000000256e+02
5.791016285874438836e+02,5.205393000000000256e+02
5.794036373552484065e+02,5.205393000000000256e+02
7.108581500000000233e+02,4.098213999999999828e+02
5.798790346862158458e+02,5.205393000000000256e+02
5.800527785538116632e+02,5.205393000000000256e+02
5.803544320171833988e+02,5.205393000000000256e+02
7.296568999999999505e+02,3.910862999999999943e+02
5.808298293481508381e+02,3.624746000000000095e+02
5.810039285201793291e+02,3.624746000000000095e+02
5.813052266791183911e+02,3.624746000000000095e+02
7.467995600000000422e+02,3.703101800000000026e+02
5.817806240100858304e+02,5.190677500000000464e+02
5.819550784865471087e+02,5.190677500000000464e+02
5.822560213410533834e+02,5.190677500000000464e+02
7.629023999999999432e+02,3.545214799999999968e+02
5.827314186720209364e+02,3.259221200000000067e+02
5.829062284529147746e+02,3.259221200000000067e+02
5.832068160029883757e+02,3.259221200000000067e+02
7.765378399999999601e+02,3.401950699999999870e+02
5.836822133339559286e+02,3.259221200000000067e+02
5.838573784192824405e+02,3.605080600000000004e+02
5.841576106649233679e+02,3.605080600000000004e+02
7.840126999999999953e+02,3.314087999999999852e+02
5.846330079958909209e+02,5.178737999999999602e+02
5.848085283856502201e+02,5.178737999999999602e+02
5.851084053268583602e+02,5.178737999999999602e+02
7.880470599999999877e+02,3.253781700000000114e+02
5.855838026578259132e+02,5.178737999999999602e+02
5.857596783520178860e+02,5.178737999999999602e+02
5.860591999887933525e+02,5.178737999999999602e+02
7.899422600000000330e+02,3.211207299999999805e+02
5.865345973197609055e+02,3.578822000000000116e+02
5.867108283183856656e+02,3.578822000000000116e+02
5.870099946507283448e+02,3.578822000000000116e+02
7.912027000000000498e+02,3.162772199999999998e+02
5.874853919816958978e+02,3.578822000000000116e+02
5.876619782847533315e+02,3.578822000000000116e+02
5.879607893126634508e+02,3.578822000000000116e+02
7.912202999999999520e+02,3.134194299999999771e+02
5.884361866436308901e+02,5.162662400000000389e+02
5.886131282511209974e+02,5.162662400000000389e+02
5.889115839745984431e+02,5.162662400000000389e+02
7.912202999999999520e+02,3.107651399999999740e+02
5.893869813055658824e+02,3.557556000000000154e+02
5.895642782174887770e+02,3.557556000000000154e+02
5.898623786365334354e+02,3.557556000000000154e+02
7.902323599999999715e+02,3.090964399999999728e+02
5.903377759675008747e+02,3.193918499999999767e+02
5.905154281838564430e+02,3.193918499999999767e+02
5.908131732984684277e+02,3.193918499999999767e+02
7.890119600000000446e+02,3.056671000000000049e+02
5.912885706294358670e+02,5.152082500000000209e+02
5.914665781502242226e+02,5.152082500000000209e+02
5.917639679604034200e+02,5.152082500000000209e+02
7.883623000000000047e+02,3.048836699999999951e+02
5.922393652913708593e+02,3.533016400000000203e+02
5.924177281165918885e+02,3.533016400000000203e+02
5.927147626223384123e+02,3.533016400000000203e+02
7.863570600000000468e+02,3.016433000000000106e+02
5.931901599533058516e+02,3.533016400000000203e+02
5.933688780829596681e+02,3.533016400000000203e+02
5.936655572842734045e+02,3.533016400000000203e+02
7.844713000000000420e+02,2.988555999999999813e+02
5.941409546152409575e+02,3.514638699999999858e+02
5.943200280493273340e+02,3.514638699999999858e+02
5.946163519462083968e+02,3.514638699999999858e+02
7.828247999999999820e+02,2.962826000000000022e+02
5.950917492771759498e+02,5.134523000000000366e+02
5.952711780156949999e+02,5.134523000000000366e+02
5.955671466081433891e+02,5.134523000000000366e+02
7.806629000000000360e+02,2.929743700000000217e+02
5.960425439391109421e+02,5.134523000000000366e+02
5.962223279820627795e+02,5.134523000000000366e+02
5.965179412700783814e+02,5.134523000000000366e+02
7.783261999999999716e+02,2.898847700000000032e+02
5.969933386010459344e+02,3.496173000000000002e+02
5.971734779484304454e+02,3.496173000000000002e+02
5.974687359320133737e+02,3.496173000000000002e+02
7.755768000000000484e+02,2.880637199999999893e+02
5.979441332629809267e+02,3.124606999999999744e+02
5.981246279147982250e+02,3.124606999999999744e+02
5.984195305939483660e+02,3.124606999999999744e+02
7.742163000000000466e+02,2.868544999999999732e+02
5.988949279249159190e+02,3.124606999999999744e+02
5.990757778811658909e+02,3.124606999999999744e+02
5.993703252558834720e+02,3.124606999999999744e+02
7.717618999999999687e+02,2.833401999999999816e+02
5.998457225868509113e+02,5.125426999999999680e+02
6.000269278475335568e+02,5.125426999999999680e+02
6.003211199178184643e+02,3.477660000000000196e+02
7.696434000000000424e+02,2.814572800000000257e+02
6.007965172487859036e+02,3.477660000000000196e+02
6.009780778139013364e+02,3.477660000000000196e+02
6.012719145797534566e+02,3.477660000000000196e+02
7.675931000000000495e+02,2.787464600000000132e+02
6.017473119107208959e+02,3.459140600000000063e+02
6.019292277802690023e+02,3.459140600000000063e+02
6.022227092416884489e+02,3.459140600000000063e+02
7.650668299999999817e+02,2.760090299999999957e+02
6.026981065726558882e+02,3.459140600000000063e+02
6.028803777466367819e+02,3.459140600000000063e+02
6.031735039036234411e+02,5.106467299999999909e+02
7.629698499999999513e+02,2.741932400000000030e+02
6.036489012345908804e+02,5.106467299999999909e+02
6.038315277130044478e+02,5.106467299999999909e+02
6.041242985655584334e+02,5.106467299999999909e+02
7.608194999999999482e+02,2.726997000000000071e+02
6.045996958965259864e+02,3.440225800000000049e+02
6.047826776793721137e+02,3.440225800000000049e+02
6.050750932274934257e+02,3.440225800000000049e+02
7.570366999999999962e+02,2.704583700000000022e+02
6.055504905584609787e+02,3.440225800000000049e+02
6.057338276457398933e+02,3.440225800000000049e+02
6.060258878894284180e+02,5.088087199999999939e+02
7.539071000000000140e+02,2.677154499999999757e+02
6.065012852203959710e+02,3.060162399999999820e+02
6.066849776121075593e+02,3.060162399999999820e+02
6.069766825513634103e+02,3.060162399999999820e+02
7.502902000000000271e+02,2.649799800000000118e+02
6.074520798823309633e+02,3.421827400000000239e+02
6.076361275784753389e+02,3.421827400000000239e+02
6.079274772132984026e+02,3.421827400000000239e+02
7.471916999999999689e+02,2.631440400000000182e+02
6.084028745442659556e+02,3.421827400000000239e+02
6.085872775448430048e+02,3.421827400000000239e+02
6.088782718752333949e+02,3.421827400000000239e+02
7.437220499999999674e+02,2.613123800000000188e+02
6.093536692062009479e+02,5.069326199999999858e+02
6.095384275112107844e+02,5.069326199999999858e+02
6.098290665371683872e+02,5.069326199999999858e+02
7.395339999999999918e+02,2.610962999999999852e+02
6.103044638681359402e+02,5.069326199999999858e+02
6.104895774775784503e+02,5.069326199999999858e+02
6.107798611991034932e+02,5.069326199999999858e+02
7.353559000000000196e+02,2.610962999999999852e+02
6.112552585300709325e+02,3.403862300000000118e+02
6.114407274439461162e+02,3.403862300000000118e+02
6.117306558610384855e+02,3.403862300000000118e+02
7.311923000000000457e+02,2.610962999999999852e+02
6.122060531920059248e+02,3.021216999999999757e+02
6.123918774103138958e+02,3.021216999999999757e+02
6.126814505229734777e+02,3.021216999999999757e+02
7.275425400000000309e+02,2.620729999999999791e+02
6.131568478539409170e+02,3.021216999999999757e+02
6.133430273766815617e+02,3.021216999999999757e+02
6.136322451849084700e+02,5.050620000000000118e+02
7.244950599999999667e+02,2.639082000000000221e+02
6.141076425158759093e+02,5.050620000000000118e+02
6.142941773430493413e+02,5.050620000000000118e+02
6.145830398468434623e+02,5.050620000000000118e+02
7.219820600000000468e+02,2.657705000000000268e+02
6.150584371778109016e+02,3.385417499999999791e+02
6.152453273094170072e+02,3.385417499999999791e+02
6.155338345087784546e+02,3.385417499999999791e+02
7.199096700000000055e+02,2.676124300000000176e+02
6.160092318397460076e+02,3.385417499999999791e+02
6.161964772757846731e+02,3.385417499999999791e+02
6.164846291707134469e+02,3.385417499999999791e+02
7.168372000000000526e+02,2.724821800000000280e+02
6.169600265016809999e+02,5.028631599999999935e+02
6.171476272421524527e+02,5.028631599999999935e+02
6.174354238326484392e+02,5.028631599999999935e+02
7.150005499999999756e+02,2.761813999999999965e+02
6.179108211636159922e+02,5.028631599999999935e+02
6.180987772085201186e+02,5.028631599999999935e+02
6.183862184945834315e+02,5.028631599999999935e+02
7.144596999999999980e+02,2.798813499999999976e+02
6.188616158255509845e+02,2.983725600000000213e+02
6.190499271748878982e+02,2.983725600000000213e+02
6.193370131565184238e+02,2.983725600000000213e+02
7.137454999999999927e+02,2.835774000000000115e+02
6.198124104874859768e+02,2.983725600000000213e+02
6.200010771412555641e+02,2.983725600000000213e+02
6.202878078184534161e+02,2.983725600000000213e+02
7.137454999999999927e+02,2.871854200000000219e+02
6.207632051494209691e+02,4.991744400000000041e+02
6.209522271076233437e+02,4.991744400000000041e+02
6.212386024803884084e+02,4.991744400000000041e+02
7.137454999999999927e+02,2.916146200000000022e+02
6.217139998113559614e+02,3.348172599999999761e+02
6.219033770739910096e+02,3.348172599999999761e+02
6.221893971423235143e+02,3.348172599999999761e+02
7.137454999999999927e+02,2.954947500000000105e+02
6.226647944732909536e+02,2.965475000000000136e+02
6.228545270403586755e+02,2.965475000000000136e+02
6.231401918042585066e+02,2.965475000000000136e+02
7.142002599999999575e+02,3.000301499999999919e+02
6.236155891352259459e+02,2.965475000000000136e+02
6.238056770067264551e+02,2.965475000000000136e+02
6.240909864661934989e+02,4.963688999999999965e+02
7.147640999999999849e+02,3.047003199999999765e+02
6.245663837971609382e+02,3.329731400000000008e+02
6.247568269730941211e+02,3.329731400000000008e+02
6.250417811281284912e+02,3.329731400000000008e+02
7.152450000000000045e+02,3.102561000000000035e+02
6.255171784590959305e+02,3.329731400000000008e+02
6.257079769394619007e+02,3.329731400000000008e+02
6.259925757900634835e+02,3.329731400000000008e+02
7.163363000000000511e+02,3.168350800000000049e+02
6.264679731210309228e+02,3.310594500000000266e+02
6.266591269058295666e+02,3.310594500000000266e+02
6.269433704519984758e+02,3.310594500000000266e+02
7.162446999999999662e+02,3.231235399999999913e+02
6.274187677829659151e+02,3.310594500000000266e+02
6.276102768721972325e+02,4.926902999999999793e+02
6.278941651139334681e+02,2.946989699999999743e+02
7.162446999999999662e+02,3.275583500000000186e+02
6.283695624449009074e+02,2.946989699999999743e+02
6.285614268385650121e+02,2.946989699999999743e+02
6.288449597758684604e+02,2.946989699999999743e+02
7.174528999999999996e+02,3.320292999999999779e+02
6.293203571068358997e+02,3.292911399999999844e+02
6.295125768049326780e+02,3.292911399999999844e+02
6.297957544378034527e+02,3.292911399999999844e+02
7.179974399999999832e+02,3.357424300000000130e+02
6.302711517687710057e+02,3.292911399999999844e+02
6.304637267713003439e+02,3.292911399999999844e+02
6.307465490997384450e+02,3.292911399999999844e+02
7.195348999999999933e+02,3.394315199999999777e+02
6.312219464307059980e+02,4.889954799999999864e+02
6.314148767376681235e+02,4.889954799999999864e+02
6.316973437616734373e+02,4.889954799999999864e+02
7.205135000000000218e+02,3.429102800000000002e+02
6.321727410926409902e+02,3.274423800000000142e+02
6.323660267040357894e+02,3.274423800000000142e+02
6.326481384236084295e+02,3.274423800000000142e+02
7.221054699999999684e+02,3.461485599999999749e+02
6.331235357545759825e+02,2.928462000000000103e+02
6.333171766704035690e+02,2.928462000000000103e+02
6.335989330855434218e+02,2.928462000000000103e+02
7.244447599999999738e+02,3.503067599999999970e+02
6.340743304165109748e+02,4.846481999999999744e+02
6.342683266367712349e+02,4.846481999999999744e+02
6.345497277474784141e+02,4.846481999999999744e+02
7.266521599999999808e+02,3.542308300000000258e+02
6.350251250784459671e+02,3.252354700000000207e+02
6.352194766031389008e+02,3.252354700000000207e+02
6.355005224094134064e+02,3.252354700000000207e+02
7.287245000000000346e+02,3.561518599999999992e+02
6.359759197403809594e+02,2.909601999999999862e+02
6.361706265695066804e+02,2.909601999999999862e+02
6.364513170713485124e+02,2.909601999999999862e+02
7.307969000000000506e+02,3.579936500000000024e+02
6.369267144023159517e+02,2.909601999999999862e+02
6.371217765358743463e+02,2.909601999999999862e+02
6.374021117332835047e+02,3.224030799999999886e+02
7.344878499999999804e+02,3.617185000000000059e+02
6.378775090642509440e+02,3.224030799999999886e+02
6.380729265022421259e+02,3.224030799999999886e+02
6.383529063952184970e+02,3.224030799999999886e+02
7.376570400000000518e+02,3.634604499999999803e+02
6.388283037261859363e+02,4.790180700000000229e+02
6.390240764686097918e+02,4.790180700000000229e+02
6.393037010571534893e+02,3.204797399999999925e+02
7.411795700000000124e+02,3.653136000000000081e+02
6.397790983881209286e+02,3.204797399999999925e+02
6.399752264349775714e+02,3.204797399999999925e+02
6.402544957190884816e+02,3.204797399999999925e+02
7.435357699999999568e+02,3.670947300000000268e+02
6.407298930500559209e+02,3.195263699999999858e+02
6.409263764013452374e+02,3.195263699999999858e+02
6.412052903810234739e+02,2.891627199999999789e+02
7.460104400000000169e+02,3.689497000000000071e+02
6.416806877119910268e+02,2.891627199999999789e+02
6.418775263677129033e+02,2.891627199999999789e+02
6.421560850429584661e+02,2.891627199999999789e+02
7.494216300000000501e+02,3.699010000000000105e+02
6.426314823739260191e+02,3.164182000000000130e+02
6.428286763340806829e+02,3.164182000000000130e+02
6.431068797048934584e+02,3.164182000000000130e+02
7.539640000000000555e+02,3.712707500000000209e+02
6.435822770358610114e+02,2.886399000000000115e+02
6.437798263004483488e+02,2.886399000000000115e+02
6.440576743668284507e+02,2.886399000000000115e+02
7.567944300000000339e+02,3.712707500000000209e+02
6.445330716977960037e+02,2.886399000000000115e+02
6.447309762668161284e+02,2.886399000000000115e+02
6.450084690287634430e+02,3.148006599999999935e+02
7.601666000000000167e+02,3.721591799999999921e+02
6.454838663597309960e+02,4.725711699999999951e+02
6.456821262331837943e+02,4.725711699999999951e+02
6.459592636906984353e+02,4.725711699999999951e+02
7.634615499999999884e+02,3.721591799999999921e+02
6.464346610216659883e+02,2.886399000000000115e+02
6.466332761995514602e+02,2.886399000000000115e+02
6.469100583526334276e+02,2.886399000000000115e+02
7.669044999999999845e+02,3.721591799999999921e+02
6.473854556836009806e+02,3.118518000000000256e+02
6.475844261659192398e+02,3.118518000000000256e+02
6.478608530145685336e+02,3.118518000000000256e+02
7.692330299999999852e+02,3.721591799999999921e+02
6.483362503455359729e+02,2.886399000000000115e+02
6.485355761322869057e+02,2.886399000000000115e+02
6.488116476765035259e+02,3.109239499999999907e+02
7.719198999999999842e+02,3.730477300000000014e+02
6.492870450074709652e+02,2.886399000000000115e+02
6.494867260986546853e+02,2.886399000000000115e+02
6.497624423384385182e+02,2.886399000000000115e+02
7.746618999999999460e+02,3.738985599999999749e+02
6.502378396694059575e+02,3.081870000000000118e+02
6.504378760650223512e+02,3.081870000000000118e+02
6.507132370003735105e+02,3.081870000000000118e+02
7.769488499999999931e+02,3.739362800000000107e+02
6.511886343313409498e+02,2.886399000000000115e+02
6.513890260313901308e+02,2.886399000000000115e+02
6.516640316623085027e+02,2.886399000000000115e+02
7.788312399999999798e+02,3.739362800000000107e+02
6.521394289932759420e+02,2.886399000000000115e+02
6.523401759977577967e+02,3.063025999999999840e+02
6.526148263242434950e+02,2.886399000000000115e+02
7.805735499999999547e+02,3.739362800000000107e+02
6.530902236552110480e+02,2.886399000000000115e+02
6.532913259641254626e+02,2.886399000000000115e+02
6.535656209861784873e+02,2.886399000000000115e+02
7.827079999999999700e+02,3.739362800000000107e+02
6.540410183171460403e+02,2.886399000000000115e+02
6.542424759304932422e+02,2.882502400000000193e+02
6.545164156481134796e+02,3.044535999999999945e+02
7.850549300000000130e+02,3.734429999999999836e+02
6.549918129790810326e+02,2.877514600000000087e+02
6.551936258968609081e+02,2.877514600000000087e+02
6.554672103100484719e+02,2.877514600000000087e+02
7.874546000000000276e+02,3.730477300000000014e+02
6.559426076410160249e+02,2.877514600000000087e+02
6.561447758632286877e+02,2.877514600000000087e+02
6.564180049719834642e+02,3.028559599999999818e+02
7.898822999999999865e+02,3.730477300000000014e+02
6.568934023029510172e+02,2.877514600000000087e+02
6.570959258295963537e+02,2.877514600000000087e+02
6.573687996339184565e+02,2.877514600000000087e+02
7.919397999999999911e+02,3.724082000000000221e+02
6.578441969648860095e+02,2.877514600000000087e+02
6.580470757959640196e+02,3.024417700000000195e+02
6.583195942958534488e+02,3.024417700000000195e+02
7.931303000000000338e+02,3.714294399999999996e+02
6.587949916268210018e+02,2.877514600000000087e+02
6.589982257623317992e+02,2.877514600000000087e+02
6.592703889577885548e+02,2.877514600000000087e+02
7.951666000000000167e+02,3.703822000000000116e+02
6.597457862887559941e+02,3.019673999999999978e+02
6.599493757286994651e+02,3.019673999999999978e+02
6.602211836197235471e+02,2.877514600000000087e+02
7.972418000000000120e+02,3.685843499999999722e+02
6.606965809506909864e+02,4.588487499999999955e+02
6.609005256950672447e+02,2.877514600000000087e+02
6.611719782816585393e+02,3.019673999999999978e+02
7.998706700000000183e+02,3.677166700000000219e+02
6.616473756126259786e+02,2.877514600000000087e+02
6.618516756614349106e+02,2.877514600000000087e+02
6.621227729435935316e+02,2.877514600000000087e+02
8.024573400000000447e+02,3.657971200000000067e+02
6.625981702745609709e+02,2.921939699999999789e+02
6.628028256278025765e+02,2.921939699999999789e+02
6.630735676055285239e+02,2.877514600000000087e+02
8.055856300000000374e+02,3.648319000000000187e+02
6.635489649364959632e+02,2.921939699999999789e+02
6.637539755941703561e+02,2.921939699999999789e+02
6.640243622674635162e+02,2.913054200000000264e+02
8.090447400000000471e+02,3.629807000000000130e+02
6.644997595984310692e+02,2.921939699999999789e+02
6.647051255605380220e+02,2.921939699999999789e+02
6.649751569293985085e+02,2.877514600000000087e+02
8.116242700000000241e+02,3.611323199999999929e+02
6.654505542603660615e+02,2.877514600000000087e+02
6.656562755269058016e+02,2.921939699999999789e+02
6.659259515913335008e+02,3.001904299999999921e+02
8.141937000000000353e+02,3.592844200000000114e+02
6.664013489223010538e+02,2.895284399999999891e+02
6.666074254932734675e+02,2.895284399999999891e+02
6.668767462532684931e+02,2.886399000000000115e+02
8.165010999999999513e+02,3.574295700000000124e+02
6.673521435842360461e+02,2.877514600000000087e+02
6.675585754596412471e+02,2.877514600000000087e+02
6.678275409152034854e+02,2.877514600000000087e+02
8.186938499999999976e+02,3.564726600000000190e+02
6.683029382461710384e+02,2.921939699999999789e+02
6.685097254260089130e+02,3.003560800000000199e+02
6.687783355771384777e+02,3.003560800000000199e+02
8.209226700000000392e+02,3.546450199999999882e+02
6.692537329081060307e+02,2.921939699999999789e+02
6.694608753923765789e+02,2.921939699999999789e+02
6.697291302390735837e+02,2.921939699999999789e+02
8.230095000000000027e+02,3.527902799999999957e+02
6.702045275700410230e+02,4.514972000000000207e+02
6.704120253587443585e+02,2.993020000000000209e+02
6.706799249010085759e+02,2.993020000000000209e+02
8.255755599999999959e+02,3.509537399999999820e+02
6.711553222319760152e+02,2.921939699999999789e+02
6.713631753251120244e+02,2.921939699999999789e+02
6.716307195629435682e+02,2.921939699999999789e+02
8.281720599999999877e+02,3.490903299999999945e+02
6.721061168939110075e+02,2.993020000000000209e+02
6.723143252914798040e+02,2.993020000000000209e+02
6.725815142248785605e+02,2.993020000000000209e+02
8.302476000000000340e+02,3.472454799999999864e+02
6.730569115558459998e+02,2.932610999999999990e+02
6.732654752578474699e+02,2.932610999999999990e+02
6.735323088868135528e+02,2.932610999999999990e+02
8.323025499999999965e+02,3.454191999999999894e+02
6.740077062177809921e+02,2.993020000000000209e+02
6.742166252242151359e+02,2.993020000000000209e+02
6.744831035487485451e+02,2.993020000000000209e+02
8.348982999999999493e+02,3.435563999999999965e+02
6.749585008797159844e+02,2.930824000000000069e+02
6.751677751905829155e+02,2.930824000000000069e+02
6.754338982106835374e+02,2.930824000000000069e+02
8.369724999999999682e+02,3.417127699999999777e+02
6.759092955416510904e+02,2.993020000000000209e+02
6.761189251569505814e+02,2.993020000000000209e+02
6.763846928726185297e+02,2.993020000000000209e+02
8.390766599999999471e+02,3.398426499999999919e+02
6.768600902035860827e+02,2.930824000000000069e+02
6.770700751233183610e+02,2.930824000000000069e+02
6.773354875345535220e+02,2.930824000000000069e+02
8.413677400000000262e+02,3.380029299999999921e+02
6.778108848655210750e+02,2.993020000000000209e+02
6.780212250896860269e+02,2.930824000000000069e+02
6.782862821964885143e+02,2.930824000000000069e+02
8.442242400000000089e+02,3.356928700000000276e+02
6.787616795274560673e+02,2.930824000000000069e+02
6.789723750560538065e+02,2.930824000000000069e+02
6.792370768584235066e+02,2.930824000000000069e+02
8.461883000000000266e+02,3.330901000000000067e+02
6.797124741893910596e+02,2.930824000000000069e+02
6.799235250224214724e+02,2.993020000000000209e+02
6.801878715203584989e+02,2.930824000000000069e+02
8.477350999999999885e+02,3.294520299999999793e+02
6.806632688513260518e+02,2.993020000000000209e+02
6.808746749887891383e+02,2.993020000000000209e+02
6.811386661822936048e+02,2.993020000000000209e+02
8.492835700000000543e+02,3.266994599999999878e+02
6.816140635132610441e+02,2.939709500000000162e+02
6.818258249551569179e+02,2.939709500000000162e+02
6.820894608442285971e+02,2.939709500000000162e+02
8.513999999999999773e+02,3.223160399999999868e+02
6.825648581751960364e+02,2.993020000000000209e+02
6.827769749215245838e+02,2.939709500000000162e+02
6.830402555061635894e+02,2.939709500000000162e+02
8.535339400000000296e+02,3.182556000000000154e+02
6.835156528371310287e+02,2.993020000000000209e+02
6.837281248878923634e+02,2.939709500000000162e+02
6.839910501680985817e+02,2.939709500000000162e+02
8.551930999999999585e+02,3.144290799999999990e+02
6.844664474990660210e+02,2.993020000000000209e+02
6.846792748542600293e+02,2.986777299999999968e+02
6.849418448300335740e+02,2.958102999999999838e+02
8.562294000000000551e+02,3.107451199999999858e+02
6.854172421610010133e+02,2.958102999999999838e+02
6.856304248206276952e+02,2.958102999999999838e+02
6.858926394919685663e+02,2.958102999999999838e+02
8.572705999999999449e+02,3.070430999999999813e+02
6.863680368229360056e+02,2.958102999999999838e+02
6.865815747869954748e+02,2.958102999999999838e+02
6.868434341539035586e+02,2.958102999999999838e+02
8.584162999999999784e+02,3.042457299999999805e+02
6.873188314848711116e+02,2.958102999999999838e+02
6.875327247533631407e+02,2.958102999999999838e+02
6.877942288158385509e+02,2.958102999999999838e+02
8.598191500000000360e+02,3.006483200000000124e+02
6.882696261468061039e+02,2.958102999999999838e+02
6.884838747197309203e+02,2.958102999999999838e+02
6.887450234777735432e+02,2.958102999999999838e+02
8.608469999999999800e+02,2.972595200000000091e+02
6.892204208087410962e+02,2.958102999999999838e+02
6.894350246860985862e+02,2.958102999999999838e+02
6.896958181397085355e+02,2.958102999999999838e+02
8.623797600000000330e+02,2.945348999999999933e+02
6.901712154706760884e+02,4.256934800000000223e+02
6.903861746524663658e+02,4.256934800000000223e+02
6.906466128016435277e+02,4.256934800000000223e+02
8.639195999999999458e+02,2.917977300000000014e+02
6.911220101326110807e+02,4.256934800000000223e+02
6.913373246188340318e+02,4.256934800000000223e+02
6.915974074635785200e+02,4.256934800000000223e+02
8.654284000000000106e+02,2.887029999999999745e+02
6.920728047945460730e+02,4.256934800000000223e+02
6.922884745852016977e+02,4.256934800000000223e+02
6.925482021255136260e+02,4.256934800000000223e+02
8.669742999999999711e+02,2.858725600000000213e+02
6.930235994564810653e+02,4.256934800000000223e+02
6.932396245515694773e+02,4.256934800000000223e+02
6.934989967874486183e+02,4.256934800000000223e+02
8.679980000000000473e+02,2.822330299999999852e+02
6.939743941184160576e+02,4.256934800000000223e+02
6.941907745179371432e+02,4.256934800000000223e+02
6.944497914493836106e+02,4.256934800000000223e+02
8.700323499999999513e+02,2.782662399999999820e+02
6.949251887803510499e+02,4.256934800000000223e+02
6.951419244843049228e+02,4.256934800000000223e+02
6.954005861113186029e+02,4.256934800000000223e+02
8.714410000000000309e+02,2.757624500000000012e+02
6.958759834422860422e+02,4.256934800000000223e+02
6.960930744506725887e+02,4.256934800000000223e+02
6.963513807732535952e+02,4.256934800000000223e+02
8.730949000000000524e+02,2.728224000000000160e+02
6.968267781042210345e+02,4.256934800000000223e+02
6.970442244170402546e+02,4.256934800000000223e+02
6.973021754351885875e+02,4.256934800000000223e+02
8.748233999999999924e+02,2.678955000000000268e+02
6.977775727661560268e+02,4.256934800000000223e+02
6.979953743834080342e+02,4.256934800000000223e+02
6.982529700971235798e+02,4.256934800000000223e+02
8.767473999999999705e+02,2.644550800000000095e+02
6.987283674280911328e+02,4.256934800000000223e+02
6.989465243497757001e+02,4.256934800000000223e+02
6.992037647590585721e+02,4.256934800000000223e+02
8.776353000000000293e+02,2.620858200000000124e+02
6.996791620900261250e+02,4.256934800000000223e+02
6.998976743161434797e+02,4.256934800000000223e+02
7.001545594209935643e+02,4.256934800000000223e+02
8.786070600000000468e+02,2.587320599999999899e+02
7.006299567519611173e+02,4.256934800000000223e+02
7.008488242825111456e+02,4.256934800000000223e+02
7.011053540829285566e+02,4.256934800000000223e+02
8.800119600000000446e+02,2.551956800000000101e+02
7.015807514138961096e+02,4.256934800000000223e+02
7.017999742488788115e+02,4.256934800000000223e+02
7.020561487448635489e+02,4.256934800000000223e+02
8.816571000000000140e+02,2.513828100000000063e+02
7.025315460758311019e+02,4.098213999999999828e+02
7.027511242152465911e+02,4.098213999999999828e+02
7.030069434067985412e+02,4.098213999999999828e+02
8.831775000000000091e+02,2.486801800000000071e+02
7.034823407377660942e+02,4.098213999999999828e+02
7.037022741816142570e+02,4.098213999999999828e+02
7.039577380687336472e+02,4.098213999999999828e+02
8.855914000000000215e+02,2.443892800000000136e+02
7.044331353997010865e+02,4.098213999999999828e+02
7.046534241479820366e+02,4.098213999999999828e+02
7.049085327306686395e+02,4.098213999999999828e+02
8.869435399999999845e+02,2.415334499999999878e+02
7.053839300616360788e+02,4.098213999999999828e+02
7.056045741143497025e+02,4.098213999999999828e+02
7.058593273926036318e+02,4.098213999999999828e+02
8.885646000000000413e+02,2.375474900000000105e+02
7.063347247235710711e+02,4.098213999999999828e+02
7.065557240807174821e+02,4.098213999999999828e+02
7.068101220545386241e+02,4.098213999999999828e+02
8.900177599999999529e+02,2.338554699999999968e+02
7.072855193855060634e+02,4.098213999999999828e+02
7.075068740470851480e+02,4.098213999999999828e+02
7.077609167164736164e+02,4.098213999999999828e+02
8.916575000000000273e+02,2.301057099999999878e+02
7.082363140474410557e+02,4.098213999999999828e+02
7.084580240134528140e+02,4.098213999999999828e+02
7.087117113784086087e+02,4.098213999999999828e+02
8.926872600000000375e+02,2.273105500000000063e+02
7.091871087093760480e+02,4.098213999999999828e+02
7.094091739798205936e+02,4.098213999999999828e+02
7.096625060403436009e+02,4.098213999999999828e+02
8.937405999999999722e+02,2.226998299999999915e+02
7.101379033713111539e+02,4.098213999999999828e+02
7.103603239461882595e+02,4.098213999999999828e+02
7.106133007022785932e+02,4.098213999999999828e+02
8.941867700000000241e+02,2.200794699999999864e+02
7.110886980332461462e+02,4.098213999999999828e+02
7.113114739125560391e+02,4.098213999999999828e+02
7.115640953642135855e+02,4.098213999999999828e+02
8.946865999999999985e+02,2.173292199999999923e+02
7.120394926951811385e+02,4.098213999999999828e+02
7.122626238789237050e+02,4.098213999999999828e+02
7.125148900261485778e+02,4.098213999999999828e+02
8.958639500000000453e+02,2.133738999999999919e+02
7.129902873571161308e+02,2.954947500000000105e+02
7.132137738452913709e+02,2.954947500000000105e+02
7.134656846880835701e+02,2.954947500000000105e+02
8.971258000000000266e+02,2.096698000000000093e+02
7.139410820190511231e+02,2.954947500000000105e+02
7.141649238116591505e+02,3.000301499999999919e+02
7.144164793500185624e+02,2.798813499999999976e+02
8.984357999999999720e+02,2.060076899999999966e+02
7.148918766809861154e+02,2.761813999999999965e+02
7.151160737780268164e+02,2.761813999999999965e+02
7.153672740119536684e+02,3.102561000000000035e+02
8.994791000000000167e+02,2.031868900000000053e+02
7.158426713429211077e+02,3.231235399999999913e+02
7.160672237443945960e+02,3.231235399999999913e+02
7.163180686738886607e+02,3.168350800000000049e+02
9.005149000000000115e+02,2.003930699999999945e+02
7.167934660048561000e+02,2.724821800000000280e+02
7.170183737107622619e+02,2.724821800000000280e+02
7.172688633358236530e+02,3.320292999999999779e+02
9.015543000000000120e+02,1.966977500000000134e+02
7.177442606667910923e+02,3.357424300000000130e+02
7.179695236771300415e+02,3.357424300000000130e+02
7.182196579977586453e+02,3.357424300000000130e+02
9.025939300000000003e+02,1.930018300000000124e+02
7.186950553287260846e+02,3.394315199999999777e+02
7.189206736434977074e+02,3.394315199999999777e+02
7.191704526596936375e+02,3.394315199999999777e+02
9.026839999999999691e+02,1.909940200000000061e+02
7.196458499906610768e+02,3.394315199999999777e+02
7.198718236098653733e+02,2.676124300000000176e+02
7.201212473216286298e+02,2.676124300000000176e+02
9.041757999999999811e+02,1.864896200000000022e+02
7.205966446525960691e+02,3.429102800000000002e+02
7.208229735762331529e+02,3.429102800000000002e+02
7.210720419835636221e+02,3.429102800000000002e+02
9.052102700000000368e+02,1.837482899999999972e+02
7.215474393145311751e+02,2.657705000000000268e+02
7.217741235426008188e+02,2.657705000000000268e+02
7.220228366454986144e+02,2.657705000000000268e+02
9.062410999999999603e+02,1.800355199999999911e+02
7.224982339764661674e+02,3.461485599999999749e+02
7.227252735089685984e+02,3.461485599999999749e+02
7.229736313074336067e+02,3.461485599999999749e+02
9.072925000000000182e+02,1.761023000000000138e+02
7.234490286384011597e+02,3.503067599999999970e+02
7.236764234753362643e+02,3.503067599999999970e+02
7.239244259693685990e+02,3.503067599999999970e+02
9.083258700000000090e+02,1.717350999999999885e+02
7.243998233003361520e+02,3.503067599999999970e+02
7.246275734417039303e+02,2.639082000000000221e+02
7.248752206313035913e+02,2.639082000000000221e+02
9.086820699999999533e+02,1.680455300000000136e+02
7.253506179622711443e+02,3.542308300000000258e+02
7.255787234080717099e+02,3.542308300000000258e+02
7.258260152932385836e+02,3.542308300000000258e+02
9.094092399999999543e+02,1.643295899999999961e+02
7.263014126242061366e+02,3.542308300000000258e+02
7.265298733744393758e+02,3.542308300000000258e+02
7.267768099551736896e+02,3.542308300000000258e+02
9.102117299999999886e+02,1.615302700000000016e+02
7.272522072861411289e+02,2.620729999999999791e+02
7.274810233408071554e+02,2.620729999999999791e+02
7.277276046171086819e+02,2.620729999999999791e+02
9.114818999999999960e+02,1.578497299999999939e+02
7.282030019480761212e+02,3.561518599999999992e+02
7.284321733071748213e+02,3.561518599999999992e+02
7.286783992790436741e+02,3.561518599999999992e+02
9.125199999999999818e+02,1.541588099999999883e+02
7.291537966100111134e+02,3.910862999999999943e+02
7.293833232735424872e+02,3.910862999999999943e+02
7.296291939409786664e+02,3.910862999999999943e+02
9.126807000000000016e+02,1.504553200000000004e+02
7.301045912719461057e+02,3.579936500000000024e+02
7.303344732399102668e+02,3.579936500000000024e+02
7.305799886029136587e+02,3.579936500000000024e+02
9.126807000000000016e+02,1.467668500000000051e+02
7.310553859338810980e+02,2.610962999999999852e+02
7.312856232062779327e+02,2.610962999999999852e+02
7.315307832648486510e+02,2.610962999999999852e+02
9.126807000000000016e+02,1.431037599999999941e+02
7.320061805958162040e+02,2.610962999999999852e+02
7.322367731726457123e+02,2.610962999999999852e+02
7.324815779267836433e+02,2.610962999999999852e+02
9.126807000000000016e+02,1.393675499999999943e+02
7.329569752577511963e+02,3.617185000000000059e+02
7.331879231390133782e+02,3.617185000000000059e+02
7.334323725887186356e+02,3.617185000000000059e+02
9.126807000000000016e+02,1.356738300000000095e+02
7.339077699196861886e+02,3.617185000000000059e+02
7.341390731053811578e+02,3.617185000000000059e+02
7.343831672506536279e+02,3.617185000000000059e+02
9.126807000000000016e+02,1.320341799999999921e+02
7.348585645816211809e+02,2.610962999999999852e+02
7.350902230717488237e+02,2.610962999999999852e+02
7.353339619125886202e+02,2.610962999999999852e+02
9.126807000000000016e+02,1.291861600000000010e+02
7.358093592435561732e+02,2.610962999999999852e+02
7.360413730381164896e+02,2.610962999999999852e+02
7.362847565745236125e+02,2.610962999999999852e+02
9.126807000000000016e+02,1.257731899999999996e+02
7.367601539054911655e+02,3.634604499999999803e+02
7.369925230044842692e+02,3.634604499999999803e+02
7.372355512364586048e+02,3.634604499999999803e+02
9.126807000000000016e+02,1.239240700000000004e+02
7.377109485674261578e+02,3.634604499999999803e+02
7.379436729708519351e+02,3.634604499999999803e+02
7.381863458983937107e+02,3.634604499999999803e+02
9.119425700000000461e+02,1.220661599999999964e+02
7.386617432293611500e+02,2.610962999999999852e+02
7.388948229372197147e+02,2.610962999999999852e+02
7.391371405603287030e+02,2.610962999999999852e+02
9.109045999999999594e+02,1.193326399999999978e+02
7.396125378912961423e+02,2.610962999999999852e+02
7.398459729035873806e+02,2.610962999999999852e+02
7.400879352222636953e+02,2.610962999999999852e+02
9.098718999999999824e+02,1.174968259999999987e+02
7.405633325532311346e+02,3.653136000000000081e+02
7.407971228699550466e+02,3.653136000000000081e+02
7.410387298841986876e+02,3.653136000000000081e+02
9.088337000000000216e+02,1.156513700000000000e+02
7.415141272151661269e+02,3.653136000000000081e+02
7.417482728363228262e+02,3.653136000000000081e+02
7.419895245461336799e+02,3.653136000000000081e+02
9.077909499999999525e+02,1.137977300000000014e+02
7.424649218771011192e+02,3.670947300000000268e+02
7.426994228026904921e+02,3.670947300000000268e+02
7.429403192080686722e+02,3.670947300000000268e+02
9.067533600000000433e+02,1.127163099999999929e+02
7.434157165390362252e+02,3.670947300000000268e+02
7.436505727690582717e+02,2.613123800000000188e+02
7.438911138700036645e+02,2.613123800000000188e+02
9.047400000000000091e+02,1.127163099999999929e+02
7.443665112009712175e+02,2.613123800000000188e+02
7.446017227354259376e+02,2.613123800000000188e+02
7.448419085319386568e+02,2.613123800000000188e+02
9.021612999999999829e+02,1.127163099999999929e+02
7.453173058629062098e+02,3.689497000000000071e+02
7.455528727017937172e+02,3.689497000000000071e+02
7.457927031938736491e+02,3.689497000000000071e+02
8.995793999999999642e+02,1.127163099999999929e+02
7.462681005248412021e+02,3.703101800000000026e+02
7.465040226681613831e+02,3.703101800000000026e+02
7.467434978558086414e+02,3.703101800000000026e+02
8.968706700000000183e+02,1.137913800000000037e+02
7.472188951867761944e+02,2.631440400000000182e+02
7.474551726345290490e+02,2.631440400000000182e+02
7.476942925177436337e+02,2.631440400000000182e+02
8.943345299999999725e+02,1.155904539999999940e+02
7.481696898487111866e+02,3.699010000000000105e+02
7.484063226008968286e+02,3.699010000000000105e+02
7.486450871796786259e+02,3.699010000000000105e+02
8.922935999999999694e+02,1.166201200000000000e+02
7.491204845106461789e+02,3.699010000000000105e+02
7.493574725672644945e+02,3.699010000000000105e+02
7.495958818416137319e+02,3.699010000000000105e+02
8.902723999999999478e+02,1.171588100000000026e+02
7.500712791725811712e+02,2.649799800000000118e+02
7.503086225336322741e+02,2.649799800000000118e+02
7.505466765035487242e+02,2.649799800000000118e+02
8.882192400000000134e+02,1.184643549999999976e+02
7.510220738345161635e+02,2.649799800000000118e+02
7.512597724999999400e+02,2.649799800000000118e+02
7.514974711654837165e+02,2.649799800000000118e+02
8.863290399999999636e+02,1.194454350000000034e+02
7.519728684964511558e+02,2.677154499999999757e+02
7.522109224663676059e+02,2.677154499999999757e+02
7.524482658274187088e+02,2.677154499999999757e+02
8.837674600000000282e+02,1.212593999999999994e+02
7.529236631583861481e+02,2.677154499999999757e+02
7.531620724327353855e+02,2.677154499999999757e+02
7.533990604893537011e+02,2.677154499999999757e+02
8.811050999999999931e+02,1.237762450000000030e+02
7.538744578203211404e+02,2.677154499999999757e+02
7.541132223991030514e+02,3.712707500000000209e+02
7.543498551512886934e+02,3.712707500000000209e+02
8.784817000000000462e+02,1.258720699999999937e+02
7.548252524822562464e+02,3.712707500000000209e+02
7.550643723654708310e+02,3.712707500000000209e+02
7.553006498132236857e+02,3.712707500000000209e+02
8.743671000000000504e+02,1.319543500000000051e+02
7.557760471441912387e+02,3.712707500000000209e+02
7.560155223318384969e+02,3.712707500000000209e+02
7.562514444751586780e+02,3.712707500000000209e+02
8.722342499999999745e+02,1.374868199999999945e+02
7.567268418061262309e+02,3.712707500000000209e+02
7.569666722982061628e+02,2.704583700000000022e+02
7.572022391370936703e+02,2.704583700000000022e+02
8.701539000000000215e+02,1.421453899999999919e+02
7.576776364680612232e+02,2.704583700000000022e+02
7.579178222645739424e+02,2.704583700000000022e+02
7.581530337990286625e+02,2.704583700000000022e+02
8.670286999999999580e+02,1.467760000000000105e+02
7.586284311299962155e+02,3.721591799999999921e+02
7.588689722309416084e+02,3.721591799999999921e+02
7.591038284609636548e+02,3.721591799999999921e+02
8.638982999999999493e+02,1.514518999999999949e+02
7.595792257919312078e+02,3.721591799999999921e+02
7.598201221973093880e+02,3.721591799999999921e+02
7.600546231228986471e+02,3.721591799999999921e+02
8.612952999999999975e+02,1.560791000000000111e+02
7.605300204538662001e+02,2.726997000000000071e+02
7.607712721636770539e+02,2.726997000000000071e+02
7.610054177848337531e+02,2.726997000000000071e+02
8.581720599999999877e+02,1.616308600000000126e+02
7.614808151158011924e+02,2.726997000000000071e+02
7.617224221300448335e+02,2.726997000000000071e+02
7.619562124467687454e+02,2.726997000000000071e+02
8.552685999999999922e+02,1.662862499999999955e+02
7.624316097777361847e+02,3.545214799999999968e+02
7.626735720964124994e+02,3.545214799999999968e+02
7.629070071087037377e+02,3.545214799999999968e+02
8.527051000000000158e+02,1.704604500000000087e+02
7.633824044396711770e+02,3.721591799999999921e+02
7.636247220627801653e+02,3.721591799999999921e+02
7.638578017706387300e+02,3.721591799999999921e+02
8.506147999999999456e+02,1.736552700000000016e+02
7.643331991016061693e+02,2.760090299999999957e+02
7.645758720291479449e+02,2.760090299999999957e+02
7.648085964325737223e+02,2.760090299999999957e+02
8.485412999999999784e+02,1.763865999999999872e+02
7.652839937635411616e+02,2.760090299999999957e+02
7.655270219955156108e+02,2.760090299999999957e+02
7.657593910945087146e+02,2.760090299999999957e+02
8.452336400000000367e+02,1.801875000000000000e+02
7.662347884254762675e+02,3.721591799999999921e+02
7.664781719618833904e+02,3.721591799999999921e+02
7.667101857564437069e+02,3.721591799999999921e+02
8.414817000000000462e+02,1.868570599999999899e+02
7.671855830874112598e+02,2.787464600000000132e+02
7.674293219282510563e+02,2.787464600000000132e+02
7.676609804183786991e+02,2.787464600000000132e+02
8.388052999999999884e+02,1.916144999999999925e+02
7.681363777493462521e+02,2.787464600000000132e+02
7.683804718946187222e+02,2.787464600000000132e+02
7.686117750803136914e+02,2.787464600000000132e+02
8.367336400000000367e+02,1.961605199999999911e+02
7.690871724112812444e+02,3.721591799999999921e+02
7.693316218609865018e+02,3.721591799999999921e+02
7.695625697422486837e+02,2.814572800000000257e+02
8.346468999999999596e+02,2.008359399999999937e+02
7.700379670732162367e+02,2.814572800000000257e+02
7.702827718273541677e+02,2.814572800000000257e+02
7.705133644041836760e+02,2.814572800000000257e+02
8.326011399999999867e+02,2.062908999999999935e+02
7.709887617351512290e+02,2.833401999999999816e+02
7.712339217937219473e+02,2.833401999999999816e+02
7.714641590661186683e+02,2.833401999999999816e+02
8.304265000000000327e+02,2.112007999999999868e+02
7.719395563970862213e+02,3.730477300000000014e+02
7.721850717600896132e+02,3.730477300000000014e+02
7.724149537280537743e+02,3.730477300000000014e+02
8.296047999999999547e+02,2.152603799999999978e+02
7.728903510590212136e+02,2.868544999999999732e+02
7.731362217264573928e+02,2.868544999999999732e+02
7.733657483899887666e+02,2.868544999999999732e+02
8.278370999999999640e+02,2.212148400000000095e+02
7.738411457209562059e+02,2.868544999999999732e+02
7.740873716928250587e+02,2.868544999999999732e+02
7.743165430519237589e+02,2.868544999999999732e+02
8.267565299999999979e+02,2.254711900000000071e+02
7.747919403828911982e+02,3.738985599999999749e+02
7.750385216591927247e+02,3.738985599999999749e+02
7.752673377138587512e+02,3.738985599999999749e+02
8.257090500000000475e+02,2.300421100000000081e+02
7.757427350448261905e+02,2.880637199999999893e+02
7.759896716255605043e+02,2.880637199999999893e+02
7.762181323757937434e+02,2.880637199999999893e+02
8.254064300000000003e+02,2.342778299999999945e+02
7.766935297067611828e+02,3.401950699999999870e+02
7.769408215919281702e+02,3.739362800000000107e+02
7.771689270377287357e+02,3.739362800000000107e+02
8.252092000000000098e+02,2.398134799999999984e+02
7.776443243686962887e+02,2.898847700000000032e+02
7.778919715582959498e+02,2.898847700000000032e+02
7.781197216996637280e+02,2.898847700000000032e+02
8.247093499999999722e+02,2.453621799999999951e+02
7.785951190306312810e+02,3.739362800000000107e+02
7.788431215246636157e+02,3.739362800000000107e+02
7.790705163615987203e+02,3.739362800000000107e+02
8.247093499999999722e+02,2.516524699999999939e+02
7.795459136925662733e+02,3.739362800000000107e+02
7.797942714910312816e+02,3.739362800000000107e+02
7.800213110235337126e+02,3.739362800000000107e+02
8.242095299999999725e+02,2.573443599999999947e+02
7.804967083545012656e+02,3.739362800000000107e+02
7.807454214573990612e+02,2.929743700000000217e+02
7.809721056854687049e+02,2.929743700000000217e+02
8.237099600000000237e+02,2.637604999999999791e+02
7.814475030164362579e+02,3.739362800000000107e+02
7.816965714237667271e+02,3.739362800000000107e+02
7.819229003474036972e+02,3.739362800000000107e+02
8.226693000000000211e+02,2.701985999999999990e+02
7.823982976783712502e+02,3.739362800000000107e+02
7.826477213901345067e+02,3.739362800000000107e+02
7.828736950093386895e+02,2.962826000000000022e+02
8.216227999999999838e+02,2.766674800000000118e+02
7.833490923403062425e+02,3.314087999999999852e+02
7.835988713565021726e+02,3.314087999999999852e+02
7.838244896712737955e+02,3.314087999999999852e+02
8.210969999999999800e+02,2.821373300000000199e+02
7.842998870022412348e+02,2.988555999999999813e+02
7.845500213228699522e+02,2.988555999999999813e+02
7.847752843332087878e+02,2.988555999999999813e+02
8.200240499999999884e+02,2.878587600000000180e+02
7.852506816641762271e+02,3.734429999999999836e+02
7.855011712892376181e+02,3.734429999999999836e+02
7.857260789951437800e+02,3.734429999999999836e+02
8.192111999999999625e+02,2.953748800000000188e+02
7.862014763261112194e+02,3.016433000000000106e+02
7.864523212556052840e+02,3.016433000000000106e+02
7.866768736570787723e+02,3.016433000000000106e+02
8.184759999999999991e+02,3.027522000000000162e+02
7.871522709880462116e+02,3.730477300000000014e+02
7.874034712219730636e+02,3.730477300000000014e+02
7.876276683190137646e+02,3.730477300000000014e+02
8.174361599999999726e+02,3.101456299999999828e+02
7.881030656499812039e+02,3.253781700000000114e+02
7.883546211883407295e+02,3.048836699999999951e+02
7.885784629809487569e+02,3.048836699999999951e+02
8.160905000000000200e+02,3.180566400000000158e+02
7.890538603119163099e+02,3.056671000000000049e+02
7.893057711547085091e+02,3.056671000000000049e+02
7.895292576428837492e+02,3.056671000000000049e+02
8.148613000000000284e+02,3.251640600000000063e+02
7.900046549738513022e+02,3.211207299999999805e+02
7.902569211210761750e+02,3.090964399999999728e+02
7.904800523048187415e+02,3.090964399999999728e+02
8.138206000000000131e+02,3.314110000000000014e+02
7.909554496357862945e+02,3.162772199999999998e+02
7.912080710874438410e+02,3.162772199999999998e+02
7.914308469667537338e+02,3.134194299999999771e+02
8.127809999999999491e+02,3.371461199999999963e+02
7.919062442977212868e+02,3.724082000000000221e+02
7.921592210538116205e+02,3.724082000000000221e+02
7.923816416286887261e+02,3.724082000000000221e+02
8.107690999999999804e+02,3.452590299999999957e+02
7.928570389596562791e+02,3.714294399999999996e+02
7.931103710201792865e+02,3.714294399999999996e+02
7.933324362906237184e+02,4.584612999999999943e+02
8.091924400000000333e+02,3.553754999999999882e+02
7.938078336215912714e+02,4.519852300000000014e+02
7.940615209865470661e+02,4.400440699999999765e+02
7.942832309525588244e+02,4.706004599999999982e+02
8.081789599999999609e+02,3.635919200000000160e+02
7.947586282835262637e+02,4.342481700000000160e+02
7.950126709529147320e+02,4.342481700000000160e+02
7.952340256144938166e+02,3.703822000000000116e+02
8.065148000000000366e+02,3.730499300000000176e+02
7.957094229454612559e+02,4.256449000000000069e+02
7.959638209192823979e+02,4.256449000000000069e+02
7.961848202764288089e+02,4.256449000000000069e+02
8.050846599999999853e+02,3.801990999999999872e+02
7.966602176073962482e+02,4.825715299999999957e+02
7.969149708856501775e+02,3.685843499999999722e+02
7.971356149383638012e+02,3.685843499999999722e+02
8.035207500000000209e+02,3.865289300000000026e+02
7.976110122693312405e+02,4.160557999999999765e+02
7.978661208520178434e+02,4.160557999999999765e+02
7.980864096002987935e+02,4.875527299999999968e+02
8.028045700000000124e+02,3.947910200000000032e+02
7.985618069312662328e+02,4.912484000000000037e+02
7.988172708183856230e+02,4.912484000000000037e+02
7.990372042622337858e+02,4.912484000000000037e+02
8.009750000000000227e+02,4.054548300000000154e+02
7.995126015932012251e+02,3.677166700000000219e+02
7.997684207847532889e+02,3.677166700000000219e+02
7.999879989241687781e+02,3.677166700000000219e+02
7.978668000000000120e+02,4.160557999999999765e+02
8.004633962551363311e+02,4.949352999999999838e+02
8.007195707511210685e+02,4.949352999999999838e+02
8.009387935861037704e+02,4.054548300000000154e+02
7.960792000000000144e+02,4.256449000000000069e+02
8.014141909170713234e+02,4.971421000000000276e+02
8.016707207174887344e+02,4.974382299999999759e+02
8.018895882480387627e+02,4.974382299999999759e+02
7.948590000000000373e+02,4.342481700000000160e+02
8.023649855790063157e+02,3.657971200000000067e+02
8.026218706838564003e+02,4.981694299999999771e+02
8.028403829099737550e+02,3.947910200000000032e+02
7.942192999999999756e+02,4.400440699999999765e+02
8.033157802409413080e+02,3.865289300000000026e+02
8.035730206502241799e+02,3.865289300000000026e+02
8.037911775719087473e+02,3.865289300000000026e+02
7.937195000000000391e+02,4.455896000000000186e+02
8.042665749028763003e+02,5.000178199999999720e+02
8.045241706165918458e+02,5.000178199999999720e+02
8.047419722338437396e+02,5.000178199999999720e+02
7.937195000000000391e+02,4.519852300000000014e+02
8.052173695648112925e+02,3.801990999999999872e+02
8.054753205829596254e+02,3.648319000000000187e+02
8.056927668957788455e+02,3.648319000000000187e+02
7.932196000000000140e+02,4.584612999999999943e+02
8.061681642267462848e+02,5.001036399999999844e+02
8.064264705493272913e+02,3.730499300000000176e+02
8.066435615577138378e+02,3.730499300000000176e+02
7.937195000000000391e+02,4.650236800000000130e+02
8.071189588886812771e+02,3.635919200000000160e+02
8.073776205156949572e+02,3.635919200000000160e+02
8.075943562196488301e+02,3.635919200000000160e+02
7.943185999999999467e+02,4.706004599999999982e+02
8.080697535506162694e+02,3.635919200000000160e+02
8.083287704820627368e+02,5.001036399999999844e+02
8.085451508815838224e+02,5.001036399999999844e+02
7.953692999999999529e+02,4.769156500000000278e+02
8.090205482125512617e+02,3.629807000000000130e+02
8.092799204484304028e+02,3.553754999999999882e+02
8.094959455435188147e+02,3.553754999999999882e+02
7.964298999999999751e+02,4.825715299999999957e+02
8.099713428744862540e+02,5.001036399999999844e+02
8.102310704147981824e+02,5.001036399999999844e+02
8.104467402054538070e+02,5.001036399999999844e+02
7.979366499999999860e+02,4.875527299999999968e+02
8.109221375364212463e+02,3.452590299999999957e+02
8.111822203811658483e+02,3.452590299999999957e+02
8.113975348673887993e+02,3.452590299999999957e+02
7.992344399999999496e+02,4.912484000000000037e+02
8.118729321983563523e+02,3.611323199999999929e+02
8.121333703475336279e+02,3.611323199999999929e+02
8.123483295293237916e+02,3.611323199999999929e+02
8.005130000000000337e+02,4.949352999999999838e+02
8.128237268602913446e+02,3.371461199999999963e+02
8.130845203139012938e+02,5.001036399999999844e+02
8.132991241912587839e+02,5.001036399999999844e+02
8.015502999999999929e+02,4.971421000000000276e+02
8.137745215222263369e+02,3.314110000000000014e+02
8.140356702802689597e+02,3.592844200000000114e+02
8.142499188531937762e+02,3.592844200000000114e+02
8.017168599999999969e+02,4.974382299999999759e+02
8.147253161841613291e+02,3.251640600000000063e+02
8.149868202466367393e+02,3.251640600000000063e+02
8.152007135151287684e+02,3.251640600000000063e+02
8.026280500000000302e+02,4.981694299999999771e+02
8.156761108460963214e+02,5.001036399999999844e+02
8.159379702130044052e+02,5.001036399999999844e+02
8.161515081770637607e+02,3.180566400000000158e+02
8.046192600000000539e+02,5.000178199999999720e+02
8.166269055080313137e+02,3.574295700000000124e+02
8.168891201793721848e+02,3.574295700000000124e+02
8.171023028389988667e+02,3.574295700000000124e+02
8.061973000000000411e+02,5.001036399999999844e+02
8.175777001699663060e+02,3.101456299999999828e+02
8.178402701457398507e+02,3.101456299999999828e+02
8.180530975009338590e+02,3.101456299999999828e+02
8.082821699999999510e+02,5.001036399999999844e+02
8.185284948319012983e+02,3.027522000000000162e+02
8.187914201121075166e+02,5.001036399999999844e+02
8.190038921628688513e+02,2.953748800000000188e+02
8.104092399999999543e+02,5.001036399999999844e+02
8.194792894938362906e+02,2.878587600000000180e+02
8.197425700784752962e+02,2.878587600000000180e+02
8.199546868248038436e+02,2.878587600000000180e+02
8.131557999999999993e+02,5.001036399999999844e+02
8.204300841557712829e+02,3.546450199999999882e+02
8.206937200448429621e+02,3.546450199999999882e+02
8.209054814867388359e+02,3.546450199999999882e+02
8.160177999999999656e+02,5.001036399999999844e+02
8.213808788177062752e+02,2.766674800000000118e+02
8.216448700112107417e+02,2.766674800000000118e+02
8.218562761486738282e+02,2.766674800000000118e+02
8.187549999999999955e+02,5.001036399999999844e+02
8.223316734796412675e+02,2.701985999999999990e+02
8.225960199775784076e+02,2.701985999999999990e+02
8.228070708106088205e+02,2.701985999999999990e+02
8.211323999999999614e+02,5.001036399999999844e+02
8.232824681415763735e+02,2.637604999999999791e+02
8.235471699439460735e+02,2.637604999999999791e+02
8.237578654725438128e+02,2.637604999999999791e+02
8.242519499999999653e+02,5.001036399999999844e+02
8.242332628035113657e+02,5.001036399999999844e+02
8.244983199103138531e+02,2.516524699999999939e+02
8.247086601344788050e+02,2.516524699999999939e+02
8.269419599999999946e+02,5.001036399999999844e+02
8.251840574654463580e+02,2.398134799999999984e+02
8.254494698766815191e+02,2.342778299999999945e+02
8.256594547964137973e+02,2.300421100000000081e+02
8.303931999999999789e+02,4.994945000000000164e+02
8.261348521273813503e+02,2.254711900000000071e+02
8.264006198430492987e+02,2.254711900000000071e+02
8.266102494583487896e+02,2.254711900000000071e+02
8.342431599999999889e+02,4.976439199999999801e+02
8.270856467893163426e+02,5.001036399999999844e+02
8.273517698094169646e+02,5.001036399999999844e+02
8.275610441202837819e+02,5.001036399999999844e+02
8.383794599999999946e+02,4.949172399999999925e+02
8.280364414512513349e+02,3.490903299999999945e+02
8.283029197757847442e+02,3.490903299999999945e+02
8.285118387822188879e+02,3.490903299999999945e+02
8.430464500000000498e+02,4.922466999999999757e+02
8.289872361131863272e+02,2.152603799999999978e+02
8.292540697421524101e+02,2.152603799999999978e+02
8.294626334441538802e+02,2.152603799999999978e+02
8.482163000000000466e+02,4.894312699999999836e+02
8.299380307751213195e+02,3.472454799999999864e+02
8.302052197085200760e+02,3.472454799999999864e+02
8.304134281060888725e+02,2.112007999999999868e+02
8.522721000000000231e+02,4.858239699999999743e+02
8.308888254370563118e+02,2.112007999999999868e+02
8.311563696748878556e+02,2.112007999999999868e+02
8.313642227680238648e+02,2.112007999999999868e+02
8.576821999999999662e+02,4.830789800000000014e+02
8.318396200989913041e+02,3.454191999999999894e+02
8.321075196412555215e+02,3.454191999999999894e+02
8.323150174299588571e+02,3.454191999999999894e+02
8.634158300000000281e+02,4.791569799999999759e+02
8.327904147609262964e+02,2.062908999999999935e+02
8.330586696076233011e+02,2.062908999999999935e+02
8.332658120918938494e+02,2.062908999999999935e+02
8.681412000000000262e+02,4.763301999999999907e+02
8.337412094228612887e+02,4.976439199999999801e+02
8.340098195739909670e+02,4.976439199999999801e+02
8.342166067538288416e+02,4.976439199999999801e+02
8.712920000000000300e+02,4.739830299999999852e+02
8.346920040847963946e+02,2.008359399999999937e+02
8.349609695403586329e+02,3.435563999999999965e+02
8.351674014157638339e+02,3.435563999999999965e+02
8.739148599999999760e+02,4.721326999999999998e+02
8.356427987467313869e+02,1.961605199999999911e+02
8.359121195067264125e+02,1.961605199999999911e+02
8.361181960776988262e+02,1.961605199999999911e+02
8.765236999999999625e+02,4.697984599999999773e+02
8.365935934086663792e+02,1.961605199999999911e+02
8.368632694730940784e+02,3.417127699999999777e+02
8.370689907396338185e+02,3.417127699999999777e+02
8.788123000000000502e+02,4.675662800000000061e+02
8.375443880706013715e+02,4.949172399999999925e+02
8.378144194394618580e+02,4.949172399999999925e+02
8.380197854015688108e+02,4.949172399999999925e+02
8.808984000000000378e+02,4.650837399999999775e+02
8.384951827325363638e+02,4.949172399999999925e+02
8.387655694058295239e+02,1.916144999999999925e+02
8.389705800635038031e+02,3.398426499999999919e+02
8.833752399999999625e+02,4.622713600000000156e+02
8.394459773944713561e+02,3.398426499999999919e+02
8.397167193721973035e+02,3.398426499999999919e+02
8.399213747254389091e+02,3.398426499999999919e+02
8.855433000000000447e+02,4.593625499999999988e+02
8.403967720564063484e+02,3.380029299999999921e+02
8.406678693385649694e+02,3.380029299999999921e+02
8.408721693873739014e+02,3.380029299999999921e+02
8.885810500000000047e+02,4.557740499999999884e+02
8.413475667183413407e+02,3.380029299999999921e+02
8.416190193049326354e+02,1.868570599999999899e+02
8.418229640493088937e+02,1.868570599999999899e+02
8.907142999999999802e+02,4.538780499999999734e+02
8.422983613802763330e+02,4.922466999999999757e+02
8.425701692713004149e+02,4.922466999999999757e+02
8.427737587112438860e+02,4.922466999999999757e+02
8.928061000000000149e+02,4.511303700000000276e+02
8.432491560422113253e+02,4.922466999999999757e+02
8.435213192376680809e+02,4.922466999999999757e+02
8.437245533731788782e+02,4.922466999999999757e+02
8.955027499999999918e+02,4.492715999999999781e+02
8.441999507041463175e+02,3.356928700000000276e+02
8.444724692040358605e+02,3.356928700000000276e+02
8.446753480351138705e+02,3.356928700000000276e+02
8.974714999999999918e+02,4.462855200000000195e+02
8.451507453660813098e+02,1.801875000000000000e+02
8.454236191704035264e+02,1.801875000000000000e+02
8.456261426970488628e+02,1.801875000000000000e+02
8.993447999999999638e+02,4.438439999999999941e+02
8.461015400280164158e+02,3.330901000000000067e+02
8.463747691367711923e+02,3.330901000000000067e+02
8.465769373589838551e+02,3.330901000000000067e+02
9.015661999999999807e+02,4.410101300000000037e+02
8.470523346899514081e+02,3.294520299999999793e+02
8.473259191031389719e+02,3.294520299999999793e+02
8.475277320209188474e+02,3.294520299999999793e+02
9.041807999999999765e+02,4.370247800000000211e+02
8.480031293518864004e+02,4.894312699999999836e+02
8.482770690695066378e+02,4.894312699999999836e+02
8.484785266828538397e+02,1.763865999999999872e+02
9.059669000000000096e+02,4.342337600000000180e+02
8.489539240138213927e+02,3.266994599999999878e+02
8.492282190358744174e+02,3.266994599999999878e+02
8.494293213447888320e+02,3.266994599999999878e+02
9.083305000000000291e+02,4.305369999999999777e+02
8.499047186757563850e+02,1.736552700000000016e+02
8.501793690022420833e+02,1.736552700000000016e+02
8.503801160067238243e+02,1.736552700000000016e+02
9.105487000000000535e+02,4.274823000000000093e+02
8.508555133376913773e+02,1.736552700000000016e+02
8.511305189686097492e+02,3.223160399999999868e+02
8.513309106686589303e+02,3.223160399999999868e+02
9.134941400000000158e+02,4.240234399999999937e+02
8.518063079996263696e+02,4.858239699999999743e+02
8.520816689349775288e+02,4.858239699999999743e+02
8.522817053305939226e+02,4.858239699999999743e+02
9.160687000000000353e+02,4.203355700000000184e+02
8.527571026615613619e+02,1.704604500000000087e+02
8.530328189013451947e+02,1.704604500000000087e+02
8.532324999925289148e+02,1.704604500000000087e+02
9.186512999999999920e+02,4.166331799999999816e+02
8.537078973234963541e+02,3.182556000000000154e+02
8.539839688677129743e+02,3.182556000000000154e+02
8.541832946544639071e+02,3.182556000000000154e+02
9.217789299999999457e+02,4.129405499999999734e+02
8.546586919854313464e+02,3.144290799999999990e+02
8.549351188340806402e+02,3.144290799999999990e+02
8.551340893163988994e+02,3.144290799999999990e+02
9.254559000000000424e+02,4.092281500000000278e+02
8.556094866473663387e+02,3.107451199999999858e+02
8.558862688004484198e+02,3.107451199999999858e+02
8.560848839783338917e+02,3.107451199999999858e+02
9.290874599999999646e+02,4.055562699999999836e+02
8.565602813093014447e+02,3.070430999999999813e+02
8.568374187668160857e+02,3.070430999999999813e+02
8.570356786402688840e+02,3.070430999999999813e+02
9.316427999999999656e+02,4.018136000000000081e+02
8.575110759712364370e+02,4.830789800000000014e+02
8.577885687331837516e+02,4.830789800000000014e+02
8.579864733022038763e+02,1.616308600000000126e+02
9.341024999999999636e+02,3.980525000000000091e+02
8.584618706331714293e+02,3.042457299999999805e+02
8.587397186995515312e+02,3.042457299999999805e+02
8.589372679641388686e+02,3.042457299999999805e+02
9.368290399999999636e+02,3.953714600000000132e+02
8.594126652951064216e+02,3.006483200000000124e+02
8.596908686659191972e+02,3.006483200000000124e+02
8.598880626260738609e+02,3.006483200000000124e+02
9.399541000000000395e+02,3.916680999999999813e+02
8.603634599570414139e+02,2.972595200000000091e+02
8.606420186322869768e+02,2.972595200000000091e+02
8.608388572880088532e+02,2.972595200000000091e+02
9.430692000000000235e+02,3.879764400000000251e+02
8.613142546189764062e+02,1.560791000000000111e+02
8.615931685986546427e+02,1.560791000000000111e+02
8.617896519499438455e+02,1.560791000000000111e+02
9.463360999999999876e+02,3.843027299999999968e+02
8.622650492809113985e+02,2.945348999999999933e+02
8.625443185650223086e+02,2.945348999999999933e+02
8.627404466118789514e+02,2.945348999999999933e+02
9.494162599999999657e+02,3.806044999999999732e+02
8.632158439428463907e+02,4.791569799999999759e+02
8.634954685313900882e+02,4.791569799999999759e+02
8.636912412738139437e+02,4.791569799999999759e+02
9.519910999999999603e+02,3.769160200000000032e+02
8.641666386047813830e+02,2.917977300000000014e+02
8.644466184977577541e+02,2.917977300000000014e+02
8.646420359357489360e+02,2.917977300000000014e+02
9.549945999999999913e+02,3.732008000000000152e+02
8.651174332667163753e+02,2.887029999999999745e+02
8.653977684641255337e+02,2.887029999999999745e+02
8.655928305976839283e+02,2.887029999999999745e+02
9.591540499999999838e+02,3.695040300000000002e+02
8.660682279286513676e+02,2.858725600000000213e+02
8.663489184304931996e+02,2.858725600000000213e+02
8.665436252596189206e+02,2.858725600000000213e+02
9.628069000000000415e+02,3.658131000000000199e+02
8.670190225905863599e+02,1.467760000000000105e+02
8.673000683968609792e+02,1.467760000000000105e+02
8.674944199215539129e+02,1.467760000000000105e+02
9.648304399999999532e+02,3.631259800000000268e+02
8.679698172525214659e+02,2.822330299999999852e+02
8.682512183632286451e+02,4.763301999999999907e+02
8.684452145834889052e+02,4.763301999999999907e+02
9.675615000000000236e+02,3.612610000000000241e+02
8.689206119144564582e+02,2.782662399999999820e+02
8.692023683295963110e+02,2.782662399999999820e+02
8.693960092454238975e+02,2.782662399999999820e+02
9.706716300000000501e+02,3.594182000000000130e+02
8.698714065763914505e+02,2.782662399999999820e+02
8.701535182959640906e+02,1.421453899999999919e+02
8.703468039073588898e+02,1.421453899999999919e+02
9.734438499999999976e+02,3.577755000000000223e+02
8.708222012383264428e+02,4.739830299999999852e+02
8.711046682623317565e+02,4.739830299999999852e+02
8.712975985692938821e+02,4.739830299999999852e+02
9.763594000000000506e+02,3.557519500000000221e+02
8.717729959002614351e+02,1.374868199999999945e+02
8.720558182286995361e+02,1.374868199999999945e+02
8.722483932312288744e+02,1.374868199999999945e+02
9.801980999999999540e+02,3.539273699999999963e+02
8.727237905621964273e+02,2.728224000000000160e+02
8.730069681950672020e+02,2.728224000000000160e+02
8.731991878931638666e+02,2.728224000000000160e+02
9.840823000000000320e+02,3.520644500000000221e+02
8.736745852241314196e+02,4.721326999999999998e+02
8.739581181614348679e+02,4.721326999999999998e+02
8.741499825550989726e+02,4.721326999999999998e+02
9.863491000000000213e+02,3.508350800000000049e+02
8.746253798860664119e+02,2.678955000000000268e+02
8.749092681278026475e+02,2.678955000000000268e+02
8.751007772170339649e+02,2.678955000000000268e+02
9.883998000000000275e+02,3.508350800000000049e+02
8.755761745480014042e+02,4.697984599999999773e+02
8.758604180941703135e+02,4.697984599999999773e+02
8.760515718789689572e+02,4.697984599999999773e+02
9.905071000000000367e+02,3.508350800000000049e+02
8.765269692099363965e+02,4.697984599999999773e+02
8.768115680605380931e+02,2.644550800000000095e+02
8.770023665409039495e+02,2.644550800000000095e+02
9.921199000000000296e+02,3.508350800000000049e+02
8.774777638718713888e+02,2.620858200000000124e+02
8.777627180269057590e+02,2.620858200000000124e+02
8.779531612028389418e+02,2.620858200000000124e+02
9.931517300000000432e+02,3.508350800000000049e+02
8.784285585338063811e+02,1.258720699999999937e+02
8.787138679932734249e+02,4.675662800000000061e+02
8.789039558647739341e+02,4.675662800000000061e+02
9.931545399999999972e+02,3.508350800000000049e+02
8.793793531957414871e+02,2.551956800000000101e+02
8.796650179596412045e+02,2.551956800000000101e+02
8.798547505267089264e+02,2.551956800000000101e+02
9.937838000000000420e+02,3.519535999999999945e+02
8.803301478576764794e+02,4.650837399999999775e+02
8.806161679260088704e+02,4.650837399999999775e+02
8.808055451886439187e+02,4.650837399999999775e+02
9.948437500000000000e+02,3.547263199999999870e+02
8.812809425196114717e+02,1.237762450000000030e+02
8.815673178923766500e+02,2.513828100000000063e+02
8.817563398505789110e+02,2.513828100000000063e+02
9.951539299999999457e+02,3.568686500000000024e+02
8.822317371815464639e+02,2.486801800000000071e+02
8.825184678587443159e+02,2.486801800000000071e+02
8.827071345125139032e+02,2.486801800000000071e+02
9.951539299999999457e+02,3.605662800000000061e+02
8.831825318434814562e+02,2.486801800000000071e+02
8.834696178251120955e+02,4.622713600000000156e+02
8.836579291744488955e+02,1.212593999999999994e+02
9.951539299999999457e+02,3.633758500000000140e+02
8.841333265054164485e+02,1.212593999999999994e+02
8.844207677914797614e+02,1.212593999999999994e+02
8.846087238363838878e+02,1.212593999999999994e+02
9.951539299999999457e+02,3.670473600000000260e+02
8.850841211673514408e+02,4.593625499999999988e+02
8.853719177578474273e+02,4.593625499999999988e+02
8.855595184983189938e+02,4.593625499999999988e+02
9.948028600000000097e+02,3.707415799999999990e+02
8.860349158292864331e+02,1.194454350000000034e+02
8.863230677242152069e+02,1.194454350000000034e+02
8.865103131602539861e+02,1.194454350000000034e+02
9.937582999999999629e+02,3.751591799999999921e+02
8.869857104912214254e+02,2.415334499999999878e+02
8.872742176905828728e+02,2.415334499999999878e+02
8.874611078221889784e+02,2.415334499999999878e+02
9.922875999999999976e+02,3.799199199999999905e+02
8.879365051531564177e+02,1.184643549999999976e+02
8.882253676569506524e+02,1.184643549999999976e+02
8.884119024841239707e+02,2.375474900000000105e+02
9.907101999999999862e+02,3.836123000000000047e+02
8.888872998150914100e+02,4.557740499999999884e+02
8.891765176233183183e+02,4.557740499999999884e+02
8.893626971460589630e+02,4.557740499999999884e+02
9.891439000000000306e+02,3.863965999999999781e+02
8.898380944770264023e+02,2.338554699999999968e+02
8.901276675896859842e+02,2.338554699999999968e+02
8.903134918079939553e+02,1.171588100000000026e+02
9.880978000000000065e+02,3.891444000000000187e+02
8.907888891389615083e+02,4.538780499999999734e+02
8.910788175560537638e+02,4.538780499999999734e+02
8.912642864699289476e+02,4.538780499999999734e+02
9.865457999999999856e+02,3.929889999999999759e+02
8.917396838008965005e+02,2.301057099999999878e+02
8.920299675224214297e+02,1.166201200000000000e+02
8.922150811318639398e+02,1.166201200000000000e+02
9.843674300000000130e+02,3.978104200000000219e+02
8.926904784628314928e+02,2.273105500000000063e+02
8.929811174887892093e+02,4.511303700000000276e+02
8.931658757937989321e+02,4.511303700000000276e+02
9.826679699999999684e+02,4.036744400000000041e+02
8.936412731247664851e+02,2.226998299999999915e+02
8.939322674551568753e+02,2.226998299999999915e+02
8.941166704557339244e+02,2.200794699999999864e+02
9.812308299999999690e+02,4.075706799999999816e+02
8.945920677867014774e+02,2.173292199999999923e+02
8.948834174215246549e+02,2.173292199999999923e+02
8.950674651176689167e+02,2.173292199999999923e+02
9.799073499999999513e+02,4.125943599999999947e+02
8.955428624486364697e+02,4.492715999999999781e+02
8.958345673878923208e+02,2.133738999999999919e+02
8.960182597796039090e+02,2.133738999999999919e+02
9.783700000000000045e+02,4.181270799999999781e+02
8.964936571105714620e+02,1.137913800000000037e+02
8.967857173542599867e+02,1.137913800000000037e+02
8.969690544415390150e+02,1.137913800000000037e+02
9.770075699999999870e+02,4.230744599999999878e+02
8.974444517725064543e+02,4.462855200000000195e+02
8.977368673206277663e+02,4.462855200000000195e+02
8.979198491034740073e+02,4.462855200000000195e+02
9.749239499999999907e+02,4.276666299999999978e+02
8.983952464344414466e+02,2.060076899999999966e+02
8.986880172869954322e+02,2.060076899999999966e+02
8.988706437654089996e+02,2.060076899999999966e+02
9.737535400000000436e+02,4.322479200000000219e+02
8.993460410963764389e+02,4.438439999999999941e+02
8.996391672533632118e+02,1.127163099999999929e+02
8.998214384273439919e+02,1.127163099999999929e+02
9.717701399999999694e+02,4.359384800000000268e+02
9.002968357583114312e+02,2.003930699999999945e+02
9.005903172197308777e+02,2.003930699999999945e+02
9.007722330892789842e+02,2.003930699999999945e+02
9.706795700000000124e+02,4.396225600000000213e+02
9.012476304202464235e+02,1.966977500000000134e+02
9.015414671860985436e+02,1.966977500000000134e+02
9.017230277512139764e+02,4.410101300000000037e+02
9.691391599999999471e+02,4.433217799999999897e+02
9.021984250821815294e+02,1.127163099999999929e+02
9.024926171524663232e+02,1.930018300000000124e+02
9.026738224131489687e+02,1.909940200000000061e+02
9.680883999999999787e+02,4.479461699999999951e+02
9.031492197441165217e+02,1.864896200000000022e+02
9.034437671188339891e+02,1.864896200000000022e+02
9.036246170750839610e+02,1.864896200000000022e+02
9.670562999999999647e+02,4.546603999999999814e+02
9.041000144060515140e+02,1.864896200000000022e+02
9.043949170852017687e+02,4.370247800000000211e+02
9.045754117370189533e+02,1.127163099999999929e+02
9.655081999999999880e+02,4.600606700000000160e+02
9.050508090679865063e+02,1.837482899999999972e+02
9.053460670515694346e+02,1.837482899999999972e+02
9.055262063989539456e+02,1.837482899999999972e+02
9.645951999999999771e+02,4.630302699999999732e+02
9.060016037299214986e+02,4.342337600000000180e+02
9.062972170179371005e+02,1.800355199999999911e+02
9.064770010608889379e+02,1.800355199999999911e+02
9.640529999999999973e+02,4.667350999999999885e+02
9.069523983918564909e+02,1.127163099999999929e+02
9.072483669843048801e+02,1.761023000000000138e+02
9.074277957228240439e+02,1.761023000000000138e+02
9.631643000000000256e+02,4.717188699999999812e+02
9.079031930537914832e+02,1.137977300000000014e+02
9.081995169506725460e+02,1.717350999999999885e+02
9.083785903847590362e+02,4.305369999999999777e+02
9.631643000000000256e+02,4.762817400000000134e+02
9.088539877157264755e+02,1.156513700000000000e+02
9.091506669170403256e+02,1.643295899999999961e+02
9.093293850466940285e+02,1.643295899999999961e+02
9.631643000000000256e+02,4.802497599999999807e+02
9.098047823776614678e+02,1.174968259999999987e+02
9.101018168834079916e+02,1.615302700000000016e+02
9.102801797086290208e+02,1.615302700000000016e+02
9.631643000000000256e+02,4.819535999999999945e+02
9.107555770395964601e+02,1.193326399999999978e+02
9.110529668497757712e+02,1.193326399999999978e+02
9.112309743705640130e+02,1.193326399999999978e+02
9.631643000000000256e+02,4.839649699999999939e+02
9.117063717015314523e+02,1.578497299999999939e+02
9.120041168161434371e+02,1.220661599999999964e+02
9.121817690324990053e+02,1.220661599999999964e+02
9.631643000000000256e+02,4.849991499999999860e+02
9.126571663634664446e+02,1.320341799999999921e+02
9.129552667825111030e+02,1.291861600000000010e+02
9.131325636944339976e+02,1.291861600000000010e+02
9.631643000000000256e+02,4.849991499999999860e+02
9.136079610254015506e+02,4.240234399999999937e+02
9.139064167488788826e+02,4.240234399999999937e+02
9.140833583563689899e+02,4.240234399999999937e+02
9.637042000000000144e+02,4.849991499999999860e+02
9.145587556873365429e+02,4.203355700000000184e+02
9.148575667152465485e+02,4.203355700000000184e+02
9.150341530183039822e+02,4.203355700000000184e+02
9.641986000000000558e+02,4.849991499999999860e+02
9.155095503492715352e+02,4.203355700000000184e+02
9.158087166816143281e+02,4.203355700000000184e+02
9.159849476802389745e+02,4.203355700000000184e+02
9.649138000000000375e+02,4.849991499999999860e+02
9.164603450112065275e+02,4.203355700000000184e+02
9.167598666479819940e+02,4.203355700000000184e+02
9.169357423421739668e+02,4.203355700000000184e+02
9.669684999999999491e+02,4.849991499999999860e+02
9.174111396731415198e+02,4.166331799999999816e+02
9.177110166143496599e+02,4.166331799999999816e+02
9.178865370041089591e+02,4.166331799999999816e+02
9.690466300000000501e+02,4.849991499999999860e+02
9.183619343350765121e+02,4.166331799999999816e+02
9.186621665807174395e+02,4.166331799999999816e+02
9.188373316660440651e+02,4.166331799999999816e+02
9.713614499999999907e+02,4.845846000000000231e+02
9.193127289970115044e+02,4.166331799999999816e+02
9.196133165470851054e+02,4.166331799999999816e+02
9.197881263279790574e+02,4.166331799999999816e+02
9.752540000000000191e+02,4.827363300000000095e+02
9.202635236589464967e+02,4.129405499999999734e+02
9.205644665134528850e+02,4.129405499999999734e+02
9.207389209899140496e+02,4.129405499999999734e+02
9.785903299999999945e+02,4.808935500000000047e+02
9.212143183208814889e+02,4.129405499999999734e+02
9.215156164798205509e+02,4.129405499999999734e+02
9.216897156518490419e+02,4.129405499999999734e+02
9.817057999999999538e+02,4.790475999999999885e+02
9.221651129828164812e+02,4.129405499999999734e+02
9.224667664461883305e+02,4.129405499999999734e+02
9.226405103137840342e+02,4.129405499999999734e+02
9.848293499999999767e+02,4.771967799999999897e+02
9.231159076447514735e+02,4.129405499999999734e+02
9.234179164125559964e+02,4.129405499999999734e+02
9.235913049757190265e+02,4.129405499999999734e+02
9.879488499999999931e+02,4.745827600000000075e+02
9.240667023066864658e+02,4.092281500000000278e+02
9.243690663789236623e+02,4.092281500000000278e+02
9.245420996376540188e+02,4.092281500000000278e+02
9.910426999999999680e+02,4.717382799999999747e+02
9.250174969686215718e+02,4.092281500000000278e+02
9.253202163452914419e+02,4.092281500000000278e+02
9.254928942995890111e+02,4.092281500000000278e+02
9.941657999999999902e+02,4.698894000000000233e+02
9.259682916305565641e+02,4.092281500000000278e+02
9.262713663116591079e+02,4.092281500000000278e+02
9.264436889615240034e+02,4.092281500000000278e+02
9.977972399999999880e+02,4.661696800000000280e+02
9.269190862924915564e+02,4.092281500000000278e+02
9.272225162780268874e+02,4.092281500000000278e+02
9.273944836234589957e+02,4.092281500000000278e+02
1.002629999999999995e+03,4.624463000000000079e+02
9.278698809544265487e+02,4.055562699999999836e+02
9.281736662443945534e+02,4.055562699999999836e+02
9.283452782853939880e+02,4.055562699999999836e+02
1.006662230000000022e+03,4.587776000000000067e+02
9.288206756163615410e+02,4.055562699999999836e+02
9.291248162107622193e+02,4.055562699999999836e+02
9.292960729473289803e+02,4.055562699999999836e+02
1.010243159999999989e+03,4.549744999999999777e+02
9.297714702782965333e+02,4.055562699999999836e+02
9.300759661771299989e+02,4.055562699999999836e+02
9.302468676092640862e+02,4.055562699999999836e+02
1.013770499999999970e+03,4.504982999999999720e+02
9.307222649402315255e+02,4.018136000000000081e+02
9.310271161434976648e+02,4.018136000000000081e+02
9.311976622711990785e+02,4.018136000000000081e+02
1.017374149999999986e+03,4.455006000000000199e+02
9.316730596021665178e+02,4.018136000000000081e+02
9.319782661098654444e+02,4.018136000000000081e+02
9.321484569331340708e+02,4.018136000000000081e+02
1.020781860000000052e+03,4.394432400000000030e+02
9.326238542641015101e+02,3.980525000000000091e+02
9.329294160762331103e+02,3.980525000000000091e+02
9.330992515950690631e+02,3.980525000000000091e+02
1.025428200000000061e+03,4.320724000000000160e+02
9.335746489260365024e+02,3.980525000000000091e+02
9.338805660426008899e+02,3.980525000000000091e+02
9.340500462570040554e+02,3.980525000000000091e+02
1.030308500000000095e+03,4.246805400000000077e+02
9.345254435879714947e+02,3.980525000000000091e+02
9.348317160089685558e+02,3.980525000000000091e+02
9.350008409189390477e+02,3.980525000000000091e+02
1.036638400000000047e+03,4.172979700000000207e+02
9.354762382499064870e+02,3.953714600000000132e+02
9.357828659753362217e+02,3.953714600000000132e+02
9.359516355808740400e+02,3.953714600000000132e+02
1.041837199999999939e+03,4.099048999999999978e+02
9.364270329118415930e+02,3.953714600000000132e+02
9.367340159417040013e+02,3.953714600000000132e+02
9.369024302428090323e+02,3.953714600000000132e+02
1.048540299999999888e+03,4.016166999999999803e+02
9.373778275737765853e+02,3.953714600000000132e+02
9.376851659080716672e+02,3.953714600000000132e+02
9.378532249047440246e+02,3.953714600000000132e+02
1.054769199999999955e+03,3.942350999999999885e+02
9.383286222357115776e+02,3.916680999999999813e+02
9.386363158744394468e+02,3.916680999999999813e+02
9.388040195666790169e+02,3.916680999999999813e+02
1.060995499999999993e+03,3.868337399999999775e+02
9.392794168976465699e+02,3.916680999999999813e+02
9.395874658408071127e+02,3.916680999999999813e+02
9.397548142286140092e+02,3.916680999999999813e+02
1.066712500000000091e+03,3.775169700000000148e+02
9.402302115595815621e+02,3.916680999999999813e+02
9.405386158071747786e+02,3.916680999999999813e+02
9.407056088905490014e+02,3.916680999999999813e+02
1.073151000000000067e+03,3.679794999999999732e+02
9.411810062215165544e+02,3.916680999999999813e+02
9.414897657735425582e+02,3.916680999999999813e+02
9.416564035524841074e+02,3.916680999999999813e+02
1.079183600000000069e+03,3.608830600000000004e+02
9.421318008834515467e+02,3.879764400000000251e+02
9.424409157399102241e+02,3.879764400000000251e+02
9.426071982144190997e+02,3.879764400000000251e+02
1.084482700000000023e+03,3.550228299999999990e+02
9.430825955453865390e+02,3.879764400000000251e+02
9.433920657062780037e+02,3.879764400000000251e+02
9.435579928763540920e+02,3.879764400000000251e+02
1.089150399999999991e+03,3.499225000000000136e+02
9.440333902073215313e+02,3.879764400000000251e+02
9.443432156726456697e+02,3.879764400000000251e+02
9.445087875382890843e+02,3.879764400000000251e+02
1.092786000000000058e+03,3.462470700000000079e+02
9.449841848692565236e+02,3.843027299999999968e+02
9.452943656390133356e+02,3.843027299999999968e+02
9.454595822002240766e+02,3.843027299999999968e+02
1.095613200000000006e+03,3.425520000000000209e+02
9.459349795311915159e+02,3.843027299999999968e+02
9.462455156053811152e+02,3.843027299999999968e+02
9.464103768621590689e+02,3.843027299999999968e+02
1.099105199999999968e+03,3.388535200000000032e+02
9.468857741931265082e+02,3.843027299999999968e+02
9.471966655717487811e+02,3.843027299999999968e+02
9.473611715240940612e+02,3.843027299999999968e+02
1.101928000000000111e+03,3.351817599999999970e+02
9.478365688550616142e+02,3.806044999999999732e+02
9.481478155381165607e+02,3.806044999999999732e+02
9.483119661860290535e+02,3.806044999999999732e+02
1.104480299999999943e+03,3.314515400000000227e+02
9.487873635169966064e+02,3.806044999999999732e+02
9.490989655044842266e+02,3.806044999999999732e+02
9.492627608479640458e+02,3.806044999999999732e+02
1.106600500000000011e+03,3.286378199999999765e+02
9.497381581789315987e+02,3.806044999999999732e+02
9.500501154708520062e+02,3.806044999999999732e+02
9.502135555098990380e+02,3.806044999999999732e+02
1.108148599999999988e+03,3.267895500000000197e+02
9.506889528408665910e+02,3.769160200000000032e+02
9.510012654372196721e+02,3.769160200000000032e+02
9.511643501718340303e+02,3.769160200000000032e+02
1.109682999999999993e+03,3.259570299999999747e+02
9.516397475028015833e+02,3.769160200000000032e+02
9.519524154035873380e+02,3.769160200000000032e+02
9.521151448337690226e+02,3.769160200000000032e+02
1.110212399999999889e+03,3.259570299999999747e+02
9.525905421647365756e+02,3.769160200000000032e+02
9.529035653699551176e+02,3.769160200000000032e+02
9.530659394957041286e+02,3.769160200000000032e+02
1.110116500000000087e+03,3.259570299999999747e+02
9.535413368266715679e+02,3.732008000000000152e+02
9.538547153363227835e+02,3.732008000000000152e+02
9.540167341576391209e+02,3.732008000000000152e+02
1.110116500000000087e+03,3.259570299999999747e+02
9.544921314886065602e+02,3.732008000000000152e+02
9.548058653026905631e+02,3.732008000000000152e+02
9.549675288195741132e+02,3.732008000000000152e+02
1.110116500000000087e+03,3.272472000000000207e+02
9.554429261505415525e+02,3.732008000000000152e+02
9.557570152690582290e+02,3.732008000000000152e+02
9.559183234815091055e+02,3.732008000000000152e+02
1.110116500000000087e+03,3.290975300000000061e+02
9.563937208124765448e+02,3.732008000000000152e+02
9.567081652354258949e+02,3.732008000000000152e+02
9.568691181434440978e+02,3.732008000000000152e+02
1.109817999999999984e+03,3.314605700000000184e+02
9.573445154744115371e+02,3.695040300000000002e+02
9.576593152017936745e+02,3.695040300000000002e+02
9.578199128053790901e+02,3.695040300000000002e+02
1.109616600000000062e+03,3.342624500000000012e+02
9.582953101363465294e+02,3.695040300000000002e+02
9.586104651681613404e+02,3.695040300000000002e+02
9.587707074673140824e+02,3.695040300000000002e+02
1.108736200000000053e+03,3.370835000000000150e+02
9.592461047982816353e+02,3.695040300000000002e+02
9.595616151345291200e+02,3.695040300000000002e+02
9.597215021292490746e+02,3.695040300000000002e+02
1.107712899999999991e+03,3.407217999999999734e+02
9.601968994602166276e+02,3.695040300000000002e+02
9.605127651008967860e+02,3.695040300000000002e+02
9.606722967911840669e+02,3.695040300000000002e+02
1.106660300000000007e+03,3.444635000000000105e+02
9.611476941221516199e+02,3.658131000000000199e+02
9.614639150672645656e+02,3.658131000000000199e+02
9.616230914531190592e+02,3.658131000000000199e+02
1.105120100000000093e+03,3.508206799999999816e+02
9.620984887840866122e+02,3.658131000000000199e+02
9.624150650336322315e+02,3.658131000000000199e+02
9.625738861150540515e+02,3.658131000000000199e+02
1.103578099999999949e+03,3.563818400000000111e+02
9.630492834460216045e+02,4.849991499999999860e+02
9.633662149999998974e+02,4.849991499999999860e+02
9.635246807769890438e+02,4.849991499999999860e+02
1.102042099999999891e+03,3.610187999999999988e+02
9.640000781079565968e+02,4.667350999999999885e+02
9.643173649663676770e+02,4.849991499999999860e+02
9.644754754389241498e+02,4.630302699999999732e+02
1.100978399999999965e+03,3.666912800000000061e+02
9.649508727698915891e+02,4.849991499999999860e+02
9.652685149327353429e+02,4.600606700000000160e+02
9.654262701008591421e+02,4.600606700000000160e+02
1.099893199999999979e+03,3.724794999999999732e+02
9.659016674318265814e+02,4.600606700000000160e+02
9.662196648991031225e+02,4.600606700000000160e+02
9.663770647627941344e+02,4.600606700000000160e+02
1.096731299999999919e+03,3.785285600000000272e+02
9.668524620937615737e+02,4.849991499999999860e+02
9.671708148654707884e+02,4.546603999999999814e+02
9.673278594247291267e+02,4.546603999999999814e+02
1.094652499999999918e+03,3.836546599999999785e+02
9.678032567556965660e+02,3.612610000000000241e+02
9.681219648318384543e+02,4.479461699999999951e+02
9.682786540866641189e+02,4.479461699999999951e+02
1.093079500000000053e+03,3.873393599999999992e+02
9.687540514176315583e+02,4.849991499999999860e+02
9.690731147982062339e+02,4.849991499999999860e+02
9.692294487485991112e+02,4.433217799999999897e+02
1.091314599999999928e+03,3.919125999999999976e+02
9.697048460795666642e+02,3.594182000000000130e+02
9.700242647645738998e+02,3.594182000000000130e+02
9.701802434105341035e+02,3.594182000000000130e+02
1.089423000000000002e+03,3.956159700000000043e+02
9.706556407415016565e+02,3.594182000000000130e+02
9.709754147309416794e+02,4.396225600000000213e+02
9.711310380724690958e+02,4.396225600000000213e+02
1.087846099999999979e+03,4.008872000000000071e+02
9.716064354034366488e+02,4.359384800000000268e+02
9.719265646973093453e+02,4.359384800000000268e+02
9.720818327344040881e+02,4.359384800000000268e+02
1.086700100000000020e+03,4.056526000000000067e+02
9.725572300653716411e+02,3.577755000000000223e+02
9.728777146636770112e+02,3.577755000000000223e+02
9.730326273963390804e+02,3.577755000000000223e+02
1.085161299999999983e+03,4.118811000000000035e+02
9.735080247273066334e+02,3.577755000000000223e+02
9.738288646300447908e+02,4.322479200000000219e+02
9.739834220582740727e+02,4.322479200000000219e+02
1.083602200000000039e+03,4.193516799999999876e+02
9.744588193892416257e+02,4.276666299999999978e+02
9.747800145964124567e+02,4.276666299999999978e+02
9.749342167202090650e+02,4.276666299999999978e+02
1.081526100000000042e+03,4.257350000000000136e+02
9.754096140511766180e+02,4.827363300000000095e+02
9.757311645627802363e+02,4.827363300000000095e+02
9.758850113821441710e+02,4.827363300000000095e+02
1.080531500000000051e+03,4.313052999999999884e+02
9.763604087131116103e+02,3.557519500000000221e+02
9.766823145291479022e+02,3.557519500000000221e+02
9.768358060440791633e+02,3.557519500000000221e+02
1.079414999999999964e+03,4.368826999999999998e+02
9.773112033750466026e+02,4.230744599999999878e+02
9.776334644955156818e+02,4.230744599999999878e+02
9.777866007060141555e+02,4.230744599999999878e+02
1.078430699999999888e+03,4.403822000000000116e+02
9.782619980369815949e+02,4.181270799999999781e+02
9.785846144618833478e+02,4.808935500000000047e+02
9.787373953679491478e+02,4.808935500000000047e+02
1.078126800000000003e+03,4.427221700000000055e+02
9.792127926989165871e+02,4.125943599999999947e+02
9.795357644282510137e+02,4.125943599999999947e+02
9.796881900298841401e+02,4.125943599999999947e+02
1.078126800000000003e+03,4.445721399999999903e+02
9.801635873608515794e+02,3.539273699999999963e+02
9.804869143946187933e+02,3.539273699999999963e+02
9.806389846918191324e+02,3.539273699999999963e+02
1.077627099999999928e+03,4.464080799999999840e+02
9.811143820227866854e+02,4.075706799999999816e+02
9.814380643609864592e+02,4.075706799999999816e+02
9.815897793537541247e+02,4.790475999999999885e+02
1.077627099999999928e+03,4.482604999999999791e+02
9.820651766847216777e+02,4.036744400000000041e+02
9.823892143273542388e+02,4.036744400000000041e+02
9.825405740156891170e+02,4.036744400000000041e+02
1.077627099999999928e+03,4.501073000000000093e+02
9.830159713466566700e+02,4.036744400000000041e+02
9.833403642937219047e+02,4.036744400000000041e+02
9.834913686776241093e+02,4.036744400000000041e+02
1.077627099999999928e+03,4.528443599999999947e+02
9.839667660085916623e+02,3.520644500000000221e+02
9.842915142600895706e+02,3.978104200000000219e+02
9.844421633395591016e+02,3.978104200000000219e+02
1.077627099999999928e+03,4.563580299999999852e+02
9.849175606705266546e+02,4.771967799999999897e+02
9.852426642264573502e+02,4.771967799999999897e+02
9.853929580014940939e+02,4.771967799999999897e+02
1.077627099999999928e+03,4.591821299999999724e+02
9.858683553324616469e+02,3.508350800000000049e+02
9.861938141928250161e+02,3.508350800000000049e+02
9.863437526634290862e+02,3.508350800000000049e+02
1.077627099999999928e+03,4.628620599999999854e+02
9.868191499943966392e+02,3.929889999999999759e+02
9.871449641591927957e+02,3.929889999999999759e+02
9.872945473253641921e+02,3.929889999999999759e+02
1.077627099999999928e+03,4.665907000000000266e+02
9.877699446563316314e+02,4.745827600000000075e+02
9.880961141255604616e+02,3.891444000000000187e+02
9.882453419872991844e+02,3.891444000000000187e+02
1.078126800000000003e+03,4.703519299999999816e+02
9.887207393182666237e+02,3.508350800000000049e+02
9.890472640919282412e+02,3.863965999999999781e+02
9.891961366492341767e+02,3.863965999999999781e+02
1.079287199999999984e+03,4.740194000000000187e+02
9.896715339802016160e+02,3.508350800000000049e+02
9.899984140582959071e+02,3.508350800000000049e+02
9.901469313111691690e+02,3.508350800000000049e+02
1.079126600000000053e+03,4.768719500000000266e+02
9.906223286421366083e+02,3.836123000000000047e+02
9.909495640246635730e+02,4.717382799999999747e+02
9.910977259731041613e+02,4.717382799999999747e+02
1.079126600000000053e+03,4.791334200000000010e+02
9.915731233040716006e+02,3.508350800000000049e+02
9.919007139910313526e+02,3.508350800000000049e+02
9.920485206350391536e+02,3.508350800000000049e+02
1.079126600000000053e+03,4.810185500000000047e+02
9.925239179660067066e+02,3.799199199999999905e+02
9.928518639573990185e+02,3.508350800000000049e+02
9.929993152969741459e+02,3.508350800000000049e+02
1.079126600000000053e+03,4.821540499999999838e+02
9.934747126279416989e+02,3.751591799999999921e+02
9.938030139237667981e+02,3.519535999999999945e+02
9.939501099589091382e+02,3.519535999999999945e+02
1.079126600000000053e+03,4.832221700000000055e+02
9.944255072898766912e+02,4.698894000000000233e+02
9.947541638901344641e+02,3.707415799999999990e+02
9.949009046208441305e+02,3.547263199999999870e+02
1.079565800000000081e+03,4.832221700000000055e+02
9.953763019518116835e+02,3.670473600000000260e+02
9.957053138565021300e+02,3.670473600000000260e+02
9.958516992827791228e+02,3.670473600000000260e+02
1.080085299999999961e+03,4.840379599999999982e+02
9.963270966137466758e+02,4.661696800000000280e+02
9.966564638228699096e+02,4.661696800000000280e+02
9.968024939447141151e+02,4.661696800000000280e+02
1.080577500000000100e+03,4.849128400000000170e+02
9.972778912756816680e+02,4.661696800000000280e+02
9.976076137892375755e+02,4.661696800000000280e+02
9.977532886066491074e+02,4.661696800000000280e+02
1.081614900000000034e+03,4.858684000000000083e+02
9.982286859376166603e+02,4.661696800000000280e+02
9.985587637556053551e+02,4.661696800000000280e+02
9.987040832685842133e+02,4.661696800000000280e+02
1.082659799999999905e+03,4.868374000000000024e+02
9.991794805995516526e+02,4.661696800000000280e+02
9.995099137219730210e+02,4.661696800000000280e+02
9.996548779305192056e+02,4.661696800000000280e+02
1.083375199999999950e+03,4.867761199999999917e+02
1.000130275261486645e+03,4.624463000000000079e+02
1.000461063688340687e+03,4.624463000000000079e+02
1.000605672592454198e+03,4.624463000000000079e+02
1.084286700000000110e+03,4.876646700000000010e+02
1.001081069923421637e+03,4.624463000000000079e+02
1.001412213654708466e+03,4.624463000000000079e+02
1.001556467254389190e+03,4.624463000000000079e+02
1.085345000000000027e+03,4.876646700000000010e+02
1.002031864585356630e+03,4.624463000000000079e+02
1.002363363621076132e+03,4.624463000000000079e+02
1.002507261916324182e+03,4.624463000000000079e+02
1.086362000000000080e+03,4.876646700000000010e+02
1.002982659247291622e+03,4.624463000000000079e+02
1.003314513587443912e+03,4.624463000000000079e+02
1.003458056578259175e+03,4.624463000000000079e+02
1.087338999999999942e+03,4.876646700000000010e+02
1.003933453909226728e+03,4.624463000000000079e+02
1.004265663553811578e+03,4.624463000000000079e+02
1.004408851240194167e+03,4.624463000000000079e+02
1.088661000000000058e+03,4.876646700000000010e+02
1.004884248571161720e+03,4.587776000000000067e+02
1.005216813520179358e+03,4.587776000000000067e+02
1.005359645902129159e+03,4.587776000000000067e+02
1.089928799999999910e+03,4.876646700000000010e+02
1.005835043233096712e+03,4.587776000000000067e+02
1.006167963486547023e+03,4.587776000000000067e+02
1.006310440564064152e+03,4.587776000000000067e+02
1.090967399999999998e+03,4.876646700000000010e+02
1.006785837895031705e+03,4.587776000000000067e+02
1.007119113452914689e+03,4.587776000000000067e+02
1.007261235225999144e+03,4.587776000000000067e+02
1.092394999999999982e+03,4.876646700000000010e+02
1.007736632556966697e+03,4.587776000000000067e+02
1.008070263419282469e+03,4.587776000000000067e+02
1.008212029887934136e+03,4.587776000000000067e+02
1.093547700000000077e+03,4.876646700000000010e+02
1.008687427218901689e+03,4.549744999999999777e+02
1.009021413385650135e+03,4.549744999999999777e+02
1.009162824549869129e+03,4.549744999999999777e+02
1.094587899999999991e+03,4.876646700000000010e+02
1.009638221880836682e+03,4.549744999999999777e+02
1.009972563352017914e+03,4.549744999999999777e+02
1.010113619211804235e+03,4.549744999999999777e+02
1.096635600000000068e+03,4.858746300000000247e+02
1.010589016542771674e+03,4.549744999999999777e+02
1.010923713318385580e+03,4.549744999999999777e+02
1.011064413873739227e+03,4.549744999999999777e+02
1.098168300000000045e+03,4.840253999999999905e+02
1.011539811204706666e+03,4.549744999999999777e+02
1.011874863284753246e+03,4.549744999999999777e+02
1.012015208535674219e+03,4.549744999999999777e+02
1.100318600000000060e+03,4.821568599999999947e+02
1.012490605866641658e+03,4.504982999999999720e+02
1.012826013251121026e+03,4.504982999999999720e+02
1.012966003197609211e+03,4.504982999999999720e+02
1.102446899999999914e+03,4.781969000000000278e+02
1.013441400528576651e+03,4.504982999999999720e+02
1.013777163217488692e+03,4.504982999999999720e+02
1.013916797859544204e+03,4.504982999999999720e+02
1.104998000000000047e+03,4.745505400000000122e+02
1.014392195190511643e+03,4.504982999999999720e+02
1.014728313183856471e+03,4.504982999999999720e+02
1.014867592521479196e+03,4.504982999999999720e+02
1.107725500000000011e+03,4.709510500000000093e+02
1.015342989852446749e+03,4.455006000000000199e+02
1.015679463150224137e+03,4.455006000000000199e+02
1.015818387183414188e+03,4.455006000000000199e+02
1.110104399999999941e+03,4.672504999999999882e+02
1.016293784514381741e+03,4.455006000000000199e+02
1.016630613116591917e+03,4.455006000000000199e+02
1.016769181845349181e+03,4.455006000000000199e+02
1.112680000000000064e+03,4.635605499999999779e+02
1.017244579176316734e+03,4.455006000000000199e+02
1.017581763082959583e+03,4.455006000000000199e+02
1.017719976507284173e+03,4.455006000000000199e+02
1.114723999999999933e+03,4.599271200000000022e+02
1.018195373838251726e+03,4.455006000000000199e+02
1.018532913049327249e+03,4.455006000000000199e+02
1.018670771169219165e+03,4.455006000000000199e+02
1.116335399999999936e+03,4.555337999999999852e+02
1.019146168500186718e+03,4.394432400000000030e+02
1.019484063015695028e+03,4.394432400000000030e+02
1.019621565831154157e+03,4.394432400000000030e+02
1.117914299999999912e+03,4.508795200000000136e+02
1.020096963162121710e+03,4.394432400000000030e+02
1.020435212982062694e+03,4.394432400000000030e+02
1.020572360493089150e+03,4.394432400000000030e+02
1.120932399999999916e+03,4.419972999999999956e+02
1.021047757824056703e+03,4.394432400000000030e+02
1.021386362948430474e+03,4.394432400000000030e+02
1.021523155155024256e+03,4.394432400000000030e+02
1.123072599999999966e+03,4.362017799999999852e+02
1.021998552485991695e+03,4.394432400000000030e+02
1.022337512914798140e+03,4.394432400000000030e+02
1.022473949816959248e+03,4.394432400000000030e+02
1.126166099999999915e+03,4.288931999999999789e+02
1.022949347147926687e+03,4.320724000000000160e+02
1.023288662881165806e+03,4.320724000000000160e+02
1.023424744478894240e+03,4.320724000000000160e+02
1.128236599999999953e+03,4.214677699999999732e+02
1.023900141809861680e+03,4.320724000000000160e+02
1.024239812847533585e+03,4.320724000000000160e+02
1.024375539140829233e+03,4.320724000000000160e+02
1.129721199999999953e+03,4.170779999999999745e+02
1.024850936471796786e+03,4.320724000000000160e+02
1.025190962813901251e+03,4.320724000000000160e+02
1.025326333802764339e+03,4.320724000000000160e+02
1.131472700000000032e+03,4.120622599999999807e+02
1.025801731133731664e+03,4.320724000000000160e+02
1.026142112780269144e+03,4.320724000000000160e+02
1.026277128464699217e+03,4.320724000000000160e+02
1.133534499999999980e+03,4.065649399999999787e+02
1.026752525795666770e+03,4.320724000000000160e+02
1.027093262746636810e+03,4.320724000000000160e+02
1.027227923126634323e+03,4.320724000000000160e+02
1.136468000000000075e+03,4.008397199999999998e+02
1.027703320457601876e+03,4.246805400000000077e+02
1.028044412713004476e+03,4.246805400000000077e+02
1.028178717788569202e+03,4.246805400000000077e+02
1.140134600000000091e+03,3.943221399999999903e+02
1.028654115119536755e+03,4.246805400000000077e+02
1.028995562679372142e+03,4.246805400000000077e+02
1.029129512450504308e+03,4.246805400000000077e+02
1.144984899999999925e+03,3.870793499999999767e+02
1.029604909781471861e+03,4.246805400000000077e+02
1.029946712645739808e+03,4.246805400000000077e+02
1.030080307112439186e+03,4.246805400000000077e+02
1.149390599999999949e+03,3.802175300000000107e+02
1.030555704443406739e+03,4.246805400000000077e+02
1.030897862612107701e+03,4.246805400000000077e+02
1.031031101774374292e+03,4.246805400000000077e+02
1.154588299999999890e+03,3.737324199999999905e+02
1.031506499105341845e+03,4.246805400000000077e+02
1.031849012578475367e+03,4.246805400000000077e+02
1.031981896436309398e+03,4.246805400000000077e+02
1.159648100000000113e+03,3.681988499999999931e+02
1.032457293767276724e+03,4.246805400000000077e+02
1.032800162544843033e+03,4.246805400000000077e+02
1.032932691098244277e+03,4.246805400000000077e+02
1.164793100000000095e+03,3.626572300000000268e+02
1.033408088429211830e+03,4.172979700000000207e+02
1.033751312511210699e+03,4.172979700000000207e+02
1.033883485760179383e+03,4.172979700000000207e+02
1.169560799999999972e+03,3.571028999999999769e+02
1.034358883091146708e+03,4.172979700000000207e+02
1.034702462477578365e+03,4.172979700000000207e+02
1.034834280422114261e+03,4.172979700000000207e+02
1.173717699999999923e+03,3.533923300000000154e+02
1.035309677753081814e+03,4.172979700000000207e+02
1.035653612443946258e+03,4.172979700000000207e+02
1.035785075084049367e+03,4.172979700000000207e+02
1.177417200000000093e+03,3.496598999999999933e+02
1.036260472415016693e+03,4.172979700000000207e+02
1.036604762410313924e+03,4.172979700000000207e+02
1.036735869745984246e+03,4.172979700000000207e+02
1.181101799999999912e+03,3.459408000000000243e+02
1.037211267076951799e+03,4.172979700000000207e+02
1.037555912376681590e+03,4.172979700000000207e+02
1.037686664407919352e+03,4.172979700000000207e+02
1.185231399999999894e+03,3.422703999999999951e+02
1.038162061738886905e+03,4.172979700000000207e+02
1.038507062343049256e+03,4.172979700000000207e+02
1.038637459069854231e+03,4.172979700000000207e+02
1.188836199999999963e+03,3.389535000000000196e+02
1.039112856400821784e+03,4.099048999999999978e+02
1.039458212309416922e+03,4.099048999999999978e+02
1.039588253731789337e+03,4.099048999999999978e+02
1.192806299999999965e+03,3.367869999999999777e+02
1.040063651062756890e+03,4.099048999999999978e+02
1.040409362275784815e+03,4.099048999999999978e+02
1.040539048393724215e+03,4.099048999999999978e+02
1.199146600000000035e+03,3.343715799999999945e+02
1.041014445724691768e+03,4.099048999999999978e+02
1.041360512242152481e+03,4.099048999999999978e+02
1.041489843055659321e+03,4.099048999999999978e+02
1.204576900000000023e+03,3.325350300000000061e+02
1.041965240386626874e+03,4.099048999999999978e+02
1.042311662208520147e+03,4.099048999999999978e+02
1.042440637717594200e+03,4.099048999999999978e+02
1.210629799999999932e+03,3.308956299999999828e+02
1.042916035048561753e+03,4.099048999999999978e+02
1.043262812174887813e+03,4.099048999999999978e+02
1.043391432379529306e+03,4.099048999999999978e+02
1.216104100000000017e+03,3.303995400000000018e+02
1.043866829710496859e+03,4.099048999999999978e+02
1.044213962141255706e+03,4.099048999999999978e+02
1.044342227041464412e+03,4.099048999999999978e+02
1.220260600000000068e+03,3.303995400000000018e+02
1.044817624372431737e+03,4.099048999999999978e+02
1.045165112107623372e+03,4.099048999999999978e+02
1.045293021703399290e+03,4.099048999999999978e+02
1.223956699999999955e+03,3.303995400000000018e+02
1.045768419034366843e+03,4.016166999999999803e+02
1.046116262073991038e+03,4.016166999999999803e+02
1.046243816365334396e+03,4.016166999999999803e+02
1.228087399999999889e+03,3.303995400000000018e+02
1.046719213696301722e+03,4.016166999999999803e+02
1.047067412040358704e+03,4.016166999999999803e+02
1.047194611027269275e+03,4.016166999999999803e+02
1.231700900000000047e+03,3.303995400000000018e+02
1.047670008358236828e+03,4.016166999999999803e+02
1.048018562006726370e+03,4.016166999999999803e+02
1.048145405689204381e+03,4.016166999999999803e+02
1.235449499999999944e+03,3.303995400000000018e+02
1.048620803020171707e+03,4.016166999999999803e+02
1.048969711973094263e+03,4.016166999999999803e+02
1.049096200351139260e+03,4.016166999999999803e+02
1.238381000000000085e+03,3.303995400000000018e+02
1.049571597682106812e+03,4.016166999999999803e+02
1.049920861939461929e+03,4.016166999999999803e+02
1.050046995013074365e+03,4.016166999999999803e+02
1.241138200000000097e+03,3.303995400000000018e+02
1.050522392344041918e+03,4.016166999999999803e+02
1.050872011905829595e+03,4.016166999999999803e+02
1.050997789675009244e+03,4.016166999999999803e+02
1.244165999999999940e+03,3.321764999999999759e+02
1.051473187005976797e+03,3.942350999999999885e+02
1.051823161872197261e+03,3.942350999999999885e+02
1.051948584336944350e+03,3.942350999999999885e+02
1.246540899999999965e+03,3.321764999999999759e+02
1.052423981667911903e+03,3.942350999999999885e+02
1.052774311838564927e+03,3.942350999999999885e+02
1.052899378998879229e+03,3.942350999999999885e+02
1.248621300000000019e+03,3.321764999999999759e+02
1.053374776329846782e+03,3.942350999999999885e+02
1.053725461804932820e+03,3.942350999999999885e+02
1.053850173660814335e+03,3.942350999999999885e+02
1.250201700000000073e+03,3.321764999999999759e+02
1.054325570991781888e+03,3.942350999999999885e+02
1.054676611771300486e+03,3.942350999999999885e+02
1.054800968322749441e+03,3.942350999999999885e+02
1.251426899999999932e+03,3.321764999999999759e+02
1.055276365653716766e+03,3.942350999999999885e+02
1.055627761737668152e+03,3.942350999999999885e+02
1.055751762984684319e+03,3.942350999999999885e+02
1.251820300000000088e+03,3.321764999999999759e+02
1.056227160315651872e+03,3.942350999999999885e+02
1.056578911704035818e+03,3.942350999999999885e+02
1.056702557646619425e+03,3.942350999999999885e+02
1.251570400000000063e+03,3.339089399999999728e+02
1.057177954977586751e+03,3.942350999999999885e+02
1.057530061670403484e+03,3.942350999999999885e+02
1.057653352308554304e+03,3.942350999999999885e+02
1.251570400000000063e+03,3.339535999999999945e+02
1.058128749639521857e+03,3.868337399999999775e+02
1.058481211636771377e+03,3.868337399999999775e+02
1.058604146970489410e+03,3.868337399999999775e+02
1.250517299999999977e+03,3.339535999999999945e+02
1.059079544301456735e+03,3.868337399999999775e+02
1.059432361603139043e+03,3.868337399999999775e+02
1.059554941632424288e+03,3.868337399999999775e+02
1.249479000000000042e+03,3.348420399999999972e+02
1.060030338963391841e+03,3.868337399999999775e+02
1.060383511569506709e+03,3.868337399999999775e+02
1.060505736294359394e+03,3.868337399999999775e+02
1.248580799999999954e+03,3.348420399999999972e+02
1.060981133625326947e+03,3.868337399999999775e+02
1.061334661535874375e+03,3.868337399999999775e+02
1.061456530956294273e+03,3.868337399999999775e+02
1.246670800000000099e+03,3.348420399999999972e+02
1.061931928287261826e+03,3.868337399999999775e+02
1.062285811502242041e+03,3.868337399999999775e+02
1.062407325618229379e+03,3.868337399999999775e+02
1.244603900000000067e+03,3.348420399999999972e+02
1.062882722949196932e+03,3.868337399999999775e+02
1.063236961468609934e+03,3.868337399999999775e+02
1.063358120280164258e+03,3.868337399999999775e+02
1.241834200000000010e+03,3.348420399999999972e+02
1.063833517611131811e+03,3.775169700000000148e+02
1.064188111434977600e+03,3.775169700000000148e+02
1.064308914942099364e+03,3.775169700000000148e+02
1.239241099999999960e+03,3.353356999999999744e+02
1.064784312273066917e+03,3.775169700000000148e+02
1.065139261401345266e+03,3.775169700000000148e+02
1.065259709604034242e+03,3.775169700000000148e+02
1.236110799999999927e+03,3.363020000000000209e+02
1.065735106935001795e+03,3.775169700000000148e+02
1.066090411367712932e+03,3.775169700000000148e+02
1.066210504265969348e+03,3.775169700000000148e+02
1.233484400000000051e+03,3.381544200000000160e+02
1.066685901596936901e+03,3.775169700000000148e+02
1.067041561334080598e+03,3.775169700000000148e+02
1.067161298927904454e+03,3.775169700000000148e+02
1.230872599999999920e+03,3.391096200000000067e+02
1.067636696258871780e+03,3.775169700000000148e+02
1.067992711300448491e+03,3.775169700000000148e+02
1.068112093589839333e+03,3.775169700000000148e+02
1.227756200000000035e+03,3.409561800000000176e+02
1.068587490920806886e+03,3.775169700000000148e+02
1.068943861266816157e+03,3.775169700000000148e+02
1.069062888251774439e+03,3.775169700000000148e+02
1.224638400000000047e+03,3.428034700000000043e+02
1.069538285582741764e+03,3.775169700000000148e+02
1.069895011233183823e+03,3.775169700000000148e+02
1.070013682913709317e+03,3.775169700000000148e+02
1.222040500000000065e+03,3.446507599999999911e+02
1.070489080244676870e+03,3.679794999999999732e+02
1.070846161199551489e+03,3.679794999999999732e+02
1.070964477575644423e+03,3.679794999999999732e+02
1.218900599999999940e+03,3.464995000000000118e+02
1.071439874906611749e+03,3.679794999999999732e+02
1.071797311165919382e+03,3.679794999999999732e+02
1.071915272237579302e+03,3.679794999999999732e+02
1.216369500000000016e+03,3.483584000000000174e+02
1.072390669568546855e+03,3.679794999999999732e+02
1.072748461132287048e+03,3.679794999999999732e+02
1.072866066899514408e+03,3.679794999999999732e+02
1.212439300000000003e+03,3.502327999999999975e+02
1.073341464230481961e+03,3.679794999999999732e+02
1.073699611098654714e+03,3.679794999999999732e+02
1.073816861561449286e+03,3.679794999999999732e+02
1.208729700000000093e+03,3.521032700000000091e+02
1.074292258892416839e+03,3.679794999999999732e+02
1.074650761065022380e+03,3.679794999999999732e+02
1.074767656223384392e+03,3.679794999999999732e+02
1.206146999999999935e+03,3.538899999999999864e+02
1.075243053554351945e+03,4.501073000000000093e+02
1.075601911031390046e+03,4.501073000000000093e+02
1.075718450885319271e+03,4.501073000000000093e+02
1.203814300000000003e+03,3.561917700000000195e+02
1.076193848216286824e+03,4.501073000000000093e+02
1.076553060997757939e+03,4.501073000000000093e+02
1.076669245547254377e+03,4.501073000000000093e+02
1.200203099999999949e+03,3.598787800000000061e+02
1.077144642878221930e+03,4.501073000000000093e+02
1.077504210964125605e+03,4.501073000000000093e+02
1.077620040209189483e+03,4.591821299999999724e+02
1.196270600000000059e+03,3.635566400000000158e+02
1.078095437540156809e+03,4.427221700000000055e+02
1.078455360930493271e+03,4.403822000000000116e+02
1.078570834871124362e+03,4.403822000000000116e+02
1.192471299999999928e+03,3.672644000000000233e+02
1.079046232202091915e+03,4.810185500000000047e+02
1.079406510896860937e+03,4.368826999999999998e+02
1.079521629533059468e+03,4.832221700000000055e+02
1.189347999999999956e+03,3.709658200000000079e+02
1.079997026864026793e+03,4.840379599999999982e+02
1.080357660863228602e+03,4.313052999999999884e+02
1.080472424194994346e+03,4.313052999999999884e+02
1.186238399999999956e+03,3.746508799999999724e+02
1.080947821525961899e+03,4.257350000000000136e+02
1.081308810829596496e+03,4.257350000000000136e+02
1.081423218856929452e+03,4.257350000000000136e+02
1.183605499999999893e+03,3.774786399999999844e+02
1.081898616187896778e+03,4.858684000000000083e+02
1.082259960795964162e+03,4.868374000000000024e+02
1.082374013518864331e+03,4.868374000000000024e+02
1.180502600000000029e+03,3.802096000000000231e+02
1.082849410849831884e+03,4.868374000000000024e+02
1.083211110762331828e+03,4.867761199999999917e+02
1.083324808180799437e+03,4.867761199999999917e+02
1.177951000000000022e+03,3.838371599999999830e+02
1.083800205511766990e+03,4.193516799999999876e+02
1.084162260728699493e+03,4.876646700000000010e+02
1.084275602842734315e+03,4.876646700000000010e+02
1.175346299999999928e+03,3.865962999999999852e+02
1.084751000173701868e+03,3.550228299999999990e+02
1.085113410695067159e+03,4.118811000000000035e+02
1.085226397504669421e+03,4.118811000000000035e+02
1.171729100000000017e+03,3.910850800000000049e+02
1.085701794835636974e+03,4.876646700000000010e+02
1.086064560661435053e+03,4.876646700000000010e+02
1.086177192166604300e+03,4.876646700000000010e+02
1.168431599999999889e+03,3.951606400000000008e+02
1.086652589497571853e+03,4.056526000000000067e+02
1.087015710627802719e+03,4.056526000000000067e+02
1.087127986828539406e+03,4.056526000000000067e+02
1.166140499999999975e+03,3.987391400000000203e+02
1.087603384159506959e+03,4.008872000000000071e+02
1.087966860594170385e+03,4.008872000000000071e+02
1.088078781490474285e+03,4.008872000000000071e+02
1.164331699999999955e+03,4.024293200000000184e+02
1.088554178821441837e+03,4.876646700000000010e+02
1.088918010560538050e+03,3.499225000000000136e+02
1.089029576152409390e+03,3.499225000000000136e+02
1.163022999999999911e+03,4.046573500000000081e+02
1.089504973483376943e+03,3.956159700000000043e+02
1.089869160526905716e+03,4.876646700000000010e+02
1.089980370814344496e+03,4.876646700000000010e+02
1.161424600000000055e+03,4.065222200000000043e+02
1.090455768145311822e+03,4.876646700000000010e+02
1.090820310493273610e+03,4.876646700000000010e+02
1.090931165476279375e+03,4.876646700000000010e+02
1.160213999999999942e+03,4.090719000000000278e+02
1.091406562807246928e+03,3.919125999999999976e+02
1.091771460459641276e+03,3.919125999999999976e+02
1.091881960138214481e+03,3.919125999999999976e+02
1.158746799999999894e+03,4.120120999999999754e+02
1.092357357469181807e+03,4.876646700000000010e+02
1.092722610426008941e+03,3.462470700000000079e+02
1.092832754800149360e+03,3.462470700000000079e+02
1.157132399999999961e+03,4.155846000000000231e+02
1.093308152131116913e+03,3.873393599999999992e+02
1.093673760392376607e+03,4.876646700000000010e+02
1.093783549462084466e+03,4.876646700000000010e+02
1.156092900000000100e+03,4.192802699999999732e+02
1.094258946793052019e+03,4.876646700000000010e+02
1.094624910358744273e+03,3.836546599999999785e+02
1.094734344124019344e+03,3.836546599999999785e+02
1.155051400000000058e+03,4.220049999999999955e+02
1.095209741454986897e+03,3.425520000000000209e+02
1.095576060325112167e+03,3.425520000000000209e+02
1.095685138785954450e+03,3.425520000000000209e+02
1.154007200000000012e+03,4.249184599999999818e+02
1.096160536116922003e+03,4.858746300000000247e+02
1.096527210291479832e+03,4.858746300000000247e+02
1.096635933447889329e+03,4.858746300000000247e+02
1.153456300000000056e+03,4.266173000000000002e+02
1.097111330778856882e+03,4.840253999999999905e+02
1.097478360257847498e+03,4.840253999999999905e+02
1.097586728109824435e+03,4.840253999999999905e+02
1.152406600000000026e+03,4.284832799999999793e+02
1.098062125440791988e+03,4.840253999999999905e+02
1.098429510224215164e+03,4.840253999999999905e+02
1.098537522771759313e+03,4.840253999999999905e+02
1.151404399999999896e+03,4.315061000000000035e+02
1.099012920102726866e+03,3.388535200000000032e+02
1.099380660190583058e+03,3.388535200000000032e+02
1.099488317433694419e+03,3.388535200000000032e+02
1.150603299999999990e+03,4.343316699999999742e+02
1.099963714764661972e+03,3.724794999999999732e+02
1.100331810156950723e+03,4.821568599999999947e+02
1.100439112095629525e+03,4.821568599999999947e+02
1.149827900000000000e+03,4.366212199999999939e+02
1.100914509426596851e+03,3.666912800000000061e+02
1.101282960123318389e+03,3.666912800000000061e+02
1.101389906757564404e+03,3.666912800000000061e+02
1.148791500000000042e+03,4.393520500000000197e+02
1.101865304088531957e+03,3.351817599999999970e+02
1.102234110089686055e+03,3.610187999999999988e+02
1.102340701419499510e+03,4.781969000000000278e+02
1.148251299999999901e+03,4.412008000000000152e+02
1.102816098750466836e+03,3.563818400000000111e+02
1.103185260056053721e+03,3.563818400000000111e+02
1.103291496081434389e+03,3.563818400000000111e+02
1.147604199999999992e+03,4.430493200000000229e+02
1.103766893412401942e+03,3.563818400000000111e+02
1.104136410022421614e+03,3.314515400000000227e+02
1.104242290743369495e+03,3.314515400000000227e+02
1.147604199999999992e+03,4.441279299999999921e+02
1.104717688074336820e+03,3.314515400000000227e+02
1.105087559988789280e+03,3.508206799999999816e+02
1.105193085405304373e+03,3.508206799999999816e+02
1.147604199999999992e+03,4.441279299999999921e+02
1.105668482736271926e+03,3.286378199999999765e+02
1.106038709955156946e+03,3.286378199999999765e+02
1.106143880067239479e+03,3.286378199999999765e+02
1.147604199999999992e+03,4.459387199999999893e+02
1.106619277398207032e+03,3.286378199999999765e+02
1.106989859921524612e+03,3.444635000000000105e+02
1.107094674729174358e+03,3.444635000000000105e+02
1.147604199999999992e+03,4.467934599999999818e+02
1.107570072060141911e+03,3.407217999999999734e+02
1.107941009887892278e+03,3.267895500000000197e+02
1.108045469391109464e+03,3.267895500000000197e+02
1.147604199999999992e+03,4.487525600000000168e+02
1.108520866722077017e+03,3.370835000000000150e+02
1.108892159854260171e+03,3.370835000000000150e+02
1.108996264053044342e+03,3.370835000000000150e+02
1.147604199999999992e+03,4.499032000000000266e+02
1.109471661384011895e+03,3.342624500000000012e+02
1.109843309820627837e+03,3.314605700000000184e+02
1.109947058714979448e+03,3.314605700000000184e+02
1.147604199999999992e+03,4.516034000000000219e+02
1.110422456045947001e+03,3.259570299999999747e+02
1.110794459786995503e+03,3.259570299999999747e+02
1.110897853376914327e+03,3.259570299999999747e+02
1.147604199999999992e+03,4.534547000000000025e+02
1.111373250707881880e+03,4.635605499999999779e+02
1.111745609753363169e+03,4.635605499999999779e+02
1.111848648038849433e+03,4.635605499999999779e+02
1.147104399999999941e+03,4.543519299999999816e+02
1.112324045369816986e+03,4.635605499999999779e+02
1.112696759719730835e+03,4.635605499999999779e+02
1.112799442700784539e+03,4.635605499999999779e+02
1.147104399999999941e+03,4.561982399999999984e+02
1.113274840031751864e+03,4.635605499999999779e+02
1.113647909686098728e+03,4.635605499999999779e+02
1.113750237362719417e+03,4.635605499999999779e+02
1.147104399999999941e+03,4.565670200000000136e+02
1.114225634693686970e+03,4.599271200000000022e+02
1.114599059652466394e+03,4.599271200000000022e+02
1.114701032024654523e+03,4.599271200000000022e+02
1.147104399999999941e+03,4.577846700000000055e+02
1.115176429355621849e+03,4.555337999999999852e+02
1.115550209618834060e+03,4.555337999999999852e+02
1.115651826686589402e+03,4.555337999999999852e+02
1.147104399999999941e+03,4.590694599999999923e+02
1.116127224017556955e+03,4.555337999999999852e+02
1.116501359585201726e+03,4.555337999999999852e+02
1.116602621348524508e+03,4.555337999999999852e+02
1.147104399999999941e+03,4.609127199999999789e+02
1.117078018679492061e+03,4.508795200000000136e+02
1.117452509551569392e+03,4.508795200000000136e+02
1.117553416010459387e+03,4.508795200000000136e+02
1.147604199999999992e+03,4.627649000000000115e+02
1.118028813341426940e+03,4.508795200000000136e+02
1.118403659517937285e+03,4.508795200000000136e+02
1.118504210672394493e+03,4.508795200000000136e+02
1.148116999999999962e+03,4.636978799999999978e+02
1.118979608003362046e+03,4.508795200000000136e+02
1.119354809484304951e+03,4.508795200000000136e+02
1.119455005334329371e+03,4.508795200000000136e+02
1.148104100000000017e+03,4.655923000000000229e+02
1.119930402665296924e+03,4.419972999999999956e+02
1.120305959450672617e+03,4.419972999999999956e+02
1.120405799996264477e+03,4.419972999999999956e+02
1.148738599999999906e+03,4.674687500000000000e+02
1.120881197327232030e+03,4.419972999999999956e+02
1.121257109417040283e+03,4.419972999999999956e+02
1.121356594658199356e+03,4.419972999999999956e+02
1.148603900000000067e+03,4.692916299999999978e+02
1.121831991989166909e+03,4.362017799999999852e+02
1.122208259383407949e+03,4.362017799999999852e+02
1.122307389320134462e+03,4.362017799999999852e+02
1.149833300000000008e+03,4.711912800000000061e+02
1.122782786651102015e+03,4.362017799999999852e+02
1.123159409349775842e+03,4.362017799999999852e+02
1.123258183982069568e+03,4.362017799999999852e+02
1.149603599999999915e+03,4.729542200000000207e+02
1.123733581313036893e+03,4.362017799999999852e+02
1.124110559316143508e+03,4.362017799999999852e+02
1.124208978644004446e+03,4.362017799999999852e+02
1.149862499999999955e+03,4.756860399999999913e+02
1.124684375974971999e+03,4.288931999999999789e+02
1.125061709282511174e+03,4.288931999999999789e+02
1.125159773305939552e+03,4.288931999999999789e+02
1.150103399999999965e+03,4.775267299999999864e+02
1.125635170636906878e+03,4.288931999999999789e+02
1.126012859248878840e+03,4.288931999999999789e+02
1.126110567967874431e+03,4.288931999999999789e+02
1.150103399999999965e+03,4.792238800000000083e+02
1.126585965298841984e+03,4.288931999999999789e+02
1.126964009215246733e+03,4.288931999999999789e+02
1.127061362629809537e+03,4.288931999999999789e+02
1.150103399999999965e+03,4.803392299999999864e+02
1.127536759960776862e+03,4.214677699999999732e+02
1.127915159181614399e+03,4.214677699999999732e+02
1.128012157291744415e+03,4.214677699999999732e+02
1.150103399999999965e+03,4.805566400000000158e+02
1.128487554622711968e+03,4.214677699999999732e+02
1.128866309147982065e+03,4.214677699999999732e+02
1.128962951953679521e+03,4.214677699999999732e+02
1.150103399999999965e+03,4.818433800000000247e+02
1.129438349284647074e+03,4.170779999999999745e+02
1.129817459114349731e+03,4.170779999999999745e+02
1.129913746615614400e+03,4.170779999999999745e+02
1.150103399999999965e+03,4.823336199999999963e+02
1.130389143946581953e+03,4.120622599999999807e+02
1.130768609080717397e+03,4.120622599999999807e+02
1.130864541277549506e+03,4.120622599999999807e+02
1.150103399999999965e+03,4.823336199999999963e+02
1.131339938608517059e+03,4.120622599999999807e+02
1.131719759047085290e+03,4.120622599999999807e+02
1.131815335939484385e+03,4.120622599999999807e+02
1.151188100000000077e+03,4.823336199999999963e+02
1.132290733270451938e+03,4.065649399999999787e+02
1.132670909013452956e+03,4.065649399999999787e+02
1.132766130601419491e+03,4.065649399999999787e+02
1.152284000000000106e+03,4.832221700000000055e+02
1.133241527932387044e+03,4.065649399999999787e+02
1.133622058979820622e+03,4.065649399999999787e+02
1.133716925263354369e+03,4.065649399999999787e+02
1.153316399999999931e+03,4.844909700000000043e+02
1.134192322594321922e+03,4.065649399999999787e+02
1.134573208946188288e+03,4.065649399999999787e+02
1.134667719925289475e+03,4.065649399999999787e+02
1.154839999999999918e+03,4.849991499999999860e+02
1.135143117256257028e+03,4.008397199999999998e+02
1.135524358912555954e+03,4.008397199999999998e+02
1.135618514587224581e+03,4.008397199999999998e+02
1.155880100000000084e+03,4.849991499999999860e+02
1.136093911918191907e+03,4.008397199999999998e+02
1.136475508878923847e+03,4.008397199999999998e+02
1.136569309249159460e+03,4.008397199999999998e+02
1.156914899999999989e+03,4.864449500000000057e+02
1.137044706580127013e+03,4.008397199999999998e+02
1.137426658845291513e+03,4.008397199999999998e+02
1.137520103911094566e+03,4.008397199999999998e+02
1.158313000000000102e+03,4.867761199999999917e+02
1.137995501242061891e+03,3.943221399999999903e+02
1.138377808811659179e+03,3.943221399999999903e+02
1.138470898573029444e+03,3.943221399999999903e+02
1.160388899999999921e+03,4.876646700000000010e+02
1.138946295903996997e+03,3.943221399999999903e+02
1.139328958778026845e+03,3.943221399999999903e+02
1.139421693234964323e+03,3.943221399999999903e+02
1.161534900000000107e+03,4.876646700000000010e+02
1.139897090565931876e+03,3.943221399999999903e+02
1.140280108744394511e+03,3.943221399999999903e+02
1.140372487896899429e+03,3.943221399999999903e+02
1.163065700000000106e+03,4.876646700000000010e+02
1.140847885227866982e+03,3.943221399999999903e+02
1.141231258710762177e+03,3.943221399999999903e+02
1.141323282558834535e+03,3.943221399999999903e+02
1.164618500000000040e+03,4.876646700000000010e+02
1.141798679889801861e+03,3.943221399999999903e+02
1.142182408677130070e+03,3.943221399999999903e+02
1.142274077220769414e+03,3.943221399999999903e+02
1.166206400000000031e+03,4.876646700000000010e+02
1.142749474551736967e+03,3.870793499999999767e+02
1.143133558643497736e+03,3.870793499999999767e+02
1.143224871882704520e+03,3.870793499999999767e+02
1.167204199999999901e+03,4.876646700000000010e+02
1.143700269213671845e+03,3.870793499999999767e+02
1.144084708609865402e+03,3.870793499999999767e+02
1.144175666544639398e+03,3.870793499999999767e+02
1.168258700000000090e+03,4.876646700000000010e+02
1.144651063875606951e+03,3.870793499999999767e+02
1.145035858576233068e+03,3.870793499999999767e+02
1.145126461206574504e+03,3.870793499999999767e+02
1.169792999999999893e+03,4.876646700000000010e+02
1.145601858537542057e+03,3.870793499999999767e+02
1.145987008542600734e+03,3.870793499999999767e+02
1.146077255868509383e+03,3.870793499999999767e+02
1.171520400000000109e+03,4.876646700000000010e+02
1.146552653199476936e+03,4.609127199999999789e+02
1.146938158508968627e+03,4.609127199999999789e+02
1.147028050530444489e+03,4.590694599999999923e+02
1.173590999999999894e+03,4.876646700000000010e+02
1.147503447861412042e+03,4.459387199999999893e+02
1.147889308475336293e+03,4.655923000000000229e+02
1.147978845192379367e+03,4.655923000000000229e+02
1.175376600000000053e+03,4.876646700000000010e+02
1.148454242523346920e+03,4.692916299999999978e+02
1.148840458441703959e+03,4.393520500000000197e+02
1.148929639854314473e+03,4.393520500000000197e+02
1.176414600000000064e+03,4.876646700000000010e+02
1.149405037185282026e+03,3.802175300000000107e+02
1.149791608408071625e+03,4.366212199999999939e+02
1.149880434516249352e+03,4.756860399999999913e+02
1.178307399999999916e+03,4.870310000000000059e+02
1.150355831847216905e+03,4.343316699999999742e+02
1.150742758374439290e+03,4.343316699999999742e+02
1.150831229178184458e+03,4.343316699999999742e+02
1.179497100000000046e+03,4.860597000000000207e+02
1.151306626509152011e+03,4.315061000000000035e+02
1.151693908340807184e+03,4.315061000000000035e+02
1.151782023840119564e+03,4.315061000000000035e+02
1.180980000000000018e+03,4.849991499999999860e+02
1.152257421171086889e+03,4.832221700000000055e+02
1.152645058307174850e+03,4.284832799999999793e+02
1.152732818502054442e+03,4.284832799999999793e+02
1.183063699999999926e+03,4.832479200000000219e+02
1.153208215833021995e+03,4.844909700000000043e+02
1.153596208273542516e+03,4.266173000000000002e+02
1.153683613163989548e+03,4.266173000000000002e+02
1.185666400000000067e+03,4.822894299999999816e+02
1.154159010494956874e+03,4.249184599999999818e+02
1.154547358239910182e+03,3.737324199999999905e+02
1.154634407825924427e+03,3.737324199999999905e+02
1.188226599999999962e+03,4.804362800000000107e+02
1.155109805156891980e+03,4.220049999999999955e+02
1.155498508206277847e+03,4.849991499999999860e+02
1.155585202487859533e+03,4.849991499999999860e+02
1.190827500000000100e+03,4.785688499999999976e+02
1.156060599818826859e+03,4.192802699999999732e+02
1.156449658172645741e+03,4.192802699999999732e+02
1.156535997149794412e+03,4.192802699999999732e+02
1.194188799999999901e+03,4.766472200000000043e+02
1.157011394480761965e+03,4.864449500000000057e+02
1.157400808139013407e+03,4.155846000000000231e+02
1.157486791811729518e+03,4.155846000000000231e+02
1.196838299999999890e+03,4.747812500000000000e+02
1.157962189142697071e+03,4.867761199999999917e+02
1.158351958105381073e+03,4.867761199999999917e+02
1.158437586473664396e+03,4.867761199999999917e+02
1.198535300000000007e+03,4.730509000000000128e+02
1.158912983804631949e+03,4.120120999999999754e+02
1.159303108071748738e+03,3.681988499999999931e+02
1.159388381135599502e+03,3.681988499999999931e+02
1.200609400000000051e+03,4.712074000000000069e+02
1.159863778466567055e+03,3.681988499999999931e+02
1.160254258038116632e+03,4.090719000000000278e+02
1.160339175797534381e+03,4.876646700000000010e+02
1.203162600000000111e+03,4.693824500000000057e+02
1.160814573128501934e+03,4.065222200000000043e+02
1.161205408004484298e+03,4.065222200000000043e+02
1.161289970459469487e+03,4.065222200000000043e+02
1.205259199999999964e+03,4.675189199999999801e+02
1.161765367790437040e+03,4.876646700000000010e+02
1.162156557970851964e+03,4.876646700000000010e+02
1.162240765121404593e+03,4.876646700000000010e+02
1.207335600000000113e+03,4.656734599999999773e+02
1.162716162452371918e+03,4.046573500000000081e+02
1.163107707937219629e+03,4.876646700000000010e+02
1.163191559783339471e+03,4.876646700000000010e+02
1.208564800000000105e+03,4.637098399999999856e+02
1.163666957114307024e+03,4.024293200000000184e+02
1.164058857903587295e+03,4.024293200000000184e+02
1.164142354445274577e+03,4.024293200000000184e+02
1.210982799999999997e+03,4.603002999999999929e+02
1.164617751776241903e+03,4.876646700000000010e+02
1.165010007869955189e+03,3.626572300000000268e+02
1.165093149107209456e+03,3.626572300000000268e+02
1.212072599999999966e+03,4.574934000000000083e+02
1.165568546438177009e+03,3.987391400000000203e+02
1.165961157836322855e+03,3.987391400000000203e+02
1.166043943769144562e+03,3.987391400000000203e+02
1.213618300000000090e+03,4.547269299999999816e+02
1.166519341100111887e+03,4.876646700000000010e+02
1.166912307802690520e+03,4.876646700000000010e+02
1.166994738431079440e+03,4.876646700000000010e+02
1.214669599999999946e+03,4.509267600000000016e+02
1.167470135762046993e+03,4.876646700000000010e+02
1.167863457769058186e+03,4.876646700000000010e+02
1.167945533093014546e+03,4.876646700000000010e+02
1.215729599999999891e+03,4.471578400000000215e+02
1.168420930423982099e+03,3.951606400000000008e+02
1.168814607735425852e+03,3.951606400000000008e+02
1.168896327754949425e+03,3.951606400000000008e+02
1.216802400000000034e+03,4.433435000000000059e+02
1.169371725085916978e+03,3.571028999999999769e+02
1.169765757701793746e+03,4.876646700000000010e+02
1.169847122416884531e+03,4.876646700000000010e+02
1.219036499999999933e+03,4.397646500000000174e+02
1.170322519747852084e+03,4.876646700000000010e+02
1.170716907668161411e+03,4.876646700000000010e+02
1.170797917078819410e+03,4.876646700000000010e+02
1.220810899999999947e+03,4.362008000000000152e+02
1.171273314409786963e+03,4.876646700000000010e+02
1.171668057634529077e+03,3.910850800000000049e+02
1.171748711740754516e+03,3.910850800000000049e+02
1.221844100000000026e+03,4.325279499999999757e+02
1.172224109071722069e+03,3.910850800000000049e+02
1.172619207600896743e+03,3.910850800000000049e+02
1.172699506402689394e+03,3.910850800000000049e+02
1.223494500000000016e+03,4.282861300000000142e+02
1.173174903733656947e+03,4.876646700000000010e+02
1.173570357567264409e+03,4.876646700000000010e+02
1.173650301064624500e+03,4.876646700000000010e+02
1.225767000000000053e+03,4.242465799999999945e+02
1.174125698395592053e+03,3.533923300000000154e+02
1.174521507533632303e+03,3.533923300000000154e+02
1.174601095726559606e+03,3.533923300000000154e+02
1.227849200000000110e+03,4.205453999999999724e+02
1.175076493057526932e+03,3.865962999999999852e+02
1.175472657499999968e+03,4.876646700000000010e+02
1.175551890388494485e+03,4.876646700000000010e+02
1.229379799999999932e+03,4.169361599999999726e+02
1.176027287719462038e+03,4.876646700000000010e+02
1.176423807466367634e+03,4.876646700000000010e+02
1.176502685050429591e+03,4.876646700000000010e+02
1.231507599999999911e+03,4.131537000000000148e+02
1.176978082381396916e+03,3.496598999999999933e+02
1.177374957432735300e+03,3.496598999999999933e+02
1.177453479712364469e+03,3.496598999999999933e+02
1.233590500000000020e+03,4.094510500000000093e+02
1.177928877043332022e+03,3.838371599999999830e+02
1.178326107399102966e+03,4.870310000000000059e+02
1.178404274374299575e+03,4.870310000000000059e+02
1.234625999999999976e+03,4.067217999999999734e+02
1.178879671705266901e+03,4.860597000000000207e+02
1.179277257365470859e+03,4.860597000000000207e+02
1.179355069036234454e+03,4.860597000000000207e+02
1.236175799999999981e+03,4.048553499999999872e+02
1.179830466367202007e+03,4.860597000000000207e+02
1.180228407331838525e+03,3.802096000000000231e+02
1.180305863698169560e+03,3.802096000000000231e+02
1.237686899999999923e+03,4.030577400000000239e+02
1.180781261029137113e+03,4.849991499999999860e+02
1.181179557298206191e+03,3.459408000000000243e+02
1.181256658360104439e+03,3.459408000000000243e+02
1.238737000000000080e+03,4.011911600000000249e+02
1.181732055691071992e+03,4.832479200000000219e+02
1.182130707264573857e+03,4.832479200000000219e+02
1.182207453022039545e+03,4.832479200000000219e+02
1.239276100000000042e+03,3.993443599999999947e+02
1.182682850353007098e+03,4.832479200000000219e+02
1.183081857230941523e+03,4.832479200000000219e+02
1.183158247683974423e+03,4.832479200000000219e+02
1.240318500000000085e+03,3.988143299999999840e+02
1.183633645014941976e+03,3.774786399999999844e+02
1.184033007197309416e+03,3.774786399999999844e+02
1.184109042345909529e+03,3.774786399999999844e+02
1.240574000000000069e+03,3.988143299999999840e+02
1.184584439676877082e+03,3.422703999999999951e+02
1.184984157163677082e+03,3.422703999999999951e+02
1.185059837007844635e+03,3.422703999999999951e+02
1.240574000000000069e+03,3.988143299999999840e+02
1.185535234338811961e+03,4.822894299999999816e+02
1.185935307130044748e+03,4.822894299999999816e+02
1.186010631669779514e+03,4.822894299999999816e+02
1.240574000000000069e+03,3.988143299999999840e+02
1.186486029000747067e+03,3.746508799999999724e+02
1.186886457096412414e+03,3.746508799999999724e+02
1.186961426331714620e+03,3.746508799999999724e+02
1.240574000000000069e+03,3.988143299999999840e+02
1.187436823662681945e+03,4.804362800000000107e+02
1.187837607062780307e+03,4.804362800000000107e+02
1.187912220993649498e+03,4.804362800000000107e+02
1.240574000000000069e+03,4.014456799999999816e+02
1.188387618324617051e+03,4.804362800000000107e+02
1.188788757029147973e+03,3.389535000000000196e+02
1.188863015655584604e+03,3.389535000000000196e+02
1.240574000000000069e+03,4.032885699999999929e+02
1.189338412986551930e+03,3.709658200000000079e+02
1.189739906995515639e+03,3.709658200000000079e+02
1.189813810317519483e+03,3.709658200000000079e+02
1.240074200000000019e+03,4.051381799999999771e+02
1.190289207648487036e+03,4.785688499999999976e+02
1.190691056961883305e+03,4.785688499999999976e+02
1.190764604979454589e+03,4.785688499999999976e+02
1.240074200000000019e+03,4.070308800000000247e+02
1.191240002310422142e+03,4.785688499999999976e+02
1.191642206928250971e+03,4.785688499999999976e+02
1.191715399641389467e+03,4.785688499999999976e+02
1.239574299999999994e+03,4.088648699999999963e+02
1.192190796972357020e+03,3.672644000000000233e+02
1.192593356894618864e+03,3.672644000000000233e+02
1.192666194303324573e+03,3.672644000000000233e+02
1.239074499999999944e+03,4.128857399999999984e+02
1.193141591634292126e+03,3.367869999999999777e+02
1.193544506860986530e+03,4.766472200000000043e+02
1.193616988965259452e+03,4.766472200000000043e+02
1.239074499999999944e+03,4.164610599999999749e+02
1.194092386296227005e+03,4.766472200000000043e+02
1.194495656827354196e+03,4.766472200000000043e+02
1.194567783627194558e+03,4.766472200000000043e+02
1.239074499999999944e+03,4.223830600000000004e+02
1.195043180958162111e+03,3.635566400000000158e+02
1.195446806793721862e+03,3.635566400000000158e+02
1.195518578289129437e+03,3.635566400000000158e+02
1.239074499999999944e+03,4.282803999999999860e+02
1.195993975620096990e+03,3.635566400000000158e+02
1.196397956760089528e+03,3.635566400000000158e+02
1.196469372951064543e+03,3.635566400000000158e+02
1.239074499999999944e+03,4.325609000000000037e+02
1.196944770282032096e+03,4.747812500000000000e+02
1.197349106726457421e+03,4.747812500000000000e+02
1.197420167612999649e+03,4.747812500000000000e+02
1.239574299999999994e+03,4.371360999999999990e+02
1.197895564943966974e+03,4.730509000000000128e+02
1.198300256692825087e+03,4.730509000000000128e+02
1.198370962274934527e+03,4.730509000000000128e+02
1.239574299999999994e+03,4.418499800000000164e+02
1.198846359605902080e+03,3.343715799999999945e+02
1.199251406659192753e+03,3.343715799999999945e+02
1.199321756936869633e+03,3.343715799999999945e+02
1.239574299999999994e+03,4.457046000000000276e+02
1.199797154267836959e+03,3.598787800000000061e+02
1.200202556625560419e+03,3.598787800000000061e+02
1.200272551598804512e+03,3.598787800000000061e+02
1.240056199999999990e+03,4.511394000000000233e+02
1.200747948929772065e+03,4.712074000000000069e+02
1.201153706591928085e+03,4.712074000000000069e+02
1.201223346260739618e+03,4.712074000000000069e+02
1.240074200000000019e+03,4.557447500000000105e+02
1.201698743591706943e+03,4.693824500000000057e+02
1.202104856558295978e+03,4.693824500000000057e+02
1.202174140922674496e+03,4.693824500000000057e+02
1.240574000000000069e+03,4.594667999999999779e+02
1.202649538253642049e+03,4.693824500000000057e+02
1.203056006524663644e+03,4.693824500000000057e+02
1.203124935584609602e+03,4.693824500000000057e+02
1.241693199999999933e+03,4.632112999999999943e+02
1.203600332915577155e+03,3.561917700000000195e+02
1.204007156491031310e+03,3.561917700000000195e+02
1.204075730246544481e+03,3.561917700000000195e+02
1.242745200000000068e+03,4.669516600000000039e+02
1.204551127577512034e+03,3.325350300000000061e+02
1.204958306457398976e+03,4.675189199999999801e+02
1.205026524908479587e+03,4.675189199999999801e+02
1.243560199999999895e+03,4.698487499999999955e+02
1.205501922239447140e+03,4.675189199999999801e+02
1.205909456423766642e+03,3.538899999999999864e+02
1.205977319570414465e+03,3.538899999999999864e+02
1.246032500000000027e+03,4.751548000000000229e+02
1.206452716901382018e+03,3.538899999999999864e+02
1.206860606390134535e+03,4.656734599999999773e+02
1.206928114232349571e+03,4.656734599999999773e+02
1.247613000000000056e+03,4.779644799999999805e+02
1.207403511563317124e+03,4.656734599999999773e+02
1.207811756356502201e+03,4.656734599999999773e+02
1.207878908894284677e+03,4.656734599999999773e+02
1.248877300000000105e+03,4.811004599999999982e+02
1.208354306225252003e+03,4.637098399999999856e+02
1.208762906322869867e+03,3.521032700000000091e+02
1.208829703556219556e+03,3.521032700000000091e+02
1.249915400000000091e+03,4.829456799999999816e+02
1.209305100887187109e+03,3.308956299999999828e+02
1.209714056289237533e+03,3.308956299999999828e+02
1.209780498218154662e+03,3.308956299999999828e+02
1.250948399999999992e+03,4.847819799999999759e+02
1.210255895549121988e+03,3.308956299999999828e+02
1.210665206255605199e+03,3.308956299999999828e+02
1.210731292880089541e+03,3.308956299999999828e+02
1.252820099999999911e+03,4.865540799999999990e+02
1.211206690211057094e+03,4.603002999999999929e+02
1.211616356221973092e+03,4.574934000000000083e+02
1.211682087542024647e+03,4.574934000000000083e+02
1.254033100000000104e+03,4.867761199999999917e+02
1.212157484872991972e+03,4.574934000000000083e+02
1.212567506188340758e+03,3.502327999999999975e+02
1.212632882203959525e+03,3.502327999999999975e+02
1.255048800000000028e+03,4.867761199999999917e+02
1.213108279534927078e+03,4.547269299999999816e+02
1.213518656154708424e+03,4.547269299999999816e+02
1.213583676865894631e+03,4.547269299999999816e+02
1.256109400000000051e+03,4.867761199999999917e+02
1.214059074196862184e+03,4.509267600000000016e+02
1.214469806121076090e+03,4.509267600000000016e+02
1.214534471527829510e+03,4.509267600000000016e+02
1.256818800000000010e+03,4.867761199999999917e+02
1.215009868858797063e+03,4.509267600000000016e+02
1.215420956087443983e+03,4.471578400000000215e+02
1.215485266189764616e+03,4.471578400000000215e+02
1.258199299999999994e+03,4.867761199999999917e+02
1.215960663520732169e+03,3.303995400000000018e+02
1.216372106053811649e+03,3.483584000000000174e+02
1.216436060851699494e+03,3.483584000000000174e+02
1.259257100000000037e+03,4.867761199999999917e+02
1.216911458182667047e+03,4.433435000000000059e+02
1.217323256020179315e+03,4.433435000000000059e+02
1.217386855513634600e+03,4.433435000000000059e+02
1.260266800000000103e+03,4.867761199999999917e+02
1.217862252844602153e+03,3.464995000000000118e+02
1.218274405986546981e+03,3.464995000000000118e+02
1.218337650175569479e+03,3.464995000000000118e+02
1.261806599999999889e+03,4.867761199999999917e+02
1.218813047506537032e+03,3.464995000000000118e+02
1.219225555952914647e+03,4.397646500000000174e+02
1.219288444837504585e+03,4.397646500000000174e+02
1.262846199999999953e+03,4.858876999999999953e+02
1.219763842168472138e+03,3.303995400000000018e+02
1.220176705919282540e+03,3.303995400000000018e+02
1.220239239499439691e+03,3.303995400000000018e+02
1.263883199999999988e+03,4.844362800000000107e+02
1.220714636830407017e+03,4.362008000000000152e+02
1.221127855885650206e+03,4.362008000000000152e+02
1.221190034161374570e+03,4.362008000000000152e+02
1.264912199999999984e+03,4.832221700000000055e+02
1.221665431492342123e+03,4.325279499999999757e+02
1.222079005852017872e+03,3.446507599999999911e+02
1.222140828823309675e+03,3.446507599999999911e+02
1.266458900000000085e+03,4.816346399999999903e+02
1.222616226154277001e+03,4.282861300000000142e+02
1.223030155818385538e+03,4.282861300000000142e+02
1.223091623485244554e+03,4.282861300000000142e+02
1.267500600000000077e+03,4.797828400000000215e+02
1.223567020816212107e+03,4.282861300000000142e+02
1.223981305784753204e+03,3.303995400000000018e+02
1.224042418147179660e+03,3.303995400000000018e+02
1.269451499999999896e+03,4.787796599999999785e+02
1.224517815478147213e+03,3.428034700000000043e+02
1.224932455751121097e+03,3.428034700000000043e+02
1.224993212809114539e+03,3.428034700000000043e+02
1.271087399999999889e+03,4.769818000000000211e+02
1.225468610140082092e+03,4.242465799999999945e+02
1.225883605717488763e+03,4.242465799999999945e+02
1.225944007471049645e+03,4.242465799999999945e+02
1.272669599999999946e+03,4.751313499999999976e+02
1.226419404802017198e+03,3.409561800000000176e+02
1.226834755683856429e+03,3.409561800000000176e+02
1.226894802132984523e+03,3.409561800000000176e+02
1.274234699999999975e+03,4.732960199999999986e+02
1.227370199463952076e+03,3.409561800000000176e+02
1.227785905650224095e+03,3.409561800000000176e+02
1.227845596794919629e+03,4.205453999999999724e+02
1.276364299999999957e+03,4.714034399999999891e+02
1.228320994125887182e+03,3.303995400000000018e+02
1.228737055616591761e+03,4.169361599999999726e+02
1.228796391456854508e+03,4.169361599999999726e+02
1.278458900000000085e+03,4.695414999999999850e+02
1.229271788787822061e+03,4.169361599999999726e+02
1.229688205582959654e+03,4.169361599999999726e+02
1.229747186118789614e+03,4.169361599999999726e+02
1.279982700000000023e+03,4.677430400000000077e+02
1.230222583449757167e+03,3.391096200000000067e+02
1.230639355549327320e+03,3.391096200000000067e+02
1.230697980780724720e+03,3.391096200000000067e+02
1.282064599999999928e+03,4.658925800000000095e+02
1.231173378111692045e+03,3.391096200000000067e+02
1.231590505515694986e+03,4.131537000000000148e+02
1.231648775442659598e+03,3.303995400000000018e+02
1.283346299999999928e+03,4.640550499999999943e+02
1.232124172773627151e+03,3.303995400000000018e+02
1.232541655482062652e+03,3.303995400000000018e+02
1.232599570104594704e+03,3.303995400000000018e+02
1.284386999999999944e+03,4.622049600000000282e+02
1.233074967435562030e+03,3.381544200000000160e+02
1.233492805448430317e+03,3.381544200000000160e+02
1.233550364766529583e+03,4.094510500000000093e+02
1.285767700000000104e+03,4.603801300000000083e+02
1.234025762097497136e+03,4.067217999999999734e+02
1.234443955414798211e+03,4.067217999999999734e+02
1.234501159428464689e+03,4.067217999999999734e+02
1.286961499999999887e+03,4.585171000000000276e+02
1.234976556759432015e+03,4.067217999999999734e+02
1.235395105381165877e+03,3.303995400000000018e+02
1.235451954090399568e+03,3.303995400000000018e+02
1.288476000000000113e+03,4.558249500000000012e+02
1.235927351421367121e+03,3.363020000000000209e+02
1.236346255347533543e+03,4.048553499999999872e+02
1.236402748752334674e+03,4.048553499999999872e+02
1.289541699999999992e+03,4.539305400000000077e+02
1.236878146083302227e+03,4.030577400000000239e+02
1.237297405313901209e+03,4.030577400000000239e+02
1.237353543414269552e+03,4.030577400000000239e+02
1.290586700000000064e+03,4.511844500000000266e+02
1.237828940745237105e+03,4.030577400000000239e+02
1.238248555280269102e+03,3.303995400000000018e+02
1.238304338076204658e+03,3.303995400000000018e+02
1.292132299999999987e+03,4.484371300000000247e+02
1.238779735407172211e+03,4.011911600000000249e+02
1.239199705246636768e+03,3.353356999999999744e+02
1.239255132738139537e+03,3.353356999999999744e+02
1.293171800000000076e+03,4.446081500000000233e+02
1.239730530069107090e+03,4.088648699999999963e+02
1.240150855213004434e+03,4.051381799999999771e+02
1.240205927400074643e+03,4.051381799999999771e+02
1.294195899999999938e+03,4.409673999999999978e+02
1.240681324731042196e+03,3.988143299999999840e+02
1.241102005179372100e+03,3.303995400000000018e+02
1.241156722062009521e+03,3.303995400000000018e+02
1.295986499999999978e+03,4.371436800000000176e+02
1.241632119392977074e+03,4.632112999999999943e+02
1.242053155145739765e+03,3.348420399999999972e+02
1.242107516723944627e+03,3.348420399999999972e+02
1.297502199999999903e+03,4.335606700000000160e+02
1.242582914054912180e+03,4.669516600000000039e+02
1.243004305112107659e+03,4.669516600000000039e+02
1.243058311385879733e+03,4.669516600000000039e+02
1.298820899999999938e+03,4.298555999999999813e+02
1.243533708716847059e+03,4.698487499999999955e+02
1.243955455078475325e+03,3.321764999999999759e+02
1.244009106047814612e+03,3.321764999999999759e+02
1.299856099999999969e+03,4.261751699999999801e+02
1.244484503378782165e+03,3.348420399999999972e+02
1.244906605044842991e+03,3.348420399999999972e+02
1.244959900709749718e+03,3.348420399999999972e+02
1.300392800000000079e+03,4.233786600000000249e+02
1.245435298040717043e+03,4.751548000000000229e+02
1.245857755011210656e+03,4.751548000000000229e+02
1.245910695371684596e+03,4.751548000000000229e+02
1.301054300000000012e+03,4.194592299999999909e+02
1.246386092702652149e+03,3.321764999999999759e+02
1.246808904977578322e+03,3.348420399999999972e+02
1.246861490033619702e+03,3.348420399999999972e+02
1.301973600000000033e+03,4.152359599999999773e+02
1.247336887364587255e+03,4.779644799999999805e+02
1.247760054943946216e+03,4.779644799999999805e+02
1.247812284695554581e+03,4.779644799999999805e+02
1.303005100000000084e+03,4.105375999999999976e+02
1.248287682026522134e+03,3.348420399999999972e+02
1.248711204910313882e+03,3.321764999999999759e+02
1.248763079357489687e+03,3.321764999999999759e+02
1.304049299999999903e+03,4.059367700000000241e+02
1.249238476688457240e+03,3.348420399999999972e+02
1.249662354876681547e+03,3.348420399999999972e+02
1.249713874019424566e+03,3.348420399999999972e+02
1.305090599999999995e+03,4.012794200000000160e+02
1.250189271350392119e+03,3.321764999999999759e+02
1.250613504843049213e+03,3.339535999999999945e+02
1.250664668681359672e+03,3.339535999999999945e+02
1.306084399999999960e+03,3.959804700000000253e+02
1.251140066012327225e+03,4.847819799999999759e+02
1.251564654809416879e+03,3.339089399999999728e+02
1.251615463343294550e+03,3.339089399999999728e+02
1.306552500000000009e+03,3.920520000000000209e+02
1.252090860674262103e+03,3.321764999999999759e+02
1.252515804775784773e+03,4.865540799999999990e+02
1.252566258005229656e+03,4.865540799999999990e+02
1.306552500000000009e+03,3.875344200000000114e+02
1.253041655336197209e+03,4.865540799999999990e+02
1.253466954742152438e+03,4.867761199999999917e+02
1.253517052667164762e+03,4.867761199999999917e+02
1.307742899999999963e+03,3.830318599999999947e+02
1.253992449998132088e+03,4.867761199999999917e+02
1.254418104708520104e+03,4.867761199999999917e+02
1.254467847329099641e+03,4.867761199999999917e+02
1.308051999999999907e+03,3.789223600000000260e+02
1.254943244660067194e+03,4.867761199999999917e+02
1.255369254674887770e+03,4.867761199999999917e+02
1.255418641991034747e+03,4.867761199999999917e+02
1.308051999999999907e+03,3.747530499999999734e+02
1.255894039322002072e+03,4.867761199999999917e+02
1.256320404641255436e+03,4.867761199999999917e+02
1.256369436652969625e+03,4.867761199999999917e+02
1.308858500000000049e+03,3.710689699999999789e+02
1.256844833983937178e+03,4.867761199999999917e+02
1.257271554607623330e+03,4.867761199999999917e+02
1.257320231314904731e+03,4.867761199999999917e+02
1.309051799999999957e+03,3.667631799999999771e+02
1.257795628645872057e+03,4.867761199999999917e+02
1.258222704573990995e+03,4.867761199999999917e+02
1.258271025976839610e+03,4.867761199999999917e+02
1.309051799999999957e+03,3.627884500000000116e+02
1.258746423307807163e+03,4.867761199999999917e+02
1.259173854540358661e+03,4.867761199999999917e+02
1.259221820638774716e+03,4.867761199999999917e+02
1.309051799999999957e+03,3.583389999999999986e+02
1.259697217969742269e+03,4.867761199999999917e+02
1.260125004506726327e+03,4.867761199999999917e+02
1.260172615300709595e+03,4.867761199999999917e+02
1.309051799999999957e+03,3.537130000000000223e+02
1.260648012631677148e+03,4.867761199999999917e+02
1.261076154473093993e+03,4.867761199999999917e+02
1.261123409962644700e+03,4.867761199999999917e+02
1.309051799999999957e+03,3.490190400000000182e+02
1.261598807293612253e+03,4.867761199999999917e+02
1.262027304439461886e+03,4.867761199999999917e+02
1.262074204624579579e+03,4.867761199999999917e+02
1.309051799999999957e+03,3.435153799999999933e+02
1.262549601955547132e+03,4.858876999999999953e+02
1.262978454405829552e+03,4.858876999999999953e+02
1.263024999286514685e+03,4.858876999999999953e+02
1.309051799999999957e+03,3.398052999999999884e+02
1.263500396617482238e+03,4.844362800000000107e+02
1.263929604372197218e+03,4.844362800000000107e+02
1.263975793948449564e+03,4.844362800000000107e+02
1.309691900000000032e+03,3.340933800000000247e+02
1.264451191279417117e+03,4.832221700000000055e+02
1.264880754338564884e+03,4.832221700000000055e+02
1.264926588610384670e+03,4.832221700000000055e+02
1.310242199999999912e+03,3.293819599999999923e+02
1.265401985941352223e+03,4.816346399999999903e+02
1.265831904304932777e+03,4.816346399999999903e+02
1.265877383272319776e+03,4.816346399999999903e+02
1.309551500000000033e+03,3.240095200000000091e+02
1.266352780603287101e+03,4.816346399999999903e+02
1.266783054271300443e+03,4.816346399999999903e+02
1.266828177934254654e+03,4.816346399999999903e+02
1.308806800000000067e+03,3.197552499999999895e+02
1.267303575265222207e+03,4.797828400000000215e+02
1.267734204237668109e+03,4.797828400000000215e+02
1.267778972596189760e+03,4.797828400000000215e+02
1.308051999999999907e+03,3.160904499999999757e+02
1.268254369927157086e+03,4.787796599999999785e+02
1.268685354204035775e+03,4.787796599999999785e+02
1.268729767258124639e+03,4.787796599999999785e+02
1.307552200000000084e+03,3.123711000000000126e+02
1.269205164589092192e+03,4.787796599999999785e+02
1.269636504170403441e+03,4.787796599999999785e+02
1.269680561920059745e+03,4.787796599999999785e+02
1.307052400000000034e+03,3.093201999999999998e+02
1.270155959251027298e+03,4.769818000000000211e+02
1.270587654136771334e+03,4.769818000000000211e+02
1.270631356581994623e+03,4.769818000000000211e+02
1.306150599999999940e+03,3.065839799999999968e+02
1.271106753912962176e+03,4.769818000000000211e+02
1.271538804103139000e+03,4.769818000000000211e+02
1.271582151243929729e+03,4.769818000000000211e+02
1.305109300000000076e+03,3.047328999999999724e+02
1.272057548574897282e+03,4.751313499999999976e+02
1.272489954069506666e+03,4.751313499999999976e+02
1.272532945905864608e+03,4.751313499999999976e+02
1.304072799999999916e+03,3.028904999999999745e+02
1.273008343236832161e+03,4.751313499999999976e+02
1.273441104035874332e+03,4.751313499999999976e+02
1.273483740567799714e+03,4.751313499999999976e+02
1.303030500000000075e+03,3.010378400000000170e+02
1.273959137898767267e+03,4.732960199999999986e+02
1.274392254002241998e+03,4.732960199999999986e+02
1.274434535229734593e+03,4.732960199999999986e+02
1.301988900000000058e+03,2.991862800000000107e+02
1.274909932560702146e+03,4.714034399999999891e+02
1.275343403968609891e+03,4.714034399999999891e+02
1.275385329891669699e+03,4.714034399999999891e+02
1.300944099999999935e+03,2.973289800000000014e+02
1.275860727222637252e+03,4.714034399999999891e+02
1.276294553934977557e+03,4.714034399999999891e+02
1.276336124553604805e+03,4.714034399999999891e+02
1.299881100000000060e+03,2.975249000000000024e+02
1.276811521884572130e+03,4.714034399999999891e+02
1.277245703901345223e+03,4.714034399999999891e+02
1.277286919215539683e+03,4.714034399999999891e+02
1.298865700000000061e+03,2.975249000000000024e+02
1.277762316546507236e+03,4.695414999999999850e+02
1.278196853867712889e+03,4.695414999999999850e+02
1.278237713877474789e+03,4.695414999999999850e+02
1.298555200000000013e+03,2.975249000000000024e+02
1.278713111208442115e+03,4.695414999999999850e+02
1.279148003834080555e+03,4.695414999999999850e+02
1.279188508539409668e+03,4.695414999999999850e+02
1.298555200000000013e+03,2.979802199999999743e+02
1.279663905870377221e+03,4.677430400000000077e+02
1.280099153800448448e+03,4.677430400000000077e+02
1.280139303201344774e+03,4.677430400000000077e+02
1.298555200000000013e+03,2.998240999999999872e+02
1.280614700532312099e+03,4.658925800000000095e+02
1.281050303766816114e+03,4.658925800000000095e+02
1.281090097863279652e+03,4.658925800000000095e+02
1.298555200000000013e+03,3.016684599999999818e+02
1.281565495194247205e+03,4.658925800000000095e+02
1.282001453733183780e+03,4.658925800000000095e+02
1.282040892525214758e+03,4.658925800000000095e+02
1.298929000000000087e+03,3.041850600000000213e+02
1.282516289856182311e+03,4.640550499999999943e+02
1.282952603699551446e+03,4.640550499999999943e+02
1.282991687187149637e+03,4.640550499999999943e+02
1.299968599999999924e+03,3.069924300000000130e+02
1.283467084518117190e+03,4.640550499999999943e+02
1.283903753665919112e+03,4.622049600000000282e+02
1.283942481849084743e+03,4.622049600000000282e+02
1.300554399999999987e+03,3.098798800000000142e+02
1.284417879180052296e+03,4.622049600000000282e+02
1.284854903632287005e+03,4.622049600000000282e+02
1.284893276511019621e+03,4.622049600000000282e+02
1.302048800000000028e+03,3.143788999999999874e+02
1.285368673841987174e+03,4.603801300000000083e+02
1.285806053598654671e+03,4.603801300000000083e+02
1.285844071172954727e+03,4.603801300000000083e+02
1.303086900000000014e+03,3.208027299999999968e+02
1.286319468503922280e+03,4.585171000000000276e+02
1.286757203565022337e+03,4.585171000000000276e+02
1.286794865834889833e+03,4.585171000000000276e+02
1.304630599999999959e+03,3.272581799999999816e+02
1.287270263165857159e+03,4.585171000000000276e+02
1.287708353531390003e+03,4.585171000000000276e+02
1.287745660496824712e+03,4.585171000000000276e+02
1.306163199999999961e+03,3.327656200000000126e+02
1.288221057827792265e+03,4.558249500000000012e+02
1.288659503497757669e+03,4.558249500000000012e+02
1.288696455158759818e+03,4.558249500000000012e+02
1.308344000000000051e+03,3.382862499999999955e+02
1.289171852489727144e+03,4.539305400000000077e+02
1.289610653464125562e+03,4.539305400000000077e+02
1.289647249820694697e+03,4.539305400000000077e+02
1.309741299999999910e+03,3.429624000000000024e+02
1.290122647151662250e+03,4.511844500000000266e+02
1.290561803430493228e+03,4.511844500000000266e+02
1.290598044482629803e+03,4.511844500000000266e+02
1.310783400000000029e+03,3.476311000000000035e+02
1.291073441813597128e+03,4.484371300000000247e+02
1.291512953396860894e+03,4.484371300000000247e+02
1.291548839144564681e+03,4.484371300000000247e+02
1.312065299999999979e+03,3.512922399999999925e+02
1.292024236475532234e+03,4.484371300000000247e+02
1.292464103363228560e+03,4.484371300000000247e+02
1.292499633806499787e+03,4.484371300000000247e+02
1.313661100000000033e+03,3.545864300000000071e+02
1.292975031137467340e+03,4.446081500000000233e+02
1.293415253329596453e+03,4.446081500000000233e+02
1.293450428468434666e+03,4.446081500000000233e+02
1.315736100000000079e+03,3.573860999999999990e+02
1.293925825799402219e+03,4.409673999999999978e+02
1.294366403295964119e+03,4.409673999999999978e+02
1.294401223130369772e+03,4.409673999999999978e+02
1.317818199999999933e+03,3.595152600000000120e+02
1.294876620461337325e+03,4.371436800000000176e+02
1.295317553262331785e+03,4.371436800000000176e+02
1.295352017792304650e+03,4.371436800000000176e+02
1.319901399999999967e+03,3.613666999999999803e+02
1.295827415123272203e+03,4.371436800000000176e+02
1.296268703228699451e+03,4.371436800000000176e+02
1.296302812454239756e+03,4.371436800000000176e+02
1.323446899999999914e+03,3.632148399999999810e+02
1.296778209785207309e+03,4.335606700000000160e+02
1.297219853195067117e+03,4.335606700000000160e+02
1.297253607116174635e+03,4.335606700000000160e+02
1.326055499999999938e+03,3.650595700000000079e+02
1.297729004447142188e+03,4.335606700000000160e+02
1.298171003161435010e+03,2.998240999999999872e+02
1.298204401778109741e+03,2.998240999999999872e+02
1.328639499999999998e+03,3.659397000000000162e+02
1.298679799109077294e+03,2.975249000000000024e+02
1.299122153127802676e+03,3.041850600000000213e+02
1.299155196440044847e+03,3.041850600000000213e+02
1.331216300000000047e+03,3.659397000000000162e+02
1.299630593771012173e+03,4.261751699999999801e+02
1.300073303094170342e+03,3.069924300000000130e+02
1.300105991101979725e+03,3.069924300000000130e+02
1.334518199999999979e+03,3.671095000000000255e+02
1.300581388432947278e+03,3.098798800000000142e+02
1.301024453060538008e+03,4.194592299999999909e+02
1.301056785763914831e+03,4.194592299999999909e+02
1.336917200000000093e+03,3.668282500000000255e+02
1.301532183094882157e+03,4.152359599999999773e+02
1.301975603026905674e+03,4.152359599999999773e+02
1.302007580425849710e+03,2.991862800000000107e+02
1.339441000000000031e+03,3.668282500000000255e+02
1.302482977756817263e+03,3.143788999999999874e+02
1.302926752993273567e+03,4.105375999999999976e+02
1.302958375087784816e+03,4.105375999999999976e+02
1.341527700000000095e+03,3.668282500000000255e+02
1.303433772418752142e+03,3.208027299999999968e+02
1.303877902959641233e+03,4.059367700000000241e+02
1.303909169749719695e+03,4.059367700000000241e+02
1.343820099999999911e+03,3.677166700000000219e+02
1.304384567080687248e+03,3.272581799999999816e+02
1.304829052926008899e+03,3.272581799999999816e+02
1.304859964411654801e+03,3.272581799999999816e+02
1.345670299999999997e+03,3.691652799999999957e+02
1.305335361742622354e+03,3.047328999999999724e+02
1.305780202892376565e+03,3.959804700000000253e+02
1.305810759073589679e+03,3.959804700000000253e+02
1.347752899999999954e+03,3.703822000000000116e+02
1.306286156404557232e+03,3.327656200000000126e+02
1.306731352858744231e+03,3.875344200000000114e+02
1.306761553735524785e+03,3.875344200000000114e+02
1.350621599999999944e+03,3.719741200000000276e+02
1.307236951066492338e+03,3.093201999999999998e+02
1.307682502825112124e+03,3.830318599999999947e+02
1.307712348397459664e+03,3.830318599999999947e+02
1.352910399999999981e+03,3.738235000000000241e+02
1.308187745728427217e+03,3.747530499999999734e+02
1.308633652791479790e+03,3.197552499999999895e+02
1.308663143059394770e+03,3.197552499999999895e+02
1.355955600000000004e+03,3.756653999999999769e+02
1.309138540390362323e+03,3.490190400000000182e+02
1.309584802757847456e+03,3.240095200000000091e+02
1.309613937721329876e+03,3.240095200000000091e+02
1.358581200000000081e+03,3.775172000000000025e+02
1.310089335052297201e+03,3.293819599999999923e+02
1.310535952724215122e+03,3.476311000000000035e+02
1.310564732383264754e+03,3.476311000000000035e+02
1.360651599999999917e+03,3.793709699999999998e+02
1.311040129714232307e+03,3.476311000000000035e+02
1.311487102690582788e+03,3.512922399999999925e+02
1.311515527045199860e+03,3.512922399999999925e+02
1.362744400000000041e+03,3.812310800000000199e+02
1.311990924376167186e+03,3.512922399999999925e+02
1.312438252656950681e+03,3.512922399999999925e+02
1.312466321707134739e+03,3.512922399999999925e+02
1.364350799999999936e+03,3.831031500000000278e+02
1.312941719038102292e+03,3.545864300000000071e+02
1.313389402623318347e+03,3.545864300000000071e+02
1.313417116369069845e+03,3.545864300000000071e+02
1.365728499999999940e+03,3.849451999999999998e+02
1.313892513700037171e+03,3.545864300000000071e+02
1.314340552589686013e+03,3.545864300000000071e+02
1.314367911031004724e+03,3.545864300000000071e+02
1.367953400000000101e+03,3.867491499999999860e+02
1.314843308361972277e+03,3.573860999999999990e+02
1.315291702556053679e+03,3.573860999999999990e+02
1.315318705692939830e+03,3.573860999999999990e+02
1.369770299999999907e+03,3.885759300000000280e+02
1.315794103023907383e+03,3.573860999999999990e+02
1.316242852522421344e+03,3.573860999999999990e+02
1.316269500354874708e+03,3.573860999999999990e+02
1.370821999999999889e+03,3.904452999999999747e+02
1.316744897685842261e+03,3.595152600000000120e+02
1.317194002488789238e+03,3.595152600000000120e+02
1.317220295016809814e+03,3.595152600000000120e+02
1.371856700000000046e+03,3.922846700000000055e+02
1.317695692347777367e+03,3.595152600000000120e+02
1.318145152455156904e+03,3.595152600000000120e+02
1.318171089678744693e+03,3.595152600000000120e+02
1.372898999999999887e+03,3.941374500000000012e+02
1.318646487009712246e+03,3.613666999999999803e+02
1.319096302421524570e+03,3.613666999999999803e+02
1.319121884340679799e+03,3.613666999999999803e+02
1.373935999999999922e+03,3.959807000000000130e+02
1.319597281671647352e+03,3.613666999999999803e+02
1.320047452387892235e+03,3.613666999999999803e+02
1.320072679002614677e+03,3.613666999999999803e+02
1.375476699999999937e+03,3.978310500000000047e+02
1.320548076333582230e+03,3.613666999999999803e+02
1.320998602354260129e+03,3.613666999999999803e+02
1.321023473664549783e+03,3.613666999999999803e+02
1.377016699999999901e+03,3.996799300000000130e+02
1.321498870995517336e+03,3.632148399999999810e+02
1.321949752320627795e+03,3.632148399999999810e+02
1.321974268326484889e+03,3.632148399999999810e+02
1.379042500000000018e+03,4.014919399999999996e+02
1.322449665657452215e+03,3.632148399999999810e+02
1.322900902286995461e+03,3.632148399999999810e+02
1.322925062988419768e+03,3.632148399999999810e+02
1.380576999999999998e+03,4.042318000000000211e+02
1.323400460319387321e+03,3.632148399999999810e+02
1.323852052253363127e+03,3.632148399999999810e+02
1.323875857650354874e+03,3.632148399999999810e+02
1.382208399999999983e+03,4.071314699999999789e+02
1.324351254981322199e+03,3.650595700000000079e+02
1.324803202219730792e+03,3.650595700000000079e+02
1.324826652312289752e+03,3.650595700000000079e+02
1.383180200000000013e+03,4.109072300000000268e+02
1.325302049643257305e+03,3.650595700000000079e+02
1.325754352186098686e+03,3.650595700000000079e+02
1.325777446974224858e+03,3.650595700000000079e+02
1.384210800000000063e+03,4.124678999999999860e+02
1.326252844305192184e+03,3.650595700000000079e+02
1.326705502152466352e+03,3.650595700000000079e+02
1.326728241636159737e+03,3.650595700000000079e+02
1.384753200000000106e+03,4.156111999999999966e+02
1.327203638967127290e+03,3.659397000000000162e+02
1.327656652118834018e+03,3.659397000000000162e+02
1.327679036298094843e+03,3.659397000000000162e+02
1.385027000000000044e+03,4.165359000000000265e+02
1.328154433629062396e+03,3.659397000000000162e+02
1.328607802085201683e+03,3.659397000000000162e+02
1.328629830960029722e+03,3.659397000000000162e+02
1.385027000000000044e+03,4.193388699999999858e+02
1.329105228290997275e+03,3.659397000000000162e+02
1.329558952051569349e+03,3.659397000000000162e+02
1.329580625621964828e+03,3.659397000000000162e+02
1.385343599999999924e+03,4.221526999999999816e+02
1.330056022952932381e+03,3.659397000000000162e+02
1.330510102017937243e+03,3.659397000000000162e+02
1.330531420283899706e+03,3.659397000000000162e+02
1.386382399999999961e+03,4.252133799999999724e+02
1.331006817614867259e+03,3.659397000000000162e+02
1.331461251984304909e+03,3.659397000000000162e+02
1.331482214945834812e+03,3.659397000000000162e+02
1.386526499999999942e+03,4.279508000000000152e+02
1.331957612276802365e+03,3.659397000000000162e+02
1.332412401950672574e+03,3.659397000000000162e+02
1.332433009607769918e+03,3.659397000000000162e+02
1.386526499999999942e+03,4.306857999999999720e+02
1.332908406938737244e+03,3.671095000000000255e+02
1.333363551917040240e+03,3.671095000000000255e+02
1.333383804269704797e+03,3.671095000000000255e+02
1.387000900000000001e+03,4.325321000000000140e+02
1.333859201600672350e+03,3.671095000000000255e+02
1.334314701883407906e+03,3.671095000000000255e+02
1.334334598931639903e+03,3.671095000000000255e+02
1.387026399999999967e+03,4.353014000000000010e+02
1.334809996262607228e+03,3.671095000000000255e+02
1.335265851849775800e+03,3.671095000000000255e+02
1.335285393593574781e+03,3.671095000000000255e+02
1.387579099999999926e+03,4.380970500000000243e+02
1.335760790924542334e+03,3.668282500000000255e+02
1.336217001816143465e+03,3.668282500000000255e+02
1.336236188255509887e+03,3.668282500000000255e+02
1.387526100000000042e+03,4.409069799999999759e+02
1.336711585586477213e+03,3.668282500000000255e+02
1.337168151782511131e+03,3.668282500000000255e+02
1.337186982917444766e+03,3.668282500000000255e+02
1.387526100000000042e+03,4.447352300000000014e+02
1.337662380248412319e+03,3.668282500000000255e+02
1.338119301748878797e+03,3.668282500000000255e+02
1.338137777579379872e+03,3.668282500000000255e+02
1.387526100000000042e+03,4.470954600000000028e+02
1.338613174910347425e+03,3.668282500000000255e+02
1.339070451715246463e+03,3.668282500000000255e+02
1.339088572241314750e+03,3.668282500000000255e+02
1.386317399999999907e+03,4.514626499999999965e+02
1.339563969572282303e+03,3.668282500000000255e+02
1.340021601681614356e+03,3.668282500000000255e+02
1.340039366903249856e+03,3.668282500000000255e+02
1.385526900000000069e+03,4.556717499999999745e+02
1.340514764234217409e+03,5.418632999999999811e+02
1.340972751647982022e+03,5.418632999999999811e+02
1.340990161565184735e+03,5.418632999999999811e+02
1.384744099999999889e+03,4.593493700000000217e+02
1.341465558896152288e+03,3.668282500000000255e+02
1.341923901614349688e+03,5.428959999999999582e+02
1.341940956227119841e+03,5.428959999999999582e+02
1.384527100000000019e+03,4.630413800000000037e+02
1.342416353558087394e+03,5.420135500000000093e+02
1.342875051580717354e+03,5.420135500000000093e+02
1.342891750889054720e+03,5.420135500000000093e+02
1.383665899999999965e+03,4.652060500000000047e+02
1.343367148220022273e+03,5.442059299999999666e+02
1.343826201547085020e+03,3.677166700000000219e+02
1.343842545550989826e+03,3.677166700000000219e+02
1.382622000000000071e+03,4.686714999999999804e+02
1.344317942881957379e+03,5.409748499999999467e+02
1.344777351513452913e+03,5.460483400000000529e+02
1.344793340212924932e+03,5.460483400000000529e+02
1.381583599999999933e+03,4.714743700000000217e+02
1.345268737543892257e+03,5.409748499999999467e+02
1.345728501479820579e+03,3.691652799999999957e+02
1.345744134874859810e+03,3.691652799999999957e+02
1.380072899999999890e+03,4.742581799999999816e+02
1.346219532205827363e+03,5.478755999999999631e+02
1.346679651446188245e+03,5.478755999999999631e+02
1.346694929536794916e+03,5.478755999999999631e+02
1.379023699999999963e+03,4.779096700000000055e+02
1.347170326867762242e+03,5.409748499999999467e+02
1.347630801412555911e+03,3.703822000000000116e+02
1.347645724198729795e+03,3.703822000000000116e+02
1.377961999999999989e+03,4.806762699999999882e+02
1.348121121529697348e+03,5.497455999999999676e+02
1.348581951378923804e+03,5.515934999999999491e+02
1.348596518860664901e+03,5.515934999999999491e+02
1.376311500000000024e+03,4.844986599999999726e+02
1.349071916191632454e+03,5.515934999999999491e+02
1.349533101345291470e+03,5.400863000000000511e+02
1.349547313522599779e+03,5.400863000000000511e+02
1.375371699999999919e+03,4.882274199999999951e+02
1.350022710853567332e+03,5.534455600000000004e+02
1.350484251311659136e+03,3.719741200000000276e+02
1.350498108184534885e+03,3.719741200000000276e+02
1.373821400000000040e+03,4.919619000000000142e+02
1.350973505515502438e+03,5.552817400000000134e+02
1.351435401278026802e+03,5.552817400000000134e+02
1.351448902846469764e+03,5.552817400000000134e+02
1.372812300000000050e+03,4.942726999999999862e+02
1.351924300177437317e+03,5.389277299999999968e+02
1.352386551244394468e+03,5.570851999999999862e+02
1.352399697508404870e+03,5.570851999999999862e+02
1.371771600000000035e+03,4.970112300000000118e+02
1.352875094839372423e+03,3.738235000000000241e+02
1.353337701210762361e+03,5.569678999999999860e+02
1.353350492170339749e+03,5.569678999999999860e+02
1.370751600000000053e+03,4.993220200000000091e+02
1.353825889501307302e+03,5.370755599999999959e+02
1.354288851177130027e+03,5.569678999999999860e+02
1.354301286832274855e+03,5.569678999999999860e+02
1.369695600000000013e+03,5.021876199999999812e+02
1.354776684163242408e+03,3.756653999999999769e+02
1.355240001143497693e+03,3.756653999999999769e+02
1.355252081494209961e+03,3.756653999999999769e+02
1.368654800000000023e+03,5.043285999999999945e+02
1.355727478825177286e+03,3.756653999999999769e+02
1.356191151109865359e+03,5.361177999999999884e+02
1.356202876156144839e+03,5.361177999999999884e+02
1.367624800000000050e+03,5.077729499999999803e+02
1.356678273487112392e+03,5.361177999999999884e+02
1.357142301076233025e+03,5.361177999999999884e+02
1.357153670818079945e+03,5.361177999999999884e+02
1.367075299999999970e+03,5.115031700000000114e+02
1.357629068149047271e+03,5.337955299999999852e+02
1.358093451042600918e+03,5.337955299999999852e+02
1.358104465480014824e+03,5.337955299999999852e+02
1.366039199999999937e+03,5.143089599999999564e+02
1.358579862810982377e+03,3.775172000000000025e+02
1.359044601008968584e+03,3.775172000000000025e+02
1.359055260141949930e+03,3.775172000000000025e+02
1.364999800000000050e+03,5.161567400000000134e+02
1.359530657472917255e+03,3.793709699999999998e+02
1.359995750975336250e+03,3.793709699999999998e+02
1.360006054803884808e+03,3.793709699999999998e+02
1.363950700000000097e+03,5.199464000000000397e+02
1.360481452134852361e+03,3.793709699999999998e+02
1.360946900941703916e+03,5.302046000000000276e+02
1.360956849465819914e+03,5.302046000000000276e+02
1.362895600000000059e+03,5.225625000000000000e+02
1.361432246796787467e+03,5.266170700000000124e+02
1.361898050908071582e+03,5.266170700000000124e+02
1.361907644127754793e+03,5.266170700000000124e+02
1.361824299999999994e+03,5.266170700000000124e+02
1.362383041458722346e+03,3.812310800000000199e+02
1.362849200874439475e+03,5.225625000000000000e+02
1.362858438789689899e+03,5.225625000000000000e+02
1.360815299999999979e+03,5.302046000000000276e+02
1.363333836120657452e+03,5.225625000000000000e+02
1.363800350840807141e+03,5.199464000000000397e+02
1.363809233451624777e+03,5.199464000000000397e+02
1.358345800000000054e+03,5.337955299999999852e+02
1.364284630782592330e+03,3.831031500000000278e+02
1.364751500807174807e+03,5.161567400000000134e+02
1.364760028113559883e+03,5.161567400000000134e+02
1.356002899999999954e+03,5.361177999999999884e+02
1.365235425444527436e+03,5.161567400000000134e+02
1.365702650773542473e+03,3.849451999999999998e+02
1.365710822775494762e+03,3.849451999999999998e+02
1.353925700000000006e+03,5.370755599999999959e+02
1.366186220106462315e+03,5.143089599999999564e+02
1.366653800739910139e+03,5.115031700000000114e+02
1.366661617437429868e+03,5.115031700000000114e+02
1.351841799999999921e+03,5.389277299999999968e+02
1.367137014768397421e+03,5.115031700000000114e+02
1.367604950706278032e+03,5.077729499999999803e+02
1.367612412099364974e+03,5.077729499999999803e+02
1.349762999999999920e+03,5.400863000000000511e+02
1.368087809430332300e+03,3.867491499999999860e+02
1.368556100672645698e+03,5.043285999999999945e+02
1.368563206761299853e+03,5.043285999999999945e+02
1.347206899999999905e+03,5.409748499999999467e+02
1.369038604092267406e+03,5.043285999999999945e+02
1.369507250639013364e+03,5.021876199999999812e+02
1.369514001423234959e+03,5.021876199999999812e+02
1.345574299999999994e+03,5.409748499999999467e+02
1.369989398754202284e+03,3.885759300000000280e+02
1.370458400605381030e+03,4.993220200000000091e+02
1.370464796085169837e+03,4.993220200000000091e+02
1.344534799999999905e+03,5.409748499999999467e+02
1.370940193416137390e+03,3.904452999999999747e+02
1.371409550571748696e+03,4.970112300000000118e+02
1.371415590747104943e+03,4.970112300000000118e+02
1.343503500000000031e+03,5.409748499999999467e+02
1.371890988078072496e+03,3.922846700000000055e+02
1.372360700538116589e+03,4.942726999999999862e+02
1.372366385409039822e+03,4.942726999999999862e+02
1.342456200000000081e+03,5.420135500000000093e+02
1.372841782740007375e+03,4.942726999999999862e+02
1.373311850504484255e+03,3.941374500000000012e+02
1.373317180070974928e+03,3.941374500000000012e+02
1.341387699999999995e+03,5.418632999999999811e+02
1.373792577401942481e+03,4.919619000000000142e+02
1.374263000470851921e+03,3.959807000000000130e+02
1.374267974732909806e+03,3.959807000000000130e+02
1.341541099999999915e+03,5.428959999999999582e+02
1.374743372063877359e+03,4.882274199999999951e+02
1.375214150437219587e+03,4.882274199999999951e+02
1.375218769394844912e+03,4.882274199999999951e+02
1.341541099999999915e+03,5.427518300000000409e+02
1.375694166725812465e+03,3.978310500000000047e+02
1.376165300403587480e+03,4.844986599999999726e+02
1.376169564056779791e+03,4.844986599999999726e+02
1.342319700000000012e+03,5.427518300000000409e+02
1.376644961387747344e+03,4.844986599999999726e+02
1.377116450369955146e+03,3.996799300000000130e+02
1.377120358718714897e+03,3.996799300000000130e+02
1.343358899999999949e+03,5.442059299999999666e+02
1.377595756049682450e+03,4.806762699999999882e+02
1.378067600336322812e+03,4.806762699999999882e+02
1.378071153380650003e+03,4.806762699999999882e+02
1.344895099999999957e+03,5.460483400000000529e+02
1.378546550711617328e+03,4.779096700000000055e+02
1.379018750302690478e+03,4.779096700000000055e+02
1.379021948042584881e+03,4.779096700000000055e+02
1.346306399999999940e+03,5.478755999999999631e+02
1.379497345373552434e+03,4.014919399999999996e+02
1.379969900269058144e+03,4.742581799999999816e+02
1.379972742704519987e+03,4.742581799999999816e+02
1.347974899999999934e+03,5.497455999999999676e+02
1.380448140035487313e+03,4.042318000000000211e+02
1.380921050235426037e+03,4.042318000000000211e+02
1.380923537366454866e+03,4.042318000000000211e+02
1.349014300000000048e+03,5.515934999999999491e+02
1.381398934697422419e+03,4.714743700000000217e+02
1.381872200201793703e+03,4.714743700000000217e+02
1.381874332028389972e+03,4.714743700000000217e+02
1.350056199999999990e+03,5.534455600000000004e+02
1.382349729359357298e+03,4.071314699999999789e+02
1.382823350168161369e+03,4.686714999999999804e+02
1.382825126690324851e+03,4.686714999999999804e+02
1.351089199999999892e+03,5.552817400000000134e+02
1.383300524021292404e+03,4.109072300000000268e+02
1.383774500134529035e+03,4.652060500000000047e+02
1.383775921352259957e+03,4.652060500000000047e+02
1.352103800000000092e+03,5.570851999999999862e+02
1.384251318683227510e+03,4.124678999999999860e+02
1.384725650100896701e+03,4.593493700000000217e+02
1.384726716014194835e+03,4.593493700000000217e+02
1.352702999999999975e+03,5.569678999999999860e+02
1.385202113345162388e+03,4.221526999999999816e+02
1.385676800067264594e+03,4.556717499999999745e+02
1.385677510676129941e+03,4.556717499999999745e+02
1.353037399999999934e+03,5.569678999999999860e+02
1.386152908007097494e+03,4.514626499999999965e+02
1.386627950033632260e+03,4.279508000000000152e+02
1.386628305338064820e+03,4.279508000000000152e+02
1.354037100000000009e+03,5.569678999999999860e+02
1.387103702669032373e+03,4.353014000000000010e+02
1.387579099999999926e+03,4.380970500000000243e+02
1.387579099999999926e+03,4.380970500000000243e+02
1.354037100000000009e+03,5.569678999999999860e+02
