1.667249600000000100e+02,3.718186000000000035e+02
1.667249600000000100e+02,3.718186000000000035e+02
1.685320741894061030e+02,3.406177999999999884e+02
1.709222300000000132e+02,4.041453999999999951e+02
1.703391883788121959e+02,4.041453999999999951e+02
1.703449990353697956e+02,4.041453999999999951e+02
1.721463025682183172e+02,3.002990699999999720e+02
1.709222300000000132e+02,4.041453999999999951e+02
1.739534167576244101e+02,3.002990699999999720e+02
1.739650380707395527e+02,3.002990699999999720e+02
1.757605309470305031e+02,3.002990699999999720e+02
1.667249600000000100e+02,3.718186000000000035e+02
1.775676451364365960e+02,2.672868700000000217e+02
1.775850771061093383e+02,2.672868700000000217e+02
1.793747593258427173e+02,2.672868700000000217e+02
1.681289999999999907e+02,3.406177999999999884e+02
1.811818735152488102e+02,2.672868700000000217e+02
1.812051161414790954e+02,2.672868700000000217e+02
1.829889877046549032e+02,2.672868700000000217e+02
1.731092999999999904e+02,3.002990699999999720e+02
1.847961018940609961e+02,2.342703899999999919e+02
1.848251551768488810e+02,2.342703899999999919e+02
1.866032160834671174e+02,2.342703899999999919e+02
1.797589000000000112e+02,2.672868700000000217e+02
1.884103302728732103e+02,2.342703899999999919e+02
1.884451942122186665e+02,2.342703899999999919e+02
1.902174444622793033e+02,2.342703899999999919e+02
1.854495200000000068e+02,2.342703899999999919e+02
1.920245586516853962e+02,2.054918199999999899e+02
1.920652332475884236e+02,2.054918199999999899e+02
1.938316728410915175e+02,2.054918199999999899e+02
1.920841000000000065e+02,2.054918199999999899e+02
1.956387870304976104e+02,2.054918199999999899e+02
1.956852722829582092e+02,2.054918199999999899e+02
1.974459012199037033e+02,2.054918199999999899e+02
1.993663300000000049e+02,1.773499799999999880e+02
1.992530154093097963e+02,1.773499799999999880e+02
1.993053113183279947e+02,1.773499799999999880e+02
2.010601295987158892e+02,1.773499799999999880e+02
2.082433499999999924e+02,1.540452899999999943e+02
2.028672437881220105e+02,1.773499799999999880e+02
2.029253503536977519e+02,1.773499799999999880e+02
2.046743579775281034e+02,1.773499799999999880e+02
2.172963599999999929e+02,1.327315700000000049e+02
2.064814721669341964e+02,1.540452899999999943e+02
2.065453893890675374e+02,1.540452899999999943e+02
2.082885863563403177e+02,1.540452899999999943e+02
2.253219599999999900e+02,1.204320100000000053e+02
2.100957005457464106e+02,1.540452899999999943e+02
2.101654284244373230e+02,1.540452899999999943e+02
2.119028147351525035e+02,1.540452899999999943e+02
2.351596999999999866e+02,1.123220199999999949e+02
2.137099289245585965e+02,1.327315700000000049e+02
2.137854674598070801e+02,1.327315700000000049e+02
2.155170431139646894e+02,1.327315700000000049e+02
2.411267400000000123e+02,1.109392100000000028e+02
2.173241573033707823e+02,1.327315700000000049e+02
2.174055064951768657e+02,1.327315700000000049e+02
2.191312714927769036e+02,1.327315700000000049e+02
2.453715200000000038e+02,1.127045899999999961e+02
2.209383856821829966e+02,1.327315700000000049e+02
2.210255455305466512e+02,1.327315700000000049e+02
2.227454998715890895e+02,1.327315700000000049e+02
2.495161999999999978e+02,1.173182400000000030e+02
2.245526140609952108e+02,1.204320100000000053e+02
2.246455845659164083e+02,1.204320100000000053e+02
2.263597282504013037e+02,1.204320100000000053e+02
2.612614399999999932e+02,1.480843500000000006e+02
2.281668424398073967e+02,1.204320100000000053e+02
2.282656236012861655e+02,1.204320100000000053e+02
2.299739566292134896e+02,1.204320100000000053e+02
2.675864300000000071e+02,1.942488999999999919e+02
2.317810708186195825e+02,1.123220199999999949e+02
2.318856626366559510e+02,1.123220199999999949e+02
2.335881850080256754e+02,1.123220199999999949e+02
2.681655600000000277e+02,2.399052700000000016e+02
2.353952991974317968e+02,1.123220199999999949e+02
2.355057016720257366e+02,1.123220199999999949e+02
2.372024133868378897e+02,1.123220199999999949e+02
2.647720299999999725e+02,2.883514400000000251e+02
2.390095275762440110e+02,1.109392100000000028e+02
2.391257407073954937e+02,1.109392100000000028e+02
2.408166417656501039e+02,1.109392100000000028e+02
2.633921199999999772e+02,3.433972200000000043e+02
2.426237559550561969e+02,1.109392100000000028e+02
2.427457797427652793e+02,1.109392100000000028e+02
2.444308701444622898e+02,1.127045899999999961e+02
2.626294300000000135e+02,3.936364699999999743e+02
2.462379843338683827e+02,1.127045899999999961e+02
2.463658187781350648e+02,1.127045899999999961e+02
2.480450985232744756e+02,1.173182400000000030e+02
2.631715399999999931e+02,4.376707799999999793e+02
2.498522127126805970e+02,1.173182400000000030e+02
2.499858578135048219e+02,1.173182400000000030e+02
2.516593269020866899e+02,1.173182400000000030e+02
2.668413699999999835e+02,4.792271700000000010e+02
2.534664410914927828e+02,1.173182400000000030e+02
2.536058968488746075e+02,1.173182400000000030e+02
2.552735552808989041e+02,1.173182400000000030e+02
2.726796600000000126e+02,5.116123000000000047e+02
2.570806694703049970e+02,1.480843500000000006e+02
2.572259358842443930e+02,1.480843500000000006e+02
2.588877836597110900e+02,1.480843500000000006e+02
2.800619800000000055e+02,5.353271499999999605e+02
2.606948978491171829e+02,1.480843500000000006e+02
2.608459749196141502e+02,1.480843500000000006e+02
2.625020120385232758e+02,3.936364699999999743e+02
2.884635999999999854e+02,5.550052500000000464e+02
2.643091262279293687e+02,2.883514400000000251e+02
2.644660139549839641e+02,2.883514400000000251e+02
2.661162404173354616e+02,4.792271700000000010e+02
2.961175200000000132e+02,5.681275600000000168e+02
2.679233546067415546e+02,2.399052700000000016e+02
2.680860529903537213e+02,2.399052700000000016e+02
2.697304687961477043e+02,2.399052700000000016e+02
3.057282000000000153e+02,5.790348999999999933e+02
2.715375829855537972e+02,5.116123000000000047e+02
2.717060920257234784e+02,5.116123000000000047e+02
2.733446971749598902e+02,5.116123000000000047e+02
3.198231799999999794e+02,5.882936999999999443e+02
2.751518113643659831e+02,5.116123000000000047e+02
2.753261310610932924e+02,5.116123000000000047e+02
2.769589255537720760e+02,5.116123000000000047e+02
3.349023700000000190e+02,5.927528999999999542e+02
2.787660397431781689e+02,5.353271499999999605e+02
2.789461700964630495e+02,5.353271499999999605e+02
2.805731539325843187e+02,5.353271499999999605e+02
3.470152600000000120e+02,5.903594000000000506e+02
2.823802681219904116e+02,5.353271499999999605e+02
2.825662091318328066e+02,5.353271499999999605e+02
2.841873823113965045e+02,5.353271499999999605e+02
3.631955600000000004e+02,5.803808599999999842e+02
2.859944965008025974e+02,5.550052500000000464e+02
2.861862481672025638e+02,5.550052500000000464e+02
2.878016106902086904e+02,5.550052500000000464e+02
3.799196499999999901e+02,5.665017000000000280e+02
2.896087248796147833e+02,5.550052500000000464e+02
2.898062872025723209e+02,5.550052500000000464e+02
2.914158390690208762e+02,5.550052500000000464e+02
3.890344499999999925e+02,5.486457500000000209e+02
2.932229532584269691e+02,5.681275600000000168e+02
2.934263262379421349e+02,5.681275600000000168e+02
2.950300674478330620e+02,5.681275600000000168e+02
4.038317000000000121e+02,5.130523699999999963e+02
2.968371816372391550e+02,5.681275600000000168e+02
2.970463652733118920e+02,5.681275600000000168e+02
2.986442958266452479e+02,5.681275600000000168e+02
4.087599500000000035e+02,4.854514199999999846e+02
3.004514100160513408e+02,5.681275600000000168e+02
3.006664043086816491e+02,5.681275600000000168e+02
3.022585242054574906e+02,5.681275600000000168e+02
4.103442699999999945e+02,4.535054999999999836e+02
3.040656383948635835e+02,5.790348999999999933e+02
3.042864433440514631e+02,5.790348999999999933e+02
3.058727525842696764e+02,5.790348999999999933e+02
4.084470200000000091e+02,4.189153999999999769e+02
3.076798667736757693e+02,5.790348999999999933e+02
3.079064823794212202e+02,5.790348999999999933e+02
3.094869809630819191e+02,5.790348999999999933e+02
4.039195300000000088e+02,3.822490199999999732e+02
3.112940951524880120e+02,5.790348999999999933e+02
3.115265214147909774e+02,5.790348999999999933e+02
3.131012093418941049e+02,5.790348999999999933e+02
3.973412200000000212e+02,3.413145799999999781e+02
3.149083235313001978e+02,5.882936999999999443e+02
3.151465604501607913e+02,5.882936999999999443e+02
3.167154377207062907e+02,5.882936999999999443e+02
3.892930999999999813e+02,3.055769000000000233e+02
3.185225519101123837e+02,5.882936999999999443e+02
3.187665994855305485e+02,5.882936999999999443e+02
3.203296660995184766e+02,5.882936999999999443e+02
3.814022199999999998e+02,2.736970200000000091e+02
3.221367802889245695e+02,1.562529299999999921e+02
3.223866385209003056e+02,1.562529299999999921e+02
3.239438944783306624e+02,1.566401400000000024e+02
3.725603600000000029e+02,2.432672100000000057e+02
3.257510086677367553e+02,1.589365200000000016e+02
3.260066775562701196e+02,1.589365200000000016e+02
3.275581228571428483e+02,1.738045700000000124e+02
3.643514999999999873e+02,2.197602500000000134e+02
3.293652370465489412e+02,1.738045700000000124e+02
3.296267165916398767e+02,1.738045700000000124e+02
3.311723512359550341e+02,1.645354000000000099e+02
3.554615000000000009e+02,1.985441899999999862e+02
3.329794654253611839e+02,1.645354000000000099e+02
3.332467556270096338e+02,1.645354000000000099e+02
3.347865796147672768e+02,1.810918000000000063e+02
3.486708699999999794e+02,1.861182900000000018e+02
3.365936938041733697e+02,5.927528999999999542e+02
3.368667946623794478e+02,5.927528999999999542e+02
3.384008079935794626e+02,1.734090600000000109e+02
3.396372999999999820e+02,1.734090600000000109e+02
3.402079221829855555e+02,1.734090600000000109e+02
3.404868336977492049e+02,1.734090600000000109e+02
3.420150363723917053e+02,1.734090600000000109e+02
3.321110800000000154e+02,1.645354000000000099e+02
3.438221505617977982e+02,1.902979699999999923e+02
3.441068727331189621e+02,1.902979699999999923e+02
3.456292647512038911e+02,5.903594000000000506e+02
3.266368400000000065e+02,1.589365200000000016e+02
3.474363789406099841e+02,5.903594000000000506e+02
3.477269117684887760e+02,5.903594000000000506e+02
3.492434931300160770e+02,1.861182900000000018e+02
3.238082299999999805e+02,1.566401400000000024e+02
3.510506073194221699e+02,1.861182900000000018e+02
3.513469508038585332e+02,1.861182900000000018e+02
3.528577215088282628e+02,1.861182900000000018e+02
3.220568499999999972e+02,1.562529299999999921e+02
3.546648356982343557e+02,1.976000999999999976e+02
3.549669898392282903e+02,1.976000999999999976e+02
3.564719498876404487e+02,1.985441899999999862e+02
3.208734000000000037e+02,1.592658700000000067e+02
3.582790640770465416e+02,1.985441899999999862e+02
3.585870288745981043e+02,1.985441899999999862e+02
3.600861782664526345e+02,1.985441899999999862e+02
3.216439799999999991e+02,1.652119099999999889e+02
3.618932924558587274e+02,5.803808599999999842e+02
3.622070679099678614e+02,5.803808599999999842e+02
3.637004066452648772e+02,5.803808599999999842e+02
3.232183200000000056e+02,1.684177200000000028e+02
3.655075208346709701e+02,2.197602500000000134e+02
3.658271069453376185e+02,2.197602500000000134e+02
3.673146350240770630e+02,2.197602500000000134e+02
3.276663199999999847e+02,1.738045700000000124e+02
3.691217492134831559e+02,2.056365999999999872e+02
3.694471459807074325e+02,2.056365999999999872e+02
3.709288634028892488e+02,2.056365999999999872e+02
3.348335299999999961e+02,1.810918000000000063e+02
3.727359775922953986e+02,2.432672100000000057e+02
3.730671850160771896e+02,2.432672100000000057e+02
3.745430917817014915e+02,2.432672100000000057e+02
3.441514999999999986e+02,1.902979699999999923e+02
3.763502059711075844e+02,5.665017000000000280e+02
3.766872240514469468e+02,5.665017000000000280e+02
3.781573201605136774e+02,5.665017000000000280e+02
3.550989000000000146e+02,1.976000999999999976e+02
3.799644343499197703e+02,5.665017000000000280e+02
3.803072630868167607e+02,5.665017000000000280e+02
3.817715485393258632e+02,2.736970200000000091e+02
3.719458000000000197e+02,2.056365999999999872e+02
3.835786627287319561e+02,2.736970200000000091e+02
3.839273021221865179e+02,2.736970200000000091e+02
3.853857769181380490e+02,2.736970200000000091e+02
3.926642499999999814e+02,2.089245600000000138e+02
3.871928911075441420e+02,5.486457500000000209e+02
3.875473411575562750e+02,5.486457500000000209e+02
3.890000052969502349e+02,5.486457500000000209e+02
4.113090799999999945e+02,2.062818599999999947e+02
3.908071194863563278e+02,2.089245600000000138e+02
3.911673801929260890e+02,2.089245600000000138e+02
3.926142336757624207e+02,2.089245600000000138e+02
4.366784700000000043e+02,1.979521499999999889e+02
3.944213478651685705e+02,2.089245600000000138e+02
3.947874192282957893e+02,2.089245600000000138e+02
3.962284620545746634e+02,3.413145799999999781e+02
4.562264400000000251e+02,1.861092500000000030e+02
3.980355762439807563e+02,3.413145799999999781e+02
3.984074582636656032e+02,3.413145799999999781e+02
3.998426904333868492e+02,3.413145799999999781e+02
4.754260300000000257e+02,1.686004599999999982e+02
4.016498046227929422e+02,5.130523699999999963e+02
4.020274972990354172e+02,5.130523699999999963e+02
4.034569188121990919e+02,5.130523699999999963e+02
4.928484000000000265e+02,1.498543699999999887e+02
4.052640330016051848e+02,3.822490199999999732e+02
4.056475363344051175e+02,3.822490199999999732e+02
4.070711471910112778e+02,4.189153999999999769e+02
5.042965699999999742e+02,1.326307400000000030e+02
4.088782613804173707e+02,4.854514199999999846e+02
4.092675753697749315e+02,4.854514199999999846e+02
4.106853755698234636e+02,4.535054999999999836e+02
5.156381999999999834e+02,1.094931639999999931e+02
4.124924897592295565e+02,2.062818599999999947e+02
4.128876144051446886e+02,2.062818599999999947e+02
4.142996039486356494e+02,2.062818599999999947e+02
5.228971000000000231e+02,8.915124500000000296e+01
4.161067181380417423e+02,2.062818599999999947e+02
4.165076534405144457e+02,2.062818599999999947e+02
4.179138323274478353e+02,2.062818599999999947e+02
5.252168000000000347e+02,7.337377999999999645e+01
4.197209465168539282e+02,4.938841600000000085e+02
4.201276924758842597e+02,4.938841600000000085e+02
4.215280607062600211e+02,4.938841600000000085e+02
5.263065000000000282e+02,6.388244600000000162e+01
4.233351748956661709e+02,4.938841600000000085e+02
4.237477315112540168e+02,4.938841600000000085e+02
4.251422890850722638e+02,4.938841600000000085e+02
5.263065000000000282e+02,5.748034700000000186e+01
4.269494032744783567e+02,4.938841600000000085e+02
4.273677705466237740e+02,4.938841600000000085e+02
4.287565174638844496e+02,4.938841600000000085e+02
5.252387999999999693e+02,5.484252999999999645e+01
4.305636316532905425e+02,1.979521499999999889e+02
4.309878095819935879e+02,1.979521499999999889e+02
4.323707458426966355e+02,1.979521499999999889e+02
5.242043499999999767e+02,5.407507300000000328e+01
4.341778600321027284e+02,1.979521499999999889e+02
4.346078486173633451e+02,1.979521499999999889e+02
4.359849742215088213e+02,1.979521499999999889e+02
5.243071999999999662e+02,5.407507300000000328e+01
4.377920884109149711e+02,5.209178500000000440e+02
4.382278876527331022e+02,5.209178500000000440e+02
4.395992026003210640e+02,5.209178500000000440e+02
5.243071999999999662e+02,5.407507300000000328e+01
4.414063167897271569e+02,5.209178500000000440e+02
4.418479266881029162e+02,5.209178500000000440e+02
4.432134309791332498e+02,5.209178500000000440e+02
5.243071999999999662e+02,5.407507300000000328e+01
4.450205451685393427e+02,5.320161000000000513e+02
4.454679657234726733e+02,5.320161000000000513e+02
4.468276593579454357e+02,5.320161000000000513e+02
4.248395699999999806e+02,4.938841600000000085e+02
4.486347735473515286e+02,5.320161000000000513e+02
4.490880047588424304e+02,5.320161000000000513e+02
4.504418877367576215e+02,5.320161000000000513e+02
4.248395699999999806e+02,4.938841600000000085e+02
4.522490019261637713e+02,1.861092500000000030e+02
4.527080437942122444e+02,1.861092500000000030e+02
4.540561161155698642e+02,1.861092500000000030e+02
4.248395699999999806e+02,4.938841600000000085e+02
4.558632303049759571e+02,1.861092500000000030e+02
4.563280828295820015e+02,1.861092500000000030e+02
4.576703444943820500e+02,5.444526399999999740e+02
4.248395699999999806e+02,4.938841600000000085e+02
4.594774586837881429e+02,5.444526399999999740e+02
4.599481218649517587e+02,5.444526399999999740e+02
4.612845728731942359e+02,5.444526399999999740e+02
4.248395699999999806e+02,4.938841600000000085e+02
4.630916870626003288e+02,5.540896000000000186e+02
4.635681609003215726e+02,5.540896000000000186e+02
4.648988012520064217e+02,5.540896000000000186e+02
4.395478200000000015e+02,5.209178500000000440e+02
4.667059154414125146e+02,5.540896000000000186e+02
4.671881999356913298e+02,5.540896000000000186e+02
4.685130296308186644e+02,5.540896000000000186e+02
4.474157700000000091e+02,5.320161000000000513e+02
4.703201438202247573e+02,1.686004599999999982e+02
4.708082389710610869e+02,1.686004599999999982e+02
4.721272580096308502e+02,1.686004599999999982e+02
4.570147699999999986e+02,5.444526399999999740e+02
4.739343721990369431e+02,1.686004599999999982e+02
4.744282780064309009e+02,1.686004599999999982e+02
4.757414863884430360e+02,1.686004599999999982e+02
4.658106700000000160e+02,5.540896000000000186e+02
4.775486005778491290e+02,5.621254999999999882e+02
4.780483170418006580e+02,5.621254999999999882e+02
4.793557147672552219e+02,5.621254999999999882e+02
4.766314699999999789e+02,5.621254999999999882e+02
4.811628289566613148e+02,5.621254999999999882e+02
4.816683560771704151e+02,5.621254999999999882e+02
4.829699431460674646e+02,5.621254999999999882e+02
4.883527199999999766e+02,5.640759000000000469e+02
4.847770573354735575e+02,5.640759000000000469e+02
4.852883951125402291e+02,5.640759000000000469e+02
4.865841715248796504e+02,5.640759000000000469e+02
5.006801800000000071e+02,5.581781999999999471e+02
4.883912857142857433e+02,5.640759000000000469e+02
4.889084341479099862e+02,5.640759000000000469e+02
4.901983999036918362e+02,5.640759000000000469e+02
5.116886600000000271e+02,5.443840300000000525e+02
4.920055140930979292e+02,1.498543699999999887e+02
4.925284731832797434e+02,1.498543699999999887e+02
4.938126282825040221e+02,1.498543699999999887e+02
5.242821699999999510e+02,5.200166000000000395e+02
4.956197424719101150e+02,1.498543699999999887e+02
4.961485122186495005e+02,1.498543699999999887e+02
4.974268566613162079e+02,1.498543699999999887e+02
5.327066700000000310e+02,4.933430200000000241e+02
4.992339708507223577e+02,5.581781999999999471e+02
4.997685512540193145e+02,5.581781999999999471e+02
5.010410850401284506e+02,5.581781999999999471e+02
5.400221999999999980e+02,4.645018299999999840e+02
5.028481992295345435e+02,1.326307400000000030e+02
5.033885902893890716e+02,1.326307400000000030e+02
5.046553134189406364e+02,1.326307400000000030e+02
5.434491600000000062e+02,4.378412999999999897e+02
5.064624276083467294e+02,1.326307400000000030e+02
5.070086293247588287e+02,1.326307400000000030e+02
5.082695417977528223e+02,1.326307400000000030e+02
5.454859000000000151e+02,4.141104700000000207e+02
5.100766559871589152e+02,5.443840300000000525e+02
5.106286683601286427e+02,5.443840300000000525e+02
5.118837701765650081e+02,5.443840300000000525e+02
5.453003499999999804e+02,3.946109599999999773e+02
5.136908843659711010e+02,1.094931639999999931e+02
5.142487073954983998e+02,1.094931639999999931e+02
5.154979985553773076e+02,1.094931639999999931e+02
5.453003499999999804e+02,3.813036000000000172e+02
5.173051127447834006e+02,1.094931639999999931e+02
5.178687464308682138e+02,1.094931639999999931e+02
5.191122269341894935e+02,1.094931639999999931e+02
5.440934399999999869e+02,3.763851300000000037e+02
5.209193411235955864e+02,8.915124500000000296e+01
5.214887854662379141e+02,8.915124500000000296e+01
5.227264553130016793e+02,8.915124500000000296e+01
5.430588000000000193e+02,3.726172000000000253e+02
5.245335695024077722e+02,5.407507300000000328e+01
5.251088245016077281e+02,7.337377999999999645e+01
5.263406836918138652e+02,5.748034700000000186e+01
5.423013300000000072e+02,3.712707500000000209e+02
5.281477978812199581e+02,6.388244600000000162e+01
5.287288635369775420e+02,6.388244600000000162e+01
5.299549120706260510e+02,6.388244600000000162e+01
5.423013300000000072e+02,3.718109000000000037e+02
5.317620262600321439e+02,2.657736800000000130e+02
5.323489025723472423e+02,2.451032700000000091e+02
5.335691404494382368e+02,4.933430200000000241e+02
5.423013300000000072e+02,3.771463600000000156e+02
5.353762546388443297e+02,2.795507799999999747e+02
5.359689416077170563e+02,2.795507799999999747e+02
5.371833688282504227e+02,4.658696299999999724e+02
5.414346000000000458e+02,3.878025000000000091e+02
5.389904830176565156e+02,4.645018299999999840e+02
5.395889806430868703e+02,4.645018299999999840e+02
5.407975972070626085e+02,5.257594000000000278e+02
5.378810399999999845e+02,4.285751999999999953e+02
5.426047113964687014e+02,3.712707500000000209e+02
5.432090196784565705e+02,3.726172000000000253e+02
5.444118255858747943e+02,3.763851300000000037e+02
5.368030999999999722e+02,4.658696299999999724e+02
5.462189397752808873e+02,2.303485100000000045e+02
5.468290587138263845e+02,2.303485100000000045e+02
5.480260539646869802e+02,2.303485100000000045e+02
5.367945999999999458e+02,4.954500699999999824e+02
5.498331681540930731e+02,5.461277000000000044e+02
5.504490977491961985e+02,5.461277000000000044e+02
5.516402823434991660e+02,2.935316199999999753e+02
5.404365000000000236e+02,5.257594000000000278e+02
5.534473965329052589e+02,2.935316199999999753e+02
5.540691367845658988e+02,2.935316199999999753e+02
5.552545107223113519e+02,2.935316199999999753e+02
5.451568999999999505e+02,5.400848399999999856e+02
5.570616249117174448e+02,5.535628699999999753e+02
5.576891758199357128e+02,5.535628699999999753e+02
5.588687391011235377e+02,5.535628699999999753e+02
5.497984999999999900e+02,5.461277000000000044e+02
5.606758532905297443e+02,2.957479200000000219e+02
5.613092148553055267e+02,2.957479200000000219e+02
5.624829674799358372e+02,2.957479200000000219e+02
5.579637999999999920e+02,5.535628699999999753e+02
5.642900816693419301e+02,2.957479200000000219e+02
5.649292538906752270e+02,2.957479200000000219e+02
5.660971958587480231e+02,2.957479200000000219e+02
5.685547000000000253e+02,5.576636999999999489e+02
5.679043100481541160e+02,2.181591799999999921e+02
5.685492929260450410e+02,5.576636999999999489e+02
5.697114242375602089e+02,5.576636999999999489e+02
5.818655400000000100e+02,5.543497300000000223e+02
5.715185384269663018e+02,2.923951400000000262e+02
5.721693319614148550e+02,2.923951400000000262e+02
5.733256526163723947e+02,2.923951400000000262e+02
5.964010600000000295e+02,5.450801999999999907e+02
5.751327668057784877e+02,2.166711400000000083e+02
5.757893709967845552e+02,2.166711400000000083e+02
5.769398809951846943e+02,2.166711400000000083e+02
6.073038999999999987e+02,5.325359999999999445e+02
5.787469951845907872e+02,2.166711400000000083e+02
5.794094100321543692e+02,2.166711400000000083e+02
5.805541093739968801e+02,2.166711400000000083e+02
6.214066000000000258e+02,5.028639999999999759e+02
5.823612235634029730e+02,5.543497300000000223e+02
5.830294490675241832e+02,5.543497300000000223e+02
5.841683377528090659e+02,5.543497300000000223e+02
6.217754499999999780e+02,5.018807400000000030e+02
5.859754519422151589e+02,2.183646200000000022e+02
5.866494881028938835e+02,2.183646200000000022e+02
5.877825661316212518e+02,2.183646200000000022e+02
6.217754499999999780e+02,5.018807400000000030e+02
5.895896803210273447e+02,2.813247000000000071e+02
5.902695271382636975e+02,2.813247000000000071e+02
5.913967945104334376e+02,2.813247000000000071e+02
5.313048999999999751e+02,2.557652600000000120e+02
5.932039086998395305e+02,2.233908700000000067e+02
5.938895661736335114e+02,2.233908700000000067e+02
5.950110228892456234e+02,2.233908700000000067e+02
5.313048999999999751e+02,2.557652600000000120e+02
5.968181370786517164e+02,5.450801999999999907e+02
5.975096052090032117e+02,2.703235999999999990e+02
5.986252512680578093e+02,2.703235999999999990e+02
5.313048999999999751e+02,2.557652600000000120e+02
6.004323654574639022e+02,2.289180900000000065e+02
6.011296442443730257e+02,2.289180900000000065e+02
6.022394796468699951e+02,2.289180900000000065e+02
5.313048999999999751e+02,2.557652600000000120e+02
6.040465938362760880e+02,2.611852999999999838e+02
6.047496832797428397e+02,2.611852999999999838e+02
6.058537080256821810e+02,2.611852999999999838e+02
5.313048999999999751e+02,2.557652600000000120e+02
6.076608222150882739e+02,5.325359999999999445e+02
6.083697223151125399e+02,2.438231199999999887e+02
6.094679364044943668e+02,2.438231199999999887e+02
5.319305000000000518e+02,2.657736800000000130e+02
6.112750505939004597e+02,2.438231199999999887e+02
6.119897613504822402e+02,2.438231199999999887e+02
6.130821647833065526e+02,2.438231199999999887e+02
5.351887000000000398e+02,2.795507799999999747e+02
6.148892789727126456e+02,5.028639999999999759e+02
6.156098003858521679e+02,5.028639999999999759e+02
6.166963931621187385e+02,5.028639999999999759e+02
5.413243999999999687e+02,2.866661399999999844e+02
6.185035073515248314e+02,5.028639999999999759e+02
6.192298394212218682e+02,5.028639999999999759e+02
6.203106215409309243e+02,5.028639999999999759e+02
5.515566000000000031e+02,2.935316199999999753e+02
6.221177357303371309e+02,5.018807400000000030e+02
6.228498784565915685e+02,5.018807400000000030e+02
6.239248499197432238e+02,5.018807400000000030e+02
5.623374000000000024e+02,2.957479200000000219e+02
6.257319641091493168e+02,5.018807400000000030e+02
6.264699174919614961e+02,5.018807400000000030e+02
6.275390782985554097e+02,5.018807400000000030e+02
5.738382599999999911e+02,2.923951400000000262e+02
6.293461924879615026e+02,5.329782999999999902e+02
6.300899565273311964e+02,5.329782999999999902e+02
6.311533066773675955e+02,5.329782999999999902e+02
5.895384500000000116e+02,2.813247000000000071e+02
6.329604208667736884e+02,5.329782999999999902e+02
6.337099955627008967e+02,5.329782999999999902e+02
6.347675350561797813e+02,5.329782999999999902e+02
5.981930499999999711e+02,2.703235999999999990e+02
6.365746492455858743e+02,4.812817400000000134e+02
6.373300345980708244e+02,4.812817400000000134e+02
6.383817634349920809e+02,4.812817400000000134e+02
6.037312600000000202e+02,2.611852999999999838e+02
6.401888776243981738e+02,4.577636699999999905e+02
6.409500736334405246e+02,4.577636699999999905e+02
6.419959918138042667e+02,4.362040999999999826e+02
6.081866499999999860e+02,2.438231199999999887e+02
6.438031060032103596e+02,3.893602300000000014e+02
6.445701126688102249e+02,3.928050499999999943e+02
6.456102201926164526e+02,3.975636000000000081e+02
6.070971700000000055e+02,2.337033700000000067e+02
6.474173343820225455e+02,4.001963999999999828e+02
6.481901517041801526e+02,4.001963999999999828e+02
6.492244485714286384e+02,4.001963999999999828e+02
6.032679399999999532e+02,2.289180900000000065e+02
6.510315627608347313e+02,4.061002199999999789e+02
6.518101907395498529e+02,4.061002199999999789e+02
6.528386769502408242e+02,4.061002199999999789e+02
5.963676000000000386e+02,2.233908700000000067e+02
6.546457911396469171e+02,4.061002199999999789e+02
6.554302297749195532e+02,4.061002199999999789e+02
6.564529053290530101e+02,4.061002199999999789e+02
5.873252599999999575e+02,2.183646200000000022e+02
6.582600195184591030e+02,4.061002199999999789e+02
6.590502688102893671e+02,4.061002199999999789e+02
6.600671337078651959e+02,4.061002199999999789e+02
5.776647000000000389e+02,2.166711400000000083e+02
6.618742478972712888e+02,4.085878999999999905e+02
6.626703078456591811e+02,4.085878999999999905e+02
6.636813620866773817e+02,4.085878999999999905e+02
5.682562000000000353e+02,2.181591799999999921e+02
6.654884762760834747e+02,4.085878999999999905e+02
6.662903468810288814e+02,4.085878999999999905e+02
6.672955904654895676e+02,4.085878999999999905e+02
5.598556499999999687e+02,2.213742699999999957e+02
6.691027046548956605e+02,4.085878999999999905e+02
6.699103859163986954e+02,4.085878999999999905e+02
6.709098188443017534e+02,4.085878999999999905e+02
5.480061600000000226e+02,2.303485100000000045e+02
6.727169330337078463e+02,4.085878999999999905e+02
6.735304249517685093e+02,4.085878999999999905e+02
6.745240472231139393e+02,4.085878999999999905e+02
5.326373999999999569e+02,2.447651400000000024e+02
6.763311614125200322e+02,4.085878999999999905e+02
6.771504639871382096e+02,4.085878999999999905e+02
6.781382756019261251e+02,4.085878999999999905e+02
5.323045700000000124e+02,2.451032700000000091e+02
6.799453897913323317e+02,4.068566999999999894e+02
6.807705030225080236e+02,4.068566999999999894e+02
6.817525039807384246e+02,4.068566999999999894e+02
5.323045700000000124e+02,2.451032700000000091e+02
6.835596181701445175e+02,4.068566999999999894e+02
6.843905420578778376e+02,4.068566999999999894e+02
6.853667323595506105e+02,4.068566999999999894e+02
6.347712400000000343e+02,5.329782999999999902e+02
6.871738465489567034e+02,4.068566999999999894e+02
6.880105810932475379e+02,4.068566999999999894e+02
6.889809607383627963e+02,4.068566999999999894e+02
6.347712400000000343e+02,5.329782999999999902e+02
6.907880749277688892e+02,4.068566999999999894e+02
6.916306201286173518e+02,4.068566999999999894e+02
6.925951891171749821e+02,4.068566999999999894e+02
6.347712400000000343e+02,5.329782999999999902e+02
6.944023033065810750e+02,4.068566999999999894e+02
6.952506591639871658e+02,4.068566999999999894e+02
6.962094174959871680e+02,4.068566999999999894e+02
6.347712400000000343e+02,5.329782999999999902e+02
6.980165316853932609e+02,4.031816400000000158e+02
6.988706981993568661e+02,4.031816400000000158e+02
6.998236458747993538e+02,4.031816400000000158e+02
6.354130000000000109e+02,5.101618700000000217e+02
7.016307600642054467e+02,4.031816400000000158e+02
7.024907372347266801e+02,4.031816400000000158e+02
7.034378742536115396e+02,4.031816400000000158e+02
6.357708999999999833e+02,4.983282500000000255e+02
7.052449884430176326e+02,4.031816400000000158e+02
7.061107762700964940e+02,4.031816400000000158e+02
7.070521026324238392e+02,4.031816400000000158e+02
6.382350000000000136e+02,4.812817400000000134e+02
7.088592168218299321e+02,4.023682999999999765e+02
7.097308153054661943e+02,4.023682999999999765e+02
7.106663310112360250e+02,4.023682999999999765e+02
6.402405400000000100e+02,4.577636699999999905e+02
7.124734452006421179e+02,4.023682999999999765e+02
7.133508543408360083e+02,4.023682999999999765e+02
7.142805593900482108e+02,4.023682999999999765e+02
6.417689000000000306e+02,4.362040999999999826e+02
7.160876735794543038e+02,4.023682999999999765e+02
7.169708933762058223e+02,4.023682999999999765e+02
7.178947877688603967e+02,4.023682999999999765e+02
6.425766599999999471e+02,4.187673300000000154e+02
7.197019019582664896e+02,4.029627699999999777e+02
7.205909324115755226e+02,4.047934599999999818e+02
7.215090161476725825e+02,4.047934599999999818e+02
6.436112000000000535e+02,4.034345700000000079e+02
7.233161303370786754e+02,4.138910000000000196e+02
7.242109714469453365e+02,4.138910000000000196e+02
7.251232445264847684e+02,4.138910000000000196e+02
6.437682999999999538e+02,3.944236999999999966e+02
7.269303587158908613e+02,4.316373300000000199e+02
7.278310104823151505e+02,4.316373300000000199e+02
7.287374729052969542e+02,4.316373300000000199e+02
6.437682999999999538e+02,3.893602300000000014e+02
7.305445870947030471e+02,4.588319000000000187e+02
7.314510495176848508e+02,4.588319000000000187e+02
7.323517012841091400e+02,4.810192999999999870e+02
6.432684299999999666e+02,3.873596200000000067e+02
7.341588154735152330e+02,4.810192999999999870e+02
7.350710885530546648e+02,4.810192999999999870e+02
7.359659296629213259e+02,4.810192999999999870e+02
6.432684299999999666e+02,3.872638000000000034e+02
7.377730438523275325e+02,4.985870400000000018e+02
7.386911275884244787e+02,4.985870400000000018e+02
7.395801580417336254e+02,4.985870400000000018e+02
6.432684299999999666e+02,3.891241499999999860e+02
7.413872722311397183e+02,5.185132999999999583e+02
7.423111666237941790e+02,5.185132999999999583e+02
7.431943864205458112e+02,5.185132999999999583e+02
6.443273000000000366e+02,3.928050499999999943e+02
7.450015006099519042e+02,5.185132999999999583e+02
7.459312056591639930e+02,5.185132999999999583e+02
7.468086147993579971e+02,5.185132999999999583e+02
6.453664999999999736e+02,3.975636000000000081e+02
7.486157289887640900e+02,5.322828399999999647e+02
7.495512446945338070e+02,5.322828399999999647e+02
7.504228431781701829e+02,5.322828399999999647e+02
6.470450399999999718e+02,4.001963999999999828e+02
7.522299573675762758e+02,5.322828399999999647e+02
7.531712837299035073e+02,5.322828399999999647e+02
7.540370715569823687e+02,5.322828399999999647e+02
6.546150000000000091e+02,4.061002199999999789e+02
7.558441857463884617e+02,5.388149399999999787e+02
7.567913227652733212e+02,5.388149399999999787e+02
7.576512999357945546e+02,5.388149399999999787e+02
6.691957999999999629e+02,4.085878999999999905e+02
7.594584141252006475e+02,5.388149399999999787e+02
7.604113618006431352e+02,5.388149399999999787e+02
7.612655283146067404e+02,5.388149399999999787e+02
6.879958000000000311e+02,4.068566999999999894e+02
7.630726425040128333e+02,5.388149399999999787e+02
7.640314008360128355e+02,5.388149399999999787e+02
7.648797566934189263e+02,5.388149399999999787e+02
7.038161000000000058e+02,4.031816400000000158e+02
7.666868708828250192e+02,5.464954999999999927e+02
7.676514398713826495e+02,5.464954999999999927e+02
7.684939850722312258e+02,5.464954999999999927e+02
7.148921000000000276e+02,4.023682999999999765e+02
7.703010992616373187e+02,5.464954999999999927e+02
7.712714789067524634e+02,5.464954999999999927e+02
7.721082134510434116e+02,5.464954999999999927e+02
7.192472999999999956e+02,4.029627699999999777e+02
7.739153276404495045e+02,5.464954999999999927e+02
7.748915179421221637e+02,5.464954999999999927e+02
7.757224418298555975e+02,5.464954999999999927e+02
7.214724999999999682e+02,4.047934599999999818e+02
7.775295560192616904e+02,5.464954999999999927e+02
7.785115569774919777e+02,5.464954999999999927e+02
7.793366702086677833e+02,5.464954999999999927e+02
7.247341000000000122e+02,4.138910000000000196e+02
7.811437843980738762e+02,5.502807599999999866e+02
7.821315960128617917e+02,5.502807599999999866e+02
7.829508985874799691e+02,5.502807599999999866e+02
7.280820999999999685e+02,4.316373300000000199e+02
7.847580127768860621e+02,5.502807599999999866e+02
7.857516350482314920e+02,5.502807599999999866e+02
7.865651269662921550e+02,5.502807599999999866e+02
7.301870999999999867e+02,4.588319000000000187e+02
7.883722411556982479e+02,5.502807599999999866e+02
7.893716740836013059e+02,5.502807599999999866e+02
7.901793553451043408e+02,5.502807599999999866e+02
7.328174000000000206e+02,4.810192999999999870e+02
7.919864695345104337e+02,5.502807599999999866e+02
7.929917131189711199e+02,5.502807599999999866e+02
7.937935837239165267e+02,5.502807599999999866e+02
7.375316000000000258e+02,4.985870400000000018e+02
7.956006979133226196e+02,5.502807599999999866e+02
7.966117521543408202e+02,5.502807599999999866e+02
7.974078121027287125e+02,5.502807599999999866e+02
7.427137500000000045e+02,5.185132999999999583e+02
7.992149262921349191e+02,5.484430999999999585e+02
8.002317911897106342e+02,5.484430999999999585e+02
8.010220404815410120e+02,5.484430999999999585e+02
7.491842000000000326e+02,5.322828399999999647e+02
8.028291546709471049e+02,5.484430999999999585e+02
8.038518302250804481e+02,5.484430999999999585e+02
8.046362688603531979e+02,5.484430999999999585e+02
7.581924999999999955e+02,5.388149399999999787e+02
8.064433830497592908e+02,5.484430999999999585e+02
8.074718692604501484e+02,5.484430999999999585e+02
8.082504972391653837e+02,5.484430999999999585e+02
7.728551999999999680e+02,5.464954999999999927e+02
8.100576114285714766e+02,5.484430999999999585e+02
8.110919082958199624e+02,5.484430999999999585e+02
8.118647256179775695e+02,5.484430999999999585e+02
7.870372999999999593e+02,5.502807599999999866e+02
8.136718398073836624e+02,5.484430999999999585e+02
8.147119473311896627e+02,5.484430999999999585e+02
8.154789539967897554e+02,5.484430999999999585e+02
8.085924999999999727e+02,5.484430999999999585e+02
8.172860681861958483e+02,5.484430999999999585e+02
8.183319863665594767e+02,5.484430999999999585e+02
8.190931823756019412e+02,5.484430999999999585e+02
8.352593399999999519e+02,5.380104000000000042e+02
8.209002965650080341e+02,5.380104000000000042e+02
8.219520254019292906e+02,5.380104000000000042e+02
8.227074107544141270e+02,5.380104000000000042e+02
8.402043499999999767e+02,5.356438000000000557e+02
8.245145249438202200e+02,5.380104000000000042e+02
8.255720644372989909e+02,5.380104000000000042e+02
8.263216391332263129e+02,5.380104000000000042e+02
8.402043499999999767e+02,5.356438000000000557e+02
8.281287533226324058e+02,5.380104000000000042e+02
8.291921034726688049e+02,5.380104000000000042e+02
8.299358675120386124e+02,5.380104000000000042e+02
1.012148299999999949e+03,3.606086399999999799e+02
8.317429817014447053e+02,5.380104000000000042e+02
8.328121425080386189e+02,5.380104000000000042e+02
8.335500958908507982e+02,5.380104000000000042e+02
1.012148299999999949e+03,3.606086399999999799e+02
8.353572100802568912e+02,5.380104000000000042e+02
8.364321815434083192e+02,5.380104000000000042e+02
8.371643242696629841e+02,5.380104000000000042e+02
1.012148299999999949e+03,3.606086399999999799e+02
8.389714384590690770e+02,5.356438000000000557e+02
8.400522205787781331e+02,5.356438000000000557e+02
8.407785526484751699e+02,5.356438000000000557e+02
9.878175999999999704e+02,3.420525000000000091e+02
8.425856668378812628e+02,5.356438000000000557e+02
8.436722596141479471e+02,5.356438000000000557e+02
8.443927810272873558e+02,5.356438000000000557e+02
9.738052000000000135e+02,3.356041299999999978e+02
8.461998952166934487e+02,4.661132799999999747e+02
8.472922986495176474e+02,4.661132799999999747e+02
8.480070094060995416e+02,4.661132799999999747e+02
9.587994400000000041e+02,3.330650600000000168e+02
8.498141235955056345e+02,4.661132799999999747e+02
8.509123376848874614e+02,4.661132799999999747e+02
8.516212377849117274e+02,4.661132799999999747e+02
9.448387500000000045e+02,3.341226800000000026e+02
8.534283519743178203e+02,4.432462199999999939e+02
8.545323767202572753e+02,4.830271000000000186e+02
8.552354661637239133e+02,4.830271000000000186e+02
9.236924400000000333e+02,3.423244599999999878e+02
8.570425803531300062e+02,4.947144799999999805e+02
8.581524157556269756e+02,4.947144799999999805e+02
8.588496945425360991e+02,4.947144799999999805e+02
9.072151999999999816e+02,3.536026600000000144e+02
8.606568087319421920e+02,4.221632000000000176e+02
8.617724547909967896e+02,4.221632000000000176e+02
8.624639229213483986e+02,4.221632000000000176e+02
8.928564000000000078e+02,3.695328400000000215e+02
8.642710371107544916e+02,5.014245599999999854e+02
8.653924938263666036e+02,5.014245599999999854e+02
8.660781513001605845e+02,5.014245599999999854e+02
8.783680399999999509e+02,3.891943400000000111e+02
8.678852654895666774e+02,5.014245599999999854e+02
8.690125328617363039e+02,5.014245599999999854e+02
8.696923796789727703e+02,5.014245599999999854e+02
8.615811999999999671e+02,4.221632000000000176e+02
8.714994938683788632e+02,5.097660000000000196e+02
8.726325718971061178e+02,5.097660000000000196e+02
8.733066080577849561e+02,5.097660000000000196e+02
8.541598999999999933e+02,4.432462199999999939e+02
8.751137222471910491e+02,5.097660000000000196e+02
8.762526109324759318e+02,5.097660000000000196e+02
8.769208364365971420e+02,5.097660000000000196e+02
8.522004399999999578e+02,4.661132799999999747e+02
8.787279506260032349e+02,3.891943400000000111e+02
8.798726499678456321e+02,3.891943400000000111e+02
8.805350648154093278e+02,3.891943400000000111e+02
8.542065999999999804e+02,4.830271000000000186e+02
8.823421790048154207e+02,5.116541700000000219e+02
8.834926890032154461e+02,5.116541700000000219e+02
8.841492931942215137e+02,5.116541700000000219e+02
8.587544000000000324e+02,4.947144799999999805e+02
8.859564073836276066e+02,5.116541700000000219e+02
8.871127280385852600e+02,5.116541700000000219e+02
8.877635215730336995e+02,5.116541700000000219e+02
8.646829000000000178e+02,5.014245599999999854e+02
8.895706357624397924e+02,5.116541700000000219e+02
8.907327670739549603e+02,3.695328400000000215e+02
8.913777499518458853e+02,3.695328400000000215e+02
8.759892999999999574e+02,5.097660000000000196e+02
8.931848641412520919e+02,3.695328400000000215e+02
8.943528061093247743e+02,3.695328400000000215e+02
8.949919783306581849e+02,3.695328400000000215e+02
8.884491000000000440e+02,5.116541700000000219e+02
8.967990925200642778e+02,5.087783200000000079e+02
8.979728451446945883e+02,5.087783200000000079e+02
8.986062067094703707e+02,5.087783200000000079e+02
9.013357499999999618e+02,5.087783200000000079e+02
9.004133208988764636e+02,5.087783200000000079e+02
9.015928841800642886e+02,5.087783200000000079e+02
9.022204350882825565e+02,5.087783200000000079e+02
9.153971000000000231e+02,4.971619999999999777e+02
9.040275492776886495e+02,3.536026600000000144e+02
9.052129232154341025e+02,3.536026600000000144e+02
9.058346634670947424e+02,3.536026600000000144e+02
9.254643999999999551e+02,4.841077999999999975e+02
9.076417776565008353e+02,3.536026600000000144e+02
9.088329622508039165e+02,3.536026600000000144e+02
9.094488918459069282e+02,3.536026600000000144e+02
9.370637000000000398e+02,4.581191400000000158e+02
9.112560060353130211e+02,4.971619999999999777e+02
9.124530012861736168e+02,4.971619999999999777e+02
9.130631202247191140e+02,4.971619999999999777e+02
9.414826000000000477e+02,4.408844000000000278e+02
9.148702344141252070e+02,4.971619999999999777e+02
9.160730403215434308e+02,4.971619999999999777e+02
9.166773486035312999e+02,4.971619999999999777e+02
9.451435999999999922e+02,4.239282200000000103e+02
9.184844627929373928e+02,3.423244599999999878e+02
9.196930793569131311e+02,3.423244599999999878e+02
9.202915769823434857e+02,3.423244599999999878e+02
9.466697000000000344e+02,4.061097399999999880e+02
9.220986911717495786e+02,3.423244599999999878e+02
9.233131183922829450e+02,3.423244599999999878e+02
9.239058053611557852e+02,3.423244599999999878e+02
9.466697000000000344e+02,3.914444599999999923e+02
9.257129195505618782e+02,4.841077999999999975e+02
9.269331574276527590e+02,4.841077999999999975e+02
9.275200337399679711e+02,4.841077999999999975e+02
9.470065299999999979e+02,3.816042499999999791e+02
9.293271479293740640e+02,4.841077999999999975e+02
9.305531964630224593e+02,4.841077999999999975e+02
9.311342621187801569e+02,4.841077999999999975e+02
9.466697000000000344e+02,3.755668999999999755e+02
9.329413763081862498e+02,4.581191400000000158e+02
9.341732354983922733e+02,4.581191400000000158e+02
9.347484904975923428e+02,4.581191400000000158e+02
9.466697000000000344e+02,3.707381599999999935e+02
9.365556046869984357e+02,4.581191400000000158e+02
9.377932745337620872e+02,4.581191400000000158e+02
9.383627188764045286e+02,4.581191400000000158e+02
9.466697000000000344e+02,3.686998300000000199e+02
9.401698330658106215e+02,4.408844000000000278e+02
9.414133135691317875e+02,4.408844000000000278e+02
9.419769472552167144e+02,4.408844000000000278e+02
9.471476000000000113e+02,3.686052199999999743e+02
9.437840614446228074e+02,3.341226800000000026e+02
9.450333526045016015e+02,4.239282200000000103e+02
9.455911756340289003e+02,4.239282200000000103e+02
9.481897599999999784e+02,3.695301499999999919e+02
9.473982898234349932e+02,3.686052199999999743e+02
9.486533916398714155e+02,3.695301499999999919e+02
9.492054040128410861e+02,3.695301499999999919e+02
9.503357999999999493e+02,3.752708700000000022e+02
9.510125182022471790e+02,3.752708700000000022e+02
9.522734306752411158e+02,3.817159399999999891e+02
9.528196323916532720e+02,3.817159399999999891e+02
9.518569300000000339e+02,3.817159399999999891e+02
9.546267465810594786e+02,3.999659399999999891e+02
9.558934697106109297e+02,3.999659399999999891e+02
9.564338607704655715e+02,3.999659399999999891e+02
9.552161999999999580e+02,3.999659399999999891e+02
9.582409749598716644e+02,3.330650600000000168e+02
9.595135087459807437e+02,3.330650600000000168e+02
9.600480891492777573e+02,3.330650600000000168e+02
9.575362499999999955e+02,4.207610999999999990e+02
9.618552033386838502e+02,4.363260500000000093e+02
9.631335477813504440e+02,4.363260500000000093e+02
9.636623175280899432e+02,4.363260500000000093e+02
9.628715999999999440e+02,4.363260500000000093e+02
9.654694317174960361e+02,4.537408399999999915e+02
9.667535868167202580e+02,4.537408399999999915e+02
9.672765459069021290e+02,4.537408399999999915e+02
9.705714000000000397e+02,4.537408399999999915e+02
9.690836600963082219e+02,4.537408399999999915e+02
9.703736258520900719e+02,4.537408399999999915e+02
9.708907742857143148e+02,4.537408399999999915e+02
9.779193000000000211e+02,4.658213000000000079e+02
9.726978884751204077e+02,3.356041299999999978e+02
9.739936648874597722e+02,3.356041299999999978e+02
9.745050026645265007e+02,3.356041299999999978e+02
9.894263999999999442e+02,4.793964799999999968e+02
9.763121168539325936e+02,4.658213000000000079e+02
9.776137039228295862e+02,4.658213000000000079e+02
9.781192310433386865e+02,4.658213000000000079e+02
1.002276500000000055e+03,4.905925300000000107e+02
9.799263452327447794e+02,4.658213000000000079e+02
9.812337429581994002e+02,4.658213000000000079e+02
9.817334594221508723e+02,4.658213000000000079e+02
1.017833740000000034e+03,5.003812300000000164e+02
9.835405736115569653e+02,3.420525000000000091e+02
9.848537819935691005e+02,3.420525000000000091e+02
9.853476878009631719e+02,3.420525000000000091e+02
1.044750700000000052e+03,5.070348999999999933e+02
9.871548019903692648e+02,3.420525000000000091e+02
9.884738210289389144e+02,3.420525000000000091e+02
9.889619161797753577e+02,4.793964799999999968e+02
1.047136999999999944e+03,5.072116700000000264e+02
9.907690303691814506e+02,4.793964799999999968e+02
9.920938600643087284e+02,4.793964799999999968e+02
9.925761445585875435e+02,4.793964799999999968e+02
1.047136999999999944e+03,5.072116700000000264e+02
9.943832587479936365e+02,4.793964799999999968e+02
9.957138990996784287e+02,4.793964799999999968e+02
9.961903729373997294e+02,4.793964799999999968e+02
1.182093000000000075e+03,3.490581000000000245e+02
9.979974871268058223e+02,4.905925300000000107e+02
9.993339381350482427e+02,4.905925300000000107e+02
9.998046013162119152e+02,4.905925300000000107e+02
1.182093000000000075e+03,3.490581000000000245e+02
1.001611715505618008e+03,4.905925300000000107e+02
1.002953977170418057e+03,4.905925300000000107e+02
1.003418829695024101e+03,4.905925300000000107e+02
1.182093000000000075e+03,3.490581000000000245e+02
1.005225943884430194e+03,4.905925300000000107e+02
1.006574016205787757e+03,4.905925300000000107e+02
1.007033058073836287e+03,4.905925300000000107e+02
1.161837399999999889e+03,3.336113300000000095e+02
1.008840172263242380e+03,3.606086399999999799e+02
1.010194055241157571e+03,3.606086399999999799e+02
1.010647286452648473e+03,3.606086399999999799e+02
1.151249499999999898e+03,3.269235800000000154e+02
1.012454400642054566e+03,3.606086399999999799e+02
1.013814094276527385e+03,3.606086399999999799e+02
1.014261514831460659e+03,3.606086399999999799e+02
1.140091100000000097e+03,3.232859000000000265e+02
1.016068629020866865e+03,5.003812300000000164e+02
1.017434133311897085e+03,5.003812300000000164e+02
1.017875743210272958e+03,5.003812300000000164e+02
1.128962899999999991e+03,3.224030799999999886e+02
1.019682857399679051e+03,5.003812300000000164e+02
1.021054172347266899e+03,5.003812300000000164e+02
1.021489971589085144e+03,5.003812300000000164e+02
1.118682399999999916e+03,3.253996599999999830e+02
1.023297085778491237e+03,5.003812300000000164e+02
1.024674211382636713e+03,5.003812300000000164e+02
1.025104199967897330e+03,5.003812300000000164e+02
1.109247100000000046e+03,3.302413300000000049e+02
1.026911314157303423e+03,4.778953999999999951e+02
1.028294250418006413e+03,4.778953999999999951e+02
1.028718428346709516e+03,4.778953999999999951e+02
1.095769399999999905e+03,3.391148699999999963e+02
1.030525542536115609e+03,4.778953999999999951e+02
1.031914289453376114e+03,4.778953999999999951e+02
1.032332656725521701e+03,4.778953999999999951e+02
1.081252199999999903e+03,3.552386500000000069e+02
1.034139770914927794e+03,4.778953999999999951e+02
1.035534328488746041e+03,4.778953999999999951e+02
1.035946885104333887e+03,4.778953999999999951e+02
1.063346000000000004e+03,3.872955299999999852e+02
1.037753999293739980e+03,5.006485599999999749e+02
1.039154367524115742e+03,4.485119599999999878e+02
1.039561113483146073e+03,4.485119599999999878e+02
1.049153800000000047e+03,4.185211199999999963e+02
1.041368227672552166e+03,4.485119599999999878e+02
1.042774406559485669e+03,5.220687000000000353e+02
1.043175341861958259e+03,5.220687000000000353e+02
1.040209499999999935e+03,4.485119599999999878e+02
1.044982456051364352e+03,5.070348999999999933e+02
1.046394445594855370e+03,6.372759999999999536e+02
1.046789570240770445e+03,6.372759999999999536e+02
1.036473400000000083e+03,4.778953999999999951e+02
1.048596684430176538e+03,4.185211199999999963e+02
1.050014484630225070e+03,5.315664000000000442e+02
1.050403798619582631e+03,5.315664000000000442e+02
1.037618999999999915e+03,5.006485599999999749e+02
1.052210912808988724e+03,6.027601300000000037e+02
1.053634523665594770e+03,6.550127999999999702e+02
1.054018026998394816e+03,6.550127999999999702e+02
1.043809600000000046e+03,5.220687000000000353e+02
1.055825141187800909e+03,5.911382999999999583e+02
1.057254562700964470e+03,5.911382999999999583e+02
1.057632255377207002e+03,5.911382999999999583e+02
1.050164700000000039e+03,5.315664000000000442e+02
1.059439369566613095e+03,5.911382999999999583e+02
1.060874601736334398e+03,6.660761999999999716e+02
1.061246483756019188e+03,6.660761999999999716e+02
1.064736200000000053e+03,5.442217000000000553e+02
1.063053597945425281e+03,3.872955299999999852e+02
1.064494640771704326e+03,5.442217000000000553e+02
1.064860712134831374e+03,5.442217000000000553e+02
1.086430200000000013e+03,5.517109400000000505e+02
1.066667826324237467e+03,5.442217000000000553e+02
1.068114679807074026e+03,5.442217000000000553e+02
1.068474940513643560e+03,5.442217000000000553e+02
1.104442399999999907e+03,5.496875999999999749e+02
1.070282054703049653e+03,6.761922600000000330e+02
1.071734718842443726e+03,6.761922600000000330e+02
1.072089168892455746e+03,6.761922600000000330e+02
1.118157600000000002e+03,5.430697000000000116e+02
1.073896283081861839e+03,6.761922600000000330e+02
1.075354757877813427e+03,5.741242700000000241e+02
1.075703397271267932e+03,5.741242700000000241e+02
1.128871599999999944e+03,5.318274000000000115e+02
1.077510511460674252e+03,3.552386500000000069e+02
1.078974796913183127e+03,3.552386500000000069e+02
1.079317625650080345e+03,3.552386500000000069e+02
1.139915500000000065e+03,5.164364000000000487e+02
1.081124739839486438e+03,3.552386500000000069e+02
1.082594835948553055e+03,3.552386500000000069e+02
1.082931854028892531e+03,3.552386500000000069e+02
1.149405999999999949e+03,4.971663800000000037e+02
1.084738968218298623e+03,5.517109400000000505e+02
1.086214874983922982e+03,5.517109400000000505e+02
1.086546082407704716e+03,5.517109400000000505e+02
1.156194999999999936e+03,4.739046599999999785e+02
1.088353196597110809e+03,6.855221999999999980e+02
1.089834914019292682e+03,6.855221999999999980e+02
1.090160310786516902e+03,6.855221999999999980e+02
1.157601000000000113e+03,4.507769799999999805e+02
1.091967424975922995e+03,3.391148699999999963e+02
1.093454953054662383e+03,3.391148699999999963e+02
1.093774539165329088e+03,3.391148699999999963e+02
1.158713899999999967e+03,4.314546000000000276e+02
1.095581653354735181e+03,3.391148699999999963e+02
1.097074992090032083e+03,5.558959999999999582e+02
1.097388767544141274e+03,5.558959999999999582e+02
1.157960299999999961e+03,4.091444000000000187e+02
1.099195881733547367e+03,5.496875999999999749e+02
1.100695031125401783e+03,5.496875999999999749e+02
1.101002995922953460e+03,5.496875999999999749e+02
1.154732899999999972e+03,3.927321800000000280e+02
1.102810110112359553e+03,5.496875999999999749e+02
1.104315070160771711e+03,5.496875999999999749e+02
1.104617224301765646e+03,5.496875999999999749e+02
1.152661399999999958e+03,3.839188199999999824e+02
1.106424338491171738e+03,6.960425000000000182e+02
1.107935109196141639e+03,3.302413300000000049e+02
1.108231452680578059e+03,3.302413300000000049e+02
1.150851200000000063e+03,3.788194599999999923e+02
1.110038566869984152e+03,3.302413300000000049e+02
1.111555148231511339e+03,3.302413300000000049e+02
1.111845681059390245e+03,3.302413300000000049e+02
1.149526399999999967e+03,3.769773000000000138e+02
1.113652795248796338e+03,5.430697000000000116e+02
1.115175187266881039e+03,5.430697000000000116e+02
1.115459909438202430e+03,5.430697000000000116e+02
1.147776499999999942e+03,3.757132599999999911e+02
1.117267023627608523e+03,5.430697000000000116e+02
1.118795226302250740e+03,5.388792999999999438e+02
1.119074137817014616e+03,5.388792999999999438e+02
1.146739399999999932e+03,3.763620599999999854e+02
1.120881252006420709e+03,7.055660400000000436e+02
1.122415265337620440e+03,7.055660400000000436e+02
1.122688366195826802e+03,7.055660400000000436e+02
1.145702099999999973e+03,3.814140600000000063e+02
1.124495480385232895e+03,5.318274000000000115e+02
1.126035304372990367e+03,5.318274000000000115e+02
1.126302594574638988e+03,5.318274000000000115e+02
1.145604900000000043e+03,3.876888400000000274e+02
1.128109708764045081e+03,5.318274000000000115e+02
1.129655343408360295e+03,3.224030799999999886e+02
1.129916822953451174e+03,3.224030799999999886e+02
1.148521899999999960e+03,4.061790799999999990e+02
1.131723937142857267e+03,3.224030799999999886e+02
1.133275382443729995e+03,3.224030799999999886e+02
1.133531051332263360e+03,3.224030799999999886e+02
1.152075000000000045e+03,4.280110000000000241e+02
1.135338165521669453e+03,7.133345000000000482e+02
1.136895421479099696e+03,7.133345000000000482e+02
1.137145279711075545e+03,7.133345000000000482e+02
1.159502600000000029e+03,4.638634000000000128e+02
1.138952393900481638e+03,7.133345000000000482e+02
1.140515460514469396e+03,3.232859000000000265e+02
1.140759508089887731e+03,3.232859000000000265e+02
1.166179900000000089e+03,4.906204799999999864e+02
1.142566622279293824e+03,3.876888400000000274e+02
1.144135499549839096e+03,3.876888400000000274e+02
1.144373736468699917e+03,3.876888400000000274e+02
1.172104700000000093e+03,5.262163000000000466e+02
1.146180850658106010e+03,3.814140600000000063e+02
1.147755538585209024e+03,3.757132599999999911e+02
1.147987964847512103e+03,3.757132599999999911e+02
1.178820999999999913e+03,5.503548600000000306e+02
1.149795079036918196e+03,3.769773000000000138e+02
1.151375577620578724e+03,3.269235800000000154e+02
1.151602193226324289e+03,3.269235800000000154e+02
1.185547000000000025e+03,5.801690700000000334e+02
1.153409307415730382e+03,3.839188199999999824e+02
1.154995616655948652e+03,3.927321800000000280e+02
1.155216421605136475e+03,3.927321800000000280e+02
1.191652499999999918e+03,6.033926000000000158e+02
1.157023535794542568e+03,7.160099999999999909e+02
1.158615655691318352e+03,4.314546000000000276e+02
1.158830649983948661e+03,4.314546000000000276e+02
1.198101699999999937e+03,6.281221000000000458e+02
1.160637764173354753e+03,4.638634000000000128e+02
1.162235694726688052e+03,3.336113300000000095e+02
1.162444878362760846e+03,3.336113300000000095e+02
1.202168499999999995e+03,6.446242700000000241e+02
1.164251992552166939e+03,4.906204799999999864e+02
1.165855733762057753e+03,4.906204799999999864e+02
1.166059106741573032e+03,4.906204799999999864e+02
1.204413600000000088e+03,6.584756999999999607e+02
1.167866220930979125e+03,7.160099999999999909e+02
1.169475772797427680e+03,7.160099999999999909e+02
1.169673335120385218e+03,7.160099999999999909e+02
1.204718100000000049e+03,6.752676999999999907e+02
1.171480449309791311e+03,5.262163000000000466e+02
1.173095811832797381e+03,5.262163000000000466e+02
1.173287563499197404e+03,5.262163000000000466e+02
1.203779399999999896e+03,6.883234999999999673e+02
1.175094677688603497e+03,5.006892000000000280e+02
1.176715850868167308e+03,5.006892000000000280e+02
1.176901791878009590e+03,5.006892000000000280e+02
1.200786100000000033e+03,6.977680699999999661e+02
1.178708906067415683e+03,5.503548600000000306e+02
1.180335889903537009e+03,7.136109599999999773e+02
1.180516020256821776e+03,7.136109599999999773e+02
1.197166500000000042e+03,7.025895000000000437e+02
1.182323134446227868e+03,3.490581000000000245e+02
1.183955928938906709e+03,5.801690700000000334e+02
1.184130248635633961e+03,5.801690700000000334e+02
1.190995499999999993e+03,7.080975300000000061e+02
1.185937362825040054e+03,5.801690700000000334e+02
1.187575967974276409e+03,5.801690700000000334e+02
1.187744477014446147e+03,5.801690700000000334e+02
1.181143399999999929e+03,7.136109599999999773e+02
1.189551591203852240e+03,7.080975300000000061e+02
1.191196007009646337e+03,7.080975300000000061e+02
1.191358705393258560e+03,7.080975300000000061e+02
1.167656600000000026e+03,7.160099999999999909e+02
1.193165819582664653e+03,6.033926000000000158e+02
1.194816046045016037e+03,7.025895000000000437e+02
1.194972933772070746e+03,7.025895000000000437e+02
1.157543200000000070e+03,7.160099999999999909e+02
1.196780047961476839e+03,7.025895000000000437e+02
1.198436085080385965e+03,6.281221000000000458e+02
1.198587162150882932e+03,6.281221000000000458e+02
1.139238200000000006e+03,7.133345000000000482e+02
1.200394276340289025e+03,6.977680699999999661e+02
1.202056124115755665e+03,6.446242700000000241e+02
1.202201390529695118e+03,6.446242700000000241e+02
1.120981099999999969e+03,7.055660400000000436e+02
1.204008504719101211e+03,6.883234999999999673e+02
1.205676163151125365e+03,6.752676999999999907e+02
1.205815618908507304e+03,6.752676999999999907e+02
1.105780799999999999e+03,6.960425000000000182e+02
1.207622733097913397e+03,4.810451699999999846e+02
1.209296202186495066e+03,4.810451699999999846e+02
1.209429847287319490e+03,4.810451699999999846e+02
1.088038700000000063e+03,6.855221999999999980e+02
1.211236961476725583e+03,4.810451699999999846e+02
1.212916241221864993e+03,4.810451699999999846e+02
1.213044075666131675e+03,4.810451699999999846e+02
1.073388300000000072e+03,6.761922600000000330e+02
1.214851189855537768e+03,4.810451699999999846e+02
1.216536280257234694e+03,4.810451699999999846e+02
1.216658304044943861e+03,4.810451699999999846e+02
1.061432399999999916e+03,6.660761999999999716e+02
1.218465418234349954e+03,4.810451699999999846e+02
1.220156319292604394e+03,4.810451699999999846e+02
1.220272532423756047e+03,4.810451699999999846e+02
1.053754599999999982e+03,6.550127999999999702e+02
1.222079646613162140e+03,4.639107700000000136e+02
1.223776358327974322e+03,4.639107700000000136e+02
1.223886760802568233e+03,4.639107700000000136e+02
1.046688699999999926e+03,6.372759999999999536e+02
1.225693874991974326e+03,4.639107700000000136e+02
1.227396397363344022e+03,4.639107700000000136e+02
1.227500989181380419e+03,4.639107700000000136e+02
1.045637500000000045e+03,6.196130399999999554e+02
1.229308103370786512e+03,4.639107700000000136e+02
1.231016436398713722e+03,4.639107700000000136e+02
1.231115217560192605e+03,4.639107700000000136e+02
1.050789600000000064e+03,6.027601300000000037e+02
1.232922331749598698e+03,4.639107700000000136e+02
1.234636475434083650e+03,4.639107700000000136e+02
1.234729445939004790e+03,4.639107700000000136e+02
1.059690700000000106e+03,5.911382999999999583e+02
1.236536560128410883e+03,4.639107700000000136e+02
1.238256514469453350e+03,4.639107700000000136e+02
1.238343674317816976e+03,4.639107700000000136e+02
1.074818700000000035e+03,5.741242700000000241e+02
1.240150788507223069e+03,4.639107700000000136e+02
1.241876553504823050e+03,4.639107700000000136e+02
1.241957902696629162e+03,4.639107700000000136e+02
1.095847999999999956e+03,5.558959999999999582e+02
1.243765016886035255e+03,4.462785600000000272e+02
1.245496592540192978e+03,4.462785600000000272e+02
1.245572131075441348e+03,4.462785600000000272e+02
1.118865199999999959e+03,5.388792999999999438e+02
1.247379245264847668e+03,4.462785600000000272e+02
1.249116631575562678e+03,4.462785600000000272e+02
1.249186359454253761e+03,4.462785600000000272e+02
1.146816800000000057e+03,5.207563499999999976e+02
1.250993473643659854e+03,4.462785600000000272e+02
1.252736670610932379e+03,4.462785600000000272e+02
1.252800587833065947e+03,4.462785600000000272e+02
1.177637699999999995e+03,5.006892000000000280e+02
1.254607702022472040e+03,4.462785600000000272e+02
1.256356709646302306e+03,4.462785600000000272e+02
1.256414816211878133e+03,4.462785600000000272e+02
1.208387300000000096e+03,4.810451699999999846e+02
1.258221930401284226e+03,4.462785600000000272e+02
1.259976748681672007e+03,4.462785600000000272e+02
1.260029044590690319e+03,4.462785600000000272e+02
1.233494799999999941e+03,4.639107700000000136e+02
1.261836158780096412e+03,4.462785600000000272e+02
1.263596787717041707e+03,4.462785600000000272e+02
1.263643272969502505e+03,4.462785600000000272e+02
1.256554900000000089e+03,4.462785600000000272e+02
1.265450387158908597e+03,4.338200699999999870e+02
1.267216826752411635e+03,4.338200699999999870e+02
1.267257501348314690e+03,4.338200699999999870e+02
1.272664899999999989e+03,4.338200699999999870e+02
1.269064615537720783e+03,4.338200699999999870e+02
1.270836865787781335e+03,4.338200699999999870e+02
1.270871729727126876e+03,4.338200699999999870e+02
1.283459700000000112e+03,4.255586000000000126e+02
1.272678843916532969e+03,4.338200699999999870e+02
1.274456904823151035e+03,4.338200699999999870e+02
1.274485958105939062e+03,4.338200699999999870e+02
1.287916300000000092e+03,4.215976600000000190e+02
1.276293072295345155e+03,4.255586000000000126e+02
1.278076943858520963e+03,4.255586000000000126e+02
1.278100186484751248e+03,4.255586000000000126e+02
1.290971800000000030e+03,4.190045200000000136e+02
1.279907300674157341e+03,4.255586000000000126e+02
1.281696982893890663e+03,4.255586000000000126e+02
1.281714414863563434e+03,4.255586000000000126e+02
1.291557399999999916e+03,4.183613300000000095e+02
1.283521529052969527e+03,4.255586000000000126e+02
1.285317021929260363e+03,4.255586000000000126e+02
1.285328643242375620e+03,4.255586000000000126e+02
1.292258800000000065e+03,4.183613300000000095e+02
1.287135757431781713e+03,4.215976600000000190e+02
1.288937060964630291e+03,4.215976600000000190e+02
1.288942871621187805e+03,4.215976600000000190e+02
1.292557099999999991e+03,4.183613300000000095e+02
1.290749985810593898e+03,4.190045200000000136e+02
1.292557099999999991e+03,4.183613300000000095e+02
1.292557099999999991e+03,4.183613300000000095e+02
1.292557099999999991e+03,4.183613300000000095e+02
