1.553318299999999965e+02,5.311144000000000460e+02
1.553318299999999965e+02,5.311144000000000460e+02
1.593274837710437737e+02,5.525253999999999905e+02
1.574266200000000140e+02,5.525253999999999905e+02
1.633231375420875509e+02,5.525253999999999905e+02
1.633501352027026883e+02,5.525253999999999905e+02
1.673187913131312996e+02,5.525253999999999905e+02
1.574266200000000140e+02,5.525253999999999905e+02
1.713144450841750768e+02,4.729876699999999801e+02
1.713684404054054085e+02,4.729876699999999801e+02
1.753100988552188539e+02,4.729876699999999801e+02
1.553318299999999965e+02,5.311144000000000460e+02
1.793057526262626311e+02,4.729876699999999801e+02
1.793867456081081002e+02,4.729876699999999801e+02
1.833014063973063799e+02,4.729876699999999801e+02
1.769285900000000140e+02,4.729876699999999801e+02
1.872970601683501570e+02,4.729876699999999801e+02
1.874050508108107920e+02,4.729876699999999801e+02
1.912927139393939342e+02,4.729876699999999801e+02
2.167974499999999978e+02,3.861702999999999975e+02
1.952883677104377114e+02,4.729876699999999801e+02
1.954233560135135122e+02,4.729876699999999801e+02
1.992840214814814885e+02,4.729876699999999801e+02
2.650700699999999870e+02,2.963192000000000235e+02
2.032796752525252373e+02,3.861702999999999975e+02
2.034416612162162039e+02,3.861702999999999975e+02
2.072753290235690145e+02,3.861702999999999975e+02
3.029406399999999735e+02,2.334436000000000035e+02
2.112709827946127916e+02,3.861702999999999975e+02
2.114599664189188957e+02,3.861702999999999975e+02
2.152666365656565404e+02,3.861702999999999975e+02
3.408068499999999972e+02,1.756169399999999996e+02
2.192622903367003175e+02,3.861702999999999975e+02
2.194782716216216159e+02,3.861702999999999975e+02
2.232579441077440947e+02,3.861702999999999975e+02
3.645221300000000042e+02,1.459048999999999978e+02
2.272535978787878719e+02,3.861702999999999975e+02
2.274965768243243360e+02,3.861702999999999975e+02
2.312492516498316490e+02,3.861702999999999975e+02
3.774414699999999812e+02,1.399010000000000105e+02
2.352449054208753978e+02,3.861702999999999975e+02
2.355148820270270278e+02,3.861702999999999975e+02
2.392405591919191750e+02,3.861702999999999975e+02
3.823802200000000084e+02,1.694155299999999897e+02
2.432362129629629521e+02,2.963192000000000235e+02
2.435331872297297195e+02,2.963192000000000235e+02
2.472318667340067009e+02,2.963192000000000235e+02
3.689575199999999882e+02,2.280052499999999895e+02
2.512275205050505065e+02,2.963192000000000235e+02
2.515514924324324397e+02,2.963192000000000235e+02
2.552231742760942552e+02,2.963192000000000235e+02
3.455378999999999792e+02,2.891195000000000164e+02
2.592188280471380040e+02,2.963192000000000235e+02
2.595697976351351599e+02,2.963192000000000235e+02
2.632144818181818096e+02,2.963192000000000235e+02
3.283863200000000120e+02,3.358591299999999933e+02
2.672101355892255583e+02,2.963192000000000235e+02
2.675881028378378232e+02,2.963192000000000235e+02
2.712057893602693639e+02,2.963192000000000235e+02
3.253719500000000266e+02,3.604653299999999945e+02
2.752014431313131126e+02,2.963192000000000235e+02
2.756064080405405434e+02,2.963192000000000235e+02
2.791970969023568614e+02,2.963192000000000235e+02
3.321365000000000123e+02,3.705599399999999832e+02
2.831927506734006670e+02,2.963192000000000235e+02
2.836247132432432636e+02,2.963192000000000235e+02
2.871884044444444157e+02,2.963192000000000235e+02
3.743697500000000105e+02,3.610572500000000105e+02
2.911840582154882213e+02,2.334436000000000035e+02
2.916430184459459269e+02,2.334436000000000035e+02
2.951797119865319701e+02,2.334436000000000035e+02
4.428138700000000085e+02,3.020839799999999968e+02
2.991753657575757188e+02,2.334436000000000035e+02
2.996613236486486471e+02,2.334436000000000035e+02
3.031710195286194676e+02,2.334436000000000035e+02
5.123750000000000000e+02,2.253061500000000024e+02
3.071666732996632732e+02,2.334436000000000035e+02
3.076796288513513673e+02,2.334436000000000035e+02
3.111623270707070787e+02,2.334436000000000035e+02
5.513604000000000269e+02,1.736699199999999905e+02
3.151579808417508275e+02,3.604653299999999945e+02
3.156979340540540306e+02,3.604653299999999945e+02
3.191536346127945762e+02,3.604653299999999945e+02
5.812785599999999704e+02,1.378787800000000061e+02
3.231492883838383250e+02,3.604653299999999945e+02
3.237162392567567508e+02,3.604653299999999945e+02
3.271449421548821306e+02,3.358591299999999933e+02
5.895967399999999543e+02,1.300061000000000035e+02
3.311405959259259362e+02,3.705599399999999832e+02
3.317345444594594710e+02,3.705599399999999832e+02
3.351362496969696849e+02,3.705599399999999832e+02
5.870589999999999691e+02,1.479353000000000122e+02
3.391319034680134337e+02,1.756169399999999996e+02
3.397528496621621343e+02,1.756169399999999996e+02
3.431275572390571824e+02,1.756169399999999996e+02
5.547113000000000511e+02,2.129503200000000049e+02
3.471232110101009880e+02,2.891195000000000164e+02
3.477711548648648545e+02,2.891195000000000164e+02
3.511188647811447936e+02,2.891195000000000164e+02
5.226784000000000106e+02,2.715077999999999747e+02
3.551145185521885423e+02,1.459048999999999978e+02
3.557894600675675747e+02,1.459048999999999978e+02
3.591101723232322911e+02,1.459048999999999978e+02
4.793736599999999726e+02,3.511449000000000069e+02
3.631058260942760398e+02,1.459048999999999978e+02
3.638077652702702380e+02,1.459048999999999978e+02
3.671014798653198454e+02,2.280052499999999895e+02
4.496396500000000174e+02,4.190435800000000199e+02
3.710971336363635942e+02,3.610572500000000105e+02
3.718260704729729582e+02,3.610572500000000105e+02
3.750927874074073998e+02,3.610572500000000105e+02
4.332790800000000218e+02,4.728025000000000091e+02
3.790884411784511485e+02,1.399010000000000105e+02
3.798443756756756784e+02,1.399010000000000105e+02
3.830840949494948973e+02,1.694155299999999897e+02
4.313374299999999835e+02,5.101624800000000164e+02
3.870797487205386460e+02,1.694155299999999897e+02
3.878626808783783417e+02,1.694155299999999897e+02
3.910754024915824516e+02,1.694155299999999897e+02
4.379193999999999960e+02,5.345353000000000065e+02
3.950710562626262572e+02,1.694155299999999897e+02
3.958809860810810619e+02,1.694155299999999897e+02
3.990667100336700059e+02,1.694155299999999897e+02
4.573791499999999814e+02,5.460465000000000373e+02
4.030623638047137547e+02,1.694155299999999897e+02
4.038992912837837821e+02,1.694155299999999897e+02
4.070580175757575034e+02,1.694155299999999897e+02
5.091333599999999819e+02,5.294648399999999810e+02
4.110536713468013090e+02,5.101624800000000164e+02
4.119175964864864454e+02,5.101624800000000164e+02
4.150493251178451146e+02,5.101624800000000164e+02
5.609006000000000540e+02,4.878375199999999836e+02
4.190449788888888634e+02,5.101624800000000164e+02
4.199359016891892225e+02,5.101624800000000164e+02
4.230406326599326121e+02,5.101624800000000164e+02
6.030868500000000267e+02,4.502891799999999876e+02
4.270362864309763609e+02,5.101624800000000164e+02
4.279542068918918858e+02,5.101624800000000164e+02
4.310319402020201096e+02,5.101624800000000164e+02
6.343392300000000432e+02,4.232336399999999799e+02
4.350275939730639720e+02,5.345353000000000065e+02
4.359725120945945491e+02,5.345353000000000065e+02
4.390232477441077208e+02,5.345353000000000065e+02
6.555176000000000158e+02,4.123853799999999978e+02
4.430189015151514695e+02,3.020839799999999968e+02
4.439908172972973261e+02,3.020839799999999968e+02
4.470145552861952183e+02,4.190435800000000199e+02
6.679333500000000186e+02,4.109586199999999963e+02
4.510102090572389670e+02,4.190435800000000199e+02
4.520091224999999895e+02,4.190435800000000199e+02
4.550058628282828295e+02,5.460465000000000373e+02
6.754012500000000045e+02,4.149347000000000207e+02
4.590015165993265782e+02,5.460465000000000373e+02
4.600274277027026528e+02,5.460465000000000373e+02
4.629971703703703270e+02,5.460465000000000373e+02
6.810869999999999891e+02,4.249988999999999919e+02
4.669928241414140757e+02,5.460465000000000373e+02
4.680457329054054298e+02,5.460465000000000373e+02
4.709884779124578245e+02,5.460465000000000373e+02
6.846856999999999971e+02,4.341700399999999718e+02
4.749841316835016869e+02,3.511449000000000069e+02
4.760640381081080932e+02,3.511449000000000069e+02
4.789797854545454356e+02,3.511449000000000069e+02
6.862738000000000511e+02,4.388658399999999915e+02
4.829754392255891844e+02,3.511449000000000069e+02
4.840823433108107565e+02,3.511449000000000069e+02
4.869710929966329331e+02,3.511449000000000069e+02
6.873091399999999567e+02,4.415602999999999838e+02
4.909667467676766819e+02,3.511449000000000069e+02
4.921006485135135335e+02,3.511449000000000069e+02
4.949624005387205443e+02,3.511449000000000069e+02
6.872541499999999814e+02,4.434008799999999724e+02
4.989580543097642931e+02,5.294648399999999810e+02
5.001189537162161969e+02,5.294648399999999810e+02
5.029537080808080418e+02,5.294648399999999810e+02
6.859776000000000522e+02,4.463972200000000043e+02
5.069493618518517906e+02,5.294648399999999810e+02
5.081372589189188602e+02,5.294648399999999810e+02
5.109450156228955393e+02,2.253061500000000024e+02
6.781331999999999880e+02,4.520250199999999836e+02
5.149406693939392881e+02,2.253061500000000024e+02
5.161555641216216372e+02,2.253061500000000024e+02
5.189363231649831505e+02,2.253061500000000024e+02
6.611801000000000386e+02,4.623679200000000264e+02
5.229319769360268992e+02,2.715077999999999747e+02
5.241738693243243006e+02,2.715077999999999747e+02
5.269276307070706480e+02,2.715077999999999747e+02
6.461996500000000196e+02,4.740872800000000211e+02
5.309232844781143967e+02,2.715077999999999747e+02
5.321921745270269639e+02,2.715077999999999747e+02
5.349189382491581455e+02,2.715077999999999747e+02
6.275131999999999834e+02,4.930955799999999840e+02
5.389145920202020079e+02,1.736699199999999905e+02
5.402104797297297409e+02,1.736699199999999905e+02
5.429102457912457567e+02,1.736699199999999905e+02
6.150832500000000209e+02,5.096548999999999978e+02
5.469058995622895054e+02,1.736699199999999905e+02
5.482287849324324043e+02,1.736699199999999905e+02
5.509015533333332542e+02,1.736699199999999905e+02
6.048442000000000007e+02,5.391108400000000529e+02
5.548972071043770029e+02,2.129503200000000049e+02
5.562470901351350676e+02,2.129503200000000049e+02
5.588928608754208653e+02,4.878375199999999836e+02
6.054696000000000140e+02,5.508996600000000399e+02
5.628885146464646141e+02,4.878375199999999836e+02
5.642653953378378446e+02,4.878375199999999836e+02
5.668841684175083628e+02,4.878375199999999836e+02
6.134584399999999960e+02,5.574081999999999653e+02
5.708798221885521116e+02,1.378787800000000061e+02
5.722837005405405080e+02,1.378787800000000061e+02
5.748754759595958603e+02,1.378787800000000061e+02
6.382998999999999796e+02,5.579206500000000233e+02
5.788711297306397228e+02,1.378787800000000061e+02
5.803020057432431713e+02,1.378787800000000061e+02
5.828667835016834715e+02,1.378787800000000061e+02
6.766824000000000296e+02,5.322430399999999509e+02
5.868624372727272203e+02,1.479353000000000122e+02
5.883203109459459483e+02,1.479353000000000122e+02
5.908580910437709690e+02,1.300061000000000035e+02
7.045860599999999749e+02,4.975379599999999982e+02
5.948537448148147178e+02,1.300061000000000035e+02
5.963386161486486117e+02,1.300061000000000035e+02
5.988493985858584665e+02,1.300061000000000035e+02
7.290429000000000315e+02,4.590670200000000136e+02
6.028450523569023289e+02,4.502891799999999876e+02
6.043569213513512750e+02,5.391108400000000529e+02
6.068407061279460777e+02,5.508996600000000399e+02
7.465643000000000029e+02,4.201068000000000211e+02
6.108363598989898264e+02,5.574081999999999653e+02
6.123752265540540520e+02,5.574081999999999653e+02
6.148320136700335752e+02,5.096548999999999978e+02
7.489189499999999953e+02,4.036231700000000160e+02
6.188276674410773239e+02,5.096548999999999978e+02
6.203935317567567154e+02,5.096548999999999978e+02
6.228233212121211864e+02,5.096548999999999978e+02
7.464697999999999638e+02,4.020964399999999728e+02
6.268189749831649351e+02,4.930955799999999840e+02
6.284118369594594924e+02,4.930955799999999840e+02
6.308146287542086839e+02,4.930955799999999840e+02
7.326788000000000238e+02,4.049376199999999812e+02
6.348102825252524326e+02,4.232336399999999799e+02
6.364301421621621557e+02,5.579206500000000233e+02
6.388059362962961814e+02,5.579206500000000233e+02
7.154877000000000180e+02,4.200371000000000095e+02
6.428015900673400438e+02,4.740872800000000211e+02
6.444484473648648191e+02,4.740872800000000211e+02
6.467972438383837925e+02,4.740872800000000211e+02
7.031155999999999722e+02,4.434410399999999868e+02
6.507928976094275413e+02,4.123853799999999978e+02
6.524667525675675961e+02,4.123853799999999978e+02
6.547885513804712900e+02,4.123853799999999978e+02
7.027940999999999576e+02,4.543311800000000176e+02
6.587842051515150388e+02,4.623679200000000264e+02
6.604850577702702594e+02,4.623679200000000264e+02
6.627798589225589012e+02,4.623679200000000264e+02
7.165180699999999661e+02,4.622035000000000196e+02
6.667755126936026500e+02,4.109586199999999963e+02
6.685033629729729228e+02,4.109586199999999963e+02
6.707711664646463987e+02,4.109586199999999963e+02
7.619181999999999562e+02,4.615647000000000162e+02
6.747668202356901475e+02,4.149347000000000207e+02
6.765216681756755861e+02,5.322430399999999509e+02
6.787624740067338962e+02,4.520250199999999836e+02
8.119224000000000387e+02,4.407424300000000130e+02
6.827581277777776450e+02,4.249988999999999919e+02
6.845399733783783631e+02,4.341700399999999718e+02
6.867537815488213937e+02,4.388658399999999915e+02
8.626183499999999640e+02,4.002669700000000148e+02
6.907494353198652561e+02,4.415602999999999838e+02
6.925582785810810265e+02,4.415602999999999838e+02
6.947450890909090049e+02,4.415602999999999838e+02
9.100351000000000568e+02,3.449037999999999897e+02
6.987407428619527536e+02,4.543311800000000176e+02
7.005765837837836898e+02,4.543311800000000176e+02
7.027363966329965024e+02,4.543311800000000176e+02
9.338539399999999659e+02,3.047475600000000213e+02
7.067320504040402511e+02,4.975379599999999982e+02
7.085948889864864668e+02,4.975379599999999982e+02
7.107277041750841136e+02,4.975379599999999982e+02
9.562176500000000487e+02,2.568084699999999998e+02
7.147233579461278623e+02,4.200371000000000095e+02
7.166131941891891302e+02,4.622035000000000196e+02
7.187190117171716111e+02,4.622035000000000196e+02
9.606651600000000144e+02,2.402649000000000115e+02
7.227146654882153598e+02,4.590670200000000136e+02
7.246314993918917935e+02,4.590670200000000136e+02
7.267103192592591085e+02,4.590670200000000136e+02
9.597527000000000044e+02,2.360349099999999964e+02
7.307059730303029710e+02,4.590670200000000136e+02
7.326498045945945705e+02,4.049376199999999812e+02
7.347016268013467197e+02,4.049376199999999812e+02
9.433848000000000411e+02,2.414930400000000077e+02
7.386972805723904685e+02,4.020964399999999728e+02
7.406681097972972339e+02,4.020964399999999728e+02
7.426929343434342172e+02,4.020964399999999728e+02
9.133235499999999547e+02,2.754628999999999905e+02
7.466885881144779660e+02,4.201068000000000211e+02
7.486864149999998972e+02,4.036231700000000160e+02
7.506842418855218284e+02,4.036231700000000160e+02
8.814704600000000028e+02,3.234238300000000095e+02
7.546798956565655772e+02,4.615647000000000162e+02
7.567047202027026742e+02,4.615647000000000162e+02
7.586755494276093259e+02,4.615647000000000162e+02
8.467712400000000343e+02,3.906950699999999870e+02
7.626712031986530747e+02,4.615647000000000162e+02
7.647230254054053376e+02,4.615647000000000162e+02
7.666668569696968234e+02,4.615647000000000162e+02
8.264274000000000342e+02,4.383986800000000130e+02
7.706625107407405721e+02,4.615647000000000162e+02
7.727413306081080009e+02,4.615647000000000162e+02
7.746581645117844346e+02,4.615647000000000162e+02
8.151023599999999760e+02,4.769611800000000130e+02
7.786538182828281833e+02,4.615647000000000162e+02
7.807596358108107779e+02,4.615647000000000162e+02
7.826494720538719321e+02,4.615647000000000162e+02
8.117034999999999627e+02,5.028772000000000162e+02
7.866451258249156808e+02,5.028772000000000162e+02
7.887779410135134412e+02,5.028772000000000162e+02
7.906407795959594296e+02,5.028772000000000162e+02
8.128003999999999678e+02,5.175276000000000067e+02
7.946364333670032920e+02,5.028772000000000162e+02
7.967962462162162183e+02,5.028772000000000162e+02
7.986320871380470408e+02,5.028772000000000162e+02
8.194918999999999869e+02,5.228713400000000320e+02
8.026277409090907895e+02,5.028772000000000162e+02
8.048145514189188816e+02,5.028772000000000162e+02
8.066233946801345382e+02,5.028772000000000162e+02
8.509020400000000564e+02,5.212593000000000529e+02
8.106190484511782870e+02,5.028772000000000162e+02
8.128328566216215449e+02,5.175276000000000067e+02
8.146147022222221494e+02,4.769611800000000130e+02
9.001240000000000236e+02,4.944692400000000134e+02
8.186103559932658982e+02,5.228713400000000320e+02
8.208511618243243220e+02,5.228713400000000320e+02
8.226060097643096469e+02,5.228713400000000320e+02
9.360343000000000302e+02,4.647671000000000276e+02
8.266016635353533957e+02,4.383986800000000130e+02
8.288694670270269853e+02,4.383986800000000130e+02
8.305973173063971444e+02,4.383986800000000130e+02
9.577111999999999625e+02,4.513480200000000195e+02
8.345929710774410069e+02,3.906950699999999870e+02
8.368877722297296486e+02,3.906950699999999870e+02
8.385886248484847556e+02,3.906950699999999870e+02
9.662740499999999884e+02,4.476820000000000164e+02
8.425842786195285044e+02,3.906950699999999870e+02
8.449060774324324257e+02,3.906950699999999870e+02
8.465799323905722531e+02,3.906950699999999870e+02
9.679208999999999605e+02,4.504345700000000079e+02
8.505755861616160018e+02,5.212593000000000529e+02
8.529243826351350890e+02,5.212593000000000529e+02
8.545712399326597506e+02,5.212593000000000529e+02
9.618401000000000067e+02,4.767795399999999972e+02
8.585668937037036130e+02,4.002669700000000148e+02
8.609426878378377523e+02,4.002669700000000148e+02
8.625625474747473618e+02,4.002669700000000148e+02
9.486811000000000149e+02,5.051893299999999840e+02
8.665582012457911105e+02,4.002669700000000148e+02
8.689609930405405294e+02,4.002669700000000148e+02
8.705538550168348593e+02,4.002669700000000148e+02
9.397027000000000498e+02,5.253441000000000258e+02
8.745495087878786080e+02,3.234238300000000095e+02
8.769792982432431927e+02,3.234238300000000095e+02
8.785451625589224705e+02,3.234238300000000095e+02
9.386435500000000047e+02,5.354396000000000413e+02
8.825408163299662192e+02,3.234238300000000095e+02
8.849976034459458560e+02,3.234238300000000095e+02
8.865364701010099679e+02,3.234238300000000095e+02
9.443011000000000195e+02,5.374439999999999600e+02
8.905321238720537167e+02,4.944692400000000134e+02
8.930159086486486331e+02,4.944692400000000134e+02
8.945277776430974654e+02,4.944692400000000134e+02
9.812940700000000334e+02,5.202530500000000302e+02
8.985234314141413279e+02,4.944692400000000134e+02
9.010342138513512964e+02,4.944692400000000134e+02
9.025190851851850766e+02,4.944692400000000134e+02
1.017871949999999970e+03,4.914625199999999836e+02
9.065147389562288254e+02,3.449037999999999897e+02
9.090525190540539597e+02,3.449037999999999897e+02
9.105103927272725741e+02,3.449037999999999897e+02
1.044210900000000038e+03,4.703757299999999759e+02
9.145060464983163229e+02,2.754628999999999905e+02
9.170708242567567368e+02,2.754628999999999905e+02
9.185017002693601853e+02,2.754628999999999905e+02
1.057159699999999930e+03,4.638239699999999743e+02
9.224973540404039341e+02,3.047475600000000213e+02
9.250891294594594001e+02,3.047475600000000213e+02
9.264930078114476828e+02,3.047475600000000213e+02
1.062929399999999987e+03,4.643836699999999951e+02
9.304886615824914315e+02,3.047475600000000213e+02
9.331074346621620634e+02,3.047475600000000213e+02
9.344843153535351803e+02,3.047475600000000213e+02
1.065793499999999995e+03,4.745383299999999736e+02
9.384799691245790427e+02,5.354396000000000413e+02
9.411257398648648405e+02,5.253441000000000258e+02
9.424756228956227915e+02,2.414930400000000077e+02
1.065325199999999995e+03,4.933926999999999907e+02
9.464712766666665402e+02,5.374439999999999600e+02
9.491440450675675038e+02,5.051893299999999840e+02
9.504669304377102890e+02,5.051893299999999840e+02
1.064633800000000065e+03,5.076668700000000172e+02
9.544625842087540377e+02,2.568084699999999998e+02
9.571623502702701671e+02,4.513480200000000195e+02
9.584582379797977865e+02,4.513480200000000195e+02
1.067598999999999933e+03,5.147362000000000535e+02
9.624538917508416489e+02,4.767795399999999972e+02
9.651806554729729442e+02,4.476820000000000164e+02
9.664495455218853976e+02,4.476820000000000164e+02
1.081141499999999951e+03,5.178737999999999602e+02
9.704451992929291464e+02,4.504345700000000079e+02
9.731989606756756075e+02,4.504345700000000079e+02
9.744408530639728951e+02,4.504345700000000079e+02
1.115101599999999962e+03,5.048117700000000241e+02
9.784365068350166439e+02,5.202530500000000302e+02
9.812172658783782708e+02,5.202530500000000302e+02
9.824321606060605063e+02,5.202530500000000302e+02
1.143196300000000065e+03,4.826714000000000055e+02
9.864278143771042551e+02,5.202530500000000302e+02
9.892355710810810479e+02,5.202530500000000302e+02
9.904234681481480038e+02,5.202530500000000302e+02
1.163519199999999955e+03,4.678101800000000026e+02
9.944191219191917526e+02,5.202530500000000302e+02
9.972538762837837112e+02,5.202530500000000302e+02
9.984147756902355013e+02,5.202530500000000302e+02
1.175103900000000067e+03,4.616721200000000067e+02
1.002410429461279364e+03,4.914625199999999836e+02
1.005272181486486375e+03,4.914625199999999836e+02
1.006406083232323112e+03,4.914625199999999836e+02
1.180084800000000087e+03,4.599029499999999757e+02
1.010401737003366861e+03,4.914625199999999836e+02
1.013290486689189152e+03,4.914625199999999836e+02
1.014397390774410610e+03,4.914625199999999836e+02
1.182409900000000107e+03,4.601211000000000126e+02
1.018393044545454359e+03,4.914625199999999836e+02
1.021308791891891815e+03,4.914625199999999836e+02
1.022388698316498221e+03,4.914625199999999836e+02
1.184513899999999921e+03,4.613840299999999957e+02
1.026384352087542084e+03,4.914625199999999836e+02
1.029327097094594592e+03,4.914625199999999836e+02
1.030380005858585719e+03,4.914625199999999836e+02
1.185314699999999903e+03,4.631823699999999917e+02
1.034375659629629581e+03,4.703757299999999759e+02
1.037345402297297369e+03,4.703757299999999759e+02
1.038371313400673216e+03,4.703757299999999759e+02
1.186091699999999946e+03,4.636750499999999988e+02
1.042366967171717079e+03,4.703757299999999759e+02
1.045363707499999919e+03,4.703757299999999759e+02
1.046362620942760941e+03,4.703757299999999759e+02
1.186091699999999946e+03,4.636750499999999988e+02
1.050358274713804576e+03,4.638239699999999743e+02
1.053382012702702696e+03,4.638239699999999743e+02
1.054353928484848439e+03,4.638239699999999743e+02
1.185251999999999953e+03,4.636750499999999988e+02
1.058349582255892074e+03,4.638239699999999743e+02
1.061400317905405473e+03,4.643836699999999951e+02
1.062345236026935936e+03,4.643836699999999951e+02
1.179590699999999970e+03,4.658976999999999862e+02
1.066340889797979798e+03,4.745383299999999736e+02
1.069418623108108022e+03,5.147362000000000535e+02
1.070336543569023434e+03,5.147362000000000535e+02
1.166021600000000035e+03,4.743409399999999891e+02
1.074332197340067296e+03,5.178737999999999602e+02
1.077436928310810799e+03,5.178737999999999602e+02
1.078327851111110931e+03,5.178737999999999602e+02
1.147877099999999928e+03,4.913346000000000231e+02
1.082323504882154793e+03,5.178737999999999602e+02
1.085455233513513576e+03,5.178737999999999602e+02
1.086319158653198656e+03,5.178737999999999602e+02
1.135173099999999977e+03,5.071195000000000164e+02
1.090314812424242291e+03,5.178737999999999602e+02
1.093473538716216126e+03,5.178737999999999602e+02
1.094310466195286153e+03,5.178737999999999602e+02
1.124923000000000002e+03,5.290386999999999489e+02
1.098306119966329788e+03,5.048117700000000241e+02
1.101491843918918903e+03,5.048117700000000241e+02
1.102301773737373651e+03,5.048117700000000241e+02
1.124683099999999968e+03,5.388169000000000324e+02
1.106297427508417513e+03,5.048117700000000241e+02
1.109510149121621680e+03,5.048117700000000241e+02
1.110293081279461148e+03,5.048117700000000241e+02
1.127429200000000037e+03,5.420519000000000460e+02
1.114288735050505011e+03,5.048117700000000241e+02
1.117528454324324230e+03,5.048117700000000241e+02
1.118284388821548646e+03,5.048117700000000241e+02
1.144158799999999928e+03,5.424661999999999580e+02
1.122280042592592508e+03,5.388169000000000324e+02
1.125546759527027007e+03,5.290386999999999489e+02
1.126275696363636371e+03,5.290386999999999489e+02
1.171675700000000006e+03,5.251509999999999536e+02
1.130271350134680006e+03,5.420519000000000460e+02
1.133565064729729784e+03,5.071195000000000164e+02
1.134267003905723868e+03,5.071195000000000164e+02
1.186825399999999945e+03,5.110809300000000235e+02
1.138262657676767503e+03,5.071195000000000164e+02
1.141583369932432333e+03,4.826714000000000055e+02
1.142258311447811366e+03,4.826714000000000055e+02
1.199527599999999893e+03,4.949402999999999793e+02
1.146253965218855001e+03,4.913346000000000231e+02
1.149601675135135110e+03,4.913346000000000231e+02
1.150249618989898863e+03,4.913346000000000231e+02
1.206614900000000034e+03,4.846013199999999870e+02
1.154245272760942726e+03,4.678101800000000026e+02
1.157619980337837887e+03,4.678101800000000026e+02
1.158240926531986361e+03,4.678101800000000026e+02
1.209774300000000039e+03,4.802183800000000247e+02
1.162236580303030223e+03,4.678101800000000026e+02
1.165638285540540437e+03,4.743409399999999891e+02
1.166232234074073858e+03,4.743409399999999891e+02
1.210083900000000085e+03,4.804583700000000022e+02
1.170227887845117721e+03,5.251509999999999536e+02
1.173656590743243214e+03,4.616721200000000067e+02
1.174223541616161583e+03,4.616721200000000067e+02
1.208815200000000004e+03,4.926534399999999891e+02
1.178219195387205218e+03,4.658976999999999862e+02
1.181674895945945991e+03,4.601211000000000126e+02
1.182214849158249081e+03,4.601211000000000126e+02
1.203790299999999888e+03,5.143371600000000399e+02
1.186210502929292943e+03,4.636750499999999988e+02
1.189693201148648768e+03,5.110809300000000235e+02
1.190206156700336578e+03,5.110809300000000235e+02
1.202586299999999937e+03,5.312873499999999467e+02
1.194201810471380441e+03,4.949402999999999793e+02
1.197711506351351318e+03,4.949402999999999793e+02
1.198197464242424076e+03,4.949402999999999793e+02
1.205740099999999984e+03,5.412500000000000000e+02
1.202193118013467938e+03,5.312873499999999467e+02
1.205729811554054095e+03,5.412500000000000000e+02
1.206188771784511800e+03,4.846013199999999870e+02
1.218332200000000057e+03,5.456788299999999481e+02
1.210184425555555435e+03,4.804583700000000022e+02
1.213748116756756872e+03,4.804583700000000022e+02
1.214180079326599298e+03,4.804583700000000022e+02
1.252045699999999897e+03,5.306994600000000446e+02
1.218175733097642933e+03,5.456788299999999481e+02
1.221766421959459421e+03,5.456788299999999481e+02
1.222171386868686795e+03,5.456788299999999481e+02
1.288252700000000004e+03,5.042294999999999732e+02
1.226167040639730658e+03,5.456788299999999481e+02
1.229784727162162199e+03,5.456788299999999481e+02
1.230162694410774293e+03,5.456788299999999481e+02
1.307176899999999932e+03,4.809874300000000176e+02
1.234158348181818155e+03,5.306994600000000446e+02
1.237803032364864976e+03,5.306994600000000446e+02
1.238154001952861790e+03,5.306994600000000446e+02
1.317460700000000088e+03,4.691105999999999767e+02
1.242149655723905653e+03,5.306994600000000446e+02
1.245821337567567525e+03,5.306994600000000446e+02
1.246145309494949515e+03,5.306994600000000446e+02
1.320048099999999977e+03,4.649632599999999911e+02
1.250140963265993150e+03,5.306994600000000446e+02
1.253839642770270302e+03,5.306994600000000446e+02
1.254136617037037013e+03,5.306994600000000446e+02
1.318478900000000067e+03,4.673530299999999897e+02
1.258132270808080648e+03,5.306994600000000446e+02
1.261857947972973079e+03,5.306994600000000446e+02
1.262127924579124510e+03,5.306994600000000446e+02
1.306822799999999916e+03,4.913647500000000150e+02
1.266123578350168373e+03,5.306994600000000446e+02
1.269876253175675629e+03,5.306994600000000446e+02
1.270119232121212008e+03,5.306994600000000446e+02
1.296391200000000026e+03,5.139761999999999489e+02
1.274114885892255870e+03,5.042294999999999732e+02
1.277894558378378406e+03,5.042294999999999732e+02
1.278110539663299505e+03,5.042294999999999732e+02
1.292198599999999942e+03,5.294335999999999558e+02
1.282106193434343368e+03,5.042294999999999732e+02
1.285912863581081183e+03,5.042294999999999732e+02
1.286101847205387230e+03,5.042294999999999732e+02
1.294460199999999986e+03,5.380814000000000306e+02
1.290097500976430865e+03,5.042294999999999732e+02
1.293931168783783733e+03,5.380814000000000306e+02
1.294093154747474728e+03,5.380814000000000306e+02
1.298098999999999933e+03,5.427984599999999773e+02
1.298088808518518363e+03,5.427984599999999773e+02
1.301949473986486510e+03,5.474657999999999447e+02
1.302084462289562225e+03,5.474657999999999447e+02
1.302257599999999911e+03,5.474657999999999447e+02
1.306080116060606088e+03,5.672388999999999442e+02
1.309967779189189287e+03,5.753790000000000191e+02
1.310075769831649723e+03,5.753790000000000191e+02
1.305410499999999956e+03,5.552558599999999842e+02
1.314071423602693585e+03,4.691105999999999767e+02
1.317986084391891836e+03,4.673530299999999897e+02
1.318067077373737220e+03,4.673530299999999897e+02
1.305552899999999909e+03,5.672388999999999442e+02
1.322062731144781083e+03,4.649632599999999911e+02
1.326004389594594613e+03,4.649632599999999911e+02
1.326058384915824945e+03,4.649632599999999911e+02
1.307697599999999966e+03,5.753790000000000191e+02
1.330054038686868580e+03,5.907310999999999694e+02
1.334022694797297390e+03,5.907310999999999694e+02
1.334049692457912442e+03,5.907310999999999694e+02
1.342040999999999940e+03,5.907310999999999694e+02
1.338045346228956078e+03,5.907310999999999694e+02
1.342040999999999940e+03,5.907310999999999694e+02
1.342040999999999940e+03,5.907310999999999694e+02
1.342040999999999940e+03,5.907310999999999694e+02
